18 50 0.0092858919424714
85 17 0.0082158468856225
8_44 82 0.0273764007562863
71 89 0.073814462459781
2_12_19 29_36_52_63 0.0150079923422665
84 7_32 -0.003687883254744
35 82 0.0109033763339926
01 33 0.19802176839846
23_69_73 30 0.116802922424556
40 01 0.0137814255355042
66 13_43 -0.012963871633975
7_32 29_36_52_63 0.0473096867812511
71 31 0.207992128841502
90 40 0.135122135853925
90 88 0.0295286351739349
35 75 0.0111894711254643
64 10_27 0.0282984304814403
11 29_36_52_63 0.0058805250754105
35 89 0.173178593738023
37 76 0.0266800996200941
88 16_25_49 0.0436214842868661
87 23_69_73 0.0241288529035535
64 13_43 -0.0620699221321517
10_27 7_32 0.0035285555176351
31 4_5_28_38_46 0.0177062705781248
54 64 0.0422057705468737
40 7_32 0.007701669209634
77 68_86 0.181663986848116
16_25_49 76 0.0994040918817008
53 77 0.108201979512223
8_44 65 0.0695476819737056
88 74 0.0064578827007133
18 31 0.0316727886218387
13_43 21_26_51_60 -0.122974600411458
64 11 0.0034337493184392
67 30 0.179967100481012
80 37 -0.0088441823290293
53 64 0.0155362217385898
18 33 0.0032640346543122
31 2_12_19 0.0033208303716649
41 70_79_83 0.0315502233000503
90 80 0.0262969892732606
88 17 0.210551590489159
34 4_5_28_38_46 0.0922024644096126
15_57 40 0.0282080489803072
62 8_44 0.0492414580263985
80 7_32 0.135846192829919
8_44 54 0.134147834644541
33 4_5_28_38_46 0.0205888880871856
75 76 0.0054844989918485
33 11 0.0847955475847759
65 21_26_51_60 0.0559684167815627
50 65 0.115473424189847
24 17 0.0143644437363551
31 87 0.0293620841314174
89 80 0.0742214600475671
18 82 0.0896258073470589
53 54 0.0250197320164478
47 65 0.0365096918912879
91 37 0.371604339015379
34 17 0.0074718089671275
10_27 29_36_52_63 0.0440450844323146
15_57 4_5_28_38_46 -0.0222145007326536
88 85 0.031499062824274
78 75 0.0183515249621903
2_12_19 87 0.0654274726265675
9_45_55_59 23_69_73 0.0430013159100032
77 4_5_28_38_46 0.0252401571080638
35 71 0.130637339189776
84 33 0.0329967044765723
34 47 0.0169157406481733
20 40 -0.0313710792028489
53 84 0.0010579175227854
34 24 0.0958456360698786
20 01 -0.0075427444588686
18 01 0.0138087677315423
82 54 0.0861520503947661
18 85 0.027243481319907
34 85 0.020694107145365
88 4_5_28_38_46 0.090574387715646
61 72_81 0.291928975093368
10_27 74 0.118559078785226
01 67 0.0097049544794014
85 13_43 -0.0209557933189198
50 11 0.0021826880610081
42 11 0.105099480976899
53 01 0.0555436307309317
42 56 0.0963529809689941
65 56 0.0135011696149462
40 30 0.0221205784502074
17 01 0.0930474989131934
65 70_79_83 -0.0173011370631694
34 56 0.0169902987757534
53 42 0.0542773001910762
41 72_81 0.0313417877535066
66 42 0.0190679497315285
80 74 0.0176339644648341
01 23_69_73 0.0351126271038248
40 17 0.073679085485217
77 21_26_51_60 0.0018014145500236
20 67 -0.0241821098204699
9_45_55_59 42 0.14187160331634
24 31 0.158249475779044
42 68_86 0.0334496225626452
89 74 0.0292941993867115
34 31 0.170990173568133
53 56 0.0527403186704469
20 23_69_73 -0.0152384700179242
75 70_79_83 0.0245142788335831
80 17 0.0309894145560116
24 71 0.003037087165891
22_39_58 89 0.0481932397046288
75 13_43 0.0534544412685146
64 3_6_14_18 0.100183418284013
84 54 0.0052462443320919
35 74 0.0255982025622434
66 85 0.195201781911534
72_81 40 0.0132303964166458
75 2_12_19 0.29045109652278
82 23_69_73 0.0093466162725872
64 4_5_28_38_46 0.0480228013149041
67 23_69_73 0.0969002192305687
62 65 0.050728104871925
53 17 0.0337404259477405
89 10_27 0.0044610785604506
61 24 0.011910176448362
21_26_51_60 3_6_14_18 0.0382431792963586
77 42 0.0385933655170369
