0 918
2 1341
1998 373
3 1671
1997 1489
4 1273
1996 801
1995 1538
6 747
1994 1740
7 569
1993 1042
8 1974
1992 321
1991 938
10 1646
1990 1706
178 673
375 1681
1398 80
952 1443
859 692
37 298
767 1203
1045 1663
593 425
1344 1166
1582 1679
1 882
5 879
9 1441
11 1122
1603 307
1237 1576
800 860
289 954
1049 1004
1384 150
174 8
1999 900
1717 1048
1422 145
79 942
1089 1184
245 946
750 1536
12 622
13 290
49 660
960 207
586 1168
157 458
1527 1076
14 597
1098 122
1766 1955
734 753
865 1978
1466 484
1294 1627
123 1089
886 34
411 631
654 1798
15 1375
1812 1485
1286 1982
565 129
658 996
107 1732
1088 392
1242 239
1665 431
232 52
16 659
106 761
104 404
821 1296
1150 809
335 526
470 1074
1437 1191
17 1069
690 131
257 1550
1900 1625
1547 15
28 1229
377 885
949 243
1667 1129
290 1060
1103 1022
1728 1281
1852 889
410 679
1712 1061
1111 1263
464 1340
18 1151
1478 1713
703 749
188 1575
1913 356
19 982
20 1541
1855 776
236 505
1646 1985
25 1556
1167 1
1948 137
841 1950
941 139
43 1752
233 1433
1783 1376
1972 1758
21 193
1223 151
1510 1531
540 798
112 140
384 702
342 986
893 763
22 1506
23 1415
847 473
725 898
1353 1785
896 19
970 1186
784 176
24 1851
1499 1377
1989 1037
762 1474
575 599
1262 190
1757 542
1082 600
1987 1560
262 1385
1334 1932
26 993
778 1780
226 559
998 648
301 1852
27 1705
291 649
1509 284
1649 155
91 560
1409 1035
552 1453
1856 148
711 433
1615 1975
353 1066
691 506
1863 720
1866 1251
818 64
722 1409
320 1727
698 915
731 1167
953 1077
1194 46
29 536
1791 1598
494 1408
1431 339
1183 251
1215 674
30 1954
1371 1222
1087 586
906 697
740 483
284 500
1836 677
31 1827
32 311
436 1486
1689 612
1419 1800
373 360
1693 914
33 896
624 1656
1326 1987
1661 663
220 1286
704 345
907 165
1195 1435
1169 1219
1641 224
192 553
1825 1596
1961 582
1037 662
1126 930
139 1600
923 374
1007 324
1251 1199
35 1633
811 1840
1011 354
1226 1328
1068 141
36 1547
212 42
795 1374
1526 545
1418 1784
888 1034
1034 270
48 1815
1156 63
1488 1140
1781 808
1522 1239
227 972
1127 1843
1932 496
1629 589
308 1672
1915 43
1922 788
514 1936
34 754
38 1795
39 466
525 1235
679 1913
684 1109
1771 1988
1828 868
1094 1826
1252 654
443 1308
769 281
672 1012
40 423
41 1412
1638 1848
82 1526
1013 1616
1980 782
1944 771
1831 379
42 65
92 1149
173 859
1363 1878
1263 804
781 402
1640 1690
254 1490
44 1223
93 834
582 128
242 106
279 843
1244 79
45 841
455 1960
807 713
1385 1559
441 1522
543 1889
1614 325
46 186
869 1265
596 1691
1451 167
1179 1471
465 1106
1622 221
1619 289
47 781
389 1192
181 1214
322 1626
1276 1010
1173 1248
198 919
752 927
533 630
741 1801
1928 998
1158 571
1897 1023
1494 113
1810 861
838 1064
1596 572
50 226
1544 94
885 1493
1891 846
938 233
1278 166
1975 327
1690 28
1974 1546
619 1571
1612 520
51 1449
52 1510
1720 1293
53 920
997 11
1302 486
1696 766
1701 805
625 211
745 1505
1467 527
1895 698
1085 0
1656 323
80 1799
137 1720
1178 1589
1025 381
848 1832
1687 1421
1724 1818
96 886
1973 1887
1012 1614
755 1008
54 438
56 895
393 1330
742 617
1659 390
196 31
957 854
1731 825
1686 1926
1317 194
55 1314
57 970
878 725
868 639
721 1942
810 1844
1516 1039
1400 260
381 1098
753 432
58 1445
77 337
894 1212
1877 1339
366 1710
758 1578
59 434
258 836
1744 62
760 1282
259 380
60 1846
1879 45
1200 1297
1035 204
317 892
1285 375
850 1939
1351 196
61 341
1573 730
132 618
611 1458
62 1775
63 201
253 199
379 883
1898 349
936 1981
1147 1292
199 546
477 552
474 516
616 756
1849 97
1216 1854
64 1459
65 416
66 621
481 1696
1788 1701
1271 1362
67 1279
627 665
1247 35
805 1013
1180 1897
1378 1368
1813 1586
1830 316
573 244
69 92
589 1555
1962 1572
1858 1683
1685 1716
1515 1639
554 1285
191 4
68 115
1009 1232
1323 1607
1181 1585
1377 120
70 1062
71 661
1776 1399
86 1665
1233 1320
1433 956
1610 1190
520 1338
948 1786
1307 1019
88 1537
321 1992
1052 234
73 785
990 259
341 91
642 1302
881 643
1490 446
72 840
74 1124
913 1345
1977 1634
75 24
1095 1628
246 1540
1152 1880
1184 1621
756 817
1597 1208
1752 10
76 1447
1805 409
772 292
1227 856
1379 1497
713 1287
1413 1563
78 1360
275 1353
1642 869
1475 105
1779 1388
521 1570
1010 1284
1703 41
1749 700
336 1503
424 704
877 1749
1148 814
1636 1601
943 1707
1934 1029
1356 274
1511 1238
167 1989
81 1922
1676 146
1802 223
1981 159
889 1747
418 1961
1000 584
83 1841
1401 1274
1264 1130
1219 1416
548 1250
263 976
85 1660
1113 1425
459 1986
1125 1159
924 1055
368 118
473 903
84 53
1842 1249
1521 1369
256 1049
1001 95
1027 278
1838 940
154 1657
1145 544
352 1813
1283 1402
429 1155
1288 1381
87 1947
1097 1692
1834 87
1513 1680
1417 172
1738 213
917 1562
1976 592
1627 1306
1735 451
1926 1754
90 1092
1506 363
1672 1475
966 1309
1472 691
89 415
736 184
916 651
1172 543
183 132
1818 272
1524 107
660 254
1917 1687
1919 872
1193 454
1236 27
142 1654
1426 104
967 1307
879 1165
551 1105
874 774
141 953
146 1867
1971 1868
299 32
95 1812
1044 215
252 1148
692 1900
747 1316
1539 1702
94 928
1662 320
1955 1819
1428 84
414 29
1408 447
890 49
1084 1552
1129 1015
207 1111
1546 319
839 574
1881 1075
97 494
98 318
1670 875
1067 469
1246 1405
1529 1574
640 96
1943 1645
99 1708
359 1496
570 1487
744 1335
442 1807
1229 1734
1086 537
101 1473
1727 1259
1940 831
799 632
1793 1568
100 1592
1381 1765
944 887
102 1322
1623 863
798 1032
880 1379
1745 222
1240 1083
103 1726
160 1908
1710 796
1871 1791
1657 1620
445 857
364 1477
621 1711
147 1096
1189 1484
897 902
912 530
1790 1468
105 1898
214 719
1954 1783
1399 1383
469 1875
836 386
1128 1446
428 866
1254 277
858 686
1569 824
1224 746
435 650
1055 1517
1161 1750
1549 291
1600 1903
648 305
813 242
1425 1419
108 1653
109 1312
1799 465
1046 943
853 1816
273 1911
425 1325
218 1278
296 635
985 1058
1066 206
110 257
111 55
1383 1336
502 826
962 1655
1541 1534
1457 1082
793 573
860 1288
113 769
1104 508
749 1050
244 850
1517 1881
360 1079
801 1115
733 1429
1778 89
114 395
567 1364
338 1686
125 1591
701 1123
1107 1736
1637 50
115 288
1691 1384
842 1923
1339 1833
939 464
585 989
116 1927
117 727
791 103
269 326
1564 493
118 1873
278 1637
776 1650
1370 1638
345 1941
846 1420
119 979
387 1863
729 1138
991 581
715 1613
1705 462
934 389
120 408
921 498
1404 810
238 1043
1755 412
121 570
1114 575
1140 76
369 1434
122 293
1591 117
155 750
669 1389
1688 1289
981 967
706 173
124 1924
1474 1438
1217 1951
138 1814
1851 1509
1620 799
1483 1883
1221 1869
814 1859
1920 1931
1784 503
126 1737
1225 1856
1651 1735
448 1821
665 973
607 1714
600 1866
726 1849
1574 1882
576 280
127 256
605 590
1774 1197
561 1746
1758 1237
128 467
129 978
895 189
1930 1953
1176 757
1250 160
1386 647
130 39
1024 687
1199 313
815 502
303 410
1523 1305
1487 383
1773 490
1552 1874
486 265
751 1156
694 1150
1175 583
131 398
613 1738
1444 1642
1496 512
1367 1372
133 1403
316 1174
1162 212
1570 1216
134 773
556 1240
324 240
908 1351
135 1007
328 315
476 376
1432 263
1748 816
136 721
1815 1357
851 792
1967 1392
298 1176
1345 1599
978 1545
1880 175
148 862
1782 217
1390 1410
403 406
922 1753
649 962
1706 1860
716 1398
140 1904
1910 101
770 269
475 121
1017 1677
1060 1347
1699 1544
564 286
1850 23
835 448
1982 69
305 794
1504 1152
1931 1358
549 1847
501 577
1832 1365
1220 987
277 1018
1935 26
1239 346
1739 162
1753 1371
1118 110
1081 735
216 450
1249 780
1062 1977
143 1095
144 820
1004 361
1135 726
1298 1252
1083 1393
1021 1751
145 1456
1318 359
423 309
331 684
200 1964
1421 133
151 1437
675 109
1588 806
1942 441
968 957
149 481
1708 328
1951 1766
1228 1126
873 693
150 1102
1324 1829
1939 436
1287 1558
954 68
169 921
420 565
444 1940
152 225
1186 405
153 865
1057 855
383 550
1492 1593
557 911
1102 578
1586 127
1886 1644
243 149
260 209
1554 1024
156 1143
542 30
780 936
1157 387
1149 1469
969 71
462 445
857 744
1872 264
1860 514
1682 1891
194 1730
1453 1790
963 509
1674 1861
1026 285
1484 90
1794 1204
488 939
1854 1906
159 1258
1806 1704
478 1864
376 457
1458 760
158 554
161 563
645 1610
1760 690
975 786
1595 1618
1625 144
560 489
1465 426
162 1853
1551 1016
221 1028
1177 1804
1763 119
163 1439
164 1172
1532 1641
1256 1630
592 1968
165 616
1803 658
875 1622
1924 802
433 535
1112 952
1461 1436
166 367
261 706
1795 83
350 596
1058 342
636 261
1946 1461
702 736
1203 435
1820 1697
1811 1669
1885 515
1144 1127
1598 1717
168 1211
406 153
1491 832
1497 623
1222 1141
977 9
528 752
1321 314
547 1715
493 604
171 1210
1338 977
479 997
1653 1128
1840 1356
1500 992
1792 1515
202 1899
170 1995
1945 1689
223 1063
1402 779
837 1512
172 60
545 944
826 1666
971 66
1543 1451
271 965
1555 1693
175 823
370 443
374 1337
558 1565
176 1938
995 1966
761 1479
1563 177
504 1688
177 192
1823 1221
1630 1521
1697 1817
1655 1396
1801 1700
827 163
863 1270
635 682
314 171
1988 237
179 1602
915 1842
1562 82
180 238
1893 1549
1136 1081
911 1170
816 1227
286 1984
1299 1195
182 1952
1473 271
606 188
1912 1760
1141 353
1397 1587
898 1761
1800 1276
1380 1837
1445 245
512 1629
1389 1011
184 1972
1480 1958
615 847
1301 1154
993 932
559 1452
1032 504
185 138
186 1617
1968 709
1202 741
187 1907
779 1171
861 1094
628 1201
1683 1430
817 124
355 994
516 1352
189 1569
1006 1810
1572 667
1786 51
1889 922
1785 579
190 1500
1296 304
700 1608
1857 1684
1153 518
872 417
193 1269
313 534
1214 368
1824 838
204 955
1036 1767
1833 1896
195 419
1559 317
951 382
201 1387
1796 653
395 452
1031 81
197 671
919 1215
759 765
1110 283
1073 1361
354 945
610 220
1827 637
1958 366
825 1009
905 25
1936 1271
365 331
1033 470
651 394
933 1994
1587 1764
1352 1778
505 1455
1633 1524
980 111
203 683
983 818
824 870
671 429
1767 1145
1960 1794
205 613
1109 815
340 547
958 1979
792 670
532 566
763 1093
686 715
206 1699
280 990
1916 1667
1713 539
208 411
623 1594
209 1839
1485 1147
1970 1673
1581 1073
1507 961
1609 480
371 1963
300 981
484 964
538 528
1300 1454
1423 112
211 235
1442 707
639 427
647 1527
577 910
499 1422
210 216
1260 1185
831 1514
213 1741
1188 851
1056 1604
1602 829
641 1370
1741 716
992 1418
531 768
787 675
1355 1310
215 1865
217 1331
790 401
1589 198
1243 819
219 414
518 98
490 1118
1952 351
852 1731
1096 1303
788 1460
1268 1822
222 1664
534 1997
1030 1912
272 767
1205 1930
1449 1494
1476 797
926 960
574 837
1387 718
229 1782
224 421
339 858
1876 1324
471 1582
1584 1183
225 1723
1305 1397
964 839
1048 507
947 501
1862 864
1174 1057
1303 602
845 47
228 413
399 1916
1253 1584
1218 384
982 511
1647 7
1772 605
1388 1426
1382 1971
925 344
230 403
467 1933
247 833
927 495
231 1290
1080 1478
920 125
1272 1114
662 609
738 179
318 607
463 880
234 54
274 738
1821 555
1206 1233
235 1334
1119 310
1412 1631
1358 1162
1015 933
329 335
594 336
988 548
309 848
1155 1031
237 678
1369 1020
1459 680
1429 790
1903 1194
638 807
1503 1554
239 499
240 276
583 1895
608 959
285 247
1312 734
241 297
1645 696
900 236
468 1917
1275 38
972 1530
1684 1892
1530 1244
903 182
1558 275
1762 16
783 1294
1761 1180
1137 85
1420 1670
1396 638
866 1099
1477 1386
1719 1789
976 1993
1907 1117
248 227
1038 1313
400 1209
677 1344
891 1615
1966 1472
1639 1828
1816 576
249 1909
1694 1153
1743 1260
250 488
426 424
1325 1242
1611 591
351 267
251 884
737 1838
1721 811
844 1450
1826 958
1047 1424
302 1254
1829 714
297 699
407 1164
255 1097
378 1516
1054 463
1716 1542
719 1401
727 1551
1978 549
595 758
380 1268
267 1350
1870 343
1040 969
578 1255
1984 1835
1395 1395
999 628
637 1695
1279 1311
676 1619
1869 1894
546 258
601 1142
503 827
1486 1632
1918 1295
1844 1217
1258 497
264 1674
388 732
265 934
266 1643
307 1973
1168 1635
705 1825
1902 770
268 595
282 487
1681 558
356 676
1441 1748
979 1777
1798 1915
270 338
1963 358
1212 742
367 1112
1008 1647
956 1944
603 340
1455 1366
276 17
1663 371
1340 1564
626 791
1590 1533
1362 108
746 1243
315 1624
1718 1772
579 701
480 1354
1577 909
281 1573
876 476
1122 472
1196 540
1436 203
1213 1668
1533 521
283 1132
1041 743
1933 1002
287 1820
1723 1230
764 974
1607 1404
599 1885
1964 154
712 795
644 400
843 477
688 86
1065 629
288 1605
292 1178
1671 57
597 1072
1424 37
571 800
294 626
293 1021
1341 1879
295 594
1201 181
1550 1836
918 1406
937 183
1297 1675
1463 1280
1108 230
1626 1329
828 988
1456 130
945 1525
310 228
323 1996
409 202
1368 442
1768 1188
408 1803
325 1414
1965 461
1016 1234
1775 59
1878 624
1644 740
306 1068
1079 1000
867 449
346 1457
304 947
438 1146
883 58
431 1428
1875 191
1512 963
506 1577
1950 1756
1043 1769
1737 1768
856 1967
1333 948
496 246
1337 703
491 1921
1759 923
312 1910
720 1346
1311 219
311 322
766 1014
482 420
1652 620
1704 1946
1750 1080
1613 588
511 1343
602 312
1197 1220
1403 1823
659 1348
1534 1567
319 391
673 1980
513 1725
914 479
1154 772
796 1193
326 1026
580 279
1894 1609
1020 1213
1407 908
397 874
1817 357
1777 656
862 1901
451 21
1956 1566
1115 1685
723 492
1261 1431
1074 541
398 67
754 1241
327 1728
630 1929
330 187
1101 619
1867 917
332 1464
1051 1649
1267 471
707 1811
1447 1548
1628 913
333 1905
929 1970
1440 748
1540 610
1231 1033
334 1781
1631 1857
757 1121
588 1483
666 73
1561 1087
1471 1120
1624 1876
337 352
1332 1603
617 668
1859 1498
446 174
650 1045
1722 5
343 1169
1711 249
344 968
1479 1266
681 287
950 1787
1567 906
1131 1318
1702 268
1280 1914
363 562
347 44
1464 22
1734 348
802 1225
348 1928
1204 564
386 1104
855 114
349 453
1092 20
1733 1442
1566 1040
1075 1317
909 1523
1616 1144
959 1323
1841 1247
1819 1283
887 1520
357 532
358 397
1117 644
1211 456
1266 468
1069 891
1508 842
524 636
587 1160
663 1678
1460 308
1077 1774
1929 1733
362 950
1439 248
598 669
497 1682
417 614
1452 1648
361 764
1443 485
996 830
526 1920
643 893
449 991
1164 568
1350 1044
1949 1773
832 1189
1450 1470
372 1110
1519 1739
1847 1036
507 142
1959 1590
1837 99
932 835
1106 1528
510 705
709 1788
1329 1091
508 1580
901 1611
1983 430
1528 949
1822 1051
382 975
1342 33
385 1698
1556 1349
1366 812
1003 1053
1360 1763
1668 598
517 931
735 529
390 905
830 255
392 844
1241 40
1100 1137
674 439
391 1956
1789 1088
823 1504
1270 557
394 369
396 1391
1905 1884
1726 1205
1698 1806
1808 1918
1865 302
1648 1870
1787 136
892 334
1090 1196
401 61
1121 1543
631 585
864 999
1319 1744
402 606
1868 156
1138 1834
1448 396
1105 440
569 1482
794 1492
1255 422
404 147
775 1724
743 1888
405 1030
1715 399
1901 717
1887 1084
440 378
412 1771
1364 444
685 1824
413 1257
1349 332
1374 48
415 299
1679 1427
730 1245
833 1465
416 1581
1835 966
1495 75
1005 1507
419 1945
1979 980
421 1163
450 985
1542 1161
572 1991
422 722
1747 428
849 1100
1142 724
427 775
1797 1078
687 330
1678 587
1669 951
804 329
1531 1462
1634 881
430 876
1514 1272
1769 1378
432 1623
434 1231
1257 710
1770 1133
437 1511
930 1579
1123 1502
809 593
439 100
1427 1056
1245 1877
870 784
1029 2
812 533
1309 759
714 365
1331 1965
1468 645
447 901
652 983
541 1086
1947 878
1986 641
1070 478
452 1177
453 1125
1498 1025
1192 14
454 1937
456 475
553 608
622 350
1874 1131
1730 1264
457 1432
1481 1005
460 657
1864 1304
1518 1969
708 524
973 1359
458 1327
461 1332
485 551
1274 301
765 1417
1906 161
884 1047
1594 694
498 437
466 1202
1361 459
1064 296
871 1779
940 262
633 845
668 1206
472 525
1575 1175
1277 102
1579 813
1725 168
661 1588
693 1090
1209 695
1022 672
1565 355
785 1246
1941 1476
1273 253
483 1301
1892 755
1171 56
739 364
1259 205
487 1135
489 1871
1393 1267
1284 303
1306 36
492 1342
1238 828
1585 1553
495 731
1050 762
1908 1256
1814 70
519 888
523 1893
984 519
500 1054
1133 1805
1736 1976
529 1463
1165 1481
1232 849
1911 1400
1904 1718
544 1380
1014 1367
1039 925
509 522
530 1845
1583 1661
782 1606
1617 627
1234 1107
1061 634
515 1809
563 1041
1746 1207
1293 1583
1604 561
1927 1017
522 195
935 745
1406 1319
1063 388
527 1743
609 723
670 273
697 1423
1680 116
1666 1480
1505 1719
1394 793
535 1067
536 1612
537 229
1593 1085
539 1532
1210 214
634 1886
1376 1299
808 294
1635 88
584 1983
1343 370
1493 867
550 126
680 652
1335 1363
1143 385
1354 1224
555 72
1059 1850
568 1179
1765 1830
1414 783
710 74
1411 1046
1348 1658
1372 164
1315 1413
1078 1103
562 929
566 1277
1292 935
1281 1529
1938 180
1843 1198
1365 1001
1675 729
1985 1934
1848 1808
1151 1321
1658 1662
803 733
806 1218
946 1116
942 890
1502 912
612 907
1187 1721
1435 751
581 1355
789 178
1282 1134
590 1802
591 640
820 877
773 347
994 664
1295 984
1130 803
786 1902
604 556
840 1722
1182 1390
1545 1499
1535 510
1548 853
1146 1519
1751 739
768 78
614 210
1159 252
1654 689
904 1557
1269 300
1489 777
664 1694
620 6
618 821
1482 1959
1804 1466
1290 995
629 134
1430 158
1328 362
1882 1776
1520 513
1163 1676
1632 924
632 708
656 1291
1953 937
974 482
1322 1858
653 231
1890 377
1316 615
1888 633
1780 1298
1357 1890
646 1467
1446 135
1336 625
1921 123
1028 1949
1538 1491
655 1228
1139 1136
1327 1407
657 1561
699 789
1664 681
1845 712
1099 1501
667 1158
1330 295
1166 455
1375 12
1438 531
1599 926
678 894
1462 871
931 1990
1601 1113
682 143
822 1326
1839 1071
1560 460
989 1872
774 822
1160 1101
683 1935
732 1236
1470 642
1434 1757
689 1038
1346 1595
718 1703
695 1796
696 787
1308 93
1314 1640
1557 407
1742 1006
1643 1444
717 282
1909 3
724 1333
1925 372
1969 1070
928 1636
910 567
1873 1262
1707 538
1134 1513
1310 1659
728 208
1673 688
1650 1315
1883 1792
965 157
829 517
1170 1508
748 916
1571 1182
1809 1065
797 1139
1120 1052
1576 1919
1608 1755
1116 491
1606 1762
1923 1539
1764 1253
1230 971
1304 77
771 601
854 1831
1568 1535
777 474
1914 1651
961 1119
1373 1200
1410 1729
1093 1797
1416 899
1391 711
1208 1187
1677 1962
1265 185
1023 603
1896 418
1732 778
1469 1394
987 904
819 1261
1248 200
1714 666
1124 169
834 1943
1580 873
1359 1709
1537 1373
1592 523
1536 1793
1207 1173
1578 1440
1002 1157
882 1518
1132 1226
1553 1925
1660 1759
899 1275
1807 1742
902 611
1071 18
1392 728
1053 1382
955 241
1899 1027
1525 685
1756 1745
1740 1957
1019 1999
1291 393
1853 1998
986 1597
1605 655
1313 646
1076 1300
1454 250
1018 897
1700 1181
1072 266
1861 152
1185 306
1501 333
1884 1948
1042 1488
1695 170
1754 1448
1198 232
1415 13
1235 218
1091 941
1320 1712
1289 1059
1618 737
1190 1495
1191 1862
1709 1855
1846 1770
1347 197
1692 1411
1405 852
1957 1108
1621 580
1729 1652
1937 1003
