13_43 84 -0.0620699221321517
23_69_73 17 0.0970254414296079
75 8_44 0.152603307385329
65 8_44 0.107607854228451
33 54 0.0080227460864709
74 9_45_55_59 0.0174639588182349
7_32 24 0.0911210824307737
30 54 0.0214831440149212
74 37 0.0073664739701929
37 21_26_51_60 0.0224849799551996
64 17 0.011910176448362
74 62 0.0832450968308132
62 53 0.0304920726058461
42 4_5_28_38_46 0.315297683043771
9_45_55_59 85 0.0492414580263985
18 41 0.124440022065647
9_45_55_59 16_25_49 0.0501410297021273
10_27 53 0.0569981134519313
22_39_58 40 0.137897521005715
18 91 0.0022843073988302
01 34 0.0058805250754105
75 50 0.0516187711010388
74 88 0.0337404259477405
33 11 0.0266800996200941
84 50 0.147887416509065
30 56 0.0165975883205852
9_45_55_59 47 0.050728104871925
80 10_27 0.0097049544794014
4_5_28_38_46 18 0.115090601101475
24 91 0.033925523942363
53 01 0.105099480976899
15_57 22_39_58 0.0015968854583169
33 67 0.165391425050862
62 15_57 0.027243481319907
54 22_39_58 0.118559078785226
29_36_52_63 33 -0.0215901394426617
65 87 0.0169902987757534
9_45_55_59 61 0.340142799863107
75 90 0.207992128841502
64 78 0.0298548420323113
47 50 -0.0173011370631694
18 11 0.130236589687001
23_69_73 40 0.0984737842745134
74 4_5_28_38_46 0.0322609007940943
17 53 0.0298488087258814
68_86 40 0.129182777563228
65 23_69_73 0.176954314563719
23_69_73 22_39_58 0.0064578827007133
71 88 0.0968355180860353
24 20 0.0354609034002568
30 77 0.09158579953483
17 20 0.0450523208268638
65 37 0.010486133880366
66 47 0.0308603968176911
70_79_83 30 0.0281781932122571
9_45_55_59 65 0.0361707542523603
80 77 0.066109605444026
71 4_5_28_38_46 0.219595330229073
35 75 0.0284489840960341
65 16_25_49 0.0169157406481733
65 75 0.0403456165117762
15_57 13_43 0.0220371905999672
13_43 54 0.0282984304814403
67 21_26_51_60 0.104746860971457
23_69_73 18 0.0549860161615867
35 66 0.0663055428604697
18 13_43 0.0875149811038559
53 77 0.032451791087441
11 78 0.0246725280733865
37 80 0.105392183852704
29_36_52_63 21_26_51_60 -0.0069192890730927
61 34 0.0150079923422665
62 01 0.0467117160387563
74 24 0.0043377798238704
47 18 0.0305127325028045
37 77 0.010112178475893
29_36_52_63 91 -0.0152384700179242
17 87 0.0038471961865683
2_12_19 77 0.0104169725621476
30 72_81 0.0111894711254643
74 21_26_51_60 0.0368365156256636
2_12_19 01 0.027108232509969
90 77 0.0177062705781248
70_79_83 54 0.141509762822293
30 22_39_58 0.0255982025622434
23_69_73 87 0.028384457771692
64 40 0.107127660342416
17 15_57 0.0217079051575251
24 10_27 0.0228700000227444
65 72_81 0.0195469200355806
42 40 0.042376255652137
8_44 22_39_58 0.0176339644648341
47 3_6_14_18 0.0559684167815627
41 76 0.0528710979024373
35 30 0.0123743915512316
31 72_81 0.0328741331640422
23_69_73 41 0.0127730248410722
80 91 0.0351126271038248
01 11 0.0376056606365875
89 84 -0.0503472431033736
13_43 01 0.0034337493184392
17 22_39_58 0.0248409728439701
37 78 0.0058786925532643
13_43 41 0.100183418284013
91 78 0.116802922424556
24 01 0.0021826880610081
65 80 0.0554632064159324
41 54 0.0072276023125307
90 20 0.0293620841314174
89 7_32 0.0426006148867846
2_12_19 29_36_52_63 0.401334199303551
66 67 0.0052462443320919
53 76 0.0334496225626452
4_5_28_38_46 88 0.0055825578685874
30 15_57 0.0312316069586715
88 34 0.0303103665031155
8_44 40 0.135846192829919
23_69_73 54 0.0039956841971863
17 88 0.0143644437363551
3_6_14_18 87 0.0520621919338529
13_43 77 0.0480228013149041
30 80 0.0127949618755667
2_12_19 62 0.0392548765929113
30 82 0.173178593738023
18 33 0.0684726783214556
16_25_49 66 0.43606523663635
7_32 18 0.0017278781539764
15_57 78 0.0159879645563426
90 34 0.0591222592392747
13_43 56 0.0422937851635503
15_57 41 0.0119846524349986
71 7_32 0.122473132626167
70_79_83 22_39_58 0.0191394619374719
62 90 0.0316727886218387
29_36_52_63 18 -0.0313710792028489
20 78 0.179343074286116
85 7_32 0.0273764007562863
54 34 0.0440450844323146
18 78 0.0221205784502074
23_69_73 62 0.0385604454805138
70_79_83 23_69_73 0.0295286351739349
17 75 0.003037087165891
90 61 0.0033208303716649
23_69_73 56 0.0462716563585201
91 77 0.0049310128902416
35 89 -0.0060654130538238
85 47 0.0695476819737056
65 88 0.0074718089671275
16_25_49 47 0.0365096918912879
89 67 0.322437426556462
85 33 0.0156045480611237
56 87 0.137824913719147
40 34 0.0473096867812511
66 24 0.0121069176177053
7_32 53 0.0360011337669251
89 21_26_51_60 0.0108345676901834
85 67 0.134147834644541
88 01 0.0083160498461086
4_5_28_38_46 91 5.06325794766407e-07
17 40 0.0516019099920885
23_69_73 34 0.0407388121615156
62 56 0.0146470774198549
8_44 84 0.0350644144863235
65 90 0.170990173568133
74 3_6_14_18 0.0158081888702628
24 61 0.0124532803226452
15_57 77 0.0305642312784644
77 11 0.0766869748668459
29_36_52_63 15_57 0.0098220704641164
2_12_19 53 0.0190679497315285
2_12_19 71 0.0029576959922199
80 21_26_51_60 0.19802176839846
21_26_51_60 41 0.0372222203377217
56 77 0.0252401571080638
17 77 0.0295384776088705
77 01 0.192149797329562
47 67 0.122348118385104
82 40 0.0538732220425277
23_69_73 88 0.210551590489159
35 72_81 0.0183515249621903
71 53 0.14187160331634
56 3_6_14_18 0.0018014145500236
54 40 0.0035285555176351
85 20 0.0647065336827579
15_57 37 0.0234353111821093
80 56 0.0155682145114488
31 61 0.13712049437007
35 85 0.1240742067706
89 91 -0.0358286611077888
89 85 0.0276461155674546
31 30 0.0002591291270171
42 56 -0.0995606646360501
56 53 0.0385933655170369
74 80 0.0555436307309317
84 3_6_14_18 -0.122974600411458
17 34 0.0328058194717616
50 54 0.0220998413095194
85 16_25_49 0.0939419871682317
75 61 0.0479447878997423
21_26_51_60 01 0.0847955475847759
72_81 90 0.0017132596094234
89 33 0.371604339015379
7_32 91 0.0093466162725872
18 3_6_14_18 0.0116633016768375
4_5_28_38_46 80 0.00948627786674
62 80 0.0138087677315423
