0 769
2 538
1997 494
1996 544
1994 447
7 1796
1993 912
8 1575
9 1802
1991 1540
10 1118
12 1689
1988 1629
13 1916
14 1582
1985 21
178 104
375 1248
565 1207
1393 1085
107 714
1088 1767
850 1778
27 1772
756 1423
580 1881
1331 1358
1569 1639
693 1281
1127 1604
353 1449
1745 1047
1 816
1999 591
4 1018
1998 295
5 1600
1995 116
1992 1988
11 1671
1987 751
16 1918
1986 1679
1237 406
800 1645
821 1441
1167 1020
1082 1181
1086 589
42 534
557 610
6 879
15 1714
1717 1415
1422 464
79 772
1089 1891
28 1356
232 1811
300 72
1712 1237
1235 720
3 1272
18 919
49 1291
35 868
1667 456
173 683
955 1867
576 1409
970 285
144 553
1514 223
1608 1163
1049 834
1741 135
388 1801
1664 764
17 1320
1990 1798
19 1468
1098 1464
1765 1738
732 923
863 1512
1289 387
896 49
113 78
874 1612
641 1165
1938 1748
1181 364
1877 1764
292 409
1216 1338
1756 1011
20 371
1812 1243
653 1364
25 1654
1656 1453
1863 1638
1194 650
398 1133
903 1563
1559 917
1342 1005
1151 151
21 513
106 1663
1294 693
1900 848
43 225
99 86
1145 878
328 1633
301 1896
814 247
94 646
318 1705
690 1368
257 1952
949 1710
1542 1678
384 1498
1007 1293
236 1234
1847 1470
377 1585
725 324
1719 743
1843 903
1099 1966
1687 682
170 858
22 1301
23 1707
1478 1129
1646 210
702 1910
1673 227
1039 141
90 1300
24 1820
1855 722
941 1017
1939 1266
249 1424
1222 532
841 1216
1431 707
1768 1749
1959 1973
362 956
1510 710
540 452
1509 153
740 1568
316 694
330 39
1068 1284
60 490
1150 231
667 1395
1069 1747
26 540
845 1926
1345 352
1169 1294
411 1439
280 914
424 551
625 1176
826 943
1550 1500
1499 331
1989 373
1327 1239
1254 1168
907 557
703 382
1743 1333
1973 526
1277 1907
895 1674
1198 1196
1107 1003
29 622
30 649
494 290
1501 638
681 1843
1969 598
31 90
776 1755
221 1667
993 1842
906 125
888 668
672 127
1302 554
1482 1894
32 1483
291 1186
1707 1353
1644 430
86 939
1419 1117
470 103
1395 1015
234 1135
497 1869
1856 204
711 765
1609 1152
704 896
346 1680
685 1090
1522 1914
1590 1067
1936 827
827 1507
64 1935
152 340
1100 851
33 517
34 111
1866 286
818 1804
722 1096
1791 1731
1037 793
1915 1145
689 462
684 150
720 974
960 755
509 1525
1371 1267
1011 398
1203 587
403 298
853 51
36 465
1418 18
1948 1974
272 511
1823 57
927 643
835 883
37 413
1684 1522
1781 1060
1104 1757
363 784
1614 1380
1680 1884
1486 1685
640 1088
1924 500
1243 1438
38 289
624 1649
1326 348
1661 318
219 1246
1186 1727
543 1741
1622 1442
807 1986
1944 43
1641 1981
192 1794
1820 1490
1956 34
1121 771
781 1594
914 849
279 1328
752 512
1390 1688
712 1447
1123 535
811 1140
1217 1998
1427 38
1019 862
40 1045
41 287
212 1898
795 1308
82 1351
1521 172
242 1195
188 1215
1022 1222
486 872
67 1317
762 1537
1527 207
48 1134
1483 1384
1975 249
214 1232
1612 1901
1115 1403
1582 328
843 126
39 238
1649 113
1629 186
1179 987
198 59
1908 1788
1163 690
44 716
1094 631
678 1745
93 1079
1276 573
1494 1321
1758 969
1735 385
45 1373
1247 1345
438 0
598 1599
1085 747
848 44
271 1146
46 1752
1637 123
1967 356
1178 169
1001 1235
864 293
57 781
303 983
47 222
1980 813
1817 1605
200 976
92 1238
1362 895
1258 1920
1631 1553
1139 1378
190 937
1158 539
577 1099
1895 725
51 647
277 351
561 312
1013 1359
455 244
1752 1422
1891 1769
1601 1298
613 1262
50 201
1385 520
177 275
619 1883
429 1870
1603 459
726 1164
52 1374
869 1006
1446 1787
361 1944
1879 584
452 163
1606 1502
822 565
1816 218
389 1362
741 1849
745 1477
176 579
315 122
1164 1596
340 148
1876 533
1380 1183
1960 1826
1433 1030
1316 498
533 1271
1922 1509
1892 1220
946 1859
998 341
1583 157
1747 1770
1884 1766
1557 83
53 1276
54 1494
55 958
1544 1476
885 1044
931 234
1321 1781
332 67
1260 1188
1337 523
56 1930
1690 1109
957 1486
1731 1982
1189 1753
1516 510
1715 1909
217 395
136 822
1548 7
1598 1014
570 882
58 1970
997 1050
1301 442
193 112
1691 1319
1696 84
620 1514
1459 1940
1633 824
1511 1185
59 632
75 705
132 1552
1830 1954
1916 13
1025 1488
1686 1126
196 869
1849 1510
1000 93
1043 1322
348 1545
556 1700
61 677
393 1532
742 320
1658 170
317 282
1677 1108
1377 1381
406 1905
1859 329
62 1953
878 1985
866 1850
1573 422
805 1620
1624 463
368 182
1794 1383
581 1024
255 1832
63 1719
77 279
1744 1136
1538 761
1860 860
1898 1002
746 835
929 1398
258 1549
754 993
1052 929
246 98
687 1558
1968 550
1229 1750
721 965
881 1616
1688 23
758 689
66 1309
1200 607
1030 1793
1338 431
618 291
932 1942
65 426
1286 1899
379 723
127 1159
88 124
253 187
477 1437
1813 87
189 572
1070 770
601 925
216 1718
1585 206
68 1094
469 327
611 1733
637 5
159 1212
1292 1263
70 757
575 1703
1977 775
1779 1337
877 595
596 891
1698 1592
733 530
802 1417
491 733
71 719
471 654
1773 1225
1097 1028
69 479
72 1443
1848 1445
1378 1209
626 887
1234 251
793 1744
1597 876
1721 60
73 1699
1180 147
642 1387
695 1121
85 176
169 527
74 576
589 1326
1961 1967
1852 1857
547 1983
1475 1431
180 830
1640 388
1408 132
1604 1566
1009 1833
1783 1617
1152 411
1309 1192
1401 1933
1815 1198
1212 35
76 489
652 246
1767 1289
1802 483
1951 1834
1232 1613
1432 845
772 1325
515 68
1379 424
943 1777
713 1086
311 798
1748 1036
534 1812
186 904
796 434
990 1742
341 826
1451 1955
1288 1651
184 1636
140 1280
656 1425
952 1001
913 516
1095 706
1580 1871
1034 414
871 397
1340 820
78 1713
80 1887
245 1421
1926 349
1693 1102
81 1824
1184 854
1676 737
1592 1448
1078 1611
991 1375
1160 806
1952 1004
1805 368
1223 675
1404 1931
966 663
1872 1584
275 1873
1642 625
1703 1530
1513 333
1626 1144
83 1728
1010 1026
263 724
1627 735
326 1450
142 1716
1136 1960
985 458
1239 301
84 1264
1636 224
459 433
1125 734
1348 185
484 986
154 1946
514 954
1625 994
443 542
925 1473
1818 1882
797 1768
939 482
532 599
1228 543
87 30
889 129
418 370
747 1123
1428 1968
1457 1058
137 1949
1881 1480
1551 843
485 134
1323 1444
1284 369
1965 863
89 1158
1264 627
1219 503
548 1062
917 582
299 1039
354 1690
1018 1698
1537 272
727 270
1638 655
1109 1816
1473 990
290 1346
912 594
461 545
91 73
1962 496
1841 588
1515 1139
1172 1465
183 639
1562 1957
988 1975
1014 692
512 1995
1838 597
520 305
347 653
1919 782
1274 1560
1546 1394
416 966
944 392
608 1911
1718 1539
1263 988
1005 1462
1825 37
1842 446
1403 1574
1632 202
108 1150
645 1436
1672 1861
1732 628
707 567
1971 1019
442 525
1978 338
1720 561
1554 852
1083 1814
95 1034
1506 1646
851 866
96 697
464 1485
1465 1546
956 821
1786 968
1330 961
97 1408
660 640
1912 1132
1129 519
191 984
602 358
858 1959
1530 81
1734 691
1840 304
98 1675
967 109
1067 505
1529 738
546 740
281 1848
162 175
1044 792
473 1257
141 667
897 998
1425 457
1495 1708
728 637
100 1888
847 1503
101 1344
247 1999
1727 1630
683 105
813 1376
1526 1072
1411 583
124 1872
1653 857
1941 509
273 1474
1015 564
155 1219
759 1756
102 1751
414 117
1402 1137
798 493
1079 394
880 152
195 17
828 875
923 1063
1091 1773
1669 77
1871 1958
1242 404
634 1056
1930 167
1066 346
860 1583
1460 445
563 1404
103 1543
359 389
1917 470
739 831
1046 440
1775 253
873 950
365 277
1935 1736
1399 933
788 1087
1778 1411
1532 1131
105 436
1381 815
1568 1268
1128 856
1623 616
1161 1837
585 1055
1749 548
104 240
160 1393
1710 1666
1652 245
1610 944
432 95
1628 1643
364 1489
621 214
1156 1790
146 1847
1170 162
456 957
599 1858
1795 1377
109 1621
1073 1496
213 560
123 1349
1839 662
986 859
110 941
111 1312
836 922
1055 1254
421 1965
1339 1372
1556 335
327 1564
112 742
1224 317
435 1701
1600 558
502 897
753 1418
1931 1864
268 1692
1918 229
1799 1580
643 1945
1106 1203
194 1313
356 634
1705 1098
1057 418
900 810
351 1956
114 1258
115 53
706 739
984 79
947 1644
1889 909
116 1704
425 779
218 1107
1383 1119
295 1598
842 1978
1251 173
1681 1693
1784 1461
1966 336
1084 28
1416 1902
117 559
1536 386
791 1092
1704 1711
523 728
1255 1048
1165 115
244 451
1517 273
360 1662
227 1327
1564 1433
1061 108
1685 975
120 1691
567 1513
333 871
696 1214
240 684
629 1115
937 1963
153 142
492 366
119 838
121 179
724 626
1314 1406
118 347
157 1797
1793 1210
1555 1334
1175 528
440 1213
122 52
278 136
981 899
1365 1511
405 732
1367 1391
344 1290
387 435
710 420
1386 1469
922 786
1173 1218
1140 480
130 1934
921 1632
226 778
1484 695
1041 1302
938 476
479 1723
125 946
1110 955
1651 811
1132 1040
694 1304
357 107
1363 977
126 203
1591 660
755 65
664 752
1444 384
948 1591
501 1363
1678 1180
1772 443
978 1771
1722 1479
128 372
1467 818
1176 1987
908 256
1837 1084
1836 1865
182 410
1168 138
297 353
1844 1521
1808 1487
1221 1053
1911 698
269 890
632 297
1921 678
129 1125
1869 721
1230 230
1800 217
1943 1878
131 8
665 29
607 688
595 1880
1565 518
654 1446
1914 1078
503 615
133 1557
605 1390
1162 569
1982 1501
815 1311
1143 1948
1117 1147
1250 804
682 648
1253 1388
135 378
1024 1392
1199 1330
1392 1482
1660 1840
476 611
1771 1080
1062 1810
1215 1739
1702 226
806 1581
134 1410
1487 269
298 715
916 1456
352 469
1028 1684
1166 1554
1481 797
261 1339
1092 1875
950 1624
1790 1295
1561 888
1021 962
1421 1162
1389 1194
1103 405
138 1068
139 671
324 870
649 212
1706 264
1298 800
1958 1791
968 1856
147 814
1310 307
488 377
475 658
1017 1397
1424 495
1004 1199
1746 602
849 1426
1723 342
708 188
1138 861
1880 1455
207 36
444 536
510 1541
329 1912
143 1076
1220 1197
1376 514
1602 1527
1753 1269
705 1908
771 585
743 252
1910 1230
764 1303
1398 593
1886 1458
736 780
1857 1141
646 819
564 1792
1045 216
1821 48
163 865
145 1806
305 1336
423 415
1490 1606
1201 529
148 1587
549 1270
496 323
1827 758
383 1854
1351 1989
367 1440
1846 1352
1113 1518
204 790
1586 221
1674 951
307 177
1553 570
149 106
150 55
1670 1106
972 19
1387 1190
487 1991
671 855
1197 91
151 1081
1135 74
1297 89
1027 522
1287 1069
954 905
1854 596
1806 1977
1981 1314
1737 1091
587 155
1120 1221
1318 1341
933 777
1182 1780
1293 1533
1946 1732
369 621
1708 196
674 1938
1453 1360
1929 3
410 337
451 508
868 1316
936 562
926 1113
942 1074
241 1033
478 934
376 97
1811 963
156 1844
1157 1845
164 949
969 521
1350 1035
647 1588
857 15
560 1535
1504 16
158 1556
1618 1354
1102 1760
1225 1508
1177 1399
571 1822
1456 586
1492 1825
1508 160
230 1590
322 441
940 1057
391 1329
489 1571
856 321
259 1187
1146 82
1650 1547
161 1379
780 1451
1137 421
962 614
901 1631
1026 1452
462 284
763 982
675 1947
1792 1994
1124 1103
527 27
1789 1526
1788 762
837 718
809 42
434 1565
1587 670
1904 1128
554 1762
1500 154
1695 425
165 1569
166 1499
1461 1256
1751 139
963 796
751 265
832 213
396 1634
167 1416
1452 1429
1116 1427
168 787
1885 674
1414 166
209 1542
1563 1927
1252 10
1803 100
761 1640
314 1401
1366 783
171 1161
1630 992
1279 1774
172 355
345 453
1054 1656
631 1172
1697 1506
1353 812
1819 916
1955 473
174 1805
1488 47
965 1819
175 930
374 1459
521 1855
481 1567
883 566
1621 1066
1036 487
1835 1990
1785 258
1299 88
1945 1637
891 1827
715 669
1733 262
1770 823
545 259
482 280
774 192
1549 1517
553 1504
1543 1114
875 1247
417 1211
179 1279
370 1089
911 894
516 1093
1671 1151
181 1961
995 960
286 1655
1458 1809
1655 807
206 1021
1119 63
1332 1049
467 300
870 332
1893 477
1574 1288
1810 774
185 1261
1144 1653
1964 474
187 12
861 1874
1240 1866
606 1206
817 604
1907 1331
197 330
1388 1721
395 853
1058 1495
898 1343
308 736
310 1618
964 118
1469 754
1480 144
233 1579
614 700
331 760
1023 70
750 497
1589 1016
465 1318
1925 302
1657 484
779 1730
894 574
1668 679
1761 802
1572 1013
350 174
1909 1236
458 1286
1394 1173
1356 1073
953 619
1006 763
700 380
1776 676
980 120
1711 1724
1295 1226
1174 1174
1149 444
951 1607
1476 228
1307 1217
304 915
1271 1603
1324 1984
505 1702
1003 729
1275 1148
312 191
1210 1754
1214 119
971 1244
394 1971
1105 1347
816 864
610 1726
1828 32
989 1610
1305 953
199 1430
1207 1250
1133 1307
1449 873
202 920
919 1915
1507 1515
934 309
201 200
203 357
983 1252
824 363
1659 1120
1081 1245
1114 1765
1423 478
1364 608
205 416
825 1208
958 889
994 1650
831 243
1619 1803
252 183
1033 892
1202 1829
511 745
266 1046
1047 666
1578 257
977 1027
450 274
1208 1860
1352 749
504 636
992 699
208 978
1256 808
1531 1906
1970 1720
210 128
1313 575
211 685
1782 817
1442 1922
680 620
313 973
692 1972
1620 271
544 577
1415 1204
302 850
872 4
799 205
1485 268
538 361
1576 1785
536 40
1512 1277
769 1851
1032 85
584 412
1524 592
215 171
287 979
630 1299
229 1941
790 768
1567 168
1599 1993
422 1943
1188 1340
1051 1177
525 1110
1594 537
531 334
1218 1595
1596 429
500 1969
1048 1743
1382 1609
1346 932
220 1361
1312 299
1303 832
222 840
1183 1601
223 515
224 1548
518 492
490 1202
225 1233
852 1029
738 1051
463 788
644 75
1096 1677
1147 1863
1862 1335
731 1419
339 1652
231 1012
228 161
1196 41
573 1709
945 1251
1155 466
1334 501
1882 1054
628 603
1927 390
1429 339
1503 1839
1056 1660
834 1635
582 250
904 1278
1248 1104
1520 686
638 1921
658 805
1873 547
392 121
767 1622
915 241
262 450
1283 359
235 1783
1080 829
920 460
1268 399
1445 94
237 1694
594 1715
657 1075
306 1550
1468 1193
1063 1544
974 1171
238 292
1195 260
1454 1138
1903 1179
1192 1097
1296 1315
239 362
1407 165
1035 1722
1850 1759
282 393
1369 846
1153 936
248 1205
1108 1586
1615 972
1932 33
566 1886
583 288
603 1734
701 1686
801 907
1447 789
243 1695
1262 1779
886 1
976 884
1675 910
1545 1992
542 756
472 1127
676 672
1728 898
783 114
378 924
1897 208
1683 1122
250 703
1420 1799
1834 1305
592 1008
251 661
1413 1661
1315 236
1713 1071
1040 546
1071 1022
1406 1156
433 727
1902 1962
1826 673
887 1559
254 1350
1694 980
1742 190
1829 102
1060 1467
1211 58
426 931
1325 877
1611 928
829 1182
309 235
1874 1782
256 325
924 181
1738 197
439 1838
844 948
1412 1913
1755 1077
284 1037
1439 847
260 254
1928 1683
778 1240
499 1786
1754 629
1141 1528
495 1466
558 1531
714 454
1867 1890
1798 967
1322 1007
1361 1672
679 402
380 76
267 1402
1865 263
1016 1038
578 1846
1979 836
1496 145
265 180
1265 825
264 1095
1397 1170
535 1577
1647 1828
342 54
979 918
270 833
1282 233
1396 1950
1577 641
982 239
529 1367
1355 681
428 568
1663 1497
1245 437
381 748
1832 921
274 499
276 1111
1372 1285
1238 149
1890 1761
285 1589
1171 927
1191 1893
373 766
1278 237
474 970
1311 1795
1581 791
1190 96
283 623
846 1740
663 1789
568 1555
651 1275
1571 1657
1466 1776
1122 365
1502 1932
867 1578
1187 741
288 605
1272 1919
1634 1149
400 726
289 1389
1933 360
1436 491
1665 283
1833 294
1118 709
1858 1536
1724 408
1801 1010
1593 1178
636 1472
336 1124
1053 1885
399 1231
293 311
294 1572
1814 403
588 1681
296 1821
787 1370
1497 1296
1090 64
1699 1815
1639 319
1477 1154
1774 1386
1766 926
1226 1597
1976 1658
1463 942
415 665
1341 1297
1762 1493
335 1323
1236 1818
1384 14
408 26
431 1348
1725 1191
1984 1227
1588 1593
1064 999
1474 1454
1077 1412
1479 1201
1438 1835
1368 600
320 1043
1950 266
1760 1697
1029 1260
1769 1160
1870 1615
1370 1807
959 449
506 881
430 552
639 419
1320 580
766 1676
319 571
1154 1385
905 1687
1750 2
437 242
876 367
1730 1670
321 531
1716 1365
1777 1282
635 1287
1193 80
530 1895
572 1492
1031 1175
323 130
673 1070
910 46
862 1717
1983 1763
325 432
1894 417
1020 664
493 1420
1963 379
1213 1775
1249 1463
893 996
528 1112
1065 633
659 844
792 717
879 590
334 886
454 1009
1899 841
1440 471
1797 981
760 1925
337 195
338 506
1525 708
1518 189
1134 485
555 1538
757 24
1471 1116
884 374
666 1371
650 828
343 991
552 1228
686 908
1319 900
909 867
604 617
1764 1823
804 143
1126 140
446 837
1796 1876
1333 475
1809 303
1455 1980
1405 1626
349 1737
1430 502
420 1642
1864 1407
1002 759
1443 704
1075 1355
1616 630
1050 1042
355 1169
655 1478
1584 938
358 193
524 1936
730 1481
1923 524
526 350
449 1573
1957 69
1285 1524
1566 1249
882 1725
1949 455
1666 1619
775 1706
1709 1242
1359 1366
366 902
1450 785
507 776
1757 773
1426 885
1595 1562
371 1519
372 1853
899 504
1344 1101
716 507
1822 101
1560 1628
902 423
407 1735
1851 400
688 971
1373 310
812 657
777 137
382 164
719 1274
615 1310
385 1964
1241 354
1304 184
551 198
1887 1904
386 438
1360 1041
890 985
1519 1255
1896 1561
517 799
1726 1830
1942 1396
390 1143
1901 220
559 1529
823 635
397 1924
1662 428
892 1625
930 556
401 146
402 712
1448 56
537 467
1807 61
794 1428
1635 1400
404 1484
1868 581
999 1877
661 1153
1780 343
498 407
409 656
648 1166
1804 1648
1349 159
412 645
513 1229
413 651
1654 1808
1400 1432
427 461
810 209
1645 1273
1679 713
419 326
622 906
839 750
668 880
1861 391
612 375
1374 1570
1888 1200
1579 952
1701 1052
445 1413
1076 448
1148 1923
723 427
1391 989
698 563
1700 472
1523 1623
436 22
1505 1647
1759 1457
840 1979
1692 1405
441 255
1528 158
770 652
830 935
1831 803
819 376
447 609
448 308
466 9
579 1664
709 1265
1934 232
453 1253
973 1460
1541 278
765 1928
457 1696
928 1520
1493 66
729 601
1824 659
460 1357
1072 1032
1906 945
1375 1516
1270 345
468 874
483 488
1472 1471
1266 753
1736 468
744 45
734 1917
627 1758
1335 1712
480 267
1575 1836
1259 947
1306 261
590 1283
996 801
574 612
1947 1897
785 211
1261 1937
1269 486
1605 1576
1358 1641
1291 1167
519 322
1131 809
669 50
600 555
1111 178
1558 1813
1410 1224
1435 31
508 1491
1300 893
782 696
1617 1435
1913 1903
522 110
1244 1475
1038 1000
697 1673
935 606
1012 344
670 746
617 549
1093 940
1974 219
539 624
803 1668
541 1602
1347 1669
1231 199
1343 1996
1227 644
1682 578
633 1031
1613 687
1535 1841
1539 702
550 156
1570 71
1329 92
1059 1929
562 680
1462 1868
691 1800
569 6
586 276
1875 439
1205 642
987 1523
1853 313
718 1306
789 1025
591 1852
593 1083
1273 1862
773 1332
597 1951
855 1414
808 133
1112 613
784 1324
1920 1614
854 1505
609 1892
1008 281
1074 481
1534 1879
616 1729
1533 1064
1159 1130
623 316
1953 839
1643 1189
1328 1746
1317 1659
1336 618
1409 1939
975 1241
662 1831
1547 306
1308 194
1257 701
677 842
1246 913
833 1889
717 1434
1954 1534
737 730
1441 1184
1101 795
1883 248
699 1061
1281 1065
749 711
1042 1682
1437 731
1130 995
820 541
735 315
1491 25
1087 1059
748 314
865 911
1878 1292
768 296
1233 1223
1540 1142
1552 11
1357 1817
786 1997
1498 62
1972 1259
1206 744
1714 1157
1845 964
859 1627
1739 997
1204 1105
838 1784
1354 1382
1937 1369
1740 1900
1689 1100
1607 131
1209 1665
1648 1608
1470 1082
1267 1551
918 99
1940 20
961 401
1290 1023
1185 1976
1464 396
1434 1342
1787 959
1489 383
1417 794
1280 901
1142 215
1905 767
1729 1155
1763 381
