0 331
1799 376
2 167
1796 1421
1795 1570
6 259
1793 649
8 389
1789 79
12 676
80 551
113 46
940 1104
114 1433
1243 739
395 375
1 638
3 1046
4 1102
1791 365
15 1267
1131 1290
1571 241
1096 1512
1264 1121
7 1636
9 244
1794 201
1790 401
16 198
17 608
1717 855
1246 1786
1569 1051
1402 1355
101 1604
489 626
1792 1327
18 817
1788 698
1003 173
1585 876
1649 607
1188 605
10 940
414 644
139 412
1125 178
789 1335
1306 1231
174 1008
418 1562
652 220
5 689
1797 233
19 1072
20 1309
1269 140
1606 819
840 378
297 1507
759 890
1400 782
13 523
14 1451
1798 781
106 987
1739 592
1158 1050
1356 291
573 1369
833 1441
11 1504
21 1210
22 1497
1603 1415
27 276
175 422
1729 13
23 406
1711 601
1070 431
122 497
621 188
926 1502
194 988
741 1586
1728 1228
25 1590
1622 1240
156 828
644 460
1747 1145
24 802
831 728
640 358
1284 513
1672 1567
60 999
1326 203
1340 1639
1505 300
37 610
437 288
365 1790
310 1738
612 1767
26 347
1068 1464
177 480
1484 224
630 1545
28 107
30 1110
766 180
927 144
1366 1315
1554 1147
1302 1030
511 1077
290 542
1674 1627
1066 196
1105 1074
1657 1437
1500 1652
246 473
1023 1640
1644 1263
29 835
32 660
291 1681
76 174
328 1122
1426 1217
1776 860
674 932
746 699
238 1289
136 694
31 1578
88 298
660 1581
1430 1028
845 1427
429 437
33 1702
34 1523
1693 443
461 961
719 834
260 34
1466 337
524 1311
751 66
431 927
1205 508
35 1605
36 448
1715 823
1742 1216
1283 1751
709 925
1524 357
1034 1587
1453 1649
1376 854
1354 290
442 1717
1226 1155
481 1219
381 1631
383 1492
765 45
39 446
363 1686
637 1346
1780 1725
1667 923
1469 101
40 1317
1722 341
1290 727
1111 1519
253 759
1436 921
1384 533
559 1559
1224 1501
1640 1057
1279 332
1704 64
41 1677
210 955
1378 253
901 494
760 1386
100 1107
38 485
800 205
42 29
43 1470
1420 126
1406 519
905 991
1489 1036
406 1020
1787 1797
249 1689
46 394
47 986
155 1623
550 52
1162 334
723 1063
344 875
815 1058
148 1373
608 1010
49 153
1754 1705
1075 744
558 1134
1209 1532
420 1588
889 1785
1507 528
1193 1129
50 1388
519 4
837 847
1341 995
154 1185
1475 1679
1600 1153
45 1354
206 1457
910 596
1262 469
292 950
1156 792
1370 91
1275 1541
1395 532
48 779
51 534
53 1257
1459 642
1273 432
1005 410
464 327
725 106
1772 1471
352 862
54 1205
55 1579
923 137
1758 1685
903 1144
143 1482
1604 463
1679 1637
813 1087
496 684
1458 47
686 1772
52 1114
57 1227
829 1758
272 1774
167 408
1551 283
1294 263
366 1396
1235 1256
522 1630
375 165
817 166
44 459
962 841
1197 1332
56 883
731 444
438 692
1344 1682
581 114
499 527
319 979
61 1403
732 924
1296 1200
693 968
1760 1426
268 294
1707 1769
867 539
309 939
676 395
1084 881
1352 403
1510 202
59 938
62 32
63 44
201 526
1714 1485
1689 1005
620 530
64 902
178 760
1581 1768
705 1735
1750 917
58 897
1200 367
217 674
555 1475
83 1755
66 1513
298 1394
792 1732
67 1406
807 1260
1118 579
507 1316
65 853
824 1390
1748 411
1768 186
704 1374
330 470
976 555
518 1333
69 489
336 269
1669 929
1145 1033
1281 512
70 322
189 1232
1539 1052
821 0
1688 1407
1289 158
1078 374
71 1782
1781 1241
193 1164
404 831
894 323
565 491
1079 1029
320 751
72 663
73 1597
589 1283
1579 478
1256 1748
277 1345
68 717
305 920
368 566
516 816
1401 1746
707 570
75 1356
662 496
199 905
241 1383
797 839
1480 518
947 1712
1146 273
1582 1022
316 1693
990 998
1534 359
125 719
1015 1059
1313 27
1474 1207
337 1252
1473 1226
1254 324
1052 109
1514 1671
77 1436
78 1321
269 1798
730 1055
129 1517
439 741
913 194
264 1629
530 1483
1415 384
1278 1376
81 953
82 1075
681 381
396 472
240 789
74 1194
79 1399
419 1672
208 769
435 398
577 1080
820 765
688 329
953 151
1123 1329
1493 427
808 336
1405 733
1410 1566
84 827
85 292
86 311
1115 1225
355 1484
412 370
1408 135
544 568
1270 669
1594 743
1039 1568
1627 1656
89 6
727 1314
1249 1248
512 93
611 895
384 796
87 511
1334 1175
90 1658
91 904
123 767
1251 556
1755 985
1409 1188
346 351
371 1521
1161 1024
462 1555
1097 776
801 706
682 1274
93 1765
1630 1496
284 906
979 228
92 1721
1724 865
250 713
1319 1603
165 942
1110 1577
1610 76
400 1648
1135 11
1661 1546
1390 1285
1614 1037
94 1196
542 247
594 1675
1155 1176
1299 1202
1150 1393
335 1366
1063 138
1218 1204
221 1060
648 1382
95 1745
97 1167
98 1206
99 525
654 639
977 316
936 1293
276 1363
1542 383
742 937
1220 522
1452 564
96 980
408 1303
673 1090
1552 1148
1397 350
1478 1324
399 1224
1250 435
159 1288
103 701
1407 731
1194 221
1462 1190
1556 1139
104 838
312 1079
529 620
261 216
1449 157
226 1514
105 133
1253 926
102 404
1706 1651
605 1726
1736 1716
1468 1012
1049 88
207 820
919 1706
1509 53
108 1259
1690 1628
256 990
1314 1456
490 786
1513 635
109 215
784 1781
872 787
488 1031
614 62
1291 1372
493 757
643 1064
107 60
212 1229
1147 775
501 628
111 1448
110 603
1359 464
413 161
632 1654
112 709
1210 1151
774 1191
655 1691
1153 499
942 1082
1698 479
826 877
188 959
1515 1027
857 238
1080 92
920 738
1178 414
639 1613
257 1467
995 771
1127 903
1307 1655
115 1184
691 788
1583 1017
389 1466
1691 150
1427 1048
116 1000
308 231
1655 35
1617 256
1392 1477
447 502
120 1670
943 1524
184 913
119 1268
121 1001
278 104
203 1759
453 1646
118 791
739 1569
405 747
567 1508
1677 793
117 1595
921 910
1018 718
1723 191
1485 640
124 928
814 1518
1380 1209
403 1729
1387 252
1719 1141
627 919
1051 799
827 1564
1437 181
1784 815
126 264
1450 631
1641 627
1497 1676
127 1534
613 870
1073 1358
152 1088
1140 1552
288 1708
213 320
1036 822
505 599
968 1166
885 634
658 1300
557 1429
128 440
131 1183
783 504
1454 1056
749 1791
713 567
1310 242
130 606
133 63
379 500
1727 1023
781 688
1696 149
1494 682
1393 1664
1634 1092
132 289
134 1091
135 429
604 1733
1753 1667
1572 492
1373 1161
873 1097
549 625
556 146
1470 219
776 380
138 720
1173 884
812 850
1358 1156
273 325
1295 1070
1300 1494
459 931
1317 1235
1737 1530
1176 275
1277 19
1170 1731
590 1301
142 726
545 1384
1713 810
1592 85
697 1739
1577 117
1229 540
592 1543
321 1573
1259 629
1601 1481
1360 171
952 1047
1057 1511
141 1098
144 1780
360 77
1636 1445
137 544
140 1450
302 453
1056 1600
839 546
1377 1239
1088 1140
147 710
465 1011
1535 490
149 1601
417 1065
1217 729
1512 199
170 1410
963 1308
514 89
1543 621
145 915
1000 1699
1287 280
1733 1756
146 1212
215 1325
1004 1377
703 912
535 493
878 42
1271 755
331 891
960 439
1198 1158
151 303
1536 576
315 15
1061 878
566 1220
993 962
157 1657
683 614
602 749
1089 1362
1363 50
1705 1003
1460 1085
722 1265
692 17
1735 1292
1752 552
768 1172
1112 1130
1339 83
1124 658
1637 95
460 1659
150 1182
153 1233
646 8
710 559
1374 1576
162 695
1439 797
626 124
163 436
361 1278
1195 1197
160 1404
1774 1298
619 51
158 1533
161 382
547 1286
587 794
397 274
1045 856
1215 703
1537 983
1421 1061
958 1556
1128 1348
1716 270
164 836
1058 996
1743 1424
1379 1462
1782 725
1479 963
169 130
171 1385
421 1319
553 580
1431 38
946 1116
1257 37
970 1742
254 586
1545 1414
173 732
1190 1208
1623 10
243 837
1438 550
168 1554
266 1557
1258 1644
1451 1531
180 293
887 1198
1738 554
633 1761
1694 1707
1434 1548
1626 1071
166 1009
172 222
176 1163
1662 574
362 783
370 1322
988 1442
195 58
1629 1258
1189 454
179 696
1202 1599
690 285
684 1536
1766 981
181 1213
1461 1405
191 234
232 103
991 933
458 1510
601 379
1785 1596
183 1318
1664 515
1064 896
1413 1582
1730 1352
182 1616
185 1180
1240 892
1455 99
606 712
971 637
571 1068
687 1584
1496 1187
1350 885
1375 295
186 1136
187 842
324 1762
294 901
332 936
966 1234
967 308
1643 415
1157 1737
1590 715
1557 516
219 48
1550 86
441 57
934 177
487 681
1185 1728
401 1540
190 1711
1011 1143
1006 12
956 768
586 423
1385 391
1272 1170
233 563
1208 1062
218 1279
197 1146
1546 1643
1783 1395
192 1700
196 212
651 536
1700 28
983 43
543 1763
198 549
1026 1660
236 409
1144 1034
1323 484
992 102
588 226
200 1215
540 361
1054 623
706 1638
546 1714
1330 1690
964 333
1072 434
202 1709
262 1792
204 734
1609 1349
205 864
762 770
1095 1447
472 1535
311 172
1109 90
1348 1695
935 488
209 1078
863 156
1770 98
1260 824
387 1400
301 1269
317 636
718 1435
1292 1760
1152 243
1467 1297
1726 163
1002 716
1154 1661
470 78
1566 785
1464 1131
443 377
1411 1779
216 873
790 209
994 314
1028 14
525 679
281 535
1488 438
871 1580
609 249
955 569
211 766
214 1066
486 617
303 1703
1090 223
1114 248
347 722
852 652
1767 914
223 260
224 1701
819 1585
1076 458
526 1313
1116 948
220 1042
1304 1133
225 235
1086 217
997 970
222 1271
533 561
624 748
228 236
229 302
463 115
880 112
227 641
235 887
1659 1687
1687 49
761 1389
432 1013
1635 1350
1191 811
1491 1473
357 1428
1429 455
231 200
1071 1783
1245 1168
1234 693
1098 1002
610 908
938 1045
313 1016
539 1307
981 1617
980 232
1731 1489
271 1171
877 72
427 71
1476 1343
495 393
237 989
1362 1128
744 916
961 1320
239 859
1538 81
881 505
1665 1244
1276 182
1504 886
230 214
234 1795
242 1276
1423 1096
1639 59
1523 844
244 646
886 1084
1101 1612
1621 1306
299 624
1433 366
1180 930
989 1438
1242 687
859 818
1333 1159
888 503
584 131
1219 1157
380 1794
245 279
247 326
248 1417
1120 971
1009 1381
771 433
708 278
423 363
796 229
433 1021
1055 1280
1232 230
1580 116
1586 702
426 1149
1553 179
252 451
1024 190
1343 506
1308 581
521 1764
931 1105
1230 1126
1559 80
251 1112
1227 632
1419 1698
788 672
1032 266
1204 907
1589 1683
258 700
1587 780
671 1340
255 1713
1133 145
1329 1117
1734 271
1745 1460
551 1387
394 70
560 591
259 1039
1527 845
1418 1773
698 164
265 265
802 23
263 1299
1658 673
850 976
267 1589
1544 1035
736 1529
733 803
1148 481
270 1294
1298 218
805 1391
279 507
1775 390
1137 20
1596 286
616 26
274 501
1316 206
1077 1444
285 1487
1444 272
275 1538
1160 1135
642 22
1725 840
1414 419
650 1397
583 1392
656 721
1575 162
1331 869
975 113
436 562
1486 1193
339 664
1697 520
906 9
711 1715
794 872
283 1275
527 1752
1648 1416
369 1553
569 1054
280 1150
838 833
282 1525
531 1181
378 763
954 261
939 155
528 1645
348 1137
287 1744
425 128
617 1211
286 1094
289 972
932 1736
1495 73
1038 1624
890 1452
787 935
779 1189
843 1401
1181 1019
293 471
1031 651
1047 449
580 754
457 245
770 1106
296 1282
728 1344
1615 538
1093 75
986 1663
937 313
1591 882
1074 1138
300 960
750 1025
1558 992
295 1516
828 417
856 777
1709 1669
1567 582
1368 1420
1214 1694
689 1440
747 1635
306 1431
307 851
1199 154
445 545
1680 356
446 821
1611 1154
304 1611
883 54
1337 1775
364 900
1044 122
1492 1331
492 360
1020 141
668 756
385 1696
1207 1495
951 647
799 304
454 1592
314 1067
1656 575
1309 1015
333 421
508 1561
1177 1674
996 1544
318 1777
756 94
1187 1108
987 452
1520 945
1174 281
1563 848
1324 1221
322 170
410 871
325 1449
326 148
323 730
785 1594
897 1574
327 1778
1482 704
329 894
1744 1571
450 1402
1765 185
853 1480
1186 1174
1381 319
422 1111
1710 1522
1718 643
769 1618
876 745
1391 1044
694 804
1021 1563
1099 1439
737 456
1654 307
1741 1793
1082 225
1471 118
334 282
1564 1152
1142 597
455 1353
1212 1365
338 707
600 41
1511 1722
1042 723
666 742
628 1668
1518 1173
895 1368
340 957
342 277
585 1127
1602 84
1293 1323
341 1607
468 899
928 254
1663 1249
1338 801
343 1505
685 670
411 1787
345 633
615 1632
1282 1038
513 61
680 548
1132 441
1757 1007
349 994
350 385
1274 372
1126 764
532 690
635 1245
351 1598
1012 944
353 352
354 517
1013 1076
1531 250
864 110
1650 588
1769 829
538 1575
1286 1479
356 655
358 388
1463 661
1164 1302
359 1222
1619 808
1117 1443
1016 39
523 858
537 396
1129 430
941 24
1216 386
782 584
866 705
1499 1509
1342 1014
918 524
712 1558
1703 1488
1646 965
485 371
721 618
367 650
1396 1692
948 1734
875 1418
1388 889
1773 426
849 1069
372 315
1670 1334
860 1469
1030 825
647 750
874 105
1353 1246
1301 510
1048 984
373 18
564 1264
924 16
471 800
1182 340
1506 187
473 1666
1192 1642
944 40
377 1455
1751 1342
745 1179
1608 1458
1014 246
568 1503
374 602
778 867
382 176
376 1295
629 590
657 978
1620 310
386 711
798 354
1201 193
575 160
870 609
390 1115
469 74
1122 1253
388 616
949 1620
695 1312
1666 1710
392 666
391 321
1530 790
393 1341
1237 1339
398 338
795 1004
1412 1026
696 714
402 753
1503 778
1369 509
1221 428
816 993
409 1500
1668 465
972 678
1019 1515
623 619
407 613
1645 1223
841 255
957 1461
1184 1230
1633 413
925 874
416 121
415 362
1681 922
444 866
1761 82
804 1203
1701 909
959 468
672 474
922 1622
448 762
1443 1704
1263 645
1351 598
1320 1053
1332 1770
1261 1083
424 541
1477 560
428 1132
1578 685
430 1273
1762 1741
861 498
1367 573
434 195
844 956
1143 1287
491 969
618 1625
775 296
645 1330
786 1619
1008 615
753 353
1642 946
1165 1192
1168 125
1069 227
1183 1360
515 1650
1565 662
1213 1665
1562 197
1490 1468
440 1357
1399 1006
449 973
1121 127
1417 69
452 572
451 457
1361 1199
1305 1043
1671 1583
1357 1757
1027 1370
862 934
456 521
622 477
1593 558
1345 826
1171 665
649 483
467 1109
1102 583
754 784
985 462
466 656
1472 997
659 267
1159 735
1255 1572
1624 1310
1532 1243
973 1453
1568 557
1398 1113
740 806
1764 622
1732 1419
907 1520
475 1169
1441 1251
474 1506
1163 951
899 208
1328 1380
478 1255
477 893
1638 1678
479 97
476 1236
480 758
1050 7
482 1723
665 531
483 368
484 328
593 1799
598 268
641 671
1211 1527
1085 407
1695 1609
803 736
858 405
494 565
915 954
1708 964
1172 863
978 1250
984 330
699 5
1312 1434
1702 450
497 1411
498 482
1239 96
500 553
1447 675
729 1547
502 911
1151 982
1653 475
509 774
579 461
1584 207
743 204
506 345
503 587
1041 888
1136 399
504 1753
1169 1614
1033 1430
572 306
510 1177
1561 1262
998 397
1349 814
1236 1727
517 211
1576 1375
520 752
1347 1459
1540 1120
1712 120
1446 1615
868 1254
1424 299
1487 1281
846 189
720 1641
1676 805
1440 1413
667 1784
1683 467
793 1195
1196 344
534 402
677 1498
700 442
1628 746
865 317
1017 1408
1673 1754
1315 495
1386 349
724 1724
536 108
541 795
1549 589
1403 373
570 1423
548 958
563 364
552 1238
1519 1081
1786 1378
1394 832
554 240
1365 697
574 578
1721 1425
631 1608
791 1364
561 1124
999 1626
653 251
1231 807
1141 537
1675 585
823 1361
734 134
562 1697
726 952
1613 1101
1779 1142
1445 812
576 447
1570 1750
1029 1591
1465 65
1573 301
1130 213
578 1272
1383 239
1288 949
582 611
818 677
764 761
1062 416
1597 683
1225 143
1138 1673
1067 1454
591 1409
595 1662
678 56
767 577
597 737
893 346
596 1634
1598 1526
599 387
603 1610
806 1747
879 1472
1652 943
891 1476
607 1771
1092 312
1618 147
1010 648
1238 653
1595 852
1526 257
842 1277
679 1680
748 830
772 691
758 152
1686 100
1533 343
1065 547
1428 425
1094 3
1175 809
1759 977
1525 184
625 335
917 593
1022 1749
1336 1499
892 1379
834 1328
717 168
634 1776
1699 667
965 132
1107 868
1389 400
714 369
636 857
638 1119
755 773
1285 975
929 1422
1749 342
1007 1789
950 175
1548 846
1325 1606
1720 1491
1574 1743
757 262
1435 1041
1268 1270
1746 1165
735 654
882 159
661 1647
1228 1237
663 861
1555 1493
1241 668
1247 25
1166 1621
1528 1730
664 1118
1588 169
1651 67
670 297
1502 1347
669 486
1778 966
1612 237
982 1490
675 740
1297 476
1081 657
1167 1103
1442 309
1432 392
1046 1551
1134 139
701 348
702 1093
1035 305
1456 1432
1083 1
715 1478
1448 183
1252 210
716 974
822 1247
836 543
1457 1593
1660 1766
1516 1359
1223 123
738 31
1119 600
1632 1095
930 594
752 1032
763 287
1541 686
854 813
773 680
884 708
777 1537
1043 918
1416 1796
1113 1351
1498 1446
780 1720
1521 1218
1371 142
1318 136
912 1486
809 1049
811 1688
810 1160
1222 798
1311 1304
1404 418
1139 1549
1517 1653
1692 1291
1425 1201
825 87
1321 111
1599 514
830 1261
832 1099
835 1178
847 445
848 880
1547 68
851 1463
855 55
1422 129
1179 1089
1529 318
1280 947
869 1684
933 772
1508 1100
969 36
1616 1123
1685 1242
1303 849
896 1542
908 33
898 898
916 1305
904 571
900 1398
902 1550
1631 119
909 967
911 1266
914 1371
1382 1018
1364 1296
1001 659
945 192
1322 1528
1108 1162
1777 424
1100 1718
1037 1474
974 1326
1053 1337
1560 1186
1233 529
1372 595
1607 1719
1025 1740
1040 1788
1647 1539
1756 2
1346 284
1059 339
1060 1602
1091 1073
1763 355
1605 941
1087 487
1149 1633
1103 466
1625 630
1104 420
1106 1086
1481 1465
1771 21
1327 1125
1501 604
1203 30
1206 1284
1244 1560
1248 1338
1265 879
1267 1214
1266 612
1335 1336
1355 258
1682 1040
1483 843
1740 1412
1522 1565
1684 1367
1678 724
