0 989
2 394
3 1327
1997 1003
1996 569
1995 321
1994 484
7 1148
1993 1848
8 677
9 1865
1991 768
10 1521
12 1337
1988 41
13 903
14 273
1986 1512
1985 187
178 843
375 603
565 72
1393 847
107 333
1088 310
850 275
27 447
756 529
580 616
1331 877
1569 1240
693 894
1127 1547
353 782
1745 1239
1 1156
1999 873
4 432
1998 10
5 166
1992 926
1987 1778
16 385
1603 1691
1237 615
800 609
288 1976
821 874
1167 1515
1375 169
1082 1893
1086 1474
42 749
557 1275
6 1411
11 793
15 1278
1717 482
1422 163
79 253
1089 1603
28 1590
232 714
300 817
1712 819
1235 1886
18 445
49 442
35 701
1667 1462
173 829
955 434
576 1047
970 1022
144 538
1514 1132
1608 1979
1049 1392
1741 1724
388 801
1664 1218
17 1689
1990 1887
19 602
1098 610
1765 425
732 1712
863 1309
1289 1427
896 111
113 695
874 798
641 437
1938 698
1181 805
1877 152
292 650
1216 1418
1756 964
20 812
1812 771
1281 1929
653 839
25 861
1656 1350
1863 142
1194 1323
398 488
903 1851
1559 1826
1342 580
1151 39
21 504
106 31
1294 1459
1900 1544
43 1584
99 707
233 1215
1145 1746
328 663
301 515
814 155
94 567
318 1441
690 1220
257 1138
949 859
1542 754
384 1921
1007 1024
236 1656
1847 1795
377 1110
725 1838
1719 1583
1843 1969
1099 988
1687 980
170 1199
22 1339
23 1825
1478 765
1646 1680
702 320
1673 1023
1039 612
90 595
24 1078
1855 1181
941 299
1334 1941
1939 625
249 1962
1222 218
841 1317
1431 1918
1768 683
1959 737
1344 795
1464 1626
362 1208
132 786
1223 221
1510 869
540 841
1509 1212
740 1467
316 1342
330 1153
1068 1243
60 1075
1150 153
667 73
1069 1708
26 965
845 256
1345 1095
1169 1314
411 1082
280 1405
424 1716
625 792
826 171
1550 138
1499 1782
1989 1458
760 1304
570 129
1327 1348
1254 1032
907 236
703 1582
1743 1478
1973 282
1791 18
1277 1391
895 1536
1198 386
1107 63
30 369
494 1226
1501 40
681 1694
1969 322
29 400
31 1592
736 125
776 1472
221 851
993 475
906 1365
888 1389
672 513
1302 802
1482 732
32 1203
291 274
1707 1173
436 416
1644 86
86 1907
1419 1495
470 1013
1395 912
234 358
497 1460
1856 1751
711 1822
320 1370
1609 1876
704 189
346 1294
685 954
1522 1706
1590 785
1936 360
827 1029
64 1437
152 25
1100 444
33 1722
34 848
1866 481
818 300
722 1209
1037 1657
1915 1163
689 1381
684 1137
720 1373
940 1707
960 974
509 1426
1371 617
1011 1752
1203 591
403 327
853 565
36 825
1418 846
1948 1322
272 82
1823 1715
927 1145
835 855
1694 1971
37 1514
1684 1149
1781 16
1104 21
363 1880
1614 1916
1680 1028
1486 497
640 135
1924 1114
1243 1914
38 1354
624 532
1326 62
1661 231
219 1683
1186 1251
543 1
807 1948
1944 1639
1641 806
192 1133
1820 1913
1956 1205
1121 1790
781 571
914 1382
279 948
752 24
1238 1210
1390 1059
712 84
1123 1982
130 1870
40 1890
811 90
1217 626
1427 483
1019 1965
41 1900
212 119
795 500
82 863
1521 74
242 1410
188 931
1385 1120
1022 328
486 1319
67 1508
762 693
1527 97
48 1442
1483 389
1975 1490
214 420
1612 1333
1115 740
1919 0
1582 201
843 1834
39 486
1649 487
1629 1967
953 634
1179 1531
198 469
1908 28
502 342
1163 1924
44 1058
525 511
678 1978
93 1831
1276 945
1494 1325
1758 1550
1735 1093
45 324
1828 1813
1247 268
438 1101
598 1847
1085 384
848 148
271 585
1343 206
46 1134
1637 836
1967 6
1278 1122
1178 1643
1001 1440
864 1388
57 87
303 534
47 1534
1980 1502
1817 105
200 561
92 1270
1362 1549
1258 1607
1631 1104
244 199
1317 1487
1139 1754
190 1985
1158 364
577 1758
1895 1731
1231 1213
51 498
277 114
561 205
1013 1166
455 50
1752 266
1891 1581
1601 715
613 899
50 181
177 1431
619 1143
429 1696
726 1852
52 356
869 527
591 428
1446 1451
361 48
1879 1483
452 614
1606 1129
822 1263
1816 993
389 960
741 1390
745 983
176 986
315 98
1164 459
340 403
1876 1041
1380 682
1960 293
1433 1733
1316 172
533 190
1922 1995
1892 939
946 337
998 1776
1796 493
1583 1018
1884 1046
1557 1154
53 1580
54 576
55 1714
1544 919
885 1937
931 122
1321 1253
332 717
1260 784
1337 12
56 259
1690 1730
957 1362
1731 1222
1189 1527
1516 1447
1715 628
217 770
136 593
1548 101
1598 568
58 725
997 518
1301 738
193 1727
1691 1787
1696 131
620 550
1459 13
1633 224
1511 203
59 1324
75 208
1830 433
1916 621
1025 694
1686 1742
196 1007
1849 38
1000 952
743 1504
1043 1067
1913 673
348 684
556 1660
61 809
393 1277
742 556
1658 1546
317 453
1677 1605
1377 1858
406 1146
1859 325
62 1843
878 685
866 491
1573 987
715 1705
805 1171
1624 681
368 730
1794 1195
581 1479
255 1747
63 1535
77 1083
1744 1803
1538 1246
1860 1160
1898 296
746 794
929 81
258 1551
754 396
1052 67
246 739
687 1124
1968 1999
1229 1773
721 485
881 506
1688 796
1578 1111
758 176
65 710
66 675
1200 1951
1030 588
1338 961
618 1030
932 349
1286 922
379 367
127 1176
88 958
253 910
477 422
1813 1357
1307 594
1138 915
189 1000
1070 1593
601 362
505 982
216 1800
1585 1958
789 640
68 51
469 1737
611 1667
1515 1823
637 1179
159 1062
1292 1477
70 941
575 1635
1977 1608
1779 332
877 1409
1698 267
733 928
802 330
491 1312
71 1361
471 1499
1773 1235
1097 1670
69 1658
72 1765
1848 1861
1378 392
626 1940
1234 1509
793 1454
1597 1052
1721 60
73 399
1180 1167
642 1330
695 901
169 1216
74 536
589 1182
1961 1468
1852 667
547 489
1475 1704
180 1034
1640 1290
1408 1403
1894 1908
1604 165
763 1710
1807 1530
1009 956
1783 1957
1152 623
1309 235
1401 1616
1815 1620
1212 530
76 1351
652 810
1767 539
1802 1920
1951 775
1232 1903
1432 419
772 1678
515 1565
1379 1830
943 1806
713 1399
311 1439
1748 1233
534 1524
186 1150
796 520
990 435
341 1252
1451 1056
1622 1287
1288 1774
184 1953
140 757
656 1053
952 1891
913 1770
1095 43
1580 263
1034 977
105 1268
871 1579
1340 1563
78 1066
80 1376
245 849
1926 535
1693 1927
81 1125
1184 544
1676 1334
1592 1789
1078 923
991 37
1160 570
1952 981
1805 1352
1834 219
1404 1677
966 345
1872 338
275 1955
1642 212
1703 1772
1513 1061
1626 1602
83 1098
1010 438
263 1701
1627 1140
326 1444
142 1576
1136 23
985 1164
1239 1200
84 1037
1636 251
1929 627
459 1158
1125 1961
1348 1619
484 1051
154 1725
514 505
1564 261
1625 1282
443 1828
925 91
85 289
1818 454
797 811
939 304
532 4
1228 935
87 916
889 1756
418 457
747 604
1428 545
1457 311
137 215
1881 1175
1551 1269
485 797
1323 1131
1284 720
1391 1613
1965 1414
89 606
1264 132
1219 679
548 1360
917 1415
299 1224
354 1944
1018 1659
1537 718
727 1343
1638 1087
1109 270
1473 1009
290 1687
912 1633
461 468
1411 971
91 1428
1962 800
1094 1230
1841 1729
1172 1779
183 853
1562 523
988 466
1014 1353
512 1249
1838 1939
520 652
347 669
1274 1864
1546 1155
408 1669
416 286
944 992
608 1768
1718 477
879 1650
1263 1064
1005 1853
1825 1223
1842 726
1403 413
1632 1753
108 1968
1271 890
645 799
1672 686
707 353
1971 1225
442 247
1978 1117
1720 1679
1554 1147
1083 1748
1983 549
95 827
1506 1311
851 1702
96 1627
464 1877
1465 868
956 1073
1786 1135
1330 1463
97 467
660 470
1912 1741
191 1904
602 1596
1413 379
858 1849
1530 1869
1734 507
1840 1485
98 478
967 32
1067 52
1529 1726
546 713
1472 1587
281 577
162 776
1044 331
473 351
141 1744
897 1168
1425 271
1495 1374
728 837
100 1336
847 1554
101 579
247 397
1727 938
683 1599
813 972
1526 1682
124 121
1653 103
1941 326
273 753
1015 178
155 1525
759 1815
102 137
414 1473
1402 1329
798 1648
1079 1217
880 297
195 949
828 879
445 340
923 264
1091 193
1669 962
1871 676
1242 496
634 1560
1930 586
1066 918
860 1673
1460 1033
563 295
103 1169
104 83
359 426
1917 448
739 1556
1046 1598
1775 997
319 517
873 583
365 1842
1935 818
1399 323
788 402
1778 202
1532 1807
1381 1144
1568 1100
1128 1711
1531 1840
1746 17
1623 1805
1161 719
585 1486
1749 1735
160 361
1710 1044
1353 11
1652 29
1610 905
432 1839
1628 1036
364 1989
621 167
1156 1892
146 1537
1170 49
456 76
599 451
1795 1265
109 1717
1954 237
1073 526
213 1050
123 182
1839 875
986 108
110 994
111 160
836 1398
1055 1506
421 1285
1339 1345
1556 1601
963 1264
327 691
112 1557
1224 990
435 1783
1600 854
753 1522
1931 1019
268 415
1918 656
1799 555
643 735
1106 1500
1774 1307
1873 1570
194 889
356 1368
1705 1119
1057 692
900 431
351 1341
114 92
115 533
706 552
984 885
947 19
1889 1901
116 838
425 319
218 1031
1383 1819
295 1470
842 1364
1251 1417
1681 648
1784 89
1966 243
1084 789
1416 30
117 755
958 503
1536 429
791 35
1704 1186
523 1080
737 1443
1255 375
1165 1761
119 395
1517 183
360 1794
227 624
1061 318
1685 1517
120 1165
567 216
333 1693
696 664
240 283
629 343
937 711
153 1992
492 239
121 109
724 976
433 764
1314 269
118 1569
157 781
1793 978
1555 1397
1175 559
440 355
122 118
278 762
981 871
1365 406
405 307
1367 1316
344 1308
1279 7
387 760
987 446
710 1162
1386 450
922 1258
1173 1232
1140 1430
921 1446
226 1326
1484 865
1041 1254
938 439
479 722
125 1256
126 876
1110 716
1651 1072
1132 904
694 1363
357 1841
1363 494
1591 1274
755 687
664 790
1444 209
948 1130
501 1966
1678 844
1772 973
978 440
1722 1792
128 204
1467 246
1176 940
908 1638
1837 1676
1836 359
182 1558
1168 75
297 417
1844 1198
1808 1297
1620 1484
1221 653
1911 947
269 1464
632 147
1921 168
129 1820
1552 378
1643 1237
1869 1609
1230 888
1800 99
1943 139
665 1542
607 584
1023 1897
595 566
1565 357
654 512
1914 884
503 1420
133 279
605 335
1162 635
1982 1866
1491 816
293 412
131 1562
815 1942
1143 1310
1117 245
1250 1123
682 1528
1253 1385
135 1653
1024 1589
1199 405
1392 1202
1660 522
476 751
1771 151
1062 1932
1215 1868
1702 1445
806 258
134 130
1487 975
298 708
916 562
352 381
1028 1139
458 1071
1166 1293
1481 622
261 1497
1092 878
950 1723
1790 845
1561 1438
1021 350
1421 1769
1389 1507
1103 1791
138 516
139 303
324 946
649 1559
1706 452
1298 1568
1081 1664
1958 1412
968 8
147 662
1310 514
488 1436
475 611
1017 1010
1424 729
1004 1510
849 1118
1723 66
708 1578
1880 1873
207 1413
444 96
510 1555
329 1832
837 1455
143 371
1220 633
1376 917
1602 1079
1753 957
705 113
771 1617
1910 232
764 1760
1398 596
1886 613
1857 519
646 1421
564 597
830 465
1045 197
1821 1172
163 936
145 157
305 1042
423 814
1490 542
1201 223
148 474
549 42
496 1261
1827 1987
383 1917
803 1763
1351 1571
367 1674
1846 728
1113 909
204 600
1586 1284
1674 1015
307 436
1553 1448
149 1623
150 1358
1670 1928
972 336
1387 1906
487 1121
671 1875
1197 1721
151 547
1135 104
1297 1488
1027 45
1287 376
954 1369
1854 892
1806 840
1445 1996
1981 1911
1737 107
587 1720
1120 712
1318 508
933 1375
1182 1386
1293 744
1946 813
369 276
1708 80
674 1628
1453 756
410 26
451 1006
868 632
936 589
926 1728
942 1242
241 1867
478 1954
376 872
1811 807
156 1396
1157 705
164 410
969 94
1350 302
857 9
560 1271
1504 1977
158 71
1618 834
1102 124
1225 1394
1177 1355
571 1963
1456 1804
1492 1812
1508 925
230 290
322 1809
391 128
489 1005
856 1379
259 525
1146 391
1650 882
161 55
542 702
780 934
1137 1096
962 967
901 968
1026 388
462 61
1882 77
1144 953
675 1092
1792 709
1124 630
527 449
1725 1387
1789 1068
1788 1614
809 1055
434 1827
1587 308
1904 1115
554 238
1500 1177
1352 15
1695 1835
165 1335
166 398
1461 637
1206 1936
1751 832
751 1777
832 1781
396 1808
167 196
1452 144
1116 79
168 741
1885 1538
1414 1475
209 1788
1563 441
1252 1983
582 1738
1803 1991
335 1296
761 1856
314 699
1366 1750
171 27
1630 1344
1072 601
172 34
345 1632
1054 590
631 1771
1697 803
1048 194
1819 393
1955 955
174 1896
1488 553
965 1950
175 881
374 906
521 1675
481 329
883 312
1621 78
1036 636
1835 1505
1785 407
1299 1338
1945 46
891 856
1733 1372
1770 581
545 842
482 1871
774 47
1549 1854
553 1262
179 1503
1543 112
875 578
417 1663
370 370
911 1491
516 1540
1129 211
1671 543
1864 1244
181 1817
995 373
286 501
1458 427
1655 390
206 1014
1119 528
854 643
1332 1824
467 354
870 1259
1547 502
1893 524
1574 1501
1810 102
185 774
1964 572
187 126
861 1671
1240 897
606 1567
817 346
1907 443
197 1384
1388 1276
395 1255
1058 857
919 1371
898 510
1436 887
308 1990
310 1045
964 1881
1469 1457
1480 1572
614 1952
535 671
331 1196
750 560
1589 85
465 1566
1925 1063
1657 1231
779 473
894 1320
1668 301
1761 1424
1732 1060
1572 1043
350 1533
1909 265
1394 1434
1356 696
1006 1012
700 1142
1776 727
980 629
1711 1688
1295 291
1174 1366
1149 177
951 54
1476 1349
304 1883
1324 1649
1003 598
1275 820
312 1393
1210 1745
1214 1469
971 788
394 1631
1105 462
816 1641
610 826
989 1126
1305 68
199 902
1207 767
228 1102
1133 592
1449 1882
202 95
1507 1739
934 156
201 1994
203 344
983 1152
824 1846
1659 791
1114 1709
1423 1077
1364 666
205 1980
825 703
994 424
831 1302
1619 368
252 1645
1033 1136
1202 942
511 401
266 1178
1047 1597
977 1922
450 1799
1208 1925
504 1257
1087 1466
992 824
208 100
1272 1321
1370 1301
1256 1281
1970 1076
210 736
1313 759
786 1736
211 1197
1782 192
1442 1518
680 1170
313 661
692 120
544 1492
1415 1862
302 1923
872 1313
799 1930
1485 1591
538 1450
1576 638
536 924
1512 509
769 766
1032 278
584 59
1524 1292
215 1106
287 1684
1244 830
630 1732
229 281
647 733
790 1192
1567 833
1599 1647
422 233
1188 306
1051 1433
1594 862
531 1069
1218 1814
1596 1606
785 309
500 1938
1382 248
1346 605
220 242
1312 127
1303 1283
222 249
1183 1453
223 240
224 930
518 1548
490 284
225 1857
852 1273
738 1103
463 1081
644 234
1096 476
1147 495
1862 347
731 1690
339 411
231 1300
1196 674
1440 758
573 1127
945 639
1155 1699
628 1998
1927 1088
1429 1331
1503 1107
1056 1054
834 1749
904 1407
1248 1356
1520 499
638 280
658 1532
392 185
767 1347
915 1595
262 927
1283 257
235 920
1080 608
920 752
1570 880
1268 1636
237 1564
1581 1090
594 1863
657 1201
306 1543
1468 1247
1063 1465
974 937
238 998
1195 1816
1454 65
1903 1654
1192 143
1384 647
1296 1174
239 1766
1407 1461
1887 1630
1035 1228
1829 1685
1850 1493
282 1190
1369 704
1153 645
248 657
1108 1520
243 761
1615 1094
528 1931
1932 537
566 778
583 700
603 1759
701 1611
801 408
1447 690
1645 548
407 1666
1262 1097
886 1786
976 1288
1675 460
1545 1021
472 563
676 298
1728 575
783 1480
378 763
1897 828
1683 1040
250 1574
1420 1879
592 1972
251 808
1315 174
1713 651
1040 896
892 222
1071 1889
1406 907
1902 1797
1826 1577
887 1801
254 1204
1742 1784
1060 1615
1211 773
426 1899
1325 649
1611 1299
829 521
309 689
1874 1885
256 1933
924 1188
1738 173
439 1091
844 123
1412 461
1755 1539
284 1845
1439 587
1797 1057
260 1655
1928 1621
778 179
499 1425
1754 644
1141 1668
1906 1895
495 226
714 418
1867 911
1798 200
1322 1221
1361 421
679 618
380 1755
267 979
1865 409
264 213
578 285
1979 1622
1496 198
265 1974
1265 1981
1397 1157
1647 1306
342 642
979 1945
270 33
1282 456
1008 134
1396 867
1577 1303
274 1419
982 471
529 1665
1213 1833
1355 1383
428 646
1663 1070
1187 58
1245 564
381 387
1832 1017
276 1400
448 1513
1372 1184
1890 1988
285 540
1171 1340
1191 1874
373 996
474 1496
1780 372
1311 1346
1190 1850
283 458
846 1026
663 1934
568 1516
651 779
1571 230
1466 745
1122 772
1502 463
867 1359
1016 334
1634 1859
400 823
289 1241
1724 850
1933 1802
1665 1113
1833 57
1118 377
1858 2
1801 914
1593 1561
636 1298
336 1423
1053 984
399 1315
294 1004
1814 1401
588 1085
296 1586
787 900
1497 1681
1090 746
1699 1629
1639 557
1477 1905
1766 414
1226 554
1976 227
1463 658
415 255
1341 141
1762 1245
1236 1523
431 670
1984 1947
1588 1829
1064 1112
1474 1700
1077 573
1759 1698
1479 1855
1438 1286
1368 706
1950 883
1760 1912
718 1634
1029 133
1769 1898
1870 1703
959 743
506 1646
430 1811
639 161
1320 64
839 191
1519 1432
823 991
766 492
1154 1161
905 1141
1750 734
437 1915
876 815
1730 1640
1613 1318
321 455
1716 607
1777 44
635 678
1193 341
530 207
572 365
1031 186
323 1183
673 464
910 1482
862 1406
325 1449
493 1159
1963 316
627 1099
1233 117
1249 1884
893 1644
1065 1837
659 893
792 891
334 1511
454 88
1899 1207
1409 1762
337 1191
338 1637
1525 750
1111 1552
1518 1734
1134 1618
555 1764
757 1692
1471 1973
1426 697
884 822
666 1818
650 655
343 1435
552 1909
686 1074
1319 1471
909 1672
604 1402
1764 352
804 214
1126 1798
446 1332
1333 1697
1809 1594
1455 1872
1405 423
349 747
1430 1943
420 582
1002 985
1443 180
1075 188
1616 1946
1050 1919
1617 1416
355 913
655 110
1584 1844
358 1214
524 1260
730 1713
1923 479
483 252
526 944
449 294
1957 36
1285 1902
1566 1926
882 217
1949 195
1666 1661
775 315
1709 1116
1359 136
366 1404
1450 777
507 1084
1757 1025
372 641
1595 225
371 1519
899 804
698 1408
716 908
1822 1498
1560 1229
902 1219
1851 1377
1373 260
812 1793
777 1234
382 154
719 969
615 1038
385 1180
1241 140
1304 895
551 374
386 660
1360 150
558 1986
1270 1878
890 1573
1896 1894
517 742
1726 262
1942 999
390 659
1747 382
1901 1810
559 546
770 1429
1020 1526
397 1719
1662 250
930 966
401 472
402 1193
1448 1686
537 383
794 69
1635 1266
404 480
1868 1821
569 541
999 631
661 1993
498 1049
409 783
648 1422
1804 1651
1349 1529
412 115
513 1108
413 53
1654 769
1400 866
427 929
810 1588
833 688
1679 1305
1142 680
419 1960
622 1456
668 1289
1861 665
1974 430
612 1935
1374 668
1888 1612
1579 162
1701 1975
1076 1089
1417 886
1148 724
723 1652
1740 1836
1700 229
1523 339
1505 558
840 1248
1692 1295
441 748
1528 1238
1831 1105
447 363
819 288
466 1553
579 933
709 864
1934 959
773 14
453 1860
973 1775
1541 1743
596 1328
765 1236
457 1600
928 1541
1493 220
729 860
1824 70
460 1189
468 22
1266 314
1736 116
744 348
734 1481
1335 149
1209 835
1101 272
480 1785
1575 1250
1259 858
1306 1964
590 1997
996 1272
574 1545
1947 787
1940 317
1261 1625
1269 170
1605 145
1878 932
1358 1494
1291 1910
519 951
1131 1757
669 1367
865 1086
600 1211
1558 1035
1273 1585
1410 1020
1435 1476
508 1740
1300 56
782 159
522 1109
1038 1970
697 1452
935 1378
662 164
1012 921
670 1001
617 995
1093 1011
539 1662
541 619
1347 1718
597 780
1227 244
1682 1280
633 1780
1535 1489
1539 1959
550 551
1329 1380
1354 654
1059 898
562 1624
1462 1039
691 1002
586 404
1875 531
1205 1128
1853 731
593 146
855 1604
808 1610
1112 1267
784 1227
1920 1065
609 1767
1074 1956
1534 852
1434 963
616 1984
1533 672
1159 574
1246 210
1489 1206
623 1575
1953 277
1328 20
1336 1291
1204 158
975 1695
1308 721
1739 1008
1257 943
677 1185
717 5
688 93
1470 3
1441 620
1883 723
699 1888
749 305
1042 1048
918 184
1130 1796
820 870
735 599
1763 831
748 490
1845 1151
768 1395
1540 1279
1357 380
1498 970
859 821
1437 1642
1972 106
1714 292
1729 1949
838 175
1937 1187
1689 241
1267 1194
1607 1016
1648 950
961 366
1290 1027
1185 228
1787 287
1280 313
1905 254
