0 322
2 1576
1948 724
1946 135
5 236
1945 845
1944 549
1943 821
8 1864
9 235
1941 860
11 822
1939 1854
12 1138
1938 1435
178 1780
374 97
326 1126
750 1613
1514 277
950 970
1057 1134
932 623
1679 1770
1491 1908
1860 1529
1602 400
1 1594
3 876
1949 706
10 1881
1942 1573
1940 463
1598 1620
841 923
835 406
372 846
429 1014
1115 513
1205 515
4 362
6 1767
1717 288
1126 947
7 1939
1947 1929
15 727
98 229
1116 1552
833 1760
817 1288
1903 294
14 1711
1098 1819
1801 1016
945 1376
1447 1049
367 1230
1176 318
262 646
992 347
1001 34
1105 1180
1363 304
463 434
780 1008
1876 566
1337 1647
990 1028
42 681
1818 1790
13 1560
18 655
106 1218
1291 1410
1921 138
231 1107
1305 522
534 622
575 3
825 514
16 475
690 747
299 1210
1662 879
17 477
20 1060
376 445
1141 451
489 55
1923 1328
97 936
1448 308
227 1604
19 1339
1936 1017
393 1289
492 1705
798 1886
1855 1872
683 1633
751 1540
241 443
1728 1605
681 175
1327 752
23 1533
838 1644
1653 925
73 1292
22 1081
1223 1407
1505 1299
215 977
1689 1912
572 869
586 469
21 1732
927 479
842 337
1906 608
24 1635
1499 353
240 276
697 521
1485 221
803 155
386 78
1294 167
313 1709
1817 1476
1731 446
25 1466
818 181
858 31
962 1442
442 1025
261 129
26 600
27 22
291 1475
377 1323
1639 132
1764 583
756 1444
708 1020
1698 781
935 329
1068 817
28 1549
30 233
1856 1152
1693 280
1067 336
1048 349
31 109
1866 253
779 616
363 1731
1021 966
1243 1639
454 547
32 1876
570 307
118 1284
1473 383
480 408
528 1667
39 1808
259 1852
29 207
482 142
350 1871
662 770
1867 1558
35 194
1322 980
1656 1198
1722 127
316 1464
1439 687
1627 20
34 603
36 553
1641 287
1917 613
234 605
1282 1325
297 1128
383 385
1169 703
1840 1082
1490 631
1629 1509
431 1820
33 341
852 196
473 1811
136 1456
965 1147
208 638
1470 1728
37 968
38 1805
1020 889
1423 641
1732 1363
1415 538
548 981
566 1199
1507 717
995 1884
354 1077
40 632
1915 621
508 650
507 1130
1595 1603
307 165
897 309
41 1845
1435 460
909 917
254 864
195 449
1828 1689
1331 1023
1752 201
855 1617
1107 436
218 671
1673 758
1896 505
734 1438
133 1614
207 1184
1114 1921
1351 1062
44 975
1509 1717
587 998
199 1057
170 1474
43 1505
45 1640
1399 1054
1345 842
1416 922
1885 597
704 1331
149 1273
90 1154
1622 1187
709 791
994 715
46 506
135 763
1774 1181
1381 113
1458 48
443 474
47 1109
866 835
485 47
1853 516
753 874
1603 1634
617 1275
940 466
804 1588
873 256
1256 289
792 66
521 1068
1418 1194
1269 999
692 501
1134 1545
49 1882
51 1206
56 935
96 356
1151 1207
50 292
1544 572
191 867
815 1848
1136 376
764 892
53 144
1348 1071
744 1906
1441 1050
696 283
470 1942
769 1495
1868 1302
584 1149
52 1306
54 1579
997 1496
845 528
1338 611
1073 1257
138 263
324 1229
1811 62
1663 461
515 557
889 1776
1444 1001
1297 1094
335 692
982 1857
48 755
55 1591
57 1888
1697 1190
340 219
1472 1641
1350 1320
394 180
829 664
58 447
1422 1035
722 25
362 313
959 725
1808 126
875 1771
948 1801
929 720
1744 396
1029 680
1553 1638
168 212
720 729
1091 384
1280 108
1883 1156
59 913
60 807
71 873
1214 209
1757 1066
1092 750
705 1702
1096 1214
61 200
300 1775
1163 74
62 743
1551 252
1432 686
1200 1866
1482 411
1284 1264
923 517
1729 955
467 654
637 1382
64 1843
1286 1472
1838 1350
1756 819
1478 810
1182 714
1392 1507
816 1622
1347 584
1608 1076
1723 457
236 533
905 1774
634 895
1512 1484
1768 1846
450 991
1246 1452
151 634
813 1945
169 1678
180 1532
1281 1209
66 1089
68 635
540 952
772 1932
1218 961
171 18
1649 1295
1837 1242
63 1234
65 1501
1884 593
1125 1036
381 310
1143 12
197 1799
67 1263
69 816
953 1611
438 340
952 1400
956 1719
70 1356
589 1536
176 657
1834 858
1894 767
1299 338
432 332
72 1539
963 178
1122 258
1061 863
493 1197
1920 1344
1222 1254
856 490
105 1042
1254 1817
1469 49
642 110
1104 91
554 663
610 1031
74 704
1660 1668
1888 951
1824 852
520 1063
893 886
650 670
75 1055
76 614
596 80
113 442
599 734
77 1494
78 1139
649 834
1712 1931
1778 38
919 275
79 914
88 1310
1657 958
700 269
80 119
275 274
1033 1193
886 1803
563 278
904 836
1826 1574
1307 346
677 57
763 643
1528 1749
1419 372
81 885
1636 716
795 762
1607 99
1185 973
506 589
107 509
1882 1844
928 785
503 169
487 839
112 1708
1890 735
82 1125
85 0
388 1272
83 698
1264 607
1216 628
298 184
86 640
87 1318
727 1075
1593 1040
1428 1425
84 820
1131 1510
1877 1220
608 19
1645 1503
1188 1887
545 1515
993 601
1795 512
89 1048
519 1231
92 795
475 222
1527 741
707 1232
768 454
1121 1847
1097 959
648 348
139 535
1468 1013
128 1269
1935 1492
541 957
455 1713
174 151
1776 243
330 42
101 485
1646 1744
1330 1891
859 198
1849 30
1584 1572
91 231
93 520
1016 1265
666 731
613 748
687 259
1769 1541
1898 877
94 1917
660 780
389 784
158 112
1526 17
1760 1459
967 1716
533 1547
1937 480
766 1661
1412 1527
272 482
1317 1747
95 1116
713 1385
434 1093
1341 492
476 588
605 1524
836 630
351 662
137 1934
292 172
1240 870
1745 740
451 652
1747 1553
1391 124
973 141
100 1874
839 1027
688 1664
282 203
181 1479
901 1517
996 543
212 1142
846 826
99 437
1083 1500
232 355
1844 1314
1900 1606
989 237
865 568
102 677
104 245
1814 1332
659 483
103 1706
160 350
1902 653
161 1384
1806 1654
784 1002
661 1161
1144 1672
110 68
173 439
214 586
1388 216
314 444
108 1394
592 1807
627 1113
1359 639
1591 226
1643 1609
1221 1463
651 116
827 1831
333 1856
1871 788
805 695
109 617
111 297
190 746
1272 1151
1506 82
799 1203
933 1133
702 939
1462 1663
1180 749
379 728
966 1910
1109 1662
447 61
114 736
1079 424
115 242
691 1196
1009 377
320 1834
629 174
163 1345
1394 1267
366 644
1730 1512
116 987
1088 430
1022 1010
958 1225
117 94
1371 831
461 1520
1930 705
1724 392
1352 1262
392 542
1691 1338
497 334
1421 429
237 840
1277 210
1118 798
680 156
1788 147
166 827
1438 414
1812 811
1393 1674
119 604
278 149
1486 606
505 1366
1042 295
1184 32
809 903
1292 1296
120 418
122 358
921 815
1172 1252
1516 1287
123 1432
1192 1213
954 1914
1273 1902
826 26
1382 563
121 1461
124 1342
125 1947
941 413
1440 883
1094 713
1587 1381
382 782
360 938
126 1783
127 1430
1620 1693
1735 214
418 1357
1846 453
1360 529
1538 312
787 1437
647 321
665 779
606 93
757 1688
714 500
1565 1899
1298 570
1186 63
1926 1575
130 526
1869 1121
129 633
131 1455
132 1904
477 1598
603 159
710 1777
1487 1683
1618 1625
247 1386
796 333
653 615
1235 1351
134 188
741 1754
1815 1788
1695 1936
556 1761
310 850
1258 1417
628 1004
1628 254
1070 534
931 266
1542 1123
1142 859
1044 1636
1874 523
1534 255
1025 1577
481 1064
760 507
140 65
403 1146
1554 651
1558 1396
196 1768
1807 548
141 1772
143 1755
1928 1188
1466 1270
257 1551
305 902
1379 1383
1197 1279
814 1928
1793 1680
145 667
142 1750
202 1781
1517 1278
144 1346
1236 478
1623 1703
910 166
1008 465
1274 1514
881 1467
460 1144
1477 382
1586 130
147 1861
1353 618
1910 1073
765 1832
1406 386
1149 1542
1135 1894
364 1084
1334 700
146 868
399 1226
1581 369
1531 1429
1455 1753
148 1120
150 708
925 415
755 296
1703 1722
850 1277
655 525
435 878
565 1069
1030 919
152 88
1407 984
406 930
1266 1534
1014 45
153 912
1378 524
319 853
421 160
155 284
425 587
1308 672
1762 1586
983 16
735 1371
1932 745
154 1418
597 1757
157 1143
1651 1334
1783 945
754 1423
1267 837
250 1026
1702 234
943 471
233 1920
531 1565
325 1337
1568 173
156 678
1872 793
888 367
1797 1408
288 624
974 1652
179 1666
1026 1905
1095 760
436 1827
162 1204
321 1379
230 1590
1313 1656
1069 540
159 1538
960 1237
1842 642
358 111
164 161
465 133
834 324
165 532
1065 1462
1373 1859
414 1367
882 666
729 861
167 125
955 462
1403 857
238 495
185 1863
1571 1392
287 1061
1739 896
1175 1660
793 299
900 564
693 1835
1064 1797
294 1892
1140 1548
296 1164
1713 1561
1405 387
1742 673
1063 1360
1437 732
1701 158
876 208
536 409
1075 1157
1323 1837
585 990
172 50
1736 1375
175 1304
867 950
1127 225
419 247
1933 84
957 51
1340 697
1460 660
501 163
1931 1335
177 311
370 855
791 4
1128 685
1563 1739
1158 920
1841 1255
887 1600
802 10
328 1441
1891 1616
999 1813
1110 1875
1616 1740
410 1697
1667 1079
1253 388
1895 412
1893 1471
669 1543
182 1943
183 1282
810 1145
509 378
339 1707
184 1347
819 592
424 898
401 381
1386 56
543 794
895 1169
725 1251
742 1399
698 1034
1191 1024
187 1045
188 285
479 268
248 916
1006 1487
1715 1470
186 556
409 768
1411 1103
242 1687
518 1907
1357 1893
221 726
478 1669
625 498
1413 1696
189 707
1318 90
1045 1186
1156 1730
1880 325
1666 539
1270 1307
1779 1734
192 136
1162 1684
193 241
1324 887
1600 1243
1761 494
1621 580
547 53
194 420
396 7
279 218
448 354
535 21
898 302
1459 1294
1037 1195
445 1865
1862 1557
198 134
1873 551
1157 1566
616 470
200 213
378 1597
636 43
201 918
462 1354
355 796
1024 206
1333 712
1683 320
203 1369
1484 1202
593 982
773 152
469 1821
1832 1779
204 1053
1901 890
205 1800
1576 1682
607 1815
206 567
343 676
1106 546
1471 1122
1782 602
573 92
1605 1585
884 997
1062 1088
209 265
1249 946
1226 1537
210 1427
1049 801
1854 905
211 54
342 499
1377 1085
1017 1395
213 1072
263 723
1449 737
252 1216
618 301
562 1322
1765 1653
977 1150
1410 1153
1080 484
216 114
1145 1796
1212 1502
639 806
1257 361
217 33
1494 87
1229 1690
987 232
1865 398
600 809
1638 812
449 1108
220 1286
427 1222
219 73
222 67
879 230
384 825
223 1217
1093 9
1465 1786
712 122
771 1615
1881 967
224 1118
225 1171
1248 118
226 1160
1148 455
1285 128
728 1340
1300 1274
228 814
1015 189
1383 1119
559 510
622 1311
782 665
1772 425
979 596
1813 1923
1567 577
1522 1105
1255 1261
1675 1480
892 772
512 1343
716 1015
1265 1101
426 828
1389 390
1241 1618
229 1041
235 625
885 658
1708 1499
1316 1763
1234 1850
1497 1759
1011 14
369 915
357 6
676 1568
1496 1562
411 1816
1781 239
1511 148
811 1433
1483 1785
1474 1735
239 1266
412 897
552 1038
1168 960
1102 1508
502 1825
561 609
730 1897
1690 744
1546 862
1227 282
872 1900
1934 531
733 1686
740 1092
245 488
1325 899
1404 345
246 306
1099 5
1709 573
243 1679
776 143
315 52
1289 789
459 833
1617 1621
1395 1833
1326 435
433 1183
1513 1009
1654 882
912 1
244 35
523 1117
1047 884
1727 1083
981 1271
1053 1651
1089 1798
1321 1175
488 486
896 191
1550 1401
1027 1511
745 240
1179 371
1857 1941
249 140
1767 95
327 351
251 1362
253 1030
255 1368
1215 871
256 537
1072 1766
375 683
331 123
1816 1869
1912 1751
749 773
258 1044
557 1643
1830 1280
645 1488
1275 610
1763 756
260 675
380 1353
267 1675
1619 575
317 928
1845 1645
684 929
1155 1148
498 1245
1569 1414
1694 1626
1655 244
788 29
1685 792
922 1405
1189 1404
407 1129
266 1422
1911 555
1687 1685
746 1447
265 281
464 949
513 838
268 1937
269 1114
270 1005
1800 1582
264 804
1332 1106
471 81
1077 1291
271 262
273 956
344 545
1366 989
1113 1364
706 257
1579 1233
274 11
654 423
732 1752
1572 694
423 1870
1152 1602
276 1021
285 1898
1699 170
1495 481
1384 1090
397 427
602 1099
658 1460
1111 503
1431 13
277 1589
1686 1792
781 1239
1835 139
1539 995
907 1019
1504 1011
1239 1086
1137 691
280 1773
281 1676
1753 619
980 330
1564 1200
283 464
1705 1211
906 1131
1078 410
404 157
1716 1838
1167 1550
1792 1925
1557 1725
483 536
550 1074
286 1453
1748 1080
1909 1580
1041 1794
1647 1544
1436 1823
752 1478
289 824
422 1333
290 1596
1174 797
1529 1235
1224 1201
832 419
1796 847
1004 757
293 854
303 168
978 843
1402 37
564 1378
1084 1173
1552 1862
635 1581
295 1741
538 1896
770 1516
1670 1710
1276 60
678 401
284 684
1242 994
679 1497
1615 1372
1129 690
1278 561
457 360
437 1587
937 851
1847 117
1614 1047
352 908
301 1155
1821 1192
828 1056
880 472
329 1246
1283 146
408 1784
837 24
668 1389
1424 1309
491 1185
1658 1374
302 1166
1368 1312
306 248
1117 844
1594 1677
304 1298
916 1715
672 1468
1161 1595
309 404
308 171
440 554
311 1012
717 719
863 875
1082 300
1260 1228
1457 932
1194 841
1668 1260
312 1095
1370 1608
580 273
918 1136
1601 36
715 761
428 1526
641 1922
1570 1692
1786 1655
1046 1879
970 344
853 305
1244 848
868 380
674 1944
318 1162
1481 1806
664 776
857 339
615 1919
594 924
1000 1219
1028 1756
579 1490
1787 1627
1562 1915
430 1428
860 391
415 1812
1799 1830
1231 395
323 1729
1475 688
444 493
1434 1127
1886 1601
322 1032
1213 576
971 150
824 1824
441 1657
1319 751
646 699
1420 1415
486 153
670 1446
1794 1727
1328 764
332 1358
1677 238
1346 1518
1153 187
1396 407
1451 1648
371 582
334 754
1545 636
1385 926
1365 458
337 569
1039 709
1335 1758
930 1880
1195 1826
1706 1412
998 1933
338 940
1823 502
1634 1046
341 1135
1710 476
1929 849
1741 1498
911 800
1220 927
569 1822
1631 963
1390 988
862 1867
336 701
1123 69
1456 976
1848 227
1087 527
1599 1765
347 1297
1541 1849
1376 1523
345 1067
348 331
1850 1006
349 711
601 1778
1364 1250
938 552
346 1927
972 559
1279 1522
1066 1828
675 220
413 1247
1681 1695
1899 76
353 316
964 1493
1726 375
356 1935
924 1940
975 1918
529 1409
359 1115
1463 1491
1642 1949
1043 965
1905 550
1362 164
1548 1637
361 674
1339 1380
1721 1439
689 162
851 491
365 1913
1829 1853
368 803
1479 1293
1375 1070
1293 769
626 1308
739 1486
496 921
1611 1743
1802 1327
558 733
1822 1276
630 1096
472 145
944 186
373 856
914 438
1661 541
1103 682
1443 357
908 1726
1561 1000
685 1836
1637 1111
1301 1167
539 121
385 1191
1771 1259
899 1673
574 403
439 906
1309 710
1839 1736
490 656
390 417
1425 1481
1700 1624
968 560
869 1258
1400 1485
391 647
619 595
1925 1240
387 202
920 799
1019 1671
1755 228
395 943
494 1465
1271 1317
1086 1457
420 103
398 983
474 1165
1533 668
1566 197
1879 1714
1524 1809
400 1436
1625 468
1165 489
985 1829
402 802
1659 1840
1139 1519
1692 571
1372 738
1081 1290
405 1895
1785 1650
1819 1556
526 979
560 303
631 1174
976 1885
1825 1137
870 590
1719 359
1233 1818
1251 154
726 693
1217 131
1052 1058
1250 1578
1467 249
1804 177
416 352
1640 832
417 1670
1051 1531
527 558
525 1570
1897 450
1007 448
1749 941
549 679
761 1182
1630 1782
891 1742
903 101
1492 1445
1380 1397
1454 900
1583 591
1023 1506
1759 1029
778 1704
874 1179
1204 267
1612 1132
1573 996
1445 978
1914 199
1302 185
848 223
1100 1355
571 365
1464 909
1198 137
446 1268
1644 1387
871 1110
1574 1168
1453 1769
1207 79
1296 1102
452 1324
453 426
1183 830
878 1421
1211 366
456 1938
591 1473
1613 115
1401 1100
484 774
530 1851
458 1721
988 1659
1864 224
1924 271
466 786
821 77
468 428
1711 1911
576 70
807 1359
1515 1802
1355 598
1476 1791
1287 83
747 1733
1262 1555
1288 1860
590 314
1916 315
1387 64
1160 818
1055 2
738 696
640 1300
1773 1567
1031 1451
1154 1841
1754 1630
1720 1241
504 661
785 1163
1680 459
1138 370
723 1253
1743 89
1409 948
516 1098
1166 1746
1238 319
1452 1699
947 742
1329 1839
532 1877
1863 399
701 504
555 775
495 894
499 402
500 1398
522 1592
849 1443
1624 1341
1310 28
1150 1330
823 1158
1315 1224
1261 1623
1344 1315
1588 562
1502 1795
1678 497
786 1607
762 1764
1704 260
1918 270
1784 44
991 910
510 627
1733 1022
1758 1411
511 1842
1206 456
1870 1889
1549 1416
1303 1212
514 102
517 327
758 1281
1861 1377
1582 1091
1597 1883
524 190
1306 1316
1173 974
1892 805
1523 368
969 1793
1159 508
1342 1454
1059 1420
808 1738
537 39
644 261
1859 183
1430 1469
797 41
652 1901
1500 1402
1791 904
542 1584
1556 441
657 969
1836 1238
1133 1482
1858 1370
1674 1249
544 1477
546 1694
1199 1177
609 718
1610 431
1633 1208
551 953
1219 954
1367 578
1827 1559
553 1244
1904 1535
1433 1554
1417 421
1177 771
686 829
1311 530
1777 880
1789 1748
1356 1642
1119 1352
567 872
568 1440
1369 211
731 1564
1237 1393
1304 865
671 335
883 1215
1652 722
577 182
1740 379
578 1140
612 343
581 323
843 893
831 891
582 1037
583 1039
624 1628
588 511
1664 1458
1074 1583
1056 629
1488 649
1203 1762
595 96
1314 176
1919 1504
598 1712
1130 1930
926 1349
1209 669
604 1528
1851 1448
743 739
1050 1610
1790 104
1750 204
1820 1426
1429 1097
1922 787
611 85
801 452
614 1413
1349 100
806 120
1060 317
1010 1737
1585 901
620 702
621 473
1510 290
623 1236
1503 1513
1676 326
632 783
633 86
1589 1814
984 487
1635 1700
1734 1810
638 581
1414 1424
737 1406
1101 1301
643 565
667 962
1247 1007
711 1724
790 416
1798 1789
1038 1419
656 246
1263 1745
1489 986
663 759
1225 730
1450 942
1810 286
1518 8
1775 1305
1397 1051
673 1176
1766 1873
1012 765
1354 1563
1682 405
1575 1104
682 972
830 298
1596 519
1519 808
1498 1112
877 971
1684 1087
1606 72
913 1189
1124 1141
1501 342
1358 544
1361 179
694 58
695 364
736 394
699 992
1887 1052
703 518
719 1065
789 205
1592 964
775 373
1013 1361
1525 574
718 594
721 1665
1202 1868
1707 1434
724 1256
1770 15
1181 1326
1843 251
1245 637
1336 1858
1650 374
812 993
1669 888
748 1629
1480 1003
820 1159
1252 585
1259 689
1171 250
847 272
1671 599
1461 291
986 1078
1446 328
1833 107
1889 1248
949 433
1560 753
1035 866
759 293
767 217
854 881
1132 1658
1090 1946
774 911
1738 1804
777 1303
1547 1890
915 1172
946 27
1609 1546
783 1646
1178 71
1521 1483
917 579
1190 1450
1210 192
794 1903
800 1612
1146 985
1927 389
822 1525
1559 1787
1696 1521
1493 75
1852 766
890 1926
1737 1631
1208 907
840 1391
864 1619
844 279
894 467
1908 937
1320 46
861 721
942 1649
1913 931
1005 264
1040 1723
1230 1718
1201 1329
939 1018
1058 363
902 1124
1085 432
1875 1449
1343 440
1427 1593
934 1698
1555 620
1540 1336
1725 1043
936 1313
1170 944
1590 1403
951 659
1809 1373
1398 1530
1520 612
961 1388
1535 1348
1878 496
1312 1701
1193 1059
1374 40
1577 1170
1751 1390
1018 1431
1442 934
1002 813
1003 1855
1408 1878
1290 1569
1054 397
1543 648
1268 1916
1032 1221
1034 1632
1036 1205
1112 59
1164 1948
1532 1033
1508 1178
1071 777
1076 1227
1108 1909
1120 933
1907 105
1228 1283
1147 1571
1196 1365
1665 626
1578 1223
1780 195
1580 193
1187 1924
1426 106
1604 98
1232 1691
1714 215
1295 393
1831 790
1803 422
1626 1720
1688 645
1530 23
1536 823
1537 1285
1805 1489
1672 1321
1632 1319
1648 1681
1718 1599
1746 778
