01 17
4_5_28_38_46 2_12_19
11 22_39_58
16_25_49 76
20 68_86
31 64
7_32 74
29_36_52_63 65
37 77
47 50
62 8_44
3_6_14_18 82
21_26_51_60 3_6_14_18
22_39_58 01
24 31
33 62
35 42
71 37
77 21_26_51_60
84 15_57
85 89
87 87
40 4_5_28_38_46
50 7_32
53 67
61 72_81
64 13_43
68_86 29_36_52_63
23_69_73 18
75 75
82 53
8_44 33
9_45_55_59 80
10_27 54
34 85
54 91
56 16_25_49
65 20
66 35
67 90
72_81 56
2_12_19 24
41 30
42 61
90 70_79_83
78 88
13_43 47
88 9_45_55_59
89 10_27
15_57 40
17 41
30 84
76 71
18 66
80 34
74 23_69_73
91 11
70_79_83 78
