66 47 0.0135294622355258
84 4_5_28_38_46 0.152603307385329
15_57 74 0.0663055428604697
37 66 -0.0102336768767535
76 21_26_51_60 0.0049310128902416
9_45_55_59 3_6_14_18 0.0029576959922199
31 4_5_28_38_46 0.0618602926569446
53 89 0.0021826880610081
8_44 75 0.0018572378665257
8_44 74 0.0010579175227854
87 16_25_49 0.0930474989131934
42 56 0.006104892497377
30 67 0.0112619783661056
13_43 68_86 0.0044610785604506
67 16_25_49 0.105392183852704
41 56 0.0015968854583169
40 72_81 0.0625725566932376
4_5_28_38_46 50 0.135846192829919
15_57 10_27 0.0074825985320631
41 37 -0.0209557933189198
56 50 0.137897521005715
33 31 0.0958456360698786
67 76 0.216938236675875
8_44 33 0.1210130215696
70_79_83 68_86 0.0039956841971863
16_25_49 76 0.0351126271038248
23_69_73 84 0.0570940376716526
62 87 0.0800512821537809
90 7_32 0.16847252095176
64 13_43 0.0596838129235043
75 20 0.0165975883205852
61 10_27 0.340142799863107
9_45_55_59 31 0.0890867749975922
91 42 0.057402890073141
4_5_28_38_46 78 0.0579589737955361
35 29_36_52_63 0.0264721715107265
85 24 0.0218629247078903
31 56 0.0248409728439701
4_5_28_38_46 56 0.0176339644648341
84 11 0.0805434307242476
9_45_55_59 41 0.195201781911534
61 33 0.0361707542523603
22_39_58 53 0.130149303513788
66 42 0.0334496225626452
20 21_26_51_60 0.0252401571080638
33 84 0.0403456165117762
18 24 0.0520621919338529
22_39_58 80 0.0026905849329036
87 21_26_51_60 0.0884382069289949
34 29_36_52_63 0.0075593072441386
64 16_25_49 0.0147186011363217
35 89 0.0847955475847759
62 89 0.0467117160387563
01 78 0.0380757534919236
90 10_27 -0.0095154545502165
31 11 0.0328058194717616
23_69_73 88 0.0054844989918485
47 54 0.179343074286116
8_44 20 0.108201979512223
2_12_19 20 -0.0995606646360501
61 17 0.149537379207738
8_44 35 0.0368365156256636
91 37 -0.0620699221321517
41 16_25_49 0.0324596508768456
37 18 -0.122974600411458
74 35 0.0329967044765723
75 84 0.130637339189776
16_25_49 54 0.034691353176608
3_6_14_18 62 0.193199938202021
65 29_36_52_63 0.0088299816528893
33 70_79_83 0.176954314563719
21_26_51_60 11 0.0222574262476825
33 4_5_28_38_46 0.107607854228451
7_32 47 0.063209874226677
85 68_86 0.141509762822293
01 72_81 -0.0215901394426617
8_44 53 0.0043377798238704
31 41 0.0217079051575251
8_44 40 0.0245633485811745
85 56 0.0191394619374719
47 76 0.0241288529035535
72_81 68_86 0.0080227460864709
8_44 16_25_49 0.0555436307309317
82 42 0.0528710979024373
23_69_73 64 0.0017132596094234
8_44 24 0.0527403186704469
34 67 0.291928975093368
72_81 88 0.0266800996200941
77 37 -0.0420664640215952
17 23_69_73 0.0328741331640422
53 77 -0.008989785159133
3_6_14_18 41 0.0367220275068988
30 47 0.042133635904661
13_43 78 0.0256173297624851
34 31 0.011910176448362
15_57 90 -0.0060654130538238
68_86 11 0.0440450844323146
40 65 0.0017278781539764
37 82 -0.0754803165306283
16_25_49 20 0.0155682145114488
72_81 77 0.165391425050862
16_25_49 21_26_51_60 0.066109605444026
90 22_39_58 0.0276461155674546
54 24 0.161165367117161
65 54 0.0221205784502074
89 88 0.0376056606365875
64 20 0.0202268492863677
31 91 0.0174405752302478
71 62 -0.041915454443297
01 29_36_52_63 -0.0241821098204699
21_26_51_60 89 0.192149797329562
77 16_25_49 0.0315765691243377
37 29_36_52_63 -0.007882318343684
17 84 0.0665211891407408
20 66 0.0385933655170369
53 7_32 0.115473424189847
41 87 0.0082158468856225
01 65 -0.0313710792028489
17 64 0.0820069689959764
33 41 0.020694107145365
90 76 -0.0358286611077888
80 76 5.06325794766407e-07
61 31 0.0058167635593023
31 84 0.003037087165891
90 40 0.0426006148867846
2_12_19 71 0.0413277002860891
75 40 0.0109033763339926
87 11 0.0303103665031155
01 41 0.0098220704641164
53 29_36_52_63 0.0228700000227444
33 24 0.0169902987757534
75 23_69_73 0.0111894711254643
40 66 0.0360011337669251
30 53 0.0843537916552969
4_5_28_38_46 72_81 -0.0088441823290293
17 30 0.03299327849617
70_79_83 65 0.0549860161615867
3_6_14_18 40 0.122473132626167
15_57 30 0.135058530387363
24 11 0.028596015939348
8_44 66 0.0542773001910762
62 11 0.0381519302801774
23_69_73 10_27 0.29045109652278
41 91 0.0220371905999672
74 50 -0.003687883254744
41 72_81 0.0217244336441236
21_26_51_60 88 0.0766869748668459
62 40 0.0896258073470589
65 88 0.130236589687001
31 20 0.049435560539002
66 89 0.105099480976899
71 88 0.0994040918817008
20 18 0.0018014145500236
23_69_73 4_5_28_38_46 0.0363504909583231
53 47 0.0354609034002568
15_57 67 0.0036957423953518
70_79_83 11 0.0407388121615156
16_25_49 82 0.0087462807366103
31 7_32 0.0268339350488443
31 50 0.0516019099920885
13_43 50 0.0538732220425277
64 53 0.0575842246063912
64 21_26_51_60 0.0177062705781248
41 82 0.0119846524349986
35 47 0.0799943980737127
7_32 24 0.0135011696149462
41 21_26_51_60 0.0305642312784644
23_69_73 78 0.0245142788335831
82 29_36_52_63 0.125228927555788
3_6_14_18 66 0.14187160331634
62 66 0.0304920726058461
40 76 0.0093466162725872
10_27 11 0.0150079923422665
8_44 80 0.0322609007940943
84 13_43 0.073814462459781
62 80 0.128615097976815
80 78 0.0315502233000503
9_45_55_59 01 0.401334199303551
75 11 0.0580318550083095
90 29_36_52_63 -0.0095257582664727
70_79_83 21_26_51_60 0.090574387715646
80 67 0.0313417877535066
31 21_26_51_60 0.0295384776088705
75 21_26_51_60 0.09158579953483
13_43 4_5_28_38_46 0.0742214600475671
65 72_81 0.0684726783214556
42 21_26_51_60 0.0371271502531368
77 89 0.0263988061962595
62 53 0.0092858919424714
67 21_26_51_60 0.010112178475893
34 72_81 0.0081679480299397
20 24 0.137824913719147
62 41 0.027243481319907
8_44 62 0.0832450968308132
9_45_55_59 88 0.002788358211764
90 78 -0.0108000356611846
33 21_26_51_60 0.0922024644096126
2_12_19 50 0.042376255652137
23_69_73 37 0.0534544412685146
50 11 0.0473096867812511
8_44 41 0.0472824465954356
33 67 0.010486133880366
17 74 0.164843279650793
91 20 0.0422937851635503
2_12_19 65 0.0282080489803072
8_44 3_6_14_18 0.197791978829859
85 4_5_28_38_46 0.0262969892732606
33 13_43 0.0493143075912745
8_44 89 0.0037893861796401
90 53 -0.0726954314703535
01 16_25_49 -0.0075427444588686
70_79_83 50 0.0984737842745134
31 64 0.158249475779044
89 11 0.0058805250754105
3_6_14_18 76 0.0430013159100032
91 16_25_49 0.0461097853927009
3_6_14_18 87 0.0968355180860353
64 47 0.0293620841314174
22_39_58 47 0.0647065336827579
29_36_52_63 66 0.0569981134519313
74 47 0.0277281221612413
34 78 -0.0089644767146042
17 7_32 0.0176163119159581
76 54 0.116802922424556
66 21_26_51_60 0.032451791087441
8_44 61 0.0174639588182349
29_36_52_63 47 0.102059329775405
15_57 23_69_73 0.0183515249621903
65 18 0.0116633016768375
62 16_25_49 0.0138087677315423
22_39_58 40 0.0273764007562863
16_25_49 29_36_52_63 0.0097049544794014
88 54 0.0246725280733865
01 76 -0.0152384700179242
70_79_83 56 0.0064578827007133
85 70_79_83 0.0295286351739349
75 13_43 0.173178593738023
22_39_58 30 0.0939419871682317
2_12_19 21_26_51_60 -0.0222145007326536
75 56 0.0255982025622434
91 89 0.0034337493184392
90 4_5_28_38_46 -0.0053635689138485
53 76 0.033925523942363
18 82 0.0382431792963586
34 65 0.0159721156660341
61 74 0.250751169557975
34 54 0.0298548420323113
85 75 0.0281781932122571
80 88 0.015478815737163
22_39_58 74 0.0934742924106011
22_39_58 67 0.0875188585603425
80 65 0.115090601101475
4_5_28_38_46 24 0.0272877507214983
8_44 87 0.0337404259477405
3_6_14_18 29_36_52_63 0.0028239477211087
65 87 0.073679085485217
22_39_58 35 0.0794978515606475
41 67 0.0234353111821093
65 16_25_49 0.0137814255355042
3_6_14_18 89 0.0264406644225356
53 10_27 0.0124532803226452
62 35 0.0032640346543122
3_6_14_18 21_26_51_60 0.009259559590599
80 41 0.0207507960612014
15_57 84 0.0284489840960341
2_12_19 78 0.203101542093405
29_36_52_63 54 0.179967100481012
67 65 0.0132303964166458
70_79_83 62 0.0385604454805138
13_43 16_25_49 0.0206784067585235
53 65 0.0002236504077295
56 11 0.0733832658565732
72_81 35 0.0836841532893518
42 89 0.282021357394182
62 20 0.0146470774198549
64 11 0.0591222592392747
4_5_28_38_46 87 0.0309894145560116
80 87 0.0055825578685874
9_45_55_59 22_39_58 0.0149669742738921
90 37 -0.0503472431033736
16_25_49 35 0.19802176839846
74 7_32 0.0308603968176911
30 29_36_52_63 0.0091064988420035
33 23_69_73 0.0195469200355806
3_6_14_18 67 0.0011576980725617
71 65 0.0970223589644383
70_79_83 41 0.031499062824274
16_25_49 47 0.108012535601938
2_12_19 80 0.315297683043771
34 01 -0.0398992082717668
91 82 0.100183418284013
35 21_26_51_60 0.0205888880871856
82 68_86 0.0072276023125307
2_12_19 85 0.093508208032157
13_43 11 0.0786112292514454
13_43 56 0.0292941993867115
31 47 0.0450523208268638
30 7_32 0.0365096918912879
7_32 18 0.0559684167815627
17 75 0.0002591291270171
29_36_52_63 76 0.0969002192305687
71 78 0.174184512620175
61 64 0.0141573906755173
33 64 0.170990173568133
01 35 -0.0069192890730927
66 24 0.0963529809689941
8_44 77 0.0250197320164478
7_32 72_81 0.0789593777802582
70_79_83 24 0.028384457771692
85 91 0.160744699614452
8_44 18 0.0158081888702628
17 53 0.0536961907468975
71 50 0.129182777563228
62 64 0.0316727886218387
41 20 0.0682026332501001
91 56 0.143823239427447
9_45_55_59 21_26_51_60 0.0104169725621476
82 66 0.0032659445143405
61 7_32 0.050728104871925
77 35 0.104746860971457
3_6_14_18 11 0.0786098950437001
67 35 0.0224849799551996
84 89 0.0001321630222784
84 64 0.207992128841502
64 7_32 0.0154459645342733
68_86 50 0.0035285555176351
30 35 0.0274466076831253
75 87 0.0005897098571766
33 87 0.0074718089671275
8_44 67 0.0073664739701929
37 42 -0.0398107333175368
78 88 0.202422935082006
33 30 0.0169157406481733
74 53 0.0121069176177053
15_57 53 0.137372841529445
33 16_25_49 0.0554632064159324
61 30 0.0501410297021273
67 54 0.0058786925532643
30 74 0.43606523663635
65 50 0.007701669209634
70_79_83 82 0.0127730248410722
22_39_58 77 0.134147834644541
70_79_83 31 0.0970254414296079
7_32 78 -0.0173011370631694
4_5_28_38_46 11 0.0897009550920481
87 89 0.0083160498461086
84 10_27 0.0479447878997423
87 82 0.0080748592546368
61 23_69_73 0.154965512305656
87 88 0.109356401478247
84 68_86 0.0074302072685424
7_32 65 0.0305127325028045
4_5_28_38_46 47 0.0141207337502725
65 82 0.124440022065647
64 10_27 0.0033208303716649
8_44 91 0.0155362217385898
22_39_58 7_32 0.0695476819737056
34 50 0.107127660342416
85 50 0.0843405259986842
9_45_55_59 37 -0.012963871633975
7_32 77 0.122348118385104
71 4_5_28_38_46 0.0245506903175836
17 10_27 0.13712049437007
2_12_19 68_86 0.0929892170199608
20 56 0.0655887524891441
10_27 47 0.0654274726265675
4_5_28_38_46 37 0.0350644144863235
90 77 0.322437426556462
70_79_83 91 0.0672102096649154
71 11 0.0396515638490995
9_45_55_59 62 0.0392548765929113
22_39_58 72_81 0.0156045480611237
40 89 0.0186307864289689
40 77 0.0861520503947661
62 21_26_51_60 0.0166558742911214
41 88 0.0306423361549055
40 53 0.0911210824307737
68_86 56 0.118559078785226
20 42 0.181663986848116
34 13_43 -0.025135298005114
75 41 0.0312316069586715
70_79_83 87 0.210551590489159
33 75 0.0517999650020428
15_57 75 0.0123743915512316
91 21_26_51_60 0.0480228013149041
61 22_39_58 0.0492414580263985
7_32 35 0.0393846502910225
41 13_43 0.0428787529370317
78 68_86 0.0220998413095194
8_44 29_36_52_63 0.0410328756787391
15_57 22_39_58 0.1240742067706
9_45_55_59 89 0.027108232509969
64 4_5_28_38_46 0.150120735888417
7_32 37 -0.0599038592936585
65 91 0.0875149811038559
90 72_81 0.371604339015379
31 87 0.0143644437363551
20 89 0.129922391214214
31 66 0.0298488087258814
8_44 65 0.0123417007595894
85 65 0.135122135853925
35 82 0.0372222203377217
41 54 0.0159879645563426
84 78 0.0516187711010388
64 87 0.0646080097693192
66 54 0.005045914996377
74 77 0.0052462443320919
75 16_25_49 0.0127949618755667
18 42 0.0403973783562113
37 78 0.147887416509065
