0 1070
1849 64
1848 1450
3 275
4 11
1845 1725
6 487
1844 5
1843 1434
9 1224
1841 136
1840 105
11 1233
1839 1080
12 1370
178 976
1032 527
1240 485
1398 887
1715 694
917 1427
1638 1341
1596 304
1207 1166
486 209
841 1001
1 646
2 465
5 1188
1846 1179
8 213
1842 418
13 1326
1591 639
923 512
542 315
1173 1259
1813 1183
271 33
455 644
1847 378
14 496
1717 46
968 794
210 288
18 862
1815 1729
1182 1538
1254 1563
1308 951
7 207
1456 1402
1081 1549
1338 871
778 1069
1289 237
786 191
1192 1516
10 1391
15 324
16 1151
1098 448
513 832
26 265
978 1357
1107 1711
1056 323
1058 1575
148 263
1780 1472
25 1340
877 812
1757 1292
1656 1251
445 1227
1526 726
1030 76
1170 1056
196 1829
739 934
1556 1701
385 504
552 1803
799 543
1662 413
1443 998
313 1539
961 1248
17 514
106 195
858 1797
1701 956
488 147
1364 459
1641 562
954 1216
985 1200
19 157
690 506
386 738
872 1202
1235 1011
57 1140
1635 1407
506 109
1631 834
300 999
374 1193
1484 161
707 340
909 482
1721 1428
638 567
610 411
349 1643
1257 258
952 1548
20 1688
947 713
379 1219
837 634
611 1781
1168 1684
21 1742
22 1716
878 224
658 1093
830 26
1126 368
1515 1770
23 460
834 1156
824 636
1068 38
876 1492
922 1432
24 1747
1497 43
479 1524
1820 1487
539 1108
1079 508
1093 710
1614 395
648 1418
1185 238
1089 1298
1161 1104
1262 1633
117 365
540 804
1655 1217
308 357
896 1648
1675 1507
1499 248
127 662
1005 766
948 266
1818 439
119 1644
797 915
770 415
1410 635
1122 287
795 1073
27 704
654 1431
470 1817
641 7
28 570
1833 1112
1579 630
982 1057
1021 1527
730 45
1493 1178
201 1490
1832 1017
29 407
291 1775
1015 1499
157 1208
596 781
1253 1278
424 1092
1679 1035
343 1635
30 330
43 921
705 1041
1502 1574
972 767
991 1367
881 547
68 1161
1449 747
433 130
1823 1141
1534 1690
363 1257
1116 910
880 380
1796 240
31 153
32 523
33 578
1580 672
1036 585
76 987
34 1439
624 1727
1236 1717
695 1020
299 837
1730 931
335 1842
1247 51
951 466
35 503
1314 198
1649 699
305 654
85 1800
1002 1336
321 1482
330 1004
1618 325
893 175
630 542
103 717
515 1347
1265 1203
260 447
36 1098
934 176
1024 1322
631 1346
408 1629
1280 700
1559 1494
37 1760
155 1798
1625 450
1750 140
1351 1724
1464 1771
39 1048
933 1253
788 423
1647 1438
870 336
397 898
1187 1101
40 373
310 802
512 1515
927 1782
1115 828
1395 778
1643 1692
38 1533
41 963
1828 809
1830 1231
362 1184
1644 497
42 525
817 334
1454 425
1494 959
1148 1398
818 744
898 1824
1359 1553
216 1309
1770 127
45 180
1749 139
490 1399
1102 154
477 1459
719 1672
164 404
44 1500
1458 1383
112 34
1263 397
452 1389
173 997
849 927
1670 166
131 668
302 825
1476 1425
1258 84
663 1748
527 318
1129 146
1228 138
451 421
46 1726
955 936
1050 1758
1326 47
846 116
508 1201
1542 1839
1824 1585
138 1333
395 1517
256 1541
1160 1437
1687 1659
47 876
1373 331
500 1809
1191 96
1727 1610
862 178
1724 566
347 1519
1096 1586
82 1268
1123 1566
1665 23
1471 1749
1331 70
407 967
235 788
50 735
1755 231
801 1449
941 724
458 524
53 118
64 1311
1362 588
1209 1422
294 24
783 260
48 582
49 60
51 1646
1544 1276
314 1796
1076 918
520 964
1571 980
1334 1709
823 1352
1748 1605
855 1214
52 1808
189 722
545 678
1418 500
1709 746
725 1173
1597 1594
1283 721
1287 1213
1683 1045
633 177
1246 675
594 904
1143 1097
54 682
997 1303
1478 0
1531 80
55 1239
236 297
398 782
582 709
204 647
727 1027
529 1387
56 361
1700 1641
758 129
336 1837
176 748
1014 1675
1797 162
1660 372
483 797
850 1420
1803 1331
971 101
163 857
1743 1826
58 216
390 1255
735 1130
1407 353
826 1111
847 1780
571 1374
86 1828
692 31
1720 750
1090 1606
1179 801
1491 687
1587 389
1389 1127
1754 1262
1065 1570
531 728
60 540
159 392
1295 1030
1783 558
252 979
1512 641
1375 246
1759 576
1568 993
214 424
61 1653
1594 1107
135 360
387 1419
1243 712
1379 1018
1390 113
1200 313
123 1443
487 592
533 1615
1073 1733
1033 27
406 1430
1447 1649
59 1833
62 556
63 1254
1286 652
102 63
1224 935
615 19
1301 1623
1006 1147
637 1654
312 1451
65 982
250 158
1710 1712
1430 1165
1729 779
642 731
809 780
352 597
66 1528
1663 458
1799 1790
977 145
652 1627
548 1280
861 1767
1152 677
1746 909
439 1025
1100 1242
942 522
503 1132
866 1019
1357 521
821 1355
807 1845
67 406
1203 169
983 1061
1806 350
1811 307
502 440
1745 379
664 1801
589 228
1509 867
1455 897
69 798
70 643
220 968
244 268
1639 688
1172 888
536 977
497 650
1266 509
71 696
72 661
773 1583
1363 438
329 579
241 420
1385 986
1451 1121
661 1822
1637 1579
73 1526
74 928
990 1764
1350 824
1545 199
939 1757
1196 839
75 1084
338 1085
629 962
619 810
1439 227
449 1540
1349 1660
1498 1297
77 952
889 1779
215 1368
1142 1805
626 1668
217 1225
459 1551
1232 478
169 949
275 785
814 345
388 875
601 1332
1557 1708
333 1448
78 30
79 708
80 719
906 1806
672 1003
584 965
1650 684
81 1542
1636 1181
1128 1462
1158 528
1442 1662
1781 1571
405 593
1436 1535
1004 575
1431 975
417 1079
394 1065
1672 619
1304 1464
120 115
1370 894
1178 204
966 435
1027 759
919 370
726 617
1609 981
1584 1076
1681 1642
1474 1825
83 955
84 1678
415 259
1539 667
686 1612
1329 690
447 382
860 550
1264 944
1564 1153
203 1457
1599 1647
1738 270
1838 1429
472 572
1794 770
1305 737
1602 441
953 342
1140 112
95 1423
1212 1282
101 52
1761 262
984 838
1593 1305
760 479
324 352
1131 1197
219 18
430 784
268 613
87 1154
88 1115
89 400
1097 1792
516 1372
180 375
284 308
1130 984
568 1344
171 891
1292 1051
90 1588
110 1005
432 217
659 1249
91 930
158 625
124 1410
747 58
597 616
1003 771
874 74
600 1071
1470 940
473 720
733 1591
1628 598
92 137
660 900
460 768
1012 516
1157 1511
411 631
868 1620
94 623
967 954
491 1272
1785 426
418 85
422 196
211 1210
254 257
567 889
93 172
1150 409
298 476
1051 335
1271 390
557 679
96 89
713 1281
1066 727
1668 446
530 1277
729 1302
1302 71
767 461
1558 855
109 1177
710 723
1519 456
98 605
598 920
494 1736
272 1134
549 884
899 282
924 326
97 1066
99 1354
226 1715
1648 1212
550 142
1387 1026
1578 1050
668 848
100 830
1510 531
1611 1751
1736 1710
816 1380
1259 1321
1054 1042
940 1601
270 1206
1242 1185
945 1744
1760 1291
326 1832
1046 583
1078 319
561 1416
519 637
932 65
207 1285
481 890
1492 776
160 608
165 1211
149 1794
1426 327
1277 1559
104 225
105 385
1697 1785
421 1821
1193 1359
288 190
281 847
1310 1289
337 32
1452 1486
429 1554
744 1679
403 296
1483 1759
696 160
929 1058
212 1761
436 736
213 369
108 1671
987 274
1074 655
290 1353
401 1323
1798 1698
828 831
107 201
1343 483
1214 1078
1141 412
734 387
1546 568
1576 1602
1789 36
1408 1657
177 1412
1383 91
1147 416
944 1067
1034 1232
613 100
266 1040
1175 468
111 54
1711 1512
188 1306
683 123
1435 799
414 1023
1688 1294
1095 1279
1291 938
782 1547
651 1441
1194 1348
691 1046
1588 1807
565 78
835 363
1298 1400
1366 1386
113 1743
1423 148
1328 1466
528 273
1831 1562
114 917
115 1452
1358 1639
1504 490
1462 22
1299 1557
665 660
563 886
377 526
237 893
864 1847
151 286
981 943
1548 1814
116 8
118 865
278 1230
1307 632
1669 393
753 950
510 1191
921 600
1733 502
914 174
1344 974
1624 1319
384 1844
973 343
126 1060
750 958
1658 1478
121 1131
122 1421
1356 826
768 1102
1355 607
1677 1120
166 676
181 1351
827 621
357 995
125 128
1620 1396
328 555
1566 970
251 1310
970 1000
892 436
988 73
1445 1485
575 202
678 789
1342 1136
566 355
588 484
410 1637
1707 870
128 149
603 1157
1400 988
1592 150
461 1799
1694 840
1169 1823
130 1221
1487 57
1312 119
1737 1630
129 1029
132 173
1716 591
1533 210
409 103
1768 1236
469 20
1405 1159
133 1126
556 480
736 1195
315 208
457 1483
134 1174
453 925
792 1476
958 1600
136 703
815 769
485 1714
194 279
1267 1339
137 1628
1025 1569
1735 553
1367 1687
139 510
1766 391
1110 1686
140 1469
147 320
1772 929
279 359
1138 1114
1678 537
957 252
1137 1819
1333 1385
1773 1481
762 451
228 868
1473 674
1091 859
1804 1238
1612 1468
518 398
141 1228
142 671
145 1673
649 580
1237 589
1026 1094
1208 1493
1685 1484
1603 1269
143 1198
146 874
1135 1149
1229 1044
1422 1275
246 1693
969 68
1428 69
1273 233
396 1329
144 620
595 98
1629 1582
381 1683
1413 1750
283 1568
1448 42
1771 707
1674 86
183 961
848 1694
1380 1392
1812 156
650 1556
1434 716
935 9
342 1546
1013 1827
150 732
1634 272
427 1270
591 1010
1120 705
1682 236
376 1405
1371 1625
1007 1037
463 906
1613 1480
974 957
464 638
153 183
1000 1116
789 1250
791 557
1787 1731
152 908
154 1122
478 656
1094 629
1705 1196
466 518
476 565
1540 683
1479 152
681 1651
419 622
856 846
404 626
1268 1506
1505 538
156 364
514 1125
259 1813
1052 1293
903 628
1747 1316
1217 443
1450 761
926 932
297 1658
946 62
688 1496
276 475
1045 463
617 601
190 1544
632 858
170 1401
687 664
175 1471
456 513
1671 1192
790 743
943 685
865 131
161 278
162 344
1521 188
831 1077
172 1746
1064 850
269 1204
1055 1638
1353 285
647 184
583 1271
399 396
1666 222
1278 978
1621 1713
1062 337
1466 164
749 182
446 1036
368 791
1117 1180
728 349
682 1168
1132 1176
1421 1124
167 604
168 1049
1732 1343
1511 1081
1321 1164
604 1655
454 292
1216 14
1114 1445
1739 1700
253 740
699 805
1726 833
249 462
443 1373
766 864
1146 429
1606 1769
484 902
1622 762
1019 945
525 1681
1154 1442
345 1573
462 914
174 1543
1543 35
1099 1536
1440 1312
441 1222
543 205
1134 829
370 1220
669 1670
949 1460
1467 1584
359 860
511 892
740 1284
1119 314
802 192
1589 701
334 554
1337 1087
1561 4
537 1062
852 1207
1788 1034
976 1129
1633 715
179 1308
676 1505
1673 1723
1574 1307
358 711
639 733
560 133
1508 2
1827 730
819 764
304 749
182 686
389 775
1686 827
1417 247
606 815
693 1205
1306 1458
184 311
1821 21
1181 793
185 1841
1690 1576
901 1158
546 417
465 267
186 753
890 1008
331 367
781 1645
579 777
1573 872
1575 97
187 104
779 1607
1040 1521
915 107
1776 87
317 1209
1661 1072
1632 1390
467 648
1369 1465
1165 1328
822 819
232 739
1162 821
643 1266
1105 1755
1800 1337
355 1835
956 1604
670 1719
316 28
787 818
191 1766
192 670
1324 1261
1411 1123
1420 277
989 786
674 234
504 374
754 584
193 1024
937 1381
320 366
1381 1454
195 1666
296 1152
702 445
1414 15
1029 1491
1061 72
1429 1264
197 755
1347 1175
198 1031
618 1840
287 200
1807 1618
437 517
200 863
752 1
523 1818
673 388
1703 155
1623 734
199 587
351 1440
202 787
1180 141
1274 807
657 877
1276 532
1284 907
1151 1784
1023 1545
1610 624
474 742
1009 546
1784 842
205 473
1109 1327
1088 1022
1409 577
303 449
206 189
1782 1361
718 1172
1532 1273
1742 181
1345 633
1777 618
1567 1186
208 574
886 1138
1323 1617
1640 1167
1836 249
1725 1740
569 1047
209 44
1184 1626
918 594
1472 1335
1805 790
1482 913
496 1728
1501 403
1642 505
1043 1091
1149 627
798 481
1391 586
1171 53
289 1786
851 880
263 384
1188 1555
771 946
704 563
572 332
1438 1265
839 924
1713 765
1427 48
635 1812
1297 718
1758 40
218 901
1270 1560
1261 552
1433 467
248 1054
794 816
544 223
1530 491
636 702
1279 1330
998 1532
391 99
222 1226
996 1667
221 56
1506 1299
853 1463
1486 611
224 606
1604 280
223 942
339 873
592 844
1008 1290
1296 1682
1793 808
1461 1572
724 165
264 1371
225 939
227 1247
675 1461
261 971
341 1379
229 1315
1313 994
1309 235
1712 1334
230 1596
1041 923
1764 603
493 1531
1403 289
1696 1263
1080 596
1059 1598
1523 79
231 442
1554 541
912 1567
1816 883
1016 851
1525 111
233 1695
234 1088
1693 6
1441 681
1551 953
1281 1324
364 1674
1190 1489
1774 1608
1547 813
1654 1246
238 972
239 1015
805 299
435 244
240 1565
1744 530
1346 474
242 1791
1127 725
576 1609
243 1375
425 1473
438 854
262 495
820 151
1335 533
1718 250
621 1235
1017 1404
1734 1580
245 1624
1406 1063
741 1414
963 452
360 1300
1572 134
884 1245
832 427
247 1836
448 1691
793 960
426 125
776 170
1048 431
1388 1082
829 559
1336 1187
1825 356
1238 1705
480 1663
845 81
1392 1804
1809 817
1626 1632
1106 1358
765 1436
1230 1529
332 1083
1047 498
916 947
559 1503
255 1783
1607 1382
1460 1021
928 1234
257 692
885 1702
380 1364
1741 1215
1221 253
1495 256
731 215
578 1446
554 896
1145 657
1218 376
634 564
1393 1006
599 1053
570 1776
258 1320
605 179
608 1508
959 321
1465 1099
489 428
1691 212
625 59
573 29
265 1522
1330 1274
1352 75
1118 13
717 1756
751 1075
507 271
785 486
590 1846
574 1534
1459 261
267 132
1183 1704
327 1741
1653 1590
1082 291
285 1592
350 1406
1376 1652
679 1830
1446 658
522 1199
273 290
1317 1258
1826 121
1365 1558
274 549
318 1252
748 1631
1215 1105
1503 1774
1121 520
1667 414
1496 1007
277 214
1646 1090
712 338
1529 186
803 1218
416 346
1704 544
800 264
1318 1578
1339 1634
701 515
1354 1789
1087 1296
280 281
371 1773
1689 879
1432 689
1829 1495
1779 1260
1490 1189
282 108
908 878
1565 519
577 1444
1186 1304
1651 1095
286 110
602 1415
450 1788
1791 251
812 1467
775 1128
1325 845
1010 472
620 1356
882 1834
1605 1734
925 571
883 1155
292 697
842 230
1028 905
1834 106
293 1135
1722 1502
393 609
1560 1619
1615 1086
1659 595
902 551
666 757
295 358
1189 1816
653 1696
1702 933
1664 853
1822 1384
361 1028
1031 25
1424 1677
1537 1267
1795 1697
1837 1765
348 1103
301 752
609 649
1368 243
900 1523
1752 1190
836 377
420 301
759 255
1220 529
306 903
1108 1510
1698 239
1598 1143
738 1621
383 1110
737 1349
307 772
995 194
1617 680
309 90
1049 941
844 706
843 437
1601 1409
498 763
372 83
1223 1016
838 37
1386 453
1695 669
311 1581
769 653
1549 305
1231 394
1210 756
1516 581
367 969
1437 317
1167 814
722 312
1249 1661
1657 856
1020 1417
711 992
319 298
1361 1012
547 12
680 795
440 1470
1124 1595
761 434
322 666
1778 1119
1125 1171
993 1360
323 102
905 916
325 569
1378 1587
746 430
1053 348
1581 1513
622 1113
1282 1745
344 354
1069 501
999 841
1384 760
756 1411
581 1287
656 1068
1311 1849
1550 302
1111 852
1327 560
1241 1376
698 143
1719 693
1234 95
1144 823
708 989
340 1237
1195 144
1377 329
1075 50
1527 1338
346 973
804 218
1676 1013
392 843
1412 536
1790 665
1139 535
492 640
780 1778
930 1762
1288 534
428 306
1260 405
796 117
1269 77
365 1603
1092 1059
685 1194
353 1739
1044 1363
1627 1150
1360 1100
1213 1614
706 1109
1756 1501
1463 408
378 691
628 219
354 94
356 1613
1394 1737
863 1518
413 39
1714 1146
1156 203
1396 673
1585 1014
1416 1732
366 1362
1600 294
1680 171
700 185
1555 410
1294 284
402 1664
369 1435
962 1730
1590 1139
1541 590
541 1810
1645 470
894 1497
1570 283
375 135
1728 1314
1303 269
1507 1525
1113 66
1480 1142
1520 751
965 545
373 1106
1569 1117
1300 1366
1084 1777
382 1133
684 1475
931 881
810 745
911 1720
813 226
423 1453
755 1577
1070 885
720 714
1769 1408
1399 126
1133 511
1340 1096
1211 1680
400 820
526 229
1802 293
1293 254
1001 1162
1708 1611
875 167
1198 339
412 729
1562 1564
1104 1160
1814 351
655 1665
1401 1413
950 124
645 1735
871 399
1485 489
1786 1033
1630 1676
960 926
524 1365
1751 1074
677 1395
468 492
1226 92
1072 615
1535 122
1444 477
897 1754
1489 221
1513 1301
1586 422
431 444
1159 381
895 548
434 488
521 1537
1808 1599
1374 1064
482 1038
1042 990
442 561
1233 1811
1272 1394
1767 1787
444 919
1275 494
1699 206
703 1039
1163 1474
1706 659
1202 433
1528 1403
1067 651
1684 937
1022 1240
1341 806
1071 1455
532 1738
1285 67
772 1223
1204 499
1205 245
580 114
1488 383
1583 1669
471 922
1252 1377
564 211
475 698
1536 861
879 316
743 120
764 1552
907 1244
1792 1369
1112 1753
499 341
1245 1843
1553 1170
904 1144
1348 10
777 276
1315 1831
867 1685
495 1378
616 1243
742 602
992 1509
913 241
501 1706
1083 1256
1608 1118
505 371
509 1295
840 1640
1177 17
1775 168
920 471
774 1707
517 82
1255 1504
593 347
1404 16
1619 1550
1037 464
994 1768
715 1055
534 882
535 836
662 309
1475 1145
538 811
553 663
1035 573
646 1148
1402 1815
555 754
825 1703
1835 1283
1239 1488
551 1032
1582 773
1136 1342
979 991
1077 869
558 1699
623 1137
562 295
1731 328
627 1636
1415 1286
1197 539
1552 1793
1063 1229
1723 866
612 1589
980 193
1692 362
1538 41
1244 912
585 1622
586 835
763 741
587 3
1595 803
1810 1241
1457 895
1166 983
1164 899
859 1820
723 822
806 1498
1222 49
833 187
1322 1393
1477 1479
607 1456
964 796
891 322
1320 333
614 599
1522 1447
694 1650
1469 1426
1039 800
745 996
667 966
1219 303
808 1052
640 1597
1372 242
644 310
1753 163
1652 401
1153 1043
1419 55
1332 1397
1060 1802
1011 1616
1765 948
671 159
857 454
975 1388
1468 220
1248 1089
1518 612
1382 1722
1563 1169
689 1752
1018 457
1425 1838
697 469
1762 1763
709 774
721 1593
714 849
716 1795
1290 1772
1481 1163
873 695
732 1318
1616 1530
1085 758
869 386
1086 1345
1176 1433
1319 1350
757 1520
854 88
1517 1514
1201 455
1256 783
938 1848
1101 642
1524 232
784 1313
1206 432
1250 61
1500 1718
1057 792
1199 1317
811 1424
1103 1721
1227 1002
1740 419
910 402
1038 1656
887 1182
888 93
1155 610
936 985
986 1477
1251 493
1174 911
1801 1009
1763 300
1453 645
1819 1561
1577 614
1225 197
1514 507
1316 1325
1397 1689
1817 1288
