0 1005
2 381
1698 142
3 1445
4 281
1696 746
1695 1616
6 1688
1694 891
7 1612
8 1059
1692 1657
1691 54
10 963
1690 980
11 559
12 1682
178 945
1509 540
404 1253
78 1172
779 1321
865 392
1598 1547
372 1007
457 1591
1 897
5 239
1697 1463
1693 578
1565 31
778 940
1274 844
134 1697
1139 437
1470 1229
1152 957
750 172
176 1670
9 514
13 900
14 356
329 1298
1308 1178
1554 652
1607 490
56 716
1472 1658
424 1506
528 1314
561 1226
1699 561
279 508
1149 864
420 1340
269 229
230 673
365 1617
498 1369
1487 617
693 1535
1578 793
743 379
317 435
15 261
16 1553
433 1443
271 402
1209 456
1338 1188
639 1228
837 1080
1050 155
1609 1499
70 568
898 760
925 721
1204 325
17 1294
106 1040
50 45
1364 1307
687 344
756 822
519 1108
1418 580
175 329
1680 1528
690 1030
479 778
98 850
851 521
109 921
410 219
1556 1029
153 886
1197 1419
1647 416
1427 999
18 1384
319 126
500 572
548 592
1340 1470
738 49
773 729
1171 1400
19 1358
369 1578
305 1218
1085 1199
1493 349
1652 815
1513 415
613 1222
1343 1397
923 657
1372 1357
542 879
893 861
1178 181
1573 1286
76 634
1023 1569
1073 738
695 1399
20 340
21 121
22 1351
278 36
1095 1454
1040 1482
23 190
825 1572
688 996
1498 1373
331 469
753 529
246 105
997 1070
783 978
1104 612
123 1355
813 849
1421 517
912 1386
24 636
1499 1207
1320 995
253 1330
161 1349
857 1036
1459 1509
505 282
796 1583
1218 628
1576 582
25 745
26 421
1236 752
866 1084
1299 1136
583 489
1564 295
767 433
515 1160
52 1576
529 1436
1456 827
589 487
706 448
1003 317
472 129
355 1035
1157 1310
685 899
1098 185
27 1664
28 1534
291 1654
1653 691
1213 1071
1252 266
758 1347
266 692
43 1013
75 1447
214 218
927 1026
1222 107
689 132
648 683
89 545
785 127
1102 607
1410 1196
1074 108
616 1118
439 1526
29 669
30 757
881 1343
698 1252
507 10
1687 522
1473 872
1351 150
715 1144
294 216
683 483
746 502
964 735
350 1415
992 741
1548 1539
32 688
739 909
495 744
1188 722
1476 1691
1350 681
33 1481
557 73
1051 11
1605 1182
1162 1589
67 1031
436 1686
621 1359
31 290
34 878
110 362
399 275
481 1095
35 1362
1294 183
1620 278
710 1304
1284 946
486 734
954 1645
1649 914
241 338
1622 627
801 1074
821 606
955 1167
388 1632
1625 959
691 1243
427 929
1205 1417
49 331
791 67
906 481
1039 321
1670 1150
745 1099
686 507
684 1560
559 360
36 982
37 1155
38 376
208 1505
293 764
651 1515
768 1640
720 622
232 1152
607 590
1651 932
1540 730
1269 1078
1148 236
966 145
416 167
732 601
521 79
1185 233
510 830
1629 458
1631 1556
714 1344
39 1254
1575 171
1000 1091
1530 1450
268 1299
812 1365
465 341
1037 1122
596 1257
40 93
41 397
1154 1235
894 1338
1560 38
676 1687
1293 846
1333 158
42 1320
949 727
671 130
1150 161
378 925
386 1081
1048 589
121 988
145 408
727 464
1277 43
44 357
654 16
1406 1602
1315 1272
1482 541
124 603
1454 1261
45 46
827 33
251 1003
417 424
1577 907
819 789
1458 407
1394 1012
281 618
46 608
1477 867
1327 944
1306 922
907 1432
384 1106
1443 234
1067 635
1344 1608
47 804
491 534
637 453
48 938
670 455
1107 1677
218 1696
845 1414
223 401
852 1311
919 1225
473 1297
1408 893
1571 1659
976 956
697 1089
1038 247
807 1431
1601 1422
936 451
1543 168
820 364
352 493
632 829
1268 1214
51 709
1465 425
678 395
1126 249
466 1285
571 579
1221 1585
1291 99
103 74
1103 23
188 1380
452 1050
1621 787
874 307
1119 656
53 1328
1201 209
968 923
737 194
451 1028
991 237
1141 666
1099 1491
643 896
951 440
370 1621
54 1378
55 1600
1375 472
1517 1460
478 966
761 530
944 1398
694 1546
1599 1266
638 586
1396 422
1044 111
1363 927
1289 871
1216 139
995 1631
1270 552
385 1120
379 976
160 1048
1180 658
630 643
540 1296
1660 519
225 473
1192 470
58 1538
59 1280
860 298
117 1127
1341 1232
1440 1104
1529 1180
1688 1271
660 955
749 123
1021 719
593 877
60 1448
376 156
195 546
900 386
1395 429
617 972
1413 101
408 1545
1437 1406
659 177
645 852
1026 576
1451 1200
57 1647
1200 1302
310 949
255 1561
501 981
1474 1511
276 1308
122 1427
792 577
62 870
1286 1008
107 198
235 175
1272 1418
916 1076
1301 869
61 936
1203 796
1515 427
789 245
1290 438
826 418
64 1597
413 382
1635 895
1124 1041
1416 818
921 1382
283 1000
99 92
883 221
1142 1630
63 551
247 423
212 651
1285 246
704 916
228 1187
1587 547
391 1581
65 1011
333 1131
585 1607
1590 1439
1422 1381
970 1198
1058 686
66 1624
563 1488
993 1462
766 1479
68 602
556 1459
703 835
336 708
902 1085
69 952
1210 460
1123 243
301 196
1076 798
1060 1047
560 387
71 1356
1411 766
463 25
609 202
901 1544
917 928
72 874
1403 316
1628 553
155 1564
1257 478
566 1542
641 1176
839 71
1442 1086
238 623
887 400
1611 134
1527 1603
73 1496
74 1241
1325 710
1450 164
1645 153
655 102
367 480
1248 17
497 206
1568 811
348 238
334 1438
85 1066
1555 599
196 739
1377 476
1510 1566
375 1288
200 1119
853 640
1169 406
1138 250
250 556
77 419
736 697
996 1018
1359 1619
1466 525
1181 450
275 597
280 201
598 1125
669 1390
787 100
931 1045
79 404
1334 1537
1167 797
888 671
1019 274
90 1348
494 630
1317 87
597 62
81 1452
1136 1435
1388 1389
503 912
895 776
197 28
363 1313
700 1474
1650 631
82 1114
911 1215
459 131
80 1046
83 712
406 954
157 327
1426 1364
545 1177
762 1148
1059 701
381 619
84 269
1561 728
536 1062
447 1483
1433 75
86 1027
1191 117
322 271
1462 84
104 471
1424 1563
1390 475
87 644
1483 477
1386 908
935 662
1070 27
88 951
215 749
1313 88
345 157
518 35
1061 180
147 862
1318 1318
1012 1006
975 828
508 1325
299 1309
401 1265
1090 571
1480 59
335 1168
373 195
242 756
444 1507
705 332
1401 543
776 1633
1584 642
1642 1518
599 348
91 30
1202 1471
198 1043
284 1517
92 1209
608 149
626 1025
1250 78
1494 66
93 1185
967 1073
998 497
1279 1401
483 1323
699 621
781 13
1045 259
390 186
1198 1565
1534 1246
1679 713
95 148
713 1673
692 124
468 1480
628 228
1612 353
94 1552
96 1457
1302 6
633 214
1113 1319
1231 445
1264 166
409 86
97 1111
1251 1599
1409 510
1677 759
1227 159
1415 821
799 668
100 1668
1253 309
665 581
173 1260
1260 118
661 560
1323 788
256 1613
158 539
815 211
101 1332
1163 1060
233 1205
387 1642
601 351
419 1203
170 337
1586 439
1262 1655
1084 548
575 320
102 113
1064 1034
222 812
364 252
1166 1554
1066 34
1637 350
341 1354
1175 1533
541 22
150 1055
844 264
574 941
1043 265
516 41
445 610
1500 474
1616 1615
323 1267
1668 913
368 885
784 444
430 842
721 1360
590 654
1331 449
105 342
780 646
765 784
731 889
338 595
1552 58
210 1224
136 1123
108 806
897 1333
1015 91
1337 1133
1079 411
1212 288
359 1093
1196 452
842 1293
1537 1300
1144 1211
1109 65
797 482
980 1098
1115 369
187 1276
709 1281
1661 1090
858 405
112 1484
442 726
988 1666
1326 1502
440 1590
612 1504
244 503
1562 96
462 1681
838 51
824 801
374 1341
111 768
114 305
604 1044
282 318
987 50
1111 1676
809 7
1558 1337
113 985
115 1219
116 1113
321 1303
555 286
1117 689
1675 188
1468 1622
1028 856
933 1555
140 1551
856 1652
118 881
539 782
1071 781
1588 1121
810 767
119 1593
154 1628
288 917
131 824
1319 858
873 257
1522 591
120 378
377 1527
1689 165
855 1282
1511 750
1278 1134
1263 1158
786 1665
240 1065
1581 1287
455 1262
1404 1278
1176 645
512 1248
1643 845
148 98
125 391
909 1394
169 743
475 365
1083 432
1624 1366
144 596
395 1588
1531 314
1447 1661
662 903
1305 413
126 370
127 1130
128 779
1147 1145
1475 699
724 802
129 15
1024 1489
595 516
526 714
1329 151
1627 294
130 613
876 76
1082 605
1266 1501
1516 1641
634 136
755 279
132 535
1032 857
163 983
899 14
717 1531
133 968
1655 772
456 258
267 532
1092 138
751 1315
1405 933
1267 1500
1526 1353
135 506
261 174
137 90
934 1138
1546 431
138 873
403 1582
1324 1476
1488 1336
725 876
961 1143
849 991
217 285
1490 1156
139 217
805 1402
1455 1037
1400 1052
1391 838
1460 777
1514 1019
889 197
1246 144
330 1473
141 1434
549 1038
940 223
396 302
570 1049
487 1669
142 604
143 231
1596 328
1089 499
619 638
649 299
754 1475
1217 1685
1224 4
1503 1598
1135 42
1232 467
156 1109
308 676
525 528
146 1269
1211 1259
1094 810
1644 1627
499 969
1508 843
1579 1683
1478 242
891 717
1046 5
1069 1146
1328 346
1641 1208
149 526
1606 1342
1078 83
985 685
392 948
151 1388
702 953
666 584
152 1643
1234 52
1682 1221
1397 1635
974 1247
841 1522
892 135
1153 1638
1582 1324
880 1064
1168 1575
1469 663
469 420
1354 1372
673 133
1432 85
1009 355
1177 1023
476 1485
159 527
681 272
1536 8
869 1079
938 1169
1106 486
859 1466
817 583
1161 694
1096 1570
945 1056
973 154
201 199
342 1128
1685 1626
928 614
1512 1051
790 866
592 624
162 319
431 162
620 1101
532 1637
1239 312
164 210
1574 97
708 94
258 1256
165 1374
577 104
1087 491
166 1291
1047 81
1052 1173
614 1273
875 60
605 1421
1348 21
1553 1433
167 0
168 987
254 207
357 625
1042 1410
1444 106
1088 973
1172 883
219 68
957 1164
347 122
994 1306
506 674
775 390
211 1033
1485 761
171 1075
172 732
757 718
1016 851
1255 706
1613 1540
236 725
835 898
615 1557
1283 819
707 461
411 594
1241 755
174 1163
1054 1455
546 230
1133 1151
1100 1680
1014 1227
437 19
180 396
1237 1255
581 1377
982 1620
1407 368
576 301
1030 924
831 313
646 1206
1355 1543
313 232
712 994
1027 64
1156 254
177 70
179 1487
358 1270
1585 703
622 363
1491 441
969 1115
1594 277
307 1692
1001 436
946 1245
769 1
181 1236
273 367
216 241
1053 1015
1380 564
1034 358
182 570
543 1142
371 837
1634 443
1434 832
183 1140
184 609
1481 964
1547 965
1140 1193
1428 373
1151 412
1567 1194
677 566
185 807
1545 1186
1199 563
716 146
290 512
340 1465
1097 1648
795 496
942 805
477 366
337 977
586 1237
1347 947
1671 39
953 1126
383 1230
734 875
1307 454
189 414
1164 323
1013 1662
772 141
405 1022
186 575
190 926
260 1067
929 1592
1225 698
963 377
511 1429
191 1239
192 1675
1646 226
1392 399
311 409
1489 339
193 670
1453 1606
884 906
194 383
1295 1393
1557 687
1005 1392
1280 256
1471 661
492 748
1414 284
449 1251
802 1595
224 672
1316 1201
1374 555
1292 554
1062 1573
264 795
653 1190
814 1416
611 1667
199 667
1049 974
480 1335
744 558
877 222
1258 892
327 901
346 495
914 55
1238 593
202 1129
1501 808
850 1477
1654 1408
1193 865
1520 1139
1373 724
565 103
1342 1530
1610 758
203 1370
1036 334
274 823
205 1195
1657 324
1506 187
937 740
204 1695
1131 817
1535 1426
1006 224
206 1069
207 679
569 484
306 678
722 89
908 1213
1550 1548
209 1058
1580 1464
1244 1679
263 569
822 990
325 820
1296 888
1182 860
1367 330
682 1524
1630 1063
879 140
1230 1395
956 792
300 500
1684 1371
1505 715
213 120
514 1137
1332 1258
627 268
1160 905
558 1092
1125 629
1261 1234
847 1684
1608 380
958 1461
568 125
1358 1087
870 1322
220 920
636 791
999 1179
415 1536
1055 61
1665 375
221 549
1155 720
1597 1646
351 115
339 736
1436 1017
226 984
458 542
429 1192
297 1521
777 1157
1080 1430
227 1363
1664 939
1528 410
1425 680
834 1014
1365 1277
229 887
1384 854
231 505
1666 204
1189 841
537 428
234 501
1495 1345
1229 511
764 1002
1507 184
237 677
296 1162
418 179
320 971
1387 430
544 659
239 291
886 1639
1165 937
1011 72
679 1274
344 816
1423 742
538 176
1159 372
520 1693
496 29
243 1423
1249 1516
1303 1077
474 1361
1183 1653
962 1024
1004 882
1566 208
303 20
354 868
245 765
868 1154
426 1263
398 468
248 1231
1068 1352
871 773
680 1295
249 919
672 442
302 1153
461 1440
1398 1216
504 1403
1017 189
252 1618
1077 1425
1029 1165
1346 799
701 152
1247 110
1452 1212
380 1387
1190 574
315 1514
295 1020
1310 1623
1656 1220
578 1519
471 1331
1121 695
485 1586
1194 1223
1678 280
257 1326
259 518
1379 1385
513 1634
990 1083
262 1001
584 853
286 80
978 240
872 675
965 1379
265 1396
324 1010
983 1412
1056 1249
675 479
1235 1503
1170 648
1570 393
1393 587
728 840
640 1644
674 930
285 1428
1519 398
1195 1004
939 1625
270 1495
752 524
277 639
272 1404
467 934
1674 1175
1254 1467
836 915
356 565
393 143
1091 1656
534 354
650 504
1361 1468
1345 836
1402 53
971 790
1463 665
1219 1346
1370 466
1446 775
1041 961
730 641
446 287
389 137
366 1339
602 345
1208 384
1256 1559
1228 1520
1399 1580
960 573
422 1317
287 248
562 1649
1065 751
740 1594
663 1174
289 557
1603 1181
1532 1441
533 304
1626 308
292 191
977 655
1431 276
448 192
1008 1096
832 1097
843 1072
828 1279
1186 1584
1207 1690
918 515
1309 335
1287 394
309 273
298 220
1672 1449
407 57
1368 1674
1638 213
1063 385
1215 322
1174 1486
591 1132
1122 1587
314 1525
1572 833
1226 457
524 447
1441 1316
304 1268
770 825
1243 2
587 40
1312 371
747 1567
1339 918
760 1217
972 942
1430 762
846 1571
950 1292
1663 1596
1669 1094
1352 69
742 1327
657 1149
1618 1689
312 297
1349 702
862 993
527 1117
1265 1492
316 1112
1184 77
360 253
1276 1442
1600 754
854 303
361 1562
318 1100
1484 902
1604 998
1449 1124
932 813
1559 1550
816 847
554 1284
818 462
1158 1191
1275 1202
326 880
453 1082
1589 979
952 388
830 1407
1591 1650
1539 1610
1105 1141
328 707
1206 47
610 637
1240 215
517 1671
1429 128
332 935
943 1240
863 112
1614 32
867 292
624 1456
1448 753
1563 1478
1479 660
414 1350
1497 1444
343 1068
1132 1301
1551 1611
1214 1532
552 1601
441 270
1382 1016
905 114
580 682
600 803
349 488
729 1102
625 567
941 1289
1420 1409
353 550
1381 696
1623 650
400 1376
1353 359
572 855
1242 769
435 417
1464 485
530 1159
1525 1275
1134 1494
878 884
362 173
1288 615
1419 296
1108 95
1025 700
1640 44
913 205
644 1458
1366 1579
1673 975
550 403
631 347
1518 960
1592 1413
1461 620
1676 1368
464 780
981 684
1110 705
1273 310
522 786
1223 1629
924 160
829 537
1486 255
910 626
1322 1116
382 1508
922 1290
394 109
635 863
397 82
1502 1042
1686 890
1435 1411
823 170
402 704
618 1009
1116 1334
771 633
1496 263
1120 774
1523 494
989 147
1617 616
421 962
848 244
1281 611
412 178
658 733
794 585
443 911
1114 63
803 1242
502 1057
423 513
1330 1558
425 600
1378 119
450 1498
1086 794
428 1250
833 989
1636 826
1020 492
432 598
434 1541
788 523
438 311
579 711
1057 538
629 1694
582 1204
804 848
642 498
1101 1574
1129 809
1187 649
1369 910
1542 1021
1220 1184
1072 333
454 1210
984 723
1118 289
489 950
603 225
668 300
1018 690
1146 1283
460 1147
1245 1577
885 116
470 251
1371 693
726 771
1145 1469
1383 1032
482 1088
1445 1604
1357 343
484 1420
488 1446
490 800
1360 894
551 562
1298 1651
1031 56
1075 653
493 203
1033 632
930 12
588 336
1438 1305
1081 785
903 904
1533 1391
1007 1105
1619 169
1022 200
1385 1451
547 783
509 544
1137 1135
1259 283
979 1053
748 814
1632 293
1417 37
523 426
959 831
926 374
573 262
564 3
1593 770
531 1523
1544 212
535 1264
594 997
1271 193
733 839
1143 1107
1282 260
1314 446
741 859
759 1699
553 434
1595 1110
647 1568
696 389
1639 1437
1583 1510
1128 1166
774 1312
567 1189
793 931
864 1244
1335 1512
1492 352
1662 315
606 1039
711 1375
882 731
1538 958
948 1103
1659 1233
806 531
652 664
1467 26
1300 1660
1504 1054
1521 1170
1093 970
1173 24
1179 326
623 1329
1569 1497
1439 267
861 459
1412 163
1112 986
719 536
1376 465
763 1614
667 1490
656 763
1667 992
1389 747
664 834
1035 737
904 18
840 1367
811 227
1457 463
1681 588
1524 1424
1311 1549
718 9
723 48
1633 1698
1602 235
1615 1453
735 520
1304 1061
782 1529
1648 1678
1297 1405
798 1672
800 943
915 1493
1658 1605
947 1161
808 1383
890 1609
1321 1472
1356 967
1010 1513
896 1197
920 1183
1541 509
1127 306
986 1171
1002 647
1362 182
1130 1238
1549 533
1683 361
1233 1663
1336 1636
