0 1494
2 1070
1947 1488
4 520
1946 533
5 1671
1944 1540
7 880
1943 1386
8 1093
1942 552
9 539
10 1768
11 900
12 898
13 1783
1937 1899
1936 370
1935 424
178 914
374 1285
1902 301
1509 1349
1876 1403
317 1631
916 1905
1661 1447
1582 626
1123 1927
1075 999
1 1431
3 1271
1948 525
6 874
1945 127
1940 755
14 1748
1938 1150
15 1681
16 1755
1598 1713
839 165
98 680
370 577
463 10
1617 804
454 1120
1542 618
1151 1733
1949 1200
1717 1753
120 960
1124 938
643 272
568 700
797 763
806 1241
161 926
1104 1343
1829 292
18 1708
1105 1499
1110 399
825 205
525 1649
1885 514
39 1845
358 284
982 461
17 1941
1098 1780
1799 497
811 939
941 997
1441 1890
393 940
359 443
1165 701
1048 144
976 1123
985 861
1867 924
838 1569
1760 1306
1575 1537
19 88
429 569
1359 1192
775 1173
1016 1435
751 1483
1899 614
1772 911
1470 1794
1493 1289
812 736
1319 1328
24 248
1798 220
1426 314
1779 1081
1438 1138
1745 324
20 1318
1941 799
106 724
1291 1610
76 303
226 153
1299 521
1653 1434
529 1109
1193 769
1274 558
592 1030
690 726
298 1167
1657 1148
1017 740
1355 1839
866 1692
21 397
22 1510
23 835
376 37
1141 1805
1689 261
484 1073
1296 160
1918 406
90 310
345 668
1430 241
1408 236
780 26
1294 1293
422 1279
1067 954
995 140
318 1653
1107 357
222 921
101 87
683 644
25 530
1855 854
215 1068
962 844
313 1717
1722 1374
230 1464
1490 1229
663 1878
125 896
1816 686
26 589
756 213
350 145
149 345
1223 75
1505 101
267 1807
564 39
578 1773
1627 1853
254 1595
273 942
1335 623
28 782
923 1042
1639 1866
363 659
837 590
1545 1765
1840 470
1063 239
218 1893
743 1908
928 774
1129 1179
1225 65
29 429
1499 139
240 754
692 753
570 64
1479 517
1831 656
1454 1180
1595 1679
82 1166
355 1103
704 531
1399 1010
1577 1793
27 642
30 877
381 889
118 890
1423 1770
1656 1428
51 20
562 1137
815 1210
854 901
482 879
1148 825
444 1600
919 431
1845 1796
1363 1021
31 1381
291 1672
377 1425
1741 708
779 1697
246 1842
702 1915
1773 1439
1684 401
1416 1221
898 827
1091 1886
32 1133
33 403
1856 592
316 975
547 1620
909 436
443 895
54 1471
1287 486
611 594
699 1375
34 1676
1866 1707
965 393
297 1846
937 711
1010 98
1231 1325
873 1902
79 1860
1037 1193
174 1564
1114 1501
1460 1355
1534 1616
865 1303
1453 316
1269 752
584 674
136 1036
1597 115
1237 263
1020 1278
520 1336
1774 460
255 1803
242 42
324 380
396 423
163 1940
1429 396
35 1406
36 1066
1915 493
1305 871
652 580
1467 1000
100 1449
1215 1475
259 50
37 313
624 1049
1322 1791
473 1268
301 1469
508 734
1300 326
38 962
1641 331
1917 352
233 1478
1932 690
117 1421
1276 912
375 1359
1160 1702
1613 523
1752 1310
413 866
1666 383
850 1057
203 3
1538 328
516 972
1444 772
356 1270
212 1916
587 948
1671 1335
133 490
207 365
940 481
1714 610
889 777
1398 276
1755 167
901 1080
530 1105
339 1401
309 473
40 612
42 970
1435 963
609 252
1633 527
184 927
915 692
696 1904
550 691
337 1480
1612 596
1385 833
43 1430
1713 1918
162 1259
782 1801
502 256
1576 568
519 1896
290 1824
881 653
950 814
1757 112
1896 1172
386 1025
1297 1247
1883 524
70 1358
198 300
1468 100
41 134
45 872
1828 1935
1327 1691
561 41
847 1258
1089 1614
1280 197
777 1064
1101 1637
44 537
46 756
1345 1939
1853 60
127 1670
1458 1705
518 1147
1472 1473
1333 978
47 915
468 696
1487 382
156 566
1163 417
48 1363
214 136
1397 1444
1410 718
1874 1383
533 1185
637 1774
1222 173
1640 325
613 89
49 371
792 415
73 1222
1606 5
322 1929
691 1348
1515 1402
50 282
315 1055
130 747
295 1302
997 1187
1608 811
1723 1669
107 394
1044 908
1157 1830
1381 1731
744 1356
678 817
1736 11
1347 219
1636 648
1230 214
52 1628
485 184
747 1928
788 907
1238 673
169 1539
964 373
321 780
615 504
769 1409
705 1027
515 971
1756 13
676 1619
1118 987
1286 1797
1795 1570
465 53
952 1367
1811 503
53 90
650 508
91 1888
816 177
135 1126
1158 730
197 1453
1019 1563
252 1054
55 30
1544 109
191 1218
1697 512
1131 1136
1696 1059
746 722
1803 422
1880 699
56 296
1073 1687
1029 980
129 1298
1342 815
362 1863
959 1919
813 897
455 600
563 175
722 327
1863 1249
168 1316
1218 1417
548 487
185 67
1164 654
58 1503
845 609
1336 1743
319 635
1806 14
534 1694
776 604
1658 1750
528 142
1254 1445
1278 169
1033 1495
734 1502
57 1763
1462 322
500 1204
1159 188
330 437
151 744
1243 0
1931 748
59 645
60 1253
1720 1226
1914 280
332 867
1332 1497
1120 819
893 559
61 1424
392 1201
739 823
1422 1680
1692 1493
1001 1046
1284 440
1792 302
820 1519
875 1295
841 1816
944 1206
836 1658
924 1466
1739 859
1547 910
1351 267
599 442
421 162
1875 1615
849 270
62 1685
63 1322
71 638
1212 237
830 1365
1618 73
1080 1652
1087 17
1868 1429
689 290
1078 467
299 247
1512 230
1061 1334
177 359
627 1544
700 147
1823 778
64 738
65 923
905 1384
884 1586
450 570
878 1885
1414 72
194 1159
66 19
1200 1869
1125 409
1185 974
1477 273
449 1112
1701 1739
1122 363
862 1382
287 1151
1833 728
1649 565
934 24
1387 378
517 266
67 1308
68 1545
253 496
1478 1871
1744 1228
994 1378
1173 1550
1382 950
478 1047
1445 1517
217 1747
1204 312
1009 1589
69 771
236 661
628 1643
767 121
112 666
1748 323
142 894
155 602
574 158
1502 1771
388 843
1262 1250
891 567
540 845
438 1140
761 1433
1346 1376
154 1168
1819 837
977 113
532 1836
1719 445
72 1139
1882 1821
1400 1817
1888 315
554 257
886 298
1759 679
1130 384
1247 649
1675 227
146 1667
852 556
963 1665
606 1219
647 1275
943 1646
1884 810
1622 1490
590 1171
74 640
589 1305
1920 1454
1507 1043
748 1917
798 151
993 1925
414 1117
1264 1393
1864 1398
399 1108
1307 885
75 1189
423 1575
596 847
1113 1100
1599 479
1500 802
1121 1002
475 222
684 321
320 1618
1660 1460
649 1234
1778 1396
851 1640
1646 1766
498 1638
1267 1153
600 1208
1584 450
773 513
276 1581
1390 1327
77 990
78 304
990 1190
341 133
677 1813
335 1938
1250 1038
1716 1455
951 1798
653 834
582 1352
1032 1884
1375 1069
1841 1337
80 347
327 1301
487 1269
183 1076
594 351
503 283
1707 564
1242 1491
521 412
925 1391
81 1814
1340 1276
476 1514
83 1847
275 44
1607 716
888 483
752 977
323 995
1473 548
84 1476
1047 853
1822 1617
179 1523
1511 1644
1401 1833
560 255
85 1379
795 1654
1801 1482
774 1174
874 663
491 886
1391 124
89 715
1862 244
597 1859
1099 111
385 1083
1910 350
1076 627
1673 846
417 842
1629 488
369 578
595 1044
996 1283
1872 1152
1903 599
954 1086
1442 95
87 1362
88 6
139 1826
1776 1530
601 1235
989 573
1827 199
86 1622
113 785
608 297
1712 1788
859 477
1341 582
688 812
1781 1186
817 1742
727 1177
1226 868
1588 32
1202 1048
840 1145
1596 1611
666 299
687 776
1747 286
535 166
1279 655
1182 511
92 246
1838 1157
1394 670
195 943
470 1785
877 613
227 919
1517 1924
187 262
697 1284
241 418
93 1101
1097 1181
1330 1344
1797 1727
1065 697
1463 1331
1921 1754
659 1317
709 1135
1643 936
523 571
1239 1695
210 1513
1412 1032
514 1683
434 178
1116 681
827 1400
333 85
1775 1872
1352 1624
94 1548
1189 207
110 1808
1832 484
772 1596
96 615
389 1005
1553 563
1758 712
1881 1809
906 150
1873 1004
95 1560
97 1593
660 1855
153 789
970 506
1513 928
1742 1716
939 1427
967 694
425 159
758 362
1144 813
1109 920
755 492
99 535
1150 174
1690 855
223 783
209 1413
713 1819
261 288
931 1231
1625 1248
1897 1775
366 1867
437 773
1302 1026
340 624
1303 45
946 1736
102 1553
1482 797
1040 482
1234 1728
966 400
1691 1479
955 821
1464 1795
1686 1629
103 358
232 554
834 427
314 229
268 161
1062 1549
680 1077
104 480
180 1188
400 459
1900 92
895 857
828 583
1083 1330
949 620
1388 743
159 130
1826 597
1236 593
105 91
1814 1920
1459 532
1683 34
980 1714
1439 759
1155 1864
1837 1706
1069 446
1559 1823
1172 1357
160 1822
1705 603
1812 1726
768 968
1682 1632
717 48
753 1118
1261 1626
108 1019
229 1760
1506 216
1389 1711
511 1062
960 1818
1735 538
506 1746
1365 1934
902 1749
432 1380
109 1862
111 1543
622 194
1927 1656
360 1481
819 176
921 107
932 982
1871 233
1022 349
799 1571
1421 374
1292 196
1437 1827
541 392
237 1300
1146 376
190 878
1268 1660
1298 1419
1404 1039
114 909
115 1598
1180 707
929 1261
1930 639
714 1591
1443 1094
1450 1
116 1666
467 402
1791 913
1651 1240
402 372
1371 1633
623 1599
796 1931
1710 1852
1489 1053
119 1361
1603 7
1761 1831
566 1198
1495 1891
456 598
280 1397
382 1675
479 128
616 678
199 38
121 742
173 82
1259 1354
1102 1114
645 1668
122 293
157 1176
1788 1474
740 245
505 464
822 601
123 51
1184 1781
1481 1351
499 793
802 278
1031 1272
124 1489
1805 1224
1695 472
1642 1266
474 1498
1436 1547
1497 584
1176 595
524 851
1579 103
1188 1321
418 58
760 1789
737 118
1257 1663
1558 1745
1290 1443
1094 1505
1186 630
1364 1465
1807 1613
239 1273
1824 463
344 54
1045 291
270 1657
128 249
1869 1296
710 231
1192 992
137 1887
247 1712
1848 1082
176 922
145 203
1258 869
1891 818
126 1037
1620 1782
603 958
158 86
293 765
131 1197
1235 684
771 368
325 575
1731 40
665 1144
1167 1251
1808 760
1115 1516
200 1531
803 860
1070 1729
1253 1341
765 1604
1277 379
969 1366
1053 676
132 784
1260 836
1318 1834
1594 587
1846 498
134 605
1024 1524
1809 1732
1455 1018
1241 1486
1768 637
741 212
682 1533
1003 973
736 1751
869 1911
481 342
1415 1520
1637 1720
1548 1395
1554 218
1804 226
558 1370
1890 824
1368 1740
679 1113
1198 1926
138 1169
556 1313
365 1674
695 27
296 1332
610 1252
1766 574
992 264
140 1242
814 466
403 1764
141 47
1815 465
927 1299
1466 1636
1537 949
1025 985
667 585
565 8
457 1216
1197 81
1014 343
1431 1125
143 951
196 1602
1008 1627
1665 1265
1149 830
1568 63
885 1146
1677 434
1541 1065
536 1436
1344 757
617 591
144 933
1379 1910
1924 931
986 746
913 751
305 1933
1923 1110
1591 1587
1282 1574
1702 295
1295 1844
604 536
147 1566
148 201
549 1879
1623 989
618 1573
1093 1642
1694 182
188 22
1353 170
908 1372
1407 632
452 1124
150 1769
364 839
379 232
948 1338
1939 1825
1135 390
1196 97
1337 1339
1263 271
1860 491
390 99
1852 1684
152 1213
1762 1236
1088 882
510 453
391 1609
685 829
1252 413
435 1655
1698 69
983 388
496 1686
250 1621
1378 1828
1140 1906
656 1170
238 956
294 864
887 1946
406 1260
1652 1876
1304 187
719 356
1328 447
1913 1949
436 1364
1751 1119
260 967
749 1162
1085 475
445 1559
855 1582
1567 1063
286 790
1095 1594
501 155
431 395
1516 102
282 407
430 108
1906 489
1626 117
1071 1895
312 1196
1026 23
703 228
612 1942
164 1838
165 287
553 68
1323 439
213 758
166 1484
1703 448
1449 336
1911 1329
809 1779
693 275
1825 1903
1030 1790
1108 665
1619 687
167 606
1527 1297
1369 1461
871 1158
170 25
953 1154
870 94
404 1282
633 976
171 57
1221 1001
1734 519
419 1149
1266 794
1580 1659
172 1205
807 1567
1171 1639
787 259
1616 902
1562 238
348 1227
1145 1385
1023 856
278 787
1043 806
605 258
353 657
1681 76
245 1477
175 965
1096 1143
860 1724
1199 1467
1433 969
821 534
1672 1441
1090 1829
1715 788
1718 1792
351 1262
1667 1312
999 93
1916 1572
1249 9
1147 1056
1543 547
1334 1662
1056 1693
1229 1661
835 1223
1474 884
181 79
328 1182
1836 786
1411 1815
784 887
182 190
957 1462
725 1799
914 1492
1621 720
1068 1006
1711 849
971 31
1050 398
279 452
1006 346
1060 1121
1878 1601
258 1028
1560 367
1893 1087
1578 46
1057 353
248 1767
625 739
636 1371
186 946
409 468
494 1071
720 1858
1887 1405
1376 360
1630 1052
1420 1552
189 1368
543 1535
1573 234
284 1932
1678 1709
724 156
1475 221
274 131
1898 723
1901 338
1905 608
1565 1590
1156 1437
1926 1034
868 1673
1432 1246
224 1757
192 1315
193 562
216 223
1005 1451
1733 137
1055 906
283 411
1600 611
1765 83
1106 1011
1324 198
427 616
288 1734
394 1237
1457 1407
343 307
1227 838
936 391
1383 795
894 560
1440 329
442 1584
1676 1095
1889 1183
1395 419
1251 1607
201 1699
202 1907
844 792
462 1758
942 991
1728 21
1635 549
204 805
354 1254
1865 1532
249 311
1484 1244
864 505
790 732
626 225
205 369
464 123
1248 62
1821 702
401 186
911 1608
206 135
1039 903
1021 1851
987 502
1103 1089
469 1555
208 1509
1049 1945
1563 469
1859 1900
1786 1410
1465 1715
1782 375
572 240
263 281
619 66
879 1877
235 1175
1216 807
745 1556
1285 1718
1413 1097
863 1377
712 870
1207 1944
1343 1257
211 1719
1480 1304
1726 456
785 1546
1843 243
1373 545
461 1487
387 704
1255 29
1338 1741
1638 61
552 410
789 1841
219 1527
1206 557
428 1458
357 1009
384 1286
507 1292
220 572
1494 1730
716 961
576 660
221 55
1854 455
1526 1438
292 1508
251 444
489 1690
512 899
234 501
1483 1160
1027 762
225 768
571 416
824 157
1785 348
1861 1446
228 1802
1813 1040
1469 126
728 1561
733 471
1839 1418
1392 1597
1419 579
492 1579
231 1164
1168 1701
1325 541
1409 652
1709 510
493 745
642 96
1011 1387
804 791
411 831
764 1892
1680 1017
1418 1072
1245 1756
1504 876
1655 1840
896 441
1611 1230
890 1314
912 1470
1132 1688
917 1804
1708 339
1384 1512
763 1309
956 125
1615 693
1372 822
686 629
1519 1342
1312 277
1654 152
1503 1518
671 617
1727 1923
872 1856
1154 141
1523 405
800 688
488 1696
1510 1129
588 542
1233 809
331 71
243 1948
711 1448
244 979
1800 15
1275 317
555 1075
1721 1423
459 1630
439 1459
538 1084
1674 1207
1289 1217
546 1225
1209 828
329 354
935 1311
1704 35
1525 1689
661 918
349 1202
918 1538
981 1625
522 183
1551 1340
1628 721
1220 106
1360 250
1072 1324
1308 561
1907 1921
433 1184
1092 952
1919 485
1112 1212
793 1922
1041 364
1183 1233
1934 1373
707 1912
1084 957
426 494
1321 84
1679 122
256 1142
1170 1287
458 1394
257 625
805 1776
1529 1022
1367 1835
1879 1326
1424 211
451 1650
1137 1647
726 727
1928 1141
410 385
367 770
1858 1744
1749 709
639 993
398 1015
262 1541
557 955
630 457
395 862
346 208
1273 154
264 366
380 265
1610 1635
922 1347
1556 808
266 1256
1447 1678
573 408
265 1016
1452 1704
581 1450
269 355
1687 1079
1175 289
307 1849
1434 1320
1557 1710
271 1035
272 1456
1152 986
1647 224
531 1901
1314 865
453 1060
1228 1232
907 1800
1572 1098
1354 340
1224 1389
585 1442
858 826
277 1127
681 164
285 1404
1288 1889
1564 1156
1326 1106
1522 1873
1688 1360
1427 235
829 49
781 1045
635 179
1540 1457
281 1163
634 132
1521 432
1491 1868
638 1645
1217 1485
361 1506
801 669
975 798
632 881
1738 658
1066 703
583 404
1700 586
1271 767
1645 192
483 873
972 1682
1377 667
607 998
289 935
1179 1091
1908 253
668 1134
303 1161
448 1651
654 1762
1552 905
352 959
412 1088
904 1290
715 148
1162 848
694 335
1767 1778
1894 12
669 254
424 1500
1895 607
1740 1664
1810 750
471 546
876 269
1386 143
662 1090
580 621
880 56
408 619
938 1023
961 1238
300 852
302 1220
998 1281
310 651
1847 59
1569 930
304 1191
1753 916
1232 1130
1128 719
1161 1333
1265 1408
1136 2
1849 850
867 1677
1601 305
730 1861
674 714
477 634
306 1623
308 1882
1763 1280
1331 1913
900 114
342 796
721 841
979 1576
1406 643
311 1195
675 209
415 181
577 1102
883 1529
759 1422
1632 1881
441 308
856 509
968 551
1533 581
842 631
701 1211
791 1041
1650 934
897 1722
1370 1078
495 1930
1634 1565
1587 210
1570 1634
1000 1554
1169 875
1929 677
621 528
1750 683
658 953
1448 1096
991 937
371 1412
591 146
930 1267
579 499
1787 105
326 1894
1693 1528
1374 1534
1203 138
861 540
1670 553
486 1515
1624 1003
1724 386
818 1883
783 1507
1270 1353
1451 104
1818 74
1309 1525
1592 1463
1820 779
853 361
1350 251
334 729
336 28
1396 1067
1706 1761
1174 650
338 1416
1550 200
602 193
651 185
1190 1061
1456 1854
373 1592
1912 675
1117 1345
1737 1786
347 1024
1178 333
1366 172
1796 698
1609 706
1777 1577
1081 646
1082 52
545 888
446 641
857 544
754 863
1362 1012
1339 195
1177 713
698 1014
537 337
933 1810
1530 202
1585 189
673 555
757 78
1604 983
567 1511
368 741
778 1578
593 80
1571 891
1471 309
1644 1703
480 43
1933 1603
372 1307
641 1735
832 1277
672 428
1315 191
513 1521
1802 710
644 1392
1077 1588
378 1787
1589 242
1052 801
1699 320
1461 1029
1925 1897
770 1641
1771 964
1546 279
1281 129
1842 1390
1561 1857
1402 119
1301 319
750 1772
1064 522
383 1777
1780 438
1317 1115
1793 1111
1004 421
1877 1099
490 1243
1486 904
1059 474
1857 217
1313 925
569 171
1153 735
1834 628
420 1264
708 381
823 1898
1349 1239
1046 1085
1028 1936
1425 1870
1086 332
1492 761
920 500
397 451
1789 1051
1428 672
1659 204
1520 1832
1566 426
1743 425
1754 1294
405 781
629 77
1007 1288
407 1585
1213 1806
1835 294
648 994
892 1214
1126 984
1208 685
526 1496
1051 1420
416 1943
1614 1165
1485 1522
1380 1104
1329 1848
903 110
958 929
1729 1557
1283 816
1922 671
848 1914
723 944
1079 334
831 766
1586 576
1663 1132
843 515
1358 1562
1909 775
1830 682
762 1178
1074 180
1662 1612
640 389
1100 550
1508 18
440 858
1166 1031
1851 1155
447 803
1211 588
509 1092
1685 1074
1784 458
706 1843
1536 1605
575 516
598 507
1488 1215
1403 454
460 260
978 1323
794 1472
1648 1737
1035 1937
466 820
472 268
738 1399
1574 664
1201 1820
1514 932
1142 1209
1602 966
1034 1122
1015 1880
1476 1107
1214 636
899 116
1119 1033
1528 1008
657 749
497 36
833 163
984 1432
504 695
1246 1116
586 1865
786 4
1664 764
729 285
1013 1203
974 330
1769 476
1524 318
1219 435
1870 689
988 1468
731 1263
1886 387
527 526
1306 737
742 120
1892 1700
670 1452
1518 1414
539 1784
544 1255
1498 731
542 1131
1042 449
1531 996
735 1245
646 1050
1038 478
1133 633
732 344
551 518
1631 1440
1904 1020
1357 1536
1496 1723
1311 840
1143 1199
559 1874
926 1058
1590 883
1393 945
826 149
1181 1909
973 705
1240 1415
1844 206
1018 893
1194 215
1191 420
1138 1648
1405 1721
614 1388
1583 433
620 1812
1054 1346
1256 1837
631 1725
1581 832
1187 1759
1012 1752
1850 1551
1244 622
1316 1350
1532 377
655 1583
1790 1504
945 725
1293 1194
1139 1606
664 1426
1549 1850
1320 1580
1501 1411
1361 1875
1134 1128
1730 647
1668 947
1356 16
766 70
1746 1947
1348 168
882 988
1310 1013
718 1698
1764 543
1593 414
1272 1811
1555 462
1770 717
1002 733
1605 981
1127 529
1783 33
1535 1558
1036 662
1111 941
1794 1542
910 341
808 1274
1669 1319
810 1007
1417 274
1205 306
846 1369
1725 1291
1539 495
1732 1568
1210 892
1817 430
947 1526
1446 800
1058 917
1195 1738
