0 94
1799 347
2 363
1798 1014
3 928
1797 1271
4 769
1796 305
5 54
1795 210
6 761
1794 702
7 982
1793 1229
8 1038
9 1141
1790 1121
11 1671
1789 850
12 227
1788 1206
13 1674
1785 50
178 1409
80 286
1198 590
113 876
114 100
848 116
1243 119
1136 33
395 865
1 897
10 1234
1791 1692
15 481
1586 788
962 1362
627 1061
1296 462
1131 104
561 332
1707 1773
613 824
1096 7
1264 21
1792 1628
16 1589
17 1503
1787 1471
1717 1308
252 504
1246 1266
1732 1451
1569 1450
1402 994
101 1461
489 1670
14 600
18 166
1003 1021
1620 1058
655 665
1585 552
1649 1548
1188 240
19 196
1098 1594
699 1697
1062 25
1190 1245
319 1521
789 1176
232 654
1306 1254
174 1273
455 1689
418 1375
652 1585
1561 746
20 110
1606 365
1150 834
367 1079
524 645
840 1690
297 1030
759 424
1400 1178
704 112
1347 243
21 534
106 249
1739 315
1756 1431
612 273
1356 198
573 266
833 491
22 797
690 1713
428 1138
46 1373
1603 730
227 848
27 1706
175 1361
1729 1241
1476 1051
496 1053
23 131
372 102
1711 1539
1070 1344
1113 1253
122 512
858 1371
621 71
137 1726
926 1705
194 339
1032 1458
1170 1140
708 1545
741 625
1106 875
222 790
1570 1500
1728 299
43 1269
24 1284
25 463
1622 1717
1321 468
156 1236
1112 1152
969 1716
117 851
217 723
26 1065
831 1168
640 1575
1284 335
1672 1784
60 1401
1638 1603
1492 348
787 1315
1326 126
1505 659
37 595
1172 787
437 1438
950 509
1465 44
365 122
130 182
1370 1325
310 1081
809 1042
29 935
1499 1488
1089 744
1068 135
177 863
275 1707
1090 1177
1484 194
532 395
670 1095
630 1360
1075 574
28 1573
30 1205
555 1694
1307 1584
927 917
1366 685
1554 1642
1302 15
511 1410
290 218
1674 162
1035 327
31 1620
1066 77
1105 1024
936 150
894 1778
1500 245
873 1515
246 800
1023 1582
1644 152
32 31
291 527
76 450
780 392
55 925
586 739
328 43
766 688
382 79
1426 1466
1776 493
674 129
746 1189
238 1569
136 911
702 1517
88 970
244 529
660 1446
1486 1332
1430 1078
845 718
1646 185
429 1496
33 374
34 1587
881 96
747 139
278 1091
1693 1137
461 541
1352 212
1021 1097
719 1109
260 211
1466 1789
629 822
724 1519
751 115
431 381
656 958
1205 1484
35 554
36 1342
1715 234
155 623
857 288
1742 1294
1283 1547
1495 540
624 1725
709 454
691 1272
1524 1374
1034 844
1453 343
1376 971
1354 19
908 219
118 717
895 130
1309 576
1642 384
442 1597
559 1295
1226 571
481 1044
381 1155
377 1025
383 784
398 88
765 908
1446 1786
371 407
38 442
39 99
363 160
502 1303
637 1663
1780 301
804 1317
583 968
1141 1752
1061 1049
192 1405
919 1560
1667 1180
1469 1783
40 1171
1722 1390
973 1683
1290 1793
916 882
835 538
1111 325
253 216
1436 1394
1384 440
1224 156
1640 188
1279 1508
1704 1470
41 397
210 9
1378 1656
602 1083
901 453
1048 549
346 24
760 192
100 1454
42 1388
911 1453
1551 1459
800 823
1589 76
335 1741
683 1614
1102 386
1506 1635
1394 1442
1420 969
1129 431
201 321
44 336
1575 753
288 1316
1406 1426
1008 120
905 843
1574 1637
941 1562
1489 388
406 1700
1741 1687
284 340
460 1238
225 1129
45 145
562 1586
648 1156
526 402
249 1652
1759 997
47 1664
92 1135
550 1108
1162 0
482 298
723 977
48 636
344 1250
1516 1477
988 205
109 1756
1313 1730
1659 1055
815 1192
1407 1465
148 1320
1540 1483
608 1499
576 998
1317 406
49 1686
1754 1122
558 73
1209 644
912 1665
143 1761
420 677
889 1062
1507 383
1193 1776
50 1274
1072 1392
519 45
837 1532
1341 1133
154 575
1475 1326
1600 473
978 954
726 37
967 1022
1368 455
456 1769
1438 1472
206 670
910 1708
1108 479
51 1248
52 1066
1262 1501
1156 1188
281 149
1275 607
1395 297
680 840
53 545
1459 1382
1273 311
1005 1090
1145 1257
356 747
1676 1075
436 1677
408 17
153 792
54 1050
438 573
464 294
725 1435
1772 1103
352 30
987 603
1257 1216
1399 1045
1743 1130
189 648
923 242
924 1088
1738 993
1758 155
903 961
672 1619
195 23
1628 748
1604 435
1679 303
56 786
813 1228
650 638
1458 307
686 1797
162 68
57 930
997 58
829 956
311 661
1682 926
63 798
167 506
1294 1432
366 782
1456 820
321 1322
1235 613
522 712
705 641
375 1512
477 734
486 85
817 121
1666 729
58 1166
968 262
487 1232
538 1727
1299 1765
1197 508
731 82
525 174
1752 1203
1344 1270
378 1622
581 1305
499 789
61 1636
388 696
732 1067
693 799
339 939
1760 334
1095 1115
268 1513
867 631
1300 858
1078 445
309 233
676 1372
270 1280
1467 878
1084 1311
1510 1616
59 1114
62 1579
1333 1475
1714 1208
1689 1661
620 28
64 254
899 583
675 1411
1581 1120
160 1001
1750 1036
65 433
1200 1037
849 615
83 894
1685 725
183 351
1286 862
298 40
792 676
1018 312
1703 1763
802 345
66 815
67 1551
940 1437
807 95
1118 51
132 588
507 524
1639 109
250 1143
824 492
1748 1740
1768 202
108 640
261 352
330 250
1127 691
976 1627
756 333
692 1600
68 516
69 1553
336 546
479 93
1669 1516
1281 1027
168 231
1054 346
70 700
568 416
841 376
1539 833
821 687
71 1212
127 1011
1613 985
533 515
1688 1376
1634 772
1289 1207
72 1089
654 1323
1781 856
193 368
958 916
1203 1557
404 452
565 1101
1079 1423
103 1527
320 217
1103 1299
73 907
589 1264
1579 341
1256 448
1519 147
1699 559
1006 707
111 495
259 214
74 836
305 437
368 929
1401 1566
1073 854
1668 1719
707 1370
1412 692
1116 380
75 1016
942 1119
1771 1068
662 680
996 1712
199 1288
241 802
797 1094
1015 698
1480 1239
1038 10
947 180
1146 563
1582 329
316 1632
77 36
990 1479
1534 1291
1388 612
1535 1615
125 657
1608 1693
1083 652
78 757
337 1564
981 330
1234 1202
993 322
625 614
944 1646
79 53
306 1186
1473 981
1254 1680
1052 978
1514 1340
269 1647
585 91
1520 65
730 282
874 1407
129 467
439 536
440 861
277 391
913 808
483 604
1357 1204
530 1047
1415 728
1278 158
1657 12
82 1146
714 142
838 1210
588 760
681 289
396 1570
240 987
81 186
419 1666
631 430
505 373
547 869
208 1233
435 1638
84 801
1167 1554
577 1629
1496 375
1766 486
1747 1201
820 682
688 639
85 146
445 689
953 480
1123 566
1647 857
1133 1413
1493 1606
808 419
1405 514
1410 804
86 915
1115 646
355 1402
952 1173
887 898
412 342
1408 1105
544 735
980 1758
1331 1098
1270 316
687 1733
1594 326
1039 411
1627 957
87 1346
89 1194
727 451
245 190
1249 1572
512 1366
191 52
590 1602
384 1679
1670 306
370 1015
158 656
1392 449
1334 750
91 1520
123 98
138 389
1251 69
186 87
1755 818
1236 745
1409 1193
1543 924
90 963
513 686
326 367
1161 1648
854 1702
1132 1625
801 1175
682 441
93 1576
236 1334
1630 1335
754 568
979 328
1777 415
94 1595
1724 1395
1491 699
1216 213
1319 1293
165 1788
1237 979
644 899
1041 919
95 741
972 1054
1610 1657
400 494
1661 260
96 1131
457 1100
1240 1541
1390 1136
1614 1380
97 752
488 369
1448 1282
542 201
594 913
1155 1467
534 1487
929 313
1587 891
1533 1796
98 936
340 446
1063 810
1218 1072
788 1535
1518 1258
706 1005
221 1667
883 579
99 722
713 709
977 1261
772 518
276 1219
1542 1060
742 1124
785 1654
1220 1630
1452 1263
1014 1237
673 1703
1552 459
1740 1474
1397 1255
185 358
1478 1709
399 1018
1250 1354
159 90
1087 838
1194 1427
758 525
1020 171
1462 55
1221 1731
1272 46
1556 29
733 1691
102 1227
104 253
312 466
529 1096
1449 629
226 660
989 621
105 653
1076 1728
1548 1440
1253 938
292 1491
1706 1312
605 1214
215 1279
1736 777
1468 1580
1049 839
360 133
107 474
207 870
1509 1415
748 1043
1690 1417
256 1506
545 1076
1314 909
490 1429
1513 1244
1160 1650
784 1319
872 776
614 1085
1364 923
1291 357
1104 1286
493 1134
643 901
110 681
212 1339
1147 1336
430 444
376 1365
1359 154
413 602
1230 965
632 592
112 469
1343 59
1210 1611
774 927
1660 1476
1153 1544
262 601
1351 277
628 1623
1687 740
826 1698
1708 1009
188 291
1515 1714
1107 1753
1080 1668
920 1538
1185 86
1178 1110
653 912
639 624
937 903
257 371
611 496
995 1676
115 759
116 1558
1583 20
389 251
634 1795
599 488
1691 720
1427 880
1757 952
1450 1285
466 1531
308 873
1655 1341
1636 920
1617 1495
239 432
1140 821
447 1481
432 1711
1263 766
1126 904
119 1747
1464 1328
560 610
1295 177
1057 280
539 1639
1260 1118
943 1220
1733 706
184 267
121 1379
449 42
203 756
144 181
994 796
453 694
1252 962
359 666
1268 806
739 204
405 668
567 1142
1677 1251
961 360
921 167
459 1355
1082 168
1723 48
1485 1347
1144 1510
120 1489
124 655
814 489
695 1612
1479 1681
1380 1224
403 1449
448 1565
492 1518
906 1159
1387 61
1238 1262
1088 1455
1051 13
126 984
877 1033
1437 1766
1196 1723
157 684
1784 1649
1114 564
1641 754
1497 1722
128 1225
933 136
152 619
1182 1113
1350 1170
1017 1421
213 1148
1036 557
1786 302
1241 1240
885 1246
1361 1651
557 1172
131 279
600 561
783 643
1454 1368
1731 317
1266 1422
1624 535
749 1276
1338 1420
1310 1556
133 1777
1024 1718
379 471
1727 560
781 370
1044 111
1696 72
1494 711
1276 292
1487 1393
1393 34
263 393
844 528
1029 1351
856 498
134 206
135 778
604 795
1719 943
1580 1617
497 791
1753 1384
1572 906
1373 1721
549 785
556 1093
1470 1006
776 1412
1120 1104
1173 674
999 264
1101 148
1130 344
1358 170
1381 235
1563 896
494 1552
139 651
659 247
1391 331
140 1145
1656 439
1737 721
141 1230
1176 1592
1277 1350
357 3
142 141
1329 178
1713 1048
1315 1673
876 1533
1592 1378
697 1428
1287 1787
1577 379
1229 1780
592 476
896 226
1653 1153
331 1526
145 828
617 737
1259 530
1360 1185
146 114
1498 1601
939 410
302 1734
1056 774
839 1416
147 465
649 241
720 1307
661 781
465 743
149 1403
1135 1277
1225 1073
1030 622
417 664
1217 490
757 578
1512 1583
170 1701
963 1290
597 1457
514 708
859 200
150 6
151 1448
407 1289
1710 404
214 1523
1000 105
233 274
1598 1125
1139 827
863 598
1157 690
703 544
535 1161
1045 1349
1004 999
878 457
761 78
1517 47
1631 1626
1271 650
960 60
1213 1183
462 1397
1536 1536
315 1561
1663 268
506 1750
566 225
1678 1598
503 1345
1363 1092
242 794
433 630
1474 637
722 308
1158 966
1601 1574
1735 425
768 101
1339 1128
1502 1729
1124 127
1637 35
1705 161
1650 1297
161 39
646 140
710 499
1374 1306
685 18
1227 438
1439 1200
1292 1116
1327 387
1007 1063
626 570
163 1794
1258 1749
361 719
1684 1367
1195 1074
1232 113
338 809
1060 1281
1303 1283
882 97
1305 914
271 1217
619 184
1625 867
345 319
1463 893
1086 1782
166 478
587 940
397 244
1097 237
1215 768
1537 763
164 1357
1421 853
1128 1443
869 580
1716 1748
394 1540
1222 272
1058 675
1027 1082
1725 1314
169 143
1782 1012
938 265
231 447
451 671
171 879
421 1498
668 892
553 582
1431 973
946 1609
258 889
970 197
254 556
852 922
1545 523
1138 1724
172 679
173 539
1623 1389
243 1755
1654 830
694 526
266 354
501 382
443 215
1451 1337
180 1029
771 1462
1064 793
517 751
633 1408
401 1396
1694 1162
1434 1387
176 1434
1783 895
1662 1735
362 1675
667 1150
1573 626
1629 191
1189 1249
1419 458
1099 81
1769 394
179 1002
1202 176
909 980
684 537
307 1304
1461 967
181 758
182 484
762 1032
358 503
485 1223
458 693
601 1568
196 1745
385 902
1645 1641
1031 868
615 1149
1664 1543
343 128
1413 807
410 429
1730 281
1455 813
1635 1633
971 1165
571 284
603 1313
763 1785
543 1791
1166 632
1562 519
1164 1645
1416 835
1375 1035
187 1174
324 841
294 755
332 609
966 667
1065 1504
743 1031
1643 1218
779 932
1207 1064
1590 4
1557 749
219 1480
1332 1463
322 403
1550 866
795 470
441 1744
934 420
871 1023
190 290
1422 1430
635 64
1011 658
657 953
956 501
1385 427
1460 49
1324 1699
825 1738
1208 1057
218 842
1482 1444
1615 733
197 57
1546 817
832 428
296 991
1700 238
715 605
983 1441
582 1222
198 1111
1414 1318
1026 257
992 1019
434 157
1037 1099
729 1199
200 1013
540 1160
546 497
712 812
202 770
1330 118
964 1591
528 783
1440 731
204 533
349 1260
1508 38
1609 1007
1219 159
1396 193
273 716
353 1746
205 137
954 1231
846 189
1349 1621
1093 555
552 1383
472 436
1109 1567
1348 1739
935 1767
665 1259
209 683
1658 1127
1770 220
314 950
1611 173
1148 1497
698 1069
925 705
387 1511
1442 1439
301 510
317 1004
718 1213
211 1352
1183 417
422 1559
1199 165
1119 63
1152 1302
1726 1169
1002 172
1154 132
470 1
898 295
1566 531
304 627
1411 80
216 1243
265 586
313 1385
811 826
790 228
1028 521
770 511
984 1343
1488 1770
609 1386
955 398
220 222
303 1071
636 1610
409 1704
518 107
347 1493
957 887
1593 569
223 27
1767 338
224 964
819 988
1304 883
1340 933
425 672
234 153
468 507
716 1502
1764 223
810 350
228 187
229 635
880 1039
915 1196
235 724
847 542
1435 934
230 236
1191 1464
1429 1530
918 1184
1071 409
1245 701
1149 248
1665 1041
610 1106
658 138
580 1265
1012 103
267 713
1151 1514
237 1247
1560 703
427 1364
495 859
1117 1634
744 1154
864 199
1538 1509
463 886
1171 209
1214 356
1504 1179
279 572
1423 1482
1523 285
886 704
1081 405
1621 246
299 426
1433 738
247 678
1180 1144
1242 1774
888 1301
380 1631
248 1026
1168 296
1567 1034
1009 1590
1267 287
423 1190
796 256
1673 599
251 1132
1055 1059
1511 669
1212 553
426 203
1553 846
1308 983
1184 1330
521 1221
931 1028
791 726
1559 1494
1047 89
444 349
255 1507
1085 1737
504 1655
663 1768
1204 803
1050 634
671 1596
286 1052
1734 562
1745 986
578 421
551 517
548 855
1248 74
803 992
1527 1742
717 611
932 597
1398 283
1607 278
1686 565
264 1525
769 1618
618 921
850 1292
879 1669
1322 477
736 1327
1298 1310
805 1678
828 959
1775 577
272 714
1137 8
1596 275
638 483
1377 1211
616 1181
1457 1398
1316 1710
274 385
1077 1447
1521 1456
285 811
474 179
1444 464
642 1608
998 1775
283 949
1379 1522
452 1084
975 1751
1053 816
1697 1198
1353 1534
1525 1086
1618 1209
280 1321
364 1799
738 1640
711 1157
853 960
1100 1151
1355 1268
794 1363
1383 947
527 1659
1648 587
282 144
369 1485
569 1685
531 460
851 1732
350 1736
348 543
834 877
287 1353
750 1581
289 1020
1142 1445
745 1418
1016 1779
1323 1695
890 1077
701 1781
843 1505
1544 261
1228 359
1701 715
737 1542
293 617
740 83
728 1167
1447 732
1652 1672
986 771
295 762
484 1715
473 742
806 125
1751 396
1591 1182
446 628
1074 1163
300 1524
1558 1056
1532 942
1424 946
900 910
1709 1577
1297 1759
520 92
689 1473
1680 1158
1337 1359
951 944
1125 618
329 221
799 845
454 918
945 593
827 532
333 117
508 695
836 1604
318 881
1371 1381
450 434
1187 1197
1481 976
1301 230
323 608
325 304
677 1329
1318 673
1285 362
752 860
327 1490
897 32
753 1528
1312 408
1744 1331
870 1555
1765 1404
1186 955
1239 764
1718 594
491 1468
1578 151
1471 1008
1564 472
334 1324
1042 551
666 208
1749 1195
342 727
341 697
1033 1550
1602 1123
1293 75
928 1102
1192 852
884 941
411 814
1282 874
1555 1757
1274 1391
351 1764
354 829
1526 945
1013 263
1531 864
1483 972
1619 1226
523 318
537 1278
1626 1235
1549 207
1265 1469
782 1772
866 779
949 522
1342 505
812 647
536 124
515 378
1181 106
948 1298
875 1771
1595 1358
1773 1529
373 66
755 123
374 270
860 1578
1632 885
647 1256
1698 355
564 401
471 1720
606 259
816 585
1584 780
1261 832
818 276
778 164
1443 11
798 1010
1094 1333
893 662
1201 1300
386 364
575 1369
390 1658
469 399
595 642
1122 989
391 1112
1702 951
1069 547
392 900
393 581
1530 271
1612 320
1121 475
415 584
696 163
402 775
1369 1460
1019 5
623 418
777 520
1576 14
414 134
1633 1478
416 1252
1681 293
1712 56
1761 931
959 62
922 183
1746 1425
424 847
1320 1267
734 1743
1477 1419
1762 1400
861 1287
500 413
1367 905
541 1087
1143 1406
991 1003
645 300
786 1017
1165 1107
1428 1563
1695 663
1445 616
1565 975
1490 1593
1311 1588
1417 41
1599 229
1671 502
1091 1792
862 1215
622 258
1345 558
516 1599
1774 1790
1110 849
985 1147
1472 1644
1159 596
467 1762
1255 1126
554 1607
1328 872
1389 1688
1247 366
907 831
475 871
1441 567
476 1760
1163 1000
478 1537
1547 765
1177 377
584 1414
480 649
830 1452
855 314
914 1798
1211 1433
593 1424
598 414
641 309
1046 412
1336 26
1335 361
1010 108
498 482
735 710
1231 224
509 1624
579 252
1763 323
607 890
510 70
1404 819
1169 1682
1501 1613
1244 513
1720 1242
1528 1643
1269 589
822 633
868 1696
1418 1754
793 353
865 1309
775 1275
1386 400
1092 485
1403 837
570 1040
1134 606
563 591
1059 310
965 1399
1597 1653
1001 422
1365 620
1721 1492
974 974
651 548
1432 1660
1675 1377
823 937
574 996
572 1080
1779 773
1651 1046
1280 990
764 1436
1288 805
902 239
1043 500
1568 1486
1223 888
591 324
1067 456
596 22
678 1662
767 1164
891 67
700 1549
842 337
679 1605
1571 1296
1425 550
1175 2
917 487
1022 1684
1372 825
1233 269
904 195
1325 1348
1025 995
664 1117
1588 736
669 372
982 461
892 1338
1346 884
1529 232
1362 16
1778 84
1179 1070
1616 1356
721 767
930 1546
1541 948
1206 443
773 175
1503 390
1692 1139
1683 1571
1382 169
1605 1191
1174 255
1040 423
1522 1187
