0 1656
2 219
1698 471
1697 1675
1695 1172
1693 673
9 1439
1690 975
11 371
12 125
14 1115
1686 1605
15 663
279 679
420 137
1364 1437
397 1078
1050 1475
515 1062
1583 1684
354 1036
439 1152
418 878
1 227
3 616
5 400
1694 704
1692 1556
1691 1216
1688 314
1687 579
1563 1639
774 876
109 1691
1338 1188
519 390
685 722
736 1443
6 1368
7 269
10 1370
16 1077
78 559
839 758
327 1118
1305 1492
410 1423
512 1334
545 1677
112 636
1560 1592
4 1560
1699 824
1146 1018
1652 688
1459 388
355 1649
992 560
1548 1110
299 238
1057 1438
8 686
17 443
19 1255
1689 320
268 1084
1335 114
633 792
1573 251
1601 480
1473 572
910 695
1350 301
1185 514
106 1374
47 926
1377 1487
681 548
436 819
157 1499
1659 1275
894 1379
1272 1589
627 415
13 1220
18 1543
690 78
305 1273
95 1227
848 1563
404 329
1552 143
1407 911
336 1621
904 918
783 1412
542 821
1102 1566
760 520
650 1205
21 987
23 841
369 1360
688 519
604 1574
1357 431
22 946
893 272
997 8
804 232
1202 458
278 429
1093 639
1680 393
105 706
169 1080
20 905
26 1179
823 1386
866 1127
758 939
315 386
1419 167
25 759
1099 604
89 721
113 225
1410 160
94 1502
24 1324
28 122
1499 1382
589 932
286 825
1317 967
813 503
521 678
1296 31
1681 133
29 108
1653 1180
927 140
253 1668
241 175
812 1402
38 527
1016 1615
514 435
1655 697
30 1507
1000 583
1333 401
1454 515
291 1031
261 701
232 1464
1048 522
43 37
75 1176
638 684
1396 1173
1060 1458
27 549
881 1201
696 1335
557 356
1569 1048
31 1450
33 124
34 1128
294 353
801 19
1284 164
949 808
845 1591
32 757
35 1422
378 978
1174 117
1417 259
36 48
57 1493
603 720
966 1495
720 1073
1315 234
385 660
497 180
1292 1260
706 488
651 267
943 1231
820 541
168 581
811 666
1526 769
434 674
950 1282
676 1167
1617 1597
384 319
680 169
352 603
413 279
643 465
1144 1479
1502 1445
40 1114
671 221
1231 1426
673 869
1291 1446
370 753
208 698
762 409
874 1317
135 158
1088 1210
480 806
41 15
42 826
1145 764
494 1022
1642 1364
39 510
1406 1674
450 672
1023 766
1453 452
579 664
1151 634
654 810
571 1113
872 28
45 1576
819 1095
1175 24
907 1375
376 1258
44 233
46 297
961 1281
1012 1517
1320 270
230 434
976 782
1468 380
110 715
683 854
48 554
491 1177
249 1124
1574 521
743 450
1038 872
1290 145
1368 1625
37 693
49 413
1303 188
1437 1352
1324 689
1580 711
50 1313
1209 1575
936 788
755 1494
1142 1366
391 518
1348 685
666 1259
737 1039
850 338
917 1581
1465 623
1294 1153
1566 1584
691 330
143 97
1646 1562
739 913
1083 1049
51 904
52 624
53 1403
1401 266
923 619
99 508
1254 1060
419 714
1225 909
1121 1017
462 1383
1089 1067
453 478
54 867
55 1601
188 50
448 643
260 970
1607 500
1100 1655
963 827
445 1491
1625 1000
405 1377
425 570
56 34
160 403
1153 171
827 670
1521 1315
58 274
1514 268
475 1157
941 197
1382 1369
1678 533
122 271
1275 617
124 1145
59 801
60 545
529 858
1262 1612
1256 1489
195 495
1172 796
617 1588
207 1411
119 710
61 473
858 1685
235 1222
114 282
1635 476
624 532
1372 1532
645 596
734 399
1007 194
250 1261
576 123
180 1693
63 886
276 1643
898 829
1392 1040
302 1311
614 866
922 1524
350 702
283 178
1181 486
931 859
1456 851
62 68
1200 202
499 816
609 1025
778 1070
64 449
65 479
1169 1342
1138 749
1019 1069
597 84
1071 1064
958 220
585 1309
1162 1637
1326 589
236 732
993 1350
1119 256
916 1117
868 1058
1286 1198
1452 965
1536 20
66 1349
68 146
556 287
1123 433
693 1481
897 1561
888 626
213 1119
663 1240
333 1664
98 1284
1451 991
1585 1294
853 751
710 1219
1321 1183
69 1241
566 231
1466 1217
182 263
731 1292
67 456
70 176
697 51
493 1130
468 1238
443 350
553 56
349 658
1101 897
1062 675
608 13
1129 302
155 903
887 1052
1555 871
1081 360
1633 1228
71 1380
73 927
460 349
975 1449
1608 1468
944 253
1252 807
1477 298
628 412
1313 642
1390 209
1370 425
74 833
238 667
375 1092
171 516
1513 475
599 1347
1306 898
1260 877
76 1323
77 1102
1323 1068
1447 963
364 104
799 1330
1098 277
334 839
242 760
945 1550
1318 1147
386 957
488 281
879 690
197 18
72 87
79 1476
275 62
147 261
1494 491
1612 1424
1136 981
381 621
528 959
373 595
80 665
83 414
1636 396
911 700
88 923
1309 835
1399 942
1534 973
1271 1535
486 496
81 755
84 1681
890 72
1634 1086
1247 584
82 1149
889 712
536 382
447 1305
682 761
851 1187
1632 111
506 49
661 310
1622 1671
482 1522
602 657
1208 365
1462 1454
1061 540
1421 1246
662 1202
745 1233
239 535
85 289
86 1616
87 1541
408 201
335 884
1253 1362
1005 602
830 43
1609 392
1189 1518
1264 1308
1163 916
578 1604
90 1214
301 881
1383 1585
323 1024
982 1512
91 1253
198 1376
1310 1032
342 1094
280 109
1066 347
1022 1559
1637 211
1478 907
508 669
297 783
1087 128
1418 248
430 436
837 258
1398 818
372 1310
767 924
815 526
1570 444
1616 135
1628 748
1586 511
1196 1442
1212 868
240 1054
730 779
1164 247
247 1462
92 1047
96 283
967 601
452 620
996 752
1385 507
1113 612
1266 1457
504 312
1597 1670
256 115
93 539
97 1583
1150 1467
380 928
1663 445
809 244
411 313
288 1101
615 438
612 1318
1302 1527
1458 534
629 989
1277 38
665 191
1558 1174
311 203
179 1098
1654 1568
586 1137
100 368
101 974
170 184
156 223
779 46
1042 832
102 894
541 1008
173 1465
1115 1613
219 870
103 1459
104 919
416 641
1043 1484
558 385
1381 900
136 1633
1161 633
1522 103
1337 1165
780 417
1670 1096
438 1192
1484 252
527 709
107 161
108 378
1666 888
1540 944
203 1666
873 1042
423 45
322 719
980 1435
440 440
495 485
933 1469
824 1478
738 1508
1643 1554
1531 1071
341 1555
840 189
1571 1390
148 627
487 885
442 999
802 1270
191 882
187 523
1658 776
444 372
986 384
1341 1030
281 649
781 1451
835 1573
1588 1343
455 1618
1516 354
990 661
1067 1646
530 1099
116 837
537 802
1426 174
1627 1453
118 10
539 1301
1097 765
111 1687
117 1207
855 477
1440 1444
477 457
1073 1678
1263 341
1464 1634
125 901
406 228
1170 1065
1068 1690
797 497
1237 1055
121 525
921 200
154 1381
1278 718
1304 69
120 739
123 1134
325 790
753 976
377 1245
115 912
1684 1602
1184 1660
777 1546
1546 149
1460 335
174 1072
359 563
500 142
639 1140
1092 723
552 408
1562 249
884 1658
330 954
1047 147
126 229
127 676
1620 1606
1173 369
862 1413
128 1485
1498 562
1400 419
816 1336
129 327
526 1151
469 370
909 1587
130 640
1369 94
1445 1091
876 339
1472 538
649 363
699 453
525 1590
131 565
1439 1125
1139 1085
912 451
308 573
770 487
132 483
1487 587
1259 1514
215 544
133 196
153 1434
625 770
746 1014
1517 165
228 887
134 908
968 85
674 716
704 1607
262 986
1046 210
1553 1126
1619 150
842 1579
769 993
483 260
1467 726
1114 273
838 889
928 547
137 35
138 997
1395 892
479 861
925 1531
763 306
1194 427
141 1268
403 1503
1470 1328
626 682
140 1276
794 1277
1483 1170
139 822
940 65
1203 230
1582 71
263 1142
754 804
1644 182
1031 1300
1529 1659
718 955
151 12
394 1046
1485 891
561 972
598 1237
145 1248
1510 1223
1490 651
836 236
741 1320
146 1298
1135 1570
883 724
1298 1093
149 680
142 1657
1493 118
163 1662
1598 696
1242 852
144 90
150 1264
974 1203
1055 763
1463 707
1006 631
1557 405
1533 1066
953 1297
152 1572
277 736
708 569
218 1361
1034 800
1236 345
1149 361
1261 1620
1229 708
1512 1306
1141 430
1287 63
1444 404
1041 82
158 195
789 17
1096 992
159 1676
310 984
1351 462
749 163
775 366
660 925
161 574
1026 373
987 213
581 1293
1511 439
162 750
1669 1627
687 814
164 1689
185 1504
165 699
785 52
1267 1186
357 671
1491 105
1329 1419
1577 1033
1241 470
166 1249
167 968
1218 1699
267 1029
817 1333
1345 1544
757 16
1105 775
1044 1536
1606 1158
251 501
1355 199
340 983
309 941
255 1135
1085 131
1167 733
214 1037
320 1332
1356 411
952 1164
1183 318
983 1463
1239 575
979 41
1671 1549
1274 1329
1075 656
175 556
1002 351
172 1090
176 1002
1610 1215
437 1121
946 1599
224 940
991 834
177 809
1014 1558
1207 1351
622 1144
407 1696
383 1181
1639 276
902 307
1053 1234
1128 379
471 1644
321 284
1647 613
178 1594
870 566
303 738
181 1669
358 1414
908 1695
1021 1
1182 1100
1380 618
642 838
1204 448
752 112
183 917
273 1251
1545 1598
1020 357
1594 727
1626 551
605 1415
564 148
371 1105
184 1692
186 1416
1198 1171
1249 454
1343 785
1408 1497
1581 156
891 32
878 865
1186 629
1631 424
433 1596
1193 1287
1178 1569
1078 958
1080 80
1611 1108
1436 1006
795 214
929 1461
575 979
293 1498
189 1401
857 1132
678 1652
1587 26
1649 1044
1685 815
190 949
1008 25
748 784
790 387
826 1206
193 14
1476 1553
194 730
1222 44
264 996
937 27
1519 1321
1295 635
1475 1630
1015 144
1457 728
196 1314
1414 896
1308 742
1679 1642
1244 1396
1360 647
875 21
318 875
1651 1394
199 469
1013 580
669 134
906 1278
1246 406
501 985
1297 1564
1550 1337
1505 645
200 585
201 1302
1599 1289
742 914
1520 628
1033 812
313 1410
1084 558
1584 0
202 1529
204 367
274 803
1299 1526
805 157
205 1015
1036 1399
1621 1208
722 1474
192 242
1109 61
1037 1539
206 1097
1140 1441
784 853
266 768
1443 691
319 895
969 1552
1079 294
563 850
623 1274
540 47
646 1011
212 1262
402 648
1126 637
211 1218
1332 552
1280 437
209 355
210 226
1160 305
1547 325
1188 893
719 902
216 1079
1660 1628
689 1175
217 308
877 86
1227 466
1515 847
1434 1537
1668 1200
847 1348
223 1109
900 528
1090 204
1347 106
1420 299
756 493
220 1061
518 311
1481 1327
727 138
1155 324
1117 1686
1143 1023
1258 1156
1593 1694
939 638
1279 1418
221 1012
222 262
732 607
562 756
1353 1053
1270 1534
1528 910
505 1028
1696 703
1095 705
632 1609
764 1291
227 1600
705 1648
1107 1571
226 856
951 849
1190 323
1422 931
516 582
458 1622
1423 183
664 1141
225 1169
426 1525
550 1226
1378 1610
252 1603
229 1667
231 216
1495 964
844 53
424 1019
1191 1269
233 1520
1379 863
1638 843
1474 1139
234 798
1158 407
306 860
765 862
932 606
489 1635
1177 717
1040 352
679 1533
1111 1578
694 1013
474 836
652 947
481 571
237 154
1504 1683
1316 250
344 1408
1346 1038
1349 1191
773 326
1011 1272
1656 481
871 359
1030 1460
531 1106
886 781
544 1304
814 1307
962 1486
243 1452
1564 1510
735 1614
641 315
339 550
245 1358
1059 1636
246 1257
728 791
1234 1611
248 1405
1210 1230
298 1400
295 795
832 1189
1171 1088
1281 333
1496 1477
392 1339
470 1003
329 207
259 614
1648 418
1133 1338
503 687
257 1162
1497 99
343 966
1387 1168
401 767
244 1388
1641 555
1605 653
1677 1395
988 346
254 9
382 937
1438 102
485 962
258 186
367 1629
513 725
1393 1138
806 820
709 57
692 762
965 506
1359 828
1480 855
1501 513
415 1551
548 499
675 1663
510 1081
971 622
265 1471
973 644
1386 883
1269 74
702 945
938 23
915 630
1575 40
389 1557
269 1365
723 295
270 1254
356 461
1230 340
312 567
271 1178
1645 915
532 1344
713 459
1374 1041
272 1505
1147 472
920 1340
1615 743
520 744
393 193
1091 275
800 1196
942 383
711 391
959 652
954 561
1683 96
1450 1430
947 1122
1049 823
833 155
611 831
834 845
695 1567
1250 731
978 793
1273 336
1331 304
1448 1547
714 1521
388 342
1205 659
284 291
1503 254
422 1436
1063 509
282 799
285 600
390 1111
788 1565
885 632
287 1190
490 1406
621 1420
1413 1221
290 132
787 599
1556 1417
1412 655
1243 988
712 1163
1629 774
1589 395
1076 1120
292 6
568 3
1428 1688
1226 1617
289 1076
296 166
1248 1056
565 441
591 36
1319 185
948 1389
511 1209
1265 113
300 1391
1424 625
1391 54
1509 218
1082 1263
899 121
1195 864
456 1357
304 773
1069 1392
1486 141
307 929
648 73
1219 70
729 578
1430 1638
1336 610
1056 1331
918 1243
1530 377
1613 1193
1108 654
1527 1619
1344 290
1358 1472
740 177
1201 577
1591 1542
1197 1001
314 1103
1165 215
1662 89
316 127
849 463
1285 1266
707 1470
1301 423
1429 935
317 505
1551 159
1104 1143
1596 240
1223 170
1180 1236
1479 543
1600 1429
363 1466
653 1640
1544 1027
1630 296
543 848
867 1021
1166 943
635 331
326 464
919 1488
1054 1020
1539 1409
351 1107
1103 1082
555 948
793 683
1224 285
684 1288
324 1473
1206 1229
618 952
1523 130
1403 1235
1500 1004
1077 257
331 321
619 1197
596 300
332 729
441 741
600 1500
1215 1286
1221 1244
1216 1184
972 1530
1168 597
328 206
414 1075
338 982
934 1623
337 1356
1603 747
365 873
454 235
985 1325
572 1133
721 1359
398 1159
1217 615
1623 899
1682 961
345 309
346 1155
1132 1673
1397 494
347 1385
1665 1455
348 994
896 1204
1199 694
1667 1087
859 334
353 474
957 1295
703 426
551 1672
1469 537
582 187
435 420
1045 557
1508 840
361 1211
1602 1279
360 920
362 546
1489 77
524 1523
1461 389
644 468
368 1161
1673 977
631 1384
1017 1247
366 446
825 1154
1592 5
1288 1043
1455 243
994 64
428 286
554 2
464 1089
1624 1528
374 951
747 1045
926 358
667 1378
1567 173
970 922
846 735
467 1647
379 1545
864 745
1120 119
905 1146
610 953
580 611
583 1631
1435 482
387 1490
1554 1595
1604 771
995 92
1352 30
892 198
1664 181
659 1265
1432 1483
1300 1160
427 662
517 116
546 83
1039 241
1325 692
395 1645
1614 376
396 139
1361 136
677 1341
1363 293
399 1577
1674 593
1233 110
913 217
400 1654
409 343
1116 1123
613 402
1537 1372
1590 734
1035 1540
1402 844
1578 1511
999 107
590 1035
1010 1194
492 874
1411 1199
647 33
412 1296
417 564
657 1608
843 42
1051 805
421 1195
1384 79
724 280
449 1665
1130 1456
1327 1224
700 969
461 754
1543 265
956 498
429 772
431 811
803 1661
538 67
432 120
901 1367
1187 1371
1542 332
1094 1074
733 842
841 152
502 1593
1255 60
828 316
751 568
446 677
569 990
634 1346
810 777
1442 646
821 490
1220 1440
1618 179
1366 58
451 1641
1192 1256
984 605
457 933
1367 1239
1568 192
776 398
717 375
459 1651
955 524
670 153
1330 1303
1009 442
914 1447
465 1034
463 1083
466 553
1070 1063
977 364
594 455
472 930
595 1626
473 1136
1211 1407
476 1010
478 586
1328 1299
766 1112
534 1005
1388 126
792 890
796 190
930 1150
484 797
1559 1501
1238 668
1283 288
1650 980
560 950
1176 1319
592 794
861 246
856 1050
658 1131
588 447
1028 100
1137 1271
498 502
869 960
496 317
1507 394
1342 956
1240 1242
507 813
1376 588
509 1516
1154 1650
1427 381
577 531
1676 504
1354 1425
1072 1433
981 237
1064 786
960 292
567 11
522 681
1532 592
523 1548
1394 906
1339 151
1086 303
1110 594
1024 1252
1001 995
1672 536
863 239
1122 880
1282 1397
549 846
533 1129
1245 938
601 95
1416 212
535 162
1156 529
573 598
903 59
630 1057
1268 484
750 857
1404 817
547 205
1675 517
1179 421
725 432
772 328
1492 1482
587 55
1535 1682
559 737
672 410
768 245
1025 1387
1441 778
1409 397
1431 1421
924 1026
570 168
574 1148
640 224
616 1116
620 789
860 1212
935 76
584 1653
998 787
1365 1182
1251 88
593 222
1106 1059
715 936
1124 1580
1433 1509
854 1515
606 1582
1159 1104
607 1697
852 428
1506 1283
1518 81
1029 921
637 29
1449 1316
1131 91
656 576
1572 489
636 934
698 264
1134 4
1214 1354
1307 1009
1322 1398
1371 337
655 1513
701 1586
1314 129
668 1624
1661 422
686 93
1018 1480
1405 1679
1595 609
798 740
782 1290
786 98
1389 746
1052 713
865 1326
1524 1538
716 1506
1118 1213
1235 75
726 608
1276 1280
831 1166
1579 1632
1289 1016
744 1363
1032 1267
759 1051
761 1355
1127 101
1027 1345
771 1232
807 416
1074 1225
1373 492
791 172
1058 1373
1257 208
989 374
1213 1448
808 66
1148 650
1488 971
818 1250
1065 830
822 1431
1471 780
829 1312
895 7
880 1007
882 1698
1157 879
1125 344
1446 1428
1375 322
1657 460
1525 1285
1311 255
1541 362
1482 590
1004 278
1334 39
964 1519
1003 1404
1112 1185
1152 512
1362 530
1640 1680
1561 542
1340 591
1425 998
1228 1393
1232 22
1565 1322
1576 1353
1293 1496
1312 348
1415 1432
1538 467
1549 1427
