0 1436
2 876
1998 284
3 315
1997 786
4 458
1996 218
1995 632
6 1193
1994 1053
7 735
1993 1861
8 50
1992 70
1991 1494
10 20
1990 556
178 1875
375 578
1398 1696
952 1733
859 1919
37 131
767 1177
1045 1844
593 858
1344 1336
1582 1787
1 1124
5 1472
9 1395
11 356
1603 1315
1237 1310
800 108
289 1298
1049 564
1384 143
174 8
1999 1821
1717 219
1422 728
79 1414
1089 990
245 1765
750 1469
12 1257
13 949
49 1976
960 1971
586 595
157 1029
1527 1291
14 1718
1098 776
1766 967
734 1686
865 249
1466 824
1294 1838
252 1089
123 1932
886 1342
411 637
654 1028
15 1587
1812 1967
1286 1620
565 1566
658 777
107 1350
1088 920
1242 1550
1665 938
232 438
16 1840
106 391
104 1301
821 1495
1150 1075
335 1704
470 1190
1437 1131
17 561
690 693
257 1860
1900 654
1547 1546
28 1158
1137 149
377 707
949 1432
35 1864
1667 584
290 424
1103 1922
1728 1585
1852 42
410 1258
1712 1354
1111 365
464 1046
18 553
1478 1984
703 534
188 813
1913 1778
19 1559
20 1335
1855 497
236 1
1646 1701
25 1463
1167 1169
1948 881
21 554
841 1293
941 1851
43 186
233 1220
1783 1364
1972 99
1223 1306
1510 221
540 1756
112 1827
384 1283
342 1198
893 1000
22 1801
23 1480
847 703
725 423
1353 479
896 120
970 69
784 907
24 715
1499 1455
1989 615
762 150
575 669
1332 667
1262 582
1757 1156
1082 1893
1987 629
262 1136
1334 105
26 290
738 842
778 134
226 1183
998 345
301 1682
27 366
291 1057
1708 1367
1509 161
1649 838
91 1055
1409 1297
552 1768
1856 1825
711 253
1615 27
353 97
691 1555
1863 236
1866 1734
818 45
722 782
320 1256
698 874
731 531
953 1761
1194 1450
29 1745
30 1924
1791 586
494 544
1431 461
1183 1209
1215 1312
31 1857
1371 325
1087 407
906 1411
740 827
284 425
1836 506
32 847
436 1302
1689 1332
1419 347
1112 1812
373 338
1693 478
33 562
624 1356
1326 992
1661 434
220 533
704 1363
907 225
1195 416
1169 1790
1641 1338
192 1199
1825 1651
1961 951
1037 702
1126 1296
139 768
923 916
1007 1900
1251 41
811 1808
1011 1497
1226 1114
1068 36
36 1279
212 751
795 1035
1526 118
1418 1604
888 649
1034 1119
48 550
1156 945
1488 1271
1781 429
1522 1948
227 639
1127 313
1932 1613
1629 1625
308 1986
1915 1415
1922 1478
514 1110
34 1543
38 393
39 1477
525 411
679 1839
684 282
1771 80
1828 1931
1094 399
1252 1143
443 1011
607 1722
769 1284
672 748
40 1285
41 379
1638 1287
82 859
1013 1671
42 412
1980 1366
1944 1596
1831 1610
92 233
173 1391
1363 1537
1263 16
781 1340
1640 79
254 25
44 919
93 1095
582 817
242 888
279 184
1244 688
45 285
455 771
807 793
1385 1010
1752 723
441 1508
543 1674
1614 289
46 1980
869 1514
596 1202
1451 1041
1179 1805
465 1410
1622 1732
1619 229
47 602
389 837
181 1334
322 480
1276 854
1173 109
198 606
752 452
533 794
741 262
1928 142
1158 1406
1897 125
1494 21
1810 975
838 511
1596 1547
50 299
1544 987
885 1009
1891 213
938 1783
1278 519
1975 471
1690 11
1974 1574
619 1965
1612 1849
51 1960
52 509
1720 1232
53 691
997 0
1302 599
1696 836
1701 1278
625 300
745 1731
1467 1782
1895 1832
1642 1738
1085 123
1656 823
80 1244
137 546
1178 295
1025 1483
848 1446
55 398
1687 449
1724 31
96 1571
1973 872
1243 1145
1012 153
755 1560
54 725
56 22
393 1109
742 1239
1659 1754
196 739
957 1951
1731 1098
1686 415
1317 635
57 487
878 1869
868 113
721 1086
810 819
1516 1679
1400 160
381 1200
753 1187
58 1743
77 1709
894 254
1877 1372
366 779
758 1983
59 375
258 1004
1744 1724
760 72
259 1090
60 1182
1879 780
1200 292
1035 516
317 1573
1285 1201
850 1624
1351 336
61 1635
1573 302
132 291
611 1800
1876 341
62 692
63 243
253 467
379 1121
1898 1793
936 619
1147 1612
199 388
477 844
474 1591
616 1961
1849 607
1216 1276
64 712
65 1942
66 1176
481 853
1788 1638
1271 547
67 512
627 1141
1247 1966
805 900
1180 59
1378 4
1813 1457
1830 1273
573 603
68 472
69 939
589 1017
1962 457
1858 1240
1685 1242
1515 1091
554 601
191 1618
1009 1058
1323 1389
1181 955
1377 1265
70 1992
71 947
1776 708
86 58
72 301
1233 1974
1433 909
1610 327
520 946
1234 1416
948 613
1307 685
88 896
321 1154
1052 1020
73 1496
990 1621
341 1397
642 1230
881 10
1490 914
74 1964
913 746
1977 828
75 875
1095 1135
246 1500
1152 1443
1868 23
1184 455
756 798
1597 1205
76 1386
1805 1361
772 1094
1227 993
1379 1080
713 373
1843 1227
1413 1755
78 699
275 696
1475 1542
1779 1862
521 940
1010 784
1703 227
1749 1172
1580 1598
336 260
424 404
877 704
1148 522
1636 343
943 1331
1934 1658
1356 1923
1511 1920
167 638
81 1592
1676 1954
1802 1678
1981 820
889 1189
418 801
1000 1015
83 1975
1401 475
1264 230
1219 1049
548 1524
263 733
85 1498
727 1727
1113 523
459 65
1125 168
924 1382
368 1529
473 687
84 1692
1842 473
1521 1014
1078 1491
256 206
1001 175
1027 1806
1838 1064
154 720
1145 1884
352 337
1283 1540
429 756
1288 422
87 1409
1097 1865
608 179
1834 204
1513 279
1417 60
1738 1260
917 658
1976 1831
1627 1895
1735 185
1926 432
90 738
1506 773
1672 106
966 1181
1472 1941
89 517
736 1166
916 1866
1172 659
183 1003
1818 1371
1524 15
660 1507
1917 1413
1919 257
1193 1804
1236 929
142 1346
1426 353
967 1711
879 83
551 722
874 1142
141 49
146 726
707 1218
1971 1852
299 431
95 1602
1044 446
692 698
747 964
1539 1458
94 103
1662 1405
1955 981
1428 1085
414 274
1408 1081
890 129
1084 1023
1129 609
207 1207
1546 1631
839 1617
1881 177
97 1906
98 686
1670 904
1067 1809
1246 1896
1529 1394
640 344
1005 618
1943 545
99 911
359 75
570 647
744 1982
442 1106
1229 1575
1086 1043
101 320
1727 921
1940 420
799 1429
1793 1867
100 1442
1381 1102
944 1002
102 489
1623 1248
798 850
880 1639
1745 841
1240 1549
103 918
160 1561
1710 1882
1871 1459
1657 403
445 1958
364 395
621 266
147 630
1189 273
897 1644
912 778
1790 927
105 298
214 1263
1954 740
1399 1946
469 234
836 441
1128 275
428 468
1254 483
858 1558
1569 1810
1224 826
435 1465
1055 825
1161 690
1648 755
1549 1520
1600 1222
648 1402
813 883
1118 575
1425 481
108 368
109 684
1799 1050
1046 668
853 258
273 1044
425 571
218 766
296 247
985 1097
1066 1006
110 396
111 1243
1383 1370
502 1835
962 1565
1541 741
1457 1362
793 1384
860 1807
113 628
1104 410
536 1330
749 500
114 1816
244 442
1517 1737
360 1795
801 695
733 1541
1778 1643
567 1252
338 973
125 237
701 999
1107 552
1637 1360
115 566
1691 306
842 169
1339 869
939 843
585 1947
116 1659
117 1108
791 394
269 1084
1564 1499
118 1490
278 678
776 281
1370 114
345 750
846 1988
119 1320
387 966
729 82
991 158
715 1538
1705 216
934 1277
120 226
921 1670
1404 717
238 1047
1755 754
121 978
1114 297
1140 1626
369 1708
892 154
122 1174
1591 870
155 1093
669 1856
1688 62
981 1921
706 905
124 1219
1474 1281
1217 346
138 1814
1851 1237
1537 574
1620 1444
1483 1380
1221 1489
814 1777
1920 1229
1784 340
126 308
1225 1715
1651 1968
448 1600
127 1103
665 790
1023 1421
600 1423
726 1770
1574 719
576 795
605 821
1774 662
561 1750
1758 256
128 1184
129 314
895 539
1930 304
1176 796
1250 1251
1386 63
130 1675
1024 744
1199 1272
815 1744
303 192
1523 307
1487 542
1773 167
1552 995
486 742
751 1430
694 610
1175 1132
131 814
613 655
1444 1502
1496 493
1367 312
133 1609
316 1116
1162 165
1570 716
134 648
556 152
324 1398
1306 1892
908 1881
135 1517
328 269
476 1304
1432 1347
1748 1928
136 761
1815 342
851 122
1967 1788
298 390
1345 73
978 1253
1880 1846
148 958
1782 1493
1390 961
403 986
922 1082
649 293
1706 1453
716 30
140 1161
1910 643
770 1105
475 1324
1017 1307
1060 321
1699 1365
564 1092
1850 1688
835 525
1982 466
305 1282
728 1723
1504 890
1931 1388
549 514
501 276
1832 1930
1220 470
277 469
1935 568
1239 242
1739 96
1753 936
1081 1523
216 1766
1249 1195
1062 1481
143 1588
144 1907
1004 1087
1135 329
1298 1813
1083 585
1021 1286
145 98
1318 217
423 1100
331 865
200 1471
1421 1063
151 1061
675 176
1588 1611
1942 124
968 597
149 1753
1951 933
1228 1225
873 670
150 29
1324 1351
1939 1107
1287 1914
954 1962
169 1940
420 1129
444 1054
152 1127
1186 1897
153 437
1057 1623
383 1259
1492 1700
557 463
1102 352
1586 666
1886 1104
243 447
260 378
1554 1878
156 439
542 930
780 753
1157 1180
1149 1908
969 191
462 17
857 803
1872 1289
1860 1699
1682 1594
194 903
1453 1525
963 288
1674 1632
1026 1535
1484 701
1794 348
488 1513
1854 1326
159 1945
1806 286
478 1876
376 565
1458 543
158 757
161 1583
645 952
1760 979
975 1322
1595 729
1625 1636
560 807
1465 540
162 1595
1551 1760
221 608
1177 147
1763 223
163 440
164 495
1532 48
1256 1717
592 950
165 331
1803 1819
875 651
1924 1697
433 9
1461 1619
166 971
261 674
1795 806
350 563
1058 433
636 1690
1946 1710
702 1779
1203 209
1820 805
1811 902
1885 1995
1144 906
1598 1165
168 1473
406 937
1491 77
1497 640
1222 1039
977 1898
528 1385
1321 724
547 1836
493 1847
171 679
1338 310
1036 1518
479 1343
1653 1645
1840 1051
1500 202
1792 119
202 1661
170 238
1945 1264
223 1759
1402 1369
837 1605
172 1794
545 507
826 1664
971 350
1543 925
271 1713
1555 1401
175 443
370 117
374 912
558 1910
176 1969
995 1977
761 351
1563 33
504 211
177 1321
1823 18
1630 462
1697 91
1655 1833
1801 309
827 1179
863 1266
635 245
314 1488
1988 1126
179 941
915 1153
1562 893
180 1950
1893 1069
1136 349
911 1792
816 934
285 492
286 587
1299 389
182 1503
1473 1274
606 39
1912 1196
1141 1751
1397 991
898 1848
1800 195
1380 364
1445 198
512 646
1389 1891
184 1570
1480 705
615 1203
1301 1341
993 1673
559 1412
1032 1300
185 855
186 1130
1968 577
1202 418
187 752
779 1660
861 197
628 1568
1683 402
817 758
355 362
516 641
189 620
1006 804
1572 1703
1786 1031
1732 1194
1889 1468
1785 270
190 1070
1296 764
700 1112
1857 1721
1153 721
872 1830
193 1855
313 199
1214 549
1824 335
204 1959
862 1994
1833 965
195 985
1559 1486
951 917
201 1648
1796 1695
1780 711
395 450
1031 924
197 1113
919 1586
759 1758
1110 448
1073 261
354 1138
610 1904
1909 808
1827 1606
1958 1691
825 1748
905 86
1936 377
365 515
1033 886
651 541
933 1099
1587 61
1352 1742
505 190
1633 1576
980 1902
203 676
983 387
824 1589
683 1461
671 1853
1767 1223
1960 845
205 513
1109 743
340 1527
958 718
792 1422
532 770
763 1076
686 1349
206 623
280 694
1916 984
1713 1925
208 567
623 324
209 1226
1485 590
1970 277
1581 1314
1507 1329
1609 849
371 1822
300 1622
484 1373
538 551
1300 747
1423 140
211 783
287 1973
1442 1952
639 1464
210 1929
647 1316
577 1997
499 1630
1260 767
831 1221
213 1173
1188 1707
1056 960
1602 406
641 682
1741 133
992 1448
531 445
787 144
1355 1582
215 953
217 1008
790 1655
1589 95
219 1117
518 148
490 385
796 200
1952 867
852 46
1096 1726
788 1936
1268 215
222 1510
534 1079
1030 7
272 1474
1205 1672
1449 183
1476 332
926 1162
574 1212
1387 401
229 633
224 1548
339 1111
471 1383
1584 1564
225 1911
1305 271
964 155
1048 359
947 1178
1862 1305
1174 1680
1303 1515
845 1757
228 1607
399 1817
1253 1250
1218 862
982 1150
1647 1379
1772 1511
1388 1467
1382 1572
925 1139
230 496
467 527
247 371
927 818
231 93
1080 1228
920 792
1272 1918
662 53
318 581
463 1387
234 734
1454 248
274 822
1821 19
1206 1627
235 1629
1119 1358
1412 485
1358 1640
1015 504
329 1868
594 232
988 1294
309 1216
1155 81
237 1539
1369 231
1459 1357
1429 1784
1903 1519
638 1993
1503 1309
239 1034
240 1019
583 460
1312 1344
241 1649
1645 87
900 38
468 706
1275 1470
972 1032
1684 763
1530 1886
903 713
1558 1088
1762 1938
783 250
1761 652
1420 85
1396 1037
866 887
1477 354
1719 579
976 1657
1907 1747
248 1890
1038 1616
400 84
677 196
891 1048
1966 569
1639 943
1816 963
249 1880
1694 810
1743 210
250 959
426 1101
1325 954
1611 830
351 631
251 251
737 1912
1721 1185
844 408
1826 1614
1047 1333
302 1400
1829 1985
297 172
407 1654
255 1151
1754 1705
378 386
1054 1492
1716 1438
719 1339
1978 1160
1315 1656
595 1927
380 220
267 135
1870 1694
1040 884
578 1036
1984 1826
1395 1552
999 311
637 1522
1279 111
676 681
1869 55
1322 645
546 1030
601 672
503 1073
1486 417
1918 1437
1844 203
1258 360
264 244
265 1798
388 1399
266 484
307 1261
1168 272
705 502
1902 697
268 650
282 259
1681 1487
356 456
1441 1972
979 1796
994 996
1798 76
270 1578
1963 1241
1212 1714
367 1763
1008 829
956 664
603 116
1455 164
276 727
1663 811
1531 583
1340 132
626 1685
1590 1146
1362 1740
746 625
315 54
1718 1313
579 37
480 800
1577 264
281 305
876 894
1122 1647
1196 596
693 1215
1436 529
1213 1417
1372 680
1533 1440
283 926
1041 663
1933 1772
1723 126
764 1071
1607 1096
599 1996
1964 1811
712 207
644 280
843 376
688 535
1065 812
288 1238
292 1516
1671 436
597 1431
1424 923
571 1148
294 1901
293 1118
1341 518
295 789
1201 1317
1550 879
918 1378
937 383
1297 268
1463 1392
1108 1374
1626 644
828 1175
1456 1323
945 1052
310 464
323 1163
409 1641
1368 908
1768 931
408 538
325 1451
1965 1171
1016 1021
1775 840
1878 1551
1644 339
306 451
1079 935
867 1368
346 1390
304 170
438 1553
883 1628
431 372
1875 769
1512 1730
506 636
1950 913
1043 1926
1737 557
856 781
1333 980
496 994
1337 815
491 736
1759 1479
311 1269
312 1789
720 43
1311 1859
766 1247
482 871
1652 731
1704 1797
1750 477
1613 1949
511 1667
602 1501
1197 182
1403 1544
659 1001
1534 1231
319 998
673 1355
513 163
914 1435
1154 948
326 932
580 1352
1894 910
1020 700
1407 1824
397 1418
1817 559
1777 382
451 1404
1956 1776
1115 1791
723 1134
1261 787
487 459
1074 1603
398 454
754 430
327 174
630 1045
330 5
1101 624
1867 1275
332 1739
1051 1567
1267 367
1447 901
1628 494
333 1504
929 1870
1440 1120
1540 1376
334 92
1231 384
1631 588
757 369
588 181
666 136
1561 1799
1471 1066
1624 1634
337 188
617 205
1859 1325
446 1012
650 665
1722 1532
581 573
343 616
1711 1125
344 614
1479 1909
681 491
1309 1531
950 1769
1567 1206
1131 241
1702 860
1280 162
363 1375
347 1887
1464 1781
1734 1217
1501 617
802 1447
348 239
1204 846
386 1186
855 591
349 508
1092 956
1733 714
1566 1164
1075 121
909 112
1901 115
1616 1505
959 660
1841 600
1819 1381
887 1599
357 1785
358 1706
1846 861
1117 1506
1211 265
1266 1408
1069 851
1508 361
524 380
587 1147
663 1235
1050 1208
1460 1762
1077 413
361 1137
1929 319
362 857
1439 32
598 510
497 1698
417 572
1452 899
1443 1484
996 1204
526 657
643 785
449 193
1164 400
1350 866
1949 1828
832 1155
1450 419
372 1311
1519 107
1847 1345
507 675
1959 278
1837 1764
932 1072
1106 831
510 1554
709 255
1329 976
508 426
901 486
1983 397
1528 1441
1822 760
382 528
1342 536
385 737
1556 381
1366 1823
1003 873
1360 1842
1668 1837
517 1270
735 1545
390 151
830 1255
391 100
392 1642
1241 1290
1100 499
674 788
1789 732
823 146
1270 677
394 34
396 145
1905 187
1726 730
1698 1534
1808 212
1865 1818
1787 1979
1090 421
401 194
1121 505
631 1288
864 88
1319 1633
402 1144
1138 201
1448 1159
1105 435
569 897
794 1991
1255 1615
404 1871
775 832
1985 1434
743 392
405 634
1715 1197
1887 363
440 355
412 982
1364 1327
685 1433
413 1681
1349 1584
1374 64
415 1943
1679 1407
730 537
833 1022
498 521
416 1874
1835 710
1495 593
419 1246
1979 1916
421 868
450 1353
1542 2
572 47
422 1889
1747 1214
849 1065
1248 969
1142 1460
427 1780
1797 839
687 56
1678 208
1669 156
804 1026
1634 1981
430 745
1514 14
432 1937
1769 328
434 318
1257 560
1770 333
437 1934
930 1773
1123 1319
809 653
439 1170
1427 928
1245 1280
870 1677
1029 974
812 1074
714 89
1331 26
1468 1078
447 1149
652 1719
541 605
1947 498
1986 1299
1070 1802
452 1224
453 1597
1498 1262
1192 852
454 1303
456 1915
553 1774
622 1005
1874 214
1730 592
457 1935
1481 1528
460 1601
1864 1771
1518 898
708 1662
973 1188
458 317
461 180
485 137
1274 1025
765 799
1906 759
884 1850
1594 101
466 673
1361 127
1064 1007
871 1439
940 1933
472 834
633 1863
668 24
1575 159
1277 589
1579 1068
1725 374
661 1579
1209 891
1022 74
1565 1027
785 1533
1941 1123
1273 775
483 957
1892 1168
523 863
1171 895
739 1476
1259 1133
489 1888
1393 1419
1284 1883
492 474
1238 962
1585 1746
495 1873
1908 1963
1814 1359
519 1393
984 138
500 476
1133 1683
1736 52
529 1556
1165 1716
1232 1684
1911 482
1904 1254
544 1767
1014 749
1039 915
509 1903
530 1425
1583 94
782 885
1617 1741
1061 997
515 1854
563 880
1746 968
1293 1563
1604 1577
1927 1377
522 1077
935 171
1406 294
1063 1140
527 427
609 1013
670 598
697 621
1680 520
1666 1815
1505 1752
1394 66
535 988
537 1234
1593 1128
1553 555
539 488
1210 246
634 35
1376 580
808 622
1635 1736
584 1955
1343 370
550 1042
1493 548
680 1637
1335 1475
1143 709
1354 166
555 1426
1059 296
568 222
1765 1650
1414 141
710 102
1411 1693
1348 1396
562 576
566 1581
1292 178
1187 1308
1281 1580
1938 1428
1365 1843
1675 334
1848 604
1151 661
1658 1059
803 267
806 1024
946 330
942 316
1502 970
612 524
1435 428
789 358
1282 765
590 1152
591 532
820 1917
773 1462
1295 989
1130 983
786 797
604 972
840 6
1182 104
1545 1211
1535 1466
1548 1653
1146 130
1751 1157
768 802
1921 1858
614 1512
1159 1749
1654 889
904 1245
1269 1899
1489 1213
664 1016
618 627
620 224
1482 28
1804 1562
1290 1192
629 835
1430 1482
1328 1720
1882 303
1520 51
1163 252
1632 1841
632 1803
656 1249
1953 558
974 1337
653 1115
1890 1292
1316 1267
1888 1663
1357 1018
646 322
1446 1122
1336 44
1028 12
1538 1485
655 1056
1139 878
1327 453
657 1990
699 1676
1664 1060
1845 1689
1099 882
667 809
1330 444
1166 1845
1375 1403
1695 922
1438 90
1599 1233
678 762
1462 240
931 1872
682 772
1601 189
822 1970
1839 173
1560 1944
989 1038
774 1445
1160 128
732 1040
1470 3
1434 1456
689 357
928 1669
1346 78
718 110
695 1989
696 683
1308 1521
1314 1687
1557 1033
1742 626
1643 1210
717 1820
724 157
1925 526
1969 1702
910 1834
987 942
1873 1590
1707 1953
1134 71
1310 1735
1673 791
1650 323
1883 594
1807 1236
965 1268
829 977
1170 57
748 1829
1571 40
1809 612
797 611
1120 892
1576 228
1608 1877
1116 1729
1606 405
1923 1536
1764 1509
1230 1348
1304 67
771 816
854 503
1568 877
777 1987
1914 530
961 1295
1373 1652
1410 501
1093 1956
1416 1083
1391 414
1208 1062
1677 1191
1265 1608
1896 1725
1469 1067
1359 465
819 1894
1714 1939
1124 1427
1578 139
834 689
1592 409
1536 235
1207 774
1002 1879
882 1712
1132 1557
899 1449
1660 1454
902 263
1071 1905
1392 570
1053 1957
955 1999
1899 848
1525 1998
1756 642
1740 656
1019 1328
1291 671
1853 1530
986 944
1605 68
1313 1978
1700 1318
1076 1424
1018 326
1072 1646
1861 1526
1185 1885
1884 1668
1042 1665
1198 13
1415 1569
1235 1167
1091 1728
1320 1666
1289 1420
1618 864
1190 490
1191 1913
1709 833
1347 1786
1692 1593
1405 287
1957 283
1621 856
1729 1775
1937 1452
