0 1738
2 1242
1947 608
1946 70
1944 1332
7 1608
8 778
1942 555
9 1486
10 201
11 1521
12 820
13 181
1937 1566
1936 1538
1935 1446
178 376
1902 806
1509 660
1876 588
1046 274
1661 1487
1582 1842
1123 1374
1075 1310
1 1934
3 1694
1948 784
6 1295
1945 1615
1940 1318
14 1881
1938 429
15 1506
16 776
98 1235
463 817
1617 1167
1151 1504
1949 1597
1943 650
568 357
797 138
806 673
1829 13
4 938
5 498
18 1395
1105 1170
825 1801
480 1028
1885 986
17 464
1098 1352
1799 1822
811 1601
393 1411
359 1462
1048 1564
976 483
985 1499
838 1453
1760 1758
19 1452
429 1673
775 1579
1016 38
751 1308
1899 781
1772 222
1470 542
1493 1012
812 126
1319 849
24 258
1798 1736
1426 1755
1779 760
1438 1324
20 6
1941 432
226 249
1299 603
529 667
1193 189
1274 1146
690 1710
298 172
1355 1776
866 769
21 1179
376 1593
1689 1686
484 1692
1918 701
90 1068
1430 1410
23 1289
1294 632
422 1890
1067 1697
995 1362
318 1327
1107 1056
222 188
101 433
22 442
25 1546
1855 145
683 895
215 1366
962 131
313 1185
1722 454
230 1483
1490 783
1816 1666
756 508
350 1095
149 1767
26 990
1505 742
267 307
564 671
1627 518
28 553
363 803
837 761
218 1665
1129 802
29 420
570 1925
1831 160
1454 1712
1595 377
82 808
355 119
704 1292
1399 1376
30 215
381 1609
1423 148
51 541
1225 1598
562 1238
27 624
854 745
482 1919
380 480
444 958
919 1415
1845 1503
1363 459
31 1753
291 674
377 1775
1741 1065
779 348
1759 570
246 95
702 51
1773 870
1684 1016
33 734
1856 534
709 255
443 346
1287 185
611 816
32 1255
34 184
1866 125
965 827
297 805
937 1102
873 404
79 1674
1037 1461
174 229
1114 1699
1460 560
865 690
1453 190
1269 458
584 1677
136 1511
1237 369
520 1465
1774 1860
255 1787
242 1844
396 271
163 446
1429 982
35 638
36 1386
1915 645
1305 52
525 1766
652 1693
1467 1892
100 1107
1215 331
37 1195
624 1422
301 1865
508 19
511 651
1300 211
38 1488
1917 1557
233 1618
1932 912
117 1777
375 663
1160 155
1613 504
413 46
734 457
1752 1687
203 1839
1538 418
516 1549
1444 960
39 1708
212 230
207 373
1714 1681
1398 1520
1755 610
901 738
309 577
42 1062
1435 103
609 733
184 104
915 1798
696 835
550 311
982 797
1612 967
1385 1661
40 590
43 313
162 408
1576 974
290 149
881 1709
950 1846
370 207
1545 1439
1757 1262
1896 1732
386 321
1297 1572
1883 1864
70 940
198 1239
41 891
45 615
1327 337
561 97
1441 98
1089 561
1280 405
1101 372
46 876
1671 1093
1345 948
1853 1051
127 221
1110 1092
1458 1547
518 380
1472 423
1333 923
47 1939
1487 904
794 1307
48 1079
214 482
1397 979
1874 1402
637 1442
1222 1490
1640 1353
613 828
44 298
49 894
792 1497
699 1143
815 26
73 1664
1606 245
322 14
691 238
1515 1077
50 270
130 1912
997 1372
161 864
1608 1287
1723 1525
1381 625
1736 971
1230 494
52 845
485 1897
1597 571
1422 81
1238 838
169 1812
964 47
1163 219
615 1258
769 1643
705 69
374 1743
515 724
1408 584
1756 1338
1118 924
1795 1522
952 533
53 1840
1656 1831
650 1129
91 260
816 109
135 326
1158 1799
197 191
252 633
54 955
55 1630
1544 1341
191 1008
1696 1905
746 1317
1803 693
1880 833
1029 1309
129 127
1342 180
362 1128
959 1509
813 736
563 1342
168 1145
548 1904
58 478
845 1141
1336 279
133 1648
319 1741
1806 1020
534 1218
776 711
1658 1149
528 686
1254 107
1033 1283
56 1408
500 1756
1159 1328
330 887
151 1927
1243 1917
1931 1896
1178 50
59 1539
332 367
1332 874
1120 198
893 1751
57 821
60 1735
61 1922
1001 980
1284 893
1792 7
841 1849
924 1139
1739 1867
1547 387
1073 257
599 905
421 722
849 1764
62 812
63 1058
71 317
1212 1475
830 1358
1618 1090
689 1725
1078 259
299 1937
1512 1491
1061 646
177 1931
700 744
64 515
905 1818
884 356
450 466
878 1316
1414 706
66 1595
1125 1244
1185 1810
1477 1908
1701 244
1286 1935
862 225
287 682
1833 499
934 455
1387 68
517 1624
67 680
68 29
253 794
1478 241
1744 83
676 1412
1173 486
478 370
1445 1647
69 1659
236 1915
628 1591
112 953
155 1720
574 397
1017 1524
388 554
891 355
540 1435
438 186
761 1737
1346 565
154 150
532 37
1719 886
72 658
1882 790
1400 261
1888 896
554 389
886 1401
1675 900
953 1071
963 834
606 595
647 1281
943 1331
1884 705
940 539
65 368
74 463
589 202
1507 1440
748 1380
798 727
414 1827
1864 878
399 1652
1307 1202
75 1420
1113 841
1599 87
1500 1022
1121 1260
475 689
684 0
76 110
1660 1468
1218 1278
649 237
1778 1304
851 602
1646 1911
498 147
1584 1526
773 448
1296 1054
276 988
1390 302
990 1918
677 1528
335 766
587 1153
1250 477
1716 358
78 291
951 1223
653 748
249 679
582 714
1032 1036
1375 1773
1841 1749
77 91
80 493
327 1734
487 1495
106 1333
594 1933
1707 1568
521 913
925 1284
81 263
476 1772
1080 1089
275 252
1607 435
847 468
752 919
1473 1312
83 1426
928 628
1822 199
179 770
1511 994
560 32
1848 867
84 1224
85 136
1636 775
795 227
1645 1500
1548 1274
1801 1266
774 935
874 655
491 443
1391 1448
89 582
1862 1866
597 601
1099 1105
385 715
1673 1926
889 23
417 1854
369 1541
595 728
1872 297
954 1502
1442 1623
88 1339
139 1109
1776 1162
601 55
989 1069
1827 122
86 796
87 977
1264 1140
113 1433
1712 1447
1122 474
859 506
1341 1371
817 1155
727 1858
1226 447
1588 175
1202 1175
840 1631
503 1234
1828 1321
1875 1884
1596 1786
666 1781
687 918
1279 1740
92 965
1838 929
195 1154
470 1207
227 810
187 269
697 1248
241 1073
93 492
1097 1816
1330 1893
1797 361
1317 755
1463 121
1921 1629
659 248
1643 192
523 1276
210 759
514 1690
434 1072
316 1845
827 465
333 583
1775 1671
94 1774
1189 764
110 1874
1910 475
772 1047
96 1213
836 1038
1553 485
1758 1027
906 1055
95 1364
97 1193
533 168
153 1906
1745 1913
1513 612
1742 1252
939 1423
425 66
758 925
1144 290
755 741
99 1851
1150 57
1690 720
223 280
713 1683
261 544
931 85
1625 1476
1897 1605
437 813
1302 1303
340 1349
1303 1784
946 1723
1482 412
1040 1617
1234 1270
966 1836
1691 1294
955 558
1464 1558
102 434
103 1014
232 205
1359 1183
389 586
834 1545
314 1347
1062 956
680 1762
104 1684
1900 371
895 1301
105 156
949 1651
1388 613
159 839
1826 708
1236 133
1814 285
1459 1291
1439 1838
1155 1399
107 963
1837 631
1069 1377
1559 4
1172 1263
941 1574
1812 385
768 41
717 288
1261 1763
109 1241
229 509
1506 1363
1389 1097
156 165
1735 1791
108 675
1365 531
902 1282
111 814
622 779
1347 928
1573 1134
1927 892
360 1457
819 33
921 1212
932 559
1871 1554
799 1841
1292 703
1437 247
541 460
1146 15
190 1537
1268 1035
1298 1199
1404 345
114 436
1180 316
929 1427
339 696
1930 692
714 1085
1443 1464
1450 90
116 194
259 1891
320 978
237 1084
467 1444
115 1438
118 617
1088 1232
1371 847
623 1507
796 1726
120 576
119 1496
566 1924
382 1613
479 830
616 1320
173 514
1102 303
645 60
121 1300
122 1747
157 1350
1788 335
160 166
822 1336
123 1485
278 1863
499 1231
1031 1788
1104 402
1360 1498
125 1492
1642 449
474 410
1497 1041
1176 1323
524 392
1705 102
1579 366
124 1876
1188 537
418 697
737 717
1257 1871
1558 1663
1186 1006
1364 1381
1807 196
1045 837
270 1088
1869 1125
710 1023
1534 1888
1192 277
128 1474
137 1635
1200 1152
247 538
176 899
217 27
145 281
1258 240
392 174
1891 966
126 757
1620 1064
158 927
1577 1719
293 1882
131 1394
1235 295
325 120
1167 162
1808 992
1115 1586
200 785
132 92
803 451
1253 1612
765 1638
1277 1257
1053 226
1260 1625
722 753
1594 1472
1846 362
134 299
1455 1534
1241 811
1768 301
741 264
944 695
736 1237
869 1247
1415 934
1637 360
875 751
1824 93
558 1424
1890 144
1368 359
1198 826
138 1214
556 903
365 1108
695 856
296 382
610 853
140 513
814 278
141 1138
1815 1037
927 599
1537 1365
1581 1466
1124 1478
1651 94
1025 195
366 609
565 1230
457 407
1197 1553
1131 1211
1014 461
1431 179
1008 1293
1665 1559
1149 1731
142 1688
403 1614
627 1835
885 1243
1677 287
536 789
1344 1445
144 529
146 406
1379 243
1924 1198
986 1830
850 1533
240 1555
913 1003
143 328
1923 1619
1591 108
1282 1519
1702 1645
1295 1467
604 1626
147 1616
148 71
549 1899
1623 637
618 527
188 1575
1353 1046
908 1005
1407 114
1416 1296
1568 48
364 1627
379 1636
1939 1144
150 294
1196 1434
1337 1398
321 1943
1860 324
390 536
1622 1695
152 898
510 170
391 1940
685 73
435 1698
923 343
1809 1117
1698 1201
983 374
185 1745
496 76
1024 427
1378 1543
400 1335
656 1942
341 520
887 1578
1652 605
1783 973
1304 1178
1328 1463
1913 419
596 1078
436 214
506 1034
1751 242
260 1177
749 1576
1468 846
1567 1096
286 809
692 239
1095 1655
501 581
1516 1298
282 100
430 116
1626 1375
312 991
612 411
164 1210
165 1378
553 347
1323 1091
213 1288
1703 1361
1449 1032
1911 1757
809 921
693 1150
1030 875
1108 579
166 943
167 530
1713 525
1527 1015
1369 318
871 510
170 702
194 1672
969 453
870 792
404 384
633 1829
171 901
1221 1932
1734 756
419 1556
1266 218
1580 1895
172 1887
807 349
468 1930
787 823
1616 344
348 322
1145 1711
605 843
353 43
1681 907
1731 1494
175 1180
1096 1249
860 1432
1199 425
1433 1357
821 1405
1090 1163
1718 293
1666 557
196 167
1667 1373
999 1730
1916 234
1242 1602
1278 1443
1249 1259
678 1484
1147 598
1543 862
1334 800
1413 653
1056 1421
1229 161
835 223
180 1418
1517 1489
1474 1680
1836 1682
1411 1769
181 1120
182 997
183 569
914 1480
1068 1216
1711 1148
971 1754
1050 1518
279 649
1006 262
1060 79
1878 1855
454 1208
258 1728
1560 1004
1893 153
1578 707
852 416
248 1870
625 842
636 36
186 1646
494 208
720 1588
1887 338
1376 1900
1630 740
1708 1182
543 56
284 1387
724 683
679 1061
189 141
1905 1941
1156 698
1926 10
868 1832
1432 949
224 726
1318 774
473 1691
1005 1256
1733 1856
192 767
193 521
1043 106
1055 364
1157 124
283 1031
1765 1449
1863 987
1010 782
1324 1169
288 622
1747 1253
394 388
343 21
1811 1535
1227 1760
898 1228
936 620
894 421
358 1873
1440 1765
199 535
1676 1825
1889 1724
688 1404
1395 1220
201 213
202 488
1022 267
844 1785
1475 305
462 672
942 17
1635 657
204 568
1484 1824
864 635
1020 512
449 1821
626 176
205 1715
1070 351
590 1389
1821 325
427 1752
401 547
911 1581
206 1383
1021 354
1184 719
469 1604
208 815
209 304
1049 113
1563 840
1502 1637
1859 1233
1109 959
1786 552
1465 861
1583 730
1782 788
572 1944
802 1413
263 1123
619 157
879 130
1410 1171
235 825
1520 969
1216 1668
1285 1620
863 750
712 939
1207 1431
992 1948
1343 873
1726 265
1843 1229
739 1226
211 1706
1373 1455
387 1087
1823 1344
552 607
789 1640
216 1793
977 626
753 564
1206 352
219 11
639 479
357 1099
1819 1872
507 968
1065 1577
576 1717
220 1019
221 445
1148 1382
251 1067
489 1236
512 799
1483 1669
1027 1718
225 623
571 523
824 746
855 1164
1093 1173
1785 562
1861 585
1813 1186
1469 936
1290 20
228 75
1839 677
1392 197
1419 193
1288 614
1325 670
600 1621
231 1343
465 34
1409 1458
1709 143
642 1583
1011 1928
617 53
804 648
411 1409
764 393
1418 439
1245 1187
1504 25
1655 491
896 915
1611 1770
234 1653
890 1853
1781 1147
1247 589
912 24
1132 976
917 884
1384 587
956 503
1629 306
1615 822
1372 1204
1401 12
686 1654
1519 1714
1312 1142
1654 831
1503 3
671 246
239 84
872 40
238 566
1154 975
1523 284
800 572
488 379
1510 1113
273 1493
588 1306
1233 661
745 1721
243 327
244 233
1800 334
1275 942
1721 1174
725 1742
459 1076
439 1886
538 1804
1674 476
481 319
245 1245
1289 1633
546 276
1209 983
1805 134
935 500
1704 216
661 1820
349 1190
918 604
981 497
522 1561
1551 1560
1628 1018
1220 289
1308 1222
1907 471
433 330
1092 1700
1112 860
793 1590
1914 1044
1934 339
250 1727
254 1407
707 1100
1084 1573
426 1165
1679 1544
256 848
1898 1215
406 1115
1023 1909
1170 807
257 137
1762 961
651 42
805 1826
266 1540
1529 1029
1424 596
451 1392
317 1297
1137 462
726 1641
1928 1299
410 1184
367 1261
1858 768
1657 1650
1749 931
733 1843
398 1340
262 1419
557 1814
1825 1329
630 621
1919 1001
395 1192
346 747
264 1505
1610 1889
578 780
922 414
505 910
1556 629
1717 1111
788 501
265 882
784 668
1452 819
581 282
1638 487
269 413
1687 1805
1686 62
268 676
1434 1311
1557 1103
682 135
271 548
1436 1116
272 1582
423 16
1647 1436
531 296
1314 59
453 917
907 44
1026 1269
1572 593
1354 1548
1865 1013
1168 1479
1832 231
1639 1217
274 1384
785 123
1565 378
277 1813
681 8
1564 1527
1326 470
1522 619
1688 1783
1427 502
1542 1406
829 1403
781 1159
1106 163
1094 865
635 375
280 773
1521 1592
281 232
1491 824
1223 336
1678 1658
1609 1264
361 1833
801 908
632 1026
1738 1205
285 1313
1066 217
1700 236
1271 1400
1748 995
483 1240
972 511
607 1808
1720 1600
289 739
1179 49
1908 1181
668 403
1041 551
1728 286
303 1011
654 1569
352 1929
412 1768
904 353
715 1246
292 1877
1767 998
669 386
294 723
295 1030
1895 647
1740 89
967 1416
1810 1345
471 1021
876 1639
1386 1869
1540 417
938 415
961 573
300 996
302 350
998 1000
310 1286
1847 1852
304 937
1753 409
1232 177
1766 857
828 484
1161 1802
1136 1878
1499 169
867 752
1601 762
730 31
493 489
305 1516
674 643
477 532
306 957
1763 401
1331 1501
970 1010
1231 1227
1128 212
585 543
1263 592
342 1450
1457 1017
307 1114
308 1273
721 251
979 594
1406 1938
311 1729
675 1251
883 1151
759 1075
1632 1945
441 652
856 981
968 1025
1533 591
842 681
701 641
315 1460
791 140
1650 922
897 777
495 1280
1857 363
1447 771
527 115
771 691
428 765
1634 314
1587 1388
744 1761
763 101
1570 1859
1000 1529
728 563
621 1360
1750 430
888 517
658 64
1448 1707
991 731
323 204
1340 721
1003 829
324 452
591 1510
930 1704
579 1837
1787 1567
326 1550
861 309
1670 616
492 546
780 1268
329 618
1624 735
1724 1530
448 1326
818 1126
331 545
783 320
1818 28
1592 111
1804 984
1820 88
328 1642
1695 772
334 1428
1350 283
336 869
1672 868
1706 597
1174 272
384 1279
338 1053
337 1456
442 1610
344 1512
1217 1662
1541 1127
1694 1907
345 1879
1456 866
1396 495
1920 391
993 396
1737 1393
1479 877
1641 1789
1366 1194
1796 1024
351 1481
1352 1009
1554 394
545 1679
446 1914
857 950
354 725
1339 1057
356 883
1204 1470
1177 1594
347 1379
698 1437
472 729
957 1585
537 639
933 1196
456 398
408 254
1530 266
1903 1200
1802 1570
757 1168
1604 61
567 1221
368 1172
778 1137
593 151
1571 1334
1471 1923
371 1080
1933 644
641 1649
832 146
694 1081
373 1910
672 54
1315 490
372 1206
513 1469
1351 1063
1881 859
644 256
1291 1385
1077 627
378 1156
1589 1834
877 897
1699 516
1461 954
1925 1417
1546 920
1019 1809
1281 911
1561 1848
1402 72
1301 206
1562 871
1791 1676
750 926
1064 1040
1633 99
1780 1936
1081 709
660 1513
1793 1589
1004 1532
383 786
1877 315
1852 993
1486 473
1059 1132
948 909
555 438
1879 1354
464 804
1313 450
1309 659
1153 763
1834 1644
420 1685
708 1660
603 424
1349 1133
1028 1
1057 1797
1086 879
920 1033
767 1454
397 2
1789 1606
602 1157
1076 1811
486 654
1262 152
1085 1571
1052 688
916 187
1420 58
402 235
1566 1337
1754 496
1761 78
1251 1158
405 1098
629 1794
1007 200
980 872
673 749
1130 329
407 1390
1835 128
409 916
648 1191
1614 1850
569 1920
892 880
760 1083
415 323
1126 889
790 444
1208 1607
1901 1622
526 250
1228 524
455 526
1051 1060
416 1716
1849 1482
909 798
1380 1225
490 1861
1729 1611
747 550
1922 1705
782 1921
424 713
723 312
1367 1124
1079 1780
831 634
958 881
431 852
432 1875
711 1819
577 1739
1663 914
1653 1696
843 1803
1586 1189
1912 844
1909 556
1830 333
762 1857
640 1104
1508 1160
1377 832
440 972
1166 945
445 611
1851 704
1211 341
509 253
1044 203
1162 999
447 1898
1685 606
1784 1473
1009 1271
706 640
452 1007
1213 1806
1536 1314
1183 1517
575 737
598 600
1488 1074
719 1868
1322 35
1697 1746
823 700
1403 1459
461 1514
853 1082
458 1565
460 1356
1715 173
978 132
1074 224
1648 1795
1169 383
1035 630
1203 1551
466 1632
987 340
1259 1563
1321 941
1357 182
770 481
1466 1359
1575 1828
738 964
1574 220
903 1656
1535 656
1201 906
1514 850
858 678
1425 1678
848 112
1476 1471
1929 1580
1598 669
1214 467
1854 1367
1140 45
497 694
1329 758
1164 1346
1047 1277
984 1397
1175 1414
502 1275
1644 154
504 437
1246 1219
1867 400
586 65
786 1689
1141 1634
1664 1322
542 1596
1492 1667
638 1002
1152 77
1013 902
1525 684
1769 1562
1524 1703
1219 86
1870 105
1710 228
1683 716
1421 1122
519 836
663 1305
988 793
1842 1176
1528 712
1886 1902
1777 662
703 851
1306 666
1394 1599
742 818
530 1370
1892 1425
670 578
1518 1045
535 930
539 158
1498 82
592 567
643 1302
1042 456
1087 1203
547 74
735 1782
646 139
754 1265
1412 1119
544 469
732 718
1370 522
551 9
1904 1779
1649 1903
1619 1048
1382 787
1311 1807
1494 390
1602 1796
559 1744
731 970
926 1778
1590 951
1393 1166
573 1267
1224 1066
1015 1161
1631 1701
833 642
1531 1355
1358 183
1181 575
580 365
1142 952
583 710
1906 1118
1240 985
766 472
1844 164
1103 1197
1171 1916
1083 308
1191 888
1495 580
743 1670
1868 1542
1451 947
1405 1515
973 801
608 1110
1374 5
1239 1285
1283 507
614 1254
1603 1536
1481 178
740 1250
1091 1368
994 1429
620 1771
1054 1508
839 549
1550 791
1256 944
1100 1862
1428 540
631 381
1265 1209
1600 685
1668 399
634 1733
1187 863
1012 1101
1840 1441
1119 426
1244 636
1165 1188
1063 505
975 1946
1532 300
945 933
1039 431
655 1121
657 159
1489 30
1276 209
662 275
664 129
665 1070
1549 1106
1743 732
667 1713
1034 1885
996 1351
1320 1396
1501 795
820 743
1082 1094
1361 665
1273 574
1255 1391
1730 932
716 310
1746 1800
1270 989
960 1290
882 171
1850 528
1310 1657
1338 1883
1293 1451
718 63
777 118
1770 890
1526 332
1462 1817
1727 1130
1038 1790
729 1759
1485 1531
1480 1477
1117 1050
1873 268
1682 1584
1272 854
1133 519
1362 1603
1190 441
1593 1815
1894 1750
1138 142
1659 687
1127 1131
880 1135
1605 858
1764 1330
1356 699
1348 1587
1111 1702
900 440
910 117
1496 1894
1669 1847
1790 273
808 1272
810 1792
1771 422
826 1348
1194 1325
974 1523
1335 80
1417 1086
1205 210
846 1552
1725 1949
1267 1880
1555 1947
1139 1675
1383 664
1143 1039
1539 1049
1182 1628
899 96
1210 67
1116 395
1693 885
1252 292
947 428
1585 962
1446 39
1018 1369
1732 1059
1002 1319
1692 18
1036 946
1662 1722
1058 1430
1072 1042
1071 1112
1621 1052
1134 855
1135 22
1316 1901
1680 1043
1195 754
1248 1823
1552 1748
1569 342
1817 1136
1794 1315
