0 76
1749 1265
2 979
3 1703
1747 1460
4 490
1746 1148
1745 1389
1744 533
7 1246
1743 1569
1742 78
9 120
1741 1324
1740 980
11 1430
1739 314
178 1610
1540 899
234 372
137 9
206 1303
339 529
1495 1592
459 476
142 1527
498 1181
1235 1035
1664 1056
1 160
6 216
8 619
10 696
12 850
13 1501
1574 465
457 381
997 1004
1285 1621
699 1546
1488 1353
900 1722
853 1348
874 724
337 1462
5 1419
1748 1625
1717 963
1375 929
290 399
1278 1018
1395 1195
1155 147
739 913
1226 273
159 737
1371 1250
14 1005
1044 81
1072 741
479 528
22 580
1055 1611
77 1383
747 1721
279 1435
1170 1133
1609 574
370 1681
15 1405
16 1683
1098 112
435 1669
190 520
1132 1543
1259 877
472 530
340 1124
1369 207
461 838
578 1664
558 1737
17 650
1675 432
1262 813
1679 1298
1130 555
1468 456
730 1093
18 852
106 1458
1458 212
1596 1682
728 1565
204 126
1357 1189
510 57
341 658
19 961
690 840
195 93
462 376
1217 1278
1516 118
381 1264
511 385
453 394
1229 268
923 1406
20 1443
310 141
566 1351
1198 1691
1313 1037
367 327
981 818
1104 856
1008 1134
107 1542
222 1661
1101 1516
1408 163
227 1087
1330 827
238 162
893 184
541 706
62 788
83 982
1409 684
1384 568
1691 355
586 981
21 1045
826 1114
477 345
1407 444
1667 647
990 1577
680 389
23 853
1481 1101
940 8
429 499
1570 473
1584 176
626 819
1460 242
24 404
25 1711
589 636
1241 1574
45 1428
1662 335
612 475
476 22
1499 572
1670 596
1159 784
1180 609
378 1166
1254 820
522 31
1433 1545
941 1015
115 237
1445 692
1001 1526
26 1409
1102 821
897 50
627 938
882 708
264 320
858 1171
1172 165
63 583
1136 202
1175 879
1420 1014
359 229
58 999
813 485
606 1335
1682 1295
27 246
28 1697
29 1673
291 548
76 969
1692 1061
133 1537
481 116
919 776
1694 898
582 1540
1091 1168
664 231
1731 1334
30 270
43 1001
698 365
248 1263
1374 1234
1553 228
1497 651
31 951
881 1013
155 1064
898 1634
478 1178
121 1170
183 450
427 1499
644 138
1066 936
1557 704
32 685
651 315
1603 262
870 77
1112 1156
1715 914
1177 1085
344 1378
144 478
1527 171
689 1016
624 371
163 44
33 652
779 1213
375 1452
1302 1398
72 1322
1298 1312
34 601
1641 869
1629 1084
1510 976
631 770
667 254
36 762
397 1075
1161 993
1131 86
655 382
790 1579
182 209
1385 622
1187 1362
1342 134
335 1472
35 1280
37 377
91 1033
1035 422
499 789
1738 1597
1631 1741
270 945
209 503
53 1393
431 249
722 1391
565 1267
422 826
584 446
1288 1490
281 507
1133 1142
796 11
815 298
39 217
1028 210
557 1547
210 1384
528 1712
141 901
1094 1385
1223 1194
257 712
40 1091
785 1595
836 846
1331 992
49 1076
1690 1407
1174 1302
52 1487
38 1680
1575 1184
911 1374
1077 1643
705 331
130 600
42 576
1643 632
1058 1242
1239 1479
1210 1627
98 1164
1363 311
670 457
1472 442
512 1042
65 876
801 482
706 1219
913 156
44 487
1561 0
193 1440
909 1316
198 1308
1193 1504
1045 196
1505 1412
1537 204
212 1040
1545 908
957 1464
996 612
1111 1006
1106 1672
1704 1254
1236 531
1592 317
1335 1088
613 303
889 1582
41 295
46 756
47 15
1060 431
635 1553
576 830
48 46
455 861
590 603
236 24
1387 483
918 1594
1680 589
253 438
69 472
668 751
920 1102
1413 1333
492 67
1614 245
199 27
1734 1339
373 279
448 1399
1147 1679
50 256
120 1473
1205 1026
1344 736
407 1112
646 627
265 334
1685 1375
608 1456
1096 1649
554 695
223 94
219 621
1619 763
1484 1503
738 363
1618 1701
1678 1023
1517 152
51 1060
189 1212
1655 324
205 494
423 1480
665 1617
1405 1719
727 310
803 113
245 1113
1315 416
765 1392
750 1012
1250 666
805 1522
54 4
1485 943
307 1724
638 1518
821 682
1441 642
723 222
1108 1372
1455 255
1373 823
988 158
55 1300
405 464
692 1381
1162 1070
552 1530
978 97
925 96
408 173
56 1535
1711 259
208 598
688 1599
977 469
1343 1640
797 1259
125 323
912 1257
863 586
764 1515
1321 435
57 1668
386 1471
170 1266
939 1423
445 1368
59 1048
861 753
1622 1532
1322 1548
1411 1104
365 983
292 1620
382 701
354 611
135 80
60 1227
377 794
239 1602
1365 1633
1712 1517
87 414
180 1127
802 882
1386 1317
1069 557
161 1116
278 1053
660 731
61 1552
216 1107
463 1307
938 360
175 291
1454 978
380 1122
1200 356
1440 40
1184 1099
467 509
346 812
1286 199
1578 801
1043 263
545 570
1215 1315
371 577
64 1262
237 1413
754 1025
960 824
720 1074
1703 806
516 974
929 1183
1046 1481
1651 408
415 740
620 655
1470 940
1179 338
179 1301
66 1186
334 51
780 271
1297 65
1432 1090
172 1684
1021 559
67 305
1163 198
767 902
233 668
200 703
1562 1292
1214 61
68 341
883 564
356 123
1672 1363
1231 294
489 398
1709 428
1027 874
539 136
711 19
605 1660
1568 85
70 502
393 718
1225 811
1399 1130
685 967
71 1073
709 1230
933 1187
484 301
251 1165
716 676
1573 942
1141 1559
1115 49
323 1705
336 1686
442 719
355 1663
1450 1002
318 990
1078 175
185 862
1534 5
1677 1360
1359 1581
73 1738
74 1710
1722 1293
1418 793
1613 1376
542 45
243 101
1129 1244
309 641
1328 1536
1710 1670
962 1115
1576 946
1378 424
914 1626
932 1433
1437 307
196 1566
657 653
1120 1709
138 1299
642 353
75 674
78 12
1520 1345
464 1467
79 226
275 1513
288 1641
1095 1211
220 1549
901 1357
869 1448
1195 965
1125 1369
634 714
81 734
1636 251
1274 1648
379 504
390 553
269 1557
745 524
333 439
710 1434
1243 189
80 430
561 1637
480 615
615 767
1461 544
930 1734
320 1289
1305 833
1267 1192
411 1092
1438 551
666 284
306 500
82 1427
410 973
776 1733
1206 234
84 930
85 1232
1264 649
577 670
295 108
1466 62
86 56
283 1191
1063 660
503 325
1628 1224
1268 493
312 1584
832 1269
88 1175
176 454
1283 1386
263 161
437 934
158 1207
1706 922
717 681
1390 1453
89 1529
260 725
362 631
267 855
970 558
1362 783
1379 1028
515 131
753 656
117 159
1145 319
338 505
90 286
1168 28
531 304
1296 912
1323 1609
368 1305
1660 232
1507 1109
92 293
1032 1065
286 1567
392 1422
663 328
93 1136
454 765
999 170
1307 283
847 561
679 72
830 1110
992 535
1146 88
94 342
967 1306
485 336
968 1538
658 330
1612 223
102 797
1519 164
880 1622
1563 1675
95 935
1150 1291
374 1256
1269 1314
1306 1237
305 1336
713 186
553 1677
770 43
1222 1607
786 693
314 1485
1736 370
1701 837
1666 447
96 137
97 1432
1582 1094
675 238
1088 185
1621 970
1324 1689
1127 624
1665 1488
99 1039
406 154
789 6
1477 1414
943 1494
868 859
100 1528
1220 1505
1659 717
1518 1651
924 169
101 1218
348 944
564 1745
342 29
1559 1512
966 388
1716 1619
103 306
824 1726
721 723
226 1223
1105 560
104 534
160 1131
151 1366
391 1318
1451 799
1211 187
1135 1367
1547 1444
661 1716
1425 791
691 1451
1607 489
1689 749
105 702
127 1273
818 1031
559 1382
686 1231
971 1342
1674 1220
211 515
654 497
544 1200
108 1426
1579 1731
1099 300
1616 1217
154 1591
1448 1068
759 543
808 52
1419 470
1352 337
954 33
109 183
110 1036
1726 1446
857 83
1464 873
1015 451
111 104
188 896
844 1554
1277 705
697 413
1325 316
112 514
955 782
1247 240
838 402
517 362
113 778
1571 488
715 909
1581 247
114 1708
1290 643
1316 151
395 1687
694 1521
266 1343
1011 174
1292 883
771 1585
648 1210
793 117
116 332
1073 1143
325 357
538 623
956 1678
953 1239
401 828
118 352
1406 466
490 1470
839 1081
875 63
119 923
1656 768
322 214
834 1706
1512 201
1523 1630
146 1082
921 225
1059 582
207 66
1234 1287
124 634
446 1702
1587 968
1531 1201
1446 265
817 1161
1526 863
1482 584
450 20
1431 1373
1334 1468
122 578
123 287
274 7
1504 971
1068 1233
296 501
402 102
1542 732
672 420
221 1692
449 1618
569 397
1620 906
1000 74
126 1729
452 1198
1524 698
1732 1067
1171 663
1255 607
1410 625
315 941
904 1469
1081 1225
357 1568
388 697
128 954
597 277
1724 1304
491 512
1417 1141
240 972
1042 468
129 563
1024 997
1509 995
1358 1364
1183 540
1487 766
591 952
1087 406
132 1523
640 60
1479 1078
131 253
1097 106
604 620
134 1236
556 1055
810 14
1189 1052
417 441
213 911
136 538
659 1696
1014 1352
328 1589
1346 1578
324 750
1245 895
400 206
507 864
139 1550
403 392
1424 567
1103 747
1166 926
140 103
837 785
217 396
1149 155
890 1185
1594 367
156 227
1713 1271
412 549
1370 700
1280 127
1483 1155
143 1252
549 1241
256 1500
1349 900
1649 274
1474 423
300 1071
985 950
1020 744
649 150
550 1193
532 771
506 721
1536 1281
1382 948
145 400
570 675
1428 288
1327 1328
1144 1388
150 839
169 1449
1449 1603
1293 772
148 1255
942 633
523 727
1203 1506
284 460
1156 1103
1338 417
1401 1583
436 1575
1404 1327
147 639
149 1277
1615 1459
1079 275
1687 1636
1070 122
319 1497
1071 1623
289 373
152 69
823 1608
1383 313
852 602
153 1247
718 384
262 1558
1295 350
1275 1108
814 437
1019 1010
775 449
1075 781
1317 1615
1463 1747
756 1495
916 98
653 1139
1310 1616
518 1058
1192 290
157 1463
979 39
671 726
602 956
358 1732
350 894
831 1735
441 1126
1194 260
1110 491
681 1235
1496 513
1368 521
700 409
906 452
514 1258
1439 573
1529 1243
1233 1172
877 916
573 1606
1688 891
396 1125
1625 1605
343 588
687 1531
562 1445
1565 219
1353 1043
313 630
347 875
1249 591
1608 1158
1007 604
162 868
164 1331
1550 758
165 1226
1036 1008
166 1417
1048 73
1503 264
783 1330
524 638
168 735
1140 769
1491 387
784 1743
799 1674
703 309
167 1510
1721 932
1165 522
1009 1441
241 1396
414 1034
1232 401
628 595
1708 887
171 1714
299 1486
965 1177
1591 378
443 1400
611 1337
1388 195
174 157
1543 95
744 924
1023 276
487 1688
421 105
1429 1206
1040 455
1486 1604
173 59
1271 1570
752 994
1637 517
177 461
983 754
1600 1163
725 41
434 1361
899 809
617 897
702 815
833 556
947 351
513 1106
800 1586
1054 1371
332 1029
580 1229
181 1418
600 34
936 1350
643 1261
1022 281
1265 1249
848 1286
872 1132
636 1072
543 1162
184 233
1669 1274
1227 849
894 759
614 777
865 1742
645 1309
186 689
438 474
1309 975
259 498
508 1180
187 318
795 36
1017 686
1515 1415
1294 1429
1185 140
1256 960
812 1098
482 1356
1623 1151
850 433
1403 711
1142 121
1084 369
762 1017
1248 1572
1216 89
1647 321
191 1355
192 1533
683 71
1569 448
1169 1270
1657 172
1153 1474
399 1587
261 1685
1151 1700
451 1580
294 659
1567 1639
194 1030
1414 628
1016 1555
1213 836
1489 1644
197 1096
1462 1508
440 1439
695 949
1018 587
1475 1105
1138 486
1707 403
201 927
202 1477
456 1725
563 635
203 1121
915 248
980 1656
470 1698
1273 358
235 266
301 804
684 375
1109 1563
926 1638
740 1387
757 1144
1033 37
364 795
732 280
1493 17
829 192
494 1666
1705 1736
592 1176
404 90
1381 203
1492 1150
1598 1123
317 1329
1456 205
972 395
619 1051
505 1408
1188 865
760 964
1176 1215
214 1119
845 1590
1723 822
1320 1338
1238 748
215 743
1494 100
1287 436
855 605
521 32
1498 805
218 445
733 1050
504 1208
572 613
363 492
1157 339
1038 13
316 569
958 1484
1258 1690
583 606
993 989
1467 1359
1398 843
601 1272
1076 733
224 1502
1301 808
860 903
595 1723
225 1746
1005 814
677 480
1029 1489
432 145
460 1539
1237 1624
974 608
737 481
1422 58
950 644
389 1297
353 361
1012 847
1471 1188
228 285
1430 1205
585 79
701 125
229 139
1080 1699
1663 571
647 648
537 1411
910 278
1366 462
1443 1167
1242 881
1158 119
1532 1658
230 915
825 1174
232 526
1047 1024
500 1511
788 1203
827 1038
231 1720
1478 1560
922 817
714 1496
419 1118
792 1209
273 35
1610 761
871 153
873 380
540 542
652 1424
851 1288
1514 191
1394 114
1544 1576
1308 547
804 816
773 107
1090 977
276 1260
888 858
886 425
1341 988
268 282
1196 728
1402 496
430 241
242 1561
1718 716
581 525
1693 1662
244 1598
1684 1401
1207 471
1640 802
849 787
433 1248
840 1276
1367 181
1319 872
1646 144
994 421
781 616
1720 391
1447 135
1435 1420
246 867
247 1492
1719 70
1539 10
426 1311
1244 986
1393 1285
349 459
249 1
1580 30
1490 851
383 904
1508 1421
1652 1650
1209 359
864 1000
250 1380
252 722
525 541
1340 1154
1444 1425
1154 130
254 146
973 1146
1538 1519
255 1377
1122 511
496 261
982 1646
1599 920
1329 110
258 1404
1586 764
530 405
548 393
547 1294
1535 1436
1003 537
1318 871
501 713
1501 523
536 779
1056 211
533 419
964 966
486 1245
302 1645
902 959
878 329
444 1525
708 1135
625 893
361 99
1062 1476
1700 657
277 857
1039 1268
369 1593
271 1054
285 1431
1546 177
1057 1129
1421 1003
420 710
272 1059
841 1160
1272 250
1554 1455
1502 1253
1500 662
1412 773
1426 905
892 18
1513 1483
1260 133
1083 1173
280 1152
1661 842
963 1020
991 495
1350 1022
1041 581
1137 1341
282 182
1727 1047
1312 1326
777 16
769 124
1139 640
287 348
908 1695
787 1117
741 364
1173 1149
1284 349
1037 1402
959 1319
1650 1011
1391 878
1049 1655
616 518
1100 1222
1626 1447
989 554
856 1007
293 810
676 709
384 1635
1389 132
1639 755
1300 1628
409 47
1590 610
731 757
1202 1320
416 798
1006 220
297 1693
599 667
298 1509
903 752
758 1654
1246 1715
879 1437
308 835
1332 1204
1714 1349
1506 1216
1030 1450
303 1069
304 1647
736 775
819 614
1735 884
1191 1032
1270 1379
1061 1740
519 115
551 1390
1010 678
952 928
1031 434
917 677
603 1221
311 1365
707 302
704 958
571 552
1668 410
1654 1279
1304 366
1686 415
1696 1228
987 1601
629 142
1326 1438
835 197
1204 646
1469 21
846 1749
1152 1077
1354 800
321 848
1116 1284
1681 1370
618 645
425 1461
483 1614
1013 440
807 890
1442 985
326 1214
986 889
394 739
1436 322
327 585
360 148
535 1021
885 694
854 1197
330 1457
424 907
905 1182
329 962
331 25
768 484
1552 412
1114 1196
984 188
1473 1009
1630 1562
1427 92
1221 545
1240 429
610 845
1311 224
1051 1629
693 844
1364 82
1228 1145
1199 149
598 1410
975 1588
345 790
946 299
1633 390
351 1493
1595 803
352 1491
1261 48
413 590
1453 1063
1351 508
1698 672
1291 1466
1107 618
1360 109
1423 1066
743 1727
1400 26
1186 1667
782 506
1376 386
587 870
1611 687
458 244
366 1454
1729 1573
1525 1041
509 1147
630 536
1602 166
575 955
895 218
473 1564
588 1556
372 1694
682 1089
896 55
1624 374
859 729
376 866
1533 1062
674 669
1281 654
724 834
673 1600
945 996
1034 383
1086 1394
1653 987
995 368
385 1153
418 786
1577 168
387 1478
1733 679
1397 379
465 193
1548 592
1065 1704
469 532
637 1283
729 1097
650 347
1160 892
1121 292
742 637
1560 671
502 1100
1551 661
398 1631
1528 742
1728 267
1604 87
1333 921
1476 257
596 925
1673 825
1279 180
555 1296
1118 1642
766 550
1230 467
928 1596
574 1442
641 269
696 343
1004 774
1224 1027
1190 1665
1372 1046
843 1190
719 289
1642 1520
1082 1612
428 215
1635 579
1585 1095
1601 832
568 664
1053 886
1452 111
1134 1707
998 178
1627 931
1299 179
1356 745
934 720
761 1199
1644 1541
439 252
466 715
1126 984
778 953
1092 477
447 1397
471 1323
609 1653
594 346
1645 194
1052 1120
806 546
1617 527
1339 683
976 1282
1541 1514
1511 1744
1263 340
1347 418
1336 1044
1337 831
1050 1571
1392 1713
526 575
1566 939
755 519
884 1179
949 68
816 1730
948 991
1605 308
1676 688
1572 1157
1289 730
468 1140
534 221
474 1111
475 1290
1025 957
1167 479
1564 673
1257 1079
1208 128
1026 562
1632 707
1197 854
876 1240
1556 1057
1521 1416
488 42
1396 1083
1148 796
969 1748
1522 1475
493 829
1361 407
495 1739
1201 200
497 296
751 919
1589 937
1648 1346
1558 1354
607 1482
593 243
1593 239
862 23
546 792
1658 143
726 64
1588 617
1181 1138
1178 565
520 53
527 1718
529 443
1725 1325
798 1340
1415 3
746 1202
1530 1086
927 593
621 516
1252 880
1143 680
1634 1169
931 933
633 918
935 1403
1702 272
656 1275
560 1395
1123 1728
567 458
1276 1534
866 841
867 354
632 1613
887 1659
579 297
1089 230
1093 75
1606 1238
748 1310
1457 1344
1737 426
820 91
1282 54
1380 691
1074 860
891 738
1085 1465
763 1676
1212 1671
1695 1159
828 208
1480 167
622 258
623 780
639 626
1348 629
791 1524
735 885
1697 129
951 333
662 597
907 1251
1345 411
669 38
1377 326
822 213
678 746
1119 427
1002 599
1671 910
1266 665
937 690
842 1498
1164 1080
944 539
772 594
1699 84
734 1128
1597 699
1730 236
1314 2
712 463
1219 1657
1638 1544
1113 312
1067 1321
1549 1652
749 1358
1583 1049
1416 807
1117 566
961 344
1555 1019
1355 998
774 190
1303 1717
1683 1507
1253 1313
794 510
1459 888
811 1347
809 760
1251 453
1182 1632
1434 947
1218 235
1128 1137
1064 917
1465 1332
1124 1551
