0 164
1699 1081
2 444
1698 926
1696 1575
1695 291
1693 1005
8 1254
9 1440
1691 639
1690 467
11 983
1689 936
12 159
13 1045
1687 807
1686 154
15 129
178 725
279 1508
420 1619
1364 698
397 125
756 1344
766 1039
515 312
850 1066
1583 1519
354 339
439 1276
418 1060
1 191
3 239
4 354
5 1203
1694 748
1692 842
14 1467
1688 1622
16 1134
1563 54
1658 221
774 610
1338 542
519 587
1127 379
736 532
378 656
6 1239
7 1070
1697 244
10 1697
17 375
78 451
839 1304
327 1436
1305 552
1340 1054
1299 896
410 188
512 1274
545 668
112 1566
1146 1118
1652 1374
225 153
1459 1453
355 1479
992 1685
678 810
1548 520
299 878
19 609
433 246
268 1204
1206 1281
1335 578
633 1476
1573 696
1601 604
1473 480
885 219
1351 449
910 723
1350 972
1185 1232
419 774
106 1193
319 1644
1085 1
47 1602
1377 820
681 1256
1157 137
1404 204
350 618
436 407
157 651
1165 1166
1659 1008
894 558
597 1556
627 525
1304 1694
18 1174
20 788
690 840
95 752
848 545
1498 1108
404 1533
1552 390
1407 889
336 1626
1557 1233
118 1684
904 401
22 667
498 1639
783 1376
542 548
1102 1521
760 527
650 1110
892 18
21 1183
23 152
369 809
1490 1333
688 603
1509 135
604 1230
1213 1177
1357 641
1205 69
893 309
1175 126
997 89
1649 1056
791 634
559 1332
677 1197
804 1529
1202 1063
25 800
278 1252
1093 1545
246 652
472 917
1564 502
1680 1430
105 575
1021 178
169 96
1288 481
1108 1136
24 1455
26 344
823 328
866 518
758 602
315 731
1631 551
1419 1037
1003 1459
689 358
1099 24
89 1280
110 41
99 367
113 1240
1410 1146
94 325
27 1394
28 206
1499 1540
589 484
286 1258
1317 275
248 251
813 35
156 288
486 1296
521 1149
1296 147
1681 1444
175 416
29 872
1653 1100
1233 58
927 1666
577 31
253 554
241 1381
812 1189
38 92
1016 357
514 1236
1655 210
440 470
30 1114
1209 118
702 486
507 12
1000 1530
739 1435
1333 745
1454 399
1361 883
31 732
291 619
1210 584
1249 1677
1605 1327
1162 1307
261 1205
232 1042
1048 1111
810 1002
939 1689
386 1638
43 1242
75 958
211 1687
1219 177
642 396
779 1214
1396 818
1443 333
1060 953
421 1226
1148 720
32 1451
33 1509
881 882
696 163
557 688
1051 998
1569 741
625 1512
1584 130
34 957
294 91
801 1013
461 1016
733 717
949 198
845 613
87 1035
35 295
1670 1096
607 1537
1174 1175
1461 779
1417 33
36 256
1622 673
344 659
727 507
57 40
807 1393
603 754
856 186
37 368
1641 1647
966 790
1315 301
385 1672
463 146
497 1692
1189 90
259 1199
1292 226
1618 1464
906 479
706 208
651 616
943 1632
820 710
168 682
811 1228
1526 942
293 1404
434 44
815 1593
950 985
676 1353
382 1606
1617 315
384 1611
680 1409
352 243
413 787
643 1424
1144 1449
1502 1660
39 678
40 37
1036 1000
671 329
1231 1247
1293 472
637 762
1221 273
673 1680
1291 1335
370 821
669 99
809 1616
208 448
762 570
1150 1681
874 674
592 225
1635 1431
1525 475
1230 1084
1250 1469
135 181
480 1458
41 43
42 1410
1145 6
726 450
494 1678
1614 1346
1642 990
1575 1600
1458 1433
995 833
1406 51
254 1429
450 217
1023 862
1453 192
1047 1551
44 492
121 345
1151 1528
654 1010
571 1004
540 196
767 1399
872 1695
45 165
819 171
73 1179
907 764
376 825
46 783
827 594
142 1053
1107 1341
961 195
1141 306
1263 114
1012 1303
1320 746
1477 1462
230 387
1408 1527
976 580
1468 430
122 441
683 103
48 201
491 1272
249 636
415 1682
1574 1565
743 585
511 1213
1038 1229
638 19
1380 93
267 1489
1301 960
1290 555
1368 1543
49 904
473 431
1303 1663
697 1362
1437 1475
659 1432
1324 782
1580 1285
50 1380
936 600
755 1507
1142 94
391 148
1349 706
876 1629
51 1131
1348 109
1201 1486
737 218
916 550
1058 660
205 1653
786 1550
274 611
917 293
1465 284
1294 867
1566 142
691 669
991 793
143 1324
725 224
1581 1350
1646 376
1083 1592
925 1542
52 776
53 1504
1401 744
1539 131
923 677
617 991
1254 1384
1225 949
675 804
1121 1452
462 229
1089 695
368 1426
453 740
54 370
55 1135
188 1496
457 536
448 1006
970 1635
260 549
1607 73
1100 1243
1375 445
963 157
445 1326
1625 637
405 655
425 648
56 311
946 1338
160 1165
107 701
1153 183
1521 1040
58 799
1514 419
475 1185
941 922
1594 968
959 1012
1382 1288
301 1670
1678 501
1358 572
1275 194
124 371
59 317
529 493
1474 705
438 1549
1256 422
940 676
1565 82
1015 805
60 622
61 1120
195 596
955 1315
1272 1649
1172 941
207 348
1173 771
119 928
272 359
858 1671
310 1127
235 935
114 843
624 81
1416 727
1372 173
645 738
734 1608
1007 978
250 458
576 1021
180 763
63 132
276 404
898 446
1392 644
302 1308
614 247
922 1124
283 1032
630 851
1181 1322
931 1007
1456 26
62 1105
64 657
1200 1403
499 267
1422 258
271 831
609 1419
787 1349
778 1667
1623 101
65 1181
1286 1216
1169 768
1138 1413
1019 4
1071 1191
958 1630
585 956
780 1051
1606 308
130 350
476 85
67 1492
236 1573
993 172
1119 1122
704 1169
1536 1664
66 1421
68 364
247 232
104 330
556 1289
209 289
1123 1301
1278 223
693 1129
897 888
888 576
213 506
663 1107
69 582
333 841
98 806
901 1215
1451 231
1585 1369
853 1182
470 1159
93 1271
905 79
710 279
1321 297
198 1087
579 1221
1137 1356
70 1405
563 143
566 72
231 1153
182 750
731 1223
1411 1532
684 278
493 1510
424 1317
320 1390
468 56
443 1265
553 1211
71 314
349 170
1101 751
608 718
1129 1584
887 1132
1076 885
554 884
1555 906
467 803
1081 1503
1633 327
655 1668
460 1577
606 944
912 175
1389 151
975 1401
775 355
1608 1633
1535 784
692 1524
1159 102
72 1235
944 583
1252 429
1560 1043
634 286
628 1580
1313 675
1390 628
1427 887
1034 881
1370 1582
1082 988
74 74
990 1075
238 694
375 780
200 1017
171 485
1513 249
599 52
574 1460
1306 453
1260 910
76 826
77 631
1323 828
1510 1025
1447 535
996 533
364 704
1245 30
334 1052
799 1483
1098 391
82 992
1433 1073
242 565
945 420
1318 1372
1424 168
488 892
417 993
879 1323
732 1645
197 1443
127 1563
79 1428
80 158
81 418
275 111
280 459
1388 909
459 300
147 1250
1612 599
1136 207
639 490
381 1310
528 903
1326 8
373 29
83 307
1636 1253
911 1487
88 1389
406 452
685 1201
1309 811
1399 700
1534 1620
1677 733
1030 1363
1271 1609
1508 237
84 263
1059 500
500 411
890 630
1645 1314
1634 564
1247 1522
889 1488
536 303
447 283
682 607
851 996
1632 1420
506 1382
427 708
661 1655
482 423
602 627
1208 1222
85 1590
86 149
1561 384
1462 1077
1061 519
1421 421
662 1249
1409 1092
1062 517
1084 1490
745 1547
239 1241
408 1018
1483 886
335 1144
1253 393
496 318
1005 860
830 1270
1609 1319
1264 1640
1163 76
1113 508
578 864
90 592
1383 785
1056 1445
323 666
982 1163
1331 487
91 1337
1310 925
342 1516
1466 302
357 929
1066 1231
269 1245
1022 1441
1637 719
1478 1277
590 547
92 638
508 671
297 1065
399 539
626 272
1087 509
1045 589
1418 848
1027 880
430 351
837 1513
1398 1041
372 1480
1570 428
1616 190
1628 1104
1285 235
1197 1559
1586 684
1196 528
266 1268
1212 1468
240 461
730 1539
660 385
699 1498
1164 1058
96 1359
967 1473
452 1069
1385 1691
1266 1022
1590 1020
504 1072
1597 83
256 875
97 1126
483 927
380 1038
1184 801
1663 713
868 68
1679 388
713 1407
411 1209
1522 1365
288 127
615 1079
612 1003
1302 647
629 271
1277 1200
170 240
307 1398
298 765
665 538
1246 1291
455 1071
987 595
1558 1130
311 14
179 1482
1654 1386
1220 605
586 1387
928 1234
196 482
100 179
101 1607
343 236
222 45
909 47
1109 119
1042 1642
838 112
102 1340
541 365
173 948
1115 413
103 615
1578 735
416 837
1043 1300
1248 59
558 50
1381 947
361 1364
136 464
1161 197
321 1267
325 1652
568 1511
1337 335
374 434
1067 1170
282 1361
273 1557
513 760
1178 134
1486 1044
1484 477
527 1466
108 17
1666 1156
593 105
781 1188
1540 1658
203 1578
873 49
423 356
1685 1024
635 1139
761 1343
796 1525
322 868
1270 496
210 290
980 769
1374 891
495 70
933 897
109 1439
1343 298
155 777
824 939
738 1312
1643 513
331 724
1063 697
1531 1415
341 145
611 1531
1194 1257
709 352
840 1259
1571 1212
148 189
1088 1137
487 424
111 1115
797 739
442 1493
802 961
191 819
187 742
1599 347
367 257
444 1164
115 795
986 920
1341 794
1503 737
281 200
835 1161
1588 964
1516 1696
530 756
537 1293
131 1117
1426 626
1627 1036
806 7
117 1618
539 913
1446 612
1097 282
794 601
1029 546
543 1538
855 1260
1440 203
751 1583
116 362
555 1345
477 664
1073 374
1112 255
1464 608
1020 1499
125 977
1170 1411
1068 1261
1475 402
1237 222
921 1099
154 415
1684 529
120 722
123 665
753 980
377 1011
777 824
1546 86
1460 950
174 924
126 839
1092 22
552 873
217 66
1562 27
884 650
330 1311
1620 1438
1638 1155
140 1690
968 1637
1004 693
862 625
128 98
598 1631
1400 1348
816 1515
129 951
526 629
1369 166
1445 1255
964 973
1403 215
1472 211
649 758
525 834
1523 894
1439 1523
456 1397
1139 662
1218 1074
308 342
770 406
132 381
1024 954
595 1329
701 1535
133 1151
1487 1574
1032 182
1259 588
215 522
772 1089
134 25
1405 369
153 912
616 0
746 967
1517 1283
674 287
262 38
1046 1601
1553 526
1619 1015
137 250
842 1168
1050 160
1621 254
769 1284
383 80
1488 1554
1311 876
985 902
1467 943
1114 822
1648 1377
138 113
564 1292
479 1643
763 1206
1192 687
141 494
403 1520
719 1001
956 108
891 447
1470 709
740 1305
1441 974
139 106
1596 1534
1203 95
1582 187
1494 138
263 104
754 557
1217 1264
1243 614
1644 930
1031 469
666 1615
1529 1320
469 497
718 1621
151 124
145 1517
549 268
394 410
1485 1465
1682 180
146 320
1432 1402
601 1418
1328 1481
1489 11
836 1396
741 1094
144 850
548 866
1579 67
883 294
1298 269
1229 1342
149 1485
1676 1599
828 60
1091 299
1106 324
1493 531
163 489
1598 62
1242 1210
1344 1160
489 1355
150 1306
974 1103
1055 1673
1463 778
484 1141
1006 474
1533 645
532 117
953 343
152 122
1604 1251
277 798
1147 1194
583 516
708 1158
218 1494
1149 808
789 815
1261 48
305 852
1512 772
219 353
1287 1273
1168 830
1444 561
356 442
1041 395
158 1208
1177 1086
938 1047
1096 304
764 702
159 455
869 711
749 1218
161 380
1026 332
1395 32
581 88
1511 1198
162 540
679 1112
817 1417
431 305
1669 1434
687 1351
164 1395
776 1634
1052 890
185 1116
165 1098
785 685
1267 465
962 1325
1491 1368
1329 97
167 265
1577 1102
1241 277
712 1262
969 438
658 567
166 1064
347 120
1492 1568
1111 908
229 1561
861 753
1132 64
1345 1048
957 755
757 462
1105 1367
1044 1661
1602 995
251 46
1355 397
340 5
309 321
620 743
255 382
1167 521
214 1665
575 1536
1356 1180
952 670
983 1425
1239 1027
1567 1495
979 1693
1671 598
1274 1076
1075 962
172 116
1283 435
1269 984
716 683
1002 253
429 156
176 1162
1543 1416
1610 292
437 280
1347 1269
723 1576
1476 1477
224 579
177 53
1014 797
1207 1675
622 1656
1639 1679
852 55
1053 107
1128 597
471 994
1647 1454
870 1246
1134 400
303 861
1013 1617
358 1603
908 761
1182 398
181 921
1506 471
492 1095
932 1195
1204 1109
752 133
183 849
184 1152
1545 1461
1166 1028
1626 140
1547 959
605 209
805 802
186 463
371 1026
1420 504
1198 663
1280 313
332 703
942 498
1135 1083
1423 560
189 28
878 392
1186 205
1258 1090
1193 1157
1078 1505
1080 1596
1611 1150
1436 1138
1008 707
795 169
190 979
857 123
1587 414
192 425
1334 478
748 869
790 1373
826 1598
1362 1463
193 642
194 394
1222 632
264 1113
937 260
1519 248
618 1471
1295 1567
359 499
435 3
449 971
871 1497
847 1688
1457 766
1414 439
798 440
1308 871
1360 1484
875 202
318 1366
1651 813
199 568
814 466
1289 1641
1057 23
270 1297
501 982
1297 1502
1589 1654
1336 1612
877 1636
914 1391
1550 20
1505 1669
201 907
1325 1570
742 377
1520 923
1131 274
1033 1422
313 1287
1077 591
202 1078
204 1295
346 1030
803 1237
722 1148
750 1478
1095 264
1262 408
989 1088
1037 934
206 621
1140 747
1276 900
784 1383
1079 21
854 661
1673 1613
623 1585
765 1628
1428 1034
646 981
212 1106
1576 541
363 836
402 1278
1126 1101
1332 586
1435 216
1160 646
886 916
1425 829
1188 1154
951 1360
216 1085
1660 530
1227 577
1515 562
1434 899
1668 863
223 1097
1284 1352
1415 150
900 1336
670 814
1090 87
220 1334
518 245
1481 1548
1155 100
1117 933
1143 1062
1593 534
1279 1125
221 620
562 115
1353 1140
1528 270
505 1033
1366 1184
478 1279
1257 1290
632 649
339 84
1072 346
1665 491
227 383
705 331
226 1623
228 1378
1190 495
516 1171
458 1427
664 1023
954 510
520 340
1183 1610
426 412
550 566
1378 877
252 34
1387 796
1495 1328
924 544
844 75
1191 901
233 728
1379 999
973 1627
234 749
1158 476
306 946
1240 161
1040 816
531 1604
546 859
694 879
474 1447
652 13
296 689
1017 574
1234 1238
237 1579
1504 184
1316 1501
1346 963
773 1143
1011 870
1656 1294
314 775
544 1662
538 714
243 1173
735 918
641 337
244 515
245 606
728 1491
999 976
1591 1357
295 1699
899 643
832 1091
672 1055
1171 296
1281 1588
1496 1147
392 1555
329 827
1133 167
503 986
257 1446
1391 898
1497 1406
401 78
591 987
1074 1423
1430 1068
988 734
1438 483
485 1371
258 1354
919 213
1393 1564
880 1286
1507 835
707 1057
965 1196
1359 139
1480 276
1544 417
1501 1474
1199 1202
510 176
971 1506
265 1569
1549 266
1386 975
915 334
389 1546
1010 1178
396 409
446 845
1228 1217
312 443
1307 1167
285 1437
920 403
1615 121
393 654
1244 1313
800 789
711 361
631 1560
1683 1244
1450 372
1049 261
833 234
834 110
695 997
1524 855
978 1225
1273 386
1176 1046
1448 914
714 1594
388 1019
580 233
284 1263
1402 220
422 1648
1603 699
1232 1207
366 1500
390 846
788 812
287 1442
1018 786
524 1309
490 759
843 1187
621 505
1413 573
290 590
1556 1558
1412 144
1118 1145
292 854
1629 1457
918 915
1482 1318
1226 817
720 1059
289 1192
407 193
972 1388
565 468
1672 874
1319 952
1235 1614
948 543
300 238
759 155
1265 1050
533 426
304 457
1195 456
1069 773
570 323
648 57
729 77
522 1625
1530 1220
1613 1526
930 691
1527 1587
1662 405
316 242
849 653
317 1029
1429 1358
1238 681
1551 1450
1449 553
1104 262
818 1595
1223 931
1180 427
1479 1172
1600 1562
653 1321
1009 373
1630 1347
867 569
326 563
360 1082
1054 514
328 199
715 1586
351 658
1103 15
793 1650
1224 310
324 71
1211 61
1500 1412
619 721
596 212
502 1266
441 366
600 1302
1215 893
1216 1224
414 945
337 360
338 1275
934 185
365 853
454 865
1314 640
572 581
636 1330
721 847
398 9
1455 633
345 715
535 1299
1397 770
1367 1385
348 281
896 316
1667 1121
747 919
859 858
353 1392
703 686
1236 844
551 1133
1469 1646
1363 1128
582 319
362 141
644 136
1094 726
1640 1597
1592 42
994 512
428 1009
464 174
1624 593
509 1553
926 1544
667 1448
984 524
846 227
379 1518
864 39
1120 252
610 259
1214 736
902 712
387 214
1554 1408
1352 1686
1572 63
1664 1248
821 241
1300 1339
517 1571
1039 285
841 838
395 1123
981 1375
771 559
1674 937
400 537
913 940
409 1298
1116 969
613 966
1537 856
640 1589
1035 1031
1086 730
412 363
1342 1698
647 1591
792 326
657 955
1156 911
1001 791
1384 162
1650 65
724 767
1130 938
1070 228
1327 128
700 10
831 454
465 729
432 1119
1187 1190
1471 970
481 556
1255 1061
569 832
1442 857
668 905
451 437
1568 1472
1371 230
561 989
717 36
1330 1142
466 1331
1542 932
977 511
594 1541
929 792
587 523
534 823
1065 1581
1559 1470
560 1227
547 624
588 1093
1028 389
768 1067
1110 1176
935 635
1376 349
1154 781
1354 1657
1452 460
573 680
1282 1049
1064 341
960 1282
567 1605
1532 672
523 1080
1394 473
1339 1659
863 1014
1122 1186
903 1456
1268 1572
1675 692
1179 895
822 16
686 571
1025 2
1431 1514
860 679
584 1414
998 1370
1365 617
1251 623
825 322
1124 1316
1518 1683
1125 1552
656 1219
808 1400
1661 1624
1595 433
698 378
1322 488
829 336
782 436
1152 1651
865 1674
744 716
1657 690
1373 432
882 1676
947 757
895 1379
1538 965
1541 503
1312 338
