0 1341
1849 735
1848 693
3 1292
4 1760
1845 1734
1841 1385
1840 1194
11 1606
12 75
178 946
1032 768
1760 920
1398 327
1715 967
1638 1784
1596 1571
1207 276
486 1453
1 714
2 1106
5 868
6 1777
1846 1563
8 242
1842 705
13 623
923 1472
1194 1336
542 1357
1173 1445
1813 1214
271 1418
455 1782
1847 1228
9 1747
1844 151
1717 1049
968 1625
210 1086
18 524
1815 1572
1182 1748
1254 1460
1308 1499
7 204
1843 77
14 1806
1456 1723
1713 397
1081 914
778 625
1289 700
786 743
1192 813
10 144
16 779
1098 1294
513 776
26 1358
1107 247
1056 561
1058 286
148 1698
1780 1128
877 133
1757 1569
1656 1391
15 1482
1526 741
1030 772
196 1282
739 160
1556 1111
385 1678
552 211
799 1351
1662 1757
1443 718
961 898
106 1635
1701 853
488 1729
1641 752
985 1811
19 380
690 713
386 784
872 819
1235 592
57 65
1635 544
506 943
1631 284
300 644
374 1772
1484 73
909 695
1721 379
610 1213
349 670
259 1256
20 924
947 861
379 565
837 1089
611 423
1168 1677
759 362
17 1771
22 509
893 161
940 1789
878 987
658 955
830 301
1126 142
1515 134
23 111
834 1616
1618 1068
876 473
922 994
24 425
1497 419
479 846
1820 1122
539 148
1079 956
1093 1096
1185 212
1089 1535
1161 257
117 302
540 384
1675 905
127 1417
1005 1649
1818 1092
119 1094
797 1044
770 1597
1122 835
795 633
21 214
25 1496
27 1766
654 1145
470 1465
641 803
28 1001
1579 606
982 935
730 1539
201 1272
29 1607
1015 891
157 1181
596 1533
1525 906
1253 138
1679 771
343 96
43 1680
1502 1313
991 1451
30 1238
881 92
68 1692
433 1081
1823 348
363 1796
1116 1136
880 1714
31 1159
32 82
33 491
1580 1378
1036 371
76 1660
34 1810
1236 29
695 749
299 1043
1730 232
335 655
1247 694
951 947
35 41
1649 146
305 1459
474 1493
85 651
1002 175
321 1303
330 654
466 288
630 478
1265 1592
260 918
36 830
934 1763
1024 1664
408 712
1559 359
155 1764
1625 1031
1021 124
1750 671
1351 678
1464 1593
37 582
39 1182
933 1645
788 1618
1647 454
118 1813
870 1179
397 1788
1187 1650
40 675
512 1799
927 881
1395 753
1643 290
38 360
41 1628
1828 1084
1644 890
1136 9
42 737
817 227
1494 1436
1148 729
818 1056
898 312
1359 697
216 682
1770 1076
1749 676
490 1373
477 1779
719 1655
164 744
44 790
1458 1124
112 703
1263 775
173 1730
844 1326
1670 480
131 1006
1476 1727
1258 904
663 1163
1129 1274
1228 1093
451 1333
45 410
46 1192
955 664
302 404
508 1565
1542 1142
1824 365
47 245
138 1681
395 197
256 657
1687 280
1373 1368
500 486
1191 1620
1727 1287
862 558
347 785
1096 1015
82 519
1123 456
1471 532
1331 1589
235 1617
50 1157
1755 358
801 986
458 1312
53 1464
1821 1476
1362 983
1209 533
783 451
48 650
49 665
51 628
1544 1787
314 557
520 1783
1571 367
1334 1132
823 1683
1839 1355
1748 1381
855 1741
52 1230
1418 1478
725 145
1597 887
1283 1398
1287 897
1683 269
633 1249
1143 435
54 402
997 1144
1478 540
1531 1540
236 292
398 1175
582 364
204 1638
1124 1007
229 1298
56 1615
1700 639
758 150
336 1185
1014 1123
1797 966
1660 1798
483 844
1803 548
971 530
163 466
1314 573
58 648
390 649
735 720
1407 463
826 1732
847 127
571 1148
692 1286
1720 1455
1179 711
1491 1693
1587 408
1389 1406
1754 1069
1065 869
531 55
159 738
1783 824
252 1400
1512 501
1759 541
1568 1371
214 236
55 684
60 1844
61 72
1594 811
135 871
387 185
1379 1743
1390 1118
1200 560
123 1046
487 188
533 1233
1033 0
406 91
1447 745
59 1306
62 136
1286 1057
102 1369
1224 418
1301 1462
63 346
64 300
239 1479
1006 1707
312 1437
1614 201
65 1040
250 614
1710 1679
1430 996
1729 1797
809 226
352 938
1663 1231
1115 347
652 1739
548 103
861 1665
66 1793
885 1526
1152 505
439 1542
1100 1559
942 1629
503 1414
1357 163
807 186
108 208
983 1704
502 470
589 1042
1509 787
1455 28
1050 875
67 799
69 1543
70 638
71 433
220 683
244 350
1639 373
536 335
261 1188
72 877
773 577
1623 873
1363 319
340 1500
1410 140
73 690
241 19
1385 959
1277 1234
1451 1422
661 30
1637 1498
74 512
990 363
1350 1052
1545 1456
939 601
1196 1545
75 1019
338 909
1295 1696
629 1737
1285 613
631 86
1439 880
449 421
1349 590
1498 445
77 851
215 361
1142 1172
217 281
459 1404
1232 58
169 1746
814 1621
601 950
1557 1749
78 774
79 1570
80 22
906 632
672 1307
584 311
1650 192
81 191
1128 1083
1442 1380
1781 1845
405 1637
1436 568
1211 264
1004 467
1431 1756
417 1113
394 834
1304 1158
120 647
841 1415
1370 777
1178 426
966 218
1027 1254
889 1259
919 1315
1609 1177
1584 814
1681 1146
84 1244
415 251
1329 727
447 555
860 1318
83 1149
1264 1260
1564 1648
86 1657
727 1165
203 1116
87 552
1738 1189
1838 267
472 1161
1602 231
953 739
1140 1392
95 1528
101 854
1761 434
984 1067
1593 1352
760 1066
324 250
1131 765
219 1126
268 1080
88 484
1097 963
516 414
180 1225
284 274
1130 1337
568 199
1292 307
89 317
90 1488
731 1517
110 545
432 1114
659 35
1375 570
91 50
158 1004
124 1310
747 1653
900 978
597 1283
1003 569
874 1773
600 141
1470 985
473 1065
1090 1164
733 761
1628 376
92 1101
93 770
1012 589
1157 984
411 112
94 957
967 482
491 102
1785 1646
418 796
422 673
211 1690
254 518
1150 1389
298 1636
1051 882
1271 855
557 831
96 304
713 732
627 944
1668 1721
729 452
767 116
1558 129
109 1275
710 1801
798 1670
1519 954
98 224
598 1599
494 343
272 353
549 200
899 525
924 53
97 147
99 492
226 1512
550 1339
1387 1396
668 272
100 1818
1358 217
1510 1332
1736 7
816 1212
1259 1716
270 1347
176 45
1242 1676
1046 553
1078 1595
519 442
932 982
103 1387
481 969
1492 1762
160 1147
165 615
149 157
1426 180
104 1504
105 412
421 420
1193 43
288 1115
281 1552
1310 1825
337 1738
1452 535
429 278
403 461
529 455
696 1423
929 190
107 930
212 848
436 1078
213 674
987 216
1074 1449
401 640
1798 374
828 515
1343 282
1214 1395
734 1443
407 1555
1576 653
1789 268
1408 1776
177 821
1383 976
1147 118
1034 652
266 838
1175 1242
111 748
1435 1224
414 355
1688 121
1095 1291
1291 415
651 152
1588 252
565 586
835 1372
1298 331
1366 1424
1423 1170
1328 864
528 523
1831 1651
1794 746
113 510
114 1435
115 1125
972 1
1539 99
116 1060
1462 1466
1299 52
665 443
563 539
237 1509
716 499
864 1349
291 766
151 754
981 840
278 1429
954 1290
1307 25
1669 1529
1779 958
510 1036
594 1117
205 375
921 1489
1733 1285
849 1439
914 538
1344 1642
384 450
973 609
126 1204
750 494
1658 537
121 490
1356 1330
768 1701
122 1343
1355 979
1677 862
1499 901
166 885
181 10
827 155
357 634
125 1376
1620 1247
328 485
1566 244
251 973
970 1656
1832 550
892 903
1445 895
575 781
678 1516
1342 1536
566 189
588 621
1655 1360
410 1611
128 1580
603 1710
1400 205
1592 1630
1305 1623
1694 481
1169 549
130 818
1487 369
1743 1198
1312 105
1737 680
129 698
132 1130
1716 563
1533 263
409 1245
1768 487
133 71
736 1836
637 241
315 1641
457 1441
134 430
792 469
958 888
136 1667
137 1365
815 858
1025 594
615 1309
1735 659
1367 36
1766 789
1110 1585
140 1663
147 15
139 1105
141 769
279 471
1138 2
957 357
988 919
143 1471
1773 1497
762 110
228 107
1473 1718
1091 782
144 1644
1804 18
1612 622
518 1573
142 475
145 1173
649 1575
1237 293
1026 326
1208 1719
1685 1229
1603 398
146 1452
1422 417
246 618
969 949
1428 1481
1273 1840
396 951
1695 1201
1629 297
381 1033
1413 1510
283 1324
1674 66
848 1331
1380 1791
1812 1099
650 1088
1434 1458
941 1087
935 1463
342 464
1449 1444
1013 1469
150 427
1634 181
427 527
1120 892
1682 87
1240 764
376 233
1371 511
812 1219
1007 794
463 1029
1613 203
974 131
464 750
1000 213
789 1682
791 345
152 169
153 585
154 1265
478 559
1094 20
1705 1253
476 1792
1479 724
681 1209
419 174
404 1308
821 42
1268 39
1505 1515
156 742
514 1079
1052 289
903 526
1747 1335
1217 1566
1450 1819
926 756
1203 1544
297 424
946 936
688 1600
276 1010
1045 162
1137 322
190 696
632 1706
170 1522
175 997
456 1603
1619 1221
1671 952
790 1608
943 223
865 970
162 318
1521 320
831 1151
172 70
1064 1252
269 1564
1353 1227
1830 1839
647 1074
583 1506
399 686
1666 460
944 1524
726 62
1278 823
1060 1319
1621 1409
413 1402
1062 120
1466 1561
749 33
446 759
368 591
728 1583
1132 337
1421 448
168 1401
1732 687
683 1317
1511 330
161 1178
258 273
1135 1668
567 999
1321 1366
1076 667
604 387
167 44
171 1639
1114 395
703 17
253 439
249 386
443 153
766 883
303 1243
1146 106
1606 1280
1019 12
525 1694
1154 1345
345 1475
462 528
1626 1047
174 1483
1099 305
1440 59
441 156
543 164
1134 1222
370 158
669 1160
949 172
1467 940
359 249
527 934
511 1745
740 266
1119 1652
802 1055
1589 1502
1337 1070
1561 1761
852 1140
1788 726
976 1735
1066 637
1633 802
179 551
1673 810
1574 725
358 516
639 554
1508 616
1243 1215
819 965
304 1717
182 580
389 1751
1417 1397
606 296
693 1480
856 849
1306 381
184 1350
1315 1827
183 1835
185 370
1690 731
901 1491
326 57
465 1627
186 1304
890 1014
331 1058
781 1098
579 1239
1573 1724
1575 49
362 1237
1040 911
915 736
1611 808
1776 80
187 1430
1661 617
1632 5
189 1601
1369 1725
1117 1034
504 1135
822 453
232 1780
1162 1809
643 827
1105 1755
1800 1567
355 1750
956 740
316 912
787 658
188 922
192 1141
1324 377
1411 193
1518 354
989 603
674 1289
754 689
193 1579
937 666
1772 1815
320 1240
194 64
496 1180
1799 277
1381 1425
195 198
296 1531
1181 1804
702 125
1414 1071
1029 708
1061 1830
191 1669
197 298
1347 1470
317 333
198 246
618 287
287 1187
1807 1394
437 1705
200 1541
752 1054
523 620
673 1269
1703 48
199 902
351 1150
318 767
202 1120
1180 234
948 1587
1274 998
894 1778
657 1322
1276 1281
1284 4
1151 643
1610 1846
1009 132
1784 1334
1465 1477
1109 1713
1088 1508
1409 660
1493 1026
206 372
1782 529
1532 514
1742 923
1345 32
866 1582
1777 1800
1567 627
208 344
952 941
886 962
1323 688
1640 646
1836 458
1725 366
979 24
569 602
1184 178
918 1169
207 600
209 93
1472 309
1501 1685
1642 489
1540 1257
1043 1374
1149 562
333 349
1391 114
1171 1356
851 896
263 915
771 128
704 270
572 826
1438 1348
839 1410
1427 21
635 1338
445 139
1758 866
1270 961
1433 1442
218 84
248 971
753 1276
794 1454
544 1023
1530 845
636 1823
1279 1191
779 1619
998 1530
391 916
222 758
996 1020
221 16
1506 1073
853 1168
1486 747
850 1359
1604 339
223 1513
339 1687
592 822
485 79
1296 385
1461 26
724 807
264 1329
224 1558
225 1022
227 409
675 392
341 1032
1313 230
1309 1828
1712 977
230 1072
1041 13
1764 1525
493 90
1403 719
1696 1305
231 1468
1554 437
233 1279
912 1278
1816 1781
1016 196
1693 662
234 1059
247 1547
1441 1602
364 37
1190 1063
1774 209
1547 656
1054 403
238 1399
805 715
240 1053
1744 760
1346 1759
1333 1728
576 1609
243 258
425 1434
438 1379
262 341
820 1581
1335 995
1718 1521
621 1412
1017 1590
624 195
1734 1174
1654 393
242 801
245 842
1406 1200
741 1354
963 579
360 612
1572 1262
884 328
1636 1538
832 399
448 1153
426 1344
776 857
1048 390
1388 907
829 1024
1482 1273
1336 556
1825 184
1238 1473
1599 1722
480 1494
1392 113
1809 1834
1106 692
1680 303
765 576
1230 663
332 207
1047 917
916 488
1591 1427
1607 981
1460 291
928 599
255 828
257 1296
469 1598
380 243
1221 115
453 1553
1495 497
578 63
554 762
1218 960
634 876
846 1323
1023 993
599 584
608 1740
959 356
489 1103
1199 1440
388 1578
1691 1186
573 126
265 543
1330 953
1352 870
1118 1691
1297 809
717 340
751 1731
507 833
785 483
590 531
574 6
1459 1847
267 1000
1474 406
1689 1388
1183 1821
327 299
1082 1267
285 1375
530 1775
1376 1808
679 820
1446 334
329 829
522 1768
273 1416
1073 805
1317 1841
1365 179
274 899
748 391
1215 253
275 867
1121 581
1667 1246
613 1390
1496 85
1127 1236
277 788
1646 889
712 1405
1529 1688
682 1190
416 1548
1704 60
350 254
800 220
280 583
1318 1038
1339 1197
701 1612
1354 1277
879 449
1087 259
371 605
1432 1021
1829 1428
1490 1011
908 1461
1565 1362
577 1202
1186 1450
1651 1077
286 1626
962 624
561 836
602 1112
282 342
450 465
775 498
1325 843
620 294
290 1258
882 468
460 852
289 1232
1605 597
883 1666
292 256
842 839
1028 988
1834 733
293 1361
1722 642
393 546
1560 23
294 313
1659 69
896 793
902 31
1189 1340
653 1100
1702 1266
1664 1631
295 1167
559 496
1822 1143
361 88
1031 1386
1322 730
1537 1016
1795 441
1068 825
310 629
1837 931
348 704
301 707
1424 1109
609 1742
1368 38
1338 1807
1752 1562
836 1832
420 990
1220 76
1698 1250
1598 1816
738 95
383 271
737 1786
945 534
306 968
307 8
308 542
995 260
1617 1297
309 681
1049 440
537 295
1188 521
843 34
1601 791
467 1490
1223 757
838 1824
1386 1820
311 1817
769 566
1549 314
1231 1413
1210 1588
1516 1831
367 595
1437 837
1167 248
313 1121
1657 1754
497 457
1827 1134
1020 536
711 503
319 101
1361 1501
547 1795
680 1293
440 928
722 265
1008 1299
322 462
1778 817
1125 130
1281 1199
993 166
1551 1353
323 1699
905 1316
718 1822
1080 1104
1378 564
746 575
1055 479
1405 1733
1053 1709
1581 411
551 792
622 149
1216 1419
744 1009
1548 1634
1282 351
344 874
325 1605
1483 598
999 1674
1384 1550
824 1432
756 1152
334 1155
666 804
656 574
1311 1300
1550 1235
1327 1421
1241 474
1719 1672
917 806
1234 1802
1144 1321
708 1393
1195 1622
1377 206
564 1446
1075 1183
1266 173
1527 1218
1165 755
346 1311
392 1030
1790 1812
1139 1137
1805 122
1707 1826
1686 1166
780 1041
1672 413
484 800
930 285
1288 275
428 1091
1260 780
796 1659
1269 1301
685 389
1044 237
1360 1127
1267 123
1213 1162
706 1671
353 324
1756 1035
1463 1045
1412 1507
1711 165
354 1314
356 1485
863 1712
1429 240
546 975
614 1271
1156 329
1396 477
1585 926
1416 1703
366 1261
1600 1075
700 927
365 1012
1555 763
1294 587
1257 1511
402 572
1590 89
541 631
1504 1438
369 1574
1645 886
372 1753
375 1383
1728 436
1303 1715
1507 991
1113 429
377 1248
1480 913
1520 1195
378 948
965 1048
373 645
1569 1196
1300 1560
1084 1654
382 108
684 816
931 1686
1261 495
810 1767
492 394
911 677
813 980
423 1842
755 100
763 222
587 135
1070 117
720 1849
1769 51
1793 1610
1399 1532
1133 1223
1546 728
845 1640
1340 97
400 159
570 221
1771 1062
526 567
626 83
534 1803
1159 786
1293 396
1001 332
1708 1154
875 863
1198 1584
1746 228
1420 964
1364 1085
1172 378
412 1108
1102 607
1562 685
1104 1090
1814 641
591 219
803 368
655 1082
1724 815
1665 194
1401 860
950 177
645 672
871 795
1485 238
1786 884
960 1770
524 1025
1751 1736
677 401
468 669
1226 476
1072 1206
1811 1263
1010 702
1535 710
1444 493
897 1614
1489 989
1513 1407
424 847
1586 1492
676 1184
556 1613
430 932
431 1527
895 315
434 1647
521 1420
435 308
1808 1382
1374 68
482 1005
1042 171
442 773
1262 40
1233 1661
1272 522
1767 459
1160 1097
444 945
1653 1568
1163 1028
1706 316
1202 1110
1528 262
452 1833
978 1320
454 321
1067 723
1684 942
1246 972
1326 1448
1022 1577
1341 1702
461 1534
1071 1487
532 1695
1833 202
772 56
1204 1586
1676 701
782 751
1205 1327
580 1576
705 1433
545 716
1488 1411
1583 608
1630 1095
471 109
1145 54
475 1554
1536 336
1627 167
1229 1193
1697 170
743 504
764 1752
907 661
1792 1708
1112 856
648 1210
499 1342
1570 46
1245 1364
1553 929
1348 338
761 283
1709 235
777 502
867 578
495 1295
1615 734
498 517
742 604
992 1557
913 506
1083 1139
501 798
505 187
509 1039
840 1838
1775 921
920 1431
515 1226
774 1119
517 422
687 1328
1255 1346
936 721
593 1051
925 104
670 630
1404 1689
698 137
994 1604
715 1207
868 1018
535 1370
662 1519
538 405
1035 1156
617 619
646 1829
1402 1138
1037 706
555 1208
691 1675
595 626
825 407
1835 1546
1394 78
1699 636
1239 94
1582 1523
1059 1765
553 635
1796 1176
619 717
1077 11
558 1662
560 400
858 513
562 183
1731 279
1415 446
1197 382
1552 1363
1063 1216
1753 841
612 1264
980 925
642 1503
581 383
1538 1551
1244 67
585 1017
586 872
1810 1518
1170 691
1457 974
977 1700
1739 143
1164 229
605 1107
806 1769
1222 1467
833 1268
1477 1632
607 1384
964 428
891 1711
1320 1537
616 1251
1522 520
694 1220
623 500
625 1843
1469 1486
628 1403
1454 1594
745 1037
1393 1596
667 447
1219 812
638 1002
808 1302
1543 1255
640 1064
644 1377
1652 1013
1153 1003
1419 939
1332 797
1523 388
1011 168
660 81
859 894
869 850
664 47
1806 508
1765 679
671 1061
857 1367
975 908
1468 3
1248 547
1382 1133
1801 992
1563 1211
689 1794
686 119
1372 1758
1018 1131
1541 1720
1425 1171
697 310
699 1633
1791 778
1069 1814
1762 1520
707 432
709 1837
1250 74
714 900
1608 1658
721 722
723 1495
732 1785
1616 1744
1578 182
1085 61
1595 416
1086 1129
1176 352
757 588
1275 832
873 1447
1517 1726
1201 1205
1256 910
1826 596
1319 1050
938 937
1101 1325
1524 1027
784 27
1206 859
793 1241
1723 154
1316 1288
1500 1217
1787 98
804 1505
1108 1624
1057 1457
811 668
1534 783
1280 1805
1103 865
1227 593
1740 933
1475 1008
910 255
854 239
1302 610
1802 438
1141 1591
1481 472
1622 444
1038 176
1249 1514
887 210
1503 571
888 1848
904 215
1092 1270
1212 507
1290 1426
1745 261
986 879
1714 1203
1817 1549
1251 1790
1166 893
1678 1643
1174 1673
1763 431
1039 1556
1453 14
1177 1408
1155 878
1741 1484
1648 699
1111 1474
1819 1684
1158 1774
1624 611
1448 1697
1252 1284
1577 709
1225 225
1514 306
1397 325
1726 323
1692 1102
