0 1410
1849 787
4 702
7 933
8 707
1842 1545
1839 1663
12 1844
14 1043
15 116
178 1179
1754 403
707 770
898 318
820 1291
629 1836
1 415
6 1286
10 1252
1840 1684
13 1391
16 745
201 555
253 835
1002 293
589 1456
2 963
1846 1345
1844 297
513 906
1230 836
1246 1242
1785 1107
1526 1036
3 791
1848 1335
9 1788
11 1336
1841 1129
17 910
837 907
1448 418
1321 61
1270 307
765 141
809 133
1847 1773
1845 1289
24 1405
975 1756
1104 752
142 1163
335 1573
1736 1229
1559 474
965 660
53 554
971 1146
5 985
1843 1518
872 1716
1522 1514
878 864
1550 810
1351 213
291 202
939 1801
1271 772
19 1578
20 420
21 577
483 1652
1633 1739
942 1819
322 1181
384 112
1820 42
1161 939
51 393
1612 487
1644 944
1435 1829
23 109
374 897
899 711
1706 493
472 1694
594 1777
1021 1814
38 1225
824 1266
944 401
216 544
246 806
22 785
893 1012
811 984
45 571
345 18
1512 436
834 1362
1185 934
849 1462
903 78
18 1497
25 979
27 1328
612 1333
1076 1642
451 490
1029 775
26 1546
1502 714
102 588
1636 761
58 357
255 1116
1499 1424
1579 566
1810 1433
299 935
967 107
173 664
28 1761
30 1493
637 895
1727 1821
270 1550
1123 1096
1712 1491
31 987
979 977
1018 1049
725 1544
466 179
407 1204
848 636
1055 519
32 1822
1816 996
211 1654
1160 132
1821 1013
1661 60
1331 454
33 559
43 1766
705 1234
1394 580
960 517
1492 1446
969 208
1679 1192
29 409
34 736
881 1350
1024 749
1008 221
149 150
609 1120
1734 1817
305 1033
1543 245
35 1426
1715 381
341 84
37 1560
1641 1429
1312 1751
1647 1104
1168 1791
67 980
319 138
325 1219
1610 733
1334 1675
1803 1147
862 764
645 428
39 481
1148 721
1709 881
571 890
905 1171
36 1713
41 1593
310 1239
1102 903
76 606
519 1440
284 456
531 877
219 927
784 501
1639 535
256 705
1625 123
376 365
767 240
40 1588
817 58
1454 1199
1258 1759
302 576
500 199
917 273
1129 350
1624 1474
1568 1585
42 146
1828 753
336 64
1587 1321
1114 1274
1458 299
1490 623
814 1246
1748 1203
1756 205
44 1124
46 876
1670 892
347 1641
1757 450
861 1769
296 295
606 1297
129 1600
300 1805
138 1848
1742 1272
1601 390
47 105
48 1431
949 1522
487 1178
439 851
1592 1776
1724 243
1095 545
1268 1542
170 821
370 1830
49 931
1371 915
1755 385
1224 530
312 691
1014 36
1090 1337
75 1616
1106 1348
502 1590
857 1151
271 562
50 1551
791 1712
866 1375
497 1132
1050 1559
761 1086
1544 1510
1283 1790
1287 1838
1557 582
1363 880
1817 413
52 223
55 1082
189 1155
1542 573
1152 10
1126 143
1590 1237
54 1235
826 1674
1491 1024
1675 625
1285 528
375 1574
57 847
997 1443
1073 527
1506 1088
1045 1643
1243 278
1118 1828
509 502
326 1613
56 1382
59 866
690 165
533 974
169 766
1795 947
468 175
69 66
415 1489
671 1554
1649 585
333 425
61 828
870 1306
1594 309
1107 1004
1729 1432
132 1047
1732 898
1237 1500
585 1276
60 1038
63 549
157 1145
1007 412
1004 466
1737 1269
1571 838
62 230
64 277
133 629
385 1261
1799 1567
1052 693
512 1149
65 1117
1200 31
1180 1285
1280 96
481 1603
1618 1090
239 1609
250 1164
1708 1625
1509 1370
536 874
1584 399
787 1298
1305 171
331 1034
1263 848
1332 48
1329 70
1226 272
1203 1565
919 1692
268 302
1078 715
71 860
663 1725
908 1498
430 1156
66 669
68 1227
106 634
1784 1111
1789 1417
454 1571
1498 1341
1142 9
1564 1352
1437 1704
1681 1377
73 1796
301 1411
1159 1711
568 1808
516 117
1245 1771
1382 644
72 0
74 100
1232 794
1605 1320
308 422
70 978
241 1016
1295 110
1381 561
1264 1010
760 22
641 1673
1348 424
1178 1167
631 34
1266 556
77 440
338 305
1781 590
109 1280
611 1157
823 1562
79 1085
459 826
1672 920
1609 276
78 1614
388 489
498 20
1476 1444
610 1287
557 500
710 751
287 339
906 1708
321 926
1067 247
1613 788
1359 1394
80 1201
81 1414
272 1492
1631 891
444 1820
130 778
400 774
1193 1647
1408 496
371 742
89 1182
316 41
822 1412
1352 291
1005 802
1172 1617
82 1065
86 1685
889 156
984 472
941 1706
1663 311
1215 1635
84 1028
85 37
1241 1472
900 1670
1173 67
1738 1682
473 24
337 1113
1048 473
116 1640
262 45
87 803
727 1753
1783 324
1760 95
290 325
90 431
955 1650
1472 743
1773 1143
1583 912
1838 1388
93 843
1210 1393
99 536
850 1035
696 264
1113 1667
1798 1095
91 1419
92 1301
282 1029
1120 639
158 578
726 372
1124 635
1398 1606
213 706
1089 166
1576 1842
1470 1241
105 921
638 1068
1194 373
126 1392
981 1832
1717 1810
1046 1804
83 1284
94 1774
668 1395
1485 1207
96 1206
447 1270
1154 494
966 209
846 1740
1066 696
413 348
1346 1379
1831 1070
233 713
665 674
1422 1386
97 251
1150 434
1254 1256
95 852
713 421
395 319
1302 384
1277 349
782 744
1425 1018
777 1524
1494 1633
98 386
101 1136
596 1406
288 1290
1071 1401
753 1533
411 1813
224 77
1423 601
1570 255
1782 1122
88 1471
103 943
1778 842
1053 1488
806 1144
1307 313
921 235
933 1418
1678 868
486 723
414 1202
1733 587
1358 1140
913 76
792 1309
100 1073
104 1194
1474 1338
750 560
1292 1304
163 1732
144 1505
1383 1244
613 1447
366 899
107 663
416 840
274 1003
1297 258
1429 1040
1445 1160
108 80
527 1071
212 1224
1141 679
1291 1058
1147 241
1582 320
110 1339
111 1080
112 1396
1343 901
732 1078
1169 1081
1586 464
1658 870
175 181
245 207
1694 1347
1153 187
188 345
1431 1730
932 1728
391 1656
879 1630
1092 829
816 75
1698 734
488 266
1632 1387
547 1543
1669 1317
1655 968
114 193
1462 1118
1322 1705
1772 1702
1157 106
113 1031
377 435
1768 1669
1501 32
1518 93
1231 1211
470 809
1293 1233
494 1558
958 1596
793 497
815 805
117 1250
119 1648
625 887
854 1679
276 377
962 627
1436 863
1739 127
118 1806
120 1008
328 1053
121 832
505 510
431 1378
565 35
123 459
843 1619
1338 593
1367 1277
122 1534
970 137
1602 1723
124 1526
1400 183
575 180
746 445
987 1044
916 119
125 222
588 1592
991 1615
155 1537
1603 893
1480 646
145 1473
1242 1757
1162 51
1477 1566
334 929
714 1782
925 1482
948 340
259 1009
127 814
128 1672
762 819
230 815
566 1195
875 1295
842 463
552 1520
453 115
115 1831
927 1589
662 68
1497 719
1013 844
1567 1662
1428 1608
183 1399
1094 1357
441 234
786 1626
716 394
131 1466
518 875
184 1665
134 1840
409 1772
1728 989
561 186
1634 1594
974 591
136 270
1758 81
315 1627
1357 955
1540 1108
1788 410
217 640
137 1561
734 1427
578 33
485 680
821 153
1466 645
1745 279
1223 1022
1815 1384
615 1783
961 290
752 1074
140 342
179 1006
1026 1463
946 642
1720 547
676 583
1520 1268
135 918
403 1435
1214 145
425 807
1333 54
141 203
776 498
1664 965
458 917
1475 1677
1767 813
143 310
1671 267
352 371
1070 1026
650 1271
476 113
446 523
836 896
139 833
146 506
147 605
649 355
595 1247
1830 614
1132 1464
148 862
1135 338
1227 1223
240 1837
1511 1172
1465 962
1000 1655
358 949
952 455
1411 1255
278 505
1753 471
1656 666
1356 1307
1558 136
150 983
151 607
152 1245
202 1193
619 1809
586 941
699 374
1019 479
1424 538
1569 1361
153 1430
422 432
1365 990
1062 1516
1747 1745
1806 1468
154 913
779 817
1766 174
1072 1792
156 79
1705 19
1467 218
1447 521
1326 1020
953 13
679 1475
1521 966
1353 375
1244 30
1188 1733
159 746
160 1213
1299 581
660 300
1030 837
1595 579
901 626
1116 923
1432 1230
399 1032
1577 1718
780 655
161 1059
162 599
688 62
1440 122
1028 981
1131 508
627 1027
930 1439
1812 12
1686 1102
457 1056
751 1744
1015 72
771 1231
511 1413
728 388
1044 57
166 855
683 1091
165 801
164 1755
168 1112
1192 1764
167 433
1615 1833
303 950
1117 1099
795 1664
1099 888
359 446
232 1302
392 1541
258 1060
1417 197
558 773
1261 940
171 229
630 395
546 1106
433 1720
172 125
174 232
525 618
1589 850
698 1103
238 767
365 351
996 849
443 1734
976 798
1673 550
1133 56
1493 196
1510 765
340 1742
956 1587
754 1499
722 1536
1165 1123
1682 1221
523 495
1335 1786
1459 352
720 1469
684 462
404 1795
1744 542
1179 1139
176 700
1286 1138
437 1807
514 717
180 1400
639 1273
937 1680
501 1007
528 688
1555 1039
177 260
915 1826
544 1517
1421 650
1807 283
1222 1127
181 1496
657 400
682 1407
1276 1254
214 988
1308 333
1284 991
1690 1525
1265 1461
1340 1442
187 936
543 308
894 1649
989 1794
264 1355
182 672
185 83
186 865
890 1803
429 1076
1186 1205
1552 1220
1554 1367
190 1657
360 808
1034 654
496 1699
1597 256
1546 1485
1735 652
367 188
191 885
643 1428
243 800
192 73
1105 1371
1668 89
1140 52
530 451
1455 610
1628 594
591 698
1108 503
194 998
348 1644
1043 1719
1640 15
193 1465
1416 1547
618 1315
1314 441
195 957
196 839
1091 284
1323 1605
1722 722
465 49
1360 1710
756 104
198 689
1027 657
448 1502
199 1628
888 1454
197 1750
1688 762
1824 1342
1409 1415
847 1715
313 602
865 288
200 98
205 543
1009 154
1813 586
853 1409
1528 1130
206 520
1282 1729
1088 1778
1149 306
1659 1645
998 417
1814 467
207 11
1109 1368
478 709
636 1532
208 904
702 460
1385 961
1320 1015
1069 1738
209 1084
210 1079
1796 756
1396 414
203 919
655 824
884 598
926 1046
1805 1180
1662 878
833 971
869 1248
626 703
1032 533
1642 1577
556 1037
406 619
1464 1259
1482 282
1741 1781
215 1527
427 16
355 1077
1016 249
279 128
1374 367
769 534
1713 1351
304 781
204 458
218 1506
548 574
463 1568
1096 1688
1064 275
1414 1636
1771 173
635 1683
1413 532
220 419
242 681
1190 1135
222 335
410 1629
419 969
604 402
1012 1448
1127 392
225 760
226 237
892 1184
828 1481
227 673
904 1737
221 1030
228 1767
339 1310
229 667
621 1308
1606 485
223 1169
1596 366
868 1189
673 1131
508 231
231 44
1572 1703
1288 443
968 845
897 1158
234 1538
1080 1115
1449 690
235 344
1236 732
283 932
236 359
237 1519
1691 268
1551 608
526 1487
1082 354
469 647
859 8
1496 204
1770 253
1051 1356
1836 671
580 882
628 975
801 1659
1355 1787
877 780
1438 570
1036 124
1196 1165
1327 1846
1547 1334
244 1607
555 548
574 1153
247 396
260 168
1700 1208
551 176
1763 692
1809 1243
249 537
807 28
1505 330
248 178
1588 1000
603 613
1212 1445
1345 1483
280 162
342 758
1269 1687
1171 796
251 701
1189 834
772 518
1042 135
1143 343
983 406
1033 148
740 958
254 331
739 938
252 889
1591 1331
1100 361
743 1467
1366 244
323 1612
257 1089
1206 1346
507 250
450 469
940 1397
401 993
1023 491
1780 1168
261 1126
554 1555
608 1023
1530 1752
825 65
590 383
1330 53
1525 387
1829 612
263 750
265 439
484 1486
1517 539
1486 189
1225 769
267 92
616 322
1651 1843
550 321
1068 233
266 391
269 569
390 151
876 1621
1765 1754
381 1599
1468 129
1121 1128
1599 972
540 2
273 609
659 486
1503 370
803 1511
1524 827
1313 1288
1060 261
275 894
285 1576
597 483
1692 670
1519 1238
1716 398
479 777
277 336
1779 902
1303 1212
398 405
1158 1602
281 1083
1797 867
1508 1637
653 411
1324 1784
1375 1666
818 846
1376 1735
1761 164
1041 301
883 1765
759 1746
1786 1553
1213 1222
1247 1707
1380 449
289 227
1545 1834
286 346
293 1045
880 1216
715 568
420 1623
943 869
295 1354
418 1257
294 1671
1081 1176
408 1265
1657 789
1207 140
985 1507
292 1584
298 1653
730 1258
1578 1812
297 858
593 1069
1560 160
1387 515
1616 47
386 131
781 694
1391 1329
1426 194
601 818
309 271
567 603
957 1318
1752 23
1404 1591
1350 217
307 1540
648 724
632 1480
1049 616
1361 364
493 1376
1039 184
534 1087
741 382
1075 1264
306 1188
564 1726
1677 967
895 551
993 389
724 726
1660 992
311 438
758 986
522 1323
368 1749
553 332
1370 946
738 465
918 1494
1533 1748
1711 553
1191 611
314 86
1217 1110
1025 1539
1674 1618
1650 908
1835 201
456 3
744 172
1349 74
718 298
317 509
318 905
729 1228
735 792
1164 1369
813 584
1451 759
482 1802
1580 730
1825 152
652 529
387 1797
1699 1839
990 1528
1144 114
1195 1530
417 1455
1504 622
477 1218
432 1278
324 1159
559 219
1513 1709
1184 1458
320 1154
576 1714
680 552
1776 1779
327 620
788 1142
742 1343
592 1408
1155 1690
1386 1177
1031 1054
329 1595
1623 1215
1294 90
1112 1185
428 1279
1260 1624
1535 930
1316 804
658 1651
1790 326
802 563
332 720
1626 697
864 195
1208 289
1514 841
330 1775
1473 167
1006 884
691 995
951 369
1538 572
1769 857
464 677
1442 200
1221 99
1325 163
503 1340
838 55
1216 252
1604 1521
694 274
1718 1137
515 1611
346 442
1441 1579
572 1495
871 130
343 945
344 1610
349 492
929 557
1389 1166
1759 246
1622 380
351 226
541 63
912 88
350 1701
354 29
1515 597
353 1722
935 686
799 727
356 1300
1791 740
357 1811
1608 628
1463 1327
573 296
361 1572
1281 755
841 476
1378 1173
362 39
810 973
364 285
1156 101
363 1785
1272 790
1695 499
633 1841
1418 1002
856 513
1553 40
1443 1191
1483 1133
1336 695
583 1622
1412 1402
369 1148
1077 525
373 1316
1344 1373
819 1557
1701 1727
372 1275
521 649
461 468
1085 771
378 662
506 786
1489 678
1167 25
380 507
1495 477
852 71
382 1019
1084 1360
383 316
1565 287
1065 596
1137 280
379 353
471 1697
695 648
999 738
1262 1634
717 1314
1487 1601
1665 358
647 522
389 776
1097 214
994 1762
1204 1689
393 541
1122 687
764 1390
394 139
1415 637
1714 615
1637 748
1746 212
1130 1569
579 120
397 982
931 1051
620 795
1652 1236
396 1383
624 1325
839 1632
885 728
1001 1646
669 1260
462 1476
1802 1434
402 1061
405 1835
426 1319
1646 38
768 190
1175 531
1059 1253
1318 731
1635 1011
412 643
667 1721
1364 1187
1174 1438
1390 482
1827 317
1166 1014
1563 564
421 1548
1010 426
1621 21
954 683
423 514
504 1214
424 928
1638 1620
909 540
1253 182
1471 592
445 735
1098 1504
763 1299
434 909
1339 871
1115 1381
1267 478
1654 1758
614 1513
1228 516
436 304
1119 177
1317 224
1392 675
1764 437
1707 1311
452 118
681 1509
438 524
1372 1121
1561 1508
442 1198
440 1658
1800 1580
435 170
1792 684
529 1449
537 830
700 1827
1573 347
582 108
1566 480
1146 651
1687 1597
1145 254
449 1678
1111 1760
832 739
455 1282
1274 1700
570 704
1022 259
1666 916
535 820
1311 341
1832 970
532 831
460 1450
1296 1364
1676 1691
467 292
1182 1529
1801 1048
1319 1441
1600 286
475 1067
1341 1293
1300 1638
830 964
520 661
1702 1717
1037 1017
474 712
1328 589
1548 1501
480 825
651 1681
602 725
1298 1849
1093 169
489 1770
1083 1196
737 1344
600 1552
491 1763
492 1322
757 430
1309 1330
490 185
495 191
1197 97
499 239
733 1736
1697 1686
1446 567
783 1416
891 1372
1255 1066
1035 159
1134 1460
1793 1696
1388 1676
510 959
924 747
755 1267
687 416
1125 960
1205 1570
517 1186
1593 729
703 1062
1614 225
808 1422
1667 948
1529 158
1377 1661
524 281
790 294
1726 1724
907 1747
709 470
1017 155
677 198
1478 976
972 1057
711 312
1138 228
977 1092
1833 659
1500 631
1384 1190
539 1305
542 1263
1452 1436
545 248
858 630
538 854
1453 1563
896 699
1290 1490
1402 1134
549 856
584 1818
796 1312
1058 1055
1201 1668
887 1005
1257 46
644 215
736 1825
661 1210
689 103
1731 1695
560 1789
562 1604
1273 1064
563 1072
1136 883
1730 812
1304 1063
623 1639
1401 886
708 710
1278 134
1337 1420
569 1484
1410 1389
1723 1101
1310 952
1574 457
812 236
577 1052
642 1452
805 329
581 1217
1479 768
1368 334
1456 257
587 315
723 220
1220 1660
1837 453
1020 879
1234 157
923 1313
605 1200
598 1105
599 565
1183 937
1229 1374
1541 1281
1653 85
798 783
1775 1385
874 378
1627 147
1301 1050
607 1793
1087 575
938 262
1003 511
748 997
1395 1359
622 1075
964 87
693 1162
995 1251
1536 192
617 1798
1450 216
706 423
634 816
1444 1741
775 1240
640 782
1369 1815
770 126
646 1478
1419 1824
1251 111
654 1094
911 1324
1139 873
656 1586
922 121
1362 376
1393 718
666 1365
664 484
867 6
745 1575
1534 668
670 1698
1074 1470
675 1800
1527 1693
692 1535
672 953
1823 1119
674 161
685 407
678 1197
686 1477
1079 600
1703 91
1762 1780
1248 1141
1607 797
1238 1549
1250 1100
980 914
1693 314
697 14
1235 1161
1808 757
1516 5
701 210
1110 1326
1774 429
1054 475
1619 82
902 397
704 94
1354 1150
712 922
1611 1403
1218 363
1176 1097
1379 444
1103 1380
719 1021
721 242
1399 685
1581 546
1128 512
920 1353
840 1799
1279 872
731 1093
1710 448
1539 956
882 427
747 1001
1460 763
749 452
1063 1515
1645 1170
1680 69
1239 362
963 1152
1163 1847
950 263
766 1503
1397 1437
794 1823
1721 1
800 665
773 558
774 784
1259 1457
778 911
1537 682
785 1174
1342 303
789 144
982 337
1211 211
797 368
804 360
1787 1398
1523 526
1725 265
1086 1363
1289 1283
1549 1451
1585 621
1507 779
1198 658
827 7
831 379
1818 737
829 617
835 638
1629 716
1461 1816
844 1366
1575 1423
845 1226
1481 1042
851 799
1209 853
855 142
860 1125
863 1296
1811 1358
1249 356
973 900
1684 1292
1826 676
873 999
886 741
1347 1582
1433 653
1749 1109
1696 1564
1648 327
910 50
914 823
1373 595
1630 408
1617 1232
1202 1556
1056 1479
934 1598
928 149
1794 1631
1562 604
1040 951
936 447
1777 43
1057 1523
945 1175
1405 238
1689 1098
1685 1459
947 488
1061 754
959 1743
978 1581
1704 1768
1101 59
1719 504
986 1421
988 656
992 1114
1315 1262
1598 632
1406 641
1457 1512
1011 1041
1683 1404
1439 1425
1187 1731
1177 793
1038 1531
1047 17
1403 1332
1430 4
1151 1583
1822 323
1233 1025
1427 328
1750 822
1643 1294
1219 404
1275 461
1170 954
1620 26
1181 861
1834 206
1199 1453
1240 942
1252 1845
1740 925
1434 102
1306 811
1256 1209
1819 1349
1469 708
1804 1303
1743 27
1420 1183
1407 859
1484 1249
1488 269
1531 633
1532 624
1556 994
1751 924
