0 1233
1699 373
3 469
5 535
1695 1546
6 402
1692 604
1691 529
1690 162
178 448
1623 1205
143 1679
407 1030
392 1006
1612 772
209 720
80 258
785 1543
43 1206
874 541
1607 273
1 882
2 618
4 744
1698 1234
1697 850
7 116
1694 1021
9 1172
1693 446
11 35
1566 677
1665 980
781 9
853 339
362 680
1140 576
1079 307
1696 1533
10 1378
12 64
78 1216
331 1156
1312 1095
439 1193
1487 537
432 1496
536 1134
569 226
703 1541
1153 1493
1687 1153
1509 94
233 1686
134 756
367 251
1470 168
1269 1447
8 1601
433 235
275 863
1213 862
1342 1437
643 462
1274 211
56 1146
904 1112
1538 646
934 146
13 957
15 1323
106 1500
839 944
1619 1498
54 1011
1383 343
691 114
1419 767
498 486
14 1573
690 637
1554 572
102 1367
855 234
269 1097
414 397
1559 331
70 1034
696 1547
16 1566
17 1055
502 676
279 647
420 1594
552 1346
837 1303
1050 803
779 121
18 1159
369 340
319 217
1497 1124
1364 1215
756 362
1516 241
519 620
617 151
1225 741
1348 1213
153 783
1197 1376
1381 1689
19 846
893 1569
305 1102
1182 1087
109 945
1338 728
738 421
278 1384
1095 1347
1340 1108
481 1235
1472 1536
20 1516
825 751
1652 1238
22 384
1474 69
1085 521
1107 907
1573 1574
111 206
125 1608
346 381
21 670
23 1175
1499 652
246 282
1324 1390
256 1434
164 565
861 189
802 883
24 1199
1240 915
1302 302
1498 619
586 310
771 1202
60 353
25 561
709 43
688 1263
1007 633
783 285
1459 1638
505 232
291 600
589 487
1217 1109
1256 300
997 530
923 281
75 904
1653 546
218 1459
652 1568
788 155
1564 1013
1157 324
685 643
1418 398
76 1261
26 695
27 740
28 492
881 1068
698 848
1209 900
866 37
376 909
472 355
1576 1455
355 1645
29 732
294 807
758 820
686 1635
1102 1422
474 832
752 625
969 86
286 139
689 39
89 1001
813 142
1473 983
1196 1321
466 1317
1485 1053
30 1182
31 472
927 392
354 648
253 322
69 112
1641 118
507 1296
625 815
402 1289
515 1632
32 1253
33 1436
1295 1580
1621 346
713 1222
739 417
957 1344
438 407
1605 1444
958 814
1162 864
1628 209
110 1603
693 1526
1299 834
435 988
34 127
35 202
1043 794
557 418
1051 1433
1239 1107
749 1522
486 196
208 1085
906 808
1284 1310
1351 1520
616 494
1660 847
36 1120
293 844
1151 813
801 1439
735 1424
350 581
518 582
37 338
38 1535
1575 1662
241 23
1622 1299
1670 1239
1003 1415
1533 491
232 1443
271 927
1158 827
720 428
521 953
650 426
40 995
651 821
1181 1476
966 921
81 1027
388 260
1046 1140
39 1481
949 947
149 1430
1649 599
1286 182
42 220
121 315
1560 1637
676 1059
1293 797
378 1592
1483 1427
1048 552
132 188
252 1104
419 1642
1581 1009
894 911
671 1256
520 1210
1150 442
727 332
1395 1322
638 423
284 514
41 1657
44 13
827 40
1309 354
1315 1391
1477 1163
762 586
1406 607
1185 649
491 60
673 691
654 1049
1458 1564
384 131
220 1515
607 950
812 29
46 1005
852 56
919 1648
819 564
1574 842
700 1071
907 705
637 936
155 958
1333 685
45 569
47 1129
48 1372
1327 1609
1409 626
1546 559
936 799
641 786
49 412
682 1442
1129 327
470 169
1112 1591
50 1683
188 694
1465 1072
268 899
1408 631
976 1002
1038 1092
456 642
820 6
352 956
277 1045
1629 791
51 1583
473 1304
743 278
971 667
455 611
697 1539
571 238
1221 382
427 221
52 634
955 358
53 1115
457 601
1521 1133
482 1121
765 1207
948 554
1602 137
972 445
1141 1615
1397 496
1375 191
1294 1335
1201 523
737 111
1366 1587
991 839
1298 349
55 805
1044 1674
1285 1432
385 1247
383 109
1184 761
634 512
860 295
1345 431
1443 1479
1532 1584
1291 506
669 1298
1030 488
57 454
1399 1418
309 795
621 42
929 745
412 826
1035 1464
58 1135
1200 476
195 314
503 240
160 686
280 718
1099 1236
310 1048
675 394
1688 975
1437 455
59 1458
61 475
107 1532
1206 1219
1413 269
793 473
236 895
1127 661
925 303
916 1054
892 1634
62 342
247 164
216 61
529 596
1272 735
1290 861
706 1356
910 478
231 387
995 542
97 184
64 654
333 1401
235 570
1593 1540
1515 1265
99 919
63 1198
563 1629
1635 1316
1416 768
283 779
768 1066
413 1406
970 288
510 841
659 1032
65 1312
66 18
67 174
356 1438
1108 1110
1422 1113
585 1559
564 414
480 602
467 219
993 52
613 1007
921 38
1372 276
1404 1167
301 717
68 687
556 1220
1260 1094
704 1597
1123 1656
647 396
645 1581
1335 161
1451 245
71 306
990 766
238 1658
98 966
1615 246
179 480
1528 1160
72 999
1326 298
1454 1379
371 297
1251 1487
901 989
221 1186
1571 154
351 271
1098 729
334 395
1411 998
566 553
1625 1663
204 709
73 183
74 615
1510 1197
887 994
1076 1117
497 263
655 1388
602 828
1555 1014
672 136
1169 902
77 566
1339 505
1466 1074
1168 851
1636 560
91 55
375 747
200 1077
944 923
1322 621
1414 1527
79 133
996 1169
898 1639
888 701
366 453
889 781
1136 764
864 1668
523 871
460 906
911 550
494 837
1429 1330
609 951
1264 498
408 228
197 774
684 888
1138 1230
82 244
83 124
1388 713
459 509
545 965
84 1063
1192 1044
1561 313
639 1426
157 85
85 204
406 108
1389 697
381 1062
127 1394
485 1177
528 773
1433 508
941 1617
201 973
1317 1280
349 210
522 1179
1059 874
287 1320
1424 1398
1017 1185
1042 784
905 1407
1502 107
87 198
508 356
1060 1227
300 1276
403 1369
447 1240
1094 177
104 698
1041 699
714 659
843 1630
1462 1214
1396 1105
780 1513
147 1161
1585 1537
1426 616
1650 870
424 1554
86 1191
1061 1286
1205 1410
373 158
242 367
288 1368
90 1244
660 483
335 294
88 1164
967 892
452 1538
998 242
608 715
1392 926
1280 1405
198 724
483 1246
915 229
1494 1456
1390 881
92 1291
93 1290
699 92
415 1650
1250 749
1530 588
632 1651
636 636
626 225
897 614
94 460
95 653
1045 364
1254 1397
468 925
372 577
1232 97
96 855
404 254
1306 1288
347 292
177 800
1231 1362
857 551
124 684
665 1485
180 213
1113 858
259 309
161 934
799 1495
103 1551
389 1607
603 1098
423 1293
1271 20
1064 408
368 347
815 731
1534 34
100 12
1179 422
1277 1258
154 11
848 753
578 517
1586 135
517 640
1645 700
1578 468
285 1528
448 401
170 1678
1501 1300
1066 1691
1508 758
101 129
1669 1441
896 982
212 88
730 1278
856 58
222 378
642 1173
1616 357
1253 801
105 748
210 495
541 959
1380 186
430 1101
1101 1024
1343 672
731 1350
1084 463
1163 595
846 543
1540 501
1148 1555
797 1575
136 857
1637 262
108 613
187 1507
1015 1196
1337 1596
1109 1364
992 1371
1330 152
593 1453
1178 520
1115 1257
1518 439
244 1043
1563 32
442 223
464 1128
842 1474
112 538
980 1332
547 399
858 525
796 284
1441 829
113 265
604 920
440 1644
495 1457
374 1313
1118 404
818 933
114 1223
1481 852
824 214
282 267
115 1139
555 1118
1080 1273
1120 1400
1678 1127
1471 979
1033 497
142 1589
116 1477
1075 665
816 185
1212 880
117 1475
1341 1469
1001 991
933 1315
1320 1558
118 623
380 1454
1398 658
772 28
1208 1348
1588 534
1207 1073
119 1254
120 937
539 830
574 527
131 1680
790 1125
506 901
565 1548
1511 447
1620 1501
1180 1505
1019 765
1646 1151
148 62
240 81
321 153
123 503
1263 1640
1373 690
1278 434
479 178
1627 816
152 810
122 1266
1448 101
1415 1065
666 1489
873 474
126 1366
1446 293
512 733
436 83
1440 583
733 19
1024 30
595 811
909 100
1083 1428
490 75
128 1119
359 200
1475 1636
1513 1646
129 120
500 1611
759 865
130 673
167 1136
903 1241
723 1504
1032 1079
526 960
1082 1684
876 1029
968 1349
298 328
1092 1337
1305 526
133 563
568 1264
1491 352
135 17
1655 1326
1222 1409
938 1342
1405 1269
1328 493
729 789
964 1395
137 1083
1552 624
807 119
1456 558
138 556
217 669
139 1377
1249 1
1544 1268
140 1534
549 628
398 1274
1488 1365
1400 796
141 132
940 165
605 507
649 305
299 481
1229 176
1135 777
548 1047
1235 1033
912 1509
832 597
1562 25
144 710
740 78
1517 1552
145 383
1596 207
146 1354
1579 1283
754 1154
1203 819
325 436
1644 113
1321 1116
499 622
211 1647
1031 905
1478 157
1464 1664
1154 500
1081 255
891 438
395 1633
1218 299
150 1524
883 860
1237 918
985 190
1236 1237
845 746
1682 727
151 707
1086 1019
795 504
974 1042
1273 104
753 964
1357 253
1331 193
1582 571
677 277
156 1677
1026 215
1013 348
469 123
484 1460
681 924
1539 1248
158 1200
1490 95
1122 140
1681 954
979 1695
159 4
1028 762
342 304
542 380
817 1309
1177 703
917 1649
623 1374
977 490
1514 605
1248 716
869 1643
1096 1171
1512 96
162 1517
1161 1694
928 1382
1432 1325
1047 531
1495 141
1685 224
599 1585
810 27
618 662
165 403
1352 1144
431 1070
1067 1491
776 218
258 1375
1087 1260
410 393
1106 759
163 499
166 330
255 891
1111 593
577 419
1052 316
1175 134
223 1338
168 145
327 82
443 76
1191 1472
509 511
357 1353
1444 1226
532 1623
219 1212
1002 639
169 1351
1577 485
630 997
708 1035
171 1008
1543 1336
1259 359
1617 1282
267 986
954 932
560 1100
172 1628
370 1217
1215 386
775 319
1664 775
173 725
1283 1563
1058 833
550 1471
757 730
615 170
1354 598
1241 711
174 608
175 268
982 1294
1014 1060
707 1525
1100 1531
840 231
176 24
1407 22
1146 335
315 0
358 1373
437 1387
1005 664
1355 89
635 14
987 1259
273 1451
1594 1625
576 702
1189 66
606 682
622 1435
181 1277
543 849
511 929
1642 1016
307 1560
1053 1673
344 502
1482 1157
463 149
182 1218
183 1383
1143 943
1431 48
1152 1307
880 806
871 912
1647 1148
712 1682
184 1470
185 877
1445 70
1519 1616
339 1225
588 156
798 1482
186 459
953 208
942 374
1316 655
1547 629
1545 978
1139 379
189 955
978 1046
1537 606
1164 68
190 437
1198 54
890 433
1567 675
191 73
260 1041
1479 792
716 1208
192 591
805 143
227 435
1310 1675
311 7
1347 589
449 609
1296 36
477 1075
1587 590
1453 1567
734 1026
292 71
194 106
1557 1243
193 1590
196 264
782 1466
814 515
744 390
264 1270
199 1232
877 668
1334 787
1057 1414
492 1221
1265 952
1376 334
1496 917
202 568
1238 948
203 1468
1036 326
914 845
1246 411
1507 1088
476 798
1455 875
1142 252
1144 972
205 323
1520 840
572 1137
274 1012
702 440
732 1412
207 1331
937 778
1258 992
206 1492
1131 50
1535 835
1583 31
1006 167
243 663
1550 1058
1654 126
1450 248
722 1051
908 212
1365 962
1610 1038
1188 1685
544 1670
761 205
809 533
943 102
1233 722
303 1084
213 1343
1292 610
956 259
214 856
628 750
1484 272
627 385
711 666
363 1659
1244 1340
1332 1036
290 1614
742 1123
1361 1467
1282 1618
215 410
951 1000
417 296
478 1178
1358 163
870 1168
1325 739
847 57
1600 910
1074 1311
777 1228
1055 641
900 743
1270 2
1155 853
670 549
1204 1201
224 894
458 1576
429 1069
561 1138
784 984
755 1672
1679 1262
226 1588
1667 365
405 1692
297 630
863 424
225 1484
228 928
1387 981
1486 573
1165 1602
1344 969
229 376
683 1295
1247 351
230 1523
540 578
1666 1486
234 575
767 53
1219 1017
1603 916
1056 1357
377 1297
306 1359
421 1440
323 333
611 67
237 1497
886 524
821 1641
692 130
1378 961
501 1358
844 671
546 1039
296 754
973 1452
705 776
289 886
694 1091
239 1020
1011 1655
741 175
1438 1565
1423 1093
302 1622
1159 721
1569 532
538 993
1029 84
245 1582
426 388
687 1450
262 122
962 1389
1568 1676
248 516
1427 738
1401 236
249 1661
504 26
1500 1114
409 160
1068 318
1034 420
250 465
1425 1519
1210 812
251 366
340 360
1460 688
1680 405
679 1106
1319 656
1591 510
1287 308
680 243
1476 1671
254 782
295 1057
257 693
717 890
1371 836
471 818
261 63
1021 1209
1303 1037
1194 1667
1379 91
981 1665
1367 1631
1183 1463
1556 1696
270 1698
513 1693
326 466
263 1183
736 548
1065 1370
265 1417
266 866
939 1488
872 1314
965 651
1598 1652
644 1393
276 555
1393 41
1386 1082
1170 1578
1480 1669
1267 345
718 519
465 809
445 51
272 574
1677 166
1307 247
826 1099
674 375
1676 274
1257 441
1370 250
1346 1194
1549 105
1410 1067
393 557
1227 117
1091 471
1614 547
1421 974
281 489
695 823
1025 1385
446 1126
715 824
1428 825
1147 1015
787 444
1420 941
1611 790
422 1250
1626 612
562 1557
575 1328
1281 227
1070 1561
1489 147
1434 968
322 1503
390 1626
525 195
1262 1187
710 719
1336 736
1503 16
1657 159
769 752
1008 341
533 1132
1368 763
313 1514
1435 1040
918 199
1126 1170
1672 872
318 518
1174 1287
487 336
591 15
1226 1305
304 1478
461 464
1104 678
770 1542
1216 1204
341 484
1009 1025
899 644
1275 674
1417 1446
308 770
746 1285
836 370
1172 1380
1266 1549
1069 1141
1130 181
1597 150
1430 79
1149 1402
868 1031
411 1506
1663 415
531 470
598 1010
1323 1155
751 230
312 584
314 87
1402 1480
1613 1660
1349 1203
365 192
316 567
317 1162
764 528
1553 1308
320 867
932 817
1449 1550
1088 1429
382 65
324 1654
1110 171
1590 203
1643 1166
614 368
952 1231
619 1612
1529 1653
653 372
328 451
959 449
1054 1423
1195 1255
1609 283
329 461
330 692
1359 1688
1105 452
567 804
865 391
332 72
624 854
1608 1360
1493 1697
336 660
1308 627
867 482
337 125
338 1699
1132 638
1252 194
1103 1334
1506 1529
343 1681
570 914
1114 1061
1391 971
1570 363
1089 681
348 977
345 887
1463 49
945 233
441 903
833 249
353 1352
1651 1411
1353 873
364 922
747 1606
1624 406
428 771
534 898
454 1122
360 1598
361 1620
1640 1445
830 1510
425 1064
1255 704
947 802
1010 683
1631 289
1659 1284
1656 1180
1684 967
1461 180
1363 1111
631 1229
1526 579
994 350
1592 942
850 843
1580 458
1023 1345
924 1152
379 1465
829 1408
913 93
1199 1142
663 1249
1288 1494
416 913
1329 539
1078 1621
786 1449
386 788
387 1499
926 1512
553 1272
1012 1605
1018 635
580 1267
391 467
583 889
1121 1553
394 427
792 1174
396 344
1039 321
397 377
1318 657
1689 885
620 689
664 726
399 280
400 222
401 822
1186 1176
823 1275
453 1224
1116 1341
1124 723
1022 311
462 45
1523 1147
745 270
854 1461
960 603
794 544
418 430
1063 1143
803 257
1097 1586
1551 714
1027 46
1457 755
724 1327
789 1096
640 897
822 1081
1630 1189
551 312
835 1593
1020 173
434 329
950 115
841 1158
1403 1306
1531 413
648 876
444 1483
629 59
1133 1319
804 970
450 103
1565 760
1220 869
1442 1404
451 279
1683 1329
514 1462
1125 1355
988 878
1276 77
984 187
646 179
559 443
760 287
879 1508
1668 1666
975 946
859 1502
1245 632
1447 1473
600 939
1301 1511
1073 1361
668 785
475 931
1145 1251
1243 1396
1214 990
657 1022
1289 592
1658 562
1202 1627
554 1318
488 128
773 21
1639 1145
656 389
1360 1245
963 301
489 1292
493 201
831 1004
1350 1242
1167 908
496 884
592 1556
1452 1690
1638 1419
1072 1301
1362 8
725 757
1311 479
1160 1490
1601 450
1527 706
1385 1624
1166 371
1137 1076
516 1090
983 317
530 1570
1071 793
748 237
1062 696
1382 1431
1117 1544
1675 47
1313 1448
895 1333
524 275
527 879
1268 1052
930 1562
658 987
535 425
728 580
573 400
885 1130
537 838
1223 44
766 1613
1156 949
834 432
1016 290
601 429
849 1521
1040 80
1599 74
1230 138
1049 286
558 935
1128 1086
1234 1023
1394 938
778 1192
612 1416
999 256
587 261
961 1028
1374 645
579 477
610 742
581 1181
1662 650
1242 1386
582 1545
1492 148
584 1281
590 5
1119 337
594 859
851 98
597 896
806 1324
596 1610
931 996
1524 456
1504 1131
1541 1149
1436 1577
1173 1687
1077 831
750 1403
1572 197
1176 868
1037 99
633 545
986 1518
946 1252
726 679
862 522
1686 540
1000 172
922 457
1412 1421
1439 1003
884 1399
1314 1080
661 239
662 737
667 1604
1589 594
1193 1279
678 291
1558 1413
1548 712
1661 769
1469 1571
1525 1302
721 1363
701 940
1536 1018
989 1579
1384 780
719 144
1606 1211
1356 90
1224 1150
1190 1078
1618 985
1674 1190
1467 33
1369 1103
1279 1425
1261 1184
935 369
763 1056
774 409
1300 1339
1505 1599
1297 1392
791 1595
1673 10
1090 976
800 3
1648 585
920 1188
1632 513
808 1530
811 216
1468 1420
1304 325
828 1195
838 416
1542 1381
1134 110
875 708
1228 930
878 1619
882 536
902 1271
1187 893
1584 1050
1093 266
1004 587
1634 1165
1211 617
1671 1572
1522 734
1377 1600
1595 320
1171 361
1604 1089
1633 963
