0 844
2 850
1948 1859
1946 136
5 191
1945 1673
1944 428
7 337
1943 371
8 1405
9 981
1941 1050
11 319
1939 972
12 1804
1938 1085
178 1291
374 1628
326 1794
750 1249
1514 1709
950 1915
328 458
1057 652
932 719
1679 222
1491 828
1860 411
1602 360
1 204
3 1313
1949 594
10 16
1942 1937
1940 379
13 939
1598 80
841 260
835 616
372 1114
429 90
1115 189
1205 497
1628 1366
1561 11
4 1155
6 773
1947 359
14 226
1717 1222
121 1631
1126 1682
1902 1335
584 1117
15 1834
98 1224
161 1378
1116 737
833 459
813 256
817 746
541 756
1903 298
857 811
16 341
1098 173
1801 32
643 1638
814 912
945 1615
1447 699
367 731
1176 1625
262 54
992 1651
1001 734
1105 1867
1363 843
463 1798
780 1602
1876 373
1910 1333
1477 911
951 1171
830 1095
1337 1296
990 1183
42 460
1818 596
18 45
106 331
1291 1354
76 1365
1921 1540
231 277
1305 1308
534 1734
575 618
825 1857
1293 1421
17 1533
690 1213
299 38
1662 152
1615 418
20 220
376 301
1141 323
489 111
1301 1330
1923 1658
97 702
1448 1472
1671 626
227 1666
19 1751
1408 701
783 1470
1936 1542
393 1763
492 450
335 466
798 732
1855 1782
683 1507
1016 1167
751 1079
241 1214
1728 872
681 1667
1327 1710
21 1231
23 989
838 177
1653 1499
166 1650
73 181
394 605
22 1568
24 1923
1223 251
1505 1620
215 836
1689 1461
273 44
586 1021
247 210
927 824
842 121
1550 1052
1074 339
1906 1471
998 213
761 1685
25 270
1499 1017
240 478
697 765
1485 21
1459 977
422 215
96 623
803 1801
386 1722
1294 792
313 30
1817 906
1731 1260
28 994
818 611
858 303
962 103
1154 217
1772 728
442 232
261 202
26 1498
27 415
377 533
1743 860
1639 432
1764 990
756 1907
252 1165
708 1495
1698 1299
935 606
1068 1616
29 1926
30 1647
1856 758
709 730
1693 1161
1067 1193
552 1453
1048 1704
72 1089
1306 209
31 922
1866 1725
779 1558
363 1662
1831 1004
946 1196
1021 1351
1243 1401
1470 857
797 1398
454 725
32 1271
570 1372
1473 1811
1552 203
480 1090
883 484
33 720
444 1464
528 1415
1722 1003
39 1168
259 1324
1804 1388
482 1203
1310 1010
350 888
662 227
345 318
1493 1135
118 182
1867 680
34 546
35 944
624 1776
1322 128
1656 849
303 101
316 1001
1439 406
1627 285
1193 1205
1641 632
1917 950
234 867
123 1448
1282 1194
297 1259
383 393
1169 898
1840 1394
1490 345
1629 687
431 348
36 934
37 1186
852 902
473 1756
136 923
965 542
208 70
532 170
38 1614
212 84
1677 13
1020 212
1423 762
1732 1823
1415 1845
919 1242
548 1430
1597 1829
1311 1045
525 427
566 511
1507 842
995 1546
354 1024
40 714
1915 258
168 253
508 630
507 927
1773 1152
529 1886
1595 893
307 19
897 1846
41 407
1435 42
759 793
909 784
254 1190
195 492
216 1574
1828 619
1713 1949
1331 1062
1752 579
855 1643
1107 908
218 1901
43 1075
1673 1731
1896 1536
609 1267
734 983
133 233
209 1256
207 92
1114 1270
1351 197
44 541
1509 1526
587 40
199 1411
170 190
45 503
1399 1744
1345 774
1416 974
1576 708
1885 1178
543 696
468 1326
704 86
1297 1547
149 23
90 681
1622 628
994 967
46 752
315 15
135 1110
1774 1517
48 369
1381 1872
999 1657
1110 1108
1458 436
686 506
1467 143
443 991
47 1195
866 1311
485 1266
1853 706
753 326
1603 1022
617 485
940 1406
804 1166
873 948
1256 1209
79 1932
49 405
50 240
615 585
792 63
379 694
521 1292
1418 840
915 1898
1269 1556
692 1576
255 1885
1134 741
1813 1830
51 1690
56 570
1151 36
1538 855
52 1146
1544 1522
191 105
815 965
997 1258
1136 399
764 1150
53 726
295 964
1348 997
744 1945
1441 1397
696 1609
470 1367
511 186
769 794
1868 982
518 163
54 913
845 1176
1338 1532
1073 494
138 1358
324 1758
1811 1581
782 854
705 1391
1663 1939
515 1321
1887 1754
889 1151
1444 980
650 1416
982 978
1755 591
55 1825
57 1112
1697 1700
1919 1653
340 671
1472 578
1350 1816
829 1854
1035 1938
58 1257
392 561
739 949
1422 365
1694 362
59 674
722 330
362 1327
1881 168
959 1607
1487 589
1808 1680
875 1376
948 1490
929 243
1744 682
1029 72
1553 1094
1736 1159
720 1233
1091 1599
1280 1349
1883 642
70 73
60 1322
71 1702
1214 1720
500 505
1757 1565
1092 946
1096 62
61 1770
300 1339
958 1795
1163 378
642 455
62 205
1551 1590
1159 1374
1432 1815
1200 647
1191 1434
1482 1879
1284 1399
923 590
1729 715
467 1598
637 1686
64 693
1286 1375
293 275
1838 77
1756 57
322 1567
253 886
1478 938
1080 1441
1182 649
488 1742
816 629
1347 782
1462 0
1608 85
1723 1070
63 655
66 560
236 736
905 960
634 1807
773 127
1512 1414
1636 670
1768 1268
65 530
574 1655
450 231
1246 1864
151 1648
169 338
180 346
1281 900
67 25
68 1606
540 1286
1333 1026
884 1745
772 1535
1218 96
171 892
1649 1622
1837 464
69 1623
1884 1777
1125 354
381 631
1143 665
1148 826
1696 1348
197 1895
953 945
438 1020
862 1774
676 132
952 325
563 1074
956 206
589 1105
176 1553
1834 1064
1894 1051
1299 551
432 818
963 1858
1122 1918
1061 1698
1613 1098
1518 81
493 488
1920 1337
1222 1008
856 1145
105 926
1254 1817
74 1792
1469 884
1688 962
1104 113
554 14
610 1582
341 162
1660 575
1888 1914
606 302
647 1078
1824 1772
520 1158
893 1735
75 308
329 887
596 1081
113 1381
599 660
77 102
78 688
649 248
1712 778
1778 1714
177 1504
1344 1705
88 310
1657 187
80 1769
275 1255
1033 490
691 1334
886 1100
904 1737
878 1097
1049 1251
1826 1284
1307 1891
677 355
249 1511
625 317
763 1154
1528 292
1419 1005
1701 564
81 1669
82 412
795 1803
1607 769
653 290
183 1408
785 1220
1185 745
506 1600
107 1844
1882 1832
928 754
503 358
487 1170
603 397
1759 545
112 1312
403 1906
217 448
417 1870
1017 919
943 29
1890 1383
85 529
1346 1347
388 1612
83 1502
1264 667
1216 207
298 1332
1247 834
977 627
84 830
86 940
87 1549
727 1695
1230 481
1593 1320
1428 1505
1131 1919
1877 1696
608 383
1600 1088
1645 439
1188 1136
545 821
1317 1727
993 1211
1795 1138
89 1061
519 1147
92 1684
196 1603
475 1527
881 569
1527 391
707 1896
768 1013
1121 841
1097 1429
648 153
139 825
369 1724
1468 108
595 112
128 1184
1706 807
1935 1925
455 446
1815 1629
174 874
1776 469
330 1670
101 803
1646 970
1330 657
859 766
179 119
1849 41
1584 1521
91 1741
93 49
666 1767
613 1028
687 1528
1769 22
1898 1432
94 1369
660 385
389 4
158 274
1483 1740
1526 610
1760 208
582 955
95 271
967 1730
533 1309
1937 998
1065 183
766 760
1150 971
225 1699
1412 851
272 1587
514 1788
601 697
874 176
713 1290
1690 1905
423 654
1189 386
434 138
1341 522
1099 1594
476 171
605 812
1302 805
836 985
1296 1942
1907 1812
351 1295
847 491
413 1589
137 556
1486 403
292 1513
1046 1439
1240 931
1745 1850
451 1468
1747 1305
1129 145
1391 1506
973 1139
560 223
99 1310
100 463
425 445
839 265
187 952
352 64
688 1386
282 1413
181 1232
401 1273
901 444
996 324
846 604
1083 1759
232 387
1089 764
1844 454
102 1403
1900 296
1463 151
989 257
865 79
104 656
1814 729
949 1113
267 1463
1577 1174
1781 1916
103 808
160 1328
1705 1263
784 1912
661 1554
1144 1272
110 595
173 278
214 750
941 801
1388 795
314 582
1377 1099
108 914
592 597
627 609
1359 148
1591 241
1643 839
1221 340
651 1248
937 1163
1843 244
827 1541
333 876
1871 1207
805 1449
1455 1208
109 586
111 1053
190 740
1272 377
1506 648
1625 495
1440 1319
799 1809
933 1096
408 300
702 1537
939 1619
1180 282
260 1282
966 819
1109 1443
447 645
114 763
1079 1015
420 1641
115 239
1009 1377
320 1910
629 519
163 1715
1069 995
1394 1853
1130 1663
366 937
1730 98
116 1243
1088 1617
1791 1277
1022 935
117 1683
339 1422
461 423
286 643
1930 653
1724 229
1421 1642
1352 1116
1691 820
497 1827
1806 1897
237 1466
1277 602
1118 901
680 402
157 894
1788 1814
1438 1575
513 27
1809 1868
1812 1412
1393 1500
1460 959
119 943
120 1419
278 1656
505 133
1003 1124
1042 1216
1389 1523
1184 1524
809 1894
1108 789
872 389
1292 364
1445 433
122 975
921 1726
1805 56
1495 392
1172 188
1516 929
1642 951
1192 224
954 1480
1273 1691
1682 685
124 1111
740 1002
826 550
1382 770
125 947
1094 225
1587 607
382 493
360 779
126 140
127 1353
1620 1073
165 814
1735 1595
1261 1239
418 527
1846 1514
1360 164
787 137
129 1768
665 508
757 683
1819 1613
714 608
1565 395
1298 502
130 118
1186 429
1926 1748
1707 1172
131 1276
1869 1739
1323 1253
802 3
1390 216
132 1476
1024 185
477 1489
1476 1630
710 1345
1260 727
1618 1608
1436 419
1426 689
796 1034
700 7
1235 1068
1830 1783
1567 1149
134 537
736 1538
741 107
1695 910
576 705
556 507
310 1314
1258 1856
628 440
1786 297
1070 1746
421 1640
822 142
931 573
1542 200
1142 1474
1044 847
1874 363
1534 1129
140 1218
1025 1557
481 198
1848 1343
760 1426
1167 311
1554 1633
695 1621
1006 1820
141 772
1807 431
142 434
143 1188
1928 286
1466 1217
257 1482
305 1711
1379 31
565 1784
1197 299
1793 1323
1253 422
145 679
549 1929
623 909
202 1545
1517 1561
144 34
1236 1552
1623 783
910 1497
1008 1728
1274 1529
460 531
1586 639
325 1240
147 544
1353 1238
765 1713
1406 1762
1149 1103
146 123
1135 344
364 499
1334 1486
1640 281
1878 321
491 1131
1714 416
399 1059
1581 199
1531 408
701 917
148 305
925 742
755 1922
1703 201
850 984
655 451
281 1355
435 172
1030 1019
689 58
524 559
150 540
152 456
1407 43
406 1317
1266 1873
1014 1201
1541 1058
153 1450
1378 452
319 815
154 218
155 1043
1654 1038
1308 1562
1762 1156
983 1279
735 1262
1932 66
597 1265
512 26
598 489
626 673
1651 749
156 332
1220 87
1783 235
343 368
754 1750
1267 1431
250 1048
1702 634
233 1931
821 691
531 1847
1568 1646
1872 1503
888 1927
1797 692
288 1694
974 1301
1026 1887
1095 1438
436 1876
721 717
162 8
553 1404
321 179
230 979
1313 856
159 139
164 1433
1842 1294
358 1479
474 1148
465 1125
834 757
1373 214
414 267
882 141
729 1719
167 1802
1798 526
955 601
1403 420
238 1883
185 106
1571 1007
287 1903
1739 510
1175 1219
793 518
900 1225
693 882
1064 1288
294 1027
1140 291
1023 413
359 600
1405 695
1686 1173
1742 798
1063 192
1358 1515
1437 1481
535 1902
876 1604
536 1115
172 1930
1075 1047
585 284
1328 1127
1199 1455
807 1659
175 306
867 1065
1127 1180
419 39
1933 640
1543 1393
1672 1036
957 1634
1340 1086
501 918
1931 195
370 266
1128 1778
1563 904
1158 461
1841 1226
887 753
1891 698
1616 1202
1084 269
410 357
279 5
1667 150
1895 1057
1893 1900
1583 1107
1734 1508
669 1717
182 549
1562 1119
810 1440
509 441
184 1428
564 809
819 1860
424 261
1386 1496
870 1407
895 1033
725 1278
742 366
186 823
1475 1516
698 457
188 897
479 1610
248 1199
1715 1855
409 1275
1411 9
242 996
189 554
1357 1824
221 658
478 933
1413 1011
1318 1245
1045 1780
1156 1329
1573 17
1880 93
284 476
1666 1181
1332 1531
1257 352
1270 487
1060 686
1779 747
1242 875
192 273
1055 1579
1162 592
1056 1175
193 780
194 1478
1324 1246
1908 135
1761 474
1621 1836
547 1738
1799 1018
396 424
448 858
936 566
898 1382
334 1084
1037 800
445 1297
1862 924
198 936
1383 161
1873 263
1157 568
616 1141
200 1254
378 316
636 1833
201 1661
462 1597
355 1030
1683 637
203 992
1484 813
1072 1755
593 169
469 878
1832 471
204 865
1901 1371
205 1941
840 1106
607 1493
206 517
1106 472
1471 1491
1782 1459
573 1122
1605 234
1062 401
1005 612
1039 288
559 279
1173 1819
1676 1080
871 367
1249 877
1226 1285
210 1032
1480 69
1854 1473
1250 678
211 535
1032 437
342 1593
213 347
263 1924
1449 635
1498 953
621 50
619 1157
618 646
562 65
1765 710
1410 1130
1145 255
1212 479
1285 538
639 1775
1511 126
1494 1204
1229 861
987 156
1865 1076
600 375
1638 307
449 1911
220 1813
427 1215
219 1878
1237 1678
245 1839
222 1046
879 1101
384 787
235 1417
223 713
1093 572
1465 999
712 1380
771 1831
224 1109
1248 1580
226 1586
794 333
1670 498
1398 624
728 91
1300 684
228 47
229 576
1015 1908
494 852
622 1437
979 1424
800 1477
1263 1340
1522 95
1255 1760
1675 1287
892 89
849 870
716 1040
1265 1761
917 666
1027 1889
426 583
824 295
1241 1843
906 1611
1617 335
885 1140
1708 718
1316 1838
1234 1525
1497 1899
1011 703
357 1142
1496 1585
411 1749
811 1189
1474 1874
239 1884
412 528
1168 1410
1365 845
1102 1808
502 555
1372 1861
561 46
730 804
659 864
1785 328
1546 1940
243 659
851 1118
1227 52
1929 1072
344 1435
1934 252
902 641
733 1920
1401 1187
1325 304
1404 396
246 1821
1709 593
645 104
776 1787
244 1162
1289 1944
459 565
1395 1701
1326 1893
433 134
1513 571
1796 276
724 400
912 1134
1132 1693
523 1764
1047 883
1727 1636
981 1402
1053 1706
1321 1060
1606 1766
896 521
251 1712
745 739
1179 1360
1857 1934
844 767
1767 930
327 109
1215 1029
1800 958
1385 690
256 1303
988 797
457 966
1233 1356
375 895
331 759
1816 1206
1749 122
1912 516
749 822
387 1037
557 1626
1275 1452
1013 116
258 146
1582 1198
775 1396
1763 1137
380 37
395 1177
1619 1928
1529 1191
317 1469
632 129
578 548
1911 957
1845 246
1704 1221
684 1888
1155 1362
498 743
1569 1510
1655 1936
1137 1066
788 1035
264 1451
266 442
1685 356
265 889
922 309
407 1921
268 1370
1687 598
746 1509
1858 563
1224 1637
269 761
464 1880
1515 1044
270 1664
346 1092
471 1082
271 1933
1879 1851
1077 167
1113 287
706 662
1579 1797
274 1387
790 1747
654 1280
732 1743
942 806
1572 1573
1152 381
276 10
285 496
1699 1681
1384 835
397 932
1446 1
1228 1866
602 1494
658 120
1111 1909
1431 1289
277 853
1454 1639
781 157
1287 1316
1835 1635
1539 1423
907 751
1504 280
1239 100
280 1331
1753 115
580 174
1588 1849
980 675
1564 20
283 1841
1066 228
1078 617
583 1781
404 1534
1716 59
1770 650
1792 1143
1557 1392
483 536
1040 1572
550 724
1748 869
1909 1676
1041 1212
1217 94
1647 421
752 1904
1202 35
289 846
290 562
718 351
1566 1261
674 1031
291 1668
670 1395
832 1548
1004 672
1751 973
978 1016
1402 514
635 848
538 75
770 160
1276 388
678 1442
296 414
1766 117
679 553
1278 1104
437 1785
1545 625
1847 320
1614 880
301 885
1238 515
1821 961
302 1596
828 449
1589 361
880 18
1283 1539
837 802
668 709
1720 786
304 1559
1424 1592
1658 1252
1368 1436
306 1674
1117 1425
1594 238
672 1465
1161 245
309 1840
1634 342
308 1123
591 1384
1371 1447
440 1069
311 954
717 1302
863 711
1082 1054
801 242
1457 1298
1160 716
1194 384
1668 1300
312 1871
1370 283
495 1325
918 53
1601 1236
715 158
428 622
641 51
1570 524
791 125
970 438
631 1000
853 581
1244 1192
868 486
318 1346
1481 48
664 1427
1823 409
894 1056
1120 1652
594 88
1000 712
1028 1917
579 921
1787 721
430 577
1559 1835
860 482
415 520
1231 1560
323 1087
1245 477
1434 1543
861 963
1886 61
657 1672
1624 1793
971 294
441 1315
1319 1121
646 1645
1420 12
486 313
1794 1230
1610 430
332 831
1153 1644
1396 1454
1451 668
371 159
336 1484
1430 1863
337 71
361 733
1335 1862
930 55
1195 928
338 1564
577 1718
1710 390
1741 1723
911 558
569 1875
1631 1679
1123 1185
1456 1583
1087 1269
1479 838
1599 2
1592 1828
960 1373
347 1571
1376 557
348 1869
1850 1570
349 1023
1364 82
938 873
1174 669
972 130
1279 1618
675 67
1681 315
762 584
1899 1632
353 447
964 1605
1366 1786
1210 1566
1124 574
1726 827
356 1364
924 663
975 620
1043 837
1905 1519
843 916
1362 483
1548 1660
1339 1550
673 676
1721 131
968 879
510 1144
365 968
1829 512
368 1281
1397 768
1863 293
1375 1689
1427 1055
496 636
1611 1627
726 110
1802 1882
558 993
1177 1025
1822 1460
630 1420
472 567
1052 1169
644 343
373 1826
694 1357
944 470
914 1654
1661 1458
1103 1467
1443 1890
908 1063
1580 1806
685 417
1637 907
1852 1577
539 33
385 1244
1771 988
899 1578
1780 28
439 394
1523 1235
1309 1881
1839 259
1081 755
490 771
390 1200
391 956
1425 1800
1700 1852
869 353
1502 615
1400 1227
1925 1014
920 314
1019 1799
1271 1692
1086 969
398 552
1533 1520
544 1444
400 613
1524 891
402 1790
1165 776
985 1501
1659 1083
1139 114
1692 230
405 468
526 1153
1295 426
976 987
1825 1446
1719 881
1355 1563
1251 1483
416 154
1051 621
1500 1935
527 1049
546 587
1740 1318
1897 149
1007 700
1630 1247
891 124
903 435
1492 896
1380 1736
1147 791
1452 1274
1461 380
1827 99
1914 1822
778 532
1204 868
1889 1877
747 500
1612 1009
848 1773
1100 1697
571 211
1718 1757
1464 196
1198 453
1367 796
446 1729
1644 76
1209 580
1574 398
699 1307
808 925
1453 1555
1207 1649
1187 272
1536 1462
452 1624
1349 1006
453 78
1750 859
1183 194
1211 614
456 1344
986 1264
484 1306
530 1237
458 661
1864 184
1924 374
1090 1164
812 905
877 677
1537 1182
466 832
1711 1409
1558 1492
1738 1708
1262 1591
1288 1041
590 799
1916 166
1387 1601
1664 475
738 1160
823 976
640 467
1031 410
1754 329
504 1789
1680 1304
1138 501
723 633
1409 1229
516 1943
1166 1363
581 312
947 833
1329 147
555 1359
499 1707
984 1368
522 1487
1392 1077
1315 236
1678 68
786 899
743 777
1918 327
1784 268
1737 829
991 334
1733 1818
1758 155
1206 920
638 237
517 704
1870 651
1549 543
1303 817
1648 863
758 1848
1861 1042
1508 1703
916 942
663 1716
1777 638
1892 289
969 1796
1342 1913
1059 1752
537 1179
1859 525
652 6
542 810
1556 221
1836 915
1133 1400
1674 178
1503 180
1633 1352
551 1067
1219 748
1268 539
1521 165
1904 781
1433 1791
1417 1688
1442 60
1369 1223
1789 1765
1356 1390
1119 322
567 1842
568 509
731 1732
1547 1677
1304 1093
671 250
572 941
1652 1234
612 1946
831 1569
1578 1457
890 644
926 816
1604 1584
1201 24
1170 370
1164 862
588 866
1488 175
1203 1132
774 723
1171 1379
1314 1126
1510 1120
604 1283
1851 1518
1050 1892
1790 523
1820 1488
806 1091
611 74
1922 1341
614 788
1520 1250
1429 599
1010 193
1585 144
620 1418
719 1675
1178 473
789 1342
633 1338
1635 425
1833 462
1414 1544
737 1530
1101 1210
667 1336
711 1485
656 1733
1038 1350
1489 735
1225 1102
1450 1512
1810 247
1875 986
1213 1133
1775 1228
1354 513
1012 404
1575 1445
682 249
1596 1389
1519 1071
1684 903
913 785
1501 254
1361 1588
703 382
1590 1771
1525 480
1232 1012
1181 264
1336 871
1650 1810
1669 744
748 1293
820 1361
1252 547
1259 1039
1034 1837
1560 1456
767 603
1746 1665
854 372
777 443
1002 1948
1609 1551
1036 588
1190 890
1146 1128
1927 1865
1208 83
1343 722
864 1241
1725 1805
1320 775
1913 1753
1054 97
1085 350
1076 1197
934 336
1555 262
1540 1947
1535 707
961 1671
1532 534
1312 738
1374 219
1018 349
1290 1779
1071 376
1112 1721
1058 465
1196 504
1803 1475
1665 1385
1626 790
1530 1687
1632 664
