0 1750
3 308
4 1453
1796 154
1795 1545
6 1782
1794 1126
7 1247
1793 64
8 366
10 641
1790 1652
178 1176
653 235
90 94
1215 583
1066 1051
131 585
126 1483
861 1527
1 1251
2 437
1799 180
1797 501
9 725
1792 215
1791 190
1587 1205
964 720
633 1529
1068 1554
572 1548
1579 1420
1719 1738
1798 1692
11 691
12 670
1717 1087
254 674
1248 206
267 132
672 1467
408 1412
1581 83
608 178
1009 1124
1630 198
1578 189
1595 1289
168 1147
524 928
1661 1326
13 290
1098 856
116 1035
1069 739
1197 1091
329 112
148 519
117 397
1136 1563
249 227
1065 1053
186 376
5 480
14 102
15 1178
699 109
1615 1346
1160 414
377 757
1135 375
731 795
853 483
106 1238
1742 217
622 600
1169 1232
1249 186
799 846
16 649
17 702
690 396
430 767
1608 1374
237 619
900 1332
124 1292
372 221
1269 147
1401 1635
1124 625
982 988
133 927
870 993
1629 435
18 1101
19 1721
1711 537
1756 1228
1038 1422
893 1510
46 195
1296 972
1527 964
1659 1188
1129 1539
115 172
238 782
20 1328
831 742
1622 1011
1131 913
21 1094
1493 1183
797 1203
1571 1786
1337 513
1350 293
940 1442
22 1534
23 589
1321 1535
1179 262
1732 1431
1476 1299
326 1023
24 709
1499 1763
1096 1549
1078 1112
414 1568
655 524
286 311
1102 560
1496 1304
25 347
561 424
776 1109
937 548
27 378
1073 53
1112 562
1667 970
1306 1331
26 1296
291 876
76 571
58 1327
1603 779
338 1171
391 76
759 1672
28 1175
43 406
702 797
780 246
1547 1434
139 1154
153 1600
175 285
881 1008
156 987
287 181
1703 1208
98 408
315 806
29 22
30 572
708 704
541 657
737 1060
1715 697
88 39
1753 1429
644 502
1294 838
145 1609
1106 176
32 11
624 107
155 1130
437 899
141 1089
1542 249
31 95
1641 1623
1310 500
1643 1177
709 111
260 1373
565 50
387 664
640 1649
33 1542
442 393
365 494
857 517
1307 974
512 331
647 1096
950 620
1152 1216
1505 1142
35 851
975 941
846 1041
264 116
1729 364
1652 202
34 1689
36 1311
210 1085
1722 1441
586 886
936 1212
1366 1454
374 706
1554 908
914 1362
37 121
921 185
894 1189
337 368
1500 1013
741 1206
1563 389
1290 395
693 926
1142 126
1426 1187
1776 910
1410 612
1432 118
38 245
39 29
1575 1001
1014 1512
747 1319
244 723
1583 1741
951 1387
1466 1775
1616 1193
461 1081
660 1784
296 1771
40 518
41 1045
288 299
658 1184
539 15
42 1419
157 1012
1406 780
1174 1761
176 792
346 1557
1518 878
1226 1305
691 820
118 877
828 1488
1424 1146
1302 34
916 42
1085 1706
481 201
381 346
873 943
1453 1636
1221 455
45 954
602 289
528 1200
804 961
583 1618
674 1393
1369 785
1111 880
1448 333
1436 271
1061 1062
44 1427
859 1222
1754 653
1272 409
301 72
1380 769
735 728
1224 1034
48 1076
1072 1102
335 1577
1016 1033
1156 1451
848 463
366 1215
629 1217
1688 611
49 1165
447 1572
1783 1078
1506 1369
1205 174
1153 754
364 288
47 1751
50 1778
189 365
562 531
1489 906
1769 1255
905 504
1034 750
51 25
1459 1432
92 160
406 1079
53 542
1741 1182
383 1505
1470 1515
52 1312
997 621
550 888
559 1005
1458 1288
531 429
715 938
385 1555
1300 1459
489 819
830 12
1384 829
1032 684
988 662
973 676
1313 523
122 469
54 309
837 0
743 821
1109 1241
1540 1297
538 506
55 1201
56 794
388 870
732 1360
968 698
456 1417
1341 43
705 1683
57 467
867 881
1761 1658
1200 1458
319 359
1716 514
282 631
203 382
1335 879
1660 865
70 546
1273 1160
1150 1424
1701 35
180 1396
431 438
923 489
464 418
1592 1097
1275 949
1762 58
59 497
60 652
858 338
924 839
61 622
1286 1694
1672 582
813 708
903 1546
309 85
62 965
239 31
1235 646
829 14
817 316
496 1699
144 900
63 237
250 1044
1751 1314
217 654
1777 315
487 824
1682 921
812 737
137 947
340 1595
1139 683
64 351
336 19
1155 1765
1586 1162
1246 259
486 88
568 252
824 1028
1402 1161
199 887
281 1384
1666 428
65 1684
66 1562
479 244
1698 161
1301 569
67 831
198 1580
770 1063
904 884
339 574
332 777
68 866
589 1082
127 6
899 1166
1709 1352
676 1491
69 265
654 1213
310 940
675 890
525 392
1387 832
1781 1532
952 786
160 475
77 1581
1789 1298
272 1067
678 540
703 1511
241 1303
1474 325
284 1501
1491 1498
961 1010
71 563
72 694
990 722
1390 432
134 1610
1025 1742
1618 419
1094 1614
1669 655
108 1566
261 731
1105 1134
1005 1108
73 855
74 1440
1534 194
1074 493
704 1210
802 1704
591 761
1613 1571
886 212
976 852
75 925
1236 891
273 1651
275 744
305 1714
306 1158
1256 1054
404 1762
533 628
600 1100
78 1715
269 1695
1519 804
844 298
555 1219
1636 718
1168 643
270 1736
587 985
1006 1309
1759 1643
103 1586
80 1357
454 836
821 1061
683 75
380 659
1140 1482
1665 223
1118 456
79 47
889 169
1125 1351
1015 62
81 165
412 1608
996 388
82 689
83 167
1264 405
1449 719
981 1073
84 486
727 82
247 296
1520 1185
544 553
440 59
1166 581
730 845
1079 1137
85 1773
86 55
125 228
140 1049
1253 1783
687 811
191 822
1766 427
913 1711
363 1478
513 686
1670 1637
224 1266
328 484
1163 658
864 793
1261 663
714 156
483 623
472 485
1764 980
245 1272
419 1050
295 755
1018 184
767 353
991 357
89 776
259 990
631 596
1330 1009
1054 1654
953 166
910 966
532 1518
87 488
91 1611
457 1280
1724 901
1247 759
980 1151
1331 1749
712 278
967 1551
488 1547
551 440
604 334
355 446
1620 1404
971 287
593 63
942 1657
93 892
342 1665
1228 1017
1528 787
129 1523
94 1719
713 1479
370 1231
664 841
989 535
95 1014
1283 1207
946 1358
754 1629
850 520
1237 1787
547 337
611 1249
1464 196
96 452
97 727
1738 495
1562 1199
1431 302
1132 1366
1216 250
1031 1285
1473 97
1238 1356
1133 60
1284 1242
99 276
314 113
266 270
972 635
1418 1341
941 1544
1223 613
1076 570
1407 515
1110 1209
130 207
400 498
1194 1602
297 696
615 231
263 861
1610 370
1746 187
1594 1114
165 1506
100 1425
101 24
102 568
209 1509
933 284
761 1391
1691 491
554 1445
1324 874
1063 26
788 162
499 1106
1524 1619
706 678
1780 241
104 1561
786 465
620 151
1303 917
212 1271
256 801
1157 303
276 1583
1097 251
105 17
1209 933
785 1517
107 528
1343 823
1210 1333
872 1069
1318 749
667 825
1397 1605
1323 1641
758 626
188 479
1048 699
1614 989
1478 371
109 1277
922 1599
1185 1370
648 986
1556 490
110 453
111 736
1584 543
1203 145
609 239
215 529
792 904
112 1031
1460 1528
231 38
438 1462
320 590
113 266
226 1057
1475 1705
1364 730
1509 648
114 1043
560 576
501 1701
810 65
1376 1377
800 127
1277 430
1394 394
278 948
1521 984
162 833
465 1533
1773 1686
1295 320
159 1336
1359 191
1279 647
752 854
1750 1003
579 144
449 1615
1028 527
1092 1638
1733 1
119 1279
382 1519
1064 1111
1351 1732
460 1253
120 263
459 182
1100 693
121 267
814 1744
1444 1685
1427 1068
906 473
1116 507
695 575
1344 599
1202 92
123 1110
877 273
625 177
1151 434
1362 1574
665 7
1057 1310
938 1645
1382 666
1204 431
670 850
1036 218
1276 1777
1485 1448
762 977
943 399
1024 660
1241 860
793 1020
257 280
994 1086
128 1760
1487 1278
783 159
1644 1745
154 119
274 1140
403 163
405 1349
606 1416
1454 1604
1728 815
1196 380
506 539
466 1376
1144 1594
490 724
1392 1025
556 230
778 1307
1127 1494
1771 46
1450 175
627 1560
1011 1148
132 735
659 1747
1311 608
135 1426
138 210
505 1337
885 1601
580 1499
480 1486
1183 1103
1731 449
1188 1389
369 1186
136 1016
379 1115
1755 401
1393 1590
1727 768
1624 1347
1772 607
896 297
1580 1083
619 1621
545 905
1044 580
549 1726
1287 1656
1704 895
1508 566
1146 1092
142 183
302 760
1173 1666
1358 1461
751 454
851 763
143 49
649 100
1206 1443
1225 1596
1391 1633
427 734
146 1275
1329 1688
416 935
1713 1664
147 1365
248 306
1114 1457
716 1294
1628 238
1047 1308
1010 1423
771 1407
1315 234
429 1632
471 803
1546 1409
1577 442
1373 533
149 983
150 967
516 1388
929 1343
221 1029
1601 1335
151 461
1056 1698
1004 481
152 20
1141 812
612 124
720 417
1421 16
1705 1252
1408 8
1430 695
1560 1170
724 756
1663 1318
1035 1293
1747 1774
605 260
1484 1592
1134 516
1647 1616
1368 503
1535 363
944 711
503 1131
1745 950
1229 1477
1529 104
671 790
685 827
878 1703
1710 959
963 996
158 1015
1268 783
371 1276
863 1495
325 420
1462 1153
1039 544
1145 1785
739 1617
1165 847
1317 1717
1625 1107
345 411
331 1138
313 816
407 1530
947 1364
161 1727
242 525
163 448
1233 140
433 1540
164 1401
1058 305
1515 559
1502 1065
1752 329
458 522
1207 1320
473 1072
1631 135
166 807
167 1036
258 1757
862 1105
1555 1235
1684 1164
782 2
1327 1435
1190 1411
169 1780
1439 433
255 1291
970 5
1158 957
1668 1359
882 44
170 197
443 1729
1649 222
1361 1493
171 1321
1195 955
527 1525
643 918
1706 1414
172 1444
1543 13
1539 1355
918 391
742 1413
519 672
173 143
174 61
1494 1037
290 869
421 1095
1371 208
1007 51
1027 1450
768 752
1623 1019
358 1250
694 685
610 1460
820 91
979 714
1446 818
208 1731
177 179
179 914
1258 1570
1045 1345
441 771
485 1465
1490 813
181 1552
207 746
1551 1268
401 1647
1653 1281
983 48
543 258
195 1260
1572 1487
232 781
1451 87
183 551
1219 751
749 975
584 530
184 705
887 538
1640 445
632 341
1340 192
182 403
185 1569
779 330
1463 214
1167 487
1217 1223
1567 1046
229 416
795 1452
450 171
1461 1795
187 229
637 1797
1422 447
571 1497
190 665
1452 629
1650 1070
1240 168
1662 358
235 602
1664 598
192 138
826 1047
214 1627
819 1536
193 915
233 1194
657 929
917 1587
843 1504
194 1055
1414 350
1026 716
1590 1735
966 236
1334 342
1170 644
1213 610
236 1218
316 1514
469 450
197 712
1332 577
978 969
534 1287
196 1712
540 1421
445 765
1377 1754
934 373
1517 1179
349 1381
500 10
200 1344
201 1261
360 295
1280 1730
1192 885
852 1181
1550 423
1104 1455
1208 907
775 1038
294 758
1095 1394
1161 283
995 584
1651 814
641 1464
202 1313
204 1522
1782 68
205 1306
324 998
206 606
700 700
927 799
954 802
392 1168
303 1300
1227 1550
1468 701
451 1244
428 1030
1736 541
1349 45
399 605
211 945
1504 997
594 1093
796 1197
1443 1690
213 115
1760 1670
621 1575
1442 1322
566 1576
1322 873
1333 1167
871 261
518 106
1609 117
1148 336
216 587
1770 604
219 1239
312 1382
362 1372
1383 1790
218 1743
220 1290
898 764
1211 1378
563 1791
1316 153
1086 125
455 1466
409 1116
1566 614
292 534
222 863
984 591
223 1135
444 508
726 526
397 601
636 889
463 36
389 323
911 796
225 253
1090 400
955 390
1690 1740
1445 1626
347 1264
1593 57
1263 367
227 844
228 1233
1081 549
1080 1660
526 677
1103 1447
1049 944
453 436
230 773
909 843
816 1588
1768 1737
993 859
1734 1767
1191 1273
1689 1398
1695 232
384 536
262 897
1510 579
1700 1526
468 963
234 789
1635 114
1278 1040
847 1032
1721 738
707 1152
673 136
856 1084
1479 441
1353 778
883 1538
1513 1410
1243 1323
1718 317
1429 837
352 862
999 352
271 1406
1687 594
875 1052
240 690
697 362
1619 609
1041 1584
243 1282
1180 209
1694 1593
1214 1325
495 999
1726 188
1291 920
1082 1354
1091 924
1785 1392
246 477
1088 23
1604 1468
426 784
1282 74
1423 1405
1178 354
1159 1472
1639 1668
634 1259
1309 668
523 810
299 170
251 1125
1055 374
1360 817
1164 332
504 1172
1184 774
1305 715
252 732
253 1799
840 1798
1498 1713
888 923
1267 1639
1735 301
1232 141
1674 1720
578 1766
1765 492
1467 1492
945 240
548 1059
1218 634
1120 1204
588 1559
663 883
321 1794
1050 1371
1419 129
1441 444
1199 1631
1589 476
746 1591
1533 1428
930 70
304 387
736 155
869 586
1788 269
1637 1415
1787 256
265 707
1748 868
1606 319
279 532
639 66
628 1710
1130 809
268 618
520 627
1398 1709
717 1474
1702 893
1607 552
1288 264
1612 369
318 681
1737 1263
1101 1380
1671 1642
642 1004
1379 567
835 255
985 1180
1501 1367
1381 1339
1193 1508
1137 1653
1298 482
719 1677
277 157
638 1395
1345 173
1486 134
1138 328
1585 158
1033 381
1767 312
280 466
317 1764
435 992
650 1386
794 1350
652 960
1123 281
283 462
781 1753
376 798
656 137
395 422
1648 133
285 1143
1053 233
692 1489
745 247
425 1198
1262 28
1457 468
1525 882
787 1149
974 272
1239 616
750 216
289 1022
1037 995
1212 324
926 741
998 978
617 413
1367 1733
1404 675
1304 32
293 679
1325 1700
932 81
1591 1579
825 410
1749 1121
645 254
298 9
728 633
1447 512
434 1748
300 471
1023 597
753 344
1677 624
1435 248
1008 425
1492 1480
1119 1302
1198 326
884 1678
1297 120
766 1156
1020 1624
308 105
1370 667
630 557
962 1659
1143 1316
710 638
307 56
1354 762
1242 443
1093 1301
1319 1139
311 412
992 213
1553 962
666 1673
597 1674
511 1788
756 922
823 1439
341 1776
1257 1202
1162 930
1558 1295
842 671
1656 521
740 343
1678 766
757 1469
668 1693
879 1064
827 1476
1415 1475
1626 474
677 991
1495 1024
322 1284
323 592
880 294
868 1173
1611 349
1725 864
987 932
1075 93
1388 896
1568 327
1062 692
1186 1682
1059 1042
1413 721
353 268
1730 1565
327 1269
1154 313
462 565
1763 1564
1000 1779
330 1507
333 1058
1634 1573
956 1481
334 204
1693 642
378 1607
422 41
1409 321
1099 398
1021 377
1617 545
1497 1430
1252 1521
698 688
616 1531
686 1768
1564 1039
845 1123
928 318
343 277
344 1127
1338 753
1281 858
413 1446
1602 1556
1633 1585
1400 1150
760 1567
1326 1484
348 1449
498 1471
351 1408
436 1265
725 1133
350 830
354 1002
1712 909
1117 1513
356 1680
965 1724
1471 1379
357 951
1012 152
1559 934
470 1681
733 894
359 1018
530 1708
1126 386
361 242
1483 1770
773 86
475 703
1385 219
1597 1027
1646 1227
1536 931
772 1524
367 1746
368 90
1265 98
866 130
1679 1723
919 791
373 470
1182 360
1181 1159
939 1503
375 952
1565 300
1347 1214
618 1155
1220 547
1658 772
1681 1077
420 1537
755 275
1254 1363
1328 1758
1346 1792
849 946
1708 726
386 203
959 286
1655 3
1779 335
818 775
390 205
1744 322
448 345
1030 451
798 713
393 968
394 636
635 1145
575 164
557 103
1121 385
424 1098
1673 379
876 840
396 1190
398 849
590 555
1425 556
1530 558
576 661
446 834
623 651
402 939
1469 472
1312 1603
1308 84
777 1625
765 1612
915 994
478 193
1632 1759
696 499
1503 73
662 1667
1002 1353
410 1088
477 747
497 128
411 1237
1363 101
1395 1361
1645 1315
1378 1676
415 40
417 1026
418 1620
682 1734
1348 903
815 1662
1576 973
439 122
1271 1473
1356 211
1084 146
1696 1132
423 361
841 1485
1440 936
1784 740
509 1437
1455 30
553 561
432 458
901 770
1438 37
1786 632
494 835
1270 1390
711 1520
1481 1558
1230 867
769 645
546 637
1642 274
1293 875
507 1697
1089 1675
1420 33
542 1128
1389 340
1428 1048
607 669
722 805
1285 1119
1523 1234
1019 123
537 1755
1541 200
1147 1470
452 656
493 279
1600 1117
1107 1324
1743 1211
1605 110
1654 1650
1411 1589
529 1157
1638 355
1545 1769
1417 384
1456 550
1599 1752
599 1418
669 1663
1396 1463
1357 1553
738 69
1627 509
1339 1258
1774 1075
467 460
569 1226
897 1438
920 615
1522 77
1516 1772
474 1436
1532 1246
476 588
1077 1789
1512 1691
482 958
613 1502
484 1669
791 982
680 1597
1299 971
1003 1640
1412 1375
491 1118
492 226
908 1236
1697 1541
535 1543
958 953
803 872
957 1718
1250 748
595 457
1758 314
502 857
860 1702
1043 257
1552 1090
1740 131
890 1582
1017 404
508 593
1561 1613
1255 1655
949 1399
510 745
1365 1196
1171 1220
514 505
515 1496
948 1696
1149 554
517 1348
1570 108
521 292
522 89
1051 902
854 603
1108 1383
684 1598
1399 1606
567 1793
723 1169
1115 439
1686 148
1122 1490
1172 1728
822 1317
1320 478
1657 339
865 1338
931 1256
536 80
1386 1071
1292 1257
1683 1099
1511 199
1201 243
573 372
570 1240
729 1329
764 52
1013 1144
689 383
552 1136
1374 415
574 1195
774 149
1070 1340
651 348
558 919
807 1254
1675 630
744 1342
1621 848
564 511
585 1221
1189 1630
836 911
577 1191
701 282
581 564
1573 1066
1029 1006
1266 1225
582 640
1757 912
1544 573
1416 1229
1001 733
790 142
789 1163
592 1781
596 27
902 304
681 407
598 1074
1676 1192
601 225
1775 916
806 828
603 1671
801 1334
1040 1644
1680 1262
614 1796
1723 1000
1437 682
907 1122
1067 976
1113 1397
1596 937
1336 220
1582 981
1465 743
626 871
960 710
1175 421
977 1661
1482 1230
1699 402
1022 687
805 307
679 310
646 224
895 800
748 1634
1128 1120
1549 1330
1187 1243
1259 979
661 1716
1538 650
1548 1174
1598 496
1480 459
1244 426
1514 464
1372 1403
763 595
1231 1274
688 139
935 1402
1557 826
718 617
734 78
1260 291
1707 1707
1569 356
832 1628
1052 1679
1778 1056
1060 942
721 150
834 1433
1355 1113
891 1283
1234 1224
892 1646
1472 1368
1083 729
1405 1722
784 956
1274 578
855 1286
912 1756
1507 1687
808 1267
1574 79
811 1516
809 96
1526 1739
1245 1248
1071 54
833 4
838 71
839 898
925 639
874 99
1477 67
1434 1648
1488 1141
969 1725
1342 1385
1531 1622
1176 1500
1588 1007
986 1456
1375 853
1087 1578
1177 788
1042 21
1714 18
1046 808
1352 717
1685 680
1251 673
1433 1129
1289 510
1692 1104
1222 1245
1314 1080
1739 842
1720 1400
1403 1021
1537 1270
