1138 1389
850 1427
1705 1267
952 1771
563 383
1111 972
1793 157
1031 223
1586 1153
629 593
112 1760
96 1137
491 846
804 1668
580 364
203 1384
591 1155
1092 720
966 77
38 243
612 57
806 1645
414 548
274 332
787 765
807 1682
673 386
649 863
1767 959
519 165
1755 136
168 524
1765 1200
1412 1331
120 1142
18 475
976 1563
1282 550
981 74
1347 137
1478 1073
1257 420
1193 140
1582 1564
143 1183
120 557
121 1172
1455 862
663 1423
1695 1111
1638 1037
997 1476
743 1559
678 957
478 515
607 1525
930 450
1433 1531
1728 1645
78 679
1397 1570
5 1457
769 955
719 796
302 337
762 1734
1054 1409
1799 1444
436 745
356 688
1533 138
1768 892
478 1658
371 1025
1796 507
781 1507
180 1656
1012 1433
742 685
1113 45
1432 1087
1397 1157
388 592
554 1396
1711 1371
1533 196
511 1180
83 155
1361 603
837 1467
1633 1297
225 312
1567 16
190 1733
673 634
903 1203
1082 891
1450 1453
1010 151
1005 406
1682 1602
1485 987
402 1717
194 1537
844 307
1473 1284
52 1093
1373 241
925 148
1432 785
932 1119
809 1542
823 661
1677 1307
1552 771
1595 1688
1687 585
1540 1699
913 281
13 1195
1795 921
949 1146
1021 310
132 1368
823 485
655 1445
1617 1724
1311 1718
190 1432
948 198
1763 1517
479 172
122 861
1152 580
516 1236
521 461
1572 1759
1360 652
1046 549
1213 1515
136 942
1648 896
1781 267
1266 476
766 59
959 1294
312 822
573 259
584 1544
1283 1289
1571 146
850 437
1685 1489
1601 1118
963 681
1482 868
230 47
1704 68
722 902
1237 920
579 1530
775 243
1281 0
844 434
1580 943
569 1602
1639 496
1656 1561
1305 182
651 1270
447 1776
750 1466
669 1226
614 153
695 1254
1056 1024
4 370
934 322
347 1048
346 1196
1067 1060
1041 1040
1643 1574
954 1621
544 212
1031 1070
1088 1351
799 279
911 13
1123 159
35 233
1743 1404
1404 1469
1216 1085
1063 289
1282 85
479 199
1664 875
384 965
1060 186
743 139
256 1308
682 1310
473 56
658 566
802 754
101 1398
813 705
394 54
481 791
420 842
1161 398
1241 1347
54 1730
224 1645
1162 1275
1281 117
234 1588
1436 42
0 1388
766 1328
1505 100
163 1524
1196 553
606 348
1661 817
1731 898
190 830
167 786
1672 1284
133 319
225 557
465 703
208 1118
941 1458
688 915
1453 1215
1257 730
492 910
792 1355
800 310
36 1700
112 748
726 565
1573 827
1435 1450
1548 444
1009 332
868 1736
1772 531
1701 1358
1028 194
1332 1242
1407 48
1578 760
15 1125
1169 175
93 530
188 1417
840 622
641 340
279 337
787 486
632 896
1580 425
1585 537
1448 32
1511 1450
629 1010
972 23
722 8
992 1121
195 383
1418 1705
1478 1171
966 995
1476 878
1268 1608
843 263
1558 550
105 442
792 1256
939 1213
815 1457
697 1056
1746 1296
288 165
814 462
799 433
576 626
1138 835
1550 1006
1637 1126
999 940
452 57
1443 1094
535 343
725 549
1277 266
728 564
1728 263
1395 1492
1178 67
42 31
806 224
12 1577
1247 656
122 135
1024 546
1565 47
1734 450
676 1620
1135 1655
1467 99
1593 273
395 1233
1570 634
1363 1688
301 1753
1588 435
1722 947
1137 614
1316 195
931 1439
25 128
36 1014
394 25
1799 1125
426 1138
641 93
1621 332
230 485
854 104
1390 1473
319 1074
648 1653
164 11
1619 1376
799 681
1139 317
957 382
268 110
420 194
194 399
461 1626
270 1640
178 1708
18 168
1380 1412
1031 299
1790 438
460 892
297 702
1024 536
431 200
988 1163
1076 1579
829 379
1014 1160
975 1149
1590 1080
648 202
248 1513
729 118
839 1437
797 591
270 1598
1101 1667
124 1392
522 1685
1573 1228
1139 1635
860 67
1613 1516
1320 236
605 1646
917 463
514 550
972 356
327 302
1677 853
1484 1539
1129 1673
1505 114
139 798
1099 512
1211 1449
1460 1121
1247 1514
901 635
1142 1334
1707 1621
1632 1544
425 1549
969 1784
134 1319
963 1486
1300 933
172 488
490 557
1634 1672
861 95
1035 418
452 1019
1088 806
475 524
1387 348
196 1710
948 1019
699 19
439 849
341 1579
1200 41
1151 99
1689 1378
532 1384
1113 257
848 374
789 729
41 326
609 645
1332 263
486 885
1707 223
104 1036
722 720
777 148
167 348
1311 874
185 277
401 91
555 896
814 1736
244 341
1120 543
1251 727
445 755
295 382
325 12
1091 1641
631 700
21 470
1171 1312
950 9
387 1636
950 44
1621 797
1447 770
1766 1729
806 943
1169 1521
435 1412
743 1358
1561 93
1469 122
1171 348
952 469
1298 1163
961 973
1176 416
1754 1628
138 1015
1632 1283
566 1178
1690 605
879 1431
656 81
552 305
1700 668
817 411
1743 1660
1028 420
1495 666
702 228
1635 346
1238 1121
955 290
1222 1778
445 1194
270 1337
1671 1272
752 1654
1767 413
1737 808
61 1673
1484 1751
948 429
784 1033
754 1484
621 1036
442 371
870 1301
1708 435
353 314
165 1528
1268 18
1619 1412
1101 641
1140 1534
614 1499
1353 1248
445 929
356 410
1632 1410
1475 98
1050 370
1063 775
1561 757
359 1524
1234 1014
447 1554
719 752
475 70
979 717
982 799
784 1023
1052 1674
1733 934
1482 1690
610 1036
577 226
965 1267
1740 316
202 1062
1304 194
1694 1630
285 24
1349 843
558 942
612 1173
973 376
751 327
50 205
78 766
1553 1608
476 1148
7 1093
614 1451
909 1089
474 1701
991 532
486 1122
1433 1054
661 914
1111 356
77 1301
1210 1763
1168 1638
1425 455
1254 1393
846 1726
1159 493
530 1268
272 1306
277 848
813 1419
1550 1124
1157 1792
1015 1713
114 1518
1594 666
1402 1681
692 1135
302 1755
1670 1524
1209 105
1315 1547
348 74
338 665
813 1403
447 1467
139 1557
647 1484
1478 339
694 241
194 1288
201 235
1277 983
873 322
730 546
162 1469
770 1471
1319 452
1173 329
1344 765
1187 563
501 350
1751 320
1552 1174
395 349
456 309
805 669
339 248
1061 1219
1791 1128
1292 392
85 214
528 1146
1562 322
293 53
1548 763
653 1455
55 1073
737 782
1628 311
1354 125
580 227
1370 1648
488 597
675 1261
787 565
162 358
655 1455
1110 369
442 53
1060 123
454 143
873 1063
924 1067
1663 1701
295 24
1632 1152
1651 1178
1623 1389
8 525
1192 1290
372 1710
1497 164
1270 353
1540 1174
977 579
252 1373
1449 964
260 532
495 1291
706 1404
1371 763
272 250
1506 447
337 1329
66 24
72 1198
206 69
1249 39
1754 637
359 921
831 941
1105 20
229 642
1064 496
1374 1735
656 214
907 855
1725 268
1372 997
436 1385
1744 681
124 1555
524 166
1407 51
1227 241
1051 1714
1005 1047
1624 689
111 1462
1486 1146
621 1570
977 712
1474 1593
300 91
1010 1339
194 1401
547 348
1158 1590
491 216
1259 1315
1585 887
611 661
261 876
368 450
244 603
87 405
1289 373
1004 334
914 341
1278 22
1725 867
1238 1719
657 1478
1369 545
1551 727
1252 289
960 162
101 624
1251 122
795 238
410 1060
1027 655
420 974
744 1613
1728 817
1697 847
670 1318
780 462
1571 1093
906 1796
1390 1060
149 1719
722 485
1422 1608
227 75
878 1333
1001 202
522 59
1319 1528
1443 1446
35 1208
1396 1494
994 825
454 21
236 1043
1543 62
630 1295
602 139
1552 1529
406 1555
1575 1713
1187 1034
291 1499
1595 312
119 149
1351 695
751 180
1724 1606
821 484
797 1700
261 907
1396 243
1540 1647
697 452
120 395
589 1702
85 1269
545 1078
1776 99
472 987
1010 1784
346 538
478 874
1528 1460
684 1683
1202 1336
1351 1116
713 204
461 1602
1065 227
97 894
63 1601
613 222
30 1705
577 1381
1305 1010
637 1206
1649 1185
1153 525
447 1151
478 244
1346 0
1376 49
919 633
638 248
187 962
1127 59
836 573
1223 162
1705 1168
632 709
946 1799
1239 949
121 1070
1367 1408
1127 1063
1658 1749
702 1268
1038 1365
418 476
309 1363
1073 248
196 1010
345 1247
441 10
1305 1438
1250 631
1562 1283
800 313
317 710
621 1128
826 1768
982 792
287 75
674 1495
1190 343
845 145
414 1486
1315 124
1654 473
233 834
704 1218
877 1137
1356 1075
953 421
836 1719
1573 481
1275 1541
1741 454
1094 1431
557 1273
112 1137
1671 151
219 675
1181 1078
495 115
1145 647
1321 76
142 160
1209 1129
882 1588
521 1536
1501 349
154 130
1108 1048
22 1640
391 452
1062 310
1558 98
888 778
439 417
297 938
1766 1511
851 463
1601 1671
829 110
480 879
1408 1304
645 670
1568 1354
503 44
1611 411
749 1284
559 1116
742 1521
685 782
1236 57
688 1060
1759 387
304 1346
50 736
1105 1121
1201 587
535 637
1363 891
53 1532
1729 1507
1326 1154
1726 997
1392 591
1191 688
937 488
950 306
435 1289
1696 457
1701 965
79 62
1322 1296
134 1681
48 1002
1629 1477
175 1382
1754 1741
1787 436
945 454
1182 1439
1554 5
1585 64
1657 697
1353 1466
316 1324
1046 1147
1220 1735
1434 870
454 894
1475 1738
1686 1025
698 641
967 1238
348 664
22 888
1491 937
511 803
647 1205
593 1248
443 882
1230 1242
1770 612
313 39
1571 116
427 323
1403 468
559 1706
937 1105
503 703
1243 603
1567 419
331 1353
96 614
39 1418
729 1665
732 221
138 721
1022 1431
415 713
337 236
670 1345
504 992
709 1507
1017 1564
360 550
1208 1152
783 590
1699 1529
1074 1000
0 618
643 941
1283 761
648 786
665 1777
194 842
448 205
335 218
1769 1659
1544 1510
970 1204
716 1324
1435 403
995 775
1728 589
1718 760
1061 567
1510 1534
801 795
1500 628
909 1157
1119 1009
543 1140
326 1010
1682 327
265 555
573 306
1232 1124
1285 725
1784 1545
1459 1562
425 1353
1423 508
1681 1483
155 1291
786 1110
1441 706
789 133
706 1782
78 876
1009 505
554 166
701 1197
204 931
327 562
1761 451
1212 1599
815 720
966 9
1748 553
595 1291
135 861
390 1300
114 41
1275 448
928 27
1273 890
316 410
1614 854
434 1052
1080 1620
767 622
1228 507
1197 867
542 633
978 1061
1771 812
527 1090
1763 612
1193 1466
256 1539
423 1148
810 1561
1745 283
501 1521
394 1239
1326 1076
1613 1795
693 593
1162 265
189 676
1548 1718
330 1386
183 1198
1774 1563
252 1668
483 1290
1518 37
945 839
83 934
1495 1706
557 973
1532 781
1652 1313
529 58
1299 1079
117 1464
825 137
651 469
375 266
11 70
626 1359
446 1197
1514 411
534 1398
1499 1051
1726 1722
378 1016
835 1502
869 132
1121 1459
691 563
1328 850
864 1622
880 1649
1639 1452
727 237
648 1700
177 228
72 473
497 789
1080 1215
1177 768
1488 1433
656 643
1241 1590
46 266
1506 1276
1176 1725
1222 480
73 1632
1487 738
1013 520
67 1428
1185 1223
1686 223
912 276
810 415
1624 1324
225 438
1773 321
953 293
837 1696
239 1550
100 1005
1260 1484
1374 174
84 1773
1699 1072
344 752
984 680
364 1549
1558 1475
1498 1476
101 1070
81 1052
40 299
1018 325
1707 839
1746 1273
864 801
300 1726
775 894
1000 1106
1569 174
1199 290
1126 561
285 1639
618 331
754 890
1501 1305
769 126
1063 1489
395 43
734 885
1664 1260
1194 1644
1162 482
690 1292
1221 156
1466 277
626 1485
918 843
893 133
1762 549
1087 282
1591 1442
396 720
855 49
602 101
97 797
1037 572
1732 1281
765 482
1219 1188
324 166
1132 1399
1650 297
478 1382
961 138
137 819
1732 816
424 1357
343 500
268 1425
1048 1229
304 748
1176 758
1165 252
1260 794
1007 158
1587 970
630 1799
502 1198
875 719
1423 852
360 1181
600 7
1043 1056
1167 1438
395 1596
1554 648
666 329
1761 845
862 165
278 1154
804 1364
223 1118
628 1030
1453 1514
1033 1060
593 464
920 1678
774 1293
655 939
947 625
1668 1317
331 1609
1774 231
1038 1629
174 365
497 1641
211 470
1626 1246
1280 1395
909 621
787 1747
395 773
1440 288
656 662
1153 1135
680 1486
116 285
656 575
187 174
1768 256
938 1178
1118 751
1002 343
1512 534
795 544
997 1578
260 839
1668 1227
837 856
297 67
895 973
1256 417
1730 928
1109 115
1376 819
718 1498
1325 1513
1653 1640
1461 1343
1475 834
1180 1677
1796 1084
758 683
1460 546
364 1723
596 1747
310 1520
28 710
1034 499
1754 406
1582 509
1417 482
1280 1031
1163 1171
493 915
220 732
968 1078
1187 712
1195 837
1488 446
796 173
414 653
1422 740
895 1538
1275 205
1161 142
121 745
1660 805
1286 944
581 1657
492 1237
487 73
1011 869
593 1336
1379 1612
287 1669
115 846
395 310
1727 639
1265 759
956 483
1181 550
1495 143
767 1768
673 601
1106 701
18 1276
998 1045
552 472
1287 1445
252 1601
1517 1417
728 1774
1455 717
1418 1075
403 362
1644 1030
1013 1212
441 945
72 1656
917 465
1759 1249
36 549
295 162
1699 94
56 1422
815 447
574 1440
1118 93
746 515
1688 999
605 667
707 993
419 1307
1037 1093
265 639
1453 1432
1535 727
1574 380
1486 362
641 779
1739 709
174 1095
518 1775
190 1558
1588 661
929 242
1730 621
787 323
1039 1713
790 1274
1379 11
690 132
176 861
272 1626
1300 1086
842 220
1082 516
330 205
1119 239
905 1378
283 1590
270 130
1377 931
460 130
1119 497
486 539
1247 575
217 23
532 1286
997 1510
744 754
6 217
777 302
1045 398
1036 1085
1727 1481
1326 1411
115 1333
1115 1362
1633 1674
1737 373
823 185
121 1745
1122 864
930 232
1195 422
1354 1240
518 1174
914 717
1762 1781
1164 1363
1302 1007
588 206
1661 1393
6 1060
275 295
696 285
65 1374
1584 1337
877 13
255 1216
1495 433
1153 745
1223 542
1150 586
1250 1783
486 492
625 1595
1341 88
1397 1128
965 516
1138 1248
1652 1193
1432 1456
904 755
1339 322
223 768
535 1073
1040 419
873 1685
97 236
658 1178
1157 1612
118 1705
1720 1516
1507 694
30 118
794 1153
695 280
44 1022
1039 721
530 655
578 1654
1766 1159
1618 1157
1071 1625
53 473
1447 489
1130 1061
270 817
1322 606
1499 393
572 646
1133 1624
1371 1084
1512 1367
353 1462
1171 1073
1580 1101
1574 1352
36 1714
1192 380
11 1465
1188 825
282 942
324 1589
621 1157
774 273
896 308
1772 684
633 246
1511 1435
497 1000
1396 710
1106 418
1173 1245
1495 966
987 589
1744 276
43 756
327 437
1038 903
1783 1386
1253 20
1684 1288
712 284
1666 1219
1487 696
488 1012
1464 677
970 1026
568 360
1495 1310
994 1410
948 633
1235 522
1495 1446
1269 686
1005 326
756 632
649 1066
301 1392
1217 1364
1142 1233
145 527
913 1312
207 116
548 1752
1501 389
937 1538
1336 660
11 334
1073 547
1549 1336
900 139
363 55
573 61
220 343
1025 370
1497 1672
1012 597
1378 840
1672 385
1490 405
1010 969
321 1768
760 1588
409 123
1050 1027
1340 67
602 427
1620 1293
198 374
469 1648
1162 31
591 314
1628 124
1407 1441
1580 1791
1345 661
1100 1099
1023 480
463 856
972 410
447 1221
918 847
688 195
1210 1106
1296 1708
1792 1128
29 360
515 537
1075 1175
314 1185
603 46
882 1002
702 1471
597 90
1094 338
1208 586
347 1108
1684 122
918 1079
978 1453
1413 1476
686 621
8 1490
974 361
536 1593
451 1248
1385 1589
781 241
1518 1047
130 1345
1463 512
21 1345
1675 1126
1011 338
639 1507
1021 1077
442 872
523 113
90 294
810 567
1412 47
111 544
662 470
20 1477
354 244
1231 1541
530 664
719 1016
574 1780
280 470
1264 1788
716 1491
1794 238
1059 1285
421 815
378 527
1233 1038
614 109
345 802
350 882
1124 879
12 1644
1440 1370
830 834
1200 1775
522 546
769 928
594 1747
399 442
6 768
887 1765
886 430
1688 727
1462 962
565 992
1727 123
772 1102
181 1351
607 1512
150 645
1741 1495
329 200
1292 1291
116 1298
935 744
195 71
575 1287
842 399
171 493
669 1039
1437 1426
1419 597
723 540
513 1672
414 1667
871 1184
1373 915
498 1471
1795 1025
1405 295
1357 337
1636 1721
820 1452
386 1474
1534 760
890 891
466 90
1256 865
95 535
1000 1218
833 327
575 1314
770 321
1077 1544
1387 338
1174 367
1664 1237
1091 121
817 1734
1262 362
928 720
276 231
115 1176
1597 1632
1755 128
915 637
571 324
494 346
376 1441
28 1764
932 328
1269 970
692 975
177 542
1780 1346
1339 1688
467 1119
900 694
1083 542
176 1643
346 958
1330 691
328 1559
459 279
1196 109
110 199
562 128
771 787
232 797
1199 684
843 862
377 1594
544 383
110 985
160 1594
1547 159
371 362
459 896
1709 777
102 1410
215 719
26 670
257 421
360 564
1577 504
1499 1037
1176 906
404 536
1567 256
1171 343
1020 873
163 510
771 1440
177 236
588 1785
440 1135
53 1556
390 1244
903 1373
1519 1566
997 1083
997 1515
685 1571
1374 1723
187 316
495 846
1085 560
523 918
932 1129
428 306
1389 1689
531 1176
1331 47
641 877
1731 767
164 1134
388 739
1462 672
164 586
336 1550
1576 28
1583 1450
1140 985
812 1522
681 128
1262 626
764 491
482 1348
495 501
1097 1415
1664 1715
1120 1086
1556 87
822 727
641 733
1349 1308
841 814
483 722
1644 286
1100 1515
732 582
608 1281
29 1181
140 117
1426 1050
530 1739
365 1439
1296 1471
1043 289
930 1053
1314 1409
1451 109
1571 377
657 168
960 1261
1048 497
1131 1681
1427 397
407 1602
1754 982
1155 652
768 1067
259 347
1586 89
1419 1172
553 1355
1082 1576
1781 1208
885 1687
1720 664
382 26
802 330
1678 811
1338 567
1487 1380
1038 723
1353 498
584 378
1496 864
1359 182
1242 432
1453 1646
818 947
1698 1141
858 1435
1480 745
454 210
509 309
735 1769
241 197
489 321
1523 1185
1171 248
1325 462
399 280
1116 399
838 765
64 878
683 1060
1347 1152
1513 1560
1278 1337
688 186
1020 916
1557 1074
1229 442
460 1586
1366 1472
1268 657
1484 127
713 1626
869 440
208 1192
560 1046
706 369
567 1620
321 377
463 316
1187 1213
143 995
1617 175
432 356
740 1147
383 1498
388 557
1451 958
415 290
884 1077
985 372
771 553
886 211
449 295
863 207
659 15
44 868
1496 469
626 389
860 523
668 266
1359 64
548 351
1346 1562
1077 411
1715 138
724 1397
1325 12
55 1513
964 1035
1676 1058
19 293
396 1622
1323 848
805 1799
1098 1251
1014 136
275 1390
743 955
1483 1514
859 1097
177 1614
1388 1127
1716 1397
9 900
1035 252
1343 1377
1705 1619
325 1623
1305 64
218 936
844 1520
1064 1164
1696 597
1545 308
9 1558
987 1728
1758 989
196 692
1706 107
465 910
480 1550
414 1689
490 1557
1081 346
1095 1639
209 951
1238 347
1303 659
906 1140
456 703
431 438
253 1779
1079 1110
72 1574
993 1375
231 900
1481 210
250 85
1265 1085
1099 1340
1193 209
1482 186
994 1128
79 1176
453 964
742 269
1558 393
1071 8
30 1180
314 1365
575 1603
521 188
1611 570
1485 1453
1411 1715
1103 1371
28 1379
1798 1412
245 786
92 1418
846 1166
291 1143
369 1251
432 1528
1136 1497
112 76
1282 34
1693 651
1331 660
405 820
1266 1497
1730 1193
1538 619
1765 1611
612 387
243 645
37 1090
219 618
1727 901
841 1675
241 411
1694 1068
1652 924
1571 940
380 1352
377 160
1292 1409
1246 898
1201 759
235 1772
385 365
1113 1465
856 606
163 1786
604 152
888 1564
1575 1653
791 175
1553 91
1169 1617
1406 1073
952 355
1042 1153
272 1370
1170 925
1207 1560
1088 1365
1515 775
1662 1299
701 311
1397 1791
583 792
33 289
29 818
1768 784
348 637
905 1441
1540 1600
1267 904
1547 907
115 1622
1371 1075
876 850
613 920
1551 1346
386 106
911 1668
960 675
1252 1230
1192 1338
992 1234
868 1590
1203 144
1521 1531
742 162
1751 985
631 1739
908 89
1072 272
345 1533
1759 524
912 861
695 2
283 859
1402 73
1370 408
918 1785
29 508
789 749
1502 1215
1209 1334
262 1722
1592 376
588 494
1386 1586
1350 1039
443 1050
1505 428
74 1560
1342 575
576 844
763 1430
363 214
1748 344
1652 257
1533 1342
1749 1716
1608 560
75 1293
569 1327
1160 685
1396 292
1339 948
575 1344
1570 1138
1184 674
599 1312
1768 825
1098 142
278 1665
138 642
167 615
965 1642
926 1683
931 961
271 1322
780 1393
243 482
511 320
173 1703
1748 599
851 665
708 941
417 813
1792 1616
851 1097
964 1078
616 1100
1109 1073
735 1659
1078 550
1406 1772
1399 147
1748 1017
182 773
1031 1115
541 794
668 376
1162 626
87 398
1712 1280
705 1341
1738 171
1786 939
854 1413
779 473
1076 1715
1639 670
1553 1074
931 97
107 1493
1482 1356
1301 726
1389 1577
962 148
659 71
214 381
60 366
1487 190
423 1602
88 152
1278 534
1739 1584
571 707
1546 588
1340 1300
718 1148
1297 606
939 1709
788 839
942 821
1072 1006
316 204
552 1652
1255 950
201 1538
191 535
985 1271
968 1577
1227 628
1774 328
131 675
425 1590
1058 1571
1418 1316
1552 518
1270 828
1076 1088
1610 877
907 1068
1388 1745
1429 1612
1096 405
194 1229
774 1593
97 1230
1710 158
246 568
1244 7
1038 1203
1541 402
1787 789
700 1709
124 768
529 446
1771 427
469 1023
242 881
176 1574
483 8
560 740
1529 672
1073 343
500 664
293 824
962 1137
111 1362
941 156
480 810
239 789
916 1322
1554 245
541 1120
1663 474
418 1791
832 942
575 364
253 781
1769 476
1399 751
1241 336
1351 842
524 81
136 339
1324 589
1403 582
952 565
1617 899
128 126
1346 748
924 1432
95 1073
533 716
1769 357
1369 1318
1790 861
933 263
1310 882
1545 386
44 1690
1722 1582
929 401
337 1043
1146 1211
1645 1226
254 344
511 451
1551 266
1281 1199
1570 687
539 66
1302 620
255 1300
1440 1713
1732 1203
704 685
994 716
25 1239
265 21
1210 1165
239 1721
836 1374
1546 64
727 832
184 115
512 1300
759 36
1300 1196
286 1703
615 1094
323 353
969 404
1778 1411
620 1056
12 1689
1446 99
1746 1322
1409 6
93 760
1765 100
1434 1775
36 1175
513 629
1410 1438
1746 606
1151 532
413 138
992 839
1266 1634
938 1609
1712 1421
1779 1207
1427 1121
1643 348
27 1481
683 688
519 1413
842 1401
860 1546
311 1276
449 1778
292 809
1352 1410
628 337
95 827
1249 1700
54 1067
1308 1100
634 687
272 851
696 1432
408 1093
343 672
1150 170
335 874
1528 1105
667 1601
159 473
387 1542
389 1546
1370 1282
146 670
1440 1627
1395 468
172 650
1114 1192
903 1712
1092 952
101 1373
1256 107
991 1182
340 1647
247 137
284 315
1032 615
1397 1051
450 1508
1264 210
727 1378
460 736
72 1760
891 203
1322 856
901 1210
1715 1135
910 1353
603 874
1488 1307
1792 1650
239 1742
512 1086
441 644
226 532
607 793
1217 749
853 126
431 409
1364 166
574 714
272 816
288 802
749 517
1029 1026
364 1235
447 1696
1769 251
137 178
1005 999
253 1668
267 1066
608 1
733 1354
1295 770
873 1297
542 1474
1325 1623
759 1422
1640 840
1451 1037
1555 870
106 1239
762 857
1699 299
222 904
157 160
1719 1519
1361 1382
1294 512
1179 1331
1248 498
565 16
923 847
855 1468
868 1266
92 1520
469 427
1415 1288
763 1583
754 1539
1262 389
1562 1155
1336 1415
1026 1296
1 1534
82 1243
1055 1792
173 1101
10 302
469 1122
440 599
1601 1614
1269 805
1117 502
760 1584
850 148
1605 1185
1321 669
380 1410
1071 1620
1224 1286
137 810
1690 135
439 733
1661 1619
801 1193
35 1781
349 551
1486 1050
1150 1004
1064 410
103 729
662 941
699 1011
204 1198
1463 452
385 593
163 351
500 542
687 1353
548 558
1519 696
1384 68
189 1115
283 1549
388 120
275 1531
490 1559
1773 305
551 1712
194 1290
1538 211
280 687
1563 260
724 1058
1174 1262
1230 289
811 1012
201 1397
1256 1755
3 1724
1770 1343
1353 702
1644 705
1233 1382
209 828
291 479
479 169
542 228
1397 621
379 455
231 1075
831 342
1119 134
236 432
1237 1484
375 1033
253 1373
1720 142
1140 1302
59 1296
1776 28
109 572
1436 1527
428 21
1457 188
452 1777
519 1495
539 391
1548 744
429 1455
1326 823
441 596
823 478
1427 562
1091 78
1354 1387
40 859
881 889
752 1610
859 796
661 147
922 129
1295 826
1219 1347
785 1558
492 1297
996 91
138 959
1523 1441
1425 985
1537 399
1759 1531
957 742
1389 1756
1506 103
58 548
670 1452
90 1679
350 1002
360 1273
1485 1698
794 1059
441 674
1381 624
1099 1112
1738 448
340 1100
938 1502
1124 415
285 772
1202 1097
1743 978
650 818
945 982
1302 1085
1043 1319
626 1003
920 1701
848 591
1048 1009
898 312
1006 1381
609 1633
1073 981
835 297
1731 1461
1260 1360
332 60
1322 1671
680 839
1713 512
445 1174
1664 530
1186 457
1195 1437
391 1018
1086 989
1174 185
50 192
1532 973
30 1316
1649 184
1272 434
1005 1299
1369 423
1703 1173
1263 842
1784 1624
1385 1303
1044 940
41 873
1624 987
644 392
1225 1396
1525 1512
222 1578
328 490
351 942
278 20
1444 1130
764 201
1345 1750
210 1728
858 1519
1382 1284
812 1011
1035 667
572 1600
1622 898
1215 311
1701 275
546 706
1507 1581
845 108
112 557
458 1111
451 1369
1184 519
804 313
845 349
1682 685
71 1466
589 209
746 1691
1326 1253
1578 1561
857 955
1122 528
971 846
437 775
379 700
1513 1338
69 1419
1018 1053
1594 329
1479 702
387 1721
127 616
1572 151
1337 1367
1242 697
1525 1498
492 465
1712 224
593 1198
953 182
453 1294
665 623
1518 1315
1391 95
1042 1678
1341 397
996 401
1008 1278
1206 1207
1340 1793
1539 1120
1671 738
1696 28
18 554
1079 1668
799 966
1712 1629
290 1691
983 554
1219 1033
1486 68
280 570
1034 1466
1211 694
273 1181
762 1051
1548 815
1379 164
644 660
1727 1764
119 1438
1635 96
1778 782
1436 315
691 1365
1256 47
1781 1335
298 910
1496 692
1783 449
903 1281
980 88
246 1722
1700 1365
268 1345
1160 7
1255 228
192 997
1438 149
1789 1788
926 658
1698 1277
424 126
1368 1292
33 867
975 1254
941 1768
964 746
193 632
1737 1057
1419 987
1510 93
574 1729
152 1437
39 1705
869 262
1773 1151
229 51
933 1457
1397 213
647 1260
1239 1730
257 117
244 749
1017 1363
711 80
810 753
1522 201
882 1708
753 1308
682 394
1415 1748
1696 555
791 1230
119 1045
1581 590
94 867
958 934
370 510
407 597
407 1513
1501 1566
1649 495
398 1767
434 1492
1589 733
188 1189
430 1396
1574 741
538 504
1472 409
544 1498
706 162
355 486
291 365
1567 1023
750 178
487 873
1573 742
46 874
1586 613
578 1502
1570 1582
134 187
18 311
1068 451
648 1492
1357 1098
1313 180
1780 1107
519 1476
1281 1778
1182 1766
391 1619
1496 767
1678 631
955 1169
736 1586
684 1776
1550 386
510 1592
342 1548
408 1170
1040 876
643 1114
608 981
452 1121
1282 408
1740 1461
1115 676
944 1460
1721 1054
1545 1793
606 1726
1337 1028
874 1284
920 1063
347 623
134 1302
837 447
1497 605
1576 856
135 200
1667 779
1051 776
309 1688
393 840
1207 287
1493 1088
1485 1391
461 1590
291 191
404 1545
1794 1416
1035 384
1375 1793
1410 428
667 572
474 69
1027 1309
1603 1097
820 1102
1080 1044
1428 1276
687 289
1300 382
158 481
1550 1287
629 4
61 894
1081 1742
187 713
1509 1372
683 1067
170 1527
1496 651
966 870
1434 929
809 243
1321 1563
1604 560
391 1681
48 449
436 789
643 717
1604 1675
1154 959
1338 1560
326 197
404 1609
592 1265
905 51
1142 1131
1128 1155
320 592
1104 254
872 1767
1240 1443
907 305
1493 171
557 1131
510 1445
131 1749
874 522
1295 712
689 1353
1509 1402
1077 1209
1118 1661
1288 1353
1476 161
65 205
357 1674
126 1619
892 1042
1768 1033
884 1296
1342 715
1121 1477
496 1291
562 535
1715 472
344 1385
1640 1190
696 190
1235 1020
566 1721
1077 1675
1630 365
1489 1631
513 805
899 1521
1388 1115
1687 397
266 358
1529 574
1223 358
247 1349
889 155
741 440
1741 792
736 1685
757 1739
644 366
1796 1711
643 691
1557 773
1324 1728
161 1245
750 1383
361 635
655 833
1041 245
1472 71
1352 836
1187 1537
1448 149
765 863
298 846
383 373
801 210
1292 798
803 960
628 783
1331 1514
1244 1742
1124 226
407 994
1321 960
1464 200
13 1186
46 1235
1245 1595
967 573
145 684
593 1342
773 78
1580 1520
1227 197
693 1102
1263 780
1163 1312
936 828
261 652
926 1379
988 1479
1045 413
903 1111
1548 935
1451 1059
209 46
762 1360
361 132
164 369
743 388
1056 1253
1699 193
1650 687
1516 1050
216 696
819 660
318 859
1111 768
1564 309
1610 1589
1522 161
1781 491
1150 944
1789 1440
831 310
796 116
1402 1452
1201 1422
1547 1718
677 300
825 1124
1070 864
226 889
708 832
62 31
1120 1522
218 1663
1273 625
1242 1319
278 1168
892 1586
318 215
1287 753
44 463
236 1319
450 12
31 1138
283 902
539 556
477 921
1011 838
1535 1163
1482 44
790 1249
876 1213
1294 400
508 550
1151 164
100 871
1659 545
272 916
1789 250
407 1390
449 1326
719 929
517 1746
1534 1096
1629 1354
757 660
1602 1742
1567 1794
312 558
1464 620
10 1310
833 1427
1152 539
437 1755
608 1583
1625 1205
1687 442
665 1220
373 888
1452 979
665 908
1615 228
47 411
1566 1788
327 128
1580 461
701 1207
1518 1416
975 659
1004 401
640 1179
42 908
111 1334
1246 255
103 1545
1004 11
122 431
1298 1102
1133 1348
1113 79
353 723
1548 252
940 282
1359 887
1096 1525
1594 1173
870 1737
259 932
114 82
1489 300
560 1490
155 670
109 1469
906 230
385 121
551 1732
422 1721
1204 1026
1438 65
747 1443
647 1617
1501 1359
123 113
1314 798
1070 535
651 1011
343 248
408 977
1591 50
1382 1034
653 963
294 185
971 1204
1239 199
416 110
1656 348
445 1552
294 1577
137 1476
1210 303
928 1313
1569 347
410 660
239 1584
808 1711
173 993
23 410
922 26
605 593
583 1555
589 1638
928 211
184 1622
1005 136
1510 631
1466 731
1390 295
570 1019
1290 930
167 791
602 1258
1652 1211
745 650
580 902
1151 1230
550 778
1705 1721
1033 1023
276 537
464 138
72 73
328 955
782 1093
523 1009
1325 1508
1563 1711
262 538
1466 897
1542 1054
172 525
1305 1123
830 896
1629 1395
453 797
436 1132
1783 460
32 485
73 1760
729 1180
528 1652
382 632
517 1685
1219 299
389 1622
423 637
805 1762
1738 919
1070 919
415 1199
929 1030
967 1106
744 720
112 123
381 1573
663 808
474 1042
664 227
1417 547
1428 475
27 5
762 900
952 651
1115 336
511 1593
1447 84
280 1141
488 1531
1695 515
626 879
1273 1595
1452 130
332 455
823 1715
1275 882
923 254
717 1753
379 1425
887 1785
1257 184
1533 575
1329 1242
1260 986
3 1580
140 641
293 588
769 139
220 1316
1424 979
1375 255
199 1412
40 1188
1194 900
1019 1253
1281 1286
374 725
1381 186
1309 1702
1677 187
1366 1200
808 505
82 354
1003 750
966 865
1033 414
145 79
1726 91
1328 1413
753 1310
1160 156
731 592
646 930
1138 938
331 658
1214 154
487 176
1141 1654
924 992
679 1203
353 1126
1040 1653
1702 876
210 1234
1030 504
933 36
596 1674
1579 710
1529 1789
1794 71
281 775
1315 341
694 628
360 373
987 83
1185 376
1047 1276
978 1603
186 544
1590 440
1427 627
1511 1718
1425 341
583 982
5 1653
1665 1168
1593 1181
1777 828
1519 403
937 926
1009 1091
1472 1363
791 425
1642 269
307 1665
589 1149
1463 1543
1170 1169
757 631
6 683
1295 489
911 815
1342 1798
929 52
1323 1265
284 1396
1793 1086
942 68
180 1
682 801
1680 236
1372 1267
557 1557
955 942
1652 1511
1720 362
278 729
1369 569
1712 1636
304 9
1532 88
1572 1209
1530 1651
1156 1057
657 475
239 1568
11 1226
1712 1141
1532 1154
1228 1521
971 1217
1110 1404
565 486
348 1560
1330 1074
289 1125
1752 832
1501 1619
56 560
957 158
445 1693
1631 1695
916 886
1259 747
1514 47
851 347
1396 809
1714 267
932 889
1259 441
290 876
1347 810
1525 1640
561 1613
1019 60
1430 1519
383 1582
276 1482
325 1389
1664 1205
264 626
1131 1299
1198 724
977 1209
94 2
1707 712
379 1302
1761 1214
1770 1226
112 1489
1424 842
1567 987
111 395
302 397
421 76
909 807
1411 1493
238 17
1323 1494
1410 65
315 132
1223 642
1405 1799
970 1166
742 791
553 153
25 414
815 719
1572 814
560 595
754 127
1139 1691
1252 74
613 1042
1539 1087
1421 1104
117 924
1710 957
514 360
814 412
691 51
270 1717
1693 1325
1794 1102
1532 398
1234 999
617 1394
325 705
416 1140
582 470
790 1447
1517 612
504 788
359 374
1404 162
1730 342
766 1477
744 1664
850 1213
979 661
1288 938
1359 472
68 484
1233 624
502 156
600 1009
707 439
481 1722
1521 885
479 922
1244 1137
1397 426
968 1522
1754 1224
696 924
1015 1099
210 474
1402 1638
1330 401
261 1545
1650 658
1757 268
171 1159
1388 739
65 1215
912 503
471 190
563 765
1140 1425
1015 1039
117 956
76 1145
823 692
252 701
1342 1700
1618 1253
1062 750
1736 858
224 1243
1267 738
989 756
1697 873
563 1272
267 136
864 321
85 224
714 1676
1669 536
1718 757
1190 737
626 478
1155 1223
1154 1350
588 1268
65 1651
1542 1409
712 211
1745 1115
273 564
1672 731
1069 1418
1309 862
267 1384
668 1592
1546 330
1763 430
305 1113
242 1039
622 1331
212 750
678 1271
1630 204
186 55
460 840
531 598
1493 1358
1255 503
1713 1246
1344 1600
267 1160
1348 1147
133 1641
1585 588
617 1158
676 1447
1443 1576
993 1101
853 1700
859 1742
937 235
259 1158
208 380
1334 1038
371 443
1467 1475
422 837
945 124
752 707
1594 122
1386 400
1495 1350
996 1051
1141 1393
271 328
608 1732
399 1508
448 819
541 638
1645 668
1129 1048
953 588
483 647
1058 426
463 1420
1781 1538
438 1391
1792 634
5 1481
675 151
497 134
175 1513
900 1468
156 737
223 472
962 1562
426 1376
1391 339
903 266
382 1299
1451 1051
610 848
1024 1777
404 1458
1457 443
58 1358
908 1692
607 757
1249 704
258 1709
1409 1750
1760 1746
522 1322
563 964
1124 1006
654 1289
1143 1319
256 1287
1358 1088
813 747
1205 968
365 1095
1616 1288
46 951
949 838
1533 1247
1434 1183
38 1499
870 995
1209 1575
1375 1611
631 1674
732 1769
1709 1213
482 564
580 1394
1129 1064
1569 989
1130 1464
552 1113
1216 761
1204 1176
1179 1483
855 1563
634 670
1589 417
633 774
1239 1121
1590 1202
879 700
684 940
340 554
106 1310
1210 631
879 577
1710 929
245 1040
572 1051
211 1417
1295 84
129 1607
865 763
326 674
890 1595
1034 161
679 401
1680 1344
771 1549
1124 1451
855 1056
1299 675
1249 1447
1653 844
408 1209
93 1739
679 540
453 871
1282 1077
537 116
1047 406
304 79
183 1130
931 1103
783 909
1134 908
930 1474
1768 1241
67 1471
171 382
718 962
557 1099
1136 239
104 624
1567 1188
718 1602
1010 319
491 1235
701 965
699 1410
1227 1212
1125 230
1696 1008
1527 334
242 1303
490 955
79 1640
149 1769
1519 1487
508 888
801 54
417 13
977 1417
117 1777
79 1683
1530 1400
807 212
161 277
247 1287
130 1708
1166 1455
1214 1089
1673 893
680 1364
1109 135
745 70
1637 1255
341 710
861 1391
1691 129
1331 113
5 1764
880 1257
1395 1745
1247 196
802 656
1403 422
728 1168
84 348
977 833
675 697
1566 1411
1254 774
545 179
711 1300
1086 220
654 1714
1134 1452
626 572
33 133
233 98
1789 477
1721 940
390 382
1265 560
730 1726
382 263
448 335
433 1410
6 758
1756 88
1674 1139
431 666
907 511
1096 1236
276 1136
1150 1556
479 809
245 202
252 382
555 1151
690 458
91 1037
1454 1060
87 872
97 1252
675 253
51 1098
1122 688
594 223
388 225
435 341
4 231
1338 1206
911 1144
1122 1424
15 224
806 589
1516 371
1712 1203
1346 1602
1164 1070
1404 142
1756 1454
1699 306
1792 426
150 974
754 541
808 868
14 1112
1431 464
1504 1729
718 1682
287 633
436 1782
744 1109
1162 1623
800 92
958 930
1287 1134
1777 366
506 504
1421 1734
196 708
1642 997
0 80
578 145
924 1703
841 635
575 1321
1399 969
221 1052
1683 1090
370 163
971 730
756 611
1723 859
1630 154
1356 160
1327 1638
1644 248
1534 1584
1386 218
1038 1421
329 123
823 1058
803 1470
1373 1227
307 1107
257 37
1707 581
893 33
1421 1280
234 338
591 1700
895 937
1787 1132
1235 517
510 1702
160 1513
925 63
1512 1141
1464 76
825 538
686 380
45 1101
1524 510
453 1005
603 1235
1080 1365
565 1270
1166 737
140 76
88 561
412 274
125 456
423 71
1433 597
141 347
1709 148
540 1395
1186 587
1113 1067
1193 399
1037 153
1715 1477
424 1606
119 983
1438 1015
753 491
1242 1611
556 1623
1766 1084
175 1724
1518 476
330 1586
1504 1487
1255 1136
471 398
1796 1766
231 388
1465 1727
816 1639
184 1176
645 458
1352 49
1379 1436
161 104
1784 1339
742 1169
312 282
884 1759
297 1392
1633 289
225 1334
542 246
1492 569
924 785
190 863
68 1179
1756 585
844 144
1777 1562
1157 1616
1597 1124
767 348
850 302
0 1745
39 278
1306 1676
1705 187
254 1031
728 1703
645 1409
324 173
708 1321
313 772
968 1120
1318 611
1643 1187
748 1259
1422 36
321 299
721 512
1189 315
812 323
791 1015
463 1022
328 540
1128 74
885 1596
1406 1463
1172 1411
1716 1788
948 1
1710 1527
1109 730
1241 872
318 1097
1458 1155
1095 479
1034 878
1061 1195
619 584
254 1070
1547 554
1067 1794
1091 1367
1686 864
1799 363
622 1514
913 1484
1468 880
1585 1739
794 512
754 1751
1099 959
168 732
1362 286
1555 1256
1335 1538
1219 1241
743 146
1672 997
340 13
193 919
1527 1001
1242 1143
1757 363
1166 1725
577 1407
489 262
1705 1066
1515 1582
574 1306
1532 642
326 1473
404 1076
1310 1239
1534 1525
1144 722
226 386
18 832
447 1576
1568 103
584 505
413 1375
232 1605
19 389
1113 400
721 1294
25 1310
440 692
1434 1256
1772 79
530 1646
1209 579
167 957
1257 1425
812 951
378 216
154 51
1588 1708
410 795
1761 267
70 81
1368 1384
1125 1565
889 1325
585 532
807 1139
5 1062
1167 716
1545 1709
1757 416
1410 836
614 26
1783 330
1748 571
936 1595
181 1640
271 743
1651 211
621 475
1594 68
236 778
59 1330
1018 556
1275 919
1684 676
913 766
41 1184
1553 670
728 242
792 1495
41 1578
758 1067
853 1080
1426 371
1162 1485
1000 515
597 222
1304 590
913 794
795 927
1454 992
1077 925
1244 1196
1193 712
1665 1180
1008 534
1387 1082
1706 1746
1127 522
1633 1055
780 280
277 622
1607 325
402 1640
131 960
985 934
536 246
445 518
273 508
1643 533
211 1189
793 547
1755 287
1378 199
13 833
204 991
756 1571
15 1317
1382 1355
1076 171
1579 147
1787 1588
723 1732
876 710
1668 1507
366 430
1144 1522
48 862
91 649
766 127
1456 695
1756 980
1744 1156
416 379
439 636
1184 616
1277 1466
1245 847
1771 675
425 698
205 1586
1122 1698
1529 94
1648 1122
1332 56
1358 1263
1351 974
435 1579
1569 1203
84 286
1686 1635
1208 1778
162 142
1414 1073
1342 656
769 1775
333 425
144 1536
1667 417
1198 909
575 1660
722 521
977 412
1426 1795
741 1581
340 779
1746 59
1765 494
83 862
1132 92
48 275
739 676
111 310
78 1038
1612 7
1237 1702
1735 800
10 54
1062 585
421 1206
1392 852
1495 865
209 781
1063 1330
1172 1298
653 1749
1798 1565
1526 1369
537 1118
951 517
670 793
1617 791
1624 493
801 1246
416 985
88 1646
205 218
1068 1774
1557 1462
632 854
617 828
681 552
271 857
1662 1749
1632 796
1259 930
1691 881
494 748
1025 1285
1773 375
1145 754
1406 1523
467 1541
1203 986
695 780
1648 1098
1442 205
1727 1735
863 331
433 702
1091 1399
1748 719
880 617
689 589
149 32
676 209
72 208
1623 286
897 601
1752 1378
218 1701
1744 912
724 621
857 139
1313 421
1366 1259
1096 51
1254 426
461 1202
649 228
442 1013
1351 700
1777 886
10 25
1101 636
848 1494
1349 1006
150 194
664 567
1015 1570
1475 919
8 875
713 174
1006 1199
1003 1652
588 1787
1649 136
1170 579
30 1665
1434 966
1641 878
871 189
673 1310
571 173
17 1383
462 538
282 351
1020 131
192 1279
275 1
825 1550
196 741
1545 255
757 961
213 83
1385 377
1278 402
1142 1232
1019 20
671 489
1543 21
86 164
1352 1013
1541 362
912 1344
669 176
1246 1380
1506 593
776 889
1128 1650
21 1090
919 596
1505 453
641 1163
1090 360
600 418
1795 1065
266 162
343 1338
403 830
1284 944
203 1378
305 1225
195 1360
46 609
450 1065
737 146
1728 1311
1536 312
333 736
1664 913
1421 254
202 804
1000 207
1445 876
1649 187
501 1212
1470 1442
1190 1670
33 261
40 162
1463 1456
922 1504
748 1507
1232 1421
319 404
1327 1452
1191 217
1280 1388
748 1005
775 126
1488 1419
1707 676
201 1763
1296 1553
821 840
515 252
877 1354
1540 520
1744 1737
31 908
1170 1208
1659 1775
345 475
340 1553
772 1639
1200 100
1190 1581
1071 1145
1126 1057
1156 188
1561 1534
784 1347
137 415
853 1453
242 872
1175 1160
718 96
1761 271
147 591
465 298
1533 715
95 1478
4 196
73 1192
1046 654
1074 1210
60 936
863 1035
880 1683
346 1499
1011 1526
1639 793
312 999
673 1100
53 1614
1707 954
514 273
670 350
1200 453
336 137
1448 1374
161 1333
1122 1260
1344 303
1022 1634
1250 1390
1103 180
360 888
1523 598
1596 580
1004 702
1583 882
1335 235
920 474
1152 598
1394 698
1265 56
1697 923
844 30
1481 1015
912 1136
1187 530
124 1304
505 37
1084 1583
239 1399
62 1165
1057 195
11 1527
1203 121
44 554
202 786
1077 1641
1209 1400
299 705
1311 1382
171 194
585 604
1317 1357
511 650
1425 381
1706 865
1417 1721
808 491
1250 752
1533 656
947 1273
1525 22
1042 172
921 1670
1094 170
884 977
113 1647
1488 275
714 120
379 268
873 59
41 1673
196 1559
1062 30
1042 745
590 1397
30 1536
323 1122
1672 1418
1587 1109
1554 901
1021 1675
642 162
518 193
1691 1325
1072 1306
421 911
806 15
354 1311
738 1510
1660 669
594 520
255 1769
1169 1228
220 475
178 392
997 904
1558 233
702 311
364 1231
179 317
907 1479
812 1648
1082 468
176 1190
1649 1020
1776 1085
1122 309
1738 1442
991 1689
280 1687
827 1163
674 671
103 1479
1440 1568
951 1020
415 604
53 87
1180 187
1536 238
975 1226
1161 1767
955 175
770 1773
1149 1226
1198 16
1506 385
1757 249
1679 1692
1643 1760
1695 964
1457 1050
469 536
1663 172
1491 916
720 754
1673 1787
1028 1138
298 1057
1449 677
323 194
1297 856
933 219
1176 1026
79 1377
1029 219
1791 618
1102 1452
1247 1476
357 129
888 890
282 727
172 1480
1572 408
893 239
1790 1391
1014 156
1112 1294
290 1577
406 454
258 1502
1099 1713
44 477
1481 262
278 690
1045 973
783 1198
1630 1626
1382 595
955 557
952 1258
90 692
746 207
686 926
1507 1050
1092 1771
1116 780
904 1718
879 1199
167 1764
1296 649
183 1636
578 1105
1726 1695
1583 853
1360 238
196 978
1570 883
1380 639
1592 369
1573 1431
1469 1594
866 1528
1164 497
101 427
471 1453
877 191
707 1063
334 1456
724 1157
478 1300
44 1685
646 1051
1269 980
490 447
8 1781
649 1187
931 775
242 410
524 434
1366 871
1222 1347
809 645
122 1790
743 473
1379 665
1092 726
1144 735
1583 403
1187 1000
1314 1234
724 1792
1772 1036
1119 743
749 1020
657 554
578 1152
1361 749
336 753
1543 920
147 314
250 1282
607 760
1051 83
1529 714
1096 1512
167 1573
1697 254
834 965
1337 640
1364 1052
868 693
1043 1528
1487 1044
1402 1517
958 1290
619 1406
1646 499
152 1457
355 118
1372 192
1072 1624
1563 388
771 635
158 791
940 832
1610 641
921 1595
1679 1135
689 15
1353 1215
375 1083
1023 256
294 1692
56 1608
93 986
1377 746
1568 319
1100 138
981 1338
1296 401
1788 29
418 252
1138 566
1564 509
1618 1274
1002 979
468 116
1102 130
462 705
1011 901
434 936
1263 1401
273 1722
1720 1426
981 547
596 371
861 1478
827 1073
767 784
1374 1302
1443 1151
945 674
1392 1753
73 500
577 290
714 1370
1738 1783
471 1087
761 1225
990 812
77 1496
235 265
819 94
1575 750
344 38
352 943
1016 1385
943 1659
1670 1309
1776 1094
1460 1459
1393 473
1249 1295
1275 847
1661 1206
1616 1650
358 1469
1618 395
774 29
1427 1515
88 1720
1537 1393
915 927
81 1769
1518 41
1051 548
382 219
814 865
1742 740
627 1173
615 481
1349 1404
404 511
1003 838
1544 37
174 1182
784 1241
1462 78
578 584
261 648
1699 1197
1676 1370
277 601
1531 1326
868 866
1340 1246
1074 1612
1131 1233
141 932
669 1152
1034 1333
774 622
1259 41
257 911
630 1231
207 516
893 134
1198 1716
782 816
778 309
1456 1661
527 495
414 54
1503 1508
1520 1069
1005 831
882 914
750 1476
197 1716
1005 366
1634 1506
559 1301
1731 215
573 877
1327 645
939 1427
1392 232
1473 916
1204 1029
752 1024
1780 250
264 1372
1518 1184
1437 1795
403 1631
1754 624
523 1123
460 368
943 70
523 112
149 95
650 275
216 1487
1241 18
950 1584
1047 776
1172 1507
1376 411
1641 1547
1200 1531
785 803
1013 1216
544 782
1515 1755
1333 624
837 116
115 1757
1496 355
1262 19
1188 1023
884 1054
241 1747
518 520
551 1099
350 793
1614 289
1243 1175
259 14
1084 1519
228 536
250 1021
714 917
1044 233
618 883
1765 1774
1506 802
441 1015
506 585
983 1357
1555 1737
953 1615
1341 392
83 1018
1146 1464
1102 1345
1761 1415
1616 1102
1309 510
84 1666
1388 1031
1676 841
304 341
565 812
77 1298
315 1721
894 1329
1559 1334
355 1786
233 1470
1378 68
1096 780
1177 1251
171 1088
1798 485
713 991
804 997
275 597
789 1399
61 891
845 1704
507 1084
982 1747
729 307
1147 1014
569 179
1135 89
386 1197
496 350
438 1414
1665 187
1077 412
982 519
1615 1083
1290 1341
1175 358
20 761
147 797
1406 213
699 1470
1227 694
267 1218
1399 160
575 708
638 213
1733 785
1180 462
93 607
1517 1396
1539 638
897 878
44 1266
3 1677
978 1138
231 1797
832 1384
453 1315
678 213
232 1376
1119 1611
775 1404
650 1391
1762 1007
1436 1134
1780 1370
926 235
1797 852
414 80
1587 115
1419 58
1244 614
163 1702
986 1201
1406 1477
299 98
1674 718
674 311
503 950
523 485
1179 485
1763 211
576 1422
1046 1221
872 398
462 1689
669 208
1097 1748
1211 301
645 132
836 306
1433 1390
561 944
205 892
1248 484
605 1342
479 1711
861 339
863 477
510 862
1207 1669
177 339
424 1368
1326 1593
1493 1133
1319 1105
1464 1449
1405 671
970 1029
792 559
1384 237
1555 799
1257 1166
525 1678
741 1590
995 1668
1008 22
355 651
1458 838
1768 924
669 1643
999 832
110 1140
988 103
250 972
949 1003
857 707
1000 243
720 913
1324 1243
559 1183
1655 683
71 212
536 514
196 1660
1707 1274
1661 442
1395 954
326 1321
383 1398
1599 590
221 1289
974 646
1550 1037
256 825
684 374
1171 1338
1791 1792
1055 649
662 1026
849 1750
1090 1450
619 621
1440 973
540 1104
1040 310
204 642
834 1685
82 589
1068 728
141 600
317 1638
1786 1702
974 842
171 472
1360 1498
1673 938
1559 225
973 1713
454 184
995 1636
1315 326
416 906
1580 364
1007 1573
646 83
1193 421
144 1066
1473 1036
910 1136
764 895
342 117
346 109
322 211
1262 691
990 355
1198 135
1650 832
953 1546
481 175
541 424
1425 1063
1349 1287
398 1350
40 1241
354 46
1618 641
1164 534
1151 908
1547 1729
321 5
1621 826
1524 1657
151 1014
1166 1026
6 356
1077 1575
403 190
1012 1531
392 411
1773 165
1531 596
73 240
335 1586
128 627
1641 1774
616 764
711 50
358 157
1615 633
378 880
671 1353
1062 357
217 854
1205 405
1160 1612
1210 1000
1771 221
154 1681
1750 717
295 1411
709 624
1545 283
492 1507
1390 466
501 363
1334 136
943 1243
763 853
461 902
1123 586
714 972
1268 220
177 279
1222 1669
928 1449
33 1596
1077 977
1549 1134
1045 26
1090 1125
1729 696
1594 1703
1529 1698
1376 392
771 1789
330 854
1656 999
779 747
1530 626
985 1710
1217 885
132 1293
510 833
1678 1099
597 1531
43 639
362 1413
366 211
1610 417
38 1451
1132 1624
13 1607
1018 1216
1214 567
454 792
1295 775
1005 1503
763 1431
1236 270
942 867
1246 1793
1372 1279
294 717
85 939
102 600
1574 854
26 646
1317 1227
956 744
70 1052
753 356
275 1433
1022 606
1740 204
1224 1437
943 508
48 1608
1167 466
1444 989
1175 1234
1190 816
1710 615
841 386
814 499
1760 102
1343 365
635 1600
1718 631
1761 1307
152 944
1784 234
1643 1273
663 316
117 422
333 1394
1527 1663
212 17
1734 1466
1189 198
811 1390
583 674
1744 1428
1204 645
1257 1735
676 864
619 1182
1279 530
293 1695
1277 220
953 1123
430 1189
476 1369
480 507
92 729
1238 644
1620 1593
928 1257
342 1449
1315 1593
1367 366
1225 1189
1473 1688
668 1110
48 1330
1059 1319
1153 1480
350 130
1228 424
583 1296
1680 1210
272 917
445 168
635 755
329 438
726 1320
1589 1100
1625 1085
1480 69
289 1319
799 946
1346 1259
470 284
628 798
1429 361
1167 415
478 1020
465 1424
488 1433
1204 292
829 268
193 1700
838 709
1710 1007
1475 233
178 1466
1039 1375
831 438
1448 1284
498 311
1072 1174
1548 722
147 1423
1665 1740
330 460
879 1640
939 327
757 1584
1131 349
294 171
1022 1497
426 1319
1523 7
570 1459
337 1230
193 917
46 1473
1682 661
1740 840
1782 1173
1504 853
309 312
601 314
681 621
659 224
1649 1674
869 1549
1733 1409
849 914
1499 199
279 1043
1387 713
1221 1160
989 263
123 1414
806 516
1683 1257
222 997
1666 375
1340 400
1705 1665
1289 147
340 813
575 196
1119 1415
1760 1632
1366 552
738 1602
652 376
582 284
481 1724
1644 622
1465 1554
1393 442
177 337
1785 304
932 1058
1564 1688
1036 1201
1184 945
379 1766
956 531
1071 483
1703 135
1548 15
1775 1081
636 417
157 1594
1081 614
1183 107
798 683
1205 1063
144 275
653 300
682 414
1314 6
1350 413
1776 835
1766 1504
1280 55
1063 17
1393 53
586 1004
12 1565
1454 585
1379 866
1424 89
1237 766
1170 813
1298 635
1012 1605
1123 1505
1695 70
1241 247
262 546
537 1431
921 1455
794 616
1288 297
131 1658
982 1650
639 195
140 911
605 1533
425 1158
1369 807
37 1770
208 73
225 773
1378 1681
84 1289
1440 917
785 98
1192 170
1763 1225
278 357
1780 85
1228 1596
658 1353
178 161
297 258
129 1325
1576 555
761 322
578 1332
1195 1240
481 1228
1426 1457
895 468
1043 1329
1303 1101
931 1711
759 740
1244 136
883 1139
938 1248
1649 1587
731 624
758 23
540 121
15 943
933 1332
349 1732
570 882
1702 1709
33 1445
926 1406
1264 218
1508 462
733 13
1529 1039
843 459
96 1327
370 1524
128 279
1255 235
1018 1503
87 1532
1750 301
766 1227
562 1755
512 255
754 731
304 5
926 578
942 1125
859 1415
647 625
1690 288
1134 1541
57 243
1178 1471
1306 1644
1628 443
929 1427
59 1398
81 434
1723 1177
201 35
868 1441
1444 396
1334 1232
647 1261
1072 2
32 141
278 30
854 142
165 1445
276 35
293 1546
800 786
794 265
1001 245
1644 504
105 53
658 67
1345 1708
1796 18
1683 62
923 1031
1741 433
27 376
748 41
593 377
1013 398
1369 1081
1400 1359
627 279
1126 663
537 1015
159 1556
1411 1763
978 941
14 1015
983 341
1629 1476
756 457
1064 18
1 1718
1626 1711
1310 1458
1305 1551
1001 1687
1430 1729
340 138
383 750
461 217
173 1589
1025 163
753 577
1457 1795
1528 620
363 906
1197 508
851 1030
1570 697
769 373
1343 174
585 152
1028 473
1011 465
335 1045
1383 1014
103 511
1183 990
834 1591
1415 566
739 1782
697 1024
1168 1740
1022 1248
805 208
619 1772
1479 1761
1439 1084
1730 705
1285 1309
1159 472
1424 298
1304 1351
1461 365
1470 919
1401 1393
99 1379
1673 1220
1140 381
586 42
735 1490
125 11
392 755
597 466
397 775
197 564
1355 889
1129 864
84 770
1126 1737
678 1007
213 1128
577 673
402 1049
1362 366
1333 1323
555 164
1609 942
388 1618
1114 176
86 234
1589 641
338 42
184 1599
45 242
702 1428
1710 742
486 1270
1365 266
215 1361
1149 354
1552 1072
1468 557
930 889
1306 250
638 1522
773 1233
1134 31
1415 1333
1294 168
274 671
1671 1155
857 490
1409 1111
472 1324
1506 693
1141 1687
902 1549
1264 1291
238 750
1149 642
1155 266
1423 1595
1189 809
1255 209
873 502
228 246
1448 836
708 580
644 1129
1759 977
1315 566
1178 498
1681 199
385 1342
57 1721
480 577
1207 500
1379 338
1031 170
1266 513
349 672
531 584
1279 1578
834 1275
894 1614
740 1046
393 549
363 1371
794 638
600 901
557 1142
1281 20
1765 1671
1533 1774
638 35
415 1407
308 1708
752 324
1675 814
427 573
578 1523
132 1542
1659 423
104 198
976 762
1701 515
333 580
1745 635
695 700
194 1116
598 684
1603 487
578 1772
1439 232
1407 1308
792 543
493 761
1600 867
1061 1222
1005 1082
149 778
1147 685
1339 404
97 595
636 733
1751 638
504 1455
293 395
796 1363
1607 1014
62 115
1776 253
495 591
676 223
263 131
207 411
729 1107
1495 1311
1438 655
871 1610
1670 510
1412 485
748 783
1328 20
767 1567
833 1476
667 464
1729 1483
1301 1092
81 735
187 1740
288 769
954 946
1711 763
1575 1388
1516 362
603 1382
841 1489
86 1094
1303 1589
684 993
1029 1757
616 35
381 167
189 1027
831 964
1538 346
1510 607
1675 412
1095 1796
660 635
249 1725
1638 1499
389 711
326 330
1438 428
1126 981
1020 1284
144 1665
555 28
517 609
219 632
1567 443
1754 62
235 584
1270 1474
514 1181
400 1793
766 638
1481 800
63 1278
1552 867
321 1219
834 448
1318 1345
1787 1591
1273 509
1534 1739
643 201
1772 269
1715 562
1690 629
499 367
1452 1002
352 806
946 826
1460 1019
205 1427
451 271
1787 33
411 1647
1552 520
505 1213
1479 75
824 996
1597 716
1154 1015
1029 363
966 559
1103 1084
849 1002
428 1088
515 1601
1183 1424
168 1316
1153 850
331 938
576 19
1061 375
1078 1017
124 1409
153 1355
1776 1413
1517 292
1544 145
453 1617
1348 1292
978 662
155 1102
825 810
158 1536
1142 1487
1634 693
792 1155
583 1046
63 431
1447 218
502 856
1093 146
382 756
1685 1746
216 1519
1618 1206
1783 1703
753 1199
1185 1155
44 1131
1253 809
532 1646
301 147
795 195
583 799
1463 702
1129 1164
761 188
249 842
804 1225
936 1216
789 880
1055 1726
1701 806
1611 1024
1321 128
33 1010
937 1406
1243 1378
346 26
516 997
462 1794
958 411
1192 1574
1701 1480
1690 1506
544 238
1793 1380
1463 505
799 559
1556 1713
1044 924
581 1611
1661 1289
1393 1556
1241 664
283 269
899 3
1317 1507
1759 1627
1156 658
148 279
869 402
871 41
485 1514
1542 798
1284 1746
1059 921
1312 348
657 1357
1781 813
865 107
1029 1176
589 1499
685 52
1531 823
1242 1657
135 438
538 992
705 1756
20 1562
1238 490
879 568
1702 457
1048 318
1373 197
461 1158
1510 1175
213 155
616 638
1259 1047
665 1465
1666 299
502 654
1786 655
165 710
604 1720
424 698
836 1668
1068 1761
1227 783
1742 52
602 1640
771 1242
1557 845
1023 1788
1071 1750
828 188
1596 425
1026 543
503 777
1183 767
1618 11
1440 1780
1725 1173
42 1001
1174 559
251 690
1564 891
108 608
618 1138
659 82
365 931
561 1286
1309 165
998 1161
1236 1734
365 1078
972 6
1017 456
594 1174
1697 1729
1153 1701
1127 1685
904 1561
1272 166
1681 622
593 575
633 536
1672 1342
1287 1308
460 205
945 1555
1791 426
1684 1105
143 1778
102 1448
671 622
1459 20
62 495
1061 1768
310 1117
521 698
1657 568
321 767
490 225
4 1365
1490 267
1298 1291
342 927
217 915
368 129
364 902
1132 484
493 694
851 1295
112 1488
175 333
1211 498
650 1093
205 736
1153 1488
1360 212
444 178
1789 1780
1771 337
836 1451
275 1441
1447 645
455 1478
898 309
1643 380
539 1373
1149 209
496 1452
1468 120
0 1684
694 1198
267 405
246 29
39 360
1124 811
42 623
473 161
923 1280
208 1643
192 269
1479 451
1365 642
691 207
904 530
171 1252
628 938
1574 533
1521 3
1297 996
223 1621
986 270
1247 715
1000 252
1546 1123
1123 1790
1612 66
941 1402
853 1733
1334 371
448 1197
1352 818
989 459
234 1429
673 1329
1262 1530
9 1356
654 267
67 702
859 719
499 610
240 1192
1028 1263
1311 807
984 653
56 587
1386 892
1780 851
1633 300
609 122
263 675
837 1422
1289 1753
1250 1361
808 1497
1208 798
1009 134
1532 1608
291 1182
912 1137
1738 368
598 1063
450 1503
238 1498
1344 1210
1440 1306
1255 1482
564 456
1551 1765
1655 356
1131 1316
1513 74
422 1443
1164 1132
85 508
258 348
1001 1041
1735 309
1150 665
1278 640
1308 968
1190 1263
1482 1266
492 1126
918 1498
967 149
1406 578
1573 1717
64 1346
300 1695
766 1323
561 1720
1014 1066
41 70
1183 726
616 1240
1366 825
1147 1218
728 1644
623 1554
905 1592
772 1318
804 262
920 210
1484 1790
1065 1191
1792 1570
1753 1083
64 304
1009 856
1791 314
195 1627
807 1775
602 355
1522 35
1794 232
735 962
223 934
1531 1172
855 231
1356 643
892 920
116 816
487 669
961 1767
1035 142
1208 584
152 1286
524 221
1400 969
1599 1376
466 1679
1342 1743
1056 1460
993 1610
104 1494
1717 24
1425 252
134 1568
565 386
317 1196
1315 424
1581 1214
425 1565
911 1625
1211 140
1336 1748
1784 612
488 811
1144 546
42 1088
275 816
1136 682
854 1110
1546 752
880 1090
1057 950
125 1782
284 1417
1349 1105
818 778
376 162
877 331
102 1438
428 1569
380 716
1356 424
1593 1197
1699 755
141 1108
1013 1027
336 810
669 239
125 1734
615 1228
409 80
1502 1428
904 712
1767 721
1494 16
281 1252
85 1117
326 441
1501 1585
460 335
407 1203
1346 871
173 13
1091 1098
432 570
1741 361
1740 1221
1303 641
1321 686
976 231
1499 1290
999 727
1320 818
22 1111
182 718
1491 32
1597 102
1267 499
415 1308
1205 1751
785 834
627 337
137 484
1386 1078
795 854
1713 1294
1753 1700
1044 1432
871 1518
1015 1375
1149 749
1294 314
1329 1319
1420 724
1062 1069
1375 1758
1698 1786
1669 75
1064 1787
1620 75
901 245
191 922
1673 302
390 1380
1263 1456
720 1484
1258 1648
852 668
116 66
1526 1253
1613 1457
432 1611
1310 54
534 1452
209 286
991 1439
274 1327
1036 232
1116 842
1371 1430
1394 902
1623 284
721 1375
974 400
804 310
1065 1025
1183 1060
1270 1446
1558 803
1206 1083
534 640
998 1350
1509 73
946 1504
72 1643
586 665
84 1130
699 1546
789 1568
333 1154
169 858
378 1683
1611 1121
106 362
37 409
1179 1619
1681 1565
1102 1291
1770 755
711 1738
967 1651
1614 432
1109 971
406 945
1040 315
522 1633
1490 549
865 1693
425 364
1136 1022
694 1214
1266 345
1462 1094
1797 797
1278 477
1446 476
518 1789
640 181
956 8
1724 425
830 1558
1542 1368
980 685
732 601
1353 1455
594 272
1417 227
1321 1395
349 1527
463 1316
265 1034
1208 763
1253 484
194 700
375 1241
332 1087
1047 41
1797 232
1454 1341
1462 1333
662 1603
1382 1661
1222 1756
913 320
1203 1155
740 549
1495 1525
1579 301
769 700
491 7
262 156
34 525
658 938
325 1508
19 1546
1202 1245
68 1125
1712 35
1053 1083
1301 1396
545 1148
838 1652
1114 252
1333 198
1567 1241
237 1412
1317 596
247 234
556 1389
783 596
697 1460
802 616
500 1083
1147 267
482 731
565 323
869 266
1449 1323
1695 765
651 427
267 685
100 1315
1676 1282
85 1175
708 1365
226 1381
391 783
285 820
1306 390
465 276
140 132
181 1655
1554 1727
1666 216
1035 1165
478 1093
705 1454
755 2
1070 1686
1152 531
37 1097
497 507
436 1731
840 1179
1625 1078
1586 920
1482 299
253 391
1254 717
925 1209
1649 135
444 1391
206 846
306 1747
1159 987
641 636
35 156
608 1712
11 132
662 805
1115 820
342 911
262 310
1336 1055
550 888
112 1453
1433 606
770 999
615 1000
802 1743
1536 1630
1257 1277
689 824
767 299
762 231
1182 1348
1365 1110
930 1734
658 717
1744 47
66 1298
725 740
807 718
662 1590
1115 223
164 665
1091 33
1406 598
1046 1714
1114 1402
1631 91
336 230
8 766
24 496
504 419
1277 1471
231 1618
956 935
798 890
1634 345
156 1612
319 1547
474 1480
111 1142
14 1032
1550 377
298 1737
306 1719
237 1798
1199 177
321 505
1117 1312
5 1645
1700 314
17 1476
61 661
1280 1391
803 881
1701 1488
1440 707
1544 378
1277 311
1201 1608
734 1058
1431 1267
1197 1722
1336 1489
334 987
436 1777
284 387
959 1112
740 654
1415 1472
1402 208
1258 740
653 1239
256 480
885 3
619 1463
1090 539
1425 1302
678 696
553 26
1004 1134
526 221
746 1035
753 226
4 978
1698 869
1443 1470
19 1359
334 1251
1379 1150
1091 133
1677 1630
1067 410
183 833
473 1191
1752 840
1711 1084
1146 117
1410 573
776 556
1469 431
1021 1413
1236 1717
223 864
27 1783
335 920
1195 125
1198 1214
1547 1068
387 759
330 736
1491 907
807 1602
264 1262
647 962
1016 752
268 214
421 968
310 229
790 1631
367 16
581 289
1312 1338
691 964
1162 1400
434 735
677 935
124 1788
564 351
1237 913
1531 295
1762 976
1568 261
6 351
1159 890
1324 1045
714 947
1229 105
1208 1223
820 1291
1177 356
102 1352
767 1252
94 672
356 23
671 84
191 1
1629 204
577 550
1233 1732
1767 704
624 848
1167 1207
1049 358
333 1265
1469 622
1447 1084
1132 1568
564 1017
581 697
513 834
798 1191
86 830
1110 51
1628 792
1184 441
1424 1378
108 903
828 652
1281 121
852 1605
1129 115
1069 1655
1426 1059
1328 833
1752 484
1511 1519
1774 1403
368 556
969 439
1583 1435
1757 351
784 1188
7 155
283 1723
1667 1644
1313 1071
921 1027
907 257
1152 505
1463 57
1361 874
1488 811
1164 1091
418 515
1542 1314
749 1245
1272 524
259 1662
1699 1647
505 880
1289 232
1530 1468
1602 38
1594 1245
1005 40
519 454
1698 1499
1578 212
903 540
242 1713
1585 1797
487 1509
1028 958
114 100
1776 1467
513 802
1494 759
889 368
96 1081
30 1168
1394 1066
1429 476
307 1168
567 227
764 937
674 454
1501 935
1750 567
276 706
1035 701
1343 204
185 975
453 854
892 1383
681 1730
1327 211
1101 1180
78 899
596 1577
1770 1749
893 1010
1706 77
282 558
764 1781
1119 1787
165 850
1457 362
1790 123
1210 512
1552 1538
163 655
1370 282
206 304
1753 591
649 765
1727 5
15 1226
511 728
32 1357
458 972
1683 1566
1156 912
1217 970
388 1437
1150 1134
28 99
578 598
1622 501
1730 1054
1240 856
410 195
236 1657
881 129
914 710
779 422
1051 438
1304 150
1719 342
1638 153
1718 1512
1578 1351
60 296
480 749
711 1275
1452 882
146 1298
739 1115
462 1030
637 664
340 1195
1063 997
206 742
1186 384
614 1037
466 1076
132 1409
6 688
1293 818
1642 1279
894 1252
1764 313
1168 1630
669 240
1794 544
263 960
1682 1139
715 196
1730 186
1561 607
600 1132
1524 655
39 144
977 1575
1143 1528
678 742
436 893
528 1704
1766 1583
1444 1666
1541 694
1139 1307
474 833
663 1136
200 1414
380 533
1540 1757
1354 1317
725 1392
570 1056
969 1591
359 1670
1355 934
1715 1692
133 261
52 1612
41 1194
813 1429
778 1564
1458 1457
858 1729
1657 570
1601 1317
1152 5
884 1575
1118 1428
270 22
66 816
744 1769
1695 1148
638 858
585 419
746 418
1084 819
950 108
1481 92
1368 1191
879 1381
42 1554
1276 1682
487 1402
481 1521
708 805
1581 1198
1737 9
18 890
998 872
15 1034
1033 700
1159 806
1481 1653
360 1582
455 1007
146 772
609 873
1716 1636
1676 1604
1457 370
1363 822
864 1249
1545 11
631 1584
513 858
1213 302
1108 1653
193 1040
1270 1014
482 1314
632 356
879 682
1735 1662
1429 1769
1097 796
518 509
1117 609
200 861
1648 481
488 1390
760 1525
900 1181
1625 875
1213 327
794 895
1517 387
1127 562
1604 226
1667 125
358 1251
1575 1262
1739 1525
51 358
1655 798
199 1565
916 609
608 540
101 651
193 250
75 1197
1473 1437
790 630
1304 842
1205 1452
152 1160
1504 1105
228 633
1781 235
1182 515
505 840
1207 567
718 179
1329 581
868 1696
1503 1191
372 1579
968 1749
1648 876
1252 1143
1233 723
983 768
600 239
1290 776
1398 89
1304 627
1389 538
736 892
387 243
897 89
1202 215
1291 130
1145 875
958 1355
691 303
594 1440
574 250
259 467
1270 1698
501 416
787 1786
1718 1008
650 1433
56 740
346 1619
1156 910
436 239
1526 1492
504 1341
141 491
801 376
1699 1789
780 622
1131 949
477 181
63 765
404 1243
490 1618
1271 615
1216 582
289 570
1387 517
377 666
320 764
1467 555
1536 1704
1294 309
1393 1654
575 653
627 914
1075 1014
514 888
1168 1264
1047 945
1754 230
124 982
434 1659
750 611
270 477
84 458
1238 506
1221 1218
1276 524
951 522
699 1501
987 352
208 1432
406 1006
407 1119
1759 1575
1197 273
250 298
1730 496
825 1287
784 1786
1029 1150
786 1309
1085 725
23 186
1090 970
612 1396
336 480
1680 563
653 1458
818 1273
1261 151
1492 1369
48 1413
1080 1060
779 828
1661 1254
977 1538
1562 366
956 1144
354 749
859 1336
848 1265
588 1551
1459 60
734 1724
1205 99
1765 830
495 1204
298 1255
1129 1787
1623 1644
371 1050
1459 1253
625 891
1192 994
1735 804
307 1705
1016 1041
318 1037
1720 944
233 1275
1157 1413
676 873
1657 1143
1416 1360
1019 1562
1048 1026
315 243
1255 276
1791 1570
510 876
1649 971
1274 946
1456 1401
577 386
1616 687
1033 480
1564 625
41 265
200 123
416 1302
665 334
674 669
1049 150
1540 1549
414 772
731 277
1694 1178
1165 515
529 1389
1455 876
692 1133
94 1647
215 344
1396 315
1006 226
593 656
438 95
869 1637
730 1029
1744 1057
269 561
130 849
1156 1719
365 1711
677 1779
541 58
964 809
1221 1014
1222 335
700 399
803 1591
149 306
1348 356
477 1028
114 453
407 102
831 1603
176 380
433 865
1548 12
535 1513
556 325
1326 58
700 1659
1565 230
1724 1583
392 1600
1429 1526
872 1350
896 675
1492 383
1717 1190
19 815
823 1358
273 373
826 1130
1174 716
885 1516
549 1221
1310 447
1758 1793
370 1027
1269 657
1330 1631
807 1513
667 1186
1473 1746
51 157
1341 788
288 928
1324 1311
1346 107
695 1537
355 787
897 309
1693 1138
1584 1278
1351 150
864 1652
484 1483
990 602
445 1266
1642 1
1586 68
990 1496
1639 1318
1427 281
925 1653
1350 1112
1521 424
686 208
1302 1355
1447 1295
297 1353
643 669
1430 858
1316 1560
1679 263
1454 980
976 1582
1231 1097
224 1226
825 247
546 20
293 1743
725 704
1750 661
307 57
1732 1629
59 300
910 1057
671 321
1169 481
59 1726
1179 1376
1727 1040
1245 861
1011 1648
1521 611
1487 1566
726 602
895 619
1304 420
980 260
140 956
1524 1702
1658 308
547 500
64 1586
368 1607
1738 50
1156 1255
1662 1451
1753 232
665 31
660 520
106 1154
378 1587
1313 911
1566 1639
1667 614
1585 1771
1252 1329
1662 960
135 847
1491 443
436 33
211 57
1003 1193
1672 715
557 1096
1479 557
1272 1364
744 8
0 739
808 1398
142 329
389 1319
1709 1777
722 1664
1273 411
1458 528
1128 618
1091 1568
1064 893
1732 923
713 931
1604 323
519 1191
343 1207
1007 393
1441 51
518 1583
1607 1681
955 192
668 652
1016 160
1516 1457
1768 1567
610 374
288 605
95 981
669 686
1642 738
1784 1068
440 382
276 1356
1381 270
193 1440
715 708
1488 1093
28 586
1248 1268
1239 552
742 158
781 197
192 180
498 1428
1618 1462
168 221
829 631
1397 618
142 1594
1722 373
818 888
541 616
1606 688
549 1218
1075 1147
1450 1733
1599 1058
803 98
398 413
1264 603
1694 823
1751 127
1144 126
1566 1558
620 1460
46 1020
1039 959
424 535
1786 876
958 646
1351 1060
1055 1039
824 15
1140 1214
458 1177
1624 717
824 589
1258 1193
34 1042
737 66
700 1318
1360 56
573 1044
1768 1347
1399 1681
1414 1171
386 414
1719 1108
303 746
887 1679
1148 1775
1620 774
832 484
1653 1062
1775 1139
1745 1031
989 778
1547 1198
10 734
855 743
1339 753
1028 1190
162 377
1004 623
264 1400
882 435
528 354
992 585
1125 1412
1337 1640
1165 7
1062 171
1663 1534
881 1607
712 1517
112 1716
1313 1369
1043 1242
1 1561
420 1401
779 1082
1567 138
1796 1371
921 862
1343 1248
1187 1344
456 1363
1740 898
80 339
1324 224
1252 1614
1484 1340
1596 1215
812 529
427 1507
1114 686
1680 1074
1509 208
65 1169
912 663
1443 1083
688 854
783 1212
361 1368
187 482
264 63
1605 376
975 15
50 1541
238 1476
15 1338
63 1400
343 1206
1727 634
546 936
91 631
1570 658
429 510
336 515
527 547
900 442
288 1247
307 1677
892 613
749 1117
1573 1223
1745 954
996 1330
1315 406
300 177
760 1739
421 1589
584 1543
737 116
1303 1408
1431 1500
350 827
1472 1377
955 1730
1374 1108
1456 1537
1778 1358
390 1332
1001 648
50 1045
1530 811
417 1790
342 775
118 307
16 759
455 742
1280 739
1634 605
163 1455
913 1089
283 1097
77 483
435 147
1774 900
463 380
1019 23
734 1228
576 1262
1575 579
732 81
561 446
438 80
205 920
43 263
1423 1592
680 1003
1008 270
572 620
1438 32
1721 1292
599 863
404 1068
991 1711
944 371
1459 1283
995 1751
1058 1397
1704 1770
869 1341
1620 568
1597 1751
1003 510
602 469
51 162
1590 466
589 1181
975 493
1165 1431
1587 495
1474 774
1654 1556
738 1656
549 405
269 530
584 598
467 893
1183 1092
279 1320
805 1402
395 837
431 847
588 304
515 457
1783 1059
986 1278
184 516
930 1018
329 847
580 746
1675 1319
1212 590
395 1131
599 1052
822 203
675 539
192 1656
1204 829
741 1231
712 582
318 1794
1216 430
844 278
749 1473
1310 653
619 1714
1673 325
427 565
1336 215
1112 1755
1023 825
69 745
898 1688
1479 1774
21 1217
908 1220
429 921
1238 1651
463 1266
744 1790
1709 327
1335 1716
355 469
1176 501
174 1377
842 695
344 324
1212 1214
852 652
357 1526
1678 488
560 587
987 82
274 630
260 561
1512 477
66 496
1739 986
25 243
885 333
718 1775
674 1097
1502 243
1424 1474
972 758
1601 751
1170 1162
802 385
1731 1130
440 30
828 366
73 1447
450 1607
1659 1674
324 439
5 1798
606 1631
126 279
1660 499
291 204
650 811
17 1273
1682 317
755 867
923 121
1604 425
422 411
147 232
318 131
1305 338
60 1612
176 1192
934 1734
1461 883
708 487
1598 1028
812 353
902 1202
900 328
1140 214
626 1384
1560 1669
1753 1605
110 167
499 601
74 1207
410 854
877 125
292 243
1543 1254
1623 1216
1104 923
1445 457
368 1503
140 421
631 534
841 794
308 1602
1305 588
486 546
200 438
605 1247
1409 1655
1589 1354
1099 1246
265 418
1628 260
919 52
227 1474
572 934
1073 1338
160 431
1188 1207
1661 431
1569 259
939 876
400 1380
958 572
1209 1745
1356 776
823 217
1767 1713
912 616
1351 1441
692 472
988 1762
1658 1261
1524 1786
28 1027
1626 109
7 782
204 365
1787 1182
207 701
1512 1008
258 1353
1447 1137
1289 703
1687 1332
911 795
1434 1706
1610 813
864 1405
223 274
808 292
479 314
191 169
1563 1324
1442 1586
1422 1714
11 31
615 734
1778 1098
1795 1285
700 1139
814 977
158 175
1195 1443
902 1107
440 215
750 1034
553 1290
524 1364
136 737
555 587
284 1225
1629 121
468 1779
175 3
1052 1526
219 896
1530 680
1792 213
559 1054
1712 980
424 521
1753 314
1541 330
1158 1231
1303 417
156 1066
618 452
5 123
1012 1172
1793 1327
484 1619
1754 780
1042 758
23 29
17 1466
1127 1017
361 1409
302 177
291 927
1782 1594
725 1714
1610 733
590 1498
1386 1264
1585 1123
221 81
852 1365
1496 952
1441 358
1731 1645
1508 1644
5 262
245 804
875 1237
662 760
1783 736
1521 1596
728 666
1705 883
1408 1263
0 1734
375 1297
202 1653
817 1053
132 1292
165 56
1182 1103
1301 219
1008 1236
579 1162
665 1364
115 1331
394 1310
1000 1035
1728 755
883 610
521 333
1689 1577
1567 729
733 877
1526 1674
399 1254
1560 287
944 1516
1381 801
1371 853
316 931
1190 420
60 761
1359 877
1087 1631
185 220
428 644
251 1060
271 630
747 1082
841 694
1164 239
64 1765
941 208
1514 1376
935 8
291 991
649 563
679 1629
666 200
429 163
610 1494
669 1509
586 1179
1640 1351
257 1071
1080 1566
464 516
1250 796
1089 621
605 802
1760 1113
838 1036
212 1218
145 1543
337 1466
1664 720
1758 798
1058 1128
1539 541
1415 599
501 1369
1157 366
403 1044
1036 374
31 1465
73 932
1341 532
1670 1455
163 165
792 1325
478 46
1068 508
751 738
563 746
1677 1343
1055 1631
1325 1689
1151 639
279 1230
785 233
363 1052
1400 918
1721 1368
1369 1674
990 101
529 468
1526 1659
570 546
936 712
1799 183
824 806
396 1188
1489 856
493 587
1265 587
770 767
771 954
771 1174
1194 602
1153 1678
240 994
869 1744
916 1127
1091 128
1783 1560
1435 1100
1665 1368
1635 1327
3 138
929 1101
1262 332
1752 942
721 255
1545 271
247 1124
723 1712
634 938
1558 1196
698 1656
1505 245
413 432
1193 1449
401 1680
318 1415
1451 553
447 960
1444 321
299 1387
472 659
920 525
515 1431
60 322
160 1564
1136 1320
656 831
883 1474
203 1752
489 183
674 820
815 1682
1193 1464
1199 1650
1426 443
109 817
1495 1582
176 240
982 433
1241 1775
724 1616
1166 251
8 1756
1231 318
185 493
1252 1177
988 631
1070 1671
239 39
106 963
1073 1206
713 365
256 336
1401 1537
425 592
1645 1311
538 585
1643 407
1540 29
1523 752
1574 994
1690 330
364 283
851 369
1368 1409
295 1172
408 278
444 17
1458 1486
161 624
425 283
1412 230
1609 498
1135 987
1247 4
951 1117
1090 115
1479 271
242 641
562 126
1050 1285
1403 125
721 1246
491 1049
340 1024
1702 142
23 1067
1162 860
450 1389
1631 1074
1166 249
453 1032
1367 1598
1034 897
83 1691
1132 1091
878 610
917 393
1320 581
355 323
1564 312
184 1029
1690 251
1345 849
947 890
1638 52
1160 782
96 1638
647 754
1174 1306
998 1154
1442 1386
1569 1651
1055 1680
121 739
474 525
82 563
1732 540
674 1084
1035 1186
328 120
1416 927
1686 1622
1235 609
993 1667
692 655
1607 12
1028 500
208 1632
1337 1717
812 208
1388 1684
969 1419
3 1394
305 1193
516 948
942 237
685 737
1624 806
579 795
988 1545
494 304
422 1240
769 1580
317 346
682 984
1243 1002
41 231
1594 409
944 866
1748 752
1618 557
1738 330
1515 126
386 1713
81 357
871 935
1718 1739
1320 1252
1486 552
1594 1483
1102 350
1089 1616
1583 1080
319 282
1434 995
1264 474
1018 1508
192 1267
1684 790
346 1338
1149 473
1781 1276
1356 868
1313 401
920 172
1211 257
742 1617
1439 1103
1338 287
920 48
844 1355
1016 590
889 450
1700 652
1142 435
404 889
1261 253
1203 95
1308 1416
1364 545
1733 1432
46 539
477 1623
200 1163
1332 632
1060 854
674 1434
328 139
813 1195
1078 947
778 703
1383 161
1156 276
1089 1791
1187 691
1247 207
1306 1604
76 744
1456 399
487 1735
372 1032
478 1473
643 1487
1262 1481
210 1701
1641 1784
1239 1230
353 1156
587 725
485 660
319 257
1454 419
13 711
1434 528
1567 1347
978 858
1347 1124
1523 145
524 526
1415 1086
642 1404
786 844
728 313
471 785
768 217
1657 1528
244 587
1305 401
326 1628
1152 1416
1163 535
1480 549
1436 170
526 1429
608 1234
1069 118
323 492
638 1432
303 207
1519 1252
1583 1519
1182 1711
37 21
974 1263
388 490
1220 1118
1094 586
1283 1125
789 220
1092 355
754 913
1133 975
365 1182
895 578
400 1369
1697 1388
1488 597
1683 495
1462 1334
1080 1733
226 394
379 372
500 1474
1011 154
523 206
498 561
268 455
1182 1371
677 815
262 39
884 925
489 991
1414 55
928 1017
1079 253
355 621
264 576
1796 850
19 1639
309 548
47 819
1743 662
1214 572
559 865
1714 1490
973 1294
1555 559
752 1046
1418 252
777 327
543 906
1218 1513
407 1167
963 528
106 476
296 435
421 506
1780 1021
992 788
270 640
1001 1727
376 1110
159 998
1723 318
629 1743
683 795
1761 1327
299 642
1439 763
1258 1141
384 464
1584 1420
352 1728
1466 161
1128 1138
305 928
902 1336
346 1655
1470 1783
1732 832
1387 1446
1578 757
465 1744
529 1744
906 1302
1058 1043
1064 1294
746 312
739 1316
225 1131
613 1153
238 212
490 139
38 611
762 1499
35 926
1400 1507
699 1585
41 1155
1606 1590
1797 1185
45 1230
1198 438
957 791
800 1520
1450 1375
1606 1549
1203 1280
983 867
1477 761
769 328
889 1503
814 1591
1727 401
100 360
1493 1135
360 1078
1281 1104
1496 1186
114 606
1354 1135
1263 1537
94 520
1484 612
1080 1450
1433 1778
69 1488
1513 1206
701 1118
1188 1069
1469 409
1094 234
1767 973
409 200
1511 1487
1518 1348
1671 195
1002 717
1384 1798
1201 16
344 45
1244 1638
480 811
1640 506
468 1443
853 1225
1225 315
526 166
1690 1325
886 712
985 1570
240 102
1204 1166
1309 1786
794 1522
1260 766
1684 1707
1007 481
925 1262
1084 1504
887 206
1449 1380
1760 240
53 998
645 1292
1122 1576
825 336
646 1691
7 816
485 1376
855 1605
984 414
551 718
1654 452
1219 296
356 854
1701 1376
1255 215
1314 1160
1073 74
227 1620
1542 1292
167 1169
579 1262
1720 587
1440 238
1616 618
58 1076
1459 546
610 95
1461 316
1652 267
892 474
842 1537
1672 801
1562 936
1447 938
1519 853
112 1366
108 723
1341 443
1196 377
865 965
1168 1461
1115 1678
131 670
1668 391
1240 1776
102 28
589 224
1208 530
293 206
1301 741
226 822
224 1149
1497 693
1424 1744
529 298
1443 1467
1294 1793
898 282
838 928
1596 382
178 1383
1076 1493
216 1080
1018 1607
176 1578
45 752
527 1683
1496 787
1621 274
106 25
236 544
433 1301
955 395
911 1548
656 566
417 297
1492 423
892 292
387 645
1294 1340
1505 830
1230 1143
1737 950
134 1641
475 168
334 1041
120 480
1179 1565
873 755
477 1598
1613 397
1449 421
1123 494
1026 614
1260 729
1413 750
455 678
17 1398
540 0
1417 243
776 881
644 103
1500 1642
1698 1156
1242 581
1697 374
647 766
605 1772
937 364
221 1526
546 927
1712 540
1071 1178
173 1739
1103 51
1404 840
1205 709
26 1290
941 1509
1509 1472
133 680
903 608
1119 49
998 398
261 1193
50 1492
1258 66
1090 971
946 1710
1135 1337
1138 664
1401 399
625 1363
1478 343
536 273
988 1339
1131 1264
989 1662
1743 831
730 846
791 1228
1434 959
1740 291
1741 290
1093 24
1553 1695
687 1248
1652 117
120 839
1785 1366
429 1027
1386 613
539 253
226 335
1358 209
1604 1572
206 728
1480 661
278 118
448 1081
129 462
585 561
1692 987
1240 894
151 781
1201 374
779 1240
1055 484
579 270
1237 1751
1097 1250
1736 1497
113 672
480 137
1293 1722
817 1691
813 1354
841 739
1133 556
1584 1236
704 136
996 300
1239 528
885 1580
1691 556
637 1083
197 1599
955 1557
394 1263
134 261
738 1
1558 834
172 1797
1041 5
259 859
1004 1527
719 1797
1651 1175
1368 1647
148 624
765 207
1447 630
1267 195
1113 1313
532 152
1708 717
680 681
1068 1549
514 818
1 530
119 967
690 1348
1762 1761
342 774
1111 1191
364 1590
526 735
1037 109
772 595
447 308
1329 697
1622 1030
85 1021
452 1460
1138 658
1388 1707
455 1573
511 976
1726 401
715 662
1622 1026
158 899
921 510
618 1650
1129 80
870 862
571 1254
71 1498
1678 745
990 1092
1174 1658
189 1467
1198 246
639 896
1678 1488
1717 1028
191 562
1009 893
1453 1087
1251 1594
1546 523
569 1148
865 77
1015 1283
497 1568
579 237
1252 1043
1091 959
659 774
935 1664
1003 928
1475 711
1778 1679
781 1779
1212 1716
355 1663
1020 1685
309 203
1654 1605
644 347
195 544
276 189
607 986
1370 1593
133 1694
953 523
1591 448
126 177
758 410
1689 1030
25 1710
164 1527
1285 655
985 455
1205 317
1798 230
1262 680
461 45
394 705
1511 853
773 1038
924 1499
164 1605
428 894
676 444
81 1492
943 354
114 578
1730 1211
1012 1638
1537 1687
321 375
662 796
924 289
793 130
1200 902
895 926
59 856
765 1000
679 1281
581 1528
791 234
1270 1528
1091 220
192 222
873 1171
216 190
412 1485
1773 767
177 1043
23 795
1359 1123
159 1503
1021 1311
41 1210
1429 1369
519 792
44 1506
969 1291
354 303
166 434
1734 1053
1300 1332
287 1620
1087 1163
469 1011
506 510
372 455
113 94
966 1706
758 795
151 357
1675 1209
1094 804
1156 1737
1349 415
1313 76
386 391
1022 288
1214 1058
1520 278
1462 773
93 1096
1159 659
787 1266
720 1237
1300 843
106 1145
1779 596
203 558
1511 696
1258 753
1090 1223
539 1507
14 473
518 574
1431 1372
728 1489
1441 369
1272 526
1551 997
1660 1332
1745 790
1749 1079
890 898
1299 709
1511 1080
1096 986
444 1476
875 647
1458 552
1391 230
1357 1175
627 126
628 165
836 428
427 914
1158 440
99 164
1736 645
467 898
830 711
509 1688
213 452
1575 1162
469 1258
101 542
1200 1566
788 1307
674 1268
676 1432
268 381
721 390
1048 239
1154 1767
765 515
1715 975
1682 1081
1387 1467
1422 393
109 934
1580 741
1497 636
974 1116
1306 1687
831 643
1471 1316
11 57
240 407
1634 1167
400 43
523 887
76 1584
850 1515
509 1595
1776 104
299 1082
186 1413
351 1681
1528 1611
551 723
1283 188
390 1053
1354 422
887 9
1706 1693
439 641
689 82
100 1194
1057 67
555 200
1407 1069
331 1248
928 51
530 1096
1104 1745
1613 52
385 241
840 1125
825 1701
1280 1070
141 526
1008 1755
1174 431
129 1054
1724 617
188 284
1473 1198
1538 491
1691 1018
1340 1758
65 32
1381 1284
1446 1576
120 1334
1346 385
1171 548
805 388
1785 1346
1415 30
1696 1151
808 1022
45 707
776 1018
483 1713
567 228
525 48
1000 863
827 55
887 301
1579 797
844 179
1516 1025
1382 46
86 1151
1736 1436
1671 222
76 997
335 34
977 925
1390 1172
1532 413
1347 1550
421 1526
69 275
630 1731
4 1603
495 1109
268 1140
784 1567
1747 724
1563 955
1468 1418
1551 1164
523 910
932 1164
479 1215
233 919
791 424
613 218
424 580
738 285
1040 800
1280 946
578 1750
657 1276
767 40
1713 1331
61 14
701 464
1275 330
1368 1655
1698 1775
1197 1181
1044 711
751 997
714 1698
92 1607
1193 281
1719 496
1435 1080
1130 1561
1396 690
569 423
128 1320
1469 329
1461 174
650 1012
777 1515
61 600
352 639
1724 1394
1731 1061
1330 1187
511 1233
849 435
1598 1304
236 1242
1407 1668
936 366
1289 710
327 397
137 753
821 1798
1101 1294
74 227
1769 1369
1755 775
1485 855
982 1495
1497 802
297 1502
167 1007
974 194
1109 1619
1094 164
923 1196
1592 1223
1555 143
1509 1192
1587 971
1512 1337
151 604
1315 1363
259 600
1704 1630
77 1281
1135 472
1050 1688
44 1634
1183 387
471 322
35 937
1603 1269
841 1250
979 1579
815 1726
422 1387
1428 983
1178 1215
733 125
251 1674
1275 1442
714 1440
286 1756
1720 1646
782 285
1673 1394
1354 1082
1626 1439
1351 194
191 1766
127 638
1210 1096
31 1727
911 45
1067 1416
145 1510
1214 1599
1154 398
1646 1457
922 1371
548 821
1143 432
1645 263
1522 895
1375 1300
601 1265
766 313
1731 183
1601 1089
385 196
1048 1027
249 906
338 1704
207 252
1157 371
1441 1251
345 1058
677 76
50 1422
263 1299
559 831
1499 109
780 1537
785 1715
1767 138
181 1173
1432 1475
1425 635
150 1594
74 1363
1527 1783
1451 646
767 375
1758 843
110 214
320 1335
1750 914
445 672
326 1677
1327 38
824 1728
313 92
17 373
118 1665
1653 313
1282 1572
1200 779
438 339
176 806
978 284
10 963
149 1569
563 1000
1586 113
514 1722
1303 733
575 978
1440 841
959 1375
406 124
715 4
1677 316
1264 1663
455 1263
1765 304
1269 568
32 1300
424 425
817 889
1659 1148
518 771
1680 964
1292 51
79 527
714 1780
951 1689
1218 1160
1024 1019
402 1502
651 486
452 1459
1494 1201
541 764
146 155
364 1202
1377 498
1356 1690
799 1537
1483 47
301 797
1131 845
1148 1635
229 706
1058 1616
1651 61
1250 324
690 1542
745 597
1232 1696
456 509
1506 324
1795 359
1325 1607
1218 685
578 1276
954 790
202 243
1214 1721
287 567
1127 1746
1106 822
1733 924
1685 562
1207 1615
1370 1021
779 1387
467 1787
857 773
1467 1151
1682 1635
1553 1722
708 1603
1168 367
753 1084
1096 1008
1040 550
602 553
615 1275
1028 1408
357 423
929 993
1726 496
907 1767
1306 1538
1671 774
749 1499
1491 130
1567 247
1312 1513
1030 1341
250 1604
1194 1130
1536 187
574 522
1284 1561
493 22
315 361
1759 925
926 1312
1 607
504 839
857 328
136 1571
1276 732
437 148
1374 861
188 57
1236 1278
558 68
695 1141
1201 725
133 1784
217 688
103 1761
202 262
281 1474
1651 259
573 1292
189 223
65 428
655 876
263 569
468 1042
1660 1269
301 2
1613 362
992 419
132 1111
27 526
1134 42
1553 1680
144 1515
1145 906
462 1389
1551 494
1469 1245
1637 1744
1723 1336
782 155
32 1651
701 1671
1361 46
107 963
1288 444
1497 1344
1598 1640
1706 1301
542 1788
1421 1406
672 2
1621 630
583 1361
1602 1638
289 620
895 1173
1184 1145
1170 977
1491 836
1671 751
1655 972
1128 664
349 1182
159 60
176 721
319 1688
171 1692
82 209
593 255
979 1708
393 1714
101 557
730 1176
1513 500
409 847
692 1291
613 1798
644 800
530 757
83 881
723 1525
231 490
920 391
986 1236
796 45
349 297
1316 1364
894 1197
1704 1740
694 238
1355 776
1699 574
1735 1040
389 1790
1342 1556
1504 1470
0 292
1262 338
769 554
430 1517
1219 373
1053 1503
1192 273
910 1737
977 576
909 1599
228 774
1539 972
170 623
826 305
1268 1215
275 1226
1540 1789
443 1059
486 869
816 155
20 828
1204 260
997 93
1698 298
631 1278
1734 889
1362 1644
1162 1625
222 1619
1357 81
644 61
1505 277
1464 197
1143 452
1168 1536
1521 1580
1458 1507
237 1331
705 992
1026 501
1217 632
402 1190
1383 878
872 1161
700 1357
573 1374
726 1125
183 1458
1003 473
1148 179
973 1112
589 1226
1346 5
507 1671
1386 920
678 542
480 1006
1132 133
899 71
599 1713
663 868
1056 1459
906 985
751 516
1027 163
1493 1749
354 1382
1520 118
727 68
181 1565
715 1379
1580 891
1519 1656
1202 318
542 446
922 1084
1547 1545
1356 515
304 203
1710 1617
1002 1708
1307 1720
368 1325
858 1583
54 680
5 313
849 979
1664 1056
324 636
20 1179
659 1645
1251 377
1265 1422
118 1796
221 1059
1627 383
1151 200
1095 432
1686 920
920 1148
630 1437
1293 1181
521 1016
1600 1647
575 4
1619 49
1780 1359
187 1461
1446 1490
383 1476
1492 476
767 640
1748 929
298 207
1762 372
1248 248
916 1633
66 369
757 1278
1180 1740
220 983
1470 50
1652 93
836 1651
686 73
384 24
644 1673
485 635
835 1248
725 654
1422 1703
1765 1188
652 1223
1539 958
471 830
803 1275
684 195
1498 17
1439 1766
616 1335
1703 847
1405 1409
799 429
389 575
932 14
374 635
399 105
51 1251
1529 520
494 1696
1411 46
601 1036
467 704
1769 1674
1393 1535
676 1621
278 1418
896 1078
1274 1295
297 1609
1342 196
1062 92
1120 638
87 1514
1534 757
1556 1045
684 505
258 905
312 891
1639 130
340 1372
851 706
1370 85
87 1100
646 934
419 1720
1088 793
419 561
1747 590
1130 784
1680 765
1424 1057
721 400
9 1189
587 1490
1733 1558
877 300
562 627
647 1729
217 410
533 1167
311 475
1160 717
139 300
716 1777
1001 27
638 1538
1629 1392
5 996
252 537
626 1690
285 1078
821 237
910 1482
655 862
760 6
1416 238
1262 1501
1094 209
853 1566
48 1678
613 1701
544 750
182 918
79 1649
1133 1692
318 1420
1410 508
1115 864
898 203
407 1065
1573 1451
1531 55
83 1053
594 771
1350 959
904 1
605 740
173 1066
1142 773
245 1081
187 1472
29 514
711 1591
1286 1646
1633 606
1436 159
743 120
242 180
1690 1476
877 1403
182 438
723 778
319 719
1285 1027
242 1353
935 722
1104 1280
1015 1441
1297 1363
645 1348
644 932
737 772
1274 1331
644 1108
1110 358
970 1622
1303 340
756 131
1038 313
262 194
336 1074
714 851
804 92
500 567
306 733
168 554
1236 1304
639 960
1259 462
1645 874
1684 232
1400 783
194 695
1108 856
288 1342
1432 150
732 434
72 240
279 236
1784 1082
26 1051
1476 1383
598 505
578 1544
223 1405
1417 292
745 1019
1143 546
1642 904
119 1588
1385 173
1625 8
1552 672
454 1427
696 1733
1211 342
618 297
1433 1326
214 1032
1671 192
1731 527
39 1665
209 749
1604 1766
1576 129
24 1318
896 456
371 359
655 1709
1165 537
1764 1653
1281 1280
1292 458
110 455
155 1298
1337 1049
393 654
56 1085
926 1208
851 408
722 622
939 89
968 335
126 652
26 1328
790 1594
350 1452
1787 134
1030 260
628 409
814 1170
131 308
1477 1216
1462 625
448 1503
1150 727
433 995
582 188
234 1685
995 1353
416 169
1646 1613
978 643
1529 1661
1658 1404
173 280
677 55
558 1384
603 749
1778 1493
1466 1383
917 1258
565 1185
1136 868
265 1544
423 1635
160 1483
1225 292
1699 600
1072 1780
780 399
641 683
928 1140
525 1488
215 599
