0 1087
3 1208
1997 1791
1996 1033
1995 1252
1994 1518
7 1457
1993 1541
8 1475
9 917
1991 1311
10 1498
12 48
1988 1598
13 1385
14 21
1986 1460
1985 490
178 350
565 502
1393 351
107 547
1088 923
850 344
27 1003
756 1125
580 1266
1331 400
1569 638
693 1721
1127 1394
353 1207
1745 1657
1 597
2 532
1999 963
4 432
1998 1055
5 12
1992 1054
11 489
1987 1156
16 402
1603 1849
1237 401
800 1953
288 905
821 1938
1167 69
1375 1152
1082 779
1086 1193
42 1130
557 1202
6 1263
15 1408
1717 200
1422 1964
79 1387
1089 1606
28 1603
232 1866
300 1372
1712 1006
1235 1736
18 1674
49 1379
35 1530
1667 829
173 784
576 1265
970 761
144 584
1514 214
1608 223
1049 297
1741 1190
388 1421
1664 1474
17 309
1990 1056
19 1648
1098 892
1765 100
732 504
863 119
1289 1235
896 311
113 242
874 1873
641 1783
1938 1046
1181 1409
292 1942
1216 754
1756 1915
20 358
1812 1684
1281 1275
653 1662
25 1846
1656 889
1863 334
1194 1909
398 901
903 1818
1559 912
1342 1886
21 959
106 1865
1294 1569
1900 1163
43 630
99 672
233 1043
1145 1189
328 1822
301 1413
814 324
94 109
318 1477
690 952
257 103
949 1367
1542 918
384 1827
1007 877
236 1714
1847 618
377 293
725 1561
1719 398
1843 469
1099 182
1687 1971
170 1260
22 906
23 645
1646 1659
702 1021
1673 1705
1039 956
90 1306
24 1661
1855 1936
941 1199
1334 819
1939 1660
249 1627
1222 1216
841 512
1431 860
1768 570
1959 1825
1344 1517
955 561
1464 218
362 1242
132 1314
1223 762
1510 514
540 1244
1509 1051
740 32
330 389
1068 955
60 186
1150 1943
1069 1294
26 887
845 1622
1169 372
773 1386
411 763
280 1102
424 181
625 1647
826 1952
1550 1484
1499 1082
1989 862
760 338
570 1809
1327 545
1254 143
907 531
703 1469
1743 794
1973 815
1791 1428
1277 852
895 1719
1198 1908
1107 90
29 1902
30 49
494 91
1501 492
1969 1635
31 881
736 1618
776 1154
221 795
993 1486
906 434
888 1588
672 263
1302 1837
1482 273
32 546
291 1857
1707 357
436 329
1644 1076
86 642
1419 1289
470 927
1395 1187
234 1173
497 1983
1856 711
711 700
320 880
1609 619
704 1718
346 1560
685 1746
1522 1697
1590 559
1936 788
827 1796
64 596
152 233
33 241
34 1602
1866 904
818 1175
722 493
1037 1729
1915 1194
689 423
684 1230
720 864
940 1655
960 1712
509 519
1371 1305
1011 1758
1203 1170
403 1206
853 1365
36 234
1418 783
1948 355
272 1354
1823 726
927 745
835 114
1694 107
37 872
1684 1639
1781 1171
1104 1527
363 1459
1614 94
1680 1533
1486 858
640 1049
1924 825
1243 16
38 43
624 145
1326 1658
1661 1310
219 685
1186 950
543 692
1622 1062
807 855
1944 1219
1641 1860
192 1903
1820 499
1956 1685
1121 1999
781 1781
914 1297
279 1706
752 1256
1238 1573
1390 1534
712 708
1123 527
130 1248
40 1921
811 249
1217 266
1427 808
1019 1228
41 1487
212 627
795 1053
82 1939
1521 1640
242 1851
188 1841
1385 1145
67 1793
762 1508
1527 896
48 1309
1151 537
1483 1715
1975 1350
214 318
1612 483
1115 1788
1919 353
1582 897
843 1218
39 1433
1649 151
1629 1450
953 1666
1179 1150
198 0
1908 211
502 84
1163 1612
44 1453
525 1817
1094 1568
678 1795
93 1773
1276 232
1494 1571
1758 543
1735 1149
45 769
1828 1734
1247 1472
438 239
598 265
271 1254
1343 1059
46 1220
1637 1977
1967 425
1278 1131
1178 1843
1001 377
864 1027
57 213
303 614
47 1286
1980 194
1817 6
200 415
92 1117
1362 1384
1258 1711
1631 299
244 871
1317 1867
1139 1762
190 1834
1158 177
577 1868
1895 861
1231 961
51 38
277 208
561 1081
1013 381
455 178
1752 1339
1891 271
1877 193
1601 289
613 1974
50 1536
177 302
619 475
429 1446
726 1032
52 976
869 258
591 1726
1446 308
361 1464
1879 1166
452 1000
822 1212
1816 1966
389 209
745 1933
176 1926
315 843
1164 39
340 1214
1876 919
1380 464
1960 291
1433 1418
1316 1427
533 1442
1922 1106
1892 813
946 418
998 835
1796 1467
1583 261
1747 352
1884 1574
53 1549
54 455
55 1994
1544 1264
885 1430
931 824
1321 604
1260 520
1337 1353
56 444
1690 81
957 144
1731 838
1189 951
1516 1267
1715 1651
217 1092
136 749
1548 1489
1598 1988
58 1500
997 1525
1301 1895
193 1344
1691 1582
620 1874
1459 1887
1633 513
1511 616
59 1091
75 1766
1830 1687
1916 1268
1686 657
196 1871
1849 1280
1000 1028
743 1205
1043 14
1913 1570
348 1782
556 252
61 916
742 226
1658 1556
317 1844
1377 578
406 725
1859 807
62 991
878 1882
866 1411
1573 343
715 403
805 1389
1624 335
368 494
741 805
1794 1554
581 1101
255 1927
63 1438
1744 1352
1538 909
1860 22
1898 33
746 695
929 1444
258 1084
754 294
1052 993
246 902
1968 1897
1229 322
721 1804
881 1730
1688 98
1578 1785
758 1577
65 142
66 639
1200 1679
1030 1626
1338 1473
618 1955
932 1115
379 1710
127 1885
88 4
253 589
477 290
1813 893
1307 78
1138 1443
189 1922
1070 948
601 1116
505 1288
216 430
1585 1185
68 216
611 1359
1515 1678
637 1737
159 131
1292 937
1606 686
575 945
1977 1700
1779 1675
877 583
596 62
1698 1950
733 540
802 1634
491 682
70 771
71 1186
471 613
1773 164
1097 173
69 363
72 678
1848 139
1378 823
626 841
1234 1142
793 1741
1597 136
1721 681
73 1780
1180 1505
642 26
695 767
169 1191
74 907
589 18
1961 369
1852 1794
547 863
1475 1831
180 1932
1640 1300
848 60
1408 1683
1894 932
1604 1169
763 1769
1807 1167
1009 1962
1783 751
1152 1812
1309 518
1401 560
1815 676
1212 411
76 1904
652 724
1767 1805
1802 1031
1951 1330
77 1276
1232 345
1432 986
772 247
515 473
943 549
713 1308
311 801
1748 1595
534 133
186 1426
796 1981
990 687
341 562
1451 623
1288 551
184 250
140 1692
656 1552
952 476
913 742
1095 1811
1580 364
1034 529
105 804
871 463
1340 773
78 442
80 984
245 1036
1926 1369
1693 942
1184 1251
1676 1739
1592 1050
1078 1029
991 52
1160 1810
1952 328
81 443
1805 1524
1834 1262
1404 709
966 1621
1872 985
275 383
1642 1045
1703 971
1513 1035
1626 747
83 1346
1010 1431
263 582
1627 1935
326 640
142 1973
1136 694
1239 1072
84 1820
1636 255
1929 553
459 420
1125 516
1348 67
484 1643
154 278
514 803
1564 732
1625 1278
443 588
925 1772
85 632
1818 224
797 1039
939 946
532 505
1228 1371
87 495
889 450
418 1752
747 1815
1428 538
1457 883
137 1563
1881 802
1551 1424
485 1122
1323 1637
1284 1005
1391 1064
1965 1405
89 82
1264 1619
1219 1998
548 1535
299 968
486 1281
354 590
1018 449
1537 185
727 1034
1638 644
1109 126
1473 782
290 89
912 935
461 853
91 1111
1841 521
1172 1356
183 1509
1562 373
988 404
1014 220
512 706
1838 914
520 313
1274 325
1546 303
408 229
416 286
944 515
608 1646
1718 1913
879 1261
1263 977
1005 1537
1825 800
1842 375
1403 1937
1632 1597
108 1694
1271 433
645 744
1672 110
1732 1126
1971 1768
442 990
1978 662
1720 1436
1554 1407
1083 1778
1983 964
95 790
1506 362
851 575
96 1695
464 635
1465 1434
956 740
1786 822
1330 1417
660 1351
1912 88
1129 569
191 222
602 1923
1413 1
858 1792
1530 1669
1734 316
1840 840
97 974
98 105
967 1287
1067 722
1529 1497
546 649
281 925
162 1756
1044 230
473 268
141 868
1962 1750
897 465
1425 1609
1495 1664
728 1366
100 834
847 637
101 1859
247 1250
1727 1270
683 1183
813 1146
1526 470
1411 1816
124 498
1653 1580
273 314
1015 1891
155 1482
759 394
102 958
1402 1578
798 1565
1079 57
880 466
195 148
445 677
923 97
1091 734
1669 1901
1871 1176
1242 573
634 1708
1478 1077
1930 1140
1066 1161
860 85
1460 1889
563 565
103 1002
104 534
359 1638
1917 944
739 593
1046 1290
1775 1521
319 654
873 236
365 96
1379 998
1935 1080
1399 196
1778 1751
1532 1797
1381 954
1568 392
1128 609
985 735
1531 941
1746 536
1623 227
1161 1550
585 1564
1749 1723
160 636
1710 1057
1353 75
1652 1916
1610 661
432 1611
1628 1786
667 960
364 650
621 810
1156 210
146 772
1170 1452
456 689
599 1114
1795 683
109 19
1954 1239
1073 930
213 219
123 1343
1839 315
986 759
110 15
111 888
836 1557
1055 643
421 854
1339 703
1556 174
963 1544
327 1274
1224 35
435 796
1600 1492
469 663
753 1422
1931 886
268 688
1918 371
1799 595
643 1907
1106 1912
1774 799
1873 1839
194 1586
356 1529
112 777
1705 826
1057 869
900 183
114 1920
115 56
706 80
984 943
947 750
1889 34
116 188
425 437
218 1078
1383 1616
295 768
842 1630
1251 1779
1681 407
1784 486
1966 673
1084 331
1416 1382
117 321
958 876
1536 577
791 54
1704 730
523 1516
737 1765
1255 1349
1165 1689
119 1610
1517 666
360 911
227 1042
1061 1415
1685 973
120 1374
567 1172
333 1829
696 71
240 736
629 1911
937 1215
492 452
121 1667
724 1956
433 1447
1314 1757
118 1393
157 1133
1793 1295
1555 108
1175 1968
122 1944
278 1542
981 1555
405 157
1367 491
344 1513
1279 269
387 1699
987 524
710 1590
1386 11
922 1315
1140 753
921 1412
226 204
1484 1982
1041 1127
938 1123
479 1869
125 568
126 412
1110 698
1651 1041
1132 1919
694 1404
357 1744
1363 1293
1696 53
1591 1441
755 1993
664 1743
1444 1949
948 134
501 215
1678 1231
1173 184
1772 366
978 176
1722 1641
128 1012
1467 1277
1176 1282
908 509
1837 980
1836 337
182 390
1168 774
297 248
1844 1620
1808 1403
1620 776
1221 1720
1911 127
269 231
632 481
1921 1763
129 333
1552 1008
1643 1575
1869 1110
1230 168
1800 1318
1943 379
131 36
665 408
607 1010
1023 1749
595 617
1565 61
654 197
1914 1969
503 936
133 128
605 1863
1162 737
1982 1510
1491 764
293 175
815 1238
1143 1928
1117 1237
1250 827
375 436
682 301
1253 1025
135 1847
1024 738
1199 778
1660 1325
476 1808
1771 1732
1062 655
1215 1141
1702 40
806 1945
134 555
1487 940
298 205
352 1701
1028 1271
458 409
1166 1398
316 1642
1481 41
261 468
1092 1975
950 1066
1561 816
1021 1363
1421 1512
1389 1227
1103 1048
138 153
139 426
324 622
649 156
1706 1338
1298 212
1081 1470
1958 163
968 1112
147 1858
1310 1013
488 679
475 1504
1017 441
1424 839
1004 1898
849 1821
708 625
1880 323
207 202
510 1963
329 1313
837 30
143 1058
1025 244
1220 885
1376 106
1602 340
1753 456
705 1990
771 1396
1910 9
764 1539
1398 1881
1886 304
1857 1097
646 1625
564 574
830 330
1045 1456
1821 601
163 1138
145 1681
305 847
423 281
1490 125
1201 1801
148 1709
496 517
1827 1853
383 1014
803 1775
1351 1301
367 641
1846 899
1113 300
204 1020
1586 1259
1674 591
307 1414
1553 510
149 691
150 610
1670 1776
972 1632
1387 391
487 938
671 820
1197 257
151 166
1135 920
1027 296
1287 42
954 757
1854 1987
1806 160
1445 1233
1981 1976
1737 1182
587 195
1120 526
1318 670
933 461
1182 563
1293 497
347 833
707 1954
1946 1038
369 428
1708 718
674 276
1453 712
410 1074
451 1604
153 76
868 585
936 1864
926 46
942 1650
241 1826
478 1361
1811 729
156 1995
1157 1162
164 850
969 1840
1350 1019
647 541
857 1375
560 501
1504 1878
158 634
1618 1593
1102 275
1225 421
1177 1331
571 424
1492 203
230 1491
391 1401
489 1022
856 1381
259 1890
1146 1931
1650 1303
161 781
542 867
780 367
1137 571
962 949
901 1312
1026 1991
462 1129
1882 793
1677 169
1144 1153
675 1930
1792 934
1124 1724
527 1764
1725 1888
1789 25
1788 1284
809 608
434 775
1587 1800
1904 1465
554 913
1500 45
1352 1587
1695 615
165 1731
166 1855
1461 786
1206 1063
1751 1526
751 1910
832 17
396 1624
167 1688
1452 1094
1116 1004
168 882
1885 1862
209 1373
1563 674
582 845
1803 1326
335 356
761 1854
314 1324
1366 1179
171 378
1630 1124
1072 1717
172 1332
345 1291
1054 1342
631 72
1941 818
1697 1819
1048 1134
1819 1243
1955 503
174 406
1488 1608
965 1089
175 1316
374 758
521 652
481 1803
1621 460
1036 967
1835 270
1785 10
1945 251
891 1522
1733 1437
1770 1440
545 580
482 1223
774 733
1549 720
553 660
179 1558
1543 138
875 1445
417 1784
911 368
516 970
1671 999
1864 1240
181 910
995 1813
1458 1707
370 1755
1655 1201
206 511
1119 1872
854 1760
1332 1493
467 1738
870 1585
1547 47
1893 554
1574 336
1810 1229
185 1061
1964 1532
187 1317
861 478
1240 439
606 282
817 115
1907 393
197 1665
1388 1388
395 298
1058 859
919 1594
898 1121
1436 1147
308 190
310 1814
964 129
1469 1740
1480 648
614 1672
331 1211
750 295
1589 1947
465 1838
1925 865
1657 1494
779 376
894 221
1668 359
1761 187
1572 884
350 1836
1909 898
1394 798
1356 1196
1006 152
700 1323
1776 592
1711 438
1295 118
1149 1026
951 272
1476 1490
304 1016
1324 1098
1003 1670
1275 1109
312 727
1210 1790
1214 1136
971 410
394 1192
1105 462
816 1391
610 382
989 1728
1305 1601
199 102
1207 792
228 690
1133 564
1449 1979
1790 866
202 1204
1507 846
934 1336
201 1279
203 550
983 812
824 1546
1659 987
1114 1307
1423 1395
1364 1770
825 361
994 957
831 1579
1619 1435
252 44
1033 1178
1202 748
511 1088
266 2
1047 312
977 621
1208 51
1392 396
205 279
504 1327
1087 1566
992 471
208 770
1272 566
1370 675
1256 1906
1970 167
210 1067
1313 1883
786 542
211 7
1782 1591
1442 713
680 587
313 121
692 386
544 530
1415 1584
302 1139
872 1198
799 760
1485 86
538 246
1576 256
536 797
1512 856
769 427
1032 92
584 1894
1524 55
215 1383
1244 989
630 699
229 1463
790 680
916 445
1567 217
788 1686
980 1656
1599 1934
422 1302
1188 104
1051 1605
1594 451
531 752
1218 1075
1596 1224
785 1861
1382 405
1346 1789
220 1195
1312 915
1303 1188
222 1128
1183 1221
223 1360
224 1615
518 342
490 1948
225 1899
852 1132
738 556
463 1378
644 842
1096 1924
1147 150
1862 1449
731 1015
339 1180
231 1420
1196 1523
573 651
945 814
1155 472
883 1884
1429 1319
1503 280
1056 506
834 1876
904 1397
1508 292
1248 254
1520 806
658 1151
767 159
262 1299
1283 1959
235 1177
920 387
1570 1400
1268 59
237 982
1581 307
594 1093
657 837
306 705
1468 346
1063 1103
974 448
1195 1978
238 997
1454 1499
1903 1347
1192 1225
1384 189
1296 1745
239 659
1407 714
1887 5
1035 27
1850 693
282 31
1369 179
1153 123
248 1040
1108 201
243 1245
1615 1989
528 146
1932 1761
566 628
583 1896
603 1614
1299 1007
801 1645
1447 1506
1645 811
407 319
1262 87
886 1551
976 1519
1675 903
1545 1135
472 817
676 1967
1728 1044
783 710
378 931
1897 1960
1683 1070
250 1148
1420 496
592 339
251 1364
1315 766
1040 631
892 482
1071 548
1406 981
1713 996
1902 1090
1826 64
887 191
254 1545
1742 243
1829 891
1060 1842
1211 116
426 552
1325 1663
1611 983
351 572
829 1174
309 1083
1874 384
256 988
1738 1304
439 1961
844 141
1412 1184
1755 1940
284 207
1439 1623
1797 1958
1022 1234
260 1210
1928 1432
778 365
499 1322
1754 894
1141 1164
1906 1845
495 1159
558 1671
1798 1226
1322 874
1361 1283
679 1255
380 895
267 1213
1865 287
1016 1368
264 717
578 567
1979 1060
1496 1209
1723 349
265 1376
1174 870
1265 370
1397 1203
535 374
1647 1759
342 1155
270 576
1282 1399
1008 1799
1396 879
274 789
982 1357
529 969
1213 1416
1355 1480
428 1119
1663 606
1245 1079
381 1468
1832 228
276 1877
448 1722
1372 354
1890 395
285 1158
1171 605
1191 112
373 68
474 274
1780 1466
1311 612
1080 1918
393 399
1190 1693
283 93
846 447
663 1157
568 780
651 600
1571 1009
1466 1547
286 684
1122 435
1502 1298
867 1236
287 262
1187 320
1634 74
400 1479
289 828
1724 360
1933 1553
1665 1698
1833 1830
1118 149
1858 664
1801 646
1593 723
636 154
336 83
1053 13
399 1068
294 966
701 535
1814 1273
296 283
787 890
1497 1520
1090 1713
1699 488
1639 832
1477 1335
1766 620
1226 199
1976 809
1463 533
415 656
1762 306
1236 1100
431 1455
1984 1538
1588 454
1064 1448
1474 756
1759 1451
1479 1120
828 1631
1456 1099
1438 3
1368 130
1950 1880
1760 1753
718 544
1029 523
1769 558
1870 830
506 1748
430 1001
639 933
1320 117
839 120
1519 1200
714 525
1297 557
823 1345
766 1917
1154 171
905 122
1750 528
437 721
876 1402
332 1118
1613 928
321 1329
1716 508
1777 1406
635 1246
1193 457
530 1296
572 73
322 1222
323 1515
673 1704
910 206
1020 1495
325 1984
493 1702
1963 66
627 484
1249 878
893 24
1065 161
659 165
792 1037
334 728
924 140
454 326
1899 922
444 1073
1557 1832
1440 1358
1409 1011
337 458
1525 1802
1111 647
1518 429
338 1024
1134 1735
555 1828
1471 245
1426 305
884 1628
666 1340
650 235
343 162
686 1419
1319 380
909 1970
604 1875
1764 1069
450 23
804 629
1126 1337
446 1856
414 607
1333 446
1809 1893
1455 348
1405 1292
349 1272
681 332
1430 701
420 1980
1002 1105
1443 1143
1075 1727
1286 1144
1616 1957
1050 1824
1617 29
355 633
655 1380
1584 1965
358 716
524 539
730 1507
1923 1328
483 1617
526 602
449 739
1957 147
1285 1629
1566 285
1949 1589
1666 875
775 1429
1709 459
862 1197
1359 1018
366 1253
1450 1835
507 939
1757 1767
372 1483
1595 158
371 198
899 240
698 1160
716 1774
1822 1914
1560 1047
376 1548
902 1798
915 908
1851 1576
688 95
1373 1870
549 37
777 267
382 1703
615 1633
1241 873
1304 192
551 1892
386 965
1100 1511
385 1636
1360 397
1270 696
1341 317
890 1181
1896 1581
517 924
1726 1285
1942 1951
390 665
559 1972
392 253
770 1562
959 63
1365 1355
1662 479
397 848
1085 137
930 962
401 1682
402 1807
1448 1592
794 1501
440 1458
1635 1425
404 1946
979 1985
1868 522
569 929
999 77
661 741
498 603
409 668
648 1333
1804 1085
1349 1668
412 1653
513 1850
413 1478
1901 170
1654 1754
1400 1929
427 1439
810 1471
833 1377
552 1806
1679 1852
1142 1269
419 669
622 972
1252 1462
668 1543
1861 8
1974 388
612 260
1374 79
1888 1168
1579 124
1701 791
1076 1742
1417 1690
1148 225
723 746
1740 1030
687 1777
1523 719
840 992
812 1596
1692 1747
441 1725
1528 113
1831 135
447 1065
819 667
466 1528
579 953
709 155
588 1649
1934 28
973 844
1541 921
765 111
453 1023
457 731
928 1454
1493 979
729 1108
1824 1423
460 1540
468 1217
1472 1392
1266 624
1736 288
744 347
734 857
882 1258
1335 1249
1209 1986
1101 65
1575 1652
480 1107
1259 1257
1306 1613
590 947
1505 480
996 658
574 1531
1947 626
1940 1691
1261 1673
1269 1733
1605 1165
1878 715
1358 1017
1291 707
519 1680
1131 1104
669 467
500 1481
865 101
600 1572
1558 1996
1273 1567
1410 284
508 1320
1300 581
757 485
782 702
1927 487
522 611
1038 598
697 1113
1414 994
935 1341
662 1696
1012 1086
670 1496
617 1071
1093 70
537 413
539 831
541 453
1347 58
597 1848
1227 416
1682 1599
633 1488
1535 180
1539 1137
550 978
1329 1362
1354 310
1059 1823
562 1654
1462 1879
628 851
691 1461
586 277
1077 1905
1853 787
1730 975
789 132
1205 440
593 1583
855 1771
808 1476
1112 1052
784 1334
1920 507
609 419
1074 1503
1534 599
1434 238
616 327
1533 1232
1159 836
1246 1607
1489 586
623 414
1953 341
1328 1390
1867 594
1336 900
638 1716
1204 1644
1875 1410
1577 422
975 1941
1308 500
1739 50
1257 653
677 697
717 1677
1470 172
1441 477
1883 1502
699 1095
917 1787
749 1992
719 1247
1042 1997
918 743
1435 765
1437 579
1130 671
820 417
735 1676
1763 1321
748 1925
768 1600
1233 1485
1540 237
1357 1900
1498 704
859 755
1700 474
1972 1514
1714 821
1729 1348
1845 99
838 20
1937 1241
1689 995
1267 1833
1648 259
1607 1559
961 431
1290 849
1185 385
1031 926
1787 1370
1280 1096
1905 785
1345 264
