40 61 0.0843405259986842
35 17 0.0195469200355806
15_57 74 0.0036957423953518
4_5_28_38_46 29_36_52_63 0.165391425050862
70_79_83 72_81 0.0039956841971863
10_27 21_26_51_60 0.401334199303551
47 22_39_58 0.0766869748668459
8_44 75 0.0018572378665257
21_26_51_60 16_25_49 -0.0075427444588686
21_26_51_60 85 -0.0069192890730927
8_44 7_32 0.0832450968308132
76 47 0.0049310128902416
84 22_39_58 0.0994040918817008
80 65 0.115090601101475
7_32 11 0.0381519302801774
71 16_25_49 0.0147186011363217
68_86 30 0.0501410297021273
87 18 0.0021826880610081
68_86 24 0.0492414580263985
10_27 24 0.0149669742738921
64 62 0.0654274726265675
20 66 0.137824913719147
90 77 -0.122974600411458
71 20 0.0202268492863677
9_45_55_59 11 0.0786098950437001
75 20 0.0165975883205852
3_6_14_18 74 0.0234353111821093
20 18 0.129922391214214
24 74 0.0875188585603425
20 42 0.181663986848116
16_25_49 76 0.0351126271038248
8_44 9_45_55_59 0.197791978829859
2_12_19 64 -0.0095154545502165
88 56 0.0176339644648341
01 50 0.0143644437363551
35 50 0.0074718089671275
10_27 7_32 0.0392548765929113
53 85 0.0393846502910225
91 20 0.0422937851635503
62 54 0.179343074286116
3_6_14_18 13_43 0.0428787529370317
62 76 0.0241288529035535
35 30 0.0169157406481733
3_6_14_18 16_25_49 0.0324596508768456
10_27 41 0.0190679497315285
33 23_69_73 0.164843279650793
40 84 0.175426231867995
21_26_51_60 76 -0.0152384700179242
91 18 0.0034337493184392
75 89 0.0109033763339926
35 71 0.170990173568133
71 50 0.0646080097693192
24 53 0.0695476819737056
7_32 71 0.0316727886218387
18 22_39_58 0.0376056606365875
23_69_73 87 0.0121069176177053
40 66 0.0218629247078903
89 76 0.0093466162725872
9_45_55_59 7_32 0.193199938202021
2_12_19 85 0.0108345676901834
84 11 0.0396515638490995
20 77 0.0018014145500236
91 47 0.0480228013149041
8_44 85 0.0368365156256636
82 37 0.125228927555788
8_44 77 0.0158081888702628
34 13_43 -0.025135298005114
47 18 0.192149797329562
23_69_73 29_36_52_63 0.0052462443320919
3_6_14_18 91 0.0220371905999672
65 91 0.0875149811038559
29_36_52_63 18 0.0263988061962595
65 37 0.0088299816528893
35 75 0.0517999650020428
42 56 0.006104892497377
78 22_39_58 0.202422935082006
34 61 0.107127660342416
61 11 0.0473096867812511
34 74 0.291928975093368
8_44 65 0.0123417007595894
9_45_55_59 3_6_14_18 0.0367220275068988
8_44 87 0.0043377798238704
70_79_83 84 0.0436214842868661
70_79_83 50 0.210551590489159
90 82 -0.0754803165306283
8_44 20 0.108201979512223
01 41 0.0298488087258814
17 67 0.0570940376716526
68_86 35 0.0361707542523603
87 53 0.115473424189847
4_5_28_38_46 72_81 0.0080227460864709
29_36_52_63 16_25_49 0.0315765691243377
50 11 0.0303103665031155
87 29_36_52_63 -0.008989785159133
41 47 0.032451791087441
31 72_81 0.0929892170199608
88 78 0.0579589737955361
75 17 0.0111894711254643
15_57 2_12_19 -0.0060654130538238
41 62 0.0135294622355258
53 78 -0.0173011370631694
13_43 11 0.0786112292514454
91 82 0.100183418284013
53 62 0.063209874226677
67 78 0.0516187711010388
2_12_19 87 -0.0726954314703535
3_6_14_18 90 -0.0209557933189198
65 22_39_58 0.130236589687001
84 88 0.0245506903175836
75 11 0.0580318550083095
30 85 0.0274466076831253
71 53 0.0154459645342733
21_26_51_60 37 -0.0241821098204699
85 37 0.0264721715107265
64 11 0.0150079923422665
41 18 0.105099480976899
33 71 0.0820069689959764
65 82 0.124440022065647
01 56 0.0248409728439701
23_69_73 62 0.0277281221612413
23_69_73 85 0.0329967044765723
33 13_43 0.0481932397046288
35 74 0.010486133880366
8_44 68_86 0.0174639588182349
71 62 0.0293620841314174
68_86 17 0.154965512305656
01 67 0.003037087165891
2_12_19 88 -0.0053635689138485
31 65 0.0282080489803072
71 64 0.0033208303716649
21_26_51_60 3_6_14_18 0.0098220704641164
87 37 0.0228700000227444
24 30 0.0939419871682317
75 67 0.130637339189776
47 11 0.0222574262476825
30 37 0.0091064988420035
88 4_5_28_38_46 -0.0088441823290293
33 75 0.0002591291270171
77 82 0.0382431792963586
9_45_55_59 89 0.122473132626167
15_57 30 0.135058530387363
84 61 0.129182777563228
8_44 18 0.0037893861796401
65 61 0.007701669209634
17 88 0.0363504909583231
54 66 0.161165367117161
23_69_73 61 -0.003687883254744
3_6_14_18 50 0.0082158468856225
74 65 0.0132303964166458
67 11 0.0805434307242476
18 11 0.0058805250754105
88 62 0.0141207337502725
41 22_39_58 0.0368236994056925
4_5_28_38_46 22_39_58 0.0266800996200941
01 62 0.0450523208268638
17 71 0.0017132596094234
87 62 0.0354609034002568
15_57 67 0.0284489840960341
70_79_83 11 0.0407388121615156
7_32 3_6_14_18 0.027243481319907
01 53 0.0268339350488443
01 61 0.0516019099920885
13_43 61 0.0538732220425277
74 16_25_49 0.105392183852704
9_45_55_59 18 0.0264406644225356
82 41 0.0032659445143405
66 11 0.028596015939348
53 66 0.0135011696149462
80 22_39_58 0.015478815737163
16_25_49 20 0.0155682145114488
3_6_14_18 22_39_58 0.0306423361549055
9_45_55_59 50 0.0968355180860353
7_32 41 0.0304920726058461
89 41 0.0360011337669251
7_32 47 0.0166558742911214
8_44 3_6_14_18 0.0472824465954356
37 62 0.102059329775405
01 71 0.158249475779044
89 65 0.0017278781539764
10_27 01 0.0890867749975922
75 47 0.09158579953483
2_12_19 76 -0.0358286611077888
70_79_83 47 0.090574387715646
13_43 88 0.0742214600475671
01 47 0.0295384776088705
75 56 0.0255982025622434
80 50 0.0055825578685874
65 4_5_28_38_46 0.0684726783214556
42 47 0.0371271502531368
29_36_52_63 85 0.104746860971457
74 47 0.010112178475893
74 54 0.0058786925532643
34 78 -0.0089644767146042
85 82 0.0372222203377217
67 18 0.0001321630222784
8_44 80 0.0322609007940943
2_12_19 89 0.0426006148867846
2_12_19 37 -0.0095257582664727
35 66 0.0169902987757534
30 74 0.0112619783661056
17 64 0.29045109652278
78 72_81 0.0220998413095194
8_44 74 0.0073664739701929
35 67 0.0403456165117762
33 67 0.0665211891407408
16_25_49 62 0.108012535601938
31 78 0.203101542093405
8_44 23_69_73 0.0010579175227854
40 91 0.160744699614452
35 88 0.107607854228451
8_44 66 0.0527403186704469
2_12_19 53 0.16847252095176
21_26_51_60 65 -0.0313710792028489
70_79_83 61 0.0984737842745134
01 3_6_14_18 0.0217079051575251
41 54 0.005045914996377
9_45_55_59 37 0.0028239477211087
29_36_52_63 90 -0.0420664640215952
9_45_55_59 74 0.0011576980725617
7_32 20 0.0146470774198549
33 30 0.03299327849617
37 76 0.0969002192305687
23_69_73 53 0.0308603968176911
34 54 0.0298548420323113
33 53 0.0176163119159581
76 54 0.116802922424556
89 4_5_28_38_46 0.0625725566932376
8_44 35 0.1210130215696
37 54 0.179967100481012
15_57 23_69_73 0.0663055428604697
3_6_14_18 20 0.0682026332501001
7_32 87 0.0092858919424714
24 87 0.130149303513788
13_43 72_81 0.0044610785604506
22_39_58 54 0.0246725280733865
21_26_51_60 78 0.0380757534919236
70_79_83 56 0.0064578827007133
40 88 0.0262969892732606
75 13_43 0.173178593738023
65 77 0.0116633016768375
24 23_69_73 0.0934742924106011
30 23_69_73 0.43606523663635
75 72_81 0.0214831440149212
41 42 0.0334496225626452
2_12_19 4_5_28_38_46 0.371604339015379
87 76 0.033925523942363
77 66 0.0520621919338529
50 22_39_58 0.109356401478247
34 4_5_28_38_46 0.0081679480299397
68_86 71 0.0141573906755173
31 40 0.093508208032157
40 65 0.135122135853925
80 16_25_49 0.00948627786674
24 80 0.0026905849329036
24 89 0.0273764007562863
80 3_6_14_18 0.0207507960612014
90 78 0.147887416509065
8_44 29_36_52_63 0.0250197320164478
24 62 0.0647065336827579
80 78 0.0315502233000503
56 61 0.137897521005715
9_45_55_59 76 0.0430013159100032
87 64 0.0124532803226452
7_32 16_25_49 0.0138087677315423
9_45_55_59 41 0.14187160331634
7_32 18 0.0467117160387563
15_57 87 0.137372841529445
31 47 -0.0222145007326536
72_81 47 0.0354080660674773
3_6_14_18 47 0.0305642312784644
70_79_83 3_6_14_18 0.031499062824274
13_43 16_25_49 0.0206784067585235
87 65 0.0002236504077295
56 11 0.0733832658565732
4_5_28_38_46 85 0.0836841532893518
42 18 0.282021357394182
7_32 50 0.0800512821537809
71 11 0.0591222592392747
90 41 -0.0102336768767535
80 74 0.0313417877535066
10_27 9_45_55_59 0.0029576959922199
2_12_19 78 -0.0108000356611846
50 18 0.0083160498461086
17 78 0.0245142788335831
40 75 0.0281781932122571
35 3_6_14_18 0.020694107145365
9_45_55_59 80 0.219595330229073
01 11 0.0328058194717616
70_79_83 65 0.0549860161615867
16_25_49 37 0.0097049544794014
31 20 -0.0995606646360501
34 21_26_51_60 -0.0398992082717668
16_25_49 82 0.0087462807366103
85 18 0.0847955475847759
82 42 0.0528710979024373
31 80 0.315297683043771
13_43 56 0.0292941993867115
13_43 78 0.0256173297624851
01 20 0.049435560539002
30 62 0.042133635904661
53 77 0.0559684167815627
33 17 0.0328741331640422
72_81 56 0.118559078785226
84 7_32 -0.041915454443297
68_86 53 0.050728104871925
35 13_43 0.0493143075912745
21_26_51_60 4_5_28_38_46 -0.0215901394426617
41 66 0.0963529809689941
8_44 91 0.0155362217385898
88 11 0.0897009550920481
70_79_83 66 0.028384457771692
40 56 0.0191394619374719
8_44 37 0.0410328756787391
33 87 0.0536961907468975
84 65 0.0970223589644383
7_32 80 0.128615097976815
3_6_14_18 4_5_28_38_46 0.0217244336441236
91 72_81 0.0282984304814403
10_27 22_39_58 0.002788358211764
37 41 0.0569981134519313
68_86 64 0.340142799863107
29_36_52_63 91 0.0422057705468737
9_45_55_59 47 0.009259559590599
3_6_14_18 54 0.0159879645563426
67 64 0.0479447878997423
74 76 0.216938236675875
71 13_43 0.0596838129235043
91 56 0.143823239427447
40 70_79_83 0.0295286351739349
75 50 0.0005897098571766
35 16_25_49 0.0554632064159324
8_44 89 0.0245633485811745
77 42 0.0403973783562113
82 72_81 0.0072276023125307
35 70_79_83 0.176954314563719
17 90 0.0534544412685146
15_57 64 0.0074825985320631
35 47 0.0922024644096126
68_86 01 0.0058167635593023
74 85 0.0224849799551996
30 87 0.0843537916552969
91 16_25_49 0.0461097853927009
65 76 0.0022843073988302
70_79_83 82 0.0127730248410722
24 85 0.0794978515606475
70_79_83 7_32 0.0385604454805138
53 90 -0.0599038592936585
88 61 0.135846192829919
50 16_25_49 0.0930474989131934
67 71 0.207992128841502
65 54 0.0221205784502074
68_86 23_69_73 0.250751169557975
16_25_49 85 0.19802176839846
50 47 0.0884382069289949
67 88 0.152603307385329
88 66 0.0272877507214983
88 90 0.0350644144863235
65 16_25_49 0.0137814255355042
71 88 0.150120735888417
8_44 16_25_49 0.0555436307309317
24 4_5_28_38_46 0.0156045480611237
31 84 0.0413277002860891
20 47 0.0252401571080638
70_79_83 01 0.0970254414296079
10_27 47 0.0104169725621476
53 65 0.0305127325028045
01 66 0.0038471961865683
33 64 0.13712049437007
31 61 0.042376255652137
16_25_49 54 0.034691353176608
4_5_28_38_46 90 -0.017308112311551
85 47 0.0205888880871856
88 50 0.0309894145560116
2_12_19 90 -0.0503472431033736
70_79_83 20 0.0462716563585201
84 78 0.174184512620175
10_27 3_6_14_18 0.195201781911534
24 29_36_52_63 0.134147834644541
89 29_36_52_63 0.0861520503947661
89 87 0.0911210824307737
7_32 85 0.0032640346543122
3_6_14_18 82 0.0119846524349986
67 72_81 0.0074302072685424
72_81 61 0.0035285555176351
16_25_49 47 0.066109605444026
34 65 0.0159721156660341
75 3_6_14_18 0.0312316069586715
70_79_83 91 0.0672102096649154
35 01 0.0958456360698786
15_57 75 0.0123743915512316
91 90 -0.0620699221321517
68_86 33 0.149537379207738
53 4_5_28_38_46 0.0789593777802582
80 76 5.06325794766407e-07
90 42 -0.0398107333175368
8_44 41 0.0542773001910762
15_57 24 0.1240742067706
2_12_19 24 0.0276461155674546
89 18 0.0186307864289689
53 29_36_52_63 0.122348118385104
65 50 0.073679085485217
2_12_19 29_36_52_63 0.322437426556462
01 88 0.0618602926569446
20 41 0.0385933655170369
01 91 0.0174405752302478
8_44 50 0.0337404259477405
40 72_81 0.141509762822293
20 56 0.0655887524891441
3_6_14_18 56 0.0015968854583169
67 13_43 0.073814462459781
71 87 0.0575842246063912
72_81 11 0.0440450844323146
17 22_39_58 0.0054844989918485
75 16_25_49 0.0127949618755667
90 37 -0.007882318343684
85 62 0.0799943980737127
