0 1724
1799 1764
2 1446
1798 1014
3 1338
1797 242
4 616
1796 707
5 153
1795 1279
1794 503
7 586
1793 982
8 1360
9 316
1790 1780
11 623
1789 1345
12 1457
1788 833
13 1692
15 630
1785 837
178 513
80 1398
1198 158
113 1653
940 1048
114 599
848 1366
1243 88
1136 700
395 1718
1 79
10 1633
1791 1309
1586 1518
962 1616
627 804
1296 722
1131 104
1571 871
561 1773
1707 1768
613 1793
1096 260
1264 195
6 42
1792 1541
16 342
17 663
1787 1527
1717 749
608 1629
252 118
1246 739
1732 1455
1569 1392
101 1454
489 1379
14 34
18 254
1003 1183
655 1442
1585 1253
145 832
1649 1166
1188 727
19 1648
1098 1106
699 1117
1062 364
414 697
319 1203
139 585
1125 1273
789 620
232 795
1306 655
174 76
418 430
652 1492
1561 293
20 589
1269 1695
1606 1513
1150 597
367 500
524 937
840 1308
297 1783
260 929
759 648
1400 768
704 180
1347 1770
21 349
106 667
1739 666
1756 947
612 207
1158 1434
1356 1130
573 440
833 114
22 1736
690 131
428 557
46 157
1603 527
227 783
27 102
175 71
1729 378
1476 605
496 1670
23 323
372 533
1711 811
1070 1684
1113 1095
122 650
858 1464
621 1694
137 306
926 875
194 957
1032 1302
1170 1567
708 822
741 644
1106 1265
222 17
1570 1429
1728 1543
43 216
24 946
25 1701
893 482
1622 635
1321 1511
156 1420
644 911
1112 1620
969 1116
117 573
217 1181
1747 896
26 1784
831 142
640 393
1284 1747
1672 910
60 510
1638 1394
1492 496
787 1635
1326 664
1340 248
1505 1602
37 211
28 224
1172 1081
437 549
950 331
1465 561
365 1501
130 1113
1370 1136
310 268
809 1377
29 823
1499 485
1578 1466
1089 684
1068 778
177 892
275 1305
1090 1376
1484 1791
532 887
670 1037
630 686
1075 1239
30 18
555 1535
1307 1044
766 1139
1554 1210
1302 611
511 920
290 39
1674 1534
1035 288
31 30
1066 745
1105 1285
936 696
894 1726
1500 921
873 708
246 445
1023 1052
1644 278
32 1147
291 264
76 601
780 252
55 760
586 1363
328 517
382 1470
1426 377
1776 825
674 309
746 898
238 185
136 1766
88 755
244 1533
1486 1661
1430 357
845 516
1646 1381
429 786
33 376
34 938
881 317
747 1566
278 12
1693 868
461 277
1352 634
1021 1642
719 320
1466 130
629 475
724 812
751 883
431 1440
656 1129
1205 63
35 914
36 846
1715 1545
155 1059
857 1221
1742 882
1283 1580
1495 294
624 779
709 1649
691 1324
1524 805
1034 787
1453 576
1376 160
1354 1597
895 1733
1641 1207
1309 1393
1642 534
442 1247
559 1291
1226 328
381 691
377 1361
383 1157
398 1354
765 977
1446 65
371 1128
38 1339
363 1154
502 1317
637 538
1780 1344
804 1509
583 952
1141 1423
1061 535
192 181
919 1433
1667 1240
1469 1678
40 8
1722 869
973 1197
1290 1744
916 636
835 335
1111 1357
253 1728
1436 1080
1384 1348
1224 1563
1640 1782
1279 1790
1704 1713
41 1234
210 405
1378 1358
602 741
901 583
1048 1266
346 1474
760 1495
100 1459
39 1675
42 1105
911 1489
1551 1390
800 1122
1589 1643
335 1002
683 24
1102 1021
1506 1456
1394 479
1420 491
1129 1525
201 1644
44 1479
1575 1751
1406 361
1008 322
1574 693
941 964
1489 188
406 1063
1741 126
284 1102
460 302
225 1586
45 1275
562 761
648 1709
526 997
249 324
1759 170
47 1262
92 0
1162 792
482 99
723 1086
48 1250
344 541
1516 1611
988 704
109 1065
1313 1559
1659 411
815 1638
1407 1367
148 1650
1540 28
576 1100
1317 941
1754 1596
558 1612
912 1699
143 94
420 744
889 734
1507 870
1193 1098
1072 559
519 32
837 1012
1341 91
154 460
1475 951
1600 1405
978 391
726 26
967 689
49 1148
50 640
1368 1372
1438 789
206 1031
910 1389
1108 310
859 1107
1262 1669
292 1544
1156 555
281 1115
1275 145
1395 1512
1280 1169
680 1150
51 1606
53 531
1459 1382
1273 311
1005 365
1145 987
356 1430
1676 29
436 1082
1222 1792
408 1018
153 1592
54 106
438 934
464 1151
725 1519
1772 1578
352 1557
987 1223
1257 1663
1399 1656
1743 45
52 710
923 1196
924 1236
1738 431
1758 1723
903 702
672 227
195 490
1628 1636
1604 1437
1679 1445
56 446
813 975
650 410
1458 1797
686 69
57 777
997 968
829 582
311 1217
550 1070
1682 1201
272 1502
63 1432
167 782
1294 85
1456 285
1235 1707
522 1093
705 1702
375 407
486 866
817 953
1666 1252
58 353
968 1332
538 1687
1299 1537
1197 1494
1660 1521
731 1301
525 838
1752 1125
1344 325
378 87
581 222
61 1716
388 414
732 1263
693 1681
339 678
1760 450
1095 720
660 1033
268 1408
867 614
1300 208
1078 23
309 1123
676 1517
270 647
1467 851
1510 566
59 456
62 880
1333 128
770 111
1714 726
1689 434
620 1135
64 1499
899 633
675 637
1581 303
1750 134
65 1001
1200 885
849 1374
83 594
1685 187
183 1554
66 464
1286 1316
298 467
792 919
1018 270
1703 312
802 1404
67 1371
239 1659
807 100
1118 1114
132 972
507 292
1639 240
250 1269
824 988
1748 1165
1768 1719
108 1740
261 762
330 156
1127 1772
976 1748
756 857
692 1249
518 1481
68 967
69 1159
336 504
479 1349
1669 1630
1281 344
1054 852
70 243
189 602
841 679
1539 426
821 1230
71 1739
127 89
533 444
1688 715
1289 1328
72 721
654 624
1781 276
193 657
958 1172
1203 484
404 1753
565 1412
320 1722
325 1385
1103 794
73 140
589 888
1579 1298
1256 893
1519 1660
1699 478
1006 1096
111 781
259 1238
277 1225
305 895
368 942
1401 1523
1073 1045
1668 677
707 1672
1412 1587
1116 609
74 801
75 776
942 1326
1771 68
662 1673
996 295
199 313
241 437
797 51
1015 890
1480 764
1038 67
947 390
1146 563
1582 1473
316 1
77 1189
990 570
1534 318
1388 860
1535 724
125 492
1083 110
1474 1347
1613 540
78 983
981 1646
1234 1306
993 151
625 341
944 976
79 1664
1236 1427
306 493
1254 238
1052 53
1514 1564
269 944
585 333
1520 49
730 230
874 808
129 138
439 849
440 1323
913 815
264 897
483 536
1357 991
530 1121
1415 355
1278 556
1657 932
81 551
82 1424
1168 90
714 1788
838 990
681 1229
396 1698
240 901
419 1447
631 1032
832 352
505 1431
547 58
208 413
435 373
1282 668
84 1233
1636 117
1167 93
577 1090
1496 458
1766 375
820 817
688 595
85 236
445 995
953 147
1123 827
1647 593
1133 1124
808 656
1405 332
86 652
355 547
952 233
887 502
412 806
1408 338
544 1246
980 659
1331 1488
1270 1607
687 1307
1594 1763
1039 1738
1627 1188
87 1388
89 994
727 1132
245 499
1249 810
512 1529
191 103
590 1654
611 296
384 1101
1670 275
370 1156
158 1192
160 1604
1392 1514
1334 1146
90 719
91 359
123 728
138 439
1251 340
186 1757
1755 336
1431 512
1409 798
1543 986
513 519
326 923
1161 214
854 1458
1132 20
462 1016
801 415
682 1058
93 1022
236 1615
1630 959
1004 123
754 1231
979 1539
315 873
1777 416
1724 1595
1491 680
1216 19
1223 1241
1319 884
165 13
1041 315
94 675
95 1141
972 137
1110 189
1610 714
400 1277
1135 747
1661 1131
96 750
457 1375
1240 1243
1390 906
1614 1186
488 701
1448 1274
542 1506
1155 1415
534 1510
929 856
1587 955
1533 1336
98 1796
340 766
1063 1036
1218 1149
788 1341
1518 1613
706 587
221 1005
97 1061
713 1011
977 1227
772 155
99 1443
276 716
1542 209
1209 1421
742 1258
785 1662
1220 754
1452 1295
1014 1041
673 802
1552 1144
1740 162
1397 907
185 571
1478 799
399 1703
1250 709
159 1161
1087 396
103 1655
1194 1752
758 172
1020 894
1462 1624
1221 1356
1272 37
733 308
102 1774
104 916
312 1140
1470 613
1449 1693
226 1426
105 372
1076 257
1548 1170
1253 1504
605 1623
215 1216
1736 1471
1468 247
1049 1384
360 908
107 1120
1509 149
748 1727
1690 711
256 334
1314 82
490 1721
1513 862
1160 1589
531 1548
784 343
872 877
614 1720
1364 1195
1291 1319
1104 494
493 803
643 52
110 1577
212 298
1147 1403
501 210
430 419
376 626
1359 735
413 548
1230 1365
632 978
112 41
1343 965
774 146
1308 392
1153 1333
1698 449
262 177
1351 46
628 1591
1687 543
826 530
1708 176
188 1532
1515 471
1107 251
1080 1066
920 1689
1185 999
1178 75
653 299
639 412
937 554
257 420
995 1715
115 1758
116 383
1583 1603
389 1676
634 367
599 1325
337 418
1757 791
1450 1795
466 488
308 417
1655 580
1617 980
118 1572
1140 1531
447 511
432 1600
1263 653
1126 36
119 560
1464 127
120 753
560 175
1295 246
1057 904
1366 688
1260 1441
943 864
1733 950
184 1304
121 824
203 507
144 1220
994 221
453 1276
1252 1355
359 346
1204 518
1268 606
739 521
405 905
567 962
1677 1584
961 842
921 472
459 266
685 1652
1082 1755
1723 748
1485 272
1144 1734
1634 70
124 723
814 297
695 62
1479 1574
1380 1003
403 1569
448 1369
492 1320
906 253
1387 1449
1238 1599
1719 706
1088 1568
1051 732
126 281
1196 743
157 15
1784 1767
1402 928
1114 820
1190 124
1497 1413
1620 1585
128 1182
933 979
152 1667
1350 963
1017 55
288 394
213 1476
665 858
1786 171
1241 362
885 600
1361 661
557 457
1691 1717
131 575
600 1284
783 1242
1454 1571
1731 501
1266 1438
1624 470
749 651
1310 1536
133 1029
1024 683
379 1272
1727 1777
1044 1042
1696 816
1494 943
1487 1334
1393 1401
263 958
844 834
1029 215
856 135
135 244
604 402
1580 205
497 826
1753 579
1373 1108
549 1094
556 218
776 144
1120 1126
1173 1745
999 1111
1101 1088
1130 574
1358 785
273 387
1563 368
494 1771
134 212
659 291
1391 638
140 1407
1656 48
1737 1710
141 539
1176 1498
1277 1552
357 564
142 1267
545 939
1329 1145
1713 483
1315 773
876 1343
697 321
1287 665
1577 3
1229 876
592 178
207 1378
896 931
1653 98
321 1704
617 1490
1259 16
1601 1696
1360 363
146 830
1498 226
1493 628
939 1526
302 1410
1056 300
839 81
1377 639
147 940
649 1292
720 966
661 1686
465 262
149 190
1225 757
1030 1038
417 1068
1217 1487
757 487
1512 1386
170 1287
963 74
597 985
514 1588
150 872
151 618
407 337
1710 1074
214 40
1000 1353
233 621
1598 954
1139 1794
863 1448
1157 193
703 1103
1045 584
878 1076
1517 1618
1631 836
1271 1174
331 1010
960 612
1213 1594
1536 462
1663 925
506 1391
566 96
503 993
1363 249
1705 523
242 813
433 969
1460 304
722 1397
1025 1025
768 174
1339 867
1502 1200
1124 284
1637 1631
161 1472
646 729
710 289
1374 809
162 38
1227 447
1439 1422
1292 1406
1327 1191
1007 1732
626 421
163 428
1258 1688
361 629
1684 1232
1195 454
1232 765
338 1329
1303 388
882 139
1305 489
1774 54
271 83
619 662
1625 1261
345 1218
1463 1092
166 7
587 1293
397 881
1097 645
1215 1337
1537 113
164 1505
1421 1054
1128 35
869 1614
1716 1046
168 150
394 453
1058 1300
1371 1062
1027 469
1725 173
1379 855
169 1118
1782 382
938 279
930 1007
231 219
451 1657
171 287
421 386
668 1665
946 108
258 148
970 283
254 1581
852 1634
1545 784
1138 889
173 1171
1623 409
243 120
1654 1418
172 1077
694 649
266 1346
443 204
180 1469
771 935
1064 1193
517 546
633 273
401 1762
1694 1769
1434 1491
1626 1019
989 121
176 476
1783 1409
1662 598
905 562
667 354
1573 1023
568 1049
1629 508
1189 497
1419 1020
1099 793
179 1352
1202 687
909 1658
684 92
553 1051
307 553
181 1034
1461 1327
182 752
358 1561
485 1463
458 370
601 384
196 763
1645 505
1031 258
615 790
1664 307
343 1039
1413 1619
410 1435
1455 1368
606 1194
1635 424
971 122
571 161
603 1067
763 1760
543 591
1166 769
1562 902
1164 933
1416 529
187 1362
324 326
294 1350
332 132
966 136
1065 1395
743 56
1643 1746
779 1565
1207 406
1557 109
219 1785
1651 10
1332 774
322 154
1550 1164
190 973
795 1075
1237 1590
441 821
934 1091
871 455
1422 358
635 1180
487 1416
1079 788
1556 828
657 1099
956 4
1385 133
1324 1582
825 1027
1427 1387
1208 949
218 984
1615 481
197 1507
1546 1674
296 670
651 674
1700 899
715 1538
983 1647
582 1573
198 1706
1414 1754
1026 305
992 924
434 184
1037 1425
588 853
540 733
546 57
712 1666
202 1158
1330 1428
964 780
528 1468
200 480
204 970
349 1290
1508 1765
1609 116
1219 1761
1396 1497
594 1645
353 265
954 1013
846 1364
1349 1173
1093 366
762 223
552 1524
477 1680
205 1731
1504 525
472 72
1109 203
1348 398
935 345
209 159
1658 565
1770 1071
314 861
1611 1711
1148 607
698 1743
925 1608
387 1089
1442 1142
301 436
317 1212
718 1400
211 463
1183 839
422 1551
1199 756
1119 234
1152 60
449 989
362 152
563 915
1726 705
1261 1047
1002 271
1154 572
470 506
898 1460
1566 33
304 514
1411 578
265 165
313 1682
216 1484
811 515
790 1626
1028 1639
984 395
1488 520
609 1228
220 627
303 80
636 848
409 1500
955 198
347 1515
957 610
1593 286
223 532
1767 1153
224 1119
455 1043
819 1226
234 194
1437 495
1086 1610
468 1224
716 1690
1764 86
810 1331
228 843
229 22
463 164
235 477
847 1516
1435 713
230 1017
1191 903
883 408
1429 250
1071 163
1245 229
1149 737
610 1237
658 1700
580 245
806 1190
539 461
267 542
1151 197
237 1004
1560 1260
877 1503
427 671
495 468
1117 473
1362 1055
744 95
864 926
1538 186
1665 1549
1171 1579
1276 772
1214 730
279 1163
1423 1213
1706 643
1523 1598
886 1781
1081 1028
1621 1480
299 1314
1265 380
1433 422
247 356
1180 1206
1242 1530
888 588
584 738
380 840
248 459
1608 290
1567 255
1009 348
1267 879
535 695
423 1255
796 1312
1673 1705
1055 1609
1511 1330
1212 1283
251 956
1553 740
1184 699
521 1160
931 466
791 682
1559 1134
1047 1778
444 443
255 1204
504 698
663 200
671 552
286 1462
998 1593
1745 50
578 844
551 191
548 1109
1248 1072
803 1315
1527 432
717 261
932 736
1592 1450
1418 452
1398 1520
1686 225
769 1297
618 694
850 179
1322 641
1544 1668
736 1219
1298 1205
805 1583
828 1000
1775 1730
1137 845
1596 73
638 1060
616 569
274 1485
1457 619
1077 1281
285 486
474 1625
1735 379
1444 1637
1410 1477
642 1496
283 681
1381 9
452 1465
975 1278
1053 1085
1697 1451
1353 1775
1525 703
1618 1562
280 900
364 1294
738 347
711 615
853 438
282 981
1100 642
1730 1342
1355 1522
794 59
1383 1084
527 818
1648 1198
369 1083
1060 1725
569 143
1304 1570
350 1799
348 1436
834 960
287 433
750 1214
1734 961
289 646
1142 77
745 1313
1016 169
1323 1268
701 814
843 66
1228 1741
1701 608
737 360
1181 1651
293 1402
740 369
728 1750
1447 758
1652 1417
986 1683
295 1779
484 1311
918 280
473 404
1751 831
1591 1127
446 1677
1074 528
300 1209
1558 1056
1532 183
1424 577
900 339
1709 1112
1297 1419
520 971
424 751
689 742
842 78
1084 631
1680 213
1036 1708
1337 1050
385 1742
1325 465
951 199
425 771
329 859
799 1601
454 526
945 1759
827 269
333 1439
508 632
1177 1254
836 274
318 97
450 746
1059 427
1187 1335
1174 1370
1481 25
1301 448
677 1628
1318 1486
323 141
1285 1396
327 731
753 692
1312 237
1482 1540
1744 220
870 592
1765 673
1572 182
1186 374
1239 1671
1718 31
491 1528
1471 1222
481 1627
334 351
1521 1244
1564 819
1473 1288
1042 1155
666 107
1749 863
342 44
341 301
1033 1026
1602 850
1584 84
1293 1215
1607 590
781 617
928 1208
1192 1133
884 996
1338 800
411 401
927 1008
499 403
1274 913
351 1617
1012 545
1316 1245
354 829
1526 1187
1013 604
1531 1621
1650 1110
702 1641
1769 1318
1619 1168
523 1235
537 256
1549 192
782 725
949 1556
1342 522
812 435
366 1632
536 1380
721 581
1451 759
948 1735
875 241
1595 1737
1773 1179
373 239
1091 1251
755 1467
374 1749
860 1691
1632 259
471 544
1182 909
816 1576
1555 1073
818 129
778 936
1443 202
798 1542
1094 451
386 1789
1201 509
390 1714
469 797
595 1078
1122 350
391 1712
1069 1199
392 399
393 282
1612 105
1121 43
415 1177
915 1282
696 329
402 61
1503 168
1369 1256
623 1547
416 1211
1681 166
761 865
1712 1414
1761 5
1440 232
908 945
959 101
922 1373
1746 1478
426 567
1320 1558
890 1679
734 998
1477 770
1762 1286
861 917
500 267
1367 1553
866 1399
541 196
1143 524
991 1259
775 112
645 1575
786 1087
1165 201
1428 14
1695 385
1445 1786
1565 1185
1490 1176
1311 717
1417 1697
1599 1383
1671 228
456 669
862 1640
622 658
1345 371
516 1264
467 930
985 1064
1472 912
1159 622
1255 11
554 1685
1328 1359
1389 1035
1568 767
897 1143
907 1057
475 1137
1441 1104
476 654
1163 167
478 1321
1547 1546
480 685
830 660
1050 878
855 231
914 381
1501 442
1211 1508
593 1030
598 1452
641 1152
1046 1798
1085 1009
1335 425
1010 922
1702 676
498 1270
735 1622
1231 397
509 330
579 1162
1763 1303
607 235
510 1310
1011 1787
1404 1482
1169 918
572 841
1244 847
515 550
1115 1289
1720 854
1576 423
1528 1079
822 1006
868 1202
529 263
1683 558
793 314
700 1453
865 1280
1043 400
729 603
1386 1475
1092 1040
1403 1555
570 596
1134 1340
965 1257
1597 1493
1001 1411
1365 64
574 217
974 974
564 1322
1432 1351
752 1053
1675 115
823 1015
1530 1178
1779 1483
575 498
851 125
1288 835
764 1444
902 119
1721 775
591 1776
1067 796
596 441
678 206
767 1756
879 1461
891 1550
1336 807
679 537
1425 625
1019 1605
1175 1296
917 47
1022 2
892 1299
1372 1097
647 992
1233 874
904 672
664 718
1247 389
1588 886
669 474
1778 27
982 429
1346 1024
1529 927
1179 319
1616 6
1210 1167
1206 1729
880 21
773 891
777 712
1375 948
1692 568
1483 690
1541 1069
1633 1271
1678 1175
1382 1138
1605 1560
1590 1248
1040 1184
1522 327
