0 938
1849 1458
1848 1567
3 68
4 13
7 1704
8 1073
1842 629
1841 970
1840 214
1839 879
1838 282
13 354
1837 1546
14 685
15 240
178 148
968 237
1754 1040
1364 757
707 1600
898 763
1619 826
76 1278
1574 1427
466 1155
1116 424
820 484
629 1459
1 1283
2 1668
5 400
1847 219
6 1000
1846 37
1844 188
10 1722
16 1530
1836 1209
1589 1354
921 781
540 176
201 1729
433 182
253 153
1002 507
135 154
589 832
11 1201
12 1331
1717 850
208 1134
1205 1199
513 1471
1235 1259
445 1071
658 901
1230 266
1246 1165
1785 672
1526 366
9 1409
1845 203
17 1741
1484 1006
837 413
1448 1575
1321 1806
630 802
1270 1133
765 428
260 1551
809 1609
1843 1822
19 936
1098 1681
858 32
24 1448
975 1335
1104 1584
379 965
142 162
1772 1090
539 1327
860 996
335 1593
1736 1245
408 1685
1634 1468
103 1538
1559 1745
965 998
53 1655
971 1305
18 1372
1522 559
878 57
1024 29
1550 939
190 1591
532 361
1641 711
1351 1381
291 1306
939 984
842 940
646 1797
1271 196
20 1487
21 1257
106 1652
1699 120
1068 371
483 272
1633 1412
942 1662
1395 1570
322 233
22 105
690 914
384 1391
1820 785
1161 1581
51 258
1612 1169
1644 661
870 1147
1435 17
1110 1223
23 876
374 1489
940 1023
899 389
1706 341
472 696
594 1811
1021 1497
238 748
38 656
824 112
944 254
216 784
1147 941
246 321
1293 138
1833 1416
25 525
893 1757
479 952
811 985
45 599
345 1013
1512 1749
1196 1777
26 1328
834 501
1185 1107
1015 1545
849 97
903 671
795 67
1088 419
27 568
1495 180
127 550
612 1045
1062 684
1076 686
451 1402
1029 1717
654 1184
1086 600
1502 1679
1249 867
102 292
1636 1803
1687 71
1649 1288
58 1414
255 42
1411 1082
28 834
29 1677
1499 1365
1579 556
1810 297
299 1563
967 291
173 294
748 1307
1387 1093
1103 150
523 480
30 575
468 381
637 893
1727 287
270 922
1123 298
1712 586
31 942
979 1808
1018 1461
725 1314
1485 836
1326 167
1209 209
848 919
1055 535
32 588
1816 632
151 302
591 201
211 1683
1160 384
1821 1825
403 5
1661 347
1331 259
33 1594
43 1647
705 972
1534 1076
1394 159
960 1009
1492 1588
294 720
969 1805
1043 786
1679 1844
34 1516
881 771
61 66
1431 1382
1665 9
1584 1174
1802 1239
1748 1091
163 1752
1236 1049
695 319
1008 1472
78 855
342 235
149 1669
609 500
1734 701
1715 1486
305 1579
1572 477
1019 1744
1072 1224
1543 461
715 770
35 1159
36 446
37 23
624 392
1229 1057
931 1235
1412 1218
341 113
1312 200
1168 1795
362 265
458 443
67 385
448 1804
897 649
1622 569
319 1032
1830 1754
325 698
461 111
1610 755
1334 1552
876 1185
1803 79
494 1632
1244 986
862 334
645 1713
39 464
932 1826
933 1721
1148 1074
663 1816
622 1543
1709 511
571 439
1261 624
905 1292
41 87
210 1042
310 689
1102 301
1050 606
148 222
633 276
519 1212
284 158
1729 865
531 1403
1439 740
219 1357
40 1689
784 640
256 1837
111 977
1212 118
321 1087
376 499
1166 616
767 555
1357 472
817 422
1454 1282
1258 934
302 666
507 15
500 1445
917 1215
1097 790
1129 875
1038 1143
1624 374
1568 494
183 1498
42 444
44 1572
1828 213
490 1269
336 1727
1587 789
1033 692
1114 1782
1458 286
1490 742
814 1310
1660 1021
1756 1431
923 1095
1747 1237
347 225
1544 1457
47 725
110 1673
1418 651
822 1035
861 1742
296 1536
606 1496
46 668
129 1667
300 602
1474 1297
138 1454
1742 1779
1111 10
548 1491
1204 1401
1601 1560
96 603
48 966
949 1532
827 973
487 1419
1521 140
439 911
641 0
50 1304
1724 950
390 1340
727 1422
1095 1136
1268 315
170 1564
370 262
1371 872
1755 18
431 732
1224 1505
1174 852
821 26
1745 409
356 605
1014 1088
52 655
1090 183
75 1566
1106 1452
502 242
857 1334
271 885
213 1031
1306 1139
545 1041
1700 1270
791 1676
866 1168
497 1485
623 435
49 380
1283 336
1287 369
309 152
511 1323
1557 479
1363 311
1817 1517
1237 45
54 293
55 858
189 452
847 1317
1542 1029
1152 1523
1126 828
1576 1519
1590 1810
56 304
1491 837
474 281
1675 524
1119 736
1285 644
1637 761
57 1736
997 335
1073 1265
1506 438
1045 363
1617 1062
1415 169
234 705
393 1086
577 1737
1243 11
198 415
1118 1243
214 750
1451 1024
509 168
326 391
906 1324
59 124
1407 1249
533 549
749 1554
169 1626
154 1766
307 1069
1795 895
642 80
833 810
141 1033
1289 1011
69 1447
415 730
60 1236
735 935
652 343
430 106
671 1698
333 955
1613 221
1594 815
1718 277
1006 402
1084 205
1173 7
132 1415
66 1263
217 285
1366 1064
1732 1145
585 1121
63 690
157 1531
1007 818
123 999
1778 344
247 722
1498 1353
1004 433
193 338
1571 1432
64 874
133 69
385 988
1799 397
1052 638
951 398
512 797
65 1360
1200 1369
383 1275
1423 1101
124 1012
398 1763
1180 1502
62 1098
1286 1176
1430 332
1436 899
1280 1192
481 809
248 317
560 978
1618 1219
239 534
1663 387
632 264
1599 1620
324 356
250 455
1708 1395
1509 1336
1639 1368
536 1493
841 1352
787 1256
1305 1253
331 714
1263 1070
68 883
503 687
1109 1562
1329 1251
486 330
794 184
1226 173
1203 541
1304 39
1728 1366
919 100
268 1674
1078 482
1691 256
619 465
1339 596
220 777
908 860
785 822
1791 669
72 515
720 274
686 1500
1789 216
1580 1363
464 1663
454 1734
1217 804
685 1548
71 1268
1142 1438
1564 1460
1437 1666
1681 312
70 224
73 110
218 1315
1349 1813
215 531
301 1462
568 1533
1245 1420
1628 1578
907 1550
1382 1793
1124 116
520 846
74 1529
889 1319
1232 1019
1398 90
1605 164
1476 404
308 27
1386 1100
241 1410
1295 1208
1381 663
1264 1277
760 1342
1566 129
77 756
990 263
449 1386
1348 38
672 642
1178 1784
631 1002
1266 1151
338 1083
1781 1132
109 1229
611 788
1419 719
823 510
79 1370
459 1512
1031 990
1442 1678
1672 676
1609 85
388 1510
498 1015
726 787
610 269
557 1549
549 1281
710 1495
287 857
80 647
100 813
924 1286
1067 1198
81 88
275 1216
877 6
1158 1241
280 1405
1359 251
1489 104
1153 823
83 1137
272 1748
1631 1383
1731 844
444 1522
84 1680
130 351
400 1394
1193 975
1408 1225
395 636
371 1509
1234 561
89 1688
82 128
85 403
1539 271
316 635
934 611
105 1702
1054 170
1352 1466
1154 976
1005 1172
1172 1052
480 1707
1036 46
984 620
941 1697
1215 1066
290 1156
1241 839
900 1760
838 1671
783 1290
1738 1824
747 1832
473 1054
337 1606
1048 1364
1777 760
116 954
262 563
86 1439
87 843
1207 1435
1140 1817
1783 1769
1760 749
739 1338
1722 1026
896 912
88 1780
90 1182
955 1833
1030 195
1472 547
1832 58
1773 1540
1583 775
93 738
1210 906
99 1407
850 372
1585 1478
696 313
1113 869
613 327
1798 308
863 1130
976 695
92 835
282 142
1120 130
158 405
196 1610
153 1094
1274 1700
1089 445
1413 1326
1470 580
729 367
698 299
1034 819
411 1126
638 1113
126 1321
91 77
236 1711
1668 306
119 716
588 1138
1483 1450
981 1758
1003 546
855 1311
1057 378
94 1649
95 1014
668 1583
298 1456
712 1675
1298 1442
460 241
1010 1665
447 745
966 1693
1074 557
391 904
846 1388
462 331
1083 1207
97 456
491 1553
627 1521
413 1542
417 768
945 997
1346 539
1831 766
233 493
665 915
547 634
1422 348
703 530
98 1170
1150 1773
1510 728
1254 1226
713 31
525 1141
1302 590
761 502
1277 630
1425 485
777 1228
1494 1260
1455 707
804 1470
101 1571
1358 1244
596 1612
288 486
565 1359
529 1308
920 1378
1071 1043
753 921
516 1449
224 518
1570 1122
1689 2
1782 134
165 1725
884 441
677 1547
1053 1818
806 1258
1307 1067
363 585
1658 937
1678 145
174 1775
987 1842
414 967
1733 800
435 115
552 641
1079 1178
913 179
792 545
104 862
205 1608
476 746
1292 375
160 609
429 1171
1749 928
144 910
1383 1761
1356 909
1143 108
107 1089
108 1242
1695 236
416 62
1187 1790
274 579
1297 1162
1429 1061
1445 1299
742 399
401 1180
527 1072
910 1798
212 83
1141 416
1291 228
1707 1289
1582 1001
528 1123
922 1385
112 1351
1343 795
683 1473
732 751
1181 571
1169 974
113 253
1688 34
175 591
1443 322
245 572
1694 1110
1737 1528
1711 737
188 558
1710 411
469 1433
772 1392
114 310
115 718
879 1463
1092 1829
237 601
425 1167
816 621
1405 1158
1698 773
488 436
575 767
1632 806
691 1657
1586 202
1669 495
1655 1337
1341 126
1167 139
117 1520
1462 1135
1322 847
1157 1794
118 1423
377 1247
1131 284
818 1631
1768 161
1501 1819
1518 853
1578 1384
1231 727
470 519
954 538
1447 1465
958 1515
793 1007
563 925
1677 1687
625 20
1194 1453
854 1294
276 924
962 177
873 1643
1310 1250
1523 803
1739 637
120 247
121 592
278 907
328 731
1648 290
1752 1016
155 96
505 149
1267 1576
184 448
701 21
122 866
314 408
843 1582
1338 206
1367 453
988 379
970 1723
750 1840
1208 1298
1602 1753
228 980
1743 838
1400 181
974 526
746 1387
544 390
916 245
125 342
991 1175
1603 1728
1480 1191
145 1322
1428 1068
836 314
1242 979
1162 1362
1273 316
808 805
1477 1238
334 127
714 1376
925 239
948 248
259 1231
128 1254
1620 945
762 1477
230 1654
1629 1318
566 40
1826 841
875 682
1834 1827
453 1108
1468 1692
1533 16
927 1189
662 680
1497 1464
1013 143
1567 659
131 99
1340 552
396 577
1432 1127
856 670
603 1603
312 1329
1094 1544
441 1559
1115 1316
369 157
786 1568
1066 1845
716 1230
1716 570
518 891
134 41
1487 165
409 1759
1735 417
378 1197
561 430
1682 52
514 1077
136 898
1758 1096
315 604
1540 1539
1788 278
137 1421
556 1484
617 355
578 1413
485 932
437 1558
1466 1055
1223 1273
1815 1058
1517 1633
140 1161
815 607
179 273
926 946
1233 1206
1025 95
1137 1205
1026 475
946 345
1720 1051
559 540
1520 1187
801 1755
1214 650
972 851
865 1037
1333 583
143 817
1545 753
1186 729
380 1513
399 574
776 1131
277 1030
1804 218
1132 908
687 744
583 1658
937 553
553 33
1475 700
1767 1343
1410 1309
1327 171
1671 204
1666 1653
352 905
1070 478
608 73
139 1124
146 1695
650 1787
812 47
446 864
147 963
649 798
595 1596
1664 4
1135 578
1227 76
989 462
240 633
952 412
1511 12
375 1834
1465 1020
150 884
1812 1325
1000 877
358 1694
427 820
1753 1636
1656 1565
826 437
1558 1628
152 880
202 429
829 752
1426 1092
892 1344
768 1148
604 1525
405 51
465 1684
463 1839
586 460
1222 220
699 1789
484 868
1424 1053
1478 187
422 1183
1365 1592
1369 471
744 532
1806 473
779 92
1766 207
456 1735
419 94
582 1781
156 814
1705 694
1467 1637
831 1293
467 1642
1626 1425
956 1656
953 1104
679 1084
1353 1799
1188 490
159 595
1299 845
998 1284
1508 373
660 654
1595 325
901 691
864 1508
1179 639
1577 1038
655 1272
780 658
161 1105
162 1271
688 268
1440 1802
1028 930
1337 1404
930 1622
1538 137
819 652
1686 19
457 1785
751 1287
285 951
164 520
693 432
771 491
1647 1393
1625 1838
550 166
728 969
1044 961
166 1835
267 1116
167 903
1255 1109
743 78
168 712
1192 782
957 1767
579 1595
1058 470
1615 1173
303 260
1457 1556
1787 587
366 1701
766 1280
666 151
1397 994
1117 699
1701 1377
171 275
1099 759
359 1065
504 1080
232 1599
349 300
392 1765
681 64
172 121
258 160
724 48
1417 1625
1650 1379
558 769
1308 117
546 323
365 1651
674 1333
1704 697
320 1762
1427 933
443 1149
1673 827
1133 1573
1493 1716
1588 394
176 489
340 1034
1315 774
754 1501
177 1561
722 1585
1165 1202
1112 1114
667 1514
947 1018
802 987
1459 1361
813 396
684 529
404 1814
1744 61
317 747
355 1017
1600 923
180 1367
455 681
740 35
830 1222
181 593
639 1772
1614 831
501 896
182 739
1555 185
1623 84
389 1686
915 943
1593 172
1657 337
1421 1604
1807 1638
657 1371
682 288
1276 386
580 1820
661 1426
1284 704
185 1613
1690 1240
1265 1221
187 581
543 544
1399 1488
894 1279
789 613
186 125
835 481
264 1661
1532 894
442 75
1823 1285
890 423
1800 1444
1552 44
1554 861
1659 1619
1093 1846
332 212
360 50
496 667
1597 622
1546 1499
1640 329
871 1203
1269 353
367 993
191 1650
643 1770
243 947
192 627
592 1330
1105 359
803 8
530 230
1253 1295
1702 1179
1108 122
194 346
1347 1746
348 1504
1324 949
1416 523
618 28
851 1160
1438 193
1314 1670
195 1154
1091 1397
673 283
1323 1111
828 70
197 1152
569 1768
1360 964
756 1262
564 516
1573 1506
567 533
1171 1641
1414 626
1027 848
199 174
1503 1146
888 457
200 1709
281 1164
1279 469
1290 1630
203 1400
752 674
1409 406
1684 1703
351 144
313 1115
1486 1598
1809 1764
204 1296
1009 715
1813 440
853 948
1528 141
1776 1691
206 1518
1282 897
1149 1467
758 101
1017 72
1725 226
1814 421
1762 554
1446 22
1296 223
982 189
207 584
478 102
1176 1380
636 497
702 717
1461 971
1611 410
1385 1214
1320 376
1069 1639
209 1441
798 1196
1796 303
1396 916
1391 506
1350 326
708 1303
1184 582
1662 1177
1156 1511
869 427
1032 1492
1642 1475
257 1075
406 91
1281 393
1482 255
1741 1046
943 1615
1536 560
1125 1847
1516 1616
279 1220
1374 1836
883 1574
597 1
769 1712
1713 442
868 1181
1530 1345
1130 1611
304 741
1764 1411
1096 1291
1064 1503
1771 517
635 362
1441 870
221 1696
1228 981
778 1102
242 1079
1190 1036
1138 783
222 1627
852 842
410 1188
223 1347
1012 1418
1638 1831
1127 991
1272 1590
225 49
736 1618
226 1424
227 1396
904 648
1345 1555
339 186
229 86
621 1743
963 881
1606 1010
1596 543
704 1274
231 377
508 407
1811 887
1335 1320
1336 418
1288 522
1824 119
1238 1644
1670 1210
1080 1740
1379 454
1654 665
1449 498
918 1022
235 989
283 107
1551 608
880 1339
364 1776
526 1476
731 792
859 628
1496 1027
1392 791
1770 1252
1051 959
1377 1659
886 1060
628 103
1355 962
244 1103
1547 1621
593 1507
438 1541
555 1648
574 434
1047 1056
551 1812
522 643
995 1597
717 305
796 1276
1763 653
872 886
1393 765
721 476
882 816
807 1120
1505 709
1719 1537
249 267
1621 958
1368 197
251 871
252 194
426 920
1275 249
1460 982
1653 370
983 662
254 1140
1311 618
329 487
1591 617
1607 1586
1100 324
1145 1645
928 425
323 1081
1144 388
1206 1587
1221 929
261 1044
1780 504
554 1063
605 215
825 243
263 1008
590 772
1330 352
1525 450
1829 995
1199 1534
265 1580
1225 1300
266 1375
1183 1739
616 156
1651 503
602 59
269 1705
745 566
1683 829
1325 764
775 82
1765 1153
381 14
1081 612
1121 81
273 1751
659 350
1313 1047
318 812
1692 1112
1519 1801
1575 1118
1060 1446
1805 320
902 309
1779 1266
1303 1719
450 1479
1318 598
1342 63
1759 1535
1259 1714
1797 466
653 1348
1300 1577
1375 1601
1376 1706
286 1849
664 210
1041 1227
759 358
1786 1771
1213 854
373 892
1380 1264
289 296
541 780
1257 793
737 328
382 1200
1220 1828
292 513
648 414
599 830
1301 1602
293 261
1693 133
1011 565
420 1569
1524 615
895 318
1549 562
295 1635
1075 983
418 1791
1646 811
1453 1708
985 1194
297 1640
891 98
1139 801
1643 65
730 89
1801 333
1560 246
929 1099
1616 340
386 163
781 1150
680 631
1535 1731
440 1480
368 683
1835 1128
996 1715
601 1186
1023 889
1761 1255
977 821
738 1025
1404 1490
718 1660
614 1672
1049 463
1361 401
493 459
1039 796
306 1346
534 1821
741 420
499 597
993 542
1592 451
1548 238
311 1267
1370 474
489 43
911 514
1328 192
598 833
1191 536
1059 279
1674 1474
1159 758
773 1815
1164 1302
978 1417
1793 576
482 1390
1825 468
387 733
1195 623
1504 1048
477 1750
432 1527
938 702
1216 706
1513 447
986 1733
576 146
428 1097
327 614
788 564
1378 890
1774 1355
1189 395
1155 679
330 1783
1562 926
1294 1690
1456 1005
1260 74
1757 1166
1122 957
1450 1624
1316 505
1818 710
1481 488
1471 1788
1790 257
1514 1617
1473 1301
1703 131
692 1190
1769 1483
343 931
1553 1524
1604 280
694 1451
515 913
1740 645
344 1557
346 657
1479 509
790 1193
1598 799
572 155
1389 60
350 53
402 882
1667 1232
1676 1682
1652 1163
912 1430
353 93
354 1732
1680 368
935 808
799 1437
1250 900
357 349
1463 1726
573 1349
675 610
361 270
810 496
1388 703
1581 1028
1065 968
763 1248
1198 1778
1556 1398
372 132
1645 825
1077 1792
1344 199
1515 1455
521 1607
797 677
1085 594
1627 382
506 1408
670 1213
700 735
407 660
570 1217
1565 537
587 840
719 467
600 1373
1792 1823
1630 1841
755 24
973 289
1170 1246
471 856
423 1494
999 625
1262 902
647 1119
994 918
764 123
394 383
1714 675
421 1211
1746 1125
774 231
397 55
1001 365
620 1634
1082 1233
839 1085
1332 527
961 1129
885 1358
669 917
626 1526
1507 664
1175 1428
1444 175
412 136
1635 859
1569 426
1107 1144
1390 1796
1827 678
436 1050
1563 1482
424 1830
1134 135
909 688
1042 743
845 1204
950 521
434 178
1016 512
1061 1429
1317 30
1197 992
452 357
844 1157
1372 551
805 1356
1561 619
1022 198
1784 944
537 1399
1146 873
1020 1718
1730 147
1035 1440
1218 458
832 1312
840 191
535 776
1202 713
1063 888
782 3
1751 227
542 1786
1319 1389
1278 217
475 1738
1819 824
1697 956
1248 250
1309 1747
1037 779
1239 1350
734 762
1608 208
651 1646
676 1313
1177 794
492 708
1046 234
757 1078
495 863
1726 339
733 1807
1420 1142
914 232
1488 927
615 548
510 673
1354 36
1373 1106
517 1003
1529 754
524 1724
1251 1434
800 1774
711 723
709 849
538 54
1452 1720
1500 1809
1384 1004
1685 25
1128 1730
584 244
1201 528
887 252
644 1710
689 1605
959 1443
562 1469
1136 1332
1401 449
706 1261
1723 807
581 1341
1247 573
1240 211
980 229
723 1623
1219 431
992 190
1541 724
607 1614
1775 1436
1056 1059
964 109
1087 1406
640 1589
1211 1756
634 1848
770 307
656 953
1151 1800
1182 726
1362 56
1721 567
867 114
1696 778
678 721
1537 1699
936 960
697 1629
1808 1039
1163 1843
1040 589
874 1234
1252 483
1403 878
1101 734
1822 360
1433 1195
1531 1117
1469 646
1750 1481
1794 1664
1527 492
1256 693
1406 1374
1464 364
1434 508
1402 295
