0 579
2 308
3 528
4 405
1796 1599
1795 1782
6 1483
1794 980
7 1155
1793 447
8 641
10 1652
1790 1531
178 1240
653 713
90 1448
1215 1108
1066 1189
131 475
126 1527
861 1433
1 437
1799 923
1797 560
9 354
1792 609
1791 1422
1587 50
964 720
633 1229
1068 1554
235 1598
572 1389
1579 96
1719 1251
1798 1424
11 1276
12 1087
1717 1436
254 206
1248 135
267 578
408 908
1581 1264
608 1790
1009 1124
1630 904
1578 905
1595 1692
168 452
524 344
1661 498
13 174
1098 673
116 1035
1069 1145
1197 1291
329 792
148 1641
117 397
1136 1563
249 1263
1065 1648
186 283
5 1188
14 102
15 426
699 1478
1615 1708
1160 414
377 1678
1135 618
731 1217
853 483
106 1031
1742 487
622 269
1169 1267
1249 186
799 846
16 1225
17 702
690 576
430 767
1608 574
237 1044
900 1332
124 1683
372 221
1269 248
1401 234
1124 1151
982 54
133 927
870 1768
1629 1767
18 1612
19 847
1711 1541
1756 1528
1038 1461
893 262
46 983
1296 266
1527 964
1659 379
1129 1543
115 1706
238 1684
20 849
831 918
1622 1311
1131 913
21 108
1493 369
797 111
1571 874
1337 513
1350 1304
940 566
22 591
23 899
1321 1368
1179 384
1732 1738
1476 491
326 300
24 709
1499 330
1096 1115
1078 1112
414 1062
655 524
286 1319
1102 114
1496 1404
25 347
561 398
776 56
937 1467
27 1099
1073 997
1112 1034
1667 970
1306 712
26 1296
291 1530
76 187
58 782
1603 632
338 517
391 76
759 903
28 1482
43 1470
702 797
780 1091
1547 1477
139 1763
153 1743
175 395
881 1435
156 987
287 485
1703 1208
98 408
315 801
29 22
30 235
1170 886
708 657
541 1778
1715 240
88 1014
1753 1718
644 1043
1294 1071
145 1609
1106 1226
32 1798
624 785
155 639
437 676
141 542
1542 249
789 95
31 1027
1310 500
1643 1177
709 1556
260 1373
565 1769
387 989
640 1649
33 1542
442 635
365 711
857 521
1307 787
512 345
647 1096
950 493
1152 1431
1505 1142
35 649
975 1418
846 1619
264 116
1729 562
1652 202
34 1191
36 505
210 1453
1722 1419
586 1203
936 1037
1366 506
374 706
1554 623
914 665
37 814
921 1640
894 836
337 1679
1500 689
741 1391
1563 389
1290 376
693 1212
1142 131
1426 1259
1776 532
38 612
39 916
1575 245
1014 29
747 790
1583 484
951 1093
1466 1122
1616 550
461 1781
660 603
296 1501
40 228
41 553
288 1011
658 518
539 179
42 634
157 1360
1406 15
1174 1050
176 470
346 780
1518 1716
1226 215
691 718
118 685
828 1164
1424 694
916 625
1085 1434
481 302
381 34
873 1174
1453 643
1221 201
45 691
602 793
528 270
804 455
583 954
674 750
1369 282
1111 72
1448 1669
1436 1624
1061 1209
44 322
859 956
1754 999
1272 1186
301 906
1380 1222
735 178
1224 409
48 1390
1072 1642
335 645
1016 406
1156 1223
848 1102
366 1577
629 1138
1688 195
49 463
447 90
1783 779
1506 1237
1205 637
1153 181
364 1078
47 1061
50 519
189 946
562 42
1489 1777
1769 1052
905 365
1034 830
51 1116
1459 510
92 1055
406 1239
53 25
1741 39
383 77
1470 1079
997 1428
550 1565
559 1505
1458 1515
531 1632
715 1442
385 840
1300 1534
489 717
830 429
1384 1382
1032 862
988 1741
973 819
1313 11
122 496
52 567
54 1363
837 69
743 1639
1109 197
1540 239
538 0
55 380
56 994
388 884
732 490
968 573
456 435
1341 870
705 299
57 1607
867 599
1761 43
1200 1511
319 920
253 881
1716 755
282 489
203 1126
1335 515
1660 631
70 1064
1273 668
1150 764
1725 1293
1701 1160
180 481
431 35
923 1627
464 231
1592 973
1275 756
1762 276
59 1365
60 58
858 415
924 650
61 338
1286 833
1672 622
813 1180
903 582
309 1170
62 1546
239 85
1235 357
829 789
817 748
496 14
144 469
63 805
250 900
1751 237
217 1287
1777 1314
487 310
1682 315
812 199
137 921
340 541
1139 407
64 1595
336 1140
1155 725
1586 19
1246 1674
486 1257
568 259
824 88
1402 504
199 1092
281 1161
1666 1219
65 122
66 1736
479 1555
1698 97
1301 1466
67 947
198 1522
770 831
904 545
339 1063
332 1198
68 774
589 1503
127 1182
899 1726
1709 1795
676 1610
672 1352
69 71
654 1637
310 236
675 940
525 508
1387 392
1781 766
952 1512
160 786
77 1597
1789 1581
272 1193
678 1336
703 540
1474 1201
284 620
1491 863
961 1379
71 252
72 771
990 563
1390 1623
134 1285
1025 1786
1618 263
1094 1742
1669 419
108 1048
1105 655
1005 1566
73 731
74 1484
1534 1399
1074 784
704 1455
591 194
1613 1107
886 1343
976 1146
75 761
1236 1571
1203 1303
273 852
1054 838
275 1355
305 1651
306 1621
1256 1714
404 1158
533 953
600 60
78 279
269 121
1519 1715
844 1689
555 1111
1636 1749
1168 232
270 734
587 527
261 1349
1006 642
103 1159
80 1643
454 486
821 1339
683 577
380 1272
1140 1054
1665 138
1118 1022
79 223
889 867
1125 1489
1015 169
81 460
412 1235
1410 165
996 1608
82 1341
83 552
1264 166
1449 1728
981 1137
84 1073
727 824
247 83
1520 288
544 922
440 1438
1166 858
1610 581
730 343
1079 1381
85 1773
86 968
125 227
140 1103
1253 364
687 808
191 1657
1766 146
913 1711
363 1614
513 845
1670 869
224 1266
328 1299
1163 157
864 128
1261 588
714 156
483 765
472 1045
1764 1331
245 1224
419 321
295 1329
1018 183
767 327
991 1559
89 776
259 134
631 1544
1330 1009
953 1638
910 978
532 966
87 118
91 551
457 868
1724 1280
1247 494
980 759
1331 1362
712 298
967 1394
488 1284
551 1547
604 1166
355 422
1620 777
971 1367
593 287
942 1751
93 931
342 891
1228 79
1528 1561
129 1525
94 1019
713 1579
370 856
664 688
989 509
590 803
95 1583
1302 1207
1283 851
946 1629
681 1130
754 1788
850 337
1237 1249
547 749
611 1600
1464 247
96 1694
97 1441
1738 1358
1562 1366
1431 217
1132 1523
1216 1464
1031 841
1473 924
1238 1354
1133 1157
99 320
314 261
266 557
972 1761
1418 1416
941 680
1223 729
1076 948
1407 105
1110 1490
130 436
400 1400
1194 497
297 1460
615 126
263 664
1746 795
1594 716
165 47
100 1469
101 24
102 1402
209 1364
933 961
761 241
1691 1697
554 1445
1324 839
1063 26
788 1521
499 1106
1524 697
706 703
1780 284
104 949
786 162
493 151
620 917
1303 424
212 1680
256 303
1157 1616
276 1309
1097 17
105 933
1209 1517
785 1369
107 511
1343 1333
1210 1069
872 1451
1318 1591
667 1411
1397 31
1323 977
758 1301
188 699
1048 590
1614 1268
1478 800
109 1396
922 1370
1185 1588
648 778
1548 1049
1556 930
110 1653
111 145
1584 829
609 1417
215 332
792 1132
112 129
1460 1575
231 325
438 402
320 314
113 938
226 1705
1475 730
1364 1185
1509 1740
114 1308
560 431
501 479
810 1377
1376 1709
800 430
1277 575
1394 1149
278 984
1521 1245
162 746
1773 529
1295 438
159 626
1279 191
752 647
1750 684
579 492
449 250
1028 1615
1092 919
1733 1456
119 861
382 752
1064 555
1351 44
460 1732
120 1253
459 615
1100 887
121 693
814 1248
1444 798
1427 1685
906 1068
1116 473
695 1420
1344 1673
1202 1357
123 383
877 1407
625 305
1151 1446
1362 1447
665 1507
1057 1794
938 1310
1382 1348
1204 1662
670 464
1276 681
762 218
943 1682
1024 859
1241 1699
793 211
257 41
994 1552
128 1020
1487 280
783 1086
1644 213
154 1635
274 159
403 1485
405 382
606 1118
1454 242
1728 399
1196 1001
506 244
466 1084
1144 1665
490 1406
1392 810
556 1594
778 724
1127 1094
1771 453
1450 1307
627 173
1011 46
132 175
659 1560
1311 1148
135 335
138 465
505 608
885 1426
580 210
480 1337
1183 1601
1731 1499
1188 638
369 526
136 1028
379 607
986 1413
1755 629
1393 1172
1727 207
1624 1590
1772 1007
896 1658
323 1165
619 1194
545 892
1044 564
549 92
1287 1731
1704 1214
1508 842
1146 1128
142 1121
302 1733
1173 1572
1358 348
751 66
851 229
143 683
649 1231
1206 1205
1225 100
1391 1760
427 1465
241 760
146 1260
416 59
1580 1506
1713 1557
147 1664
248 514
1114 404
716 1262
1628 1294
1047 238
1010 696
771 1604
1315 1076
1535 468
429 477
471 1250
1546 1617
1577 442
1373 78
149 401
150 488
516 1388
929 107
221 1029
1601 1273
151 40
1056 67
1004 1221
152 20
1141 340
612 124
720 439
1421 16
1705 686
1408 1793
1430 1344
1560 1213
724 597
1663 872
1035 1089
465 897
1747 260
605 1762
1484 516
1134 296
1647 503
1368 363
944 1230
503 1131
1485 950
1745 925
1229 104
1529 592
671 1218
685 1703
878 1779
1710 82
963 412
158 274
1268 943
371 1626
863 1328
325 189
1462 440
1039 1082
1145 698
637 1278
739 12
1317 1605
1625 417
345 1345
331 909
313 1312
407 1475
947 1772
161 1387
242 1359
163 140
1233 388
164 1401
1058 1256
1515 1300
1502 1065
1752 329
458 854
1207 865
473 848
1631 885
978 835
166 762
167 1757
258 74
862 817
1555 251
1684 1
782 1677
1190 1545
169 1780
1439 1233
255 495
970 5
1158 595
1668 1279
882 301
170 985
443 1729
1649 222
1361 1493
171 1321
1195 955
919 1457
527 1539
643 1414
1706 1427
172 13
1543 834
1539 391
918 1730
1641 267
742 1206
519 1672
173 289
174 304
1494 1095
290 979
421 53
1371 132
1007 1750
1027 537
768 1758
1623 671
358 112
694 457
610 714
820 448
979 136
1446 208
208 914
177 522
179 277
1258 1315
1045 1175
441 309
485 890
1490 1589
1284 158
207 1134
1551 1602
401 1156
1653 167
983 1707
181 154
543 1123
195 91
1572 604
232 143
1451 975
182 361
183 1200
1219 732
334 445
584 823
184 192
887 1454
1640 1759
632 1634
1340 214
185 812
779 941
1463 1046
1167 1713
1217 571
1567 171
229 1796
795 1167
450 1797
1461 1153
187 616
1422 1057
571 1783
190 558
1452 168
1650 768
1240 674
1664 601
192 580
826 1010
214 467
819 368
193 1002
233 400
657 929
917 1587
843 594
194 523
1414 1712
1026 1628
1590 888
966 316
1334 1228
1213 644
236 358
316 945
469 1372
197 1567
985 967
1332 737
534 1488
196 1508
749 356
540 1421
445 662
1377 735
934 375
1517 1179
349 1744
500 8
200 1202
201 1261
360 295
1280 1154
1192 1183
852 1347
1550 428
1104 901
1208 1596
775 1038
294 1323
1095 1277
1161 652
995 182
1651 1444
641 547
202 743
204 1532
1782 127
205 1306
324 926
206 1196
700 700
927 799
954 976
392 587
303 988
1227 1550
1468 701
451 1514
1736 393
1349 708
399 583
211 1747
1504 1765
594 715
796 1242
1443 1197
1760 1690
621 115
213 1670
1442 747
566 1322
1121 1696
1322 602
1333 185
871 73
518 106
1609 117
1148 1586
216 1006
1770 355
219 974
312 1204
362 763
1383 10
218 1654
220 1290
898 1013
1211 815
563 1791
1316 153
1086 125
455 660
409 695
1566 1437
292 196
222 371
984 75
223 1135
444 1255
726 1080
397 806
636 1015
463 36
389 1495
911 1443
225 1184
1090 130
955 1030
1690 1017
1445 827
347 1449
1593 319
367 866
1263 1636
227 163
228 1704
1081 1150
1080 1415
526 728
1103 944
1049 350
453 1385
230 843
909 1176
816 1288
1768 1380
993 1585
1734 1701
1191 268
1689 543
1695 1386
384 1516
262 449
1510 811
1700 1710
468 596
234 1509
1635 614
1278 52
847 1774
1721 1152
707 1755
673 1440
856 1258
1479 1450
1353 1538
883 38
1513 1397
1243 1033
1718 538
1429 258
352 1429
999 346
271 796
1687 832
875 690
240 362
697 1584
1619 110
1041 1088
243 209
1180 1593
433 293
1694 352
1214 758
495 474
1726 307
1291 1286
1082 1127
1091 1378
1785 23
244 1468
246 1083
1088 704
1604 1472
426 1117
1282 1234
1423 1668
1178 1070
1159 757
1639 501
634 170
1309 81
523 374
299 144
251 589
1055 1320
1360 651
1164 1384
504 705
1184 1799
1305 1719
252 147
840 1592
1498 1423
888 48
1267 141
1735 1720
1232 1766
1674 535
578 1008
1765 875
1467 353
945 1178
548 670
1120 733
588 1353
663 6
321 290
1050 94
1419 444
1441 1631
1199 482
1589 932
746 722
802 1725
1533 387
930 155
304 586
736 844
869 879
1788 212
1637 1721
1787 880
265 203
1748 87
1606 1698
279 878
639 1574
628 1681
1130 659
268 672
1327 1491
520 893
1398 1374
717 264
285 986
1702 1676
1288 367
1612 1072
318 507
1737 1004
1101 1686
1671 255
642 243
1379 617
1744 569
1501 142
1381 1551
1193 791
1137 753
1298 176
719 682
277 742
638 1618
1345 328
1486 963
1138 45
1585 312
280 1392
1033 1764
1767 311
317 1292
435 1350
650 1568
794 65
652 1000
1123 1753
283 394
781 1139
376 1021
656 133
395 962
1648 233
1053 51
692 1520
745 1119
425 28
1262 1700
1457 882
1525 1570
787 678
974 1564
1239 216
750 679
289 995
1037 324
1212 741
926 534
998 1633
617 119
1367 525
1404 32
1304 895
293 1510
1325 1410
932 572
1591 1645
298 396
825 1717
1749 9
645 633
728 512
1447 1787
434 471
300 1553
1023 1281
753 624
1677 1114
1435 745
1008 1244
1492 381
1119 326
1198 740
884 459
1297 1688
1020 896
308 1097
1370 1318
630 876
1113 1659
962 1316
1143 719
710 456
307 1241
1354 443
1242 198
1093 336
1319 996
311 621
992 1113
1662 1425
1553 1735
666 736
597 109
511 1439
823 1776
341 123
1257 802
1162 1295
1558 1529
842 1051
1656 1338
740 1297
1678 478
757 1409
668 1351
1218 1476
879 226
827 1077
1415 991
1626 257
677 1238
1495 902
322 294
880 751
868 349
1611 864
987 1325
1075 342
1388 619
1062 462
1186 1053
1413 137
353 1042
1730 1060
327 628
1154 1220
462 1269
1763 331
1000 565
330 928
333 390
1634 855
956 1058
1693 1573
378 769
422 204
1409 1737
1099 1398
1021 539
1617 663
1497 446
1252 377
698 549
616 1430
686 278
1607 935
1564 1342
845 816
928 1462
343 794
344 1702
1338 1298
1281 627
413 1023
1602 61
1633 820
1400 648
760 1486
1326 180
348 1463
498 605
351 981
436 1012
725 1408
350 373
354 1473
1712 1313
1117 1395
356 230
965 883
1471 1723
357 1247
1012 1101
1559 461
470 152
733 934
359 1254
530 894
1126 1018
361 959
1483 1655
773 161
475 1770
1385 86
1597 1474
1646 219
1536 1371
772 1227
368 536
1265 1524
866 1746
1679 653
373 98
1182 1110
1181 907
939 1003
375 359
1565 360
1347 1282
1036 411
618 160
1220 434
1658 433
1681 1246
420 850
755 1265
1254 613
1328 1537
1329 306
1346 418
849 860
1708 1792
386 1283
959 726
1655 70
1779 286
818 2
390 366
448 775
1030 205
798 677
1359 1625
393 451
394 370
635 57
575 636
557 1039
1673 164
876 454
396 1032
398 1098
1425 1393
1530 1305
576 1190
446 386
402 1168
1469 1771
1312 1675
1308 661
777 721
765 807
915 1036
478 472
1632 1603
696 727
1503 1317
662 285
1002 783
410 193
477 80
497 499
411 1074
1363 1667
1395 1479
1645 1785
1378 951
415 1644
417 754
418 101
682 1361
1348 1535
815 1775
1576 658
439 1026
756 971
1271 993
1356 62
1084 1650
1696 837
423 1109
424 1216
841 1504
1440 416
1784 1562
428 773
509 1024
1455 936
553 1656
432 1067
901 30
1438 561
1786 458
494 339
1270 37
874 584
711 1671
1481 1025
1230 544
769 1162
546 253
1642 825
1293 450
507 606
1089 1687
1420 958
542 744
1389 33
1428 1187
607 64
722 188
1165 738
1285 646
1523 1492
1019 1432
537 877
1541 1727
1147 200
452 1458
1600 781
1107 1748
1743 965
1605 1324
1654 1211
1411 1548
1638 190
1545 1199
1417 256
1456 1620
1599 1459
599 1695
669 385
1396 1752
1357 972
738 1663
1627 1340
1339 992
1774 654
467 432
569 177
897 1075
920 120
1522 828
1516 1270
474 297
1532 1789
476 323
1077 1754
1512 568
482 1120
613 272
484 1691
791 957
680 1502
1299 1105
1003 982
1412 1536
491 593
492 334
908 1375
1697 889
535 113
623 275
958 1147
803 172
957 910
1250 1210
595 1243
1758 1549
502 1724
860 99
1043 857
1552 520
1740 1487
890 1090
1017 1066
508 960
1561 600
1255 942
949 1236
510 818
1365 723
1171 692
514 1144
517 420
515 480
948 1496
1149 1784
1570 554
521 1356
522 1005
1051 292
854 89
1108 598
684 1040
1399 1383
567 1480
723 265
1686 7
1122 1169
1172 423
529 148
822 441
1320 466
1657 739
865 410
931 68
764 413
536 533
1386 821
1292 1526
1683 341
1511 1497
1201 1666
573 1041
570 372
729 1452
1059 1580
1013 531
689 556
552 559
1374 1136
574 1576
774 1195
651 149
558 184
807 351
1675 939
835 1346
744 630
1621 969
564 49
585 666
1189 804
836 1630
577 911
737 1734
701 1660
581 585
1573 1215
1029 103
1266 427
582 640
1757 1274
1416 570
1001 1745
790 530
592 1173
596 1163
902 952
1544 27
598 1533
1676 313
601 1613
1775 1192
806 225
603 873
801 1085
1040 318
1680 1334
614 403
1723 425
1437 4
907 333
1067 1271
1596 822
1336 273
1582 667
1465 937
626 220
960 84
1175 55
977 871
1568 1143
1482 1494
1699 1661
1022 546
805 915
679 687
646 710
895 675
748 224
1128 1376
1549 1693
1187 548
1115 1330
1259 1513
1070 610
661 1335
1538 317
1598 1518
1480 63
1244 1100
1514 246
1372 1275
763 1403
1231 502
688 1405
935 139
1557 281
718 826
734 998
1260 1519
1707 291
1569 1569
1759 1471
766 1047
832 1181
1052 1056
1778 93
1060 150
721 1289
834 1582
1355 1302
1432 1016
891 772
1234 1647
892 1059
1472 1722
1083 378
1405 1232
784 813
1274 1756
855 271
912 1498
1507 1125
808 476
1574 611
811 1739
809 254
1526 1540
1245 3
1071 990
833 898
838 1606
839 1133
925 770
1477 656
1434 1141
1488 1611
969 1646
1342 1622
1531 1500
1176 421
1588 669
1375 853
1087 1578
1177 788
1042 21
1714 18
1046 912
1352 1327
1685 1412
1433 707
1289 1129
1692 1171
1251 1104
1222 809
1314 1081
1739 1558
1720 1326
1403 1252
1537 1481
