0 1520
1949 248
1948 793
3 1886
1947 1462
4 152
6 1842
1944 1471
7 1779
8 618
1942 1241
10 934
1940 1764
178 571
374 473
1358 1718
1517 1929
1424 547
330 412
1060 557
935 1675
1 757
1945 1430
9 655
1943 786
11 268
1941 497
1599 1711
844 156
375 912
750 772
1630 718
2 1365
5 633
12 1094
1717 1875
123 1854
1129 803
1360 645
587 139
1946 518
326 1437
1119 146
547 1183
836 1940
1267 1755
545 1827
1908 1021
13 1117
1098 1320
1804 1586
835 154
816 1444
429 806
1450 1759
950 322
371 625
1179 810
995 303
1491 304
1005 1404
14 306
15 874
1902 986
1365 771
781 130
1115 1735
1911 470
16 1927
106 20
1291 1593
98 697
463 741
232 62
1308 1874
537 191
1477 1773
813 1198
690 1032
76 844
301 1265
643 177
1665 843
1205 819
262 204
817 1791
18 558
376 821
1105 1938
492 50
1305 1136
1929 1211
102 1914
1451 1754
17 801
19 1469
1141 657
785 1622
1876 1710
1855 1589
1408 506
1936 846
242 1896
575 1782
20 692
21 749
838 1429
683 1375
170 1633
1223 1362
1505 1611
277 135
576 1756
590 195
1671 1531
22 359
23 186
1689 136
393 475
845 1164
1554 1649
1077 572
24 1409
1499 745
698 689
1016 1023
1463 891
99 433
25 1640
240 384
215 430
387 402
1653 193
26 122
820 29
860 1127
390 1292
1157 320
751 1860
27 1505
291 1592
1746 319
1767 1789
256 1619
712 1269
1772 536
1701 258
939 1454
28 1804
1856 1342
709 144
377 461
1639 260
1294 894
555 861
29 97
1866 230
962 426
313 387
948 397
1024 1767
1246 791
756 1115
422 1512
1476 723
1555 236
442 1287
31 164
532 1656
1048 1751
32 1110
779 790
363 1302
1067 896
1314 1805
1722 1112
665 1777
1470 1219
30 113
624 1046
1322 1596
1657 18
306 163
570 1737
1831 1923
1441 1233
350 1097
33 1731
1641 553
236 1903
127 636
1285 1497
1171 561
1627 1915
480 1059
1634 634
35 830
1917 1140
855 674
482 1206
444 612
211 575
1840 951
345 1214
536 1351
34 833
136 1902
1680 272
118 1148
1735 823
1493 1142
1420 953
1642 1551
316 568
1423 1440
1490 450
569 1674
1193 45
1512 1034
36 1564
38 804
473 1769
965 1393
172 1740
510 1484
311 1671
901 396
39 895
761 225
1773 814
1333 1508
567 1819
1597 103
858 105
909 1228
1110 1388
37 537
41 1898
1676 340
1915 1119
137 763
1595 1
1354 759
42 576
1435 1771
609 1037
508 845
1020 1939
1114 1466
173 901
44 1871
1402 1662
1713 1113
1509 233
1419 327
525 332
1886 73
546 1704
254 70
43 49
1896 840
386 227
734 1717
1752 386
218 447
94 1846
45 428
133 642
40 421
46 456
1381 1500
315 922
184 1486
689 28
47 521
866 1847
468 977
757 550
1606 117
782 466
207 939
621 1348
807 529
485 298
1297 22
382 1762
524 1788
940 376
1774 210
695 1820
149 1446
1139 1554
615 980
792 1572
57 1630
999 1928
100 401
1155 131
1576 1311
915 251
1467 358
152 31
48 1433
1544 1027
191 1055
1853 472
1140 722
51 425
139 414
1351 653
1269 14
1872 314
1458 468
1538 494
49 247
50 687
52 69
53 1449
997 720
1341 1831
769 1281
325 1757
1814 538
815 1747
1668 1091
1888 1653
518 240
54 474
1656 1625
295 938
158 1450
222 1925
338 501
696 1900
1366 355
1725 993
1925 410
344 209
1353 95
55 588
56 617
392 932
739 1381
1237 439
1073 1601
584 330
1887 1415
161 1237
1813 1667
875 597
1422 960
722 1610
842 1600
931 514
705 1866
744 216
723 275
1094 794
889 1271
841 329
72 941
1217 1798
1624 1341
650 769
1096 1703
1736 957
1472 566
1099 1493
982 1713
1327 1155
59 1403
302 1879
1462 86
500 546
961 165
515 808
1487 878
60 1918
1029 661
362 961
58 4
1200 458
1757 1850
1194 927
1486 465
1280 701
1734 777
61 140
62 1913
1286 463
534 1329
297 505
1841 639
959 825
953 1279
1159 1025
168 952
1184 178
1394 437
491 1201
64 982
1478 1479
638 997
777 746
65 378
574 1870
905 1549
1001 984
1248 820
528 1483
1756 1260
63 1128
66 1766
151 1358
775 1011
175 1792
1654 169
540 988
710 1284
385 356
1080 104
1284 215
1146 1606
1151 533
1347 928
68 1518
954 1612
960 173
67 1728
69 1648
589 35
1937 1270
1837 1107
450 668
755 600
1895 1012
1218 1696
70 390
176 858
1125 774
433 1192
1124 284
1868 1256
1616 345
1521 1272
438 349
1224 1400
862 1116
1061 1118
1696 1144
1272 544
1690 1539
1107 1560
676 1380
613 92
1299 457
563 1231
71 52
73 581
341 1504
963 123
74 1215
956 263
1608 1864
994 90
75 89
332 905
1507 975
117 1801
1660 1644
1715 1200
649 1816
606 1803
93 1848
1659 1159
919 0
77 293
78 797
275 188
554 1111
908 166
79 1445
1052 1739
1827 824
691 910
596 1047
647 1182
886 849
628 631
1649 17
766 1212
1533 637
1636 1147
1307 324
1778 212
1557 555
1884 300
509 1608
177 202
80 1007
81 1749
795 1246
1033 1076
299 54
607 1000
417 1899
503 918
677 866
335 1083
83 890
1629 155
1607 362
653 235
249 106
1185 1752
82 338
84 1095
1264 512
1216 709
116 253
928 1477
487 1937
1759 622
727 916
1233 1790
1596 1048
112 863
85 958
1134 1441
1880 781
1602 595
183 606
548 817
1320 672
1017 1926
86 1196
1838 442
519 974
198 80
476 779
883 1247
1242 13
1529 1753
771 201
1346 785
87 535
1097 1933
92 780
651 1067
1802 990
298 869
129 1663
1709 221
1938 496
1247 1366
88 190
89 1443
608 237
1816 917
1645 1583
333 1195
122 998
455 1176
1712 873
993 921
1854 1587
90 274
996 1652
369 1562
1801 1133
1770 1349
179 267
1121 1528
91 71
660 1093
666 818
159 1427
1763 1604
967 363
389 1371
1330 1254
1122 226
595 1565
101 583
1150 1417
533 1280
228 1213
273 23
1776 381
220 1002
95 180
713 740
1412 1727
427 200
687 887
859 1072
942 1877
601 1691
1920 1577
96 377
1302 347
353 1180
97 133
413 1641
1488 872
293 807
1050 1659
1243 1556
1065 1670
1882 1794
1132 51
874 1514
1317 1106
397 1436
227 262
1747 1813
354 632
285 1573
403 799
1189 1018
187 1746
142 1248
434 1607
1092 508
180 196
1465 1238
261 515
1691 1257
1745 680
1296 626
1116 591
688 1134
1391 1373
425 1730
1553 1887
1580 1706
160 432
1706 1101
162 48
1809 309
892 1129
267 1547
787 1156
664 1876
1900 464
234 1399
241 1920
105 150
214 1071
949 888
1144 1922
1380 44
659 114
103 1181
104 1584
1388 756
630 1004
1362 407
1594 1397
1221 1581
654 524
1646 662
1849 431
110 931
107 493
108 400
1871 389
1587 751
941 676
809 1255
190 944
1274 1267
802 853
592 663
314 1529
197 254
111 1039
1082 899
1625 760
113 854
633 1639
1506 273
1397 171
878 1761
1135 1387
109 1177
1069 1014
966 495
702 962
114 487
115 1492
566 1720
1009 673
462 422
290 1841
446 1924
395 520
1088 1033
320 627
157 128
1789 1784
1791 5
163 364
517 1153
1810 564
839 471
1396 1519
278 96
1371 372
1489 41
1022 1858
1007 1721
1045 234
1760 19
119 419
952 1815
811 1835
1111 1167
876 172
1930 690
1275 244
120 1030
921 1264
1421 956
237 1138
486 885
1292 1345
1812 738
121 569
1495 959
1389 1456
1278 601
1805 504
830 1487
740 118
1443 1250
124 1834
1590 1533
193 1543
238 842
1620 913
943 796
169 1169
125 1590
126 848
1852 871
790 1395
418 1494
1176 1498
1820 764
1570 1078
1932 1426
1707 241
130 1910
479 1060
1817 1526
1769 1150
714 111
656 395
1399 1288
1186 449
1436 1544
1390 1935
1833 99
131 120
132 528
1829 1369
1869 1061
134 800
556 1324
368 252
603 1904
128 1912
736 1905
1618 1772
1633 352
247 516
1426 30
1815 787
741 1309
1438 893
1235 148
1546 1521
1695 1224
135 671
1875 1143
467 486
803 1435
1682 1303
138 978
1744 681
1070 967
891 686
1262 137
1534 283
141 656
798 643
1848 1391
140 1392
305 47
1466 1073
481 1184
1796 1869
760 950
549 34
196 1384
565 1203
1415 350
143 907
144 540
1236 1009
1379 1911
1277 228
464 1934
1589 153
145 1179
1253 1540
146 929
1623 526
1337 1130
1203 602
1197 121
814 1064
147 1821
495 943
1163 856
704 1470
148 1734
364 109
1008 523
881 1151
1581 413
658 1330
1910 909
284 1853
1034 812
1677 1132
1637 754
150 748
379 727
410 1738
1640 1274
1271 192
435 1552
477 648
370 1909
1714 1099
1923 175
850 1268
424 67
153 1205
1310 271
1416 923
738 1253
154 1154
1407 365
516 1535
155 678
1378 513
346 1245
1270 1135
1014 488
946 183
156 444
541 167
824 822
319 297
1702 16
869 485
1355 573
692 1306
1762 935
983 203
360 1396
1783 647
890 782
1800 698
292 1880
977 1092
1256 539
1026 992
250 761
233 1946
553 1382
436 850
1687 1686
1694 1453
182 1158
1461 750
1316 615
1095 321
1847 287
469 1626
321 947
1591 53
164 285
1527 77
1376 1473
834 1334
732 1170
1799 1944
199 33
957 1383
975 404
1406 904
166 1327
1703 713
1573 1893
288 168
1519 207
873 1632
165 127
474 1699
1178 609
797 1845
1502 343
903 294
1858 1074
475 1031
1692 1588
1743 1810
1066 211
1363 119
167 795
729 989
799 776
880 1326
171 834
1023 1513
1078 1664
605 1658
693 1283
1323 81
1739 1402
294 290
588 261
870 1379
1130 1174
1543 563
1199 1525
174 855
1460 614
900 242
1672 182
1158 1024
419 968
1891 1532
791 695
1112 367
501 836
279 1333
328 1642
1899 1689
1893 280
672 25
181 312
821 616
1044 586
512 1022
577 1315
822 742
426 57
1667 936
404 971
543 42
895 1202
192 1090
1562 278
343 1335
1475 1109
564 142
1195 522
808 711
1279 1538
185 1695
186 1836
1935 1199
879 1266
725 1605
189 1931
248 1411
188 1045
1335 1832
1259 1563
1273 585
1334 775
409 406
1006 509
1782 1359
1318 1467
1898 1745
439 1797
1165 724
1324 1290
1156 1496
625 1598
1764 500
399 915
282 1723
452 826
1469 339
936 716
1055 443
337 1785
1600 554
449 700
1056 665
194 170
195 1188
1874 1161
865 1883
381 354
1383 531
1862 832
200 1222
1027 334
1075 1634
774 1052
472 246
1257 369
616 641
1860 630
355 914
1484 1003
1885 1624
1579 710
720 1223
202 491
204 1163
209 301
1432 1561
201 8
205 1405
1109 1221
1787 1295
772 1017
1474 664
203 1775
206 1476
887 1628
562 1629
752 677
1106 1800
208 479
1480 125
323 1323
796 1385
758 507
1032 1733
1039 702
1250 1262
1811 1218
287 1305
1795 527
1173 15
1453 730
1249 1225
210 61
212 829
263 323
622 580
1049 1693
1768 357
213 839
1021 411
618 605
1215 1172
1803 24
440 1781
639 1447
1338 1536
1145 816
252 1293
1830 326
1563 1277
358 1162
216 1708
1494 217
366 736
1071 1613
619 726
759 1506
217 467
1473 36
1410 1166
1229 1008
1638 1643
1548 1386
219 1175
489 1683
246 1139
987 669
852 333
579 1770
990 1236
1865 1919
221 584
1093 851
1731 351
1516 1559
223 281
336 1947
384 1006
235 9
1312 124
224 1576
657 737
1251 1098
225 1891
339 685
1673 1438
1401 560
1921 187
226 379
1303 1599
405 1722
1138 1015
229 1318
728 996
1148 383
1266 1796
465 831
511 424
851 1149
1268 382
231 416
917 366
1392 1499
1442 308
494 1942
1244 1495
1437 1242
906 651
1567 970
230 1546
885 753
1319 715
1500 1331
716 1878
679 1408
415 110
1708 1088
1531 1851
1514 185
1011 1421
414 859
1234 1353
1418 1439
642 954
1781 712
1168 1651
1321 1186
1413 1249
239 76
731 1660
804 766
551 222
1102 562
1658 1550
1230 778
1220 1571
1822 405
347 32
1289 184
1939 1378
243 1516
1372 1700
244 1668
245 898
776 1289
872 371
1797 578
1325 1558
645 683
1031 1838
1118 37
1051 1028
1931 1793
1258 46
818 1273
907 74
1551 1308
981 1491
459 65
1617 1636
1181 179
1727 1806
912 238
251 670
544 10
329 1089
488 39
253 1524
1089 1357
461 1941
745 948
1074 85
255 1354
1928 1812
1254 945
1750 1579
406 336
1172 292
1301 1715
257 98
557 969
1919 684
258 1621
923 417
1766 1420
259 699
380 1145
1621 933
707 1189
260 1160
578 598
1912 610
1777 249
1582 705
1572 1325
1622 1614
317 886
498 1591
1191 481
1926 650
264 231
684 1339
586 1464
1427 541
1688 1859
265 1825
788 865
1655 1861
411 448
470 1297
307 1457
749 1736
922 837
1137 1475
1227 743
266 1350
268 1489
784 1669
269 360
531 1684
1167 115
805 1485
270 1725
1515 530
884 1840
271 138
1369 1058
1117 1044
701 368
1584 1786
272 1597
896 1849
735 857
620 392
1934 288
686 551
505 1419
423 1338
1295 1300
1700 1665
1498 219
1879 1082
274 197
276 1828
1076 688
1228 229
1152 1104
700 1102
1836 107
1693 1503
1542 1481
1454 1029
1352 134
1287 703
1384 1077
1108 1768
694 1681
1431 75
373 1661
280 445
753 882
281 1692
1015 1036
1711 342
986 462
1588 1066
283 503
583 1193
1564 1191
1914 1286
1522 68
992 1414
1142 1650
1792 295
1497 875
286 1807
1748 1945
521 12
1728 286
1177 1197
1569 59
1532 459
1202 940
675 570
327 1079
361 548
833 1510
289 924
1405 1822
484 1863
1675 1617
681 1620
1084 629
800 1321
1615 6
303 1460
1545 1122
538 1312
1552 1406
372 542
1040 599
1276 1332
1927 1096
296 1171
937 1657
1162 1423
680 596
1241 594
352 214
437 1234
300 1482
828 889
1592 1645
1002 1654
310 983
1710 675
1520 955
493 1452
408 1618
837 589
827 862
1368 1936
304 1635
1120 1680
1149 1682
668 1304
448 728
1136 1774
1128 789
342 477
764 1207
1161 903
504 1372
1374 1232
308 864
309 549
550 543
1753 1603
1085 1901
1164 1826
1370 1509
539 1537
1143 870
312 1299
1604 198
763 1783
1260 40
1457 1548
428 484
634 132
857 87
1755 451
1786 1434
1857 847
631 393
1826 640
318 151
721 420
669 1314
894 1190
1030 64
674 644
1788 1451
1889 1425
1340 194
1404 1872
863 1216
322 1428
1559 1294
1000 415
1447 1743
861 1126
324 1616
1806 902
899 1410
1231 1609
973 758
1169 1173
1601 311
1651 1885
853 582
1724 1760
673 1895
1409 624
331 762
783 679
1348 335
599 2
340 460
1387 1719
652 1360
1877 1943
635 375
1328 482
602 1688
970 658
365 1742
334 1615
801 1361
1698 1322
1818 147
1828 1431
1843 926
930 218
897 1463
998 490
573 1930
490 999
1741 1534
1823 659
1894 654
1479 1282
1647 21
911 1865
640 620
780 161
1481 1852
1367 1363
348 385
349 638
974 83
989 1844
1541 1830
1104 783
678 1276
1382 1916
1742 1301
765 264
1174 809
1903 1502
938 1530
351 567
964 1389
1213 317
1681 517
708 1355
356 1906
357 1907
1047 1545
1364 453
951 1881
359 811
746 1016
594 966
610 1839
1339 129
513 418
1686 1243
699 1765
1834 1480
1482 143
968 205
383 883
933 1748
367 1763
641 798
840 985
1429 1108
742 1394
1863 1208
1933 868
497 307
471 733
985 492
682 930
1511 1461
1313 1285
1192 1574
924 1057
1300 747
1611 1824
1019 1376
726 1123
806 1226
520 1811
1881 270
561 266
644 1114
1386 707
1663 979
378 652
670 1291
1699 305
1513 1416
1561 157
552 1043
902 1131
1526 1244
719 1026
1356 1152
1771 269
1907 735
388 603
1425 911
1309 289
1683 60
1780 328
1504 802
1842 423
1079 1472
1081 409
391 346
1004 1185
1083 394
1361 867
920 1310
441 1705
396 1050
1536 696
398 1679
1846 1442
1821 1413
1086 1013
718 1712
394 1515
400 1595
401 370
629 1432
1566 1732
1057 1843
1046 965
1219 1802
402 1042
1375 767
715 469
457 1229
1825 112
529 438
407 1638
478 1672
1761 1049
560 770
893 892
1614 1465
976 374
1705 1555
412 403
416 1566
1883 773
1298 611
1901 1698
420 1313
1779 1474
1010 981
421 1685
1471 1125
733 361
1444 245
1452 574
932 427
1147 1647
1732 1239
430 1398
431 78
843 706
432 1343
1586 11
979 220
1204 224
767 1217
1628 26
600 1949
747 792
1445 208
1160 1795
1612 1374
1662 1694
1721 1081
1100 213
1187 101
1644 1422
848 1251
571 250
443 1527
1282 1557
1719 158
447 429
445 1716
1377 1744
661 255
1183 1178
1209 708
812 628
1909 556
1190 1187
898 1897
648 1336
1723 1511
1720 1867
1198 1726
451 1541
453 1346
1400 1856
1188 84
454 1687
593 784
730 1932
988 593
456 1056
832 1778
458 1809
1685 994
1864 256
1679 1168
460 1051
703 1676
1918 1707
507 1412
706 1296
1537 729
877 881
466 976
1357 1501
1342 1020
1697 1862
1265 91
794 906
1819 1194
1288 452
1793 344
971 55
978 1488
1311 440
1058 1623
1154 353
1428 897
483 126
1459 1490
944 920
1873 1120
604 717
1331 532
1238 1157
754 199
854 1146
1350 38
496 725
1652 884
1398 613
1101 116
1226 827
984 483
1916 1377
1670 744
499 1569
888 1165
502 714
585 1220
823 1808
1175 646
623 480
506 1568
1315 1478
1332 108
748 1892
1064 1890
1737 1084
1784 1678
1613 1278
1835 1070
1808 1787
514 1814
1733 1298
1153 1542
1758 788
1870 635
1385 160
1832 579
1528 592
522 399
916 1582
523 949
1306 1121
1508 1458
663 1319
526 1888
527 1799
947 1317
1892 1407
972 1259
1062 828
530 1837
1373 391
864 181
1619 1370
929 876
535 877
1583 43
1859 441
1503 434
1439 1124
1556 141
1839 621
1133 1001
542 380
1239 1868
1674 1553
1603 1087
927 732
1922 341
611 102
1610 1823
980 623
1593 660
1395 879
1059 1053
1904 299
1510 1069
1433 919
1598 478
1012 693
1087 608
1222 1594
558 731
626 768
1359 455
559 1882
1440 1917
849 1227
1430 1570
1212 1921
598 1424
568 1038
627 79
969 666
671 649
572 1364
1525 1041
612 1062
778 694
1785 1833
580 765
581 1235
871 860
582 1780
1126 1580
1240 1356
831 1758
1166 963
1906 223
1201 1709
1448 1575
1518 1252
591 489
667 1468
1041 265
1207 7
597 813
867 388
1245 995
1878 577
1414 1390
1090 436
1411 1019
1924 1347
1844 973
770 908
743 1884
1574 604
1434 1729
958 408
614 1889
1349 66
617 243
1585 1105
825 282
789 502
1631 1337
1524 815
1180 1829
632 325
1635 1005
637 552
636 880
1650 1677
737 189
1726 331
1897 348
918 1631
1455 964
646 1040
1063 1035
711 100
904 310
793 315
655 545
1704 1673
1798 1567
1550 72
1263 499
1123 1517
914 1307
1664 145
1790 1627
1225 1210
1182 1459
662 1702
1530 1818
1775 565
1684 476
1765 176
1255 291
1575 498
1304 1316
685 1507
1501 206
1558 1401
697 94
1091 734
1252 805
1483 1075
1485 1817
1013 373
945 3
773 1857
717 719
925 1697
1196 93
1293 1646
724 27
1072 987
1038 82
1054 739
991 619
1393 296
1449 667
819 174
1632 835
847 1086
1456 682
1609 1602
934 1455
1890 937
1283 991
762 755
1751 519
1605 446
768 318
1568 259
1547 88
1740 239
1036 279
1336 841
786 276
1281 525
1738 1063
1468 534
926 1275
1028 1258
910 302
810 1344
1669 1209
1794 1068
1043 313
913 1585
826 63
1626 337
829 1522
1496 691
1261 1701
1343 559
846 1263
1464 1328
1211 704
1103 1367
856 435
1648 159
868 1637
1867 1578
1730 972
1913 1776
1678 149
1666 1894
882 946
1539 1873
1661 316
1345 1103
1851 721
1068 257
1127 1261
1565 58
1210 1855
1540 1666
1824 1230
1037 1750
1170 607
1042 1204
955 942
1845 1523
1025 587
1729 56
1535 1948
1850 1690
1643 1054
1446 925
1403 852
1003 1655
1905 1065
1326 1080
1807 1352
1206 1714
1018 1085
1035 1741
1131 277
1718 510
1861 900
1113 1010
1053 232
1754 1908
1749 162
1208 590
1329 1141
1577 1240
1560 1137
1571 1100
1492 1418
1578 838
1549 454
1290 752
1214 1448
1417 511
1523 1368
1232 1724
1344 1340
1716 398
