01 17
4_5_28_38_46 18
11 24
16_25_49 80
20 8_44
31 82
7_32 91
29_36_52_63 90
37 84
47 64
62 54
3_6_14_18 34
21_26_51_60 3_6_14_18
24 01
33 31
35 62
71 50
77 37
84 21_26_51_60
85 15_57
87 89
40 40
61 4_5_28_38_46
64 7_32
68_86 41
75 53
82 23_69_73
8_44 29_36_52_63
9_45_55_59 74
10_27 10_27
34 68_86
54 35
56 76
65 67
66 87
67 78
72_81 16_25_49
90 20
2_12_19 71
41 13_43
53 72_81
18 33
42 30
50 75
13_43 70_79_83
22_39_58 88
23_69_73 47
88 56
89 65
15_57 61
17 42
30 85
80 77
74 2_12_19
76 66
91 9_45_55_59
78 11
70_79_83 22_39_58
