0 1497
1749 1016
2 784
3 1027
1747 476
4 1379
1746 1725
1744 1381
1742 1312
9 1354
1741 829
1740 666
11 765
1739 686
178 316
234 888
206 1547
339 247
1495 192
459 1528
142 11
498 1648
1235 1276
1664 1734
481 1445
1 1161
6 560
1745 1094
8 1727
1743 697
10 1179
12 649
13 609
1574 684
457 1137
997 1190
1285 20
699 594
1488 559
900 616
853 1271
874 634
337 1002
5 1673
1748 1238
7 118
1717 421
1375 298
290 70
1278 1492
1395 855
1155 283
739 380
1371 47
14 246
1044 1514
1072 912
479 1610
22 1628
1055 1735
77 1643
747 261
279 1548
1170 1249
1609 543
370 1056
15 38
16 447
1098 598
435 1711
190 1154
1132 121
1259 1424
472 1123
340 1515
965 174
1369 1083
461 1201
578 177
17 1446
1675 8
1262 639
520 1082
1679 540
1130 1731
1468 37
730 439
1226 572
18 1480
106 1608
728 1357
1357 253
510 43
341 173
19 1346
690 1428
462 216
1217 101
1516 801
381 530
511 99
453 403
1229 1395
923 1171
20 1660
310 574
566 352
1198 1693
1313 1255
367 581
981 1058
1104 1034
1008 680
107 1260
222 413
1101 694
1408 311
227 755
1330 417
238 599
893 923
62 790
1384 985
1691 1319
586 725
21 440
826 41
477 1367
1407 1500
1667 583
990 526
680 1670
23 1101
1481 1387
940 782
429 372
1570 787
1584 1402
626 641
1460 1308
24 337
25 893
589 12
1241 1223
45 1551
1662 992
612 1442
476 1538
1159 677
1180 1365
378 197
1254 997
522 815
1433 557
115 1593
1445 747
1001 1443
26 934
1102 643
897 864
627 147
882 1348
264 144
858 69
1172 146
63 356
1175 292
1420 1487
359 1667
58 170
606 1315
1682 66
27 741
28 260
29 1035
291 702
76 500
1692 218
133 321
1694 1449
582 619
1091 306
1731 1518
30 448
43 1337
698 533
248 1266
1374 761
1553 280
1497 798
881 1436
155 1680
898 1620
183 90
427 624
644 1495
1066 1736
1557 1646
31 132
32 40
1603 1420
870 1286
1112 1197
1715 1042
1177 276
344 1641
144 937
1527 1550
689 1465
624 1457
541 1552
163 15
33 388
779 1001
375 1305
1302 294
72 424
1298 932
1641 1166
1629 162
1510 1170
631 1496
667 561
34 951
36 80
397 541
1161 186
1131 1176
655 68
790 1060
182 570
1385 214
1187 1698
335 231
35 467
37 1714
539 1478
91 85
499 926
1738 1208
1631 1451
270 420
209 740
53 1048
431 788
565 286
422 1043
584 325
1288 1136
281 674
1133 1306
796 1382
557 1592
210 1383
528 64
141 1076
1094 1690
1223 544
257 1549
39 1739
40 555
1136 93
785 302
836 878
1331 551
49 267
1690 940
1174 1024
753 708
52 284
38 1499
1575 234
911 1469
1077 1079
705 42
130 517
42 990
1643 960
1058 1466
1239 281
1210 241
98 1416
1363 1066
670 859
1472 1240
512 868
65 922
706 1570
913 335
44 1474
193 738
909 1021
1193 1715
1045 1545
1505 743
1537 451
212 1685
1545 1028
957 244
996 550
1111 884
1106 872
1704 854
1236 1285
1592 464
1335 1280
613 1178
889 1273
41 945
47 1071
1060 1256
635 0
576 172
46 274
455 1580
590 604
1387 83
918 1300
1680 19
253 1623
69 736
668 834
920 115
1413 1326
492 73
1614 882
199 1701
1734 1237
448 818
1147 483
50 105
120 92
1205 411
407 435
646 836
265 1177
1685 943
608 1205
1096 1440
223 885
219 1159
1619 345
1484 319
738 378
1618 201
1678 1369
1517 621
48 58
51 1299
1655 71
205 977
423 698
665 1257
1405 370
727 914
245 1468
1315 262
765 587
750 1543
1250 807
805 631
54 1682
1485 716
307 290
638 974
821 1295
1441 1287
723 1220
1108 1093
1455 662
1373 899
988 1242
55 1425
405 1185
692 1353
1162 646
552 907
978 523
925 672
408 1377
56 1323
1711 964
208 981
688 1526
977 961
1343 629
797 488
125 773
912 515
863 538
764 4
1321 108
57 156
386 1448
170 1728
1344 1267
939 238
445 1339
59 1272
861 313
1322 968
1411 1654
365 410
292 1029
382 343
354 579
135 1689
60 1607
377 1403
239 963
1365 1054
1712 473
87 1412
180 843
802 1329
1386 965
1069 78
161 726
278 23
660 915
61 1259
216 329
463 1090
938 712
175 418
1454 1708
1200 513
1440 553
1184 1684
467 1372
346 1408
1286 1248
1578 1014
1043 1341
545 508
1215 158
371 695
64 1251
237 1121
754 896
960 692
720 614
1703 971
516 27
929 1503
1046 130
1651 1228
415 1566
620 987
1470 1186
1179 1653
179 789
66 1453
334 1553
780 135
1297 1554
1432 1359
172 1363
1021 114
67 729
1163 204
233 423
478 889
200 967
1562 1192
1214 1343
68 1507
883 1130
356 51
1672 1658
1231 1015
1709 735
1027 1564
711 851
70 1649
195 25
1225 377
1399 1398
685 422
709 589
933 786
484 236
251 387
716 1162
1573 1097
1141 613
1115 1508
323 982
336 266
71 160
442 455
355 287
1450 1517
318 636
1078 123
185 1470
1534 1217
1677 954
1359 1296
73 1704
74 972
1418 1452
1613 1263
542 5
243 150
1129 1516
309 97
1710 368
962 568
1576 1007
1378 1434
914 730
932 1659
803 1622
1437 1409
196 1133
657 480
1120 1669
138 704
642 1194
1328 110
75 65
78 225
1520 1114
464 1541
1670 1196
79 1730
275 626
288 334
1095 935
220 7
901 385
869 1431
1195 257
1125 333
634 831
81 569
1636 1397
1274 522
379 1419
390 1540
269 471
745 653
333 26
710 75
1243 682
80 1360
561 1039
615 858
1461 57
83 1396
930 524
320 1613
1305 949
1267 804
1438 1476
666 1574
82 944
410 827
1206 188
84 731
1264 91
577 1247
295 774
1466 690
85 1268
283 438
1063 578
503 781
1628 862
312 1120
832 1143
1612 1366
86 391
88 72
176 332
1283 1676
263 1345
437 552
158 973
157 189
1706 717
717 355
1390 116
89 665
260 751
362 1569
267 1140
970 534
1362 360
515 681
117 840
1145 1729
338 272
90 1004
1168 459
531 89
368 865
1660 1075
1507 1236
92 1073
1032 477
286 239
392 986
663 620
93 1000
454 806
999 1415
1307 1662
679 1105
830 133
992 406
1146 929
967 1651
485 948
968 1599
658 994
102 1232
1519 724
880 611
1563 1647
94 1631
374 1663
1269 1262
1306 800
305 705
713 532
553 1380
770 1044
1222 687
786 1422
314 1324
1736 248
1701 1013
1666 161
95 16
96 362
97 849
1582 993
1088 707
1621 822
1324 505
1127 1394
1665 148
99 1692
406 797
306 938
789 392
605 157
1477 35
943 414
868 1351
100 830
1220 109
1659 104
1518 1520
924 841
101 1107
348 723
564 1386
1559 434
966 1184
1716 1679
103 1051
721 847
226 470
1105 1583
104 1567
160 1556
151 1707
391 901
1451 1603
1211 1581
1135 630
1547 1321
661 1098
1425 1615
691 474
1607 142
1689 1115
105 1239
127 586
818 1095
559 1269
686 1290
971 655
211 853
654 1650
393 953
544 10
776 760
108 229
1579 1333
1099 1134
1616 918
154 102
1448 1225
759 358
1419 1253
1352 1113
954 1744
109 1374
110 597
1726 1149
857 1455
1464 117
1015 1656
111 939
188 1210
844 1074
1277 607
697 565
1325 1718
112 1350
955 1022
1247 563
838 548
517 1057
113 857
1571 1611
715 955
1581 1418
1290 1303
1316 1479
395 1258
694 535
266 1310
1011 74
1292 796
771 1616
648 713
793 927
116 1432
1073 409
325 31
114 814
956 1229
953 1309
1268 134
1050 1462
401 44
118 958
1406 1748
490 182
839 33
119 833
1656 1183
322 1407
834 1539
146 1456
921 1277
1059 767
207 384
1234 1505
124 1281
446 825
121 443
1587 1733
1531 1370
1446 810
817 94
1526 468
1482 529
450 46
1431 675
1334 645
122 194
274 1325
1504 1625
1068 527
296 802
1542 1017
123 1677
1458 1336
449 1111
569 770
1620 399
1622 748
1000 217
126 678
452 405
1524 996
1732 669
1171 376
1255 1572
1379 709
1410 837
315 76
904 1313
1081 1400
357 1471
128 658
597 504
1724 458
491 1052
1417 273
240 644
177 251
1042 1080
129 503
1024 1361
1509 924
1358 1530
1183 1485
131 431
1487 278
591 1174
388 367
1087 861
132 1226
640 1675
1296 304
1342 9
604 1292
134 1388
556 1041
810 564
417 1301
213 856
136 881
659 55
137 53
1014 1591
328 1125
1346 637
324 1008
1245 870
400 1555
1035 1665
139 546
1103 952
1166 1172
140 1221
837 1378
217 1710
1149 124
890 490
1594 959
156 768
1713 1335
412 1328
1370 737
1280 1558
1483 363
143 699
256 928
1349 1602
1649 426
1474 778
300 1209
985 393
1020 1724
1218 371
550 288
532 1618
506 728
1536 685
1382 199
145 279
1064 479
1428 1167
1327 1009
1144 1193
150 126
169 984
1449 1406
148 1252
942 478
523 125
1674 502
1203 498
284 496
1156 617
1338 1127
1401 1085
436 1609
147 1467
149 1464
1615 670
1079 487
1687 689
1070 1293
319 222
1071 1384
289 1142
152 718
823 299
1383 395
852 739
153 1606
718 1254
262 1639
1705 874
1295 1342
1275 408
814 562
1019 1544
775 1294
1075 602
1317 590
1463 1458
916 111
653 596
1310 1522
518 1203
1192 127
815 1264
979 745
671 795
602 1410
358 350
350 1629
831 1546
441 139
1194 1282
1110 208
159 618
681 652
1496 436
1368 1327
700 1683
514 909
1529 979
380 1119
1233 1234
877 1182
573 84
1625 312
343 640
687 344
562 235
1565 1405
1353 1678
313 983
1249 347
1608 703
875 1531
1007 571
162 1634
1337 1721
164 445
165 485
1036 1284
166 659
1048 501
1503 877
1364 1747
411 1664
783 1106
524 303
995 956
168 957
1140 1278
1491 1364
784 1077
799 656
703 452
167 400
1721 1018
1165 326
1009 1289
241 1563
414 1713
1232 1745
628 1657
1708 647
299 1304
1591 324
443 1047
171 744
611 437
1388 291
174 783
744 622
1023 1697
487 1063
421 493
1429 398
1040 1358
1486 1175
173 1108
1271 200
347 650
752 315
1637 300
983 1158
1600 1536
725 1579
434 512
617 1152
702 14
833 227
558 412
513 1195
899 28
800 1691
332 386
580 1671
181 1030
936 696
643 1741
1022 771
636 269
402 1738
543 615
1669 264
1227 1344
894 1722
614 1118
865 1732
184 792
645 828
186 1681
187 1568
438 34
1309 627
259 1561
508 1521
795 511
1017 1491
1515 103
1294 759
1185 1652
1256 1023
812 1316
482 1168
1623 1096
1568 1627
1403 1200
1142 45
1084 1003
189 817
762 17
1248 1672
1216 442
1647 120
191 1320
192 1737
683 606
1479 911
1569 145
1169 1624
1657 492
1688 1513
1153 1072
399 873
261 1198
1151 81
451 539
294 301
194 1435
1414 52
1016 1637
1213 233
1489 340
197 1055
1462 382
440 1450
1424 832
695 258
1018 1050
1475 1506
198 1740
1138 202
1707 1131
201 593
202 588
1054 6
456 897
563 275
373 209
203 1011
915 1560
980 482
1293 149
470 1231
204 1132
1273 816
235 317
684 1586
1109 1129
1499 163
926 1391
740 203
757 497
1033 880
813 342
364 811
732 1439
1493 803
829 727
494 394
592 323
404 1275
1492 1509
1598 307
317 1037
1456 444
972 169
505 1668
1188 425
760 184
1176 1459
214 1472
845 989
1723 821
1238 361
215 171
1287 969
855 465
521 844
1498 769
733 1338
504 1089
218 776
572 866
363 265
1157 1585
1038 1112
316 1081
958 1086
1258 167
221 296
480 1490
583 1187
993 1716
1467 1117
1398 1619
601 671
1076 528
224 373
1301 297
860 520
595 732
672 691
225 661
1005 1012
677 314
1029 1157
432 721
460 891
1237 1426
974 925
737 1504
649 509
1422 62
389 198
353 777
1012 1214
1471 1597
228 1686
1430 1699
585 1368
950 623
701 1577
229 1099
1080 514
1663 309
647 1298
537 863
910 1454
906 600
1366 1588
1443 1147
1242 1655
1532 1235
230 457
825 137
232 1373
1047 706
500 30
788 603
827 869
231 976
1478 676
922 906
714 1389
236 401
419 846
792 1430
273 1746
1610 165
871 1706
873 845
540 518
652 1404
1567 1604
851 638
1514 898
1394 1091
1544 375
1308 1141
804 1173
773 605
1090 389
276 1049
888 750
886 1206
1341 1069
619 1156
268 1067
1196 905
1402 449
430 346
242 415
1718 453
581 1265
244 1527
1158 904
1684 1702
1207 1038
1640 913
849 489
433 143
840 1632
1367 159
1319 230
1646 1501
919 428
994 131
781 628
1720 1126
1447 1700
246 210
247 1605
1719 875
1539 1297
426 1274
570 1401
1244 753
1393 364
349 1334
249 1243
1580 1661
1490 507
383 1330
1508 180
1652 416
1150 29
250 947
252 1322
1693 879
1340 341
1444 1502
973 894
1538 635
1494 138
254 271
255 1433
1122 460
982 700
1599 475
1329 516
258 819
1586 757
530 763
548 1151
547 1489
1535 397
1003 812
501 1031
1501 112
536 1215
1056 1694
533 1695
675 432
964 962
1404 13
486 1596
1540 1595
302 1488
902 481
878 1743
444 32
708 1244
625 140
361 1626
1062 519
1700 582
496 328
756 824
277 1331
271 826
285 1421
1057 1571
1421 1537
420 491
272 100
841 1559
1272 772
1554 310
1502 1598
1500 1535
1412 48
1426 119
892 1529
1513 660
1083 365
280 1576
1661 980
963 1261
991 430
1350 1719
1041 151
1137 1110
282 1385
1727 648
1312 1720
777 1726
769 1674
1139 1533
287 1061
908 1423
787 693
741 838
952 21
1173 654
808 1356
1037 930
959 322
1650 999
1391 633
1097 1153
1049 1087
616 762
1100 390
1626 991
856 263
941 240
293 1635
676 756
384 59
1389 1332
1639 842
1300 383
409 1318
1590 106
731 852
416 155
1006 1191
297 610
599 1638
298 775
903 746
301 1414
758 254
1246 252
879 1288
308 433
1714 549
1506 190
1030 129
303 1218
304 1352
736 664
819 794
1735 224
1191 1687
1270 902
1260 1444
1061 547
519 1542
551 908
1010 978
1031 168
917 1211
1039 536
603 1441
311 1600
707 1064
704 1437
571 1347
1381 1020
1668 1148
1654 454
1304 407
1686 366
987 601
651 585
629 575
1326 295
835 255
1204 270
1469 256
846 1084
1152 331
1354 667
321 1461
1116 1630
673 1427
1681 1705
618 1033
425 79
483 1046
1013 813
807 166
1442 1475
326 1199
986 1621
394 305
1436 178
327 63
360 1519
1284 734
1209 1092
535 191
848 871
885 1525
854 754
330 1139
424 232
905 354
329 338
331 1644
768 469
1114 1399
984 369
1473 1392
396 1
549 1362
1630 1723
1427 54
1221 1481
1240 1749
610 1045
1311 1688
342 1213
1228 1270
598 823
975 1138
947 1390
345 205
1550 215
946 1070
1633 1019
351 185
1595 50
352 1371
1261 357
413 886
1453 441
1351 336
850 1068
1291 1181
1107 887
1360 1164
1318 1128
1423 710
743 1180
1400 657
1186 152
782 1340
1376 1059
587 1227
458 1078
1729 1088
1525 1562
1523 1241
366 228
1596 714
509 499
630 207
1602 1145
369 1222
895 1233
473 1103
588 554
372 584
682 187
896 86
1624 860
859 688
376 936
1435 608
1281 223
724 663
1034 456
1086 213
847 1032
1653 975
385 839
418 1302
1577 308
1561 359
387 1584
1733 916
1397 463
465 1510
1548 1040
1065 1122
469 780
637 642
693 758
729 245
650 282
1121 558
742 1587
502 910
1551 1645
398 525
1528 427
1728 1160
767 1411
1604 226
1333 1642
403 1212
1439 808
1476 1189
596 793
1673 128
1279 1216
555 920
1118 625
766 349
1230 1473
928 96
574 404
1696 1135
641 580
696 919
1004 1477
1224 1612
1190 576
1372 1005
822 1614
843 1463
719 1146
1642 506
1082 752
1635 1590
1585 1578
1601 719
428 799
568 917
1053 113
1452 39
1134 1601
998 374
1627 720
1299 1417
1356 98
934 60
761 1640
1644 1703
439 1666
1126 1511
778 1317
1409 67
1092 510
447 1633
471 88
609 1429
594 809
806 542
1617 211
1339 195
976 1617
1541 1565
1511 82
1052 348
1263 701
1347 1202
1336 577
1392 679
526 1557
1566 250
1698 921
755 733
466 339
884 820
949 484
816 176
948 1709
1605 895
989 1026
1676 277
1572 450
1289 1376
468 1524
534 429
474 1224
475 95
864 1230
1025 1163
1533 1188
1167 320
1564 722
1323 567
1257 1493
1208 791
1026 1393
1632 1742
1197 461
876 1696
1556 22
1521 1165
600 1482
488 289
489 742
1396 175
1148 327
1199 933
969 1534
507 749
1522 903
493 1116
495 87
497 1532
751 18
1558 181
607 136
593 1413
1593 122
1658 668
1265 77
1645 1279
726 573
1588 890
1543 1486
1512 330
1181 1291
1178 1523
525 1100
527 1355
529 212
1722 1006
1725 1575
798 1717
538 521
1415 595
1320 805
746 206
1530 318
927 556
621 183
1252 1219
1143 942
1634 1311
546 591
931 379
633 237
935 24
722 1447
1702 153
656 883
554 683
560 1498
1552 49
1123 785
567 1494
1276 259
866 446
575 285
1560 3
632 651
579 766
1089 931
1093 711
1606 966
748 1460
1457 494
820 196
1282 1484
1051 1109
1361 941
1380 164
1074 1155
891 998
1085 1065
763 220
1212 293
1695 545
1028 1636
828 154
1202 835
1160 1207
1480 1438
622 950
623 995
887 1250
639 486
1348 141
791 764
824 715
735 419
1697 988
951 1124
662 495
907 1314
664 1102
669 1712
1377 402
674 892
678 1573
1119 612
1002 396
1611 1245
1671 850
1266 1483
937 1283
842 1594
1164 867
944 970
1189 193
772 351
1699 1144
734 632
1597 779
1730 1204
1314 242
712 56
1219 381
1638 537
872 268
1113 243
1546 1025
1067 531
862 1589
1549 900
749 219
1583 2
1416 179
945 592
1117 249
961 1307
1555 61
774 1062
1303 1349
1683 1010
1355 946
794 1104
801 36
1459 1036
811 466
809 472
1648 1375
1154 1582
1332 107
1251 462
1182 1150
1434 876
1737 353
867 566
1128 1512
1345 1169
1253 221
1589 1246
1465 848
1124 673
1201 1053
