0 220
2 692
1698 258
3 741
4 1291
1696 1620
1695 1395
6 1142
7 775
8 106
1692 713
9 418
1691 659
10 1125
1690 724
11 1154
12 1133
178 946
1509 1290
404 858
78 953
779 1533
865 707
1598 1131
372 1007
457 635
1 909
1697 752
1694 1238
1693 1485
1565 684
1661 1239
778 604
134 1694
1139 1471
1470 640
1152 189
750 929
176 1037
13 1068
14 585
329 1168
1308 554
1554 688
1607 1681
56 1404
1472 908
424 1062
528 320
561 1569
1699 349
279 1699
269 1163
498 1389
1487 1513
693 324
743 313
317 482
5 1114
15 1590
16 239
433 1667
271 61
1209 428
1338 157
639 477
837 874
1050 1073
1609 156
70 955
898 1520
925 257
1204 363
17 589
50 252
1380 572
1364 1278
687 1303
756 768
519 1320
1418 632
175 879
1184 1674
1680 504
690 863
98 443
851 1308
109 978
410 1292
1556 1661
153 1347
1197 654
1427 1076
18 1307
319 490
500 277
548 1093
1340 1016
773 250
369 1422
305 1579
1493 423
1652 181
1513 1470
613 1000
1343 1135
481 1685
923 1077
1372 433
542 291
893 722
1178 1258
1023 838
695 1296
20 350
21 1100
22 1525
278 759
1040 1566
825 729
688 1373
331 65
753 666
19 1633
246 613
997 673
783 254
123 852
813 399
1421 894
912 820
1320 936
253 1332
857 600
1459 1061
796 764
1576 831
23 689
25 1581
26 1415
1236 407
866 1516
583 814
1564 1096
767 409
52 1409
529 1247
589 1614
1003 916
355 930
1157 1419
685 546
24 1509
27 556
28 1355
291 1552
1653 979
286 596
1213 1445
1252 537
758 111
1299 91
43 868
75 1626
214 837
927 1669
1222 1653
689 578
648 51
785 708
1102 610
1410 1209
1074 1537
616 1304
439 292
29 892
30 306
698 262
507 721
1573 234
1687 1631
1473 961
1351 294
715 822
294 765
683 300
472 1644
746 419
964 68
350 560
1548 1234
32 1294
739 1679
495 1478
1476 1048
1350 1531
33 125
1051 1075
1605 1009
1162 401
67 963
650 21
436 1351
31 10
1641 1542
621 296
399 154
34 127
35 1144
1294 1499
1620 1031
710 834
1284 420
486 627
954 394
1649 1459
1622 649
801 1528
955 344
388 1691
1625 1585
1205 1274
49 406
791 11
906 1183
1039 786
1670 647
745 1245
686 147
684 1550
559 432
36 1269
37 975
208 912
651 1057
768 204
232 1421
607 1356
1651 1095
1540 682
38 1264
1148 1666
966 512
416 680
732 33
521 1035
1185 444
510 1659
1629 806
1631 353
714 1160
39 1108
1000 1576
1530 1670
241 208
812 1526
1037 48
596 617
40 31
41 384
1154 913
894 224
1560 315
676 1587
1293 563
1333 674
42 155
949 438
671 914
1150 1152
1048 1263
121 981
145 1254
727 615
638 191
1277 473
1016 1468
44 1111
654 373
1406 282
1482 922
1454 1121
45 319
827 53
251 1352
417 260
1577 565
819 762
1458 1299
517 1171
1394 1588
281 441
46 700
1477 516
1306 524
1315 533
907 70
384 676
1443 1641
1067 1464
1344 1562
47 1003
491 1408
637 1109
48 1157
268 1364
1107 1505
218 785
852 1498
473 1058
1408 447
1571 683
697 337
1038 639
740 1312
807 1411
936 119
1543 1593
820 302
632 103
51 1205
1465 1410
678 528
1126 274
466 1257
571 1497
1221 815
1291 1371
103 844
1103 1646
188 310
452 489
274 712
1621 180
874 1393
1119 1018
53 1398
1201 748
968 312
737 382
451 179
991 141
1141 842
419 1696
643 1597
951 387
370 947
54 558
55 877
1375 825
1517 1524
478 354
944 1087
694 655
1599 1206
1396 375
1044 376
1363 605
1289 933
1216 1128
1276 988
1270 1617
479 595
385 588
675 1094
379 1228
160 497
1180 924
630 720
540 308
1192 1426
58 253
59 203
860 1204
117 1090
1341 850
1688 1248
660 172
1021 1159
593 22
60 999
376 1546
195 1519
900 1085
617 202
1413 1362
408 1266
1437 117
659 1273
645 460
1026 1074
1451 749
57 1277
1200 1105
310 960
255 869
1474 151
276 1449
122 1172
792 899
62 964
235 1256
1272 973
916 45
110 421
1301 476
61 478
1203 218
1515 488
789 1413
1290 474
826 690
64 55
236 733
413 811
1635 221
1124 845
1416 1683
921 1553
283 866
99 1515
1142 1145
247 1185
212 583
1285 1615
228 1425
89 618
1587 168
391 1295
585 1107
1456 485
1590 1242
970 374
1058 543
63 740
66 550
993 370
68 1015
703 902
336 1340
902 136
69 491
352 298
1104 1129
1210 549
704 1554
1123 773
301 677
1060 1029
65 1240
560 341
71 851
1411 98
463 888
609 1491
901 1044
917 28
155 714
1257 730
641 1137
839 919
1442 295
72 453
990 92
887 1600
1611 829
1076 1281
1527 1577
308 541
73 1190
74 1004
1645 1595
655 493
367 42
497 25
1568 463
1098 1673
334 711
85 487
1555 467
196 237
1377 56
1510 1602
375 502
200 430
853 40
1169 1503
736 859
1359 633
1466 771
1181 932
76 24
280 1392
598 1428
669 893
787 383
931 594
77 1091
1334 1424
888 1010
1019 1199
79 987
1636 986
1317 1466
905 286
597 802
81 1521
1136 1034
1388 1341
895 1403
197 861
363 75
700 57
1286 658
1650 824
82 1636
889 1081
911 723
459 422
80 134
83 1591
406 670
1426 1453
545 607
762 1547
1264 500
381 1117
84 1664
1561 756
536 818
1433 1297
231 911
86 793
1191 118
1462 1166
1424 1622
87 177
1483 1370
1386 434
124 1688
935 587
996 390
88 1313
1313 76
345 809
518 944
1061 535
147 1335
1318 1042
1012 1438
975 599
508 273
299 672
401 94
1090 1379
1480 368
373 404
242 1305
444 1147
705 637
1401 1052
776 942
1584 789
1642 97
599 1060
90 1603
91 885
1202 1022
284 52
92 1064
608 507
626 665
1250 1210
1494 691
265 1298
998 365
483 1400
699 211
1045 199
390 38
1198 229
1534 175
1679 1156
386 638
713 322
692 166
468 693
298 770
628 429
1612 1251
93 472
95 480
96 1416
1302 1050
633 468
1113 977
1231 1337
94 1217
97 841
1251 263
1409 1423
1227 499
1415 698
100 408
1253 212
665 100
173 1198
1260 651
348 492
1323 425
256 256
815 886
101 333
1163 545
233 335
387 1640
601 1180
566 1635
170 576
1586 391
1262 1680
1084 285
575 1686
102 1657
1064 890
222 1632
364 582
1166 231
1066 67
1637 223
341 1319
1578 1451
541 1609
844 1255
574 788
515 78
1043 1169
516 1406
445 246
1500 536
1616 102
1499 113
323 686
1668 14
368 832
784 514
430 1565
721 162
590 104
1331 619
104 1120
765 1543
338 566
1552 1098
106 1116
107 1643
210 920
136 6
105 746
108 1391
897 120
1647 1545
1079 95
1212 456
359 1474
1196 1482
842 1439
797 358
420 521
1115 531
1379 1689
858 1563
112 449
442 1326
1326 1488
612 79
113 509
244 511
1562 725
838 186
374 871
114 1019
282 39
987 364
1111 1310
809 917
1558 209
116 1605
321 880
111 1652
555 939
1117 751
1675 1036
1028 517
933 562
115 1607
118 559
1071 1284
1588 646
810 864
119 813
154 1452
604 405
131 803
1319 1638
873 1306
120 1225
377 1361
1395 959
766 1432
1689 579
855 1017
1511 1084
230 1447
1278 1345
1263 1038
240 351
1581 216
503 653
455 1511
1176 592
512 849
1643 413
148 875
238 77
125 896
909 1344
169 1066
475 1557
1083 193
1624 1455
1440 718
1531 860
1447 1067
1305 798
127 167
128 1555
1147 1314
724 30
129 1372
1024 644
595 984
526 601
1575 213
1329 1461
1627 696
1498 1235
1082 1146
1266 1510
1516 1047
126 284
130 210
158 915
634 479
755 732
163 921
899 949
717 542
133 792
556 1592
1655 1418
456 1101
267 8
1092 475
751 1283
1405 1265
1267 108
1526 534
132 1287
135 1548
261 59
137 416
1546 1324
138 1462
403 989
1324 1023
1488 650
725 1630
961 1668
217 293
1490 214
139 1300
805 197
1455 1136
1400 755
1391 1575
1460 1008
1514 552
140 268
1246 83
731 1567
330 623
549 750
940 1020
396 1486
570 380
1218 326
487 1448
141 321
142 940
824 993
1596 1561
1089 643
619 153
144 85
649 1221
754 271
1217 317
1224 547
1503 833
146 46
1094 217
378 580
1644 526
499 591
143 72
1579 1437
1478 1336
215 779
883 1143
1046 323
1069 339
1537 1338
1328 568
849 873
149 827
150 411
1606 35
1109 20
1078 753
392 795
151 1243
702 757
666 238
152 269
1234 1182
1682 685
1397 1215
892 329
1153 378
1582 593
880 1684
156 1151
1469 184
469 938
1354 807
161 138
1432 377
1009 1330
1177 1013
157 884
159 776
681 88
869 1634
938 1460
974 982
1106 388
859 1583
817 1078
1161 1179
1096 195
945 747
781 744
973 945
201 985
342 281
1685 290
928 634
749 1678
790 1401
592 608
162 146
431 621
620 937
532 694
1239 951
164 1399
1574 227
708 361
258 133
165 983
577 821
1087 347
166 276
266 233
995 1046
614 1053
875 4
1348 1598
1149 47
1553 309
168 128
357 1443
1042 561
1444 727
167 1544
219 1490
957 1606
347 1501
994 332
1188 1434
506 1262
775 1153
211 1697
171 539
172 1384
757 1559
1255 149
1613 501
615 1045
1283 29
707 1457
411 1202
1241 1367
1085 1309
174 1089
1054 1222
1133 630
1100 990
1014 980
437 1514
1237 1177
581 1132
982 1106
1407 1675
576 417
1030 952
831 1487
646 278
313 1582
712 1191
1027 616
1156 19
177 190
358 1025
1585 846
622 1692
1491 1083
179 996
180 1540
1508 1318
1594 43
967 255
1001 1572
946 1174
769 805
273 1080
216 763
1053 1539
1034 340
182 791
606 758
181 402
371 305
1634 371
183 903
184 1071
1481 1288
1547 148
1140 1212
1428 107
1151 816
1567 226
677 1113
185 968
1545 540
1199 90
290 1601
340 1369
1099 89
795 767
942 123
477 93
1468 0
605 1655
505 1165
337 414
586 1350
1671 519
187 769
953 73
1307 1181
189 956
706 1123
1164 452
1013 304
307 784
186 774
190 1200
260 1639
929 44
963 804
440 1197
1536 1102
511 145
191 817
1392 1380
311 1055
1489 466
192 800
193 1677
1453 152
884 114
194 342
1295 743
1557 207
1005 109
1280 797
1471 923
492 164
1414 1536
449 87
224 232
1316 855
1015 1334
1292 1072
264 611
653 454
814 1363
611 1150
199 1164
480 1442
744 505
550 50
198 15
346 110
720 280
914 626
202 848
1501 129
435 1430
850 9
1193 745
1095 1271
992 1
1373 1252
1342 84
1144 966
1610 169
203 1467
1036 346
205 1574
1657 74
1033 925
1506 551
937 1429
204 1535
206 597
1274 710
1131 1368
1535 1495
1006 1586
207 484
856 780
569 1286
306 1599
543 943
722 736
908 1444
1550 1596
254 385
557 876
1580 393
1244 201
263 1604
209 328
1449 1414
822 934
325 251
1367 379
1325 303
682 1099
879 530
1230 1138
956 766
300 668
1684 620
213 1492
514 555
1332 1167
1660 1119
1160 642
558 436
1125 1246
1261 1502
847 1481
288 261
1608 471
958 37
738 1079
568 1656
1358 991
870 1613
636 241
999 1325
415 1441
1055 1184
220 958
221 244
223 612
1155 948
1597 1578
351 359
339 1321
225 1512
1436 1021
226 132
458 1223
429 331
405 1580
969 289
297 1611
777 761
1080 1339
227 1014
1664 661
1528 249
1425 1028
1365 1237
229 81
1384 801
1666 645
1189 228
802 523
1243 1175
1347 1103
234 1375
1495 865
1229 1139
764 1069
1507 1192
501 819
1211 715
1654 316
546 86
1052 470
1378 760
418 1063
320 1024
1387 1589
544 1695
237 1594
239 1534
886 225
818 171
1165 1390
1011 1268
679 675
344 739
1423 1473
538 954
1159 853
496 835
243 590
1249 1011
504 1207
1303 1289
474 705
1183 1124
1059 431
962 1658
1004 1551
1566 403
303 1456
354 301
245 1493
426 1279
563 34
248 140
1068 1538
871 1365
680 1458
1669 794
249 469
672 513
302 1054
461 426
1398 1532
1088 624
252 144
1077 185
1029 1232
1346 1130
1247 1530
250 1522
1296 622
1452 901
380 1386
1190 532
315 671
295 1608
1310 1405
1656 518
578 287
471 564
1121 1040
485 236
1194 1311
1678 439
257 1056
259 62
262 972
978 18
872 799
965 1280
1171 1571
324 459
1422 1366
983 27
1235 544
1170 437
1570 828
1393 1104
728 734
640 1261
674 1233
285 206
1519 569
1195 1039
919 198
939 527
270 230
520 66
752 1573
277 1376
272 1387
467 1388
1390 778
1674 522
709 878
275 176
836 372
356 1693
393 1162
1091 709
427 702
534 1065
1361 862
1402 1687
971 1328
1219 840
1370 1293
1446 783
1041 446
730 455
446 1315
389 396
366 338
602 897
1208 1134
1256 1343
799 415
1228 54
1512 1627
1399 581
800 283
960 1272
1374 895
287 1230
562 362
1065 872
490 272
663 1115
322 174
980 36
1603 1624
1532 270
289 131
1070 790
1626 1385
292 1097
525 926
1485 1450
977 240
293 997
448 116
780 1220
1327 508
1008 1082
832 1260
843 1662
1186 1506
1207 1224
918 1193
1309 935
1287 699
407 1218
296 1122
1368 843
1638 122
1063 1002
1215 735
1174 427
1122 1556
533 1348
314 32
1572 1618
1441 1381
770 1648
587 957
304 567
747 1006
1450 366
760 1219
972 1629
1628 728
537 1672
1430 898
846 142
309 681
950 810
1352 701
657 1541
1168 1507
1618 165
565 525
312 1041
1349 1374
862 137
734 657
985 660
527 606
1238 112
1265 663
316 160
1463 307
1600 1161
1254 1650
854 1158
318 159
1604 1353
932 173
1559 1621
816 1110
1520 1229
673 496
1382 652
1172 1642
1158 602
1275 1148
326 1354
1589 435
952 1214
830 49
1591 1012
976 625
327 941
1539 357
1417 847
328 381
1206 704
610 288
1240 1001
1429 557
332 573
333 1616
943 222
1614 1690
867 927
335 170
1448 603
1563 1342
845 1346
1479 464
1497 336
343 950
1132 248
1551 1301
365 1302
1214 662
552 1523
441 334
580 465
600 1619
349 457
1672 1612
625 1436
941 1270
1420 857
353 2
1381 1477
1623 1033
400 856
1353 867
572 614
1242 1244
1056 386
1464 1517
1226 458
360 577
361 219
1134 787
878 188
1525 498
362 731
1288 1194
1419 1241
425 1359
1025 135
1640 664
1403 742
881 345
913 355
644 889
460 995
1366 1446
631 130
1592 1005
1461 669
1676 1500
464 887
981 1564
1110 538
522 461
1223 1651
829 158
1486 96
910 1637
1322 1407
382 392
786 584
383 510
922 1316
635 1494
394 1211
395 900
821 192
454 1201
1225 737
397 1253
409 325
1502 215
1686 1227
1435 397
398 1329
823 1649
1646 1417
402 648
618 23
1337 506
771 247
1138 1625
1496 1671
462 1208
1523 609
989 80
1617 976
421 1396
848 1628
1281 440
794 717
443 962
1431 494
1258 553
1135 1476
414 656
803 235
412 1196
1116 629
502 719
1097 1349
422 1086
1330 1440
423 330
450 992
428 678
835 448
1105 836
465 910
1020 1043
432 636
1269 442
434 311
1093 1195
863 1331
788 1250
438 697
579 1378
841 571
833 1188
1120 101
629 974
691 706
582 1382
642 970
624 183
1101 343
447 503
1129 41
1187 575
1369 69
1542 570
1220 1454
1072 1203
988 1570
662 352
1118 574
1232 726
453 994
489 641
603 1427
1018 398
524 265
1146 586
1245 1127
885 1317
470 1558
1073 1568
1371 1027
726 242
1663 105
670 1249
476 667
1665 1584
1383 1323
482 1051
1445 971
1357 126
984 777
484 178
488 1173
1360 1377
551 998
1298 1645
494 450
1031 1259
493 1186
930 1092
588 1431
1273 139
1438 796
1081 1360
828 515
1619 1383
716 839
1385 1155
547 299
1049 1549
509 1484
1137 738
924 904
1259 275
513 7
979 687
748 1357
1632 5
903 1140
523 267
1673 266
1114 1118
658 1285
926 881
573 196
530 931
564 808
1075 830
868 1226
1593 64
531 245
535 410
539 1489
594 883
1271 1126
1017 1267
733 1465
1279 16
696 1663
1143 1030
1282 1682
1314 187
741 1676
759 462
1268 412
553 1463
1404 891
1345 907
1595 1275
554 121
647 1472
1639 969
1128 1654
774 1276
567 12
1475 598
793 143
1505 495
591 782
864 928
1007 395
1335 754
1492 124
1662 703
711 1236
882 520
1538 1149
1544 1527
584 1610
948 297
1659 1333
1108 1560
1484 389
806 264
1167 163
652 918
1467 3
1300 1420
1504 1665
1521 367
1182 1647
1677 26
1145 1358
1173 82
1179 1141
623 1660
1569 854
627 1508
1439 279
861 1049
1321 1187
1112 1433
719 318
1376 63
1355 1483
763 115
667 1623
656 1170
1667 1480
1389 243
661 182
664 1216
668 1070
1035 812
904 1026
840 1176
811 1088
1457 58
1524 1529
896 1504
1681 772
701 1213
798 826
1047 194
1311 314
718 200
1601 529
1522 1322
723 150
1633 1496
1602 1469
729 483
735 1397
742 1032
1615 628
1086 1394
1412 823
1339 781
1248 1412
761 486
1022 400
772 965
1304 60
782 369
1648 1059
1297 259
920 905
915 1475
1658 1231
947 1518
804 13
808 451
890 1698
1312 71
959 870
834 356
1356 348
1630 99
876 1327
877 161
1010 1479
891 1435
1541 1178
1062 906
934 967
1175 1282
1127 17
1533 424
986 445
1002 695
1362 548
1130 1402
1549 882
1683 679
1032 481
1233 1112
1057 205
1336 1189
1518 327
1434 631
1529 360
1583 716
