10620 11538
10972 10434
9952 11402
10036 11158
10287 10086
10314 10965
10968 10200
10977 10422
11244 10409
10239 10083
11021 11412
11408 10882
11099 10122
10317 10760
10412 10070
11410 11451
10555 9834
10130 11155
10915 10693
10039 10751
11144 10429
10694 10532
11482 10800
11257 9935
11386 11073
10154 9824
10892 10580
9898 10914
11337 10683
9760 9797
11373 10256
10713 9932
10054 10869
9865 11518
10471 10440
11360 11475
11469 9910
10646 10226
9924 10639
10966 10326
10906 11429
11494 11213
10324 11369
11387 9800
11427 10658
10172 10347
10931 9734
11357 9861
11098 11099
10604 10659
9856 10022
10221 11032
10044 11405
11394 11403
11322 9815
10496 10026
10354 10167
11457 10923
10093 9950
11440 10090
10081 10862
10308 11435
10151 10336
11128 11260
11324 11014
11463 10105
11470 11239
10276 10057
11356 10303
9732 10666
10450 11513
10194 10398
10452 10218
10001 10526
10804 9850
9735 10702
10445 10375
10038 10685
11061 11201
9859 11128
11171 10304
10449 9767
10380 10934
10192 10104
9966 9809
10071 10109
11439 10698
10732 10126
11208 10342
10866 10654
10243 9972
9972 11113
10613 10895
10885 9720
10567 9912
10075 9943
10950 11481
9771 11313
10690 11262
9729 10233
11068 10963
10589 9782
10147 11132
11095 11374
9767 10377
10062 11337
10019 11495
10770 10615
10889 11355
11052 10586
10242 9750
10816 10763
9965 10470
11420 11430
10198 10343
10999 10328
10114 11433
9718 11147
9776 10787
10993 10325
10096 11083
9931 10859
10178 11036
11138 10769
10418 9978
10916 10334
10695 11027
10812 10912
10867 11332
11074 11540
9778 10880
10763 9968
10717 9827
10809 9856
11134 11414
10072 10503
9835 10466
11392 11076
11303 11217
10527 10844
11038 11345
10261 10938
10693 11003
9915 10932
10493 10128
10936 9798
10502 11095
10742 11210
10768 9872
10727 9826
11455 10330
10457 9791
10897 10742
10780 10848
10034 10756
10862 11078
9781 10999
10300 9969
10405 9821
10783 10311
11167 10622
9991 11070
11206 11256
11358 11221
11331 10629
11219 10462
10455 10324
10244 10633
11007 10096
11008 10713
11323 9858
10212 10940
10410 10210
10644 10169
9963 10097
11255 10146
9938 10830
11152 10478
9830 9914
10370 11034
11173 11360
9838 10581
11332 10482
10323 9804
11224 10632
10077 10308
10907 10080
10064 9811
11157 10979
9809 10486
11471 10159
10515 10662
10730 9780
11372 10134
10400 10123
10474 10623
10427 11224
10031 10145
10288 10492
9805 11015
10290 10352
9980 10840
10355 11074
11341 10066
10684 11406
10864 10416
10440 10541
10755 10435
10890 11417
10581 11322
9793 10820
10843 10771
11200 11539
10170 9825
10006 10942
10182 9998
10789 10737
11154 11311
10820 11436
11536 10366
10801 9880
10073 10444
10451 10894
9765 10469
9945 10858
10195 11444
10532 9986
11129 10007
10197 9749
9861 10115
9775 10219
10660 10915
10588 11520
10461 10735
10201 11231
10057 11442
10519 10116
9813 10244
11212 10359
10306 10761
11376 9833
11000 10043
10597 11282
11030 9739
10556 11447
11380 10566
10033 10947
11133 11328
11512 10136
10634 11515
9995 10559
10971 10550
10571 10518
11516 11470
10813 11251
11185 10669
10409 9781
11057 10491
10841 11121
10295 10190
10566 11088
10115 10302
11137 10991
11141 10524
11227 10187
10546 11511
10769 9793
10332 10571
11461 9853
9951 9723
9734 11057
10970 9905
10024 11259
11377 10037
10475 10208
9964 10177
11014 10430
10698 9955
9871 10402
9759 10153
10759 11093
10856 10582
10439 11431
10913 10497
11049 9757
10319 10855
11288 10252
11127 10317
11028 10275
11268 10124
9987 10529
11053 11230
11485 10668
10415 10280
10602 11134
10829 10576
9799 9737
11121 10839
10898 11016
10884 11410
11526 10516
10264 11182
9958 10168
10207 10637
10168 9778
10446 9871
10800 11467
10607 11351
10109 10634
10066 11091
10134 10384
11143 10427
10495 11344
11359 11487
10086 9822
10903 10609
11448 10540
10224 9835
11213 10461
9782 9885
11078 10473
11243 10203
10987 10616
9947 11341
11228 11202
10309 11148
11363 11235
11258 10978
11202 10976
10744 10996
10806 10443
11250 10016
10383 9789
10919 11448
10749 10098
10802 11469
10482 11385
10954 11503
9774 10458
10251 10943
11472 10626
10606 10814
11326 10041
9723 10935
11253 10620
10331 9847
10949 10902
9879 10728
10796 9999
10003 11215
10961 11327
9818 10567
9954 11361
10042 9876
11075 10338
10649 10034
10923 11507
11503 9836
10543 9991
10021 9831
10225 11258
10074 10431
9941 9970
11174 10918
10997 11161
11362 10653
10487 9993
10959 11527
10126 9732
10049 11141
10549 10684
10076 9927
10015 11308
10725 10383
9716 10245
11170 11046
10108 11486
10374 10768
10782 10975
9846 10171
10835 11455
10737 10220
10578 10445
10360 9854
10022 11090
11347 11008
10282 9794
10989 10741
10975 9769
11108 10077
10257 10141
10927 11463
10414 11026
11384 11334
11385 10924
11132 11439
10397 10071
10941 10490
11366 10056
10745 10591
10557 10455
10964 11109
11508 10073
10187 10212
10554 11493
10301 11098
9960 10553
10165 9961
11502 9771
10822 10565
10167 9940
11446 11191
11060 10644
10779 9892
10564 10819
9852 11484
10214 10535
10753 10749
10593 10908
11022 11277
10262 10253
10947 10306
9956 10928
11079 10184
11460 10242
10617 10956
9870 11179
10848 10758
10881 10315
11277 11399
10111 9728
11036 10765
10847 10314
9804 11421
10205 11065
10107 10865
10040 9891
10591 10573
11122 10993
10448 10139
11032 10320
11177 10188
11149 11043
10875 11012
10953 9992
10772 11387
9842 10091
11124 9953
9918 9967
9992 11339
10756 11246
10563 11370
10979 11269
11106 10678
9903 10285
10005 10387
10202 9730
11191 10982
11370 9973
11001 11006
9917 9735
10738 11169
10911 11276
10840 10717
11272 11530
10896 10452
11433 10828
11247 10186
11334 10650
11378 10189
11422 10180
10085 11415
11406 10621
11492 11353
9802 11059
10110 10114
9770 11270
11488 10715
9923 11278
9979 11432
10827 10707
9748 10127
9840 10955
11109 10052
9740 10382
11496 9716
10035 10603
11407 10692
11048 10410
11421 9823
10333 9964
10417 10299
10957 10601
10605 10456
11290 11524
10216 9785
10811 10499
11114 10810
10443 11157
9833 9960
10447 10852
11050 9814
10784 10439
10270 9802
10832 9721
11261 11103
10185 11450
9895 9818
10271 10607
11233 11301
10442 11336
10025 11347
10347 10888
11314 9966
11110 10796
11031 11035
11195 10117
10204 9930
10599 11390
10739 10261
10312 11502
11263 10025
10080 10033
10733 10785
9950 11100
11147 11170
10426 11064
10671 10876
9975 10788
9828 11468
11029 10939
11020 10949
10002 11489
11489 10101
9829 9958
10177 11123
10137 9860
10395 10274
10191 10690
10420 11307
10958 10929
9816 11248
11033 10886
10633 10413
11252 9995
11211 11329
9791 10403
10735 11206
10004 10183
11153 10850
10052 10278
10030 11288
11382 9768
9953 10667
10431 10706
10612 10872
9993 11236
9897 11303
10865 11106
9977 10797
11445 10172
9887 11054
10174 10636
10138 10438
11415 10841
10839 11080
10377 10424
9920 11087
11383 10510
11374 10897
9919 11522
10055 11023
10826 11441
11395 11186
9959 10300
10724 11263
10795 10160
9746 11017
11316 10298
9910 11358
11238 10414
9866 11172
9721 10176
10853 10784
11452 10504
10573 11478
10909 10995
10914 9865
10645 10721
9766 10643
11221 9901
10241 11393
10891 9813
10063 10569
11507 10757
11389 10075
10467 10544
10815 10240
10895 9765
11182 11061
11403 10289
10010 9900
10304 10204
10711 9893
10465 11198
10844 10845
10718 10789
10179 11384
9928 11156
11055 10815
10948 11069
10384 10108
11521 11294
11399 10018
10570 10361
10361 10417
10691 11005
11019 9954
10246 11459
11145 10681
10269 11404
11391 10260
10922 11497
10863 9754
10629 10688
10391 10988
10229 10092
10622 10500
10680 10039
10421 11452
10929 10273
9974 10367
10059 10207
11361 9763
10651 10812
9926 10822
10590 11178
11497 9918
10596 9933
9722 11205
11160 10536
9750 10305
11287 10936
9888 10791
10092 9830
11179 10561
11478 9764
11015 9731
11525 10953
11166 9842
10678 9851
11012 10754
10156 10558
11246 11105
10253 10284
10240 11316
10149 10917
10018 11376
11168 11120
11165 10449
10508 10059
10436 10600
9724 10475
10199 10390
11419 10551
9949 10496
11123 10719
10785 11245
10233 11192
10432 10907
10402 11117
10708 10753
10173 10276
10766 10909
11307 10655
10575 10901
10988 10792
9934 11375
11178 11424
11520 11426
11192 9863
10477 10337
11417 11509
9932 11152
10628 10282
10175 10175
11232 10851
11354 11079
10392 10711
10814 11238
10181 10201
11308 11274
11006 10777
9916 10948
10592 11047
10407 10263
11432 10733
9877 10708
9858 11051
9962 10254
10632 10959
9850 9852
11051 10258
10805 10881
10842 10192
10364 11067
10369 10011
11162 11096
10791 10310
10279 11002
10930 9787
9731 10628
10767 10734
11101 11020
11338 10290
10601 9948
11175 10454
10924 10927
10786 11356
11089 10286
10793 9904
10550 9717
11269 11144
10663 10369
10206 10035
10653 9759
11336 10418
10587 9828
11092 10863
10925 10379
9839 10197
11131 10906
10473 10803
11355 11480
10855 11373
11487 10562
11126 10687
9872 10396
10687 10401
11434 10224
11237 11019
10658 9770
9889 9902
10406 10672
10674 11302
9751 10977
11047 10064
10023 9733
9927 10665
11442 10049
11315 10241
11477 9908
11010 10397
9883 10759
9803 11309
9788 11240
11027 11380
10775 11413
10163 10750
10565 10871
11058 10281
10334 10857
10463 10969
11465 10842
10969 11342
10709 11338
9725 11050
10379 10904
10726 11189
10404 10545
11464 10357
11018 10472
10338 10447
11284 10971
11241 10592
10828 10229
11426 9984
11005 10202
9763 10640
10494 10288
10981 11234
11456 10147
9756 11167
9864 10029
10978 10322
10153 11268
10155 10538
9825 11427
9790 9775
10316 11200
10408 9718
10799 10833
10490 10867
9874 11077
11291 10351
10873 10930
10213 10012
10454 10318
9757 10602
10729 11249
10444 10437
11532 10341
10079 10807
10750 10099
10362 9810
10721 11391
10696 10781
10942 10498
10635 11359
10544 9864
10094 11118
10263 11379
10652 10509
10559 11517
11186 10767
10460 11506
11248 9909
10928 11537
10121 10564
10268 10385
9808 11114
11164 10513
10526 11526
9736 10680
10007 10129
10525 10166
11040 10350
11181 11298
9798 10725
10152 10884
11299 10986
10976 11398
11466 11112
9880 9979
10367 10051
10326 9938
10000 10889
11388 10879
9873 10552
11044 10691
9733 11279
10320 10610
10105 10248
10778 10389
10598 10474
10371 9840
10060 10701
10275 11383
11447 10164
10673 10149
11259 10521
10307 9941
10162 10556
9826 10593
10810 10332
9922 11052
11239 10745
11231 10732
9907 10525
10716 11171
10491 10647
10272 10239
10238 11092
10029 10348
9779 11349
9810 11165
11443 10937
10703 10132
11240 11471
10860 10015
10484 9873
10437 11030
10900 9899
11523 9829
10372 10627
10017 11443
9913 9965
10983 9980
10545 11203
10159 9888
10014 11531
10630 10798
11088 11331
10603 9753
10505 10442
11416 9895
10373 9913
10765 9803
10568 10406
11368 10481
9955 11086
11274 10446
11139 10312
9930 10118
10722 11097
10419 10394
10211 10646
10539 10480
10904 11271
9841 10053
10746 11216
10193 10356
10343 10392
10478 9874
11130 10040
9899 10547
11468 9975
10217 11253
10887 10243
10090 10512
10123 9923
10492 11363
10681 10151
10823 11457
11169 11011
10507 11066
9837 11485
10070 10494
10616 10998
11381 9889
9990 11364
11197 10911
10293 10989
11538 11333
10537 10694
10088 10731
10560 9752
10561 11287
9853 10419
10366 10061
10358 11324
10441 9719
11537 10364
10286 10913
10541 9738
11294 10890
10087 10358
11342 11350
10171 10198
10041 10178
10984 10095
9762 10883
9820 11335
10255 9981
9780 10206
11393 10044
10533 10227
11335 10457
10503 10834
10336 11494
9819 10652
11013 9846
11234 10608
10882 10511
11493 10641
10648 11222
11216 10903
10346 11284
10807 11162
10723 11209
10472 10150
10285 10484
10662 10477
10382 9887
11418 11033
10456 10868
11222 10155
9902 10585
10585 11536
11115 10523
10128 11140
10781 10152
10850 11275
11467 10578
10530 10522
9754 11505
10518 10017
10664 10272
10008 11348
9929 11053
10236 10217
11405 11535
9901 9883
9881 10762
9784 11445
11506 9919
11300 10094
11207 10236
10719 10864
10528 10836
10706 10042
10535 10331
10321 10047
10416 10952
9943 10103
10278 10163
10469 10468
11289 10700
11305 10994
11397 10941
11475 10570
10859 11490
10330 9808
10870 10223
10728 10088
10385 10287
9849 11207
10670 11257
11158 10264
10558 9875
9761 11126
10223 10898
10701 10388
11041 10604
11093 10533
10771 11377
9936 10143
10103 10981
10274 11181
10994 10910
10524 11504
11066 11226
10280 10269
10124 11044
10032 9898
10158 11255
9909 10595
10608 10528
9738 9920
10940 10846
10339 10079
10707 11136
10689 10673
10047 11321
9795 10319
9752 10329
10714 11138
11511 11285
10142 11021
10097 10925
11062 9816
10945 10004
10901 10259
10237 9756
11135 10899
10470 11293
10325 10140
10736 9806
10868 11068
10146 10199
10641 9877
10476 10747
10516 10530
9848 10663
9957 11389
9968 9774
10144 11004
9769 9870
10095 10493
11105 10247
10569 11058
11409 10144
10594 9859
9983 11378
11161 10333
10917 11250
10256 11062
10357 9726
10584 11196
11215 11438
9786 11323
10542 10024
10886 9907
11180 10161
10289 11228
10700 10067
9814 10354
10129 10710
10398 10770
10857 10137
10235 10519
10654 9755
11517 11498
9755 9951
10100 9784
10967 10738
10292 10804
11072 11440
9812 10554
10113 10957
11344 10055
9971 11183
10381 11434
10082 9843
10186 11408
10818 11159
10734 11129
10220 11476
11159 10774
10387 10892
10483 10783
9985 10671
10037 10597
11513 10587
10577 10112
11254 10158
10281 9985
11190 10983
11096 11422
11450 10194
10704 10740
11281 10267
10854 10135
11067 11261
11016 10843
10303 11462
11189 10542
9946 10661
9773 11145
10615 10905
10710 9845
10536 10335
10453 11314
9854 11075
10760 9727
10365 11407
10665 10722
11113 11532
11423 11174
10434 10365
10534 10764
10351 9801
11365 9779
10488 11479
10640 9906
11136 9761
10294 10579
10522 10752
11083 11049
11266 11449
11296 11362
10429 10837
10424 11115
10963 10148
11073 9942
11087 10279
10266 11510
11500 11523
11279 10425
10500 10181
11499 10824
11176 10802
10618 10962
10699 10355
10705 10316
10672 9894
10265 10346
11225 11464
10403 10825
10849 10588
10411 9724
11084 11242
11034 10606
10396 10887
9999 10265
10296 10813
11453 9786
10937 11042
10878 10380
10322 9812
10888 9934
10702 10575
10582 9996
11046 9974
10135 9946
9914 11184
10423 11225
11118 11419
9911 11319
9797 10877
11311 10782
10118 10726
10657 10297
10489 9931
10277 10594
11196 11187
9996 10896
10552 10106
9905 11056
10899 9896
11490 11381
10595 11125
10576 10773
9824 9916
9893 11197
11120 10185
10180 11154
11346 11108
11333 10617
10637 11107
10808 11188
10430 10744
9892 10003
10944 11482
10506 10471
10091 11164
10104 10549
11245 10489
10341 11127
9720 10323
11306 11214
10656 10002
11301 10340
10345 11119
9719 11084
11345 10974
9912 10277
10422 11237
10464 11025
10394 11176
10389 10968
10574 9762
11150 9866
11530 10577
10176 11130
10399 11045
11505 11082
11002 11102
9940 10997
9862 10730
10058 9838
11519 10006
10790 11496
11435 10157
10190 11525
10531 10266
11251 11304
11486 10543
11081 9977
10583 10214
10027 10900
9935 10679
10682 10234
10222 11241
10837 10111
10352 11124
10386 10589
11267 10821
10614 10755
9855 9790
9998 11116
10752 9773
10116 11028
10902 10120
10773 10598
10688 10133
10562 9837
10363 11453
9989 10743
11285 11458
9815 10362
10438 11418
10479 11199
11390 10992
10845 10861
10342 11516
10586 10572
11140 10087
11265 10005
10053 10191
10101 10372
11264 11461
11449 11072
10122 10709
11242 11211
11529 10946
10825 9741
11146 9776
10861 10065
10876 10779
11454 10926
11204 9963
9976 10048
10313 10557
9834 10433
9821 10885
10486 10125
11527 10670
11201 11143
10466 10599
11256 10078
10468 10780
10026 11296
10883 9990
9811 10951
9925 10875
11183 11273
10880 10100
10741 11371
10894 10736
11351 9957
11533 10195
10247 10032
10683 10291
10743 11101
9745 10107
10375 10370
11539 10353
11184 11266
11003 10271
11325 10054
10540 10712
10686 10378
10529 9924
10299 11386
11230 9760
9801 9805
9982 9862
10259 11466
9747 10215
10661 9747
10020 11317
10992 11173
10731 9736
9847 9976
10485 11024
11063 11227
10078 10695
9869 10990
9772 11089
10990 10829
10830 11291
11540 10156
11375 10508
10462 11218
10852 10062
10376 10818
10065 9989
10982 9879
11220 9751
10935 10293
10067 11022
11481 11508
10677 11233
10946 11180
11425 11063
11071 11142
10215 10944
11343 10399
11349 10432
10117 10507
10952 10660
10692 9839
11509 10574
11187 10805
11510 10860
11070 10720
9785 10231
9796 10020
10016 9994
10938 11295
11436 11175
10798 10916
11223 11354
10335 11320
10250 10030
10481 10023
10803 10179
11462 11312
9728 11135
11304 10635
10302 10689
10846 10958
10219 11533
10132 9746
10164 10213
9827 10249
10747 11454
10045 11366
10974 11280
10834 10874
9742 10531
10089 9857
10249 10866
11522 10568
10926 10515
10956 11401
11042 10232
11352 11292
11501 10539
10150 10548
11156 11037
11484 10476
11295 11267
10715 10027
10433 11512
10819 10345
10139 10393
9843 10450
11097 10729
9875 10162
11194 9962
9876 11151
11273 11297
10267 10534
11401 10014
11163 11264
10871 10222
10231 10363
11330 11018
11023 10686
11348 10374
10291 11013
10754 10173
9973 10479
11214 10487
10621 11300
10960 10716
9997 11110
10996 10459
10833 10307
11479 10631
11441 10718
9981 10919
10009 11229
11483 11423
10208 10618
10349 10209
10141 10138
9832 10614
11236 11000
11431 10371
11025 10339
9939 11396
10831 10349
10776 10451
11429 11153
10611 11283
10145 10050
11293 11139
11117 10967
9906 10426
10619 10772
9921 10292
10668 10255
10160 11409
11504 10368
9807 11160
9727 10391
11444 10412
10631 11219
10435 10246
10102 10985
10356 10501
11056 10009
10600 10714
9978 10657
9937 10084
10245 10448
9857 11325
9884 10878
10234 10301
11451 10063
10348 10611
11318 11400
11086 9743
10667 11488
10998 9886
10943 9844
10666 10154
10393 9766
11283 11254
10050 10074
9753 10809
9822 10972
10232 10415
11480 10237
10905 9848
10609 9796
10547 10373
11438 9983
10048 10853
9749 10961
11350 11190
9730 10630
9860 10211
11218 10216
10378 10806
11217 11394
11473 10408
11491 11346
10792 10823
10161 9884
10777 11048
10553 10404
11515 10520
11310 11085
9831 11491
11017 10344
11317 11514
9764 9807
9994 11252
11148 10727
10879 11195
10350 11416
10872 10682
11226 11477
10390 9849
10610 11290
10226 9722
9890 11272
10458 9915
11229 11499
9868 10423
9988 11212
10655 11010
11271 10891
10028 10421
10572 10537
10273 11299
10774 9758
9792 11133
11404 11041
10685 11395
9984 11365
10761 10360
10228 11397
11498 10954
11249 10251
10284 10465
9878 10584
9777 10121
10011 10010
10459 9832
9783 10674
10189 10182
11353 9878
10013 11343
10712 10817
10140 11007
11100 11392
10659 10193
10510 9956
9942 10801
10788 10008
11321 9855
9743 9903
10627 10739
11037 11425
11103 10649
10298 9745
11198 10321
10120 10775
11076 10411
10068 10046
11119 10920
10083 10400
11091 10838
10012 10964
11102 9949
10669 11367
9904 10517
10328 9982
10995 11528
10327 11131
9908 10799
10046 9795
11282 10987
10794 10327
11069 11529
10511 11519
9967 10960
10480 10590
10169 10082
11313 10766
10626 11289
11379 10464
10851 11166
9717 10826
9969 10495
11524 10294
11424 10309
10512 10746
10131 11521
11367 9922
9823 9881
10125 10376
10962 10847
10551 10228
11458 10648
10764 10250
9768 10786
10184 10295
10893 9777
11319 10922
11004 11177
10939 10873
11320 10856
11043 10165
11045 10656
11400 11149
10636 10651
11199 10980
11430 9841
10413 11001
10501 10613
11411 10831
11080 9959
9961 10664
11155 10638
11205 10270
10340 11232
10934 10110
10258 10068
11059 10441
10980 9897
10248 11168
11054 10705
10203 10625
11104 10174
9844 11055
10965 10031
11278 10583
11276 11315
11260 10854
9845 10130
11270 10697
10504 9748
10740 10724
9851 10085
11396 11318
10337 10283
10762 11204
11112 11465
10318 10102
10136 11456
10260 10072
10623 9792
10951 9926
11111 9988
10523 9917
10720 10483
11011 11382
11412 11009
11413 10069
10908 10113
9789 9744
10283 10058
10133 11244
10043 10038
9886 10028
9787 10093
11340 10723
11107 10463
11094 10505
9944 11310
11172 11460
10647 11194
10368 10827
10148 10811
10254 9944
9741 11428
10787 10677
10200 11352
11339 11060
10497 10296
11459 11208
10311 11305
10757 10268
10933 9947
9948 9725
11035 11243
10821 10081
10084 9890
11402 10560
11188 10000
10388 9929
11514 11330
10520 9921
10991 9937
10920 10485
10329 10514
10498 9799
10877 11220
10932 10970
10858 10931
11329 10704
9863 10488
9726 10225
11476 10933
10548 10555
10521 10605
10099 10460
11090 11372
11364 10675
9806 11340
10538 10703
10056 11483
11531 10696
10425 10420
11312 11122
10797 11038
11009 11150
11116 11368
11193 11247
9758 10142
10836 11281
10912 10546
10639 11137
10069 10386
11398 9936
10824 9788
10209 10313
10112 10036
10985 10045
10817 9868
10297 11111
10210 11492
10227 10436
10166 10527
10127 9971
10697 11031
11275 11326
11235 10235
10758 9869
10315 10984
11309 10221
10643 10013
11142 11473
11371 11029
10517 9772
10353 10205
10098 10395
10509 10407
10625 9742
10838 11306
11495 10612
9891 10699
11125 9819
11085 10021
11077 11265
10973 11185
9744 10257
11024 10793
10061 9911
11026 10076
10499 11534
9900 11411
11210 11474
11151 10405
10986 11446
11369 10870
10218 9925
11298 9740
11535 10502
11328 10973
10183 9997
9933 11040
10869 10619
9794 10778
9739 10795
9867 11388
10344 10428
10143 11193
11518 10645
11528 9987
11286 10776
9896 10238
10051 11094
10106 10170
11082 10089
11474 10506
10650 10835
10675 9729
11292 10849
10188 10808
11302 10832
10401 10131
10679 10467
9970 10624
10252 10966
11428 11472
10310 9952
11065 10563
10910 10381
11064 10790
10305 9928
11203 10262
11327 11146
9800 10060
10157 11223
10514 9939
11297 10816
10751 9945
10579 9820
11209 10794
10638 10001
10580 11357
9986 10596
11280 11420
10955 10950
10874 9867
10918 11081
9894 10893
9836 11500
10428 10019
10513 11104
9885 10945
10359 11286
11414 10453
10624 11071
9737 11163
11534 11501
11262 9783
