0 76
1749 543
2 441
3 516
1747 626
4 1523
1746 493
1745 1590
1744 878
7 1714
1743 261
9 288
1741 1147
1740 1220
11 235
1739 229
178 1621
1540 873
234 947
137 859
206 1741
339 1274
1495 1725
459 1106
142 612
498 689
1235 1178
1664 1035
481 902
1 1689
6 463
8 1176
10 1224
1742 1248
12 533
13 729
1574 1217
457 1190
997 100
1285 841
699 162
1488 1710
900 735
853 382
874 1018
337 188
5 347
1748 1727
1717 1046
1375 1567
290 1707
1278 379
1395 150
1155 65
739 871
1226 389
159 1250
1371 432
14 745
1044 1650
1072 528
479 643
22 1525
1055 1295
77 241
747 1539
279 1133
1170 1004
1609 483
370 665
15 1253
16 1290
1098 865
435 527
190 487
1132 562
1259 1535
472 1124
340 1526
965 694
1369 481
461 820
578 502
558 974
750 58
17 34
1675 928
1262 915
520 1606
1679 1275
1130 1468
1468 1045
730 606
18 1007
106 904
1458 328
1596 386
204 374
1357 1355
341 994
19 992
690 724
195 290
462 834
1217 1063
1516 1397
381 360
511 242
453 1512
1229 1158
923 141
20 1360
310 1409
566 616
1198 854
1313 1616
367 1639
981 998
1104 452
1008 282
107 462
222 33
1101 604
1408 1478
227 166
1330 614
238 512
893 231
541 258
62 740
83 1053
1409 1359
1384 1313
1691 909
586 1427
21 1595
826 1700
477 795
1407 1548
1667 1471
990 900
680 107
1481 8
940 499
429 896
1570 1706
1584 1270
626 244
1460 317
24 208
25 1227
589 13
1241 1293
45 35
1662 1257
612 479
476 1038
23 1118
1499 167
1670 594
1159 156
1180 1282
378 881
1254 1505
522 838
1433 754
941 692
115 1504
1445 62
1001 821
26 448
1102 175
897 277
882 306
264 128
858 1364
1172 1398
63 203
1136 302
1175 507
1420 647
359 94
58 95
813 1704
606 1075
1682 426
28 907
29 766
291 1003
76 1361
1692 551
133 1193
919 1406
1694 295
582 478
1091 234
1731 92
27 922
30 1542
43 270
698 115
248 365
1374 1336
1553 1482
1497 701
31 1603
881 664
155 326
898 1128
478 931
121 1347
183 279
427 296
644 476
1066 464
1557 848
32 1654
651 716
1603 491
870 775
1112 1055
1715 1615
1177 138
344 1085
144 1120
1527 121
689 443
624 1462
163 64
33 801
779 1514
375 440
1302 1134
72 224
1298 1322
34 787
1641 1301
1629 1636
1510 191
631 1541
667 1582
36 255
397 192
1161 653
1131 601
655 312
790 354
182 109
1385 209
1187 623
1342 89
335 136
35 98
37 300
539 239
91 1493
1035 422
499 348
1738 1314
1631 1740
270 385
209 88
53 1280
431 383
722 989
565 410
422 586
584 1431
1288 1652
281 837
1133 1647
796 1739
815 879
39 1370
1028 210
557 971
210 83
528 87
141 81
1094 1187
1223 906
257 1219
40 1731
785 1453
836 1116
1331 102
49 860
1690 826
1174 72
753 1479
52 1387
627 467
38 1553
1575 130
911 984
1077 1265
705 1060
130 887
41 1532
42 810
1643 1299
1058 772
1239 571
1210 1574
98 1677
1363 131
670 488
1472 1084
512 1113
65 256
801 1040
706 0
913 1184
44 1073
1561 276
193 569
909 75
198 280
1193 106
1045 1271
1505 1037
1537 1247
212 1662
1545 903
957 1709
996 1180
1111 1032
1106 505
1704 868
1236 819
1592 789
1335 1628
613 1192
889 370
46 431
47 1497
1060 658
635 613
576 861
48 704
455 1460
590 1442
236 549
1387 25
918 1203
1680 1259
253 1558
69 1001
668 535
920 767
1413 803
492 1682
1614 976
199 747
1734 251
373 17
448 649
1147 1240
50 876
120 1191
1205 1715
1344 1102
407 1297
646 1717
265 1188
1685 532
1096 1138
554 880
223 1252
219 763
1619 168
1484 316
738 1127
1618 1429
1678 262
1517 46
51 1212
189 1103
1655 1381
205 622
423 1339
665 1393
1405 923
727 1011
803 1549
245 298
1315 884
765 1430
1250 84
805 495
54 4
1485 342
307 1509
638 721
821 376
1441 79
723 1008
1108 843
1455 982
1373 1705
988 362
55 1202
405 220
692 1456
1162 1383
552 927
925 406
408 99
56 1637
1711 501
208 1515
688 1633
977 1586
1343 1121
797 1367
125 1132
912 185
863 1632
764 1384
1321 482
57 1098
386 1686
728 585
170 842
939 782
445 877
59 995
861 531
1622 825
1322 650
1411 367
365 899
292 1410
354 1663
135 1543
60 320
377 645
239 794
1365 588
1712 1261
87 1678
180 1708
802 1659
1386 897
1069 1310
161 557
278 425
660 1452
61 297
216 1630
463 1400
938 967
175 330
1454 291
380 925
1200 1599
1440 489
1184 40
467 110
346 895
1286 1142
1578 492
1043 1472
545 1390
1215 1449
371 245
64 503
237 750
754 668
960 1208
720 1547
1703 1074
516 1617
929 950
1046 1296
415 680
620 56
1470 364
1179 790
179 1481
66 1660
334 225
780 1611
1297 1517
1432 420
172 670
1021 1341
67 433
1163 154
767 1666
233 1561
200 361
1562 253
1214 1165
68 1050
883 216
356 204
1231 160
489 221
1709 1239
711 1213
605 1476
1568 1635
70 853
393 1245
1399 1357
685 93
71 283
709 1604
933 1019
484 811
251 1675
716 1563
1573 490
1141 641
1115 1342
323 926
336 414
442 1300
355 436
318 391
1078 49
185 1492
1534 1326
1677 1642
1359 910
73 937
74 1407
1722 1454
1418 546
1613 337
542 1186
243 648
1129 1738
309 1437
1710 1338
962 118
1576 366
1378 1241
510 1105
914 1580
978 608
932 1327
1437 23
196 1078
657 352
1120 768
138 384
642 1254
1328 307
75 816
78 671
1520 1568
464 1356
79 228
275 1034
288 1742
1095 1377
220 1076
901 1425
869 991
1195 1629
1125 559
634 1583
81 1458
1636 1464
379 611
390 340
269 792
745 1730
333 336
710 508
1243 1157
80 97
561 32
480 1491
615 1126
1461 1251
930 51
320 1693
1305 725
1267 411
411 200
1438 1352
666 1614
306 475
82 1054
410 350
776 804
1206 1031
84 149
85 827
1264 1311
577 1122
295 469
1466 137
86 666
283 171
1063 1064
503 1210
1628 954
1268 893
312 1711
832 1061
1612 61
88 839
176 1372
1283 1201
437 1570
158 314
157 1136
1706 1146
717 1069
1390 278
260 761
362 840
267 419
970 1529
1362 1107
1379 343
515 702
117 667
1145 218
338 461
89 1140
90 1028
1168 1189
531 560
1323 1226
368 852
1660 214
1507 847
92 28
1032 1735
286 863
392 1170
663 82
93 500
454 757
999 943
1307 1160
847 1489
679 353
830 139
992 63
1146 1315
94 170
967 832
485 1305
968 1298
658 1439
102 424
1519 157
880 151
1563 1701
95 1534
1150 496
374 331
1269 554
1306 125
305 1048
713 1622
553 558
770 1702
1222 743
786 1403
314 712
1701 1422
1666 526
96 259
97 542
1582 698
675 544
1088 598
1621 1485
1324 1609
1127 412
1665 471
99 206
406 1021
789 1094
1477 227
868 1418
100 338
1220 108
1659 163
1518 699
924 1057
101 857
348 6
564 197
342 1498
1559 1281
966 596
103 198
824 970
721 620
226 284
1105 1182
104 1699
160 1745
151 29
391 446
1451 1042
1211 219
1135 85
1547 112
661 723
1425 1223
691 1123
1607 1167
1689 655
105 1242
127 536
818 1721
559 1185
686 781
971 973
1674 1211
211 1697
654 818
544 605
108 1416
1579 800
1099 684
1616 311
154 1144
1448 711
759 335
1651 103
808 1168
1419 1648
1352 1440
954 1661
109 30
110 1536
1726 195
857 1388
1464 1620
1015 894
111 753
188 301
844 874
1277 779
697 427
1325 783
112 123
955 541
1247 652
838 1016
517 1607
113 1533
1571 1513
715 911
1581 1291
114 583
1290 396
1316 458
395 1183
694 126
266 117
1011 447
1292 969
771 44
648 1244
793 1591
116 872
1073 105
325 823
538 1148
956 797
953 1023
1050 1231
1716 1601
401 1643
118 1323
1406 936
490 1634
839 177
875 639
119 1618
1656 42
322 1480
834 1351
1512 778
1523 179
146 240
921 1172
1059 453
207 1473
1234 1238
124 267
446 563
1587 610
1531 428
1446 1029
817 1091
1526 780
1482 263
450 269
1431 656
1334 1150
122 1589
123 407
274 1131
1504 764
1068 584
296 1229
402 1373
1542 1262
672 1369
221 1284
449 7
569 759
1620 687
1000 1056
126 1306
452 494
1524 1500
1732 1692
1171 738
1255 1161
1410 1688
315 309
904 1602
1081 310
357 248
388 749
128 830
597 1593
1724 1039
491 522
1417 321
240 484
177 71
1042 1581
129 1277
1024 1546
1509 629
1027 1363
1358 318
1183 760
131 1025
1487 980
1087 457
132 1733
640 975
1296 851
1479 1696
1097 603
604 101
134 1587
556 377
810 1722
1189 918
417 1130
213 1179
136 1111
659 22
1014 1371
328 806
1346 700
324 38
1245 875
400 835
507 844
139 607
403 1043
1103 765
1166 682
140 339
837 525
217 1503
1149 679
890 1276
1594 77
156 1033
1713 1135
412 785
1370 313
1483 898
143 850
549 1198
256 1101
1349 983
1649 1218
1474 573
300 1099
985 1395
1020 1143
1218 589
649 1083
550 1488
532 449
506 205
1536 153
1382 1012
145 421
1064 523
591 193
570 1716
1428 661
1327 1086
1144 1289
169 140
1449 1477
1293 1195
148 932
942 744
523 146
284 1156
1156 870
1338 734
1401 597
436 935
1404 1405
147 304
149 737
1615 1594
1079 1346
1687 1117
1070 627
319 148
150 1348
1071 715
289 1459
152 869
823 333
1383 672
852 31
153 762
718 199
262 1680
1705 165
1295 164
1275 1110
814 395
1019 409
775 593
1075 1496
1317 1108
1463 260
756 917
916 1171
653 246
1310 289
518 1747
1192 459
979 1058
671 1173
602 1726
358 41
350 1375
831 518
441 39
1194 1588
1110 119
681 388
1496 186
1368 1260
700 1092
906 515
1439 1027
1529 1664
1233 580
877 733
573 416
1688 1081
396 1467
1625 1565
343 930
687 858
562 979
1565 748
1353 891
313 390
347 468
1249 1624
1608 122
1225 941
1007 223
162 545
164 473
1550 921
1337 1097
165 230
1036 213
166 1559
1048 1331
1503 1332
1364 739
783 981
524 1358
995 1129
168 882
1140 1408
1491 638
784 662
799 952
703 1065
167 1743
1721 1651
1165 978
1009 631
241 642
414 378
1232 1441
628 1522
1708 418
171 322
299 677
1591 579
443 303
1672 752
611 344
1388 1159
174 587
1543 1566
744 19
1023 831
487 770
421 226
1429 268
1040 1353
1486 1579
173 1466
1271 576
752 1279
1637 59
983 429
1600 1435
725 266
434 965
899 960
617 233
702 1335
833 497
947 809
513 26
800 815
1054 659
332 413
580 957
181 547
600 159
936 1237
643 511
1022 962
1265 1641
848 777
872 1698
636 281
543 1337
184 1578
1669 190
1227 1044
894 1162
614 1562
865 710
645 1319
186 1015
187 741
438 9
1309 1017
259 624
1203 1564
1017 351
1515 1235
1294 1670
1185 74
1256 397
812 1448
482 746
1623 173
850 1713
1403 720
1142 16
1084 934
762 1414
1248 1646
1216 1399
1647 183
191 1421
192 812
683 474
1569 1379
1169 618
1657 1303
1153 945
399 1573
261 1734
1151 519
451 67
294 506
1567 1334
439 646
1414 285
1016 1508
1213 400
1489 731
194 736
197 299
1462 774
440 836
1424 466
695 1685
1018 864
1475 1625
1138 1676
1707 1729
201 691
202 708
456 1149
563 621
203 564
915 798
980 47
470 398
1273 1374
235 207
301 1423
684 681
1109 956
926 888
740 1302
757 553
1033 1067
364 590
732 942
1493 539
829 1256
494 1137
592 578
404 1153
1381 1665
1492 1324
1598 1320
317 1507
1456 470
972 1222
619 567
505 530
1188 1655
760 325
1176 1199
214 222
845 438
1723 444
1320 371
1238 1266
215 1006
1494 1002
1287 1079
855 1457
521 1376
1498 966
263 1070
218 685
733 651
504 805
572 445
363 755
1157 1197
1038 1236
316 920
958 1495
1258 12
583 1255
993 1619
1467 1690
1398 813
601 1389
1076 243
224 719
1301 892
860 363
595 1450
225 111
1005 308
677 1494
1029 1746
432 1463
460 1267
1237 1424
974 169
737 349
1422 674
950 265
389 919
353 359
1012 1066
1471 172
228 369
1430 485
585 845
701 272
229 50
1080 901
1663 912
647 217
537 1597
910 1304
795 401
1366 1411
1443 660
1242 690
1158 1502
1532 155
230 1059
825 726
232 1273
1047 1174
500 949
788 1087
827 1263
231 147
1478 1258
922 247
714 1728
419 274
792 1233
273 574
1610 252
871 37
873 1644
540 814
652 1200
851 1378
1514 890
1394 1288
1544 1657
1308 793
773 657
276 1318
888 1572
886 1104
1341 1343
268 1350
1196 264
1402 807
430 988
242 287
1718 18
581 1329
1693 628
244 706
1684 442
1207 1154
1640 45
849 619
433 1687
840 609
1367 1386
1319 959
1646 683
994 866
781 1022
1720 1669
1447 1527
1435 1486
246 293
247 127
1719 60
1539 1175
426 632
1244 972
1393 709
349 10
249 1228
1580 327
1280 997
1490 142
383 1
1508 43
1652 1394
1209 1417
864 1554
250 1626
252 1420
525 315
1340 964
1444 722
1154 238
254 1538
973 211
1538 1077
255 1531
1122 1519
496 305
982 1119
1599 1516
1329 439
258 1447
1586 69
530 1325
548 319
547 1321
1535 405
1003 933
1318 1623
501 885
1501 1366
536 540
1056 96
533 1404
486 375
902 808
878 273
444 1451
708 1166
625 1052
361 1100
1062 1114
1700 575
277 686
1039 1330
369 924
271 555
285 78
1546 955
1057 1283
1421 1736
420 600
272 402
841 434
1272 914
1554 1501
1500 1461
1412 817
1426 1551
892 1340
1513 1455
1450 791
1083 1345
280 886
1661 1552
963 1679
991 985
1350 133
1041 1391
1137 673
282 944
1727 145
1312 751
777 636
769 1207
1139 430
287 1385
908 788
787 846
741 15
952 450
1173 556
1284 104
1037 1695
959 1555
1650 829
1391 1483
1049 1490
616 581
1100 1720
1626 953
989 1062
856 189
293 358
676 675
384 1719
1389 1096
1639 1036
943 1014
1300 1141
409 1585
1590 134
731 948
1202 176
416 889
1006 1090
297 732
599 1287
298 1415
903 634
758 1640
1246 36
879 132
308 1600
1332 987
1714 1177
302 1328
1506 1152
1030 1354
303 550
304 1569
736 73
819 161
1735 1169
1191 916
1270 187
1260 1605
1061 1307
519 90
551 11
1010 1433
1031 1362
917 1671
603 514
311 833
707 460
704 1051
571 1712
1668 625
1654 993
1304 552
1686 577
987 1230
629 630
1326 1470
835 345
1204 568
1469 498
846 1206
1152 695
1354 1344
321 1691
1116 1749
673 1575
1681 181
618 184
425 1049
483 1474
1013 1309
807 1438
1442 1413
326 1475
986 143
394 1382
1436 883
327 1592
360 1155
885 1234
854 1080
330 1401
424 1163
905 538
329 1521
331 1737
768 669
1552 1638
1114 196
984 24
1473 323
1630 1649
1427 1718
1221 113
1240 1232
610 68
1311 999
1051 1215
693 940
1090 215
1228 595
1199 1510
598 1571
975 1264
345 368
946 1071
1633 1724
351 1181
1595 182
352 1672
1261 80
413 592
1453 727
1351 703
1698 635
1291 48
1107 1612
1360 1294
1423 1524
743 1268
1400 1013
1186 697
782 1557
1376 908
587 1445
1611 477
458 1428
366 728
1729 1112
1525 1608
509 849
630 380
1602 355
575 769
895 373
473 486
588 524
372 1316
682 572
896 1026
1624 1396
859 582
376 1093
1533 55
674 786
1281 1560
724 867
945 271
1034 678
1086 1419
382 124
1653 617
385 212
418 1209
1577 1308
387 1204
1733 663
1397 294
465 1088
1548 784
1065 714
469 968
637 1243
729 913
650 1598
1160 996
1121 570
742 717
1560 417
502 1550
1551 963
398 292
1528 742
1728 1194
1604 676
1333 1674
1476 1631
596 1528
1673 1145
1279 180
535 1446
555 257
1118 408
766 1047
1230 802
928 286
574 1082
1696 591
641 346
514 730
1004 394
608 561
1224 1249
1190 1683
1372 70
822 1518
843 415
719 822
1642 718
1082 1095
428 1269
1635 521
1585 1089
1601 1125
568 158
1053 27
1452 1402
1134 517
998 456
1627 1540
1299 633
1356 334
934 480
761 1703
1644 946
466 1511
1126 1444
778 771
1092 1221
447 1656
804 21
471 637
609 392
594 387
1645 1286
1052 194
806 1520
1617 1658
1339 529
976 399
1541 1380
1511 1544
1263 1744
1336 472
1392 465
526 14
1566 1368
755 1292
884 1349
949 372
816 939
948 1010
1605 66
1676 356
1572 828
1289 1312
468 1506
534 977
474 958
475 520
1025 799
1167 1732
1564 1545
1257 116
1208 1537
1502 1072
1026 1653
1632 152
1197 129
876 1225
1556 1668
1521 329
488 693
1396 1272
1148 961
969 705
1522 1041
493 796
1361 5
495 201
1201 404
497 1205
751 178
1589 1214
1648 1000
1558 1694
607 1164
508 403
593 1681
1593 1068
862 510
1736 1365
546 990
1658 1610
726 1020
1588 237
1181 513
1178 202
1347 565
527 53
529 1684
1725 174
798 114
1415 254
746 3
1530 599
927 1577
621 862
1252 929
1143 713
1634 1667
931 1151
633 1115
935 236
1702 1216
656 1412
560 1317
1123 1278
567 1673
1276 509
866 1613
867 1426
632 135
887 1576
579 824
1089 758
1093 232
1606 275
748 855
1457 602
1737 120
820 249
1282 91
1380 54
964 654
1074 1005
891 1484
1085 1465
763 534
1212 696
1695 1499
1480 688
622 1009
623 548
639 1432
1348 1584
735 1469
1697 357
662 905
907 1487
664 615
1345 1024
669 951
1377 776
678 52
1119 1436
1002 324
1671 1530
1266 644
937 1246
696 1443
842 423
1164 341
944 504
772 537
1699 393
734 1645
1597 86
1730 1434
1314 1285
828 455
712 2
1219 938
1113 451
1067 773
1549 437
749 57
1583 250
1416 640
1117 856
961 986
1555 20
1355 144
774 756
1303 1627
1683 435
1274 1748
1253 454
791 566
794 1596
1459 1196
811 1392
809 1723
951 381
1638 1556
1251 332
1182 1109
1434 1139
1128 707
1465 1030
1124 1333
