70_79_83 11 0.0222574262476825
80 77 0.0403456165117762
77 9_45_55_59 0.0479447878997423
62 20 0.0138087677315423
87 16_25_49 0.0875149811038559
15_57 74 0.0663055428604697
22_39_58 53 0.130149303513788
30 13_43 0.042133635904661
61 3_6_14_18 0.197791978829859
01 72_81 -0.0215901394426617
42 16_25_49 0.0220371905999672
33 22_39_58 0.0492414580263985
31 16_25_49 0.0174405752302478
21_26_51_60 70_79_83 0.032451791087441
82 70_79_83 0.0049310128902416
8_44 3_6_14_18 0.0029576959922199
65 11 0.028596015939348
18 35 -0.0995606646360501
85 67 0.141509762822293
01 29_36_52_63 0.0380757534919236
4_5_28_38_46 11 0.0897009550920481
15_57 9_45_55_59 0.0074825985320631
66 20 0.105392183852704
2_12_19 76 0.0264721715107265
74 2_12_19 0.0329967044765723
61 33 0.0174639588182349
24 7_32 0.0154459645342733
74 90 0.0052462443320919
24 9_45_55_59 0.0033208303716649
90 89 0.0263988061962595
47 68_86 0.0328741331640422
61 80 0.1210130215696
24 4_5_28_38_46 0.150120735888417
10_27 31 0.011910176448362
41 7_32 0.16847252095176
7_32 90 0.122348118385104
23_69_73 54 0.0255982025622434
61 65 0.0527403186704469
8_44 31 0.0890867749975922
10_27 01 -0.0398992082717668
80 31 0.0958456360698786
42 70_79_83 0.0305642312784644
85 16_25_49 0.160744699614452
2_12_19 89 0.0847955475847759
33 31 0.0058167635593023
35 21_26_51_60 0.0385933655170369
61 20 0.0555436307309317
8_44 42 0.195201781911534
33 9_45_55_59 0.340142799863107
17 50 0.0984737842745134
85 50 0.0843405259986842
01 82 -0.0152384700179242
21_26_51_60 78 0.0334496225626452
01 2_12_19 -0.0069192890730927
80 4_5_28_38_46 0.107607854228451
62 53 0.0092858919424714
29_36_52_63 88 0.202422935082006
56 42 0.0207507960612014
62 56 0.128615097976815
91 11 0.0303103665031155
22_39_58 56 0.0026905849329036
71 11 0.0396515638490995
23_69_73 42 0.0312316069586715
41 9_45_55_59 -0.0095154545502165
89 88 0.0376056606365875
74 53 0.0121069176177053
7_32 37 -0.0599038592936585
7_32 13_43 0.063209874226677
61 35 0.108201979512223
35 54 0.0655887524891441
35 78 0.181663986848116
77 89 0.0001321630222784
34 65 0.161165367117161
71 88 0.0994040918817008
87 50 0.007701669209634
87 76 0.0088299816528893
80 17 0.176954314563719
87 91 0.073679085485217
3_6_14_18 62 0.193199938202021
17 62 0.0385604454805138
91 88 0.109356401478247
23_69_73 68_86 0.0111894711254643
61 40 0.0245633485811745
68_86 24 0.0017132596094234
61 66 0.0073664739701929
24 53 0.0575842246063912
37 78 -0.0398107333175368
72_81 2_12_19 0.0836841532893518
61 16_25_49 0.0155362217385898
31 54 0.0248409728439701
66 2_12_19 0.0224849799551996
61 89 0.0037893861796401
77 64 0.073814462459781
72_81 37 -0.017308112311551
16_25_49 20 0.0461097853927009
53 89 0.0021826880610081
53 90 -0.008989785159133
62 11 0.0381519302801774
31 21_26_51_60 0.0298488087258814
64 29_36_52_63 0.0256173297624851
10_27 76 0.0075593072441386
15_57 41 -0.0060654130538238
21_26_51_60 13_43 0.0135294622355258
16_25_49 37 -0.0620699221321517
64 11 0.0786112292514454
75 21_26_51_60 0.0032659445143405
31 24 0.158249475779044
77 29_36_52_63 0.0516187711010388
41 22_39_58 0.0276461155674546
31 42 0.0217079051575251
54 50 0.137897521005715
71 29_36_52_63 0.174184512620175
53 7_32 0.115473424189847
3_6_14_18 42 0.0367220275068988
72_81 67 0.0080227460864709
56 82 5.06325794766407e-07
2_12_19 75 0.0372222203377217
9_45_55_59 13_43 0.0654274726265675
84 78 0.0403973783562113
47 77 0.0665211891407408
76 13_43 0.102059329775405
30 66 0.0112619783661056
74 50 -0.003687883254744
23_69_73 70_79_83 0.09158579953483
01 87 -0.0313710792028489
47 24 0.0820069689959764
80 42 0.020694107145365
41 76 -0.0095257582664727
56 88 0.015478815737163
41 40 0.0426006148867846
18 71 0.0413277002860891
23_69_73 91 0.0005897098571766
7_32 2_12_19 0.0393846502910225
37 76 -0.007882318343684
80 65 0.0169902987757534
24 64 0.0596838129235043
56 66 0.0313417877535066
30 53 0.0843537916552969
4_5_28_38_46 72_81 -0.0088441823290293
47 30 0.03299327849617
17 16_25_49 0.0672102096649154
40 87 0.0017278781539764
15_57 30 0.135058530387363
68_86 77 0.0570940376716526
61 76 0.0410328756787391
3_6_14_18 70_79_83 0.009259559590599
42 72_81 0.0217244336441236
90 37 -0.0420664640215952
31 35 0.049435560539002
70_79_83 88 0.0766869748668459
10_27 64 -0.025135298005114
3_6_14_18 82 0.0430013159100032
16_25_49 70_79_83 0.0480228013149041
31 13_43 0.0450523208268638
21_26_51_60 88 0.0368236994056925
71 50 0.129182777563228
2_12_19 13_43 0.0799943980737127
64 54 0.0292941993867115
53 13_43 0.0354609034002568
15_57 66 0.0036957423953518
17 70_79_83 0.090574387715646
77 11 0.0805434307242476
7_32 29_36_52_63 -0.0173011370631694
31 11 0.0328058194717616
64 50 0.0538732220425277
91 75 0.0080748592546368
3_6_14_18 89 0.0264406644225356
64 67 0.0044610785604506
71 87 0.0970223589644383
35 84 0.0018014145500236
74 7_32 0.0308603968176911
62 21_26_51_60 0.0304920726058461
16_25_49 89 0.0034337493184392
3_6_14_18 66 0.0011576980725617
62 70_79_83 0.0166558742911214
37 29_36_52_63 0.147887416509065
16_25_49 54 0.143823239427447
61 62 0.0832450968308132
70_79_83 89 0.192149797329562
31 4_5_28_38_46 0.0618602926569446
62 35 0.0146470774198549
8_44 01 0.401334199303551
23_69_73 67 0.0214831440149212
24 20 0.0147186011363217
41 29_36_52_63 -0.0108000356611846
17 75 0.0127730248410722
75 76 0.125228927555788
16_25_49 78 0.057402890073141
23_69_73 35 0.0165975883205852
24 91 0.0646080097693192
56 20 0.00948627786674
87 72_81 0.0684726783214556
78 70_79_83 0.0371271502531368
90 20 0.0315765691243377
72_81 88 0.0266800996200941
22_39_58 74 0.0934742924106011
10_27 87 0.0159721156660341
35 65 0.137824913719147
24 13_43 0.0293620841314174
61 74 0.0010579175227854
8_44 88 0.002788358211764
41 37 -0.0503472431033736
80 70_79_83 0.0922024644096126
18 50 0.042376255652137
68_86 29_36_52_63 0.0245142788335831
29_36_52_63 67 0.0220998413095194
61 56 0.0322609007940943
80 66 0.010486133880366
47 74 0.164843279650793
22_39_58 66 0.0875188585603425
18 87 0.0282080489803072
61 23_69_73 0.0018572378665257
85 71 0.175426231867995
80 64 0.0493143075912745
61 21_26_51_60 0.0542773001910762
41 53 -0.0726954314703535
3_6_14_18 11 0.0786098950437001
17 67 0.0039956841971863
01 76 -0.0241821098204699
21_26_51_60 34 0.005045914996377
3_6_14_18 40 0.122473132626167
67 11 0.0440450844323146
3_6_14_18 56 0.219595330229073
13_43 82 0.0241288529035535
22_39_58 13_43 0.0647065336827579
89 11 0.0058805250754105
68_86 88 0.0054844989918485
10_27 72_81 0.0081679480299397
47 53 0.0536961907468975
82 34 0.116802922424556
40 72_81 0.0625725566932376
41 82 -0.0358286611077888
76 34 0.179967100481012
15_57 68_86 0.0183515249621903
42 88 0.0306423361549055
62 42 0.027243481319907
56 29_36_52_63 0.0315502233000503
22_39_58 40 0.0273764007562863
42 64 0.0428787529370317
42 75 0.0119846524349986
85 23_69_73 0.0281781932122571
88 34 0.0246725280733865
01 20 -0.0075427444588686
17 35 0.0462716563585201
85 17 0.0295286351739349
23_69_73 77 0.130637339189776
87 84 0.0116633016768375
42 91 0.0082158468856225
22_39_58 30 0.0939419871682317
18 70_79_83 -0.0222145007326536
23_69_73 20 0.0127949618755667
7_32 72_81 0.0789593777802582
41 4_5_28_38_46 -0.0053635689138485
37 75 -0.0754803165306283
84 65 0.0520621919338529
20 82 0.0351126271038248
91 20 0.0930474989131934
33 74 0.250751169557975
10_27 34 0.0298548420323113
13_43 34 0.179343074286116
61 87 0.0123417007595894
22_39_58 2_12_19 0.0794978515606475
56 87 0.115090601101475
16_25_49 35 0.0422937851635503
3_6_14_18 76 0.0028239477211087
53 9_45_55_59 0.0124532803226452
62 24 0.0316727886218387
3_6_14_18 91 0.0968355180860353
62 2_12_19 0.0032640346543122
15_57 77 0.0284489840960341
18 29_36_52_63 0.203101542093405
67 70_79_83 0.0354080660674773
42 37 -0.0209557933189198
17 31 0.0970254414296079
64 20 0.0206784067585235
53 87 0.0002236504077295
54 11 0.0733832658565732
72_81 90 0.165391425050862
78 89 0.282021357394182
62 40 0.0896258073470589
24 35 0.0202268492863677
24 11 0.0591222592392747
4_5_28_38_46 91 0.0309894145560116
62 89 0.0467117160387563
8_44 22_39_58 0.0149669742738921
41 2_12_19 0.0108345676901834
91 70_79_83 0.0884382069289949
68_86 9_45_55_59 0.29045109652278
30 76 0.0091064988420035
80 68_86 0.0195469200355806
23_69_73 11 0.0580318550083095
31 50 0.0516019099920885
17 71 0.0436214842868661
21_26_51_60 89 0.105099480976899
18 56 0.315297683043771
47 9_45_55_59 0.13712049437007
87 34 0.0221205784502074
50 11 0.0473096867812511
75 78 0.0528710979024373
18 85 0.093508208032157
64 4_5_28_38_46 0.0742214600475671
24 70_79_83 0.0177062705781248
31 91 0.0143644437363551
30 7_32 0.0365096918912879
78 54 0.006104892497377
47 23_69_73 0.0002591291270171
67 54 0.118559078785226
31 65 0.0038471961865683
33 24 0.0141573906755173
80 24 0.170990173568133
01 42 0.0098220704641164
21_26_51_60 65 0.0963529809689941
61 91 0.0337404259477405
4_5_28_38_46 13_43 0.0141207337502725
17 54 0.0064578827007133
85 87 0.135122135853925
61 2_12_19 0.0368365156256636
47 64 0.0481932397046288
71 62 -0.041915454443297
74 13_43 0.0277281221612413
42 66 0.0234353111821093
16_25_49 75 0.100183418284013
8_44 21_26_51_60 0.0190679497315285
76 21_26_51_60 0.0569981134519313
33 7_32 0.050728104871925
9_45_55_59 11 0.0150079923422665
3_6_14_18 21_26_51_60 0.14187160331634
42 54 0.0015968854583169
77 24 0.207992128841502
66 87 0.0132303964166458
40 21_26_51_60 0.0360011337669251
20 75 0.0087462807366103
30 2_12_19 0.0274466076831253
23_69_73 40 0.0109033763339926
80 91 0.0074718089671275
61 42 0.0472824465954356
84 75 0.0382431792963586
75 67 0.0072276023125307
80 30 0.0169157406481733
68_86 4_5_28_38_46 0.0363504909583231
15_57 53 0.137372841529445
80 20 0.0554632064159324
33 30 0.0501410297021273
42 34 0.0159879645563426
30 74 0.43606523663635
90 16_25_49 0.0422057705468737
87 20 0.0137814255355042
17 91 0.210551590489159
22_39_58 90 0.134147834644541
85 65 0.0218629247078903
7_32 87 0.0305127325028045
4_5_28_38_46 37 0.0350644144863235
87 82 0.0022843073988302
66 82 0.216938236675875
87 75 0.124440022065647
33 68_86 0.154965512305656
16_25_49 67 0.0282984304814403
87 88 0.130236589687001
66 34 0.0058786925532643
4_5_28_38_46 29_36_52_63 0.0579589737955361
53 82 0.033925523942363
7_32 65 0.0135011696149462
40 89 0.0186307864289689
61 90 0.0250197320164478
22_39_58 7_32 0.0695476819737056
10_27 50 0.107127660342416
20 34 0.034691353176608
85 54 0.0191394619374719
8_44 37 -0.012963871633975
4_5_28_38_46 54 0.0176339644648341
31 70_79_83 0.0295384776088705
47 7_32 0.0176163119159581
18 67 0.0929892170199608
20 2_12_19 0.19802176839846
91 89 0.0083160498461086
35 89 0.129922391214214
53 76 0.0228700000227444
41 90 0.322437426556462
17 87 0.0549860161615867
71 4_5_28_38_46 0.0245506903175836
37 21_26_51_60 -0.0102336768767535
8_44 62 0.0392548765929113
22_39_58 72_81 0.0156045480611237
40 53 0.0911210824307737
77 67 0.0074302072685424
62 91 0.0800512821537809
42 20 0.0324596508768456
77 4_5_28_38_46 0.152603307385329
67 50 0.0035285555176351
20 35 0.0155682145114488
10_27 66 0.291928975093368
17 11 0.0407388121615156
17 42 0.031499062824274
80 23_69_73 0.0517999650020428
15_57 23_69_73 0.0123743915512316
90 2_12_19 0.104746860971457
33 80 0.0361707542523603
4_5_28_38_46 50 0.135846192829919
56 91 0.0055825578685874
37 84 -0.122974600411458
61 84 0.0158081888702628
15_57 22_39_58 0.1240742067706
8_44 89 0.027108232509969
40 90 0.0861520503947661
4_5_28_38_46 65 0.0272877507214983
7_32 84 0.0559684167815627
41 72_81 0.371604339015379
31 77 0.003037087165891
20 13_43 0.108012535601938
31 7_32 0.0268339350488443
61 53 0.0043377798238704
85 4_5_28_38_46 0.0262969892732606
20 70_79_83 0.066109605444026
42 35 0.0682026332501001
66 70_79_83 0.010112178475893
40 82 0.0093466162725872
76 82 0.0969002192305687
68_86 37 0.0534544412685146
23_69_73 64 0.173178593738023
2_12_19 70_79_83 0.0205888880871856
35 70_79_83 0.0252401571080638
