0 1195
1849 814
1848 927
4 1329
7 1838
8 365
1842 375
1841 1
10 314
1840 198
1839 188
12 153
1838 1652
13 1597
1837 70
14 1754
15 633
178 1710
968 936
1364 1197
707 1744
1619 573
76 150
1574 1319
466 1704
1116 788
820 1635
629 463
1 667
2 497
3 1483
5 1234
1847 784
6 246
1846 1412
1845 175
1844 1030
16 1374
1836 1816
1589 524
921 929
540 1133
201 1439
433 501
253 729
1002 500
135 749
589 1035
11 1402
1843 1534
1717 863
208 1808
1205 263
513 1316
1235 1759
445 529
658 1299
1525 1225
1230 177
1246 338
1785 1615
1526 203
9 1290
17 406
1484 1718
837 627
1448 318
1321 422
630 1335
1270 996
765 1216
260 364
809 726
19 1252
858 1696
24 73
975 211
1104 1448
379 508
142 1008
1772 971
539 276
860 356
335 1664
1736 440
408 915
1634 1245
103 542
1559 875
965 688
53 1174
971 679
18 1698
872 1332
1522 452
878 179
1024 1119
1550 967
190 646
532 1145
1641 1218
1351 709
291 1566
939 857
646 290
1271 472
20 1259
21 1470
106 716
1699 289
1068 1360
483 962
1633 1539
1395 444
322 1168
22 708
690 224
384 1346
1820 1172
1161 510
51 798
1612 72
1644 628
870 681
1435 807
1110 580
23 893
374 17
940 617
899 1803
1706 272
472 1835
594 1623
1021 362
38 91
824 704
944 1468
216 468
1147 634
1293 1707
1833 1591
25 256
893 87
479 376
811 1742
45 1409
1494 1254
345 1562
1512 147
26 832
834 1220
1185 1533
1015 160
849 1207
903 1370
795 1614
1088 1123
27 1520
1495 1083
127 430
612 1622
1062 744
1076 516
451 317
1029 164
654 997
1086 802
1249 1789
102 1434
1636 1717
1687 1391
1649 845
58 1584
255 1151
1411 737
28 494
29 1142
1499 1336
1579 1027
942 1828
1810 994
299 795
967 954
173 484
748 1758
1387 1075
1103 412
523 939
30 881
468 806
637 1659
1727 1227
270 1215
438 1092
1712 381
31 345
1831 1067
1018 1291
725 298
1485 604
1326 22
1209 1527
407 636
848 1438
1055 1480
32 550
1816 1320
151 1078
591 840
211 1003
1160 632
1821 507
403 201
1661 1683
1331 51
33 790
43 5
705 1544
1534 334
1394 1613
960 751
1492 1137
969 1249
1043 956
1679 204
34 1673
881 1784
61 1519
1665 1094
1584 1845
1802 1741
1748 457
163 1173
1236 520
695 1526
1008 431
78 1239
180 195
342 120
1768 718
149 325
609 99
1734 1046
1715 1551
305 1405
1572 917
1019 1752
1072 313
1543 748
715 482
35 813
36 1755
37 1263
624 1720
1229 1191
931 352
1412 899
341 232
1312 94
1647 1235
1168 1730
362 112
458 200
67 154
448 1199
897 320
1622 62
319 1545
1830 608
898 197
325 1662
461 968
1610 1194
1263 1212
1334 670
876 1800
1803 1088
494 1442
1244 237
862 432
645 1162
39 284
932 454
933 762
1148 656
663 966
622 1160
1709 37
571 1283
1261 439
905 341
41 476
210 739
310 1827
1102 689
1050 568
148 606
633 221
519 815
1729 321
531 1089
1439 946
219 1040
40 455
784 817
1639 1570
256 1087
111 13
1212 1568
321 1341
376 640
1166 306
767 1183
1357 309
817 38
1454 699
1258 206
302 1005
507 1457
500 14
917 1297
1097 1241
1129 515
1038 230
1624 1383
183 1706
42 1244
44 247
1828 400
490 715
336 502
1587 1269
1033 1831
1114 894
1458 1790
1490 337
814 371
1660 1429
1756 625
923 944
46 1236
1670 727
347 1363
1544 410
1757 1714
47 848
110 1427
1418 492
822 1020
861 1111
296 1464
606 1392
129 436
300 1389
1474 602
138 1187
1742 1258
1111 902
548 1844
1204 1576
1601 1401
96 1643
48 1340
949 447
1478 264
827 1167
487 459
1521 437
439 311
641 0
1592 919
50 424
1724 1497
390 547
727 1136
1095 1682
1268 1437
170 1783
370 721
49 1522
1371 380
1755 252
431 1228
1224 903
1174 1716
312 800
821 1062
1745 901
356 44
1014 1348
52 1452
1090 1771
75 876
1106 1746
502 1609
857 1453
271 286
1819 1270
1306 350
545 67
1700 1055
791 1026
866 972
497 1033
1338 603
623 1000
1283 673
1287 1512
511 564
1557 485
1363 834
801 648
1817 975
1237 1317
54 434
55 1636
189 854
847 1323
1542 1060
1152 1387
1126 597
1576 837
56 281
826 907
1491 223
474 644
1675 525
1119 1634
1637 408
375 1690
57 555
997 1307
1073 1086
1506 533
1045 1492
1617 1649
1415 113
234 11
393 1289
1243 234
198 843
1118 1550
214 166
1451 1074
509 1324
326 383
906 255
59 80
1407 1552
533 156
749 1369
169 1385
154 1011
307 81
1795 1250
642 1458
833 1301
141 1501
1289 891
69 1768
415 353
735 1703
652 1068
430 114
671 93
333 1764
1613 1466
1594 143
1718 572
1107 104
1006 8
1084 1506
1173 503
132 1538
66 868
217 323
1366 1475
1732 1161
585 1101
60 1462
63 1565
123 1553
1778 754
247 467
1498 433
1004 1419
1737 1567
193 697
1571 141
62 122
64 423
133 236
385 1423
1799 1065
1052 569
512 1424
65 254
1200 950
383 242
1423 796
124 58
398 24
1180 1109
1286 1093
1430 594
1436 267
1280 809
481 684
248 1726
560 810
239 493
1663 1164
632 835
1599 925
324 312
250 355
1708 690
1509 1811
536 1460
841 443
787 86
1305 1469
1332 1253
68 1273
503 1767
1329 1125
486 1186
794 1774
1226 711
1719 1378
1203 1648
1304 30
1728 1380
919 932
268 66
1078 275
1691 598
71 773
619 111
1339 892
220 101
908 1277
785 1736
72 822
720 774
686 1032
1784 416
1789 1500
1580 25
464 511
454 1663
1217 1019
685 777
70 499
1142 1095
1564 851
1437 1311
1681 583
73 1773
218 753
1349 110
215 1588
301 205
1159 219
568 691
516 842
1245 1488
1628 118
1382 190
520 759
889 1140
1398 391
1605 913
1476 1182
308 35
1386 1583
74 819
241 1459
1295 1076
1381 928
1264 1132
760 1367
1566 622
77 1302
990 1318
1348 300
672 756
1178 605
631 1381
1266 1147
338 307
1781 1561
109 1002
611 770
1419 462
823 172
79 1312
1098 986
459 1085
1031 1529
1442 993
1672 1015
1609 1178
388 1658
498 887
726 1054
610 98
557 27
549 1305
710 269
287 420
80 257
100 451
1067 75
81 719
275 947
877 1180
1158 359
280 1832
1359 1504
1489 6
1193 838
1153 772
83 1042
272 792
1631 1031
1731 1517
444 180
84 1749
130 1262
400 878
1408 912
395 1684
1234 1043
89 379
82 265
85 478
1539 1509
316 1487
934 1343
105 714
1054 43
1352 1106
1154 1130
1005 1098
1172 1702
480 1268
86 734
1036 196
984 941
941 133
1215 212
924 129
290 647
87 475
1241 1578
900 1184
838 764
783 90
1738 687
747 202
473 1238
1048 850
1777 480
116 227
262 1364
1207 990
1140 818
1783 470
1760 40
739 1267
1722 374
896 1557
88 1514
90 1407
955 184
1030 752
1472 1667
1832 1023
1583 916
93 45
1210 1314
99 665
850 1579
1585 514
696 775
1113 1761
613 509
1798 906
863 1606
976 1222
91 351
92 1805
282 1513
1120 1295
158 883
196 149
213 186
153 539
1274 395
1089 1426
1470 1334
729 396
1558 1819
698 445
1034 32
411 1276
638 367
1194 1103
1354 1440
126 847
236 92
1668 1321
119 672
588 1688
1483 1361
981 441
1003 1441
855 1456
577 561
1057 1308
1046 1607
94 1007
95 1499
668 821
436 696
298 330
712 826
1298 388
660 1264
460 695
1010 745
447 599
966 287
1074 1127
391 357
846 68
462 1722
1083 1747
97 951
491 1521
627 55
1066 152
413 1637
417 335
945 303
1346 1350
233 389
665 1211
547 348
1422 530
904 404
703 1585
98 693
1150 1304
1510 1326
1254 527
713 825
525 1090
1302 630
761 1788
1277 1096
782 1288
1425 707
777 411
1455 1737
804 862
101 1435
1358 1719
596 83
288 558
565 576
529 1665
920 921
1071 235
753 369
224 1294
1570 3
337 786
1689 1017
1782 1432
884 1547
677 331
1053 302
806 1158
1307 1366
363 776
1658 125
1678 607
174 1841
987 523
414 1598
1026 1711
1733 641
435 1781
552 1223
1079 271
792 645
104 1177
1621 1743
476 595
750 1572
1292 1414
160 1144
429 742
1749 601
144 1390
1383 366
1356 698
366 145
1143 588
108 398
1695 1818
416 1255
1187 1428
274 909
1297 953
1429 865
1445 124
107 36
742 1120
401 1731
527 108
910 970
212 833
1141 1122
1546 725
1291 1461
1707 291
1582 612
528 979
380 930
922 1261
807 228
112 253
1343 1802
683 403
732 384
1169 344
1586 940
113 853
1688 1791
175 1650
1443 126
245 1403
1694 1770
168 1102
1711 738
188 935
1431 1829
1710 368
469 575
1502 736
772 1193
114 1059
879 1444
1092 1357
237 1053
425 1593
816 358
1405 733
1698 161
488 1668
575 231
1632 926
691 650
1669 54
1655 1531
1341 1200
115 1240
117 531
1462 84
1322 1179
1232 1463
1157 1813
118 1384
377 390
1131 1729
818 538
1501 1135
1518 1600
1231 60
470 808
954 29
1447 106
958 295
793 1155
815 877
563 1315
1677 297
625 1680
854 803
874 31
962 1778
873 592
1310 1382
1523 859
1739 900
120 1134
121 48
278 305
328 1542
1648 319
1752 1699
155 545
505 103
1267 1141
184 1776
701 1826
122 1772
314 1723
843 1840
1367 1298
988 1511
970 723
1208 1738
1602 181
228 731
1743 637
1400 1724
974 1169
746 1715
1505 620
544 268
566 911
125 1669
991 1633
1480 505
145 1209
1428 1285
836 1154
176 844
1242 1080
1162 1029
1273 1375
808 239
1477 481
334 377
714 1150
925 413
948 1242
259 918
128 1646
1620 1639
762 787
230 657
1629 1175
1826 1108
875 1313
842 16
1834 327
453 1616
1468 1256
1533 559
927 273
662 1798
1497 1733
1013 1415
1567 1138
131 1645
1340 544
1773 1226
396 1757
1432 53
856 1260
603 585
1094 42
1578 9
441 1525
1115 1393
369 418
786 210
716 1689
1716 1342
518 1066
1007 1061
1487 652
409 1745
1735 1654
378 1619
561 1713
1682 829
514 1352
134 1310
136 1657
1758 1484
315 869
1540 1034
1788 933
137 1812
734 591
617 836
578 1192
485 322
437 1644
1466 1541
1223 1121
1815 140
615 450
961 668
1517 1205
752 1278
140 1185
1766 1377
179 540
926 1695
1233 49
1025 1671
1137 618
946 1037
676 399
559 1454
1520 920
1214 638
972 477
865 574
1333 117
143 1210
1545 215
172 785
1186 1569
399 363
776 1181
1181 1394
277 1077
1804 1582
1132 1248
1664 1397
687 1809
583 387
553 41
1767 207
1410 1349
231 889
1327 1143
1671 1058
1666 47
352 998
1070 226
608 1069
139 1345
146 7
650 1540
812 1574
446 846
1754 519
147 402
649 1843
595 1629
1135 1146
1227 1782
989 1325
246 1489
240 1586
952 629
1511 28
1465 521
150 137
1812 1628
1000 526
358 1292
427 1824
1753 1431
1656 1388
152 663
829 1330
1426 870
892 1124
768 1839
604 660
405 908
465 1580
463 279
586 677
1222 1265
699 266
484 741
1424 700
1569 1641
422 1777
1365 213
1369 982
1747 518
744 95
1806 823
779 1756
456 1769
157 1675
419 811
582 1156
156 761
1705 1465
1467 142
831 1107
467 64
1626 1587
956 139
953 1563
679 661
1353 1213
1188 1687
159 1610
1299 425
998 1353
1508 639
1595 1624
901 852
864 658
1179 1105
276 21
1577 1691
655 78
780 162
161 977
162 898
688 136
1440 735
1028 858
1337 1246
930 1338
1538 385
819 1398
1686 1825
457 97
751 882
285 12
164 165
693 61
771 421
165 1535
1625 820
550 127
728 794
1044 1734
166 712
267 1063
167 1804
1255 159
1192 1131
957 1006
579 260
1714 675
1058 797
1615 666
303 1436
1457 1821
1787 600
766 465
666 886
1397 1359
1117 664
1701 1608
171 1449
1099 1599
504 1474
232 1765
349 193
392 873
681 750
258 949
724 285
1417 1009
1650 1516
558 1632
1308 1206
546 616
238 676
365 678
674 1814
1704 1148
320 1282
1427 827
996 567
443 1115
1673 1630
1133 1548
1493 1354
1588 471
340 1232
1315 1372
754 976
177 535
722 1490
1165 1481
1112 407
1335 174
667 614
947 1013
802 288
1459 1725
813 163
684 1048
869 758
1744 1670
317 701
355 349
455 1229
740 405
181 593
639 860
937 419
1614 1472
501 955
182 1284
1555 1408
1623 1028
389 1281
915 392
1593 116
1657 692
1421 1190
1807 370
657 1358
682 1560
1276 1612
580 1753
661 339
1284 333
185 980
1690 1473
1265 581
187 1400
543 1373
1399 1279
894 282
789 746
186 1280
835 705
264 1399
1532 1014
442 474
1823 570
890 839
1800 490
1552 861
1554 76
1659 1846
1093 401
332 1592
360 1165
496 1709
1597 173
1640 1100
871 1728
1269 1676
367 534
191 1417
643 1051
243 1112
192 491
592 590
1105 1701
803 1842
530 259
1253 760
1702 1508
1108 155
194 1604
1347 1170
348 1793
1324 1478
1409 270
1416 299
618 1331
851 1004
1438 1379
1314 1036
195 1787
1091 880
673 548
1323 218
828 189
197 1322
569 964
756 587
1573 1071
567 57
1171 59
1414 1351
1027 397
985 151
199 1678
1503 537
888 1337
200 571
281 1674
1279 245
202 506
1290 1602
1824 238
203 1642
1124 1471
1684 429
351 856
313 1740
1486 769
1809 1446
204 624
205 781
1813 1477
853 642
1528 619
1776 1157
206 1830
1282 157
1149 1455
758 686
1017 1012
1725 973
1814 1780
1762 1820
1446 778
1296 1237
982 1128
207 1411
1109 1247
478 1700
1176 995
636 872
702 1413
1461 1025
1611 1166
1385 536
1320 304
1069 849
209 579
1775 974
798 372
1796 1451
1396 1779
1391 1806
708 757
1184 649
1805 952
1662 34
1156 277
626 1603
1642 119
257 1617
556 942
406 1309
1281 957
1464 248
1482 1847
1741 1801
943 1257
1536 1836
1125 466
1016 2
1516 1485
284 1532
279 922
1374 1272
883 702
597 1039
769 1810
1713 910
868 1503
1530 1763
1130 448
304 23
1764 1362
1096 577
1064 1050
1771 435
635 924
1441 747
221 1556
1228 1271
1413 1626
778 1347
242 1418
1190 945
1138 1505
852 1152
410 866
223 560
1012 586
1638 1775
1127 382
1272 182
222 789
225 1760
736 1208
226 1748
227 460
1345 187
339 1558
229 115
1596 1344
704 1201
508 1611
1811 895
1336 551
1238 981
1080 1110
1379 613
1449 343
1009 1217
918 233
235 557
283 805
1551 446
880 1356
364 1410
526 220
1082 1528
731 241
859 1079
1496 1355
1392 985
1770 1306
1051 1163
1377 959
886 1554
1651 1692
1355 965
244 563
1196 1727
1547 1275
593 1001
555 992
309 1739
574 830
1047 1056
963 989
551 643
522 496
995 1543
717 682
796 1797
721 1651
882 765
249 1621
1368 1502
251 1274
252 1590
426 867
1189 1625
1275 1518
1460 828
1042 871
1653 194
983 565
254 1189
1311 1296
387 170
329 453
1591 896
1607 1416
1100 487
1145 315
743 816
928 324
323 361
1144 469
1206 1081
1221 610
450 1114
1473 730
261 771
1023 171
1780 1202
800 1159
554 243
605 609
825 1694
590 553
1330 1303
1829 522
263 969
1199 464
265 653
1225 1300
266 874
1183 779
616 486
602 326
269 456
745 1620
1683 427
1325 1792
775 105
1765 1631
381 1837
1081 654
1475 280
1121 1751
273 1479
659 1047
1524 1666
1313 722
1060 1139
318 1243
1692 1762
1519 674
1575 623
902 611
1779 426
1303 694
1646 489
1318 1732
1342 386
1759 755
1259 1116
1797 1266
653 1595
1300 96
1375 1021
371 1849
1376 310
286 812
664 240
1041 1530
1786 793
1213 1656
1247 77
373 296
1380 864
289 1231
1791 1523
541 512
1257 336
737 513
382 987
1220 740
292 988
648 261
599 1571
1301 596
293 669
1693 517
1011 1524
420 562
294 885
1603 329
895 720
1549 26
295 1708
832 958
1075 1640
418 904
1453 1233
297 1052
891 934
1139 671
1643 479
730 1117
1801 1493
1560 342
929 703
1616 109
386 130
781 566
680 528
1535 1685
440 1072
368 1214
1835 1476
601 728
1568 1224
1761 961
977 1660
738 923
1618 498
718 768
614 1445
1350 1672
1049 717
1361 417
493 33
1039 293
306 1016
534 584
741 102
499 216
564 328
993 56
1548 960
311 1735
1370 192
489 1795
911 841
1328 943
598 138
1191 1149
1059 578
1674 713
1726 724
759 938
773 1507
790 1712
1164 914
978 791
1793 262
482 1198
1825 1433
1195 1176
1504 706
477 1010
432 414
938 1327
1216 1129
1513 1618
986 1573
576 1823
428 244
327 85
788 831
1378 88
1774 1815
1155 185
330 984
1288 1605
1562 767
1294 167
1456 183
1260 278
331 100
1450 879
1316 134
1818 626
1481 1073
979 292
1471 662
1790 635
1514 855
1703 1647
951 1693
692 1153
1769 1118
1032 552
343 39
1553 1287
1604 1807
694 214
515 89
1740 354
344 121
346 69
1479 18
572 1368
1389 308
350 409
1360 1537
1667 1286
1676 1113
1652 217
912 680
353 176
354 1681
1680 783
1515 504
935 1420
799 301
1404 710
1218 1018
1250 360
357 1422
628 780
1608 178
573 1697
359 123
675 1386
1606 1084
361 554
1654 1627
1388 199
1600 1425
1581 743
1065 884
763 824
1556 541
372 82
1645 1786
1077 415
1344 1188
1393 685
521 1022
797 1750
1085 582
845 1251
1627 442
506 10
670 1104
1167 373
404 1230
700 131
570 782
1565 1447
587 1575
719 1491
600 283
1792 63
1630 65
755 1404
973 621
1170 1482
471 229
423 1817
1122 546
647 1559
994 615
764 763
394 107
421 1038
1746 804
774 1097
397 1785
1001 1376
620 991
839 683
402 378
885 1496
669 983
1123 1221
1507 209
1175 1721
1444 148
412 556
1635 461
1808 135
1390 1577
1827 1044
1563 1601
424 1581
830 15
1134 1799
909 274
434 438
1061 1219
1317 1515
1262 1655
452 963
844 144
1372 1339
805 393
1561 1833
1022 543
537 1677
1146 1594
449 1070
1020 655
1730 897
1035 458
1750 191
840 1333
535 1510
1202 888
1063 4
1751 1638
584 1041
1182 346
1319 132
1278 473
1463 1293
475 1705
1697 250
1248 347
1037 1365
1239 1796
651 948
1177 208
492 1549
887 659
757 1203
495 1396
1309 1045
1197 71
733 158
1420 222
914 1421
1488 1564
510 1099
1373 1834
517 1204
1529 1091
524 931
1251 52
1763 1057
913 340
907 50
711 1406
1598 428
709 999
1590 1495
538 801
1452 1766
1500 1486
1384 1498
542 1494
1685 449
1128 1196
1402 1546
1201 1653
644 1443
689 74
959 732
562 1822
1136 394
1401 631
706 905
1723 251
581 488
1240 799
980 1661
723 225
999 1555
810 1371
1219 532
992 258
1541 937
607 1430
1056 1328
964 79
640 1794
1087 1589
621 46
1211 1848
1720 169
634 1467
770 890
916 549
1285 1126
656 1171
1151 168
1362 1064
1721 249
867 483
1696 1679
678 128
1527 1049
1537 19
936 589
697 316
1163 1395
1040 1024
950 651
1252 332
1403 978
1101 766
1822 20
1198 1450
1531 146
1433 495
1469 1686
1794 1536
1256 1082
1406 1596
1434 294
