0 1436
1699 197
2 1046
1697 1187
1696 1038
1695 1584
1693 586
9 195
1690 403
1689 399
12 732
13 814
1687 405
14 371
15 282
178 39
279 718
420 489
1364 1275
64 1196
766 749
515 1525
1583 1582
354 723
439 530
418 1429
1 416
4 225
1698 389
5 245
1694 603
1692 228
11 455
1688 1698
16 166
1686 478
1563 1511
1658 776
774 352
109 1652
519 310
1127 263
685 668
378 997
6 537
10 629
17 1128
78 1281
839 1289
327 1310
1305 1243
1299 1305
512 889
545 1339
112 498
3 562
7 1328
1691 509
1146 1578
1459 114
678 1297
1548 1394
299 301
1057 931
8 1369
433 938
268 1303
1206 446
1335 862
1573 733
1601 1615
1473 518
910 182
1350 1003
1185 363
319 407
1377 909
1157 202
1404 720
350 472
436 230
157 492
1165 516
1659 535
1272 454
627 1523
1304 685
18 1143
20 1132
690 1692
305 847
95 592
848 1169
1498 161
404 773
1552 227
1407 738
336 1150
1557 1160
118 1353
904 1237
19 595
22 203
498 1686
783 676
542 1211
1102 1259
760 402
650 1548
892 286
21 902
369 1403
1490 96
688 886
1509 1048
604 151
1213 511
23 1542
893 750
1175 1471
997 1567
1649 283
791 552
559 1025
677 783
804 393
1202 471
25 872
278 557
1093 40
246 47
472 1263
1564 605
1680 1412
105 72
1021 798
169 1432
1288 1296
1108 1447
24 83
26 249
823 887
866 757
355 1024
315 1180
1631 1155
1419 1280
1003 1402
689 1413
99 1554
113 777
1410 875
27 1364
1499 933
589 567
286 297
1317 409
248 643
813 829
156 707
486 1184
521 1260
1681 1001
175 1316
29 268
1653 854
1233 1317
1296 1434
253 1408
758 262
812 423
38 1057
1016 753
440 1365
28 735
1209 1620
702 1639
1000 1117
739 269
1333 1457
1454 1560
1361 1599
291 1249
1210 303
1249 590
1605 183
1162 1068
261 876
232 1372
1048 630
810 884
939 625
386 417
43 921
1219 370
642 321
779 103
638 1468
1396 526
1443 1390
1060 1574
421 604
1148 291
30 14
31 646
881 252
557 1246
1051 841
1569 1671
625 1383
1584 1214
32 1030
33 94
34 790
294 1126
801 105
1284 555
461 1222
733 1325
35 1687
75 1298
607 1347
1174 468
1461 178
241 803
1622 316
344 451
57 644
807 944
603 470
856 1448
36 934
37 634
1641 246
966 1541
720 1543
612 1093
1315 1322
385 983
463 1506
497 1205
1189 618
1618 173
906 1079
820 779
811 1122
1526 238
293 756
434 483
1560 568
815 805
950 1065
676 169
382 344
384 1641
680 1194
352 654
643 1375
1144 30
1502 254
39 989
40 1492
1036 216
671 61
1231 956
1293 885
736 499
637 572
673 255
1291 1563
370 1042
669 1613
809 312
208 1596
894 185
762 819
1150 1077
874 504
592 1082
1230 1385
1250 1301
135 1415
1088 404
480 659
41 1199
42 164
1145 510
410 349
726 521
1099 221
494 307
1614 290
696 106
949 88
1458 435
995 401
1406 1573
254 671
450 31
1023 1287
1453 1164
44 689
121 376
1151 125
654 113
571 1377
540 1330
767 758
872 1666
819 1635
376 1417
46 1605
827 1096
1327 433
961 860
1141 1181
1263 665
45 1384
47 206
230 1380
1408 607
976 38
110 839
122 49
683 1422
491 287
415 1634
1038 1640
1380 335
267 1630
1290 160
48 1469
49 1489
473 1091
1303 1324
1437 693
659 212
1580 1116
50 971
755 1285
1142 828
391 539
1349 1616
876 1695
51 260
1348 682
666 1125
1201 186
1058 782
274 1175
850 1156
917 908
1465 137
1294 1606
1566 1524
691 1452
991 448
143 741
725 1302
1581 1371
1646 747
1083 1103
925 513
52 896
53 406
1401 694
1539 1326
923 397
617 172
1254 597
419 443
1225 1564
89 1075
1089 910
368 1034
453 1356
54 579
55 740
188 1520
457 1213
1351 1078
448 487
1607 1344
1100 1644
1375 1085
963 882
445 1540
1625 368
405 1235
425 570
73 1016
56 772
1044 762
946 337
160 1234
1153 1472
1521 500
58 1134
1514 800
475 210
675 232
941 531
1594 1487
1413 1088
959 793
1382 1273
301 917
1678 767
308 1166
1358 963
1275 346
124 1272
59 1058
60 768
529 759
1474 1008
438 390
1262 1538
1256 985
940 823
1565 308
195 1342
955 1526
1172 866
207 808
1173 970
272 1158
61 851
858 1241
310 540
235 900
114 1248
1338 967
1635 852
624 961
1416 340
1515 666
1372 229
645 1007
734 336
1007 1045
576 121
63 127
276 348
898 131
1392 378
302 1557
614 1236
922 211
283 916
630 1264
1012 1304
1181 627
1456 901
462 149
62 991
1200 589
499 815
1422 1191
271 1674
609 339
787 1660
778 551
1623 1323
65 1228
1286 1527
1169 879
1138 1145
597 1483
1071 951
585 722
780 569
1606 387
130 736
1326 1108
168 1456
476 1035
67 929
236 117
993 763
1119 501
704 10
868 1431
1452 600
1536 357
66 1144
68 1464
247 709
104 1612
556 326
209 1421
1123 27
1278 165
897 583
213 21
663 317
69 1070
333 426
98 74
901 1152
1451 1261
1585 1266
853 863
93 556
710 248
1321 449
1137 588
563 662
566 453
1466 1195
231 1354
182 175
106 1044
70 1086
1411 1097
697 853
684 1572
493 681
424 1215
320 1688
888 833
468 994
443 962
553 1315
349 277
1205 1552
608 713
1129 194
155 1404
554 1336
1555 1124
467 493
1081 670
1633 170
71 1062
74 1284
655 1135
460 1495
606 365
912 54
1389 1188
975 1318
775 1608
1608 1123
692 1597
1159 1465
72 724
944 594
1252 1114
1477 1066
634 574
628 1055
1313 623
1390 639
1034 1586
1370 91
1082 64
990 325
238 374
375 1151
200 199
171 1177
1513 1358
599 381
574 922
1306 578
1260 1094
76 584
77 1631
1323 1561
1510 739
1642 1309
799 898
1098 1651
334 905
82 621
1433 1503
242 719
945 1602
1318 497
1424 937
488 157
417 144
996 894
732 314
197 842
198 3
127 988
80 1334
275 373
280 1162
1388 251
147 1262
1494 1206
1612 198
79 1059
1136 635
639 1073
381 721
373 870
1155 1440
81 1475
83 1000
1636 445
911 1172
1309 1636
1677 1424
1271 966
1508 167
84 533
890 890
1634 1589
1247 296
889 553
447 347
682 318
1632 923
506 1474
661 469
482 858
602 1659
1208 1257
85 1600
86 716
1561 1595
1462 1537
1409 1397
1062 467
1084 1060
87 795
1264 1558
408 56
1483 1335
335 1441
727 1314
830 766
1609 68
88 1230
1163 677
1113 554
90 86
1383 660
323 807
982 519
91 1491
342 1626
357 1694
269 616
1022 1478
1637 855
1478 1455
590 45
508 506
297 476
399 441
626 250
1087 1133
1045 9
1418 261
1027 281
430 1654
92 789
837 1388
1398 1643
372 1521
1570 1250
1616 1550
1628 1579
94 811
1197 1650
1586 196
1196 366
266 1619
1212 240
240 111
730 1585
660 1121
699 560
1164 187
96 1669
967 784
452 1451
1385 950
1266 1409
504 214
1597 1200
256 1053
97 1396
380 1340
1184 22
1663 1072
713 1063
411 1283
288 1099
1302 239
1277 6
170 856
731 33
307 601
298 632
665 278
1246 1425
455 395
987 619
1558 503
311 1458
1654 818
1220 907
586 698
928 129
196 636
101 428
343 1208
222 1522
909 1255
1042 1327
838 1463
1447 484
100 957
102 343
541 1405
173 377
250 529
153 383
219 333
103 903
416 1453
1043 1084
558 712
1381 615
361 1341
1161 822
321 1089
1522 1023
325 1268
841 138
1015 993
374 432
282 702
1670 650
273 1486
513 667
1178 1632
1484 1545
527 1011
108 465
1666 1528
781 362
1540 868
887 1675
873 77
706 1087
1685 1518
796 925
322 820
107 1256
210 637
980 892
1374 475
933 729
824 436
1643 1367
331 1689
743 558
1063 1203
1531 1010
341 1027
1194 1378
840 259
1571 810
1534 89
148 906
487 191
442 71
1617 328
191 1490
111 421
187 1427
1599 982
367 728
444 29
115 547
986 231
1341 563
1503 322
281 1484
244 832
835 289
1588 571
1516 888
1067 218
116 1376
131 1658
1426 1221
1627 651
806 1547
119 1140
117 1232
539 380
1446 1426
1097 1515
794 155
543 51
855 305
751 236
555 415
477 299
1073 1691
1112 517
1464 398
1020 696
406 367
1170 1556
1068 1178
1475 466
797 778
1237 1625
921 977
154 515
1684 992
120 323
123 190
753 8
496 189
377 311
1546 480
1460 754
174 1569
125 1509
126 791
359 1041
500 871
1092 140
552 219
1562 512
884 1028
330 1410
1047 1391
1620 1127
1638 1170
968 457
1340 184
862 708
128 1604
598 649
1400 1141
816 442
129 1220
526 1320
217 162
1369 1329
1445 171
964 775
1472 532
649 244
525 1485
1439 35
709 1373
770 126
132 703
1024 1607
701 258
133 1355
1487 701
1032 915
1655 1614
1259 1512
215 796
772 220
134 200
1405 1510
616 1020
746 881
1517 176
536 1294
228 1348
674 1587
136 193
262 591
1046 1374
1039 1270
1553 1449
137 883
842 58
1050 447
1621 120
769 1006
383 1696
1488 354
1311 44
985 1544
851 1015
1467 450
1114 327
1648 208
138 534
564 444
1395 174
883 1167
479 1176
1192 1312
141 602
403 1638
719 4
1470 1130
740 1519
140 927
1441 1546
142 1679
1596 945
1203 1209
1582 633
754 76
1217 358
1644 329
1031 543
1529 1233
718 617
151 1623
139 1676
145 835
549 217
394 284
1485 1439
561 411
469 42
146 947
1432 112
601 23
1328 968
1489 1633
836 440
144 559
1135 687
1579 304
1298 1480
1229 12
149 1381
828 975
1091 463
1493 1252
163 1681
1598 1153
1242 1430
489 1497
974 986
1055 1362
484 1532
1006 695
662 1168
150 1461
1331 486
203 867
1533 904
532 1533
152 640
1604 731
1106 1368
277 153
1147 1398
583 626
708 920
218 192
1236 79
1149 50
789 1254
1261 1306
1512 711
1168 345
1444 272
1041 315
1177 25
938 280
1077 0
741 824
158 877
1096 1500
764 642
159 350
869 974
749 1071
161 209
1511 1204
679 302
817 48
162 485
431 342
1669 1435
687 946
164 1568
776 874
1574 1154
1052 95
1019 812
560 809
185 770
165 319
577 1611
785 683
1267 652
615 849
962 1562
1329 452
1577 1655
1241 7
712 177
969 18
658 1628
166 760
167 674
1218 1019
1619 655
1492 612
1111 101
229 98
1132 1667
1345 1105
957 1104
757 143
1105 1291
1602 817
251 787
1355 158
340 1185
309 1459
620 959
172 1278
255 1642
1085 1224
1167 1670
575 965
1356 13
952 57
983 700
1239 1
1567 156
979 1129
1671 1618
1274 1043
1075 1337
1283 620
1269 136
716 585
1002 1473
429 864
176 978
1543 1476
437 1321
1347 32
723 295
1476 1414
224 482
177 984
1207 1591
622 70
1639 1566
852 714
902 247
1128 1648
470 794
471 52
1647 1018
179 226
180 1032
870 285
1053 943
1134 1218
303 744
181 41
358 1401
1182 1095
1506 1444
492 413
932 360
1204 928
183 523
184 1517
1545 737
1626 1663
605 1559
1139 1437
805 656
186 1148
371 1516
1420 1479
1198 1106
332 1534
1343 1668
942 37
1423 837
189 1227
878 391
1186 142
1258 384
1078 1182
1080 1379
1611 1165
1436 942
1008 699
795 730
1442 792
260 408
1463 372
190 1282
953 474
857 188
192 840
1005 948
1334 1649
395 179
1610 1061
748 1286
826 935
1362 582
193 139
194 1110
1222 1673
970 288
958 549
937 1137
1519 461
618 425
1295 1173
449 1590
871 1504
847 267
1457 274
1414 1583
459 16
798 123
1308 419
1679 410
1244 1210
1360 396
875 1081
199 1017
1013 752
814 257
1289 273
1238 1450
270 1693
501 163
1297 488
1589 953
1336 1470
877 1190
914 1115
201 53
1325 386
1440 1361
742 294
1520 66
1131 414
1033 1022
313 914
535 1496
202 725
346 375
803 438
1535 746
205 1120
722 843
750 1617
1095 235
908 614
204 19
1109 831
956 1051
1037 1588
1652 490
784 958
1079 726
854 324
1673 598
623 913
206 1529
765 1109
212 538
1576 1603
363 751
402 1149
211 495
1332 895
1280 382
1160 647
886 1229
1425 62
1547 606
951 536
216 673
1660 1343
214 1531
1227 1159
1434 237
1668 657
1415 893
900 60
1090 1179
220 28
518 972
1481 675
1117 1004
1143 1498
1279 546
1253 658
221 46
562 424
1353 1393
1270 1499
1528 270
505 145
1366 1664
1324 276
223 1386
478 1420
885 1352
1257 437
1344 622
1593 1622
339 309
1072 1575
1665 222
514 1416
225 1333
227 960
705 1238
763 566
1190 11
516 930
664 300
954 774
520 439
1183 5
226 1443
426 664
550 1092
1378 1346
907 581
745 1454
1387 496
802 1245
1495 1231
924 1202
844 973
1191 102
973 995
233 1627
234 508
306 430
1240 1319
531 542
546 1080
694 1201
474 108
1587 394
652 940
1234 1594
481 1466
237 932
239 1265
1346 1279
773 705
1656 1197
314 1031
1676 36
578 361
538 1665
1061 987
243 134
1316 427
735 528
641 613
245 919
1059 838
728 804
999 97
1591 351
899 628
832 781
1491 1271
672 846
1171 429
1496 1112
392 952
329 1389
259 242
249 119
252 364
295 672
503 1514
257 1292
1391 1357
1497 550
364 690
401 1488
1074 939
1430 264
1379 918
988 593
1188 1395
485 717
258 224
919 234
752 802
1004 434
1507 223
707 1118
965 1601
1480 1446
1544 964
1501 298
1199 573
548 1276
263 1308
264 1039
510 641
971 844
265 481
581 148
1386 548
915 55
1575 1331
389 266
1010 1656
396 1539
356 431
1228 132
312 1411
1307 631
1645 1445
285 1226
1421 1677
927 473
920 544
1615 459
393 1131
1399 686
800 599
631 306
1683 1189
1140 1400
1450 575
947 786
1049 1174
833 1477
611 292
834 1629
695 1467
1014 1198
943 608
1524 1392
423 332
916 1242
978 1647
1176 412
296 90
714 1462
1402 15
422 1653
347 661
1232 1363
366 979
390 1332
788 1530
287 734
524 1501
284 1037
843 1382
621 1494
786 859
289 715
290 67
1556 338
1412 821
1243 418
1118 275
292 857
1629 1083
1076 1680
568 1699
918 949
1482 1002
1428 1207
1226 422
407 769
1248 180
972 996
1287 850
565 1005
1672 1553
591 564
1319 663
300 1290
511 545
1265 1067
1368 1090
777 1217
533 104
304 1571
318 1026
1195 861
1069 692
989 99
1486 684
570 1621
1393 924
648 706
729 969
1011 213
1056 1113
1530 65
1613 355
544 742
930 765
948 385
1527 1685
651 147
1107 87
1662 561
1285 359
316 1193
317 293
1301 1111
1429 1098
1126 1244
1551 1100
1449 1267
1104 1580
818 755
1223 911
1180 181
1479 154
1600 81
388 1223
653 527
1009 801
1630 1014
867 253
1158 1288
635 141
326 955
360 75
1054 159
1359 1240
715 462
328 320
1103 611
793 691
1224 1507
879 1052
324 980
1523 205
1505 610
1403 502
1211 1219
1500 1101
619 941
596 1570
441 1682
600 522
528 265
1215 771
1320 1161
595 116
1216 1239
931 110
414 999
337 520
338 1107
1221 1609
1448 1258
934 1212
365 577
738 1593
454 1637
1314 799
572 827
636 1013
721 491
398 1192
1455 1247
1682 525
1651 679
1397 1399
656 1338
1603 152
1367 524
1417 100
348 1502
936 85
345 576
646 806
351 135
1667 1678
747 1366
859 63
353 727
495 825
551 479
1469 271
1363 848
693 653
435 334
362 764
644 761
1094 93
1017 256
446 168
1640 836
825 990
456 1418
994 313
1273 845
464 1513
1624 84
509 638
829 1387
926 873
667 826
984 420
1166 507
379 704
864 82
905 780
610 1216
1214 400
387 1171
1554 743
896 1505
1235 115
1066 1021
1572 379
1664 830
821 1624
1300 609
427 1442
517 1313
981 880
1121 1438
1674 1423
397 1040
400 954
913 1690
409 1157
1116 926
1537 1146
640 1147
1590 331
1035 1050
1578 353
1086 207
613 1069
412 1119
413 69
657 1029
1468 1049
1001 565
1384 59
1650 204
724 20
1130 785
1070 1684
700 122
428 341
768 976
831 678
465 456
992 146
891 330
432 869
1187 1056
1542 1359
1115 596
502 356
629 865
1255 1406
569 1683
668 669
451 17
1568 1610
1371 1360
1435 1646
717 279
458 897
670 797
1330 43
466 1251
632 215
530 1551
594 477
737 912
846 645
929 26
587 514
490 1311
534 1138
1193 1274
792 748
756 1293
1065 1036
1438 233
483 1345
1559 107
686 392
1337 1697
547 1076
1592 464
588 130
1028 92
849 24
1342 878
507 697
703 1349
1376 1139
1310 1307
790 1493
1550 1299
1354 981
1282 936
1064 1555
522 1645
960 624
567 460
1532 1277
845 1482
1101 505
1394 1370
1339 1033
1110 150
1026 1581
523 243
1122 680
1040 73
1245 541
759 1576
633 1225
1156 1549
903 1592
537 998
573 813
1268 124
1675 1577
1179 1074
822 1536
711 1419
647 1662
681 1460
1025 1054
1431 128
1471 1433
1357 1047
861 1657
808 80
771 494
580 1009
582 133
579 580
935 34
584 1428
998 1253
1365 1351
1251 118
593 1535
1124 1481
1133 710
1518 458
1120 1136
1125 1661
1154 109
1029 1142
1595 2
860 1012
698 1186
1030 1183
1322 1508
1427 1565
1018 899
782 816
1152 788
865 388
1276 369
1281 241
744 1598
1504 891
761 1350
1525 78
863 1163
1292 688
882 1407
895 745
880 587
1538 201
1657 1102
1352 1064
1541 1269
977 1295
1661 834
1312 648
1549 1672
1373 1300
