0 379
1749 209
1748 186
4 962
5 26
1745 217
1743 1304
1742 572
178 712
1465 1106
739 652
237 661
951 898
843 116
1498 1231
408 548
462 1236
502 756
1240 970
1 1601
3 951
1747 931
1746 614
7 54
8 1102
1744 91
9 1618
10 380
1741 1191
1576 1059
999 71
701 388
1552 998
1585 220
966 1659
2 851
6 893
12 1157
1717 395
1280 1683
1691 187
162 342
11 856
457 1657
1285 1222
1074 1024
1053 302
137 381
25 886
82 225
142 1704
13 968
435 173
1375 249
192 878
1134 255
1262 421
1488 1431
1540 1227
476 905
900 163
344 404
1374 428
581 1235
874 864
562 1727
14 1045
15 902
1044 1243
1678 520
1395 1702
1265 1283
524 760
1155 667
1055 1503
206 1017
1135 1582
106 1633
19 256
479 1358
731 1741
207 678
1360 469
747 1312
16 31
17 40
690 489
464 1371
384 1515
1226 1429
18 370
370 824
1458 155
1679 1518
1316 150
510 657
986 200
1013 841
195 1167
1103 317
1596 108
1170 1124
461 142
1574 140
893 1324
279 1035
310 1065
566 1502
1217 837
1412 1731
1127 1008
20 1457
21 48
828 1409
107 1410
222 122
1516 1108
341 1090
1675 149
22 1284
1483 1574
1198 1334
944 683
1575 628
1589 1253
511 311
227 807
23 448
1244 1156
1408 896
62 732
48 695
1664 222
617 699
24 920
1499 413
1161 761
1183 259
382 1242
429 1335
526 11
1407 1483
1436 701
629 1547
477 764
83 836
626 610
26 355
65 1394
1670 1050
1138 1726
1177 2
1254 1491
291 918
76 1112
1102 344
897 352
135 1378
485 1109
923 519
1094 349
941 680
28 1390
43 223
700 491
251 468
1377 66
858 1474
27 1408
881 64
264 405
482 1713
1091 427
188 534
647 151
813 1572
29 988
30 1012
359 595
1694 1496
873 258
1117 1099
31 110
1715 1690
155 627
1571 1169
147 1529
1532 634
624 1337
379 1123
75 1179
1066 641
33 1171
1641 1521
1300 1010
1631 1240
633 127
672 1484
1603 169
32 314
34 858
399 361
659 861
794 1115
185 257
779 37
1390 738
35 471
1510 1321
1010 637
1038 1419
503 14
651 1382
1302 897
36 92
568 210
689 945
1293 85
37 1623
539 176
1031 581
213 674
531 1168
144 1557
38 515
53 1038
91 550
1131 228
840 1125
1334 253
422 282
1693 1430
39 1558
1079 1299
431 68
40 332
1136 1584
1646 713
1061 958
722 1525
49 113
1738 676
103 583
675 725
911 250
67 903
785 1011
557 1176
805 1111
584 1597
1174 820
753 653
918 1734
41 294
1508 1497
214 1310
380 1239
1547 1658
512 1361
1210 843
314 594
1111 605
1707 1162
1561 1495
909 338
1190 96
1239 24
706 1539
1600 991
638 343
1045 1695
1537 408
44 1351
46 880
1359 957
592 1526
957 62
163 70
1008 308
1685 584
45 870
47 1647
855 633
922 766
1060 915
996 109
1417 558
496 1161
1619 1079
377 775
42 863
455 1159
1208 794
1347 1387
576 494
268 1492
236 917
1387 1638
928 263
221 1541
69 750
1487 1064
743 705
407 6
1734 1466
1305 673
608 934
120 1416
807 1671
249 1471
253 757
52 0
997 1722
1096 1342
50 273
51 1617
699 1001
1405 325
641 1316
824 470
223 1433
532 129
1445 76
728 374
1113 410
423 941
1376 1451
54 1114
1690 1560
1165 1599
1250 790
930 1477
55 513
727 1678
1348 1561
128 185
917 1020
56 55
386 172
730 375
307 65
1315 1137
1455 1249
863 1138
1711 545
208 1135
1325 1164
1414 881
466 484
978 1195
296 1578
58 1571
1367 527
170 562
183 411
495 17
405 1608
898 1282
281 571
664 1729
59 213
1622 482
218 734
465 25
688 1514
552 1565
60 950
1712 1587
1344 888
1069 1294
797 1172
1286 1447
87 1460
1386 203
549 241
57 1348
964 1567
938 1696
723 1048
365 975
1454 1093
520 1219
61 1127
248 130
1578 868
1043 363
90 1319
1051 319
421 125
625 1650
467 1745
1473 1517
346 1383
63 1406
64 436
334 967
754 22
1440 1309
1301 603
175 1388
565 247
1184 946
483 1320
66 885
780 1493
378 816
929 959
1680 305
272 235
1029 1737
1050 1078
233 472
1021 297
711 1291
716 324
589 206
883 1628
396 570
767 1664
1651 852
194 524
200 1281
383 254
487 777
1163 1212
356 580
719 1046
172 1573
1120 1504
68 1418
1098 1516
361 926
321 1640
1011 1538
1083 202
239 1306
709 313
1497 1480
1225 987
1399 1701
70 549
990 197
1420 278
1615 1091
933 179
246 592
1132 1564
1333 783
1160 351
323 401
71 1676
335 340
1713 1121
1450 624
1579 929
1384 1110
73 1271
1722 855
1159 126
309 1392
1141 1166
72 58
74 120
196 102
542 1182
1452 1043
1125 1562
434 16
468 466
77 639
275 839
914 1278
962 1085
1100 1126
886 814
932 1407
1130 272
138 854
642 785
78 1436
1636 105
288 1063
1520 1645
734 57
290 1668
337 608
79 895
869 1041
564 124
1195 830
620 50
1423 774
198 1325
901 1018
86 609
80 323
81 1013
889 449
1271 1341
410 743
1274 704
390 478
745 1189
1264 457
480 784
1197 195
285 1202
776 339
1206 475
269 1040
442 1266
411 690
85 393
577 328
1708 811
315 1174
1461 234
618 1667
84 444
265 443
439 118
161 1417
1628 953
1709 1205
1466 1467
695 1006
720 947
1393 382
262 1450
364 726
1365 1074
295 825
1612 134
758 512
1148 1004
342 703
357 1014
832 681
535 1254
1326 1238
88 1331
89 492
371 1723
1004 135
1663 161
1627 1233
515 1551
1168 1207
660 43
454 346
1001 621
1379 1634
1411 745
92 1593
967 982
1032 806
661 1585
751 748
1320 504
93 146
1150 1211
376 1646
1373 1149
392 1486
308 510
713 1421
968 1270
847 19
773 320
1227 1350
1146 618
1269 685
679 994
1092 111
663 689
1519 567
1563 849
95 1128
437 964
1306 1086
993 1273
406 792
792 1423
1706 1456
145 1367
534 561
94 924
96 606
97 965
98 588
125 1583
1223 1535
1661 1427
1104 646
1521 755
1616 1
350 145
339 1261
1324 804
1562 407
1477 226
786 23
903 1029
99 684
1068 1160
605 1075
969 1289
1665 1193
354 83
100 1277
101 359
836 1728
231 933
102 1132
940 1528
247 954
154 1404
394 182
943 791
1216 1453
1140 204
1428 49
694 245
358 207
820 191
974 1359
1105 1531
1573 643
1682 1134
104 174
105 1145
211 267
127 147
1451 587
762 396
1710 15
1343 94
1202 1548
654 1569
810 1199
1422 1655
267 1080
906 578
516 658
108 30
1728 90
1099 487
340 99
1468 993
544 431
1020 1022
109 693
260 101
1587 115
393 1296
110 1709
857 409
841 1639
1234 1712
691 589
425 190
708 1120
718 747
1534 698
844 1311
112 615
1277 1553
1296 1209
830 1077
446 523
111 295
113 34
114 274
1490 1118
1236 1473
1290 1044
1460 1230
697 582
305 3
959 79
790 1685
517 1589
1560 364
395 358
116 1592
278 840
818 1691
648 1719
493 597
1658 999
838 540
1517 1721
1037 441
1073 1000
117 1405
921 394
1406 1130
538 303
1238 1459
644 1355
449 1742
115 1532
118 156
119 1214
1129 1069
1591 1223
839 1081
1434 754
146 45
121 1570
1507 937
1059 67
322 501
300 304
817 1082
1149 216
1489 505
1526 1443
1523 1129
1581 875
1620 817
274 390
1592 891
450 1606
1005 1478
122 1435
124 445
1389 1274
1542 753
1527 117
1740 1105
665 771
1456 73
226 326
1176 1603
126 1241
123 461
597 1224
1421 942
242 1494
1047 377
1024 232
452 1285
1255 422
1724 651
514 1256
1081 1218
1509 1244
129 593
491 737
686 1507
556 1215
812 989
1192 576
177 417
1087 1653
1283 499
215 796
591 1295
1358 1449
1479 1428
130 1689
131 1322
132 1096
134 1649
1644 199
1660 1188
1342 322
133 1232
136 1697
1248 716
800 1054
609 889
1097 1067
403 69
1014 1682
1171 1692
328 1122
1075 823
139 710
892 1386
400 221
414 1356
140 1699
837 1432
217 78
327 884
1346 29
1594 1217
1424 398
1652 1370
1245 154
156 1049
1186 882
141 1400
143 418
649 1631
256 1520
1115 1684
509 773
1539 793
574 857
1349 819
1218 218
985 911
1474 767
508 706
1382 1412
286 175
169 464
1307 731
1341 984
148 1465
1617 1542
942 440
201 1263
1449 691
149 419
1203 1119
586 75
1327 87
1666 675
1640 1673
463 1148
150 430
802 21
1196 399
721 1336
151 516
1705 598
306 312
1623 700
289 1566
884 442
823 776
1214 177
1181 1255
1314 1381
1383 749
152 1305
981 439
1295 238
673 871
353 925
459 12
1511 453
979 412
814 369
775 1425
157 1624
683 493
916 1186
1275 709
1541 262
1531 1711
602 18
1372 642
653 1376
518 1374
1444 1488
657 521
831 619
158 1208
784 139
826 1656
1496 452
658 992
1544 74
1696 1051
153 546
1625 1747
343 292
1368 1481
159 906
160 876
877 874
349 714
692 1591
1230 922
880 261
687 1510
573 219
1249 107
1471 944
1353 368
164 1272
1505 1362
294 1005
165 435
1036 655
1272 1177
1608 1398
1180 162
1565 148
166 365
1241 1672
787 973
1401 373
804 1028
167 51
971 1097
1364 1434
1723 612
445 553
168 1625
1182 517
1491 376
243 371
632 1095
1028 327
303 752
752 539
703 801
631 1705
443 1352
1549 61
171 1152
1583 525
674 877
1543 831
1470 1732
1052 455
1297 243
173 1201
746 1192
1025 1380
935 1150
1232 1146
1493 1307
174 779
1672 733
611 170
241 208
1388 1185
1235 815
1429 543
904 591
1040 345
176 1637
627 872
1194 1440
835 940
949 910
803 1327
725 283
179 1025
347 5
513 7
770 1487
1634 333
759 123
180 928
606 82
899 347
186 46
181 1228
543 892
600 721
872 1448
636 366
619 781
870 1140
1022 152
182 10
936 622
580 919
1362 1550
1673 802
499 387
184 1313
1453 437
440 813
1017 770
1313 669
894 696
261 847
302 1536
1669 530
560 1349
402 1377
1518 1344
187 196
815 707
1613 1346
189 157
1185 533
765 1372
1253 1037
190 996
1481 1318
1572 192
1256 341
1403 981
1046 758
1172 188
191 1575
567 63
1154 1267
193 768
1688 563
1109 739
1082 1527
1018 89
1153 722
864 660
1667 28
426 334
616 579
197 1513
1261 414
1446 1580
199 1681
550 789
1475 859
1270 144
1224 1094
1258 1524
202 1143
1095 1596
1054 899
1503 1534
373 538
203 271
757 894
980 450
456 1616
470 386
859 879
235 719
368 477
301 1116
1273 1479
498 479
926 77
740 620
204 930
205 846
970 1415
490 264
1606 44
924 518
486 415
622 1113
1033 298
507 1262
1692 1629
404 566
829 357
1492 1136
210 330
1188 656
960 638
209 189
212 72
972 1055
1726 476
1494 780
311 198
760 1269
313 1607
1448 242
860 666
1442 237
630 1501
523 1131
545 1089
1501 1200
1078 9
887 923
216 1393
1287 103
955 1389
852 778
367 456
219 692
615 275
1166 1265
1416 1648
733 834
220 913
912 1197
1695 503
958 1485
583 955
316 559
682 1216
601 724
460 1469
976 1611
1070 577
652 183
224 473
952 869
270 166
225 574
1237 465
834 488
737 1626
704 826
1080 348
1546 715
540 1446
228 1058
1430 1060
821 1736
1247 552
1222 497
1133 184
950 1027
1704 547
229 121
230 1259
795 159
1049 1714
1012 838
1371 1720
925 128
1366 506
336 659
1231 1424
232 1007
1478 600
788 1248
234 702
896 39
1569 718
714 845
854 1315
500 632
1310 1508
1464 1287
419 360
741 1360
736 976
1048 697
953 1290
1107 433
1394 211
885 1366
481 844
240 1698
1114 1522
1514 723
238 133
388 640
1145 1198
276 1442
1677 1598
433 1452
1370 1178
1323 1472
1654 1071
1158 1543
1718 822
244 424
1721 1073
1684 1052
245 285
919 1293
927 625
1330 356
1246 536
994 1276
352 1165
1447 978
1345 1746
1019 966
1653 1666
1385 797
387 496
988 1715
250 983
504 1612
1299 1609
1584 1462
558 1246
1002 397
1063 1047
1530 1703
1580 1654
418 1743
1431 835
252 406
1629 821
1312 168
525 585
1209 1614
1126 688
255 33
578 1117
973 36
1335 337
982 798
319 1468
254 276
257 318
548 281
551 93
1538 883
258 1368
1329 808
1006 590
259 403
1586 1098
1402 1333
501 1170
1731 670
263 35
533 1594
1504 1101
1056 336
1268 1619
1548 1602
266 459
1535 833
448 171
628 1019
1484 1144
284 474
1404 985
320 936
277 1142
522 299
878 41
756 729
1039 904
593 1384
369 535
282 160
1057 1600
432 460
650 1644
599 1627
273 850
702 769
1554 1675
895 711
271 537
1500 647
420 1298
1686 565
1502 331
1015 1679
1426 1687
1086 616
355 52
1588 84
1354 1555
1009 291
280 240
1041 1470
954 1545
324 1615
1607 1221
913 316
317 866
505 829
782 972
391 53
1116 980
283 1023
1144 300
1088 239
1727 1694
1169 939
1649 481
1219 1206
585 1552
287 555
1331 1288
1162 1717
1173 8
1495 1576
1626 32
991 1057
1391 289
497 1147
1303 613
299 873
292 463
293 865
1308 909
1555 227
735 1716
1443 1581
1716 268
676 141
646 260
409 425
603 1003
1110 279
1687 1237
1156 391
297 1414
1522 514
1151 1297
298 1651
1582 483
1337 269
850 367
1737 635
1506 1586
304 1039
1263 446
1659 1549
1072 1693
1191 1740
712 277
1598 119
1259 153
1328 1441
774 1630
1042 1084
761 1635
427 1489
312 511
798 648
890 1340
488 1379
1381 1509
1719 1665
1485 604
1668 507
318 286
1683 498
1204 88
1147 1506
1119 95
853 649
848 907
1462 293
989 1301
397 961
1398 1559
325 1554
326 742
1413 1226
1211 165
537 1066
416 995
360 668
1284 1595
381 1401
1317 1642
330 960
438 1354
329 1686
331 805
1332 266
332 1034
666 1395
768 509
333 1275
984 644
1433 1030
1221 1643
905 1464
995 687
956 1173
1409 1426
1630 782
613 800
338 1042
1610 938
1023 180
1397 114
1207 1088
983 60
1108 765
1199 1444
444 1708
345 809
572 916
348 671
946 969
1550 727
1472 963
351 500
1463 1158
363 1739
374 392
1700 1009
1363 1738
1351 1511
1703 301
1318 1338
1106 531
595 454
1260 458
362 977
789 1180
1152 682
715 720
1599 246
587 601
1729 803
610 860
366 1251
684 1422
473 974
1179 1498
372 251
588 943
910 763
1624 948
1435 205
1076 252
375 1439
705 1399
1533 1328
945 1385
590 378
1281 1104
1338 1556
749 1139
1205 138
1656 1220
1735 596
1229 1744
1034 98
458 1247
977 1622
1566 617
915 1749
668 1347
385 1033
724 212
1564 956
1243 1505
1577 630
1298 1706
1137 296
471 1133
389 573
1590 787
1512 80
1288 1250
1065 1375
635 1652
1410 551
1121 631
693 564
799 136
1482 1568
1639 677
1551 744
742 1621
1084 1663
494 1670
398 1461
401 164
920 1015
842 556
1282 426
882 86
1427 810
1439 542
1476 629
963 1323
555 1002
640 1061
1118 812
412 1661
1220 104
528 746
472 306
1200 607
413 557
1233 1475
1701 1092
415 741
766 248
1699 1688
656 56
417 730
791 1068
1457 887
1007 1203
1311 786
1676 1577
825 1724
1212 568
424 1332
1524 27
1645 1183
796 1364
681 383
547 1031
428 560
827 280
1139 1579
430 265
1635 438
1392 495
707 1072
987 1403
1026 215
546 1330
764 569
530 1605
1601 1300
436 1733
1215 1184
1614 112
441 645
1124 1062
1611 890
806 1357
612 665
1657 1245
447 740
594 1445
1513 1391
451 650
1339 1735
453 1343
1035 270
1662 1490
1242 1154
563 284
755 544
862 679
851 997
1418 1107
1655 423
1291 971
575 231
645 602
469 1613
907 1413
506 321
867 575
474 181
475 1397
541 1523
478 1210
1000 867
717 694
879 990
484 143
1340 47
1378 1680
634 1268
1556 1420
489 762
1142 1396
1425 167
811 309
948 1458
902 1590
492 663
998 1669
1157 1213
1289 1264
1674 818
1309 932
1609 1674
1467 611
1396 751
1400 1234
1189 244
809 662
1067 1373
596 100
732 672
783 420
1558 686
1090 795
1016 502
750 1438
1593 288
1648 1519
1528 914
729 528
1736 529
849 1308
1432 132
781 842
1689 400
965 1499
582 862
1545 1710
519 1339
772 1141
1441 1546
521 1411
1085 1437
1093 1257
527 1070
1525 1279
529 432
833 178
861 106
1725 1662
1077 1540
1143 636
536 131
1319 1353
1602 1026
621 1163
671 372
1251 1636
1027 81
769 1175
553 1317
1536 1260
554 1021
559 1345
561 384
871 193
937 586
1089 728
1112 1660
639 532
670 900
569 447
570 935
1276 1181
571 402
1369 1533
1568 1482
934 1476
1605 1204
1697 908
1322 236
579 416
1304 1537
1123 1053
1650 229
1193 736
846 59
1642 462
819 901
771 201
1164 1641
992 1187
685 1544
1637 385
598 508
1632 1326
604 1225
726 526
1437 522
1101 1036
1228 434
607 490
1618 230
1419 1190
667 1707
1257 1588
614 1258
1720 1087
1739 735
778 4
623 1463
816 451
1714 1632
888 1100
655 708
1122 429
637 224
1438 315
1352 1455
698 912
793 853
643 1194
1570 13
1698 717
876 827
866 1365
1062 848
939 1083
1638 832
1681 921
662 1700
1733 1056
1515 1032
669 1718
822 759
677 664
678 287
680 214
1279 467
865 1620
1278 1530
696 1286
1557 1604
1294 554
1567 1730
1030 485
1356 233
975 1153
1597 1151
710 290
1201 626
856 1229
875 1196
1267 799
1529 353
738 1563
1559 1314
744 1252
748 97
1357 42
1003 1512
1071 158
763 623
1178 1302
947 1363
1730 1402
777 1454
1187 1103
1595 927
1064 1329
1355 480
801 772
808 350
1350 1292
1361 1280
1175 307
1553 1748
1647 335
1671 952
845 599
868 354
1336 194
1486 1303
891 979
1732 1610
908 389
1643 20
1167 38
1058 949
1469 1016
1213 1155
931 137
1702 654
961 828
1480 986
1380 1500
1266 1725
1415 1677
1252 310
1621 1369
1128 486
1459 788
1292 329
1321 1076
1604 362
1633 541
