0 1177
1948 1156
1945 1909
1943 764
1941 606
1939 1214
178 483
374 1861
326 1870
750 1072
328 1933
932 914
1860 245
1602 537
1 468
2 1312
3 1855
1949 1116
1946 513
1942 1194
1940 575
13 53
1598 1590
841 1199
372 1017
429 1434
1115 1265
1205 987
1561 1037
7 672
10 375
12 888
14 1910
121 1008
1126 1884
1902 1328
584 114
9 807
11 1720
1944 59
15 1723
98 752
161 424
1116 1633
833 1860
813 1925
817 413
541 788
1903 1406
857 1440
4 530
6 192
8 1385
16 590
1801 1221
643 1139
814 733
367 1698
1176 851
262 1052
5 1659
1105 919
1363 1360
780 1148
1910 260
1477 1842
951 133
1337 1787
990 641
42 1223
1818 1255
1947 1062
1291 1358
1921 1033
1305 1220
534 1092
690 1774
299 1841
1615 380
17 1561
20 1828
376 846
489 1892
1301 1894
1923 1767
97 281
227 1039
19 1263
1936 629
393 1001
492 373
1855 1732
683 762
751 1716
241 1380
1728 246
681 277
1327 1244
18 558
838 1144
1653 615
73 1569
21 295
24 445
1223 200
1505 860
1689 812
273 1912
247 294
22 1848
23 1797
927 1075
842 928
1550 1326
998 712
761 1563
25 411
1499 218
240 618
422 388
96 1391
803 734
386 416
1294 1371
313 515
858 1022
261 1657
26 1527
28 1318
291 397
1639 1143
1764 1261
252 179
708 1512
1856 345
709 1549
1067 250
1048 150
31 1606
1866 23
779 496
1831 1157
946 925
1243 1810
1470 62
797 566
454 1370
29 1631
118 4
33 612
1722 1667
39 324
1804 312
482 715
350 405
345 1587
1867 289
32 917
34 1764
35 647
316 946
1439 228
1627 951
27 1885
36 753
1917 40
234 442
123 1188
1282 773
297 1076
1169 485
1840 756
1629 125
37 332
852 158
473 1135
136 1786
965 1315
212 1623
1020 502
1423 827
1415 227
919 151
548 945
30 1666
1597 1843
525 111
1507 1332
354 1832
40 446
168 1488
508 653
1773 1544
529 792
307 1596
897 387
38 1568
41 1159
1435 400
759 1290
909 1268
254 24
1713 453
1331 1769
566 61
1107 362
218 780
43 1677
609 283
133 1520
207 1366
1351 1826
44 1117
199 1559
170 1412
215 1645
1399 671
1416 54
1885 409
543 361
1656 1276
468 704
1297 1054
149 1021
90 941
1622 998
994 555
46 1617
135 781
1774 184
1381 790
999 831
1458 1142
686 1258
1467 1245
485 1025
1603 534
940 243
79 417
792 161
379 1700
1418 13
915 282
1269 842
692 1288
255 1149
1134 422
1813 301
50 1128
1151 994
49 798
52 600
191 1320
815 469
997 843
1136 859
764 463
45 801
47 92
51 64
295 1090
1348 1819
1868 1902
518 1348
1752 816
48 984
54 1400
845 303
1338 1648
1073 1891
138 290
1811 1231
705 77
515 118
1887 377
889 343
1444 1683
53 552
56 1526
650 1106
335 29
982 415
1755 509
57 259
829 761
1035 636
392 402
1422 19
1694 1704
1881 163
1487 1604
948 96
929 1154
1744 853
1736 12
720 1849
1091 510
1280 238
231 588
58 1634
60 1224
1214 123
500 685
1757 1047
1092 645
1490 1686
1159 676
55 1426
59 550
61 1705
62 1105
1200 565
1284 1444
467 624
64 296
1001 954
293 85
1756 1058
950 251
322 30
253 1162
1478 1778
1080 1250
1182 714
1392 1208
1347 252
1723 291
905 263
773 1104
528 658
1636 1801
65 66
574 494
450 1853
180 1679
1281 958
66 478
68 1215
540 1172
1218 219
1649 1839
1837 1508
63 138
1125 1227
1696 1825
197 1946
67 279
69 1125
70 1027
953 1034
438 521
676 680
956 315
71 1583
589 1867
176 265
753 1341
1884 581
72 1045
963 308
1061 142
1518 1111
493 322
1222 253
105 209
74 206
1469 722
1688 207
554 191
610 1280
1608 1238
1888 1335
606 112
520 45
1286 211
75 1497
76 145
596 572
1595 546
113 1286
78 1939
649 991
1778 1190
177 1275
77 583
700 330
80 795
275 791
1033 1070
691 1291
886 1344
563 1545
904 1189
1049 767
1826 1011
1307 1803
249 735
625 1602
763 1427
1528 731
1419 554
1701 1889
81 950
795 524
1553 1664
183 737
1185 1574
107 1790
1882 1856
82 864
928 1570
503 378
487 535
603 2
1759 832
943 355
1890 865
1264 561
1216 83
298 451
835 1534
83 1639
86 56
1230 872
1593 1377
1428 1274
856 1430
521 1151
84 356
85 1005
608 38
1600 448
1441 1646
1645 694
545 1342
1317 957
993 1712
92 1067
475 686
881 981
1527 1313
707 1931
1121 202
87 1331
1097 1776
139 848
369 677
1468 1768
1815 304
1712 421
1776 595
101 1695
1646 1510
89 822
1330 1079
995 499
1584 893
93 293
463 1118
1016 1166
666 584
687 264
1472 498
1898 1382
91 117
389 1394
859 1185
1483 208
1526 1724
582 1836
88 649
94 1130
95 266
967 370
1065 1307
225 0
216 127
601 213
1341 1509
476 512
836 1249
1296 808
351 1093
413 1383
137 970
1486 1349
1240 809
1747 1356
1129 396
1391 241
425 703
394 1851
839 523
187 772
352 796
181 350
401 626
901 1898
846 1179
1083 154
232 1343
1089 1439
1844 1195
99 905
102 938
1900 229
1463 1279
104 889
267 1362
1577 462
100 1908
103 113
1705 1228
784 42
106 518
110 574
173 205
214 892
1388 1722
314 1876
1377 690
627 1600
1221 1655
651 874
1843 806
827 297
333 1852
1871 1699
805 1597
1455 1477
109 119
190 95
1272 97
1440 979
108 1481
112 1309
799 234
933 1100
408 1083
1099 1840
939 1122
1462 1903
1180 439
260 256
217 1327
447 1448
111 1537
1079 434
1131 37
420 423
259 862
1009 1086
320 276
629 1209
1122 180
1069 1928
1394 288
875 754
1130 286
1730 1741
116 1234
1512 1614
1088 159
1791 1731
958 157
114 141
117 1226
1930 604
443 1538
1724 669
1421 765
634 134
115 891
1806 93
1277 285
1788 306
952 1120
166 1681
1438 1629
1812 153
1393 717
1460 907
119 1112
570 675
1042 1626
872 700
1292 962
1445 25
120 1551
122 726
1172 1024
1516 160
1642 1753
1192 248
954 258
1273 1748
1682 1007
124 1814
740 1352
826 39
125 531
1094 769
1587 845
382 354
360 310
127 1755
1620 1065
165 1213
1735 1113
418 1795
1846 55
1360 674
787 876
647 973
1819 1923
714 70
1565 777
130 210
129 358
131 1585
1869 1831
1323 1882
802 103
1390 1134
1024 1084
477 774
1476 75
1814 426
710 1375
1260 1847
1768 743
1618 805
1436 661
1426 1663
128 67
132 873
1506 1710
873 1805
1235 500
1830 385
1567 9
134 934
736 1934
741 18
1853 1030
126 533
556 740
1258 1357
628 1515
1628 1429
421 1575
822 49
1542 146
1142 725
1534 1413
1025 1627
481 1504
1848 1918
760 325
1167 1715
140 392
403 1927
1554 527
695 71
1558 630
196 622
798 1812
141 31
142 89
143 825
1928 664
1466 813
257 1355
1379 811
565 1180
1197 47
1793 395
623 526
1104 1110
1623 1158
1008 1804
1163 1445
325 1511
145 1784
147 586
1353 924
1690 898
966 742
144 32
146 627
1637 1555
722 1141
1878 455
491 27
1714 904
1581 1922
1531 1916
148 1844
150 1485
1641 793
925 1524
281 121
151 1191
435 1254
152 1316
648 1271
1014 321
1541 826
153 365
1378 940
319 619
154 539
1654 126
1308 1728
983 1285
735 1063
1932 789
512 834
1762 149
598 1615
1651 1589
156 399
157 214
1783 1472
754 1588
1267 1896
250 1611
1702 1056
233 1399
155 1049
821 1085
866 124
158 757
1568 76
160 609
288 1619
974 460
1253 394
179 223
1095 956
436 976
1591 775
865 944
721 1253
162 855
553 1336
756 682
230 269
159 602
163 908
164 220
1625 359
960 556
1842 188
474 1942
465 830
704 1042
729 1793
1798 1531
533 890
955 244
973 1757
169 1872
1403 26
238 156
185 82
1571 1794
287 1815
1739 968
1359 344
167 268
1175 1519
793 1883
366 1552
693 797
294 371
296 1324
359 212
1063 736
1358 723
1437 1737
171 698
605 1097
536 369
1075 1525
1328 391
172 1267
807 692
175 1096
585 1170
867 689
419 1438
1657 1873
1543 379
1672 1066
1340 1798
501 376
370 1436
791 1919
1906 1887
1128 1696
887 625
174 287
1110 643
1616 1107
1084 1087
410 870
279 525
1044 900
1667 1264
1895 1878
1734 1337
1877 1292
1030 334
1144 1242
1562 367
819 1132
424 660
1386 1533
1491 222
870 903
182 233
184 1621
340 522
742 1591
1475 1680
696 965
698 80
1191 1353
479 652
1334 1230
1715 382
186 1393
188 1467
1931 1490
409 1521
1411 1846
189 1171
1357 1676
221 651
478 1638
1318 1466
1045 702
1573 662
1880 1500
284 1395
1517 1688
1666 943
1060 1792
1779 84
1242 1301
193 670
1055 495
1056 819
192 1298
194 895
1324 1187
1908 713
547 1693
1799 768
448 147
898 883
1459 190
1037 909
1862 1212
1383 716
1157 563
198 990
862 57
616 1901
200 711
636 1940
959 1816
1607 1014
201 1240
462 650
195 313
1333 1455
1683 1390
202 1662
1484 353
593 135
469 15
1832 559
1432 1060
204 613
203 1911
840 794
1576 10
607 929
205 242
343 317
1109 1193
242 656
1471 1756
1188 130
1782 216
573 659
804 1365
1605 1303
884 374
1935 1507
206 912
208 1389
1173 1414
1249 610
209 1516
210 1772
1480 249
321 335
1731 902
211 168
263 823
1498 255
213 1665
688 235
621 1465
619 440
618 885
562 357
1350 152
1410 254
755 983
1212 1089
639 571
358 1283
1824 1266
1511 804
1022 640
220 1560
1237 1278
384 1610
576 232
1093 52
1465 1714
219 1476
771 1734
222 1373
223 1584
224 1817
655 1435
1248 1721
226 21
339 840
794 316
1285 1864
1300 1043
228 1881
1135 461
494 833
432 1381
236 44
229 1499
1772 349
979 28
800 1425
1263 1321
1522 1915
892 319
849 620
716 1053
917 1736
1027 1709
1389 1201
824 1269
1617 1905
702 1613
1538 1541
235 412
1708 1236
1316 1323
1234 1251
1497 1687
1011 467
1496 536
411 342
1872 224
237 1078
1781 1556
1257 1658
1156 949
1509 1654
412 646
1168 1858
239 611
1365 1759
1102 309
597 901
445 697
1546 60
243 710
1227 1707
1929 1771
344 1530
1934 1904
733 1684
245 520
1401 58
1325 665
1404 1077
246 1287
1709 718
645 1133
776 1859
315 476
244 338
1474 136
1289 247
1326 1789
1220 414
1513 1206
1551 1565
912 507
1186 935
248 1361
1047 1492
1727 897
981 351
1686 274
426 443
1321 1726
1606 481
1679 1146
941 1578
488 493
896 1216
251 22
1179 1528
1767 1475
1215 20
406 1031
256 750
457 1339
1236 1167
1233 635
375 108
331 741
1816 1609
1749 36
258 532
557 100
923 104
876 195
1013 474
1838 721
1582 576
775 667
1763 1785
380 633
395 144
1619 1543
1529 993
317 492
632 1937
578 1363
1911 930
1845 1808
1704 275
796 980
498 1582
1655 1181
1137 732
1926 1536
1006 648
788 684
1072 1237
264 1082
266 386
1685 1751
1189 1081
407 497
1247 8
268 1913
746 98
1858 1877
1224 1041
265 1865
269 1800
464 366
1515 818
270 1299
282 1163
1800 172
659 543
346 1449
1879 479
271 1239
272 978
706 1420
1579 490
274 948
654 1057
942 116
1572 1421
423 1895
1152 1668
276 197
285 1770
1332 1644
1893 1692
1495 347
1384 1941
397 597
1228 841
1431 974
1029 231
277 1002
278 857
781 1300
1287 1367
1835 1437
1473 1019
1539 1869
907 221
1096 1205
280 473
1588 972
1564 1546
1229 1930
283 1924
1078 174
583 748
404 1779
1770 1717
1792 1035
1040 1807
286 464
1919 1294
1217 480
624 328
1647 155
752 1462
1202 1131
1140 878
289 605
1896 348
1407 1678
290 1203
718 931
1174 1653
1566 695
1865 148
712 1101
674 1496
832 1783
550 1273
1796 540
1004 663
303 856
1751 1470
564 1719
292 955
538 1845
770 17
1670 582
1276 425
678 65
1766 557
1278 1738
437 724
1155 1408
300 280
531 1169
1821 705
301 547
302 1893
828 337
1589 1392
329 1417
1283 1821
310 814
1707 1745
668 1599
1720 273
885 799
304 1603
1424 964
1658 926
1368 1073
306 239
900 687
1117 1305
1594 262
305 1553
916 839
725 634
1753 1761
672 1095
1634 738
595 932
308 591
883 46
1876 854
591 1402
324 1115
1371 35
440 1871
311 915
1849 1702
717 1023
863 896
309 1384
1082 1333
1457 88
1160 1947
1194 1592
1668 470
1370 918
495 1900
535 1351
782 458
381 1247
918 1108
1601 131
312 644
1745 1557
1883 986
1786 784
1046 589
853 668
1244 511
868 1747
1857 1471
318 887
1481 1222
1823 1040
470 456
1915 996
1120 1862
1000 1630
1447 506
1028 1513
579 1834
684 1103
1787 829
430 1502
860 74
1231 472
617 1708
323 1311
444 1874
1434 1378
1886 1098
1675 1607
507 1405
834 1637
327 844
1319 1281
783 1119
486 1713
670 585
1794 992
1406 1522
330 167
1413 459
1677 1458
332 1554
1396 971
1451 1837
334 1480
1873 678
1545 997
336 407
635 1580
337 489
602 706
1335 623
1226 1197
850 428
1195 1618
1245 1564
577 1718
338 1766
342 1558
732 1454
569 1293
1631 1595
1123 1739
442 1809
1087 803
341 1926
1479 699
1376 389
1850 1164
349 922
348 1064
347 562
972 1535
987 1443
1148 491
357 1410
1066 1463
675 1416
361 318
762 691
1899 1428
353 1446
1366 1547
355 528
653 953
1210 1270
1124 1598
377 1126
356 1210
924 182
471 1608
1043 305
1905 1422
1920 548
843 505
1548 1272
362 977
937 1780
1339 300
673 877
575 916
689 436
363 1673
968 292
1938 178
851 1248
364 1460
1250 1431
662 1173
365 1346
368 1051
1397 719
641 105
837 1773
1863 1415
1041 170
1375 1486
1933 727
371 628
1427 1796
626 988
739 72
496 1730
726 1890
1802 959
558 1920
1177 1196
630 519
679 693
472 608
882 1468
911 73
1052 1012
1068 43
1717 175
694 1624
1103 1229
373 1694
378 1746
1443 1880
908 1671
414 621
757 828
383 1643
480 1450
385 1616
552 824
439 1442
1523 516
388 398
642 815
1662 1740
391 771
1425 995
1681 408
1700 201
1570 1338
1502 272
1400 673
387 185
971 447
1925 551
459 1153
390 899
396 240
398 433
1184 603
869 517
1057 852
715 1433
399 1419
400 587
402 751
1165 1482
985 1289
1659 1200
1852 1388
1139 766
1692 482
938 1566
1081 1350
405 1650
772 87
1761 484
526 346
893 1875
631 1763
944 578
1825 1622
1719 488
1355 730
1364 1308
455 1317
416 1020
1640 1501
1829 1174
415 267
1051 14
417 567
586 1147
1295 11
1007 372
549 7
1897 759
903 1000
878 186
895 1464
1492 1938
1380 947
427 1423
1452 340
428 1376
1461 1532
1827 1752
449 261
1614 778
1901 598
778 720
1586 1672
431 1542
1204 140
1889 544
747 1505
1612 1152
433 1451
434 69
1293 553
1914 755
1302 298
848 81
1100 1577
571 1760
441 746
1718 1829
713 1397
559 1750
1464 1457
1198 1823
1373 143
446 688
658 913
1644 999
871 821
962 868
699 435
1207 616
451 820
1536 1145
1349 364
452 1369
453 1387
1563 1932
524 858
727 966
986 1775
456 1009
1693 230
613 165
458 1660
460 1838
988 1044
1864 457
1924 939
1108 1124
461 166
1726 501
1090 466
812 341
1053 763
877 1345
1537 1018
1265 430
1271 1183
466 393
894 1827
1711 1576
1697 508
1313 758
1780 936
1580 1059
1797 1907
1262 573
1299 1038
590 1050
1916 1529
1387 1319
1544 444
587 50
978 1601
1086 1372
1664 1295
738 1818
823 1906
640 1055
1031 1641
1754 975
484 1314
830 1647
1703 1484
1138 577
1288 1675
1145 1396
599 1175
1482 1612
723 937
490 596
1743 236
1166 257
483 336
505 1469
785 1102
1398 1799
1504 106
1362 1310
947 749
1329 193
701 1758
555 1620
497 450
637 568
984 1217
522 538
1854 1211
888 1791
1310 783
622 1418
510 284
1673 406
1150 1161
936 1461
502 1297
1315 420
1261 1494
1912 728
1678 1109
499 1879
506 333
509 139
1918 271
745 339
1784 1137
1019 920
1737 1567
511 477
1733 1
1758 1917
513 129
1807 1150
1206 1453
504 1765
516 427
517 1697
1870 331
514 1594
1648 1304
1861 881
1183 1548
1385 329
519 183
1508 1192
523 747
1161 1354
1143 1409
527 601
1892 1652
1710 1374
530 429
1372 122
638 1029
728 1518
532 708
1342 1948
1059 1744
808 1013
644 632
1430 383
600 203
539 785
542 1006
657 570
1836 438
855 278
537 593
1133 1782
544 181
1147 1636
816 16
922 1729
1503 867
546 311
1633 1498
1256 1207
1521 1129
1395 1359
1433 657
1417 1032
1500 1026
665 1711
1141 1071
1841 1259
551 441
1369 217
677 33
1789 173
1674 204
560 1886
930 1625
561 560
1891 1474
935 352
991 1830
1304 91
1382 1243
568 564
567 1424
1809 79
572 960
1785 1642
1652 1260
1740 639
1015 1334
1106 1733
1402 1306
612 1813
580 1186
1828 1806
581 1202
831 177
890 1404
926 68
1201 1218
1170 360
588 1685
992 1386
1298 1094
766 449
1074 162
1114 215
664 1329
592 1068
594 861
1203 1282
774 1048
1171 1935
1158 86
1874 1656
1209 1781
604 486
1409 1330
1805 314
1050 882
1790 1074
1750 1503
1113 176
1820 471
1429 1929
921 729
611 1155
1520 1706
1420 786
614 307
615 989
620 1701
719 196
1676 1635
1621 906
945 363
1524 1246
818 866
789 419
1706 1233
1583 1080
633 504
1254 569
1833 1028
737 549
667 1506
646 1572
891 1379
1251 1401
874 1046
652 1628
711 115
790 1284
811 1407
1533 1347
1937 884
656 787
1635 194
1489 1168
1225 739
1119 1441
661 1398
1450 800
1810 642
660 1762
1448 1015
1741 51
1630 701
1454 802
663 707
1213 1340
1775 982
669 107
1346 381
1354 1121
671 128
1442 810
1275 1605
1575 1016
1765 683
680 431
1154 614
1255 1277
682 237
1596 1322
1519 99
977 1690
685 225
1684 745
957 384
810 875
1361 760
1039 1670
1847 1742
697 1088
1514 418
1412 41
1356 323
1590 164
703 1539
1557 1949
1559 880
1485 1296
1592 1788
1525 94
734 452
1817 847
1268 1225
724 1479
1859 1403
1181 1198
1118 171
1336 709
730 1743
1650 132
1669 1138
748 1833
1449 666
820 1495
731 320
1252 1822
1274 1219
743 1579
744 961
847 1447
1671 326
1034 299
749 599
768 1176
931 849
1446 169
1613 1432
949 1262
1922 1593
1760 631
920 836
1311 401
758 594
1153 1178
1699 679
1721 1165
765 487
1839 302
1691 1936
767 1325
1746 921
1010 1491
854 1182
769 1571
777 1478
1012 5
1851 1754
1488 1824
1547 1411
1002 1257
1259 1640
1032 1302
1279 1010
1036 871
786 368
969 1540
1687 1091
1414 1802
1909 1811
1199 817
801 1835
1111 1140
1738 1061
910 1820
1038 3
1146 187
1560 1562
806 529
1808 1127
809 1114
1927 198
913 1452
1609 410
1405 1099
1660 475
825 779
1822 1857
1624 607
1367 1483
1306 1749
1599 1473
1062 48
1208 1868
1219 327
864 1727
844 465
1211 1850
1023 1943
1453 390
861 1703
1725 580
1309 967
1913 403
1771 1866
1748 654
880 110
1777 63
879 270
1054 837
1058 744
1894 655
902 6
899 1854
1085 894
1875 109
914 1036
906 1863
1610 879
1501 545
1076 933
1556 1581
1742 1184
989 782
934 1069
1021 770
1535 432
1026 963
1017 850
1162 1136
1638 969
961 886
1532 1651
964 1368
970 1888
1698 1661
1098 1256
1795 1241
975 34
976 1691
1077 503
1193 776
980 1899
1904 137
1232 454
1374 1514
1569 910
996 1897
1732 696
1003 1914
1680 1573
1005 952
1018 189
1071 1456
1663 1489
1070 120
1246 1487
1493 1204
1064 1459
1695 592
1164 199
1611 1003
1101 869
1241 1160
1549 1232
1112 78
1127 838
1132 1493
1907 437
1149 863
1303 102
1494 638
1196 1682
1665 1632
1803 1944
1178 1649
1187 1945
1190 101
1239 1777
1604 1725
1238 942
1578 579
1552 1735
1266 835
1270 1123
1290 1517
1585 1523
1540 1586
1314 927
1312 90
1834 226
1320 514
1322 1921
1716 541
1343 1235
1345 1550
1344 681
1352 1669
1510 617
1408 542
1555 1004
1456 1689
1574 1674
1530 923
1769 1252
1626 404
1632 911
1643 1364
1661 985
1729 637
