351 172
1777 346
1257 105
1049 1125
1402 1663
294 1482
1447 755
1071 1783
1136 939
666 502
247 184
556 1220
1366 1762
702 593
945 1825
1401 1743
1804 263
1621 1360
1781 778
120 1235
1388 1718
462 1563
89 1183
30 1649
1488 54
541 112
1428 1812
12 1349
246 1395
826 948
33 506
855 551
219 1170
338 1695
1828 732
299 654
561 1565
182 95
561 1754
1636 182
395 29
1217 1468
828 746
1574 1032
1692 186
1169 1324
1442 1658
850 1525
1544 319
1714 1538
163 1536
1173 757
1707 1507
1702 252
1339 132
259 395
1376 212
610 876
332 664
838 455
704 321
609 1383
1452 1277
658 1530
26 746
750 732
615 381
297 1606
202 776
174 1371
888 655
373 1564
212 578
997 1415
1756 1426
1506 1299
130 1531
1758 1744
631 1448
368 678
1327 792
1375 1132
489 1750
1848 1096
1625 351
1650 207
969 1283
1550 959
1242 1138
1377 802
1065 784
572 643
853 1495
796 281
68 509
74 1714
1318 1744
43 1264
1198 919
80 1370
1019 1044
270 263
1485 1295
1818 813
1788 1167
1442 1337
151 225
1609 1481
135 1251
1238 1627
333 1158
680 1488
1378 453
931 769
1725 23
110 642
198 235
1061 609
1075 339
504 738
1518 538
1228 1451
1788 172
1280 925
1142 1236
191 729
631 1299
1107 128
619 731
935 645
1684 64
636 1653
900 1005
132 1659
1415 946
603 881
1378 1039
1447 539
1292 704
1049 231
1453 304
1700 95
49 850
1692 1745
379 1703
1626 926
1439 1730
614 400
472 1258
535 712
197 324
346 1178
68 669
229 1401
625 444
684 167
395 875
1164 1085
607 50
180 455
234 212
75 325
661 1348
547 80
864 807
811 1080
1148 574
1204 1136
1218 824
1103 1608
405 787
805 580
420 389
344 1254
817 1502
1777 217
1034 870
745 914
716 498
1721 1777
345 954
778 1564
1634 1200
286 1465
1592 1510
528 437
1379 635
1671 690
379 205
207 659
854 827
717 1579
100 1008
1240 1276
1571 1417
1062 1159
1115 1445
1780 316
1370 526
1701 1401
919 1700
962 57
1095 996
1246 582
1490 1436
1675 32
954 611
73 791
1756 1571
129 1813
1771 1598
1121 1250
812 840
356 772
1271 1208
1483 136
804 353
1841 32
246 1351
1580 765
1008 1147
192 634
440 527
32 1341
512 121
966 2
1039 1532
1576 812
1722 65
513 1176
1603 1778
53 51
1787 378
895 1008
546 20
1392 1190
655 248
385 154
275 1107
813 80
1173 1743
1401 1232
1063 927
1222 1445
1243 195
1767 111
1623 600
1326 647
764 1228
323 146
1745 823
1212 1542
1639 1596
56 751
1521 780
1703 270
229 847
651 683
796 433
983 1072
402 821
1267 971
1091 343
413 182
337 1281
419 795
527 377
1473 1623
986 1762
1293 889
612 1763
243 1527
395 120
1209 1573
257 438
1108 683
949 1171
642 739
376 286
1511 241
1096 1686
882 240
162 963
1626 1052
1208 302
1144 1356
174 275
1486 1567
1322 1764
935 1800
1788 1608
396 868
1505 719
1714 1495
204 17
1715 236
657 178
1060 153
883 1654
794 618
1169 1299
900 1751
1245 638
418 694
1625 433
1156 137
175 629
121 1081
1564 1648
234 1148
1770 1316
962 250
1378 1174
1782 798
738 1066
1636 342
143 1572
1009 1081
616 949
1398 1231
665 391
628 868
1042 1702
974 143
884 1750
614 875
141 1635
338 1013
1387 1106
180 963
242 1220
1602 268
652 390
1249 648
1466 1821
260 382
35 868
929 627
469 1027
299 1737
290 1721
579 767
1740 1609
1058 730
519 554
173 1637
432 915
1392 418
536 1765
548 883
152 1819
1372 769
338 1815
773 1024
565 480
1638 1186
1617 724
273 670
518 1748
854 1397
390 1811
1600 70
596 158
1357 489
730 277
1667 1458
1361 48
860 839
1329 692
165 1771
849 1603
1496 912
1167 350
1712 835
373 889
1025 238
1565 879
1841 1029
1221 1775
987 458
655 41
1753 364
1627 483
604 274
1650 1384
759 586
877 1730
127 154
887 534
1462 358
730 1206
1517 415
1025 1502
1099 1164
348 817
786 1251
1735 141
1072 797
816 860
1550 1183
1185 844
1213 467
673 583
946 1498
1485 603
242 1165
1735 676
1636 760
770 537
117 1773
1261 620
349 1259
524 1634
1108 1371
529 163
1092 1829
1612 1603
1036 589
521 625
438 1557
705 663
1518 1580
71 1636
963 419
1032 1603
502 215
1030 45
401 1054
1614 124
387 1596
687 611
1242 214
1010 1389
1425 1522
1713 969
375 845
1297 853
190 1844
397 319
1368 1606
712 1720
1531 410
1550 236
1201 1784
363 638
693 122
1717 154
789 1598
792 847
7 560
1497 87
753 153
1404 685
731 1593
636 668
475 40
1195 244
1265 1639
242 980
807 1618
1507 913
1039 1080
1164 879
502 474
1084 297
1794 594
1521 990
105 553
1676 841
1356 1272
1206 599
1728 659
811 820
258 774
1647 1833
895 1614
122 1303
1346 1033
48 455
1274 797
1529 1767
1127 1488
1531 308
668 343
285 1311
1334 504
712 1268
638 163
385 883
355 96
1332 145
1009 10
933 127
554 1695
1479 797
1554 108
1168 856
1829 247
1249 693
659 1686
1115 783
1833 1682
898 342
206 544
849 603
452 1290
930 247
1170 208
944 636
189 989
267 203
524 1435
1277 560
273 1020
501 1543
1247 1045
694 591
630 224
110 825
25 165
1774 844
11 611
114 1276
1001 15
934 1727
1644 1620
386 1168
31 38
953 1343
9 915
377 958
1216 244
494 165
1819 640
1418 1604
1299 1606
646 984
187 1117
760 1544
1677 1328
208 810
144 632
103 275
1723 1017
794 1489
212 1803
1813 1609
478 1574
1730 249
205 1372
1041 1574
304 952
777 1201
15 940
1465 229
989 556
152 589
5 928
816 355
992 1684
1599 99
344 955
874 501
1552 801
131 488
581 205
743 1414
1109 566
1536 1321
1364 1202
1172 669
1149 975
360 1795
91 1370
733 1531
442 1039
1040 193
674 1444
378 1426
854 211
59 1109
619 1593
377 1105
1188 1263
319 749
21 1699
1488 1016
1587 1225
184 1079
1395 675
497 1523
1238 19
1773 856
516 75
1238 1347
386 676
1408 1073
1755 1417
372 509
415 1283
1754 1427
95 832
937 210
1083 1545
1517 1203
864 1473
421 1451
950 835
510 1027
167 1674
289 1503
268 265
1007 606
1006 59
1091 70
1601 700
451 160
1327 718
1802 1315
1438 1111
1202 440
1654 1667
348 556
484 116
1122 426
820 1202
864 1281
86 704
1632 1321
91 626
1034 743
1429 549
1825 1646
68 1743
1382 265
1164 810
365 673
339 1145
17 817
1095 829
1774 1450
1047 1389
310 435
1403 1418
417 277
1588 663
242 1031
1442 698
1446 423
926 1159
898 185
426 912
1003 813
383 1539
1549 1166
1135 1388
841 1667
601 17
1592 438
1577 766
668 153
1332 168
1405 1126
910 125
585 943
259 1029
413 612
1652 1451
120 855
1502 936
1238 1068
1277 1173
904 52
1039 82
1591 1422
120 384
1412 1602
276 397
1786 422
1493 1703
440 770
799 385
1026 801
1410 282
1522 1663
877 1405
434 1424
1412 922
152 1789
1214 903
1347 240
1005 622
917 1354
1537 416
1187 428
1550 570
1161 1759
1080 712
1651 1274
607 1362
1785 309
421 873
1293 1350
484 491
1609 1560
1181 620
1287 244
1218 788
1593 417
680 1792
123 633
189 1625
42 1236
1589 1845
426 1425
1139 727
64 1421
966 584
1599 1734
281 364
864 750
1282 450
1249 1184
748 1625
1454 1133
371 1732
838 48
1026 1341
187 1496
879 280
1460 45
460 1171
1173 905
1559 1238
714 1079
505 13
1154 1828
1684 691
1545 483
512 900
312 1452
1687 458
330 1449
1148 1529
178 1715
1221 1274
1 1479
384 914
966 875
499 1839
318 85
1565 1844
70 1724
505 1290
629 479
424 1165
779 748
491 1259
744 1710
1716 491
743 1089
1146 305
1547 232
1849 1046
1138 795
29 1523
1329 336
968 1241
1814 1153
1662 336
1573 1762
1611 193
1260 522
1102 1642
112 1517
1744 1180
1036 1391
142 426
1021 1051
917 610
829 1508
1515 1513
1784 1542
624 1583
1541 26
212 154
1692 1774
77 960
833 510
986 139
62 1767
2 763
684 742
1115 448
1375 695
20 902
1128 1607
383 1247
902 1055
911 1031
260 345
1770 219
1514 1816
818 971
1444 1246
886 1170
1484 674
400 763
869 335
1798 644
875 872
1714 1016
31 937
941 299
446 162
1139 822
1149 1665
1273 52
904 279
982 1538
932 548
878 20
522 569
857 1518
1578 1581
468 1499
383 1471
459 1449
129 1569
1774 586
927 1080
726 630
1622 1331
512 1286
86 1070
365 762
38 317
1075 697
1500 1749
1583 974
90 1036
640 227
50 1525
817 648
1467 1186
1185 1092
358 558
1821 506
1259 767
770 1319
1002 1378
967 322
1600 655
1246 1848
865 1734
555 196
1588 1470
1545 132
256 779
1274 847
1283 882
325 1133
760 526
1308 1181
1152 704
1273 1003
1264 1319
133 670
946 1305
1146 1014
1001 542
1213 841
1648 1095
1741 550
108 1837
133 825
210 93
1442 1208
1526 205
15 1442
1111 1675
345 379
955 1786
1561 1556
636 593
616 639
925 1151
979 1672
1737 1836
1421 1025
427 202
1009 421
1430 1544
151 1625
620 481
1469 994
439 564
1317 1316
473 409
503 1641
814 172
196 408
1076 239
1787 177
1169 431
1308 1760
368 1581
346 109
988 794
873 1683
1044 656
1568 583
724 1078
1832 1118
599 1370
573 945
902 1484
765 1483
90 534
1237 1170
621 1154
1344 22
974 591
1802 1494
27 1755
321 1771
1161 1458
1751 496
1826 267
556 1798
875 1577
232 940
1311 224
1089 232
1565 1263
220 96
37 1824
1179 442
719 947
1717 554
1580 934
1765 1108
255 986
972 1295
792 234
1636 1152
961 1012
1808 1477
1166 1041
1157 632
1446 1192
1836 1358
154 1643
854 1142
552 38
33 659
1229 698
776 1582
600 972
431 1154
799 744
582 352
30 1667
442 1828
1809 1492
1308 1739
767 1178
1270 64
665 11
591 1109
204 1509
1177 742
1446 69
1039 1510
1311 1650
1090 1354
843 1763
64 253
318 492
1259 1458
974 1003
899 1257
1620 46
1249 376
647 965
69 123
1468 1466
247 485
1121 999
262 250
61 240
1694 14
1558 1258
545 784
1630 1015
1583 35
697 1706
1151 1061
911 563
818 1333
531 1300
1252 1591
894 982
934 1750
347 1524
920 1394
635 299
1277 450
1526 1059
601 837
1793 1410
259 1214
948 747
873 423
226 1789
817 562
267 537
1192 1750
1809 1045
1821 1845
51 1333
32 1495
75 1315
1673 448
1414 1127
1099 1632
1800 1588
1244 519
726 1074
575 744
1845 1816
1551 1050
462 1372
651 1075
339 444
227 1031
1518 414
665 81
1473 398
1374 1791
719 1114
667 1576
382 954
1288 1478
1811 1128
954 1664
516 1315
682 443
532 979
1079 947
1190 268
1037 879
1675 917
886 724
732 484
1747 957
278 1738
209 398
781 1385
1467 1417
1689 1232
1710 583
1555 1806
1849 745
273 784
1331 810
845 78
1005 913
1311 1436
408 1818
739 877
26 33
194 42
265 1447
1725 1011
84 1785
1384 1110
393 1319
901 586
469 1314
163 1626
1401 1227
350 1077
1070 1630
920 132
695 391
1422 518
1749 390
675 1555
1724 1182
1106 251
1232 1227
201 638
1528 1007
836 1651
1037 1185
756 478
788 681
510 154
1113 1342
830 632
718 896
483 1556
1784 1645
810 232
1147 138
777 1756
645 965
1353 1388
529 410
1738 546
681 735
1708 1839
733 107
788 1085
1427 803
433 724
1424 999
981 626
670 452
37 1815
89 1569
1065 37
658 176
317 281
454 661
529 1844
1140 1629
439 321
784 1313
57 663
996 1616
454 641
466 1156
1421 1074
1631 154
588 1138
646 1003
1232 1671
1252 920
1496 930
944 1786
1223 39
865 201
1404 50
229 1274
514 1152
919 1505
478 430
937 777
966 872
1051 209
1704 830
468 1271
157 1056
640 949
1372 1266
1222 1132
591 359
236 44
835 1393
1393 1552
1537 1701
307 40
983 332
283 1015
1174 1160
721 1487
1443 1067
59 678
1622 1795
1373 335
16 1254
1745 977
1079 1561
919 36
1001 1110
647 1781
1480 1716
510 1195
1794 305
1000 1103
1740 137
1248 1109
1141 1037
1208 380
1147 181
1516 965
310 135
817 1091
882 1603
1445 95
918 1698
1642 256
332 1818
1421 1140
801 1078
108 186
408 1478
984 516
1129 847
235 1426
1440 333
1727 204
1198 1575
647 1291
1509 460
774 1322
209 1710
1198 641
112 59
1077 1362
358 1101
1048 1695
1841 685
1355 431
141 927
1482 516
1472 1824
1111 1193
963 1525
1303 1478
1314 1651
1825 91
559 399
824 739
1060 1603
1536 884
724 1316
867 1246
967 563
596 1623
1653 1657
978 746
378 715
123 270
637 1067
1353 327
1536 571
1468 710
1153 381
670 106
1540 1028
1562 528
313 1027
1360 884
456 155
1196 1584
1647 790
361 1395
775 247
1507 1651
525 606
41 1007
1728 1210
432 1735
1556 990
491 240
1119 594
1297 1630
1218 670
1805 23
1345 488
678 1511
1014 95
183 1590
1017 657
593 1050
1798 1728
425 1046
1006 1109
1680 474
534 95
1294 281
1061 1062
1777 1178
242 231
1717 1815
1348 1440
11 349
284 874
1415 725
868 588
335 1105
162 544
1080 318
1799 748
59 1634
348 272
576 1091
1187 1380
650 1271
1754 1320
1677 1427
19 160
538 907
842 1235
800 776
1374 648
937 730
1539 1796
892 736
1107 233
336 913
252 1544
1815 799
1775 1165
362 1305
463 1015
1801 1538
1169 976
210 591
1410 1231
733 189
918 437
1621 263
933 96
231 1449
828 1660
1789 1308
1822 1374
1169 1281
989 1685
1658 57
1631 1323
739 1725
1066 1140
1333 704
195 1177
83 917
1241 412
632 433
188 1016
302 1182
771 1809
529 516
148 32
930 582
59 470
1489 457
651 339
1734 553
353 651
210 974
297 252
208 1384
116 321
1509 333
1696 1344
1452 1429
681 247
1257 257
683 311
965 527
17 171
819 1057
1157 802
1660 1610
970 538
39 695
1771 295
997 1027
1029 384
355 1245
824 438
261 1275
658 1143
675 891
1294 1556
812 1034
72 1151
659 582
1648 430
130 1692
1410 1757
683 1614
418 1454
854 1368
1511 1570
1081 70
116 208
1556 398
1796 1520
557 1632
948 707
1147 1421
960 449
642 788
465 1601
888 1480
1030 1476
1829 360
121 779
1826 1376
581 1526
212 1482
807 922
756 1365
1427 381
1365 105
1736 653
1720 858
975 728
113 45
1256 1064
406 983
1525 333
541 460
428 170
774 1643
590 1093
1469 367
1110 698
1146 1666
1450 1060
1067 661
1648 829
474 196
325 1705
822 486
1110 1492
1819 949
1127 215
1796 276
347 618
1611 1757
618 1729
177 918
1448 1010
539 401
1676 1675
836 1047
1368 784
676 979
1721 767
779 496
713 606
1564 747
1588 57
1063 783
1271 481
1359 1217
28 1687
1571 63
1492 1442
1374 1701
523 1627
676 224
404 836
1453 43
868 1517
1505 991
476 140
1247 13
529 754
857 822
1524 457
1441 283
694 1782
1820 1843
1314 388
1705 831
665 1716
1804 451
1661 226
542 232
997 1028
418 1327
71 1718
1482 795
1550 422
1688 1638
1295 139
1846 193
451 560
1471 1843
620 998
194 887
822 1590
1814 623
31 1035
1239 533
38 831
507 1736
1769 587
1693 209
1448 148
1564 547
1749 1178
1720 1054
730 135
824 1433
1262 528
997 1351
1395 1724
1119 721
440 1217
1172 294
1197 1107
628 480
451 1680
1282 1108
792 594
1440 1158
1706 1733
1817 749
1059 193
388 458
1790 1092
177 511
1644 1489
823 1628
63 820
1232 239
885 1673
395 384
1461 1153
1365 1199
758 1265
144 1251
1093 1130
993 461
639 1332
1021 782
756 404
1285 1411
91 543
1411 222
1267 16
1416 634
391 286
174 973
1422 609
680 228
705 248
734 652
439 533
817 600
589 272
1311 208
17 54
447 1528
88 1470
1722 55
480 129
976 242
234 374
946 1133
1519 1738
157 999
1357 95
1405 1849
574 1048
583 533
1053 301
1214 740
1430 1708
1277 1455
756 182
1816 1105
1770 1237
56 527
1153 923
1503 1565
201 1064
177 1367
79 1568
1262 289
551 28
844 1155
1087 0
350 1169
324 1167
1017 532
723 550
1202 263
558 279
370 1199
185 270
992 1113
434 1673
539 1271
1354 332
1433 1219
582 1339
989 212
903 353
1375 353
505 1008
1674 1000
1791 1400
544 1487
640 1161
1707 1047
1546 834
747 947
320 1794
1153 1136
557 409
1446 711
1267 690
27 100
1137 298
1690 386
1120 245
691 157
277 1379
1836 1550
241 1459
1636 1080
35 848
842 1319
166 543
764 1663
1525 758
1782 1808
343 252
1825 915
1816 1401
520 1313
1522 1819
40 10
462 66
708 1211
6 383
343 1183
148 1294
1423 735
1426 1417
1815 1844
1793 282
1784 1212
601 304
1103 1736
1471 131
333 1277
660 561
1276 994
1689 1743
1419 508
412 306
183 126
573 834
1745 1414
224 1595
954 306
1077 646
1287 1366
1207 1639
178 1742
755 1669
761 1328
96 1156
1609 474
315 1736
1405 162
356 266
787 1231
51 1752
1539 1104
1491 968
371 1394
1699 1140
897 952
1560 40
385 477
1104 445
130 262
507 308
526 181
1397 130
1157 832
106 1723
23 988
1464 710
860 1451
1777 1134
309 468
657 928
1215 1000
1601 137
473 966
1007 621
1120 1361
840 1272
1714 102
1360 1464
1169 334
979 1666
1792 1144
528 124
330 1048
1463 119
1326 1793
527 770
149 182
212 751
61 742
1115 1174
445 270
313 1165
44 1588
1625 713
751 13
1716 376
151 630
1814 774
1148 212
467 1630
1585 345
589 503
1747 890
310 309
279 1075
942 116
26 227
1580 714
106 745
199 450
1502 1047
1132 1699
441 1770
52 1743
811 258
1744 309
1375 801
1745 1619
1709 1514
491 0
523 1726
1176 1518
1523 833
316 1094
286 1534
219 1595
197 146
63 810
1180 621
1756 63
98 1366
1671 111
258 869
743 1093
885 1065
458 656
1804 1627
1456 694
839 1730
1169 1419
265 1050
354 151
804 1527
1001 810
1541 618
1472 1206
1626 103
652 85
1077 1616
524 904
529 58
1746 1023
1450 1441
944 884
1810 1489
862 1097
1308 458
285 1295
290 1465
1036 490
1504 275
1546 1730
1094 466
857 1745
1764 1605
702 1174
1269 1424
535 1629
1724 1731
282 288
234 1699
864 639
661 1628
1629 301
316 1421
914 1825
1486 1665
1079 567
881 838
1758 1636
1390 1330
1459 568
1312 901
1344 980
1445 471
1655 799
294 1214
388 1634
856 1760
371 309
1700 36
20 1136
709 144
864 1597
701 477
698 584
883 258
1097 400
414 1706
917 1057
1581 1377
898 557
1309 33
1164 1838
773 1079
674 518
84 1165
1260 864
786 899
551 572
533 392
1774 901
1212 1239
996 334
102 1412
1171 1336
735 714
789 981
25 1466
1458 470
468 958
47 158
1083 465
1726 394
989 1798
767 472
1165 722
1802 250
1254 515
1748 266
430 658
1822 1634
958 243
666 188
1821 377
464 624
1314 628
996 1077
1206 166
366 1406
600 1150
1390 982
1069 1363
1085 613
1220 653
1802 1131
1396 512
898 564
1092 1155
167 1255
1805 1708
1442 966
1728 1058
362 437
1426 1780
1368 956
550 127
358 195
1326 1249
394 1195
1435 913
1433 1502
443 1763
940 875
117 634
1084 1301
1754 447
585 189
443 1425
992 1780
1633 1544
1093 1432
1601 1449
821 1210
1002 566
353 1282
133 719
1775 509
882 217
1762 1644
1594 1148
1777 240
1482 884
333 795
127 1366
23 816
491 34
305 594
451 1672
987 1180
1325 358
564 444
1655 1788
1047 913
1444 1522
1145 543
1712 383
745 828
1523 41
1502 1285
1168 458
303 1333
637 144
1371 517
908 81
418 552
856 717
1583 1539
1784 1484
822 1540
761 419
731 202
135 277
589 445
1121 1718
1418 488
693 965
462 77
1676 202
1694 344
206 1068
1496 1359
8 957
1207 1161
1748 367
328 977
961 261
240 1719
1000 1370
934 1104
279 1238
1357 1170
1297 1155
1212 735
1134 1113
1127 624
527 707
1139 601
8 579
1474 928
1605 1353
1213 1608
138 1124
206 1587
336 891
1102 1280
392 1522
1216 1195
513 1772
1718 1160
1128 845
786 1340
18 1414
1353 603
1219 1843
703 1831
939 192
974 168
1026 1667
1464 301
1010 1093
1708 471
857 1707
895 1146
1758 1640
924 797
1187 999
447 1070
357 989
441 1386
262 1531
10 246
985 1397
93 474
520 1009
1343 1589
327 1525
13 308
342 67
909 288
463 1290
1165 581
1648 1830
472 879
923 477
953 1466
225 148
649 1023
1042 1370
348 54
662 525
622 1072
498 1488
774 1120
258 871
1321 1526
1811 22
20 1487
578 1478
217 1404
443 912
234 1578
1300 405
236 445
1329 956
1267 1468
902 1095
178 276
512 1201
1108 1145
1437 1632
531 887
1607 256
937 396
59 878
923 1250
961 598
847 858
580 656
995 304
151 1057
1536 1721
1821 1246
1784 533
539 321
32 1323
799 592
1724 400
915 1121
1138 783
1116 1494
1562 297
542 1492
1296 644
1312 1307
1770 433
1725 1203
1376 988
26 1823
1140 1236
989 303
1519 786
1670 408
343 911
1029 818
792 470
210 155
1199 881
1632 571
363 557
1056 625
136 735
1106 736
364 1502
562 717
1390 1142
627 515
22 660
1233 1043
1634 446
75 1647
844 1092
867 1821
169 1266
1414 666
1629 1369
712 1412
321 625
1138 530
1836 1399
349 1452
831 560
419 842
226 1501
1717 338
707 884
896 1427
203 1237
358 382
39 286
152 1661
1211 258
694 678
1479 1645
1705 560
1222 549
1826 1428
1273 1265
144 220
1625 568
718 1802
1607 1677
937 1671
613 1838
1445 1027
1144 10
1210 643
812 1408
697 1653
1228 1489
1456 1816
590 1775
1209 84
688 1471
1334 880
1604 302
1815 554
29 244
959 546
1322 1069
278 1350
1072 222
1430 967
741 901
1813 1097
1832 1196
337 70
552 1693
123 9
1789 1613
583 1122
416 1255
183 160
1697 544
1322 901
57 1360
655 1630
831 977
1168 1368
784 374
1262 1328
305 240
1222 1289
116 873
1818 1679
628 1607
1454 279
422 577
349 1777
1481 909
1811 173
439 1423
814 1842
1483 769
1694 417
225 452
1102 1189
609 681
1534 150
493 969
952 141
406 452
334 607
1796 245
1297 83
442 1816
459 574
1524 783
1490 682
709 446
1726 98
1676 1519
1125 1287
606 661
906 1512
1365 414
1250 1174
45 1715
552 1755
67 60
1789 1051
525 356
305 234
1260 750
1459 1090
818 775
778 252
1828 420
1103 1280
478 942
568 555
361 813
423 549
1756 1650
1293 1111
1523 1407
899 825
1318 530
1630 452
1313 1589
346 1568
1700 333
1585 1228
852 482
1140 832
1687 1495
75 1810
885 278
48 843
460 1728
1403 821
507 315
507 1408
1345 729
736 1067
1156 1097
1552 511
444 1653
249 532
1666 1078
237 0
86 1594
1805 716
1341 877
74 718
837 1180
735 270
31 210
1053 411
448 536
66 395
772 98
110 714
1712 912
190 604
950 1280
1037 1413
1588 1359
778 1111
547 1355
90 1030
406 100
985 922
785 416
402 936
198 777
290 1181
1425 1496
1189 895
557 163
1845 1709
308 1659
301 1821
896 508
1322 754
1812 1159
379 1059
1804 1487
559 1487
1814 1461
4 756
379 931
461 404
186 1100
1021 681
889 1355
140 954
758 145
1708 311
1677 447
1593 1005
555 549
786 362
1338 884
1608 830
1748 247
520 420
4 999
403 1123
775 1423
667 545
212 1549
78 40
19 940
1264 1360
1529 751
1016 597
473 1442
96 157
26 605
1791 1371
1483 651
272 230
1132 672
359 658
822 1053
1585 1685
264 1224
102 896
1765 1565
681 650
40 555
501 1209
256 654
1425 1444
546 351
957 362
1287 1520
224 1194
1333 1707
1848 1477
1337 1558
988 1730
728 796
341 1816
1042 419
427 160
1099 779
1576 899
230 263
644 193
1148 368
273 1458
356 1071
1123 858
366 749
624 188
231 174
1045 1562
1372 223
1621 663
1008 9
1601 1078
573 1290
533 1567
130 27
1360 537
34 1054
277 627
1362 94
542 1110
872 720
628 318
1014 1371
1381 338
1166 367
1553 853
567 1030
388 1048
1549 77
1099 1799
1495 1045
689 1847
1300 1537
1387 1042
1843 590
161 1635
1508 382
910 432
336 1143
65 233
627 1827
196 246
971 1813
981 1606
647 1832
1840 1501
931 1530
19 1068
1642 512
1486 1755
376 1777
182 39
1142 1686
1705 1173
423 1107
1138 456
501 632
231 770
972 1150
677 31
1743 483
1375 32
1109 1785
1271 1763
1247 1145
267 1263
1676 667
1611 1040
1358 900
1151 830
1326 1467
1494 778
1197 67
794 783
1578 472
1179 1824
584 674
1511 149
1127 717
1112 147
1127 1583
655 651
172 1525
1205 923
415 511
981 1719
657 1232
370 1545
27 69
782 1436
1157 664
86 41
1462 524
1491 29
658 242
536 437
1255 1793
655 619
1117 1522
1011 585
1200 1335
1632 1301
1575 420
1340 241
1311 1622
1839 1309
1631 1164
1455 111
1088 907
1668 1125
1064 677
1833 1258
241 414
1252 528
704 1047
1817 253
1355 1818
1478 1162
1563 930
1464 1466
447 1099
909 70
1441 1329
798 919
622 648
475 1723
1545 690
262 370
590 1721
631 1771
1342 685
421 1683
1450 327
1383 1748
810 891
1189 561
1633 116
624 156
1426 699
274 280
576 1245
677 35
485 1514
215 1583
284 973
230 397
820 440
478 414
558 1530
104 1178
135 840
1835 194
827 243
72 1738
841 288
1648 996
402 1405
1552 402
432 1325
799 525
731 515
1634 558
89 1190
1310 279
925 142
28 429
475 914
1715 77
1479 1023
424 178
748 569
951 389
1436 1212
1656 387
1561 1298
1655 531
1093 998
665 695
718 701
1097 1137
1726 1287
956 1490
1334 1307
578 649
1107 887
1535 168
1624 1139
1151 632
1 696
1326 1381
1128 1189
1528 1077
52 1818
1710 1701
1831 437
1314 126
896 1802
1435 1118
1398 1807
18 1373
937 848
866 1078
1719 550
788 605
908 39
61 1748
1601 422
1700 180
773 994
1843 838
424 1301
942 911
58 1762
144 1780
1139 1095
1566 680
842 119
825 788
826 1412
1349 1737
1798 353
1143 826
1096 1743
773 1833
323 780
1695 1713
700 291
38 1006
670 594
497 1332
285 208
1701 1686
1695 1537
665 481
1780 253
831 921
1078 1667
1665 1679
854 33
788 1370
1077 965
447 978
503 789
1231 1161
417 166
1551 1088
273 21
1241 655
1662 1203
1782 919
700 1459
927 493
1722 1472
1422 930
1070 961
1653 1614
1619 1480
720 1125
1288 152
26 563
738 347
1031 893
1537 1166
1802 733
760 621
685 1502
854 1538
596 134
563 637
382 523
791 35
562 389
1443 798
669 1598
1473 158
1318 771
286 963
732 1261
207 184
640 1079
1649 1018
1524 1115
293 33
211 1139
1642 1007
47 1623
1724 247
934 1040
189 769
284 879
1051 1308
402 1418
1244 1547
1252 1492
1015 127
1787 1398
528 366
1347 1661
897 669
1633 841
504 617
1306 691
816 946
1242 1467
838 147
675 533
1822 1802
1793 30
328 1719
774 939
1597 1087
325 450
1296 1611
1616 176
694 122
1515 173
870 219
116 967
1279 617
806 729
27 1692
1257 788
1102 89
1578 638
841 1582
246 1808
1826 792
1797 1657
1502 1651
576 1761
112 172
501 1157
391 266
905 1124
816 740
1007 256
1498 1345
766 191
159 992
427 27
492 905
829 1645
920 1082
217 1331
1053 1589
243 126
1301 44
548 1654
1247 52
367 600
581 1372
577 9
428 1747
557 84
576 355
456 971
173 1262
303 646
1094 157
1256 1786
1067 1628
209 458
531 1800
160 1091
1176 601
588 92
1467 1811
1143 763
1036 288
1500 1454
978 585
410 850
550 1287
1338 363
1802 1444
140 524
511 887
393 953
1551 755
245 843
100 983
593 926
975 1161
1796 1641
486 1100
386 1208
125 633
1518 1051
1446 962
337 1069
1426 715
1282 5
1456 792
544 484
593 964
889 829
1021 649
1531 1090
454 850
1495 1080
1290 123
1801 858
200 1136
1393 1375
1413 89
683 1416
1000 1130
1018 970
1352 1740
1409 1587
1227 352
124 219
1404 0
774 529
816 608
431 1760
1154 720
304 672
1704 1290
1242 1674
1736 1359
1295 309
1153 1796
1806 966
1215 1130
1055 1302
885 1675
293 1021
1149 61
847 14
1697 923
1121 557
309 587
793 520
1282 339
30 1582
745 1691
413 1048
974 876
1685 1243
112 122
3 1701
1643 1020
842 101
596 1041
314 686
823 1251
1392 1242
1247 1495
1086 253
1481 1323
1421 137
443 990
877 808
1420 1269
557 1183
1693 1587
469 1182
336 1411
1505 1348
889 1546
662 1272
685 1348
161 952
798 36
1013 1177
1265 1464
1272 949
476 100
1167 1095
1529 1578
1435 162
779 979
27 107
491 882
910 633
1436 1484
562 589
170 74
1179 639
609 1748
123 1453
995 158
255 1629
762 1394
1584 55
345 781
684 651
1041 1477
294 565
1569 1632
687 1092
1521 596
289 284
1443 1824
254 858
385 615
917 505
682 800
596 1477
559 1540
790 1741
728 526
1088 87
81 1520
354 478
531 1470
769 1765
1551 1669
1609 1040
1116 278
357 144
1826 1324
1493 805
566 478
750 639
21 400
373 382
855 861
81 376
1837 3
464 1581
43 7
78 1328
1354 945
1004 258
422 20
1691 1266
666 1813
4 1335
993 851
4 159
401 1626
1770 124
1683 1724
1269 1377
855 301
2 1345
447 1413
1317 893
397 25
899 743
879 109
432 633
293 355
827 907
1553 317
1172 1415
1092 302
1213 554
66 1029
1651 648
250 1692
748 1655
1510 1261
273 597
1311 360
932 259
1501 1769
597 341
66 1841
75 7
302 998
1267 1786
1556 134
835 54
1137 1226
892 1469
77 600
127 233
1098 458
345 446
1361 147
1402 1793
1112 707
1791 144
1687 85
1790 1060
1404 1212
868 59
559 553
183 1647
1653 1416
853 764
1558 875
903 1140
435 46
22 287
1690 852
1562 42
676 249
955 763
671 252
745 1532
385 1004
584 860
1652 1302
1787 1182
10 1003
11 1706
1331 542
521 1075
349 491
1255 95
216 416
22 1328
672 531
765 674
1117 851
904 1200
1234 562
961 1842
1341 1798
1766 356
90 1317
1340 1748
786 1738
352 1346
244 1054
375 437
1067 907
1648 604
1825 827
1525 420
693 1166
891 1547
517 1159
363 1032
227 1224
1691 1729
1106 1067
1758 760
298 1705
941 1343
505 1027
1102 62
785 1680
1179 1597
508 1288
642 1479
1122 1361
926 1824
511 918
1403 1165
1153 529
244 1644
1806 1222
962 727
1432 308
1604 1815
1357 119
49 1621
650 455
921 1107
1643 517
1131 1319
1529 368
1817 247
453 1585
634 119
246 52
441 1006
1564 1668
804 300
205 931
648 1720
1833 1071
1033 134
1785 650
493 1
1153 1322
82 1508
487 1720
704 913
1775 91
1405 178
1049 1114
352 1339
139 309
1840 379
466 560
1720 222
1669 605
498 317
790 723
933 1117
1384 15
1093 315
1749 1190
360 1019
1673 1530
1785 1361
396 474
490 1104
1273 1724
973 1158
396 591
1234 1383
9 1490
231 337
757 977
869 1774
337 453
1676 807
1731 1649
1740 1202
1792 1232
1562 1080
781 1435
146 1842
933 1094
377 335
1608 1197
1180 1352
1625 1090
1661 295
1468 1821
668 1080
438 1515
743 143
1563 389
28 27
1732 139
1101 1282
242 815
981 366
1565 1085
1787 243
104 312
1619 809
428 1242
1495 51
1766 550
602 1154
1624 250
549 128
1219 1230
1691 443
1373 1405
1117 930
767 346
192 1796
1047 1285
305 23
309 300
848 591
959 413
1469 1702
1676 1747
160 1045
345 1455
463 1246
342 1052
530 1582
1724 813
1473 134
134 131
281 0
1616 280
116 75
1837 1096
229 1411
819 709
361 275
76 1069
0 336
1274 1411
1369 1667
824 1592
794 1231
1470 990
551 427
312 1732
428 199
558 206
1261 1243
70 1395
1063 730
548 510
1652 191
1397 1624
44 193
1391 1742
1739 1368
1076 1227
195 1335
828 1691
805 726
1049 1078
511 1698
472 1074
1402 1111
63 1421
348 17
1563 1586
1387 1262
491 648
1105 998
552 1781
630 1579
1084 965
1654 503
1842 45
1467 854
1570 222
1448 1044
588 1303
247 600
897 1635
1537 95
139 1120
1453 6
364 0
498 1583
1525 654
671 1355
225 1375
927 1758
716 140
1402 885
1118 544
112 868
735 184
610 550
176 1156
1502 0
1296 318
995 432
369 553
381 869
1242 1249
1387 1344
35 1666
403 1188
881 1394
587 455
780 960
186 296
400 966
917 100
384 631
670 239
1170 489
967 1471
1479 1152
1685 1101
1146 585
394 629
893 1036
1751 281
421 1273
1310 127
1084 225
837 1098
1101 321
376 533
474 1670
591 977
182 1744
1404 1333
31 1016
1101 697
1355 1086
1127 522
1321 710
71 927
1078 1478
1064 937
798 454
1336 893
1818 975
942 62
1713 1042
926 1120
888 1397
116 297
6 1217
1660 1823
1758 1318
629 111
208 675
1659 1473
878 566
1306 1251
381 774
1580 1384
1377 1559
334 1243
79 76
785 703
372 1513
1074 1323
1781 1293
1746 882
1387 1289
83 303
1240 447
974 694
1526 1372
846 1405
1585 140
925 501
1328 561
1056 1282
1253 293
1842 1512
1633 485
1348 991
1135 1847
1812 1054
1395 389
80 728
628 1333
1057 1268
1674 91
1322 740
1461 1760
1066 776
1811 1248
713 1486
1139 1243
92 1793
751 678
743 1615
819 1809
960 600
1612 1485
1213 435
505 1161
575 592
1635 1445
725 1105
980 93
776 841
102 1814
1751 700
217 1294
1606 1846
196 1096
634 285
1003 371
883 1733
1261 168
1043 105
412 1183
1640 1027
1159 780
1216 154
1751 484
1801 1240
237 67
473 946
910 1825
1815 1668
1562 1584
802 190
1261 1821
43 1133
627 943
1130 1073
1411 847
822 1176
1726 672
1128 1344
117 1770
1769 48
264 799
745 347
451 1363
176 1278
702 87
1573 972
379 128
404 704
72 1731
322 946
655 668
329 1674
579 1564
1131 667
1257 1219
1393 11
1838 1050
442 407
41 831
1845 1246
840 260
1180 1260
688 449
962 1158
901 284
334 980
301 1246
978 1725
620 1763
934 1815
1611 905
1636 1117
1607 1262
479 1549
1435 543
1195 1643
809 474
771 819
355 1562
508 869
1336 1024
702 187
668 892
1379 1349
738 1057
500 1150
384 705
116 450
1228 55
931 1830
909 10
664 604
964 770
1433 545
699 1669
945 123
371 1778
1817 1124
331 1752
1079 1476
1500 1218
924 690
1016 974
646 1395
1616 93
1732 60
475 392
166 908
1755 1076
409 68
1016 1389
870 1174
1600 757
1497 1660
585 286
286 1746
1464 46
220 1352
532 1575
1753 281
733 444
1432 1315
486 1256
594 1366
882 1464
80 1775
696 752
591 1006
1759 85
164 1660
276 1641
988 1497
544 1068
641 180
1690 878
6 740
732 139
61 1215
1548 258
1498 1652
1687 262
1059 769
39 81
259 887
400 392
56 967
1354 505
265 450
1653 117
1446 857
1303 125
1062 1301
1718 612
1397 1643
580 1223
1257 1433
848 112
17 386
1733 1770
769 920
263 1112
1465 1134
1317 115
636 1792
172 269
1235 300
780 1574
225 1509
1576 743
1696 1749
1116 289
1365 540
983 610
205 1530
992 994
1389 924
78 114
1720 1085
1619 716
1551 219
1341 1403
596 1549
669 95
58 1338
574 338
411 1848
766 1422
1621 1217
1022 1364
1402 858
218 270
632 1569
213 691
1797 230
1480 11
653 363
359 331
1459 1625
1007 369
930 1663
1575 951
1609 1226
695 1746
1068 1680
290 1134
1349 1726
664 1536
1563 688
1803 1443
433 219
976 334
1098 1168
1093 276
1121 668
136 1731
1497 1135
1539 490
508 574
682 142
1013 315
356 1741
480 1334
1128 1513
606 820
1160 272
1203 1640
1414 735
907 44
225 348
1409 257
1290 736
1670 361
760 1123
1651 229
1345 1264
1342 1502
1673 1252
1327 854
274 1074
1657 366
800 1410
501 1413
192 723
1133 757
899 406
237 914
997 1182
281 1502
1261 675
1290 1008
627 1267
1388 1584
964 903
530 787
862 409
320 1281
1578 464
1719 1071
94 574
131 960
417 609
1365 1798
1034 899
1781 1131
899 1362
1632 581
885 8
950 1247
475 828
1458 85
690 1470
662 1350
1635 518
1809 147
1601 910
1227 629
333 1763
266 1125
1185 1081
618 419
1083 830
1703 511
1357 1829
270 216
1013 575
1567 686
1344 1677
1307 1418
875 1345
1055 1506
27 1097
1274 443
1136 1005
51 1028
1693 656
1335 629
1391 178
1128 161
1713 708
477 1628
1414 1373
850 963
202 785
852 1252
1 403
1557 1198
1389 1274
254 217
700 1625
1157 1020
964 1160
551 985
1166 1612
137 1296
170 1327
1128 1388
1827 1595
192 1287
86 1470
234 1038
1690 118
566 542
1702 101
689 567
1584 1168
1840 1526
81 349
526 1408
870 1669
1062 1569
818 817
1681 1374
1345 1275
453 1195
17 1509
311 124
557 171
794 237
1092 874
430 1077
1103 111
1478 243
876 1775
1775 1657
344 1643
1055 625
867 725
125 952
1230 312
1311 981
1013 815
413 972
122 1079
148 1509
53 1210
509 736
246 401
590 1023
686 674
301 377
1722 298
835 17
267 1447
1473 1477
1035 1755
698 1305
1119 1376
107 1745
750 500
640 773
228 848
1643 1371
586 844
407 434
699 1050
1826 56
135 1694
851 1423
1604 53
738 808
1328 1073
293 311
661 1505
1001 1229
892 1080
1354 1647
430 1047
425 1703
1068 1183
222 1229
1674 590
139 300
727 1732
354 866
1614 1357
1454 670
1221 801
481 1028
420 984
1087 1707
1335 1321
162 1238
416 1140
1165 1087
1476 272
559 1141
218 683
1225 583
1139 1785
1084 483
453 1656
1052 970
1291 1781
186 48
593 1748
464 1135
30 841
1491 1029
1072 948
585 1133
387 128
615 1153
53 794
152 935
16 836
1755 1306
896 1340
1259 254
532 663
617 569
1729 944
1420 969
62 1544
264 199
452 1354
457 233
333 1482
643 1684
787 841
1049 1220
512 959
304 897
1501 79
1430 227
976 126
1324 199
639 1420
69 1692
238 1339
1214 120
657 553
1560 520
1189 1240
951 795
802 1190
1636 1744
705 1771
687 969
1402 164
767 882
922 1268
154 30
628 1174
1063 1175
4 613
54 1552
1363 1645
403 771
1595 1022
876 80
1829 603
1109 1340
1680 1495
731 572
1834 105
31 228
1465 240
1669 903
841 145
849 1785
782 458
1298 1549
1781 896
1745 310
750 337
896 1494
759 290
1635 1295
1736 536
1539 1391
1809 616
287 111
1507 1389
1841 818
1188 482
1641 397
997 1763
1657 1783
1593 729
1726 154
1311 221
103 1222
136 1618
723 1783
704 336
1515 1128
270 1255
875 1652
407 1420
1827 1821
111 1659
102 551
973 1155
1026 460
1647 1839
375 1240
260 1424
370 1686
774 1037
956 1784
55 433
114 86
1155 1354
1431 1686
401 1489
1607 375
46 1709
524 236
337 407
1216 34
1773 55
684 876
834 1825
1165 1412
98 986
781 446
246 1724
121 1599
1361 1532
1709 947
429 962
1500 399
97 1813
933 1352
1105 659
1342 404
200 1820
505 945
385 811
572 233
1045 892
721 1542
61 654
1581 1074
931 1208
692 1237
1057 1046
540 17
1477 1612
1465 1113
390 1463
416 42
1455 328
1709 1105
902 547
1715 68
43 1429
1026 1432
226 1768
1461 774
577 47
905 1516
846 53
1842 1715
1128 22
958 1182
542 1229
1441 973
267 1419
984 1114
384 1784
623 1461
1062 1840
21 788
358 319
924 1503
813 61
1425 1117
514 1188
510 255
1542 1298
205 1252
1740 1137
327 1479
734 390
1740 1813
1392 1330
775 146
815 342
1677 114
1342 494
939 491
726 527
1766 1741
1554 28
579 1358
623 169
7 1647
927 1159
1683 1734
1085 265
1183 1536
624 1719
544 380
412 389
1493 1292
731 41
1117 1613
1307 568
1355 308
47 134
1129 817
300 1769
1274 1838
308 653
839 1275
1707 1739
1537 1140
917 442
1780 641
182 1152
980 930
1672 1527
1156 119
13 1591
422 659
298 244
1295 371
594 1497
686 609
195 1559
1171 227
1318 659
112 881
326 428
582 370
573 1831
1675 532
1554 544
788 586
158 600
423 1835
430 431
106 347
1614 203
203 335
1662 609
931 1320
666 1273
1560 307
1314 611
1008 862
635 1186
1132 1300
1511 1452
376 886
80 393
627 481
1523 619
731 1670
822 1400
1451 1730
1380 1553
1490 681
1107 711
1771 366
1316 994
1062 930
1310 793
1310 195
31 974
1023 1069
617 232
913 1072
1662 772
1220 1734
222 922
385 15
462 4
1435 1618
1093 175
1450 284
247 735
991 1440
1307 1506
1326 1330
441 1174
998 380
189 523
1577 1498
105 1129
406 789
848 1690
523 520
623 736
1193 1553
802 1229
473 1839
1709 335
1449 575
874 1
12 388
227 994
160 960
120 1491
878 998
1418 1405
1200 479
1069 762
812 281
422 671
431 1028
1066 832
1608 501
1787 126
1305 1498
49 661
284 406
515 579
394 986
1612 972
578 782
24 1211
698 1227
617 913
1276 1528
1014 189
99 369
1091 1045
1726 30
1767 235
1341 402
1784 143
230 789
49 48
1770 55
336 367
1420 963
18 433
277 0
606 1820
933 517
61 876
944 1610
685 1711
47 1473
1066 1236
537 1468
357 1235
375 167
67 979
1261 1377
548 827
1713 999
618 26
95 405
1332 1462
1323 1085
1843 1770
626 233
655 1554
353 625
784 301
1838 42
1329 917
817 1341
498 1385
40 196
1436 549
1752 1061
1579 1287
1226 770
1589 725
832 1582
1075 1040
788 1595
1268 1565
438 1387
439 903
447 512
1260 276
1186 1396
1544 198
1249 1714
1771 251
851 207
1349 1642
68 841
1109 1303
1660 1083
696 1188
1751 51
1322 36
1063 1610
1760 1603
765 1329
1191 1226
1691 1115
416 1793
151 193
148 276
178 1848
1504 841
680 677
509 25
971 725
932 1214
170 143
1098 209
1581 800
1720 922
43 325
1772 1668
887 171
1557 1782
25 319
326 565
1194 1207
437 805
1160 1055
1817 1683
45 178
77 972
721 980
1589 1246
1761 500
1847 1382
1186 1642
1034 1454
1668 442
376 1259
676 630
504 1210
342 1423
190 1074
1775 526
509 295
1119 1529
1658 763
829 1273
219 1019
1693 1023
1415 1028
92 1043
1582 145
740 1245
813 1558
664 1183
598 1711
1775 507
1291 1822
967 199
511 580
1017 99
781 860
1609 282
451 816
1070 1672
1791 1463
138 935
118 1543
162 1803
330 485
396 112
1248 462
683 1227
988 506
119 1277
116 807
497 816
425 1731
1763 481
1137 555
430 1419
667 1384
1590 1097
221 1568
845 598
1414 1019
1373 1256
498 830
741 568
1050 1664
1407 888
1302 1036
578 171
1182 1763
422 891
828 1374
195 558
1334 1363
427 1661
1551 147
563 1632
801 504
135 1117
272 445
1409 858
1619 1100
1445 405
1461 1037
821 1126
507 331
918 518
1765 796
668 1447
1136 511
861 27
979 657
1260 1313
291 223
109 645
1294 1499
633 235
78 340
1417 220
934 156
323 336
1187 1001
486 455
791 1365
881 1532
147 302
1848 1816
484 1819
884 1466
1220 1360
1508 168
968 1600
1130 1280
1733 1410
605 521
698 1577
1660 1534
1643 1626
737 517
633 1605
1240 1044
985 202
657 5
1095 671
162 1804
724 208
692 917
255 1217
1580 215
1566 1678
1038 737
159 1029
897 1735
1326 1327
385 1814
285 1622
126 380
272 1657
1666 1478
79 1225
344 626
742 91
1292 1192
1725 1535
877 1237
649 458
914 746
652 173
674 681
1648 547
85 1040
115 1845
110 575
250 857
1771 1760
1014 1163
207 1079
1586 44
213 191
839 1302
982 1714
1500 304
94 330
499 1226
1046 1602
1050 1669
1563 1628
1259 240
698 1197
1615 39
1131 1106
172 1648
480 790
265 699
848 122
1781 745
1216 1643
128 1699
1070 1014
658 334
768 240
200 1757
210 726
1827 644
1390 471
306 843
760 1558
1406 101
1777 180
1347 1487
1230 1815
1779 1756
1221 1333
362 1454
520 663
673 1082
927 875
563 1471
1253 1032
1016 1273
1370 1093
104 1807
219 1198
1073 1061
906 1138
1414 1539
581 455
583 1201
694 693
980 1244
607 740
1494 1048
1197 1288
807 1268
324 1304
993 689
519 799
383 740
1612 1032
409 629
719 1158
1512 245
1398 1475
585 1746
414 204
209 1044
1440 1525
1846 749
1730 1197
1328 447
1335 1507
1 644
1685 131
345 1243
1414 1588
527 57
1804 1803
1219 852
1837 374
908 726
1608 1157
137 1560
1705 271
1621 527
275 1835
940 1658
1538 1116
310 465
616 453
414 1393
1076 1339
503 68
1835 672
436 404
1038 492
1381 710
614 1623
518 48
1642 1804
44 1364
113 1486
584 191
961 1056
1138 310
546 1304
200 774
1378 1597
447 1805
933 1421
1053 46
1422 216
398 1549
113 1679
1059 1483
1699 1394
1049 1244
1376 488
237 26
161 1121
1152 1668
1846 1192
41 376
673 682
1190 571
381 1596
651 1706
919 180
1516 1588
1001 1033
658 607
1159 185
57 393
1410 1369
1781 907
1210 136
1024 1476
1524 1660
483 1561
904 162
158 1041
558 1200
1088 1669
125 1447
479 990
869 1037
1524 879
884 1464
1570 1205
1792 1185
285 489
1450 973
514 1316
787 1667
1638 1396
470 1759
1290 860
1444 851
1347 451
1798 1829
247 1423
226 1098
907 1224
1512 1361
259 32
1082 492
861 731
1641 981
1141 273
911 1469
65 964
1363 1082
851 1663
1645 142
1238 1664
1200 454
777 872
652 1126
1188 709
1615 789
742 534
1604 1210
1270 96
779 700
1312 1403
1805 585
1461 1044
211 898
5 1478
1570 1153
1342 364
1686 690
901 1185
736 919
98 244
991 795
1338 632
1352 971
698 1498
1131 1675
439 1019
1248 1701
1147 432
1690 693
802 1569
488 1032
1695 811
467 675
1433 1590
152 780
456 1707
561 1357
881 1120
713 1760
24 525
893 1842
1212 1484
1791 1508
1244 1381
549 947
435 448
53 738
1264 527
1735 71
72 362
176 1049
1449 67
1789 1501
273 888
374 3
215 1703
895 971
152 798
1421 97
1332 1685
613 265
365 1490
1065 1588
1026 1704
760 268
1791 345
411 33
296 341
1153 175
1054 626
910 9
536 580
655 1090
1828 337
978 94
1820 1557
315 1408
1240 641
128 1289
840 851
1646 915
561 1528
172 1271
1243 1377
335 1514
1714 1399
118 1423
1696 1607
1176 717
1351 972
713 163
878 1002
1468 747
957 1034
1030 178
957 211
1419 998
10 70
1816 1096
1389 1720
1723 1524
492 881
1663 1364
742 14
349 290
467 568
478 1130
188 35
938 1266
461 353
1111 72
870 755
1356 1
313 1321
894 418
854 1156
882 482
295 454
1001 1089
1779 1843
418 1326
989 1764
341 1302
732 951
552 1408
1752 363
902 1564
525 623
1327 701
835 1589
309 1512
198 1779
1189 1315
1509 886
1624 799
574 665
498 1786
325 831
1022 645
1745 1731
1181 1203
67 99
56 1529
129 1434
932 1560
345 1377
349 265
1560 675
471 95
550 266
155 213
305 1376
923 636
1015 910
1786 1662
464 38
1131 1519
304 312
52 884
1261 1258
566 760
291 281
1192 1782
1785 838
1119 789
472 90
67 5
1551 699
407 1585
941 1267
572 193
1777 1113
1342 1333
1115 943
1176 1008
937 231
738 475
1324 1362
677 188
1634 643
1029 1241
252 1779
445 276
1021 1098
1638 1399
608 1469
1362 1
1231 470
923 774
1488 715
1683 1266
876 728
787 153
108 41
591 878
1819 1543
102 453
186 1619
734 1409
1792 901
6 355
1035 144
615 1205
1402 185
347 1526
1808 1505
1406 1672
1643 1812
1782 1198
72 957
951 984
967 1779
251 1198
914 1524
587 958
1172 1527
1716 1556
1427 467
766 1451
240 1342
27 886
683 306
1375 1380
1308 1023
1331 1001
1694 1495
1369 1231
156 35
745 1406
310 1694
184 714
1299 1733
355 393
710 301
905 645
331 898
176 332
1045 1027
1589 335
1416 203
1125 1366
1485 1732
31 848
171 46
1654 1570
1217 537
39 1716
338 1713
1352 999
1007 1099
897 915
1771 1067
619 1527
953 1468
1262 1321
1524 944
1016 1650
1387 318
512 1720
344 771
264 708
1011 594
192 240
1688 1696
1314 1028
613 65
1227 690
1094 999
963 1158
36 419
880 796
572 1446
706 1628
1101 651
1790 759
1624 69
79 365
1211 1004
1799 903
15 1806
1588 1112
390 22
963 951
1334 460
1510 1685
314 1425
994 595
1212 953
259 916
522 1481
108 1446
930 1748
1083 1213
1828 407
1637 385
176 231
950 1129
749 919
1613 714
1262 1427
1685 1404
1213 567
208 866
1293 1076
1465 767
567 1476
114 1528
628 565
409 44
829 658
737 1042
673 533
457 128
4 497
1146 1725
41 1463
839 729
1397 1313
1491 1803
242 281
1567 1422
1402 106
1025 971
709 1597
912 1117
869 1761
140 1400
1281 239
1778 838
173 375
1433 224
1830 425
673 1436
627 378
122 521
1111 1350
1592 739
99 3
790 356
865 1757
799 1695
693 88
369 5
1306 316
419 951
715 657
597 1388
1725 1119
840 1846
1387 845
1174 1669
949 115
1543 49
1546 431
35 694
838 1769
1189 1754
743 351
102 1065
393 1750
402 53
1080 117
316 97
1225 1710
191 1439
1190 1044
525 1537
1768 1732
423 1824
446 523
769 1557
1205 1441
260 1663
417 577
1151 501
1221 1341
159 729
484 576
642 26
843 1672
1791 1462
1781 182
1004 1697
1582 288
628 428
564 1282
1143 1274
993 407
1646 141
1688 275
1515 845
1317 1030
738 1380
1636 1761
1506 292
82 1535
697 1145
348 479
970 905
1700 991
1004 1814
536 296
437 247
1581 961
1270 1739
785 1264
1230 519
1155 463
1340 1400
1617 203
1269 948
477 1574
1804 6
344 1349
1397 1552
758 1158
1472 1303
405 800
129 1191
211 917
1424 954
559 449
599 80
1004 1671
326 1807
525 571
305 1730
611 1302
1229 614
1596 538
780 600
1738 1617
25 736
109 593
583 762
5 152
81 1746
1423 714
1154 453
386 1525
727 848
1230 1339
1532 1499
94 1048
1769 843
219 360
1145 311
497 818
1793 776
1693 1568
1557 1628
1735 597
541 671
1576 1038
804 1763
1729 1368
1436 314
1653 657
473 400
768 1575
594 93
1296 85
1383 118
1353 149
1518 1256
347 1729
136 641
1419 1362
288 1052
535 1504
718 1232
1647 485
114 978
1485 849
170 357
134 158
1040 827
1418 1380
263 707
1578 1248
350 679
1663 184
1563 384
159 1204
333 312
303 573
1011 253
1195 1371
591 1517
1751 1459
1512 300
1377 836
176 1342
1238 1487
677 396
1157 1413
107 1139
444 1521
901 844
227 1316
359 880
47 596
580 341
1095 956
135 1206
1718 1741
599 1547
1370 175
1365 503
634 1829
871 196
1100 1683
1174 1629
1489 1222
1566 1064
241 1632
652 1400
325 271
1129 204
188 441
1283 1134
492 1596
62 691
1772 641
744 883
1256 502
781 1192
1576 1141
1219 99
639 732
1286 175
1092 1057
124 492
1345 1451
1057 222
627 166
834 123
1583 1533
577 785
876 1370
569 43
1115 310
111 1298
1024 1030
1347 632
837 1580
1601 1550
956 1082
1799 491
551 202
902 829
735 75
1033 398
1467 1822
367 449
253 238
1423 1171
1020 926
567 595
1743 1232
1327 706
143 443
316 238
497 37
984 43
7 1545
1233 1136
897 275
402 533
1543 1171
918 879
583 1239
110 743
1546 1184
696 621
725 1848
306 55
1593 39
967 1711
1806 614
109 1174
853 175
355 1073
333 1114
1713 1637
654 389
306 311
1471 458
552 102
252 1137
826 1411
1411 807
944 941
1598 1443
37 1637
1259 1178
1477 449
1822 1494
779 826
211 592
1745 922
856 1534
1754 978
736 77
819 1179
1293 1519
381 477
1257 739
234 359
388 365
673 762
1453 1669
544 1803
1110 232
166 308
850 180
102 1822
1072 593
79 101
1000 175
76 669
1442 1558
265 1174
1411 648
1842 589
1840 977
823 7
1254 1786
355 221
1555 1337
733 1598
195 206
62 1471
1787 481
755 439
795 842
662 1047
447 86
1777 773
744 703
879 1319
1092 692
1703 1766
1338 1413
559 1736
907 645
981 1846
858 1503
232 1806
1391 445
1233 1558
280 593
740 1632
713 1201
192 692
1480 290
1031 567
524 558
146 1030
14 1520
976 1362
1141 40
353 697
1373 498
1039 1752
623 659
1799 1459
92 354
1449 37
1419 231
761 1102
1002 1303
361 1724
1002 1792
1736 1752
633 1646
949 773
1052 1596
1350 1519
547 1095
379 1530
562 1423
172 1103
211 367
374 1512
794 1270
1756 1742
987 621
1095 1077
1473 131
1256 934
1152 819
55 1202
1082 682
1834 354
1357 285
335 506
1247 668
969 132
26 1138
875 1231
490 503
779 577
1267 1254
1434 622
1409 1337
1242 1451
1433 1811
72 399
32 121
989 671
1321 1372
1741 772
1839 1766
1360 393
233 1300
1544 235
1738 211
563 1385
150 255
530 1667
314 1567
400 766
599 590
1761 1089
532 1474
140 1377
1352 622
642 1776
210 270
1071 772
236 1657
1285 487
1338 501
730 593
498 1678
1107 216
238 1274
464 462
1250 184
179 240
17 1718
1106 749
594 1710
859 1818
1409 739
607 194
1059 1114
1303 422
1403 1633
561 1460
830 843
408 1296
1519 1043
569 376
212 646
803 1059
1597 1471
1187 380
1702 1544
696 602
1368 1225
715 1270
1020 1410
1068 764
147 620
851 562
1446 429
489 986
581 494
614 1305
1415 348
803 648
1213 1124
1584 124
292 543
1475 628
682 1239
1821 725
1095 819
1188 616
1233 744
1507 990
1152 40
1138 1608
355 1359
281 1800
1795 127
220 97
723 856
435 633
167 599
1721 1259
469 481
1164 702
1640 1763
738 794
1512 48
313 571
1381 1220
486 1043
346 1333
1102 1680
162 1627
1031 115
1000 91
1123 11
1663 735
398 1477
729 1275
242 1362
1214 159
1781 1494
336 1586
1580 986
124 1622
1465 254
1604 879
1536 336
1149 1003
1145 1770
316 1156
66 651
20 814
167 61
991 1466
1628 991
1582 1667
1154 1378
1636 286
1133 271
969 1777
185 216
737 1073
447 1400
1202 1360
1174 663
198 456
1234 749
1137 474
1351 111
1177 813
1193 581
177 1223
1659 1041
504 808
172 1490
959 554
958 1208
77 367
294 480
633 489
396 848
1133 485
1132 531
1278 1322
1144 1479
625 683
1117 991
434 1508
806 1345
302 1527
351 20
277 1204
1670 70
191 1302
122 59
270 672
1040 1800
1802 662
877 324
371 1512
467 1267
1380 794
103 457
903 1101
705 567
799 24
1725 1691
602 616
722 205
1367 695
1593 674
620 1527
217 796
1339 1671
1532 245
230 981
649 1739
69 186
1215 1010
1689 1701
680 799
65 169
915 229
1196 1145
805 1223
1279 1038
527 884
356 723
183 576
988 721
1330 293
1826 1129
1600 1407
487 948
464 932
1497 1648
664 776
652 1749
141 149
141 1121
484 1487
1748 735
480 418
455 243
442 453
108 574
1279 689
428 1379
1133 921
778 1676
169 314
812 21
375 78
776 1369
1137 871
1404 281
541 693
1645 143
674 851
1500 1420
666 677
1672 1208
655 1593
1505 951
1303 478
1154 1311
607 446
1461 869
1766 1071
1048 1136
1127 45
159 1700
491 1336
253 971
1399 301
1251 220
1448 293
1330 1249
1589 1514
1379 912
1440 1482
923 1479
1058 1206
1463 516
258 1205
1785 1394
824 914
1330 1467
529 625
1510 1791
535 847
1082 314
575 1124
1369 841
1217 884
148 359
479 1166
1744 1411
304 1646
897 161
1572 1785
179 1788
1074 879
814 1486
1440 758
7 271
1402 1293
1815 1637
560 328
1083 1115
1302 720
263 953
324 802
120 1799
942 892
1229 946
602 1378
1688 1749
1377 190
1252 863
641 517
138 1588
297 1471
1636 987
1023 158
1294 1707
773 893
584 766
936 270
855 226
801 1173
305 792
726 57
1431 1076
1644 1827
974 1431
1618 274
429 245
664 89
451 1224
1068 975
453 434
1156 1560
1166 488
1541 1069
1013 1637
1414 331
997 1664
924 1040
1138 1091
1505 333
249 67
1787 714
1608 653
1291 1065
1682 356
1101 1056
1370 1432
351 1655
609 1522
916 16
965 707
279 544
1135 1012
107 682
484 1088
17 32
579 303
693 809
1221 880
155 643
151 105
1417 1270
1839 1682
1412 797
401 517
1251 1078
1026 1194
639 1421
1727 307
1260 1597
571 298
1745 10
1167 430
338 37
1102 1262
1571 1271
1625 522
750 1284
1364 659
588 566
1004 89
1496 1444
1069 956
649 1693
741 1556
73 1392
1187 1807
1214 497
543 946
1586 1800
1081 408
1641 25
26 1512
797 807
1825 633
916 12
278 1722
201 297
1303 77
867 377
145 1018
1842 1104
655 675
621 134
710 1845
1468 171
1395 1776
1281 1039
1355 658
833 1726
979 1288
1705 921
1560 1434
1015 1036
489 208
557 1742
944 766
122 878
1306 1817
498 536
250 18
1250 1758
142 443
198 1385
1765 341
1396 823
826 648
1608 1061
78 803
445 494
1730 1689
1802 34
637 63
71 1605
1600 985
352 1545
1722 347
144 691
41 934
446 290
1670 555
181 1483
1837 659
1215 1432
823 1684
723 266
922 1556
357 1157
1423 1079
1387 22
1383 1663
943 1072
627 1254
1320 905
1844 849
1158 119
746 1603
656 1568
533 314
1728 1684
1193 19
619 202
1787 1027
758 139
1146 1456
206 1803
247 1663
791 1326
1397 1585
690 629
253 807
415 1703
1040 138
470 644
1141 788
569 11
1286 1104
251 49
206 1553
945 1831
430 554
1845 506
695 1480
1732 1120
615 1461
595 503
758 420
467 546
444 1706
578 1168
717 98
225 54
1098 1587
641 50
1305 1652
1373 1064
825 734
164 1606
1254 1396
373 1143
823 1270
1772 1058
1015 482
1174 295
1056 353
1116 1293
924 1315
726 1457
35 393
463 1259
108 1060
1690 588
508 1049
201 1142
598 932
1084 106
786 458
410 1785
74 339
689 349
190 1565
693 575
756 354
1491 384
176 401
175 13
430 1086
8 836
1372 1252
706 139
539 117
878 1303
1321 419
1749 1118
122 1511
1083 1610
513 1518
1340 768
1315 831
67 532
397 1846
555 408
1291 1116
600 1295
1690 420
137 1191
856 1579
1276 146
634 433
1660 1138
1494 648
715 1159
989 1148
1778 1769
860 1439
975 742
660 837
214 439
608 1266
871 191
1831 1008
1656 626
1036 595
407 1532
1341 880
1289 1537
608 1562
452 100
12 1502
1528 1771
808 1849
1635 1605
235 1516
1239 142
1648 350
800 787
1357 203
1198 1700
727 275
1435 925
1697 1015
185 1132
839 342
1213 1098
1642 1836
463 260
1177 1818
885 1438
1575 965
1019 675
469 104
1758 403
824 849
1500 1444
1752 1555
1171 1031
1514 374
1386 713
1290 1825
56 1279
1159 867
600 1760
300 245
1643 1656
311 886
1408 949
1141 670
1567 1425
1087 227
602 1828
285 886
1263 1769
1716 1721
137 1813
888 985
1386 1520
1347 853
999 1622
1577 584
1343 867
374 582
1303 92
914 1228
948 472
246 335
419 312
720 1557
268 109
394 650
706 1281
1085 870
1175 435
862 499
978 320
666 680
1256 1721
79 1216
352 287
48 1181
1050 903
210 431
83 1549
486 1127
1205 1697
701 896
1095 1546
1276 86
248 1687
660 188
1362 1381
1740 1555
514 621
1360 1319
1090 623
1607 845
1742 397
1533 1812
1267 136
542 1089
1707 1285
91 1130
838 245
1185 289
1013 708
97 466
1787 1279
293 1247
1015 995
481 380
480 1214
1009 500
1355 1324
861 1518
362 1500
204 359
16 1349
584 872
1840 1301
185 233
616 1478
1463 1114
854 1822
215 210
896 333
1730 979
145 1639
1253 142
532 657
691 1421
121 76
1806 400
1118 1335
1630 1612
1123 1668
686 392
1716 795
865 602
1502 622
933 157
829 996
960 488
123 793
1307 246
1614 433
868 1712
1723 1832
418 1052
312 101
608 116
1730 224
1751 959
337 840
1153 160
803 1805
1060 917
607 412
493 1636
716 1804
369 1078
1573 1296
90 146
307 873
1108 697
1622 1001
1180 771
867 947
944 1774
1235 60
1353 1287
206 1114
530 1369
1284 911
1583 958
514 403
1204 1379
888 1473
361 646
1428 368
1449 1230
169 605
895 1359
910 1302
1301 1741
663 1217
1266 1506
1135 932
681 118
27 1531
1198 1808
501 664
536 511
1237 221
159 1514
709 1154
1345 342
120 576
426 686
1832 1284
26 88
1386 1195
1231 1052
1366 986
1142 14
1593 1531
839 1036
1795 1203
448 769
0 1162
1594 1119
117 1614
842 654
1712 994
1215 1775
421 70
258 923
1475 1740
88 1521
1768 1023
1091 668
143 1567
980 330
1329 1782
159 945
1520 401
208 1001
1362 266
15 1110
1590 1191
1402 930
1305 872
351 324
449 1199
308 898
1006 882
112 1712
1019 1331
1651 826
1420 127
1767 1779
203 1622
1427 1673
1708 1742
405 374
1623 1574
284 1441
461 259
1635 1085
1270 933
259 497
1600 1120
1804 484
1678 1016
883 1570
1453 897
70 1273
143 187
1443 1808
975 1406
937 446
741 20
772 1726
771 1154
1714 1487
1523 1122
1790 1441
1180 1440
1014 383
583 1784
726 1716
298 1252
409 1657
1019 221
674 930
568 1748
361 1468
678 878
1295 1785
504 53
1569 1840
937 1301
1020 1626
1495 343
1050 600
1593 800
29 345
531 471
554 264
424 722
1014 91
1686 1545
1012 432
886 208
1533 1277
236 494
1610 1098
1751 451
1003 1679
1129 336
53 1380
1119 453
34 517
169 321
438 739
890 1216
774 1774
108 1702
1843 1756
1637 131
875 806
832 30
1159 603
313 1710
1043 1297
738 106
176 1734
630 249
862 1481
1596 300
338 24
276 981
1149 1177
307 196
1552 1312
940 2
1304 889
684 975
556 1403
181 1372
495 4
1511 1282
1110 322
257 1128
399 168
256 512
870 65
1150 1732
936 216
156 1093
930 510
1398 351
622 826
878 1645
864 82
1588 440
1326 170
1308 782
156 694
113 568
72 211
1021 1168
1472 1631
83 610
175 371
1281 1791
661 1319
840 1585
978 252
1050 720
357 778
958 1763
1507 1274
1335 1553
1640 1527
1698 908
1623 158
1184 285
286 481
1820 404
1541 914
535 1057
1399 30
1538 1847
813 919
195 676
897 633
1042 703
116 1702
1763 1027
1090 1167
1604 745
685 0
752 442
1373 1782
610 505
289 919
1646 1342
1470 1659
694 255
594 1376
1278 620
1585 88
1579 394
524 1019
601 1718
1323 702
121 904
1586 907
834 432
1128 911
908 48
708 162
534 800
163 1190
102 1781
1843 1755
1187 1392
556 426
1784 1239
890 612
1810 1504
907 935
1549 1041
857 1176
1193 1238
616 407
1637 1042
1730 67
1452 75
40 1670
1678 216
1573 180
921 1833
845 1498
1314 481
1490 1705
721 1279
1227 1339
1152 752
1153 1037
522 1560
254 1391
1675 1747
1766 717
1275 1739
1417 1715
0 1711
1351 1674
1213 916
1528 1743
1523 108
58 50
796 306
1771 736
125 1302
1544 1767
1037 1790
1273 1073
798 641
1026 367
1220 175
729 150
909 646
358 1559
94 174
791 1327
1243 466
202 1292
1112 663
489 1384
516 1455
1550 183
1547 1555
770 1464
1528 1736
1378 732
178 272
558 1118
274 1085
73 816
803 1594
1421 1156
331 1110
1318 1777
347 1620
1253 1378
731 90
1593 1627
1723 347
252 1360
1605 1672
200 1153
230 1606
1801 1735
1770 1810
1157 124
823 1780
1715 276
72 1340
1769 147
539 1056
1832 914
74 896
454 1628
1245 668
1773 219
1600 840
1091 98
35 637
1835 1132
993 464
208 1331
1290 271
1841 1150
1050 964
0 836
1125 150
1087 1333
1738 542
1272 699
404 281
1179 1216
342 1197
30 787
602 1668
34 193
1841 201
753 378
31 541
57 1620
999 782
264 903
1326 74
734 1742
1757 1040
1477 1032
574 1717
1072 1057
487 1411
48 1203
134 1041
1265 492
1646 952
19 881
811 1211
580 1708
694 168
604 1639
1230 1783
1142 1601
212 1038
1766 867
1694 1184
461 115
957 1281
241 105
1518 586
761 1513
453 732
1373 420
71 1144
1732 300
1304 350
321 353
383 816
846 500
616 146
1113 1404
694 1469
1139 1692
1674 85
1689 3
1834 756
1265 318
1100 1064
1065 1293
1206 344
1058 1664
1003 450
715 321
878 1340
133 1219
950 138
1373 716
562 319
1003 1776
1042 785
1640 302
528 1703
748 351
430 607
1386 351
1552 460
908 1367
1430 1385
326 1392
805 1367
910 834
962 513
821 452
1823 529
140 781
453 269
637 1755
1186 1099
1791 632
1185 321
1425 1422
790 1766
1009 408
1764 149
1626 185
552 1822
121 62
1479 1188
1358 121
1585 1269
1176 18
327 1318
722 581
50 1440
769 425
1617 1237
408 1724
508 1268
4 811
992 64
865 690
465 417
1085 109
866 226
182 1736
18 1745
29 1241
506 1096
867 1709
527 953
400 806
1091 363
1618 1085
591 415
730 417
94 413
1576 399
657 152
328 1457
1160 1056
1703 580
1203 1672
1174 755
625 1733
261 676
458 1028
112 1776
1330 647
1367 611
1832 1466
781 195
1605 1647
654 1452
1364 440
444 649
564 697
1702 1471
638 1561
424 1840
1811 916
1090 1788
138 1364
1400 1343
1073 1752
338 815
1046 1618
1627 6
1799 275
965 57
975 61
290 254
1656 275
134 1612
1274 1477
1457 1071
453 1039
1430 50
79 956
1639 85
1722 1797
1823 570
457 423
763 1652
991 842
298 922
895 1754
1283 1759
211 135
925 42
437 488
1001 1547
679 571
699 44
459 174
984 75
469 295
1102 78
244 401
1725 989
1782 3
1022 1124
1091 1796
1254 322
378 1755
168 140
1414 498
996 1336
918 674
1351 167
329 716
411 947
777 1843
1003 415
288 470
1438 1266
1767 753
656 887
1064 1678
1770 630
10 1724
1307 1708
448 863
1691 645
729 1429
161 921
1325 632
1056 1075
277 635
1418 869
82 1261
175 1752
1564 871
1202 527
849 1778
1625 1255
62 297
990 1549
139 1532
793 862
1613 1423
1405 949
18 1518
470 85
796 1711
1015 1290
557 1437
1111 354
1030 490
1407 248
1744 1134
1477 600
734 257
7 1705
1140 1410
267 966
1247 918
588 1340
1135 1370
838 1181
63 1417
1123 221
1693 34
316 1512
1519 35
226 1611
1123 531
1652 1345
1541 1178
986 1371
334 176
1509 32
3 352
922 190
1115 1175
376 1465
556 1334
1126 347
1329 1733
1327 102
947 1816
824 1219
1540 243
505 570
801 460
646 1665
231 62
1136 1792
974 1426
314 187
1059 956
1022 1516
1474 1478
17 1026
781 904
1139 1642
410 586
708 883
1177 1776
1560 1226
513 837
1007 1550
1265 470
1841 436
1144 589
709 1234
751 1135
1456 989
1812 517
512 1550
406 533
888 735
984 1052
663 770
1401 352
569 1746
307 1683
1126 1849
1492 614
1236 158
155 144
1243 382
1063 1213
873 10
1740 1683
261 1302
1455 921
1099 1661
577 1353
174 1228
1260 998
365 1201
1160 605
683 1196
1268 472
1571 992
1823 1115
1812 1236
620 126
957 103
271 977
912 851
1253 1002
1556 1549
29 451
987 674
882 142
37 1455
1809 1668
149 1215
381 1820
1698 1615
305 1391
1818 1776
472 1618
1747 1576
1023 76
602 735
1276 978
257 545
1073 1236
1727 348
1375 1221
506 582
330 519
95 800
730 560
499 196
513 1619
645 1516
1240 1554
989 1376
1795 482
1658 766
988 1162
1479 403
598 1041
1255 1066
834 1147
969 1133
1772 1619
439 549
1003 684
267 1432
97 1590
1086 976
1513 1836
1547 542
580 1367
1633 1702
696 1179
1501 1122
97 1698
801 1211
1399 1007
1253 1340
1114 1452
906 1162
1747 399
692 406
874 1354
54 817
159 436
1538 1402
1177 684
1270 1251
845 114
1780 613
518 1819
1806 1337
1594 753
1278 1260
291 931
1041 600
1638 1737
1355 538
322 1337
550 98
364 1506
941 635
1744 1809
1631 1272
579 1786
589 1796
679 1077
1329 874
844 853
1387 1490
657 1078
396 392
529 1185
920 613
209 1225
1276 1383
872 839
1454 652
1836 392
1087 685
248 1624
1539 595
1615 376
1142 258
340 1594
1474 866
35 441
1070 1072
1790 192
68 397
167 975
141 71
852 365
19 6
1080 116
1249 1538
552 357
631 810
364 603
138 1621
1046 274
1646 71
1510 434
1451 630
789 1657
513 1745
1655 324
698 930
1409 1749
1203 1182
327 1760
576 1045
1805 305
1278 231
989 234
488 1603
1098 1308
319 251
1660 1163
898 363
884 1235
570 910
1326 1794
294 732
1721 882
1721 346
558 1557
859 471
713 266
604 244
1558 698
1576 110
1148 689
1768 1044
1055 321
247 562
289 874
446 1435
1703 341
1768 1587
761 1153
189 721
1060 83
1142 243
1632 1190
1390 257
1275 50
1314 376
327 1374
1536 1549
1476 178
840 1535
1172 380
1691 1138
1019 180
1714 1572
358 1634
523 905
285 1829
91 1650
1497 477
253 1352
505 595
1314 380
1425 609
1648 1167
503 236
716 1501
936 128
1340 1002
1057 613
846 1126
976 1419
535 1274
1594 320
857 1692
761 845
708 686
1382 415
1099 959
85 1596
1262 1240
543 1357
640 1031
1565 274
524 446
1777 949
1583 187
764 1212
1837 582
1434 555
1704 715
273 788
250 1000
104 364
183 355
786 110
1312 1400
61 193
1229 369
908 695
39 617
1352 1208
489 675
1645 1567
1243 358
50 1505
1568 1784
1256 809
707 537
566 1043
1830 214
1044 1069
1456 305
748 741
315 13
57 884
316 96
462 1502
1750 1053
1534 1726
566 1010
1387 1083
1585 1202
539 1506
395 335
230 98
783 730
297 977
87 1664
1215 1036
1284 518
1407 85
60 1120
561 262
995 527
828 595
173 1240
4 120
930 1613
700 385
1007 1142
700 986
887 1537
146 994
1759 482
594 1045
159 485
12 71
881 650
754 1792
509 1532
1342 1555
238 1468
1177 599
1242 1160
921 46
731 1687
781 374
542 1555
71 612
1140 30
254 1404
1292 1698
1221 101
110 974
1399 256
686 1234
1070 284
287 455
1297 1395
1010 1432
1059 1372
1288 866
1765 1298
1542 142
1316 1532
611 969
860 342
1136 687
1256 716
390 1513
952 1121
1224 1202
11 1465
433 208
1293 1131
961 932
360 1650
1688 920
722 268
1354 1720
1700 1348
28 262
905 1586
1434 499
556 524
902 1498
1546 1086
768 414
515 1737
1024 893
1672 126
1434 134
1681 1636
1439 249
391 767
5 553
721 943
1067 1782
229 1720
1306 220
206 613
1575 758
1676 957
373 1355
1056 564
1061 664
747 1709
984 1429
754 775
131 1574
1554 627
1708 1800
1025 1590
1811 654
1389 648
575 24
1220 358
1236 1649
1437 802
997 1172
1555 1492
1070 23
1764 1705
327 709
205 448
1038 1379
1566 1713
1791 1261
1115 1501
359 681
767 1134
1670 1174
330 815
1624 27
217 323
1519 1849
225 1026
1423 90
298 205
571 1321
1178 1489
1373 1100
1570 923
1688 780
1823 1819
364 1285
246 1003
193 1516
1241 1407
1418 53
11 244
611 391
971 1156
1786 389
985 108
1377 1310
1640 481
99 1394
943 1786
1070 1618
54 32
1007 512
1180 1809
499 735
527 1750
1758 147
565 428
388 1785
292 1117
469 73
730 916
902 1167
396 422
1602 274
1168 1587
230 36
1070 988
913 1644
885 1494
400 1783
158 77
1620 1466
728 1130
1135 961
942 1040
1782 1470
955 1642
641 963
1482 312
372 830
1563 865
1172 1765
1772 1414
1398 545
587 468
1648 1546
1744 750
1838 702
1230 283
798 770
1351 742
663 1750
1439 979
589 1104
105 938
540 1748
939 759
1423 1336
1160 439
764 766
171 377
573 332
757 1719
783 489
703 1570
1465 346
1010 1775
1687 905
1829 1170
1542 1496
1401 1686
667 362
47 1659
1778 1394
173 660
186 426
1629 300
765 304
309 1361
592 615
482 1296
1617 1498
1513 1262
269 715
618 914
1593 262
780 158
168 382
339 543
154 244
345 358
1579 255
746 310
1514 1431
686 1452
1052 1759
1365 151
162 206
818 639
385 1081
1665 1315
899 709
1223 34
1608 898
1536 424
1800 659
1009 1683
1288 553
816 232
954 1310
1377 904
251 1557
1342 796
598 1258
1552 637
1475 807
1639 1458
1565 268
400 1305
928 1051
1149 1158
319 1106
1579 154
1688 1794
739 266
1254 1349
1060 1155
597 149
469 544
647 1427
518 247
231 732
767 323
93 174
1294 1404
1530 425
1533 1429
1317 275
525 1570
1534 833
728 1370
68 1657
669 1848
878 725
383 1680
1631 268
1670 10
1812 1020
839 1810
460 1338
765 1127
1618 604
1705 1833
791 675
1509 1605
1187 104
882 411
1738 399
1600 1659
851 518
982 1265
1169 500
89 571
810 1555
1564 430
1509 880
1259 1134
69 683
1126 745
1396 267
1597 407
1746 1283
414 1027
1064 226
943 1662
1630 463
1280 830
27 857
804 126
565 1136
128 531
1741 833
954 162
1014 320
258 1153
1844 1164
215 156
705 861
58 1209
1462 1243
1121 1144
43 1277
751 1012
1254 1621
1256 1109
1299 328
786 515
162 146
347 746
1511 1834
678 1712
731 1169
1692 1619
787 288
449 1732
1124 1516
84 571
267 1550
1487 142
504 1126
62 777
217 1342
704 1005
1532 1181
1353 1758
1239 426
1472 1034
644 1757
240 1294
1418 106
559 1289
1679 728
81 969
802 1294
585 23
602 1177
1433 1706
354 1448
384 174
1359 1112
1455 757
1224 1364
456 494
1127 706
959 1459
1220 1449
1807 894
854 896
1738 453
84 1301
495 1841
361 1177
1651 1072
1157 686
389 1452
1034 1352
1402 1116
1309 1741
1062 163
700 741
164 1292
497 29
47 479
346 963
403 752
1789 1021
225 17
1535 1118
1460 585
1472 1310
634 1336
52 975
1517 229
130 1318
1722 559
1527 1027
1122 1572
1766 1534
1148 564
742 1679
128 1319
785 573
1751 1683
752 1668
1696 1273
718 122
835 749
1330 982
1727 416
1314 1156
789 1771
188 1009
590 1000
1349 385
1682 790
1605 223
612 327
1667 1759
1600 731
1487 853
216 1300
1033 990
1817 1395
597 1121
1261 1424
1306 43
565 894
1783 127
1475 1481
1294 1087
1508 527
367 1760
567 516
983 945
1111 1519
1794 1842
691 999
110 1218
87 964
679 1567
893 45
1520 1371
133 257
1802 1116
419 1463
1506 1017
919 641
182 831
794 1493
440 953
1176 1745
223 528
1125 1579
736 1782
756 1237
1690 1161
1392 894
36 951
646 813
278 667
1607 173
545 1128
1180 1165
1713 525
1833 485
1106 798
1127 502
1590 1434
97 137
372 845
1268 1631
361 1061
149 492
843 481
1532 843
1162 1051
789 1846
1387 1468
1672 243
391 1283
1420 833
687 586
1294 796
1145 1829
253 1025
28 202
1803 1487
1506 1706
1241 704
624 210
317 1753
743 670
284 420
1697 1820
1236 787
1829 1384
880 1307
1668 1828
274 879
1703 296
491 346
1060 1424
1249 552
1180 819
21 1542
80 1089
840 665
483 1298
1424 1598
1544 280
1569 1709
1559 48
1818 167
1722 158
56 174
446 904
833 98
911 252
657 356
1846 736
1224 1264
1569 1501
388 579
357 113
1041 500
1818 503
1650 810
714 1171
741 404
304 260
1624 1687
1429 7
329 1497
1818 1536
277 1724
873 361
487 1588
654 1463
97 1156
283 874
1725 486
485 790
1746 1808
1560 969
467 941
58 1413
1280 1338
530 288
1805 53
671 658
56 993
837 1127
1532 468
72 1496
1788 222
1196 1522
1121 711
1295 603
1557 1222
551 1401
1533 1133
1748 1663
822 1518
1205 970
1807 418
16 943
820 1359
131 1760
1418 877
1286 621
1584 1614
109 1088
1077 1223
842 984
1455 7
1349 860
1316 567
631 298
103 387
273 519
340 160
1804 544
164 885
452 44
1640 126
1287 405
505 573
718 102
1093 1408
1672 1763
571 181
1379 177
701 1781
1560 397
751 1581
1718 1681
242 1726
237 1691
34 1810
1491 1385
1416 1357
689 1059
699 1649
589 1626
1251 1352
733 329
1536 1572
408 1395
194 711
1514 3
119 43
90 994
1346 239
1431 1232
1301 394
813 1679
1521 1549
757 1258
1184 1595
1008 1707
1485 1785
1715 1796
1071 645
1744 870
618 746
995 125
1511 641
742 1010
367 1574
891 1492
779 1760
862 531
670 734
675 887
1218 1219
121 959
1726 255
431 607
739 599
807 858
1395 243
649 1168
533 1484
372 1344
846 581
414 1498
751 1847
702 1050
1503 1618
351 1090
161 71
1553 293
42 1208
429 529
565 305
53 1126
1619 1010
206 584
981 1582
61 674
783 1333
1347 1553
1682 1719
1433 484
1163 1175
163 109
1232 352
999 5
990 596
721 1684
1656 300
942 51
316 999
1191 307
1183 1301
1253 1535
1072 807
560 1258
694 233
399 636
1132 1289
1207 470
1388 1492
266 1140
69 727
525 1654
363 371
573 123
817 933
348 1393
1836 256
1816 1689
115 595
1706 543
368 816
1595 827
1008 897
163 1569
1142 1799
1349 1786
104 422
35 290
1792 844
1704 1168
1602 1824
1331 1229
727 1288
705 1407
1746 221
295 749
1086 176
523 1280
656 1710
486 716
1235 881
888 619
558 853
765 476
1121 493
443 126
1218 133
438 1288
1500 1034
1625 1655
1828 840
430 334
172 889
1841 1756
237 1294
616 1281
0 659
973 406
1457 723
1101 1055
1754 445
1379 770
1609 1191
1723 1691
1088 169
1067 454
1579 986
1538 1822
1821 335
1688 761
1677 895
38 76
896 281
181 353
1530 863
1167 1103
938 941
1655 172
1703 1698
1509 1552
947 1545
1797 1709
1365 866
1547 1579
1097 1434
765 666
425 1363
1554 1161
1548 1835
11 1122
1076 352
1139 857
84 313
241 1720
1310 1435
19 1113
316 157
878 281
66 1491
1798 1144
942 608
496 882
990 398
1330 618
1750 537
1584 1806
404 1466
1233 105
1617 1556
598 1563
870 1160
376 391
761 22
130 1550
1206 1267
1503 1364
1343 1466
483 1521
199 1490
1007 1069
756 241
1296 1596
410 844
1626 275
1487 764
1163 1058
800 1369
651 1108
605 1056
1128 1808
611 1005
1576 211
345 195
11 286
827 1041
1004 606
1232 690
1819 1423
1139 1518
1081 1777
911 1530
1328 1427
1770 49
1459 643
1678 1271
675 1547
1123 1378
834 633
658 1419
1494 1350
859 1721
1796 236
769 1591
192 1628
64 1440
1191 196
225 933
760 1740
745 1561
1624 241
1330 1801
1324 834
236 230
900 617
1147 897
911 62
46 1821
469 249
380 1027
1172 1585
214 580
1272 736
973 1480
1597 82
1695 1042
297 1544
1538 1539
568 1190
1751 748
1815 883
75 370
697 1842
311 219
830 1157
1188 1096
1413 638
1522 930
439 1055
782 1501
1055 1216
1726 14
1230 1443
1407 108
41 235
264 785
1146 513
826 1733
1775 1568
1336 90
743 756
1303 1365
559 437
834 1735
687 289
36 132
1809 706
1180 1123
847 948
584 333
1734 152
1179 706
753 637
219 1237
637 456
1390 170
4 1029
66 798
795 984
1170 1795
992 39
127 255
1109 508
1472 1477
746 1533
317 685
443 1234
556 32
898 7
562 1521
1145 88
882 1294
279 420
1725 320
83 100
1164 280
675 15
1075 1024
688 1665
768 1549
1044 517
1759 1757
324 1316
894 1489
298 1320
982 701
1012 1103
100 505
978 1213
1812 926
1176 486
569 1480
1024 1036
429 250
1838 1743
461 1803
978 1070
1832 1641
996 141
1404 796
691 784
923 869
235 1035
773 1316
1574 500
439 1485
34 1371
255 1195
543 1773
1141 21
1671 132
895 1153
496 700
121 1459
59 823
1349 579
214 503
936 1132
687 410
1634 1025
1430 563
1802 1756
1447 439
99 1078
155 1075
1843 553
896 239
168 954
1420 1741
1828 1597
669 1106
981 1771
1375 1509
911 1471
759 973
855 1523
1680 740
531 42
475 618
1723 906
1500 1174
782 79
1691 1524
232 966
1264 57
1437 89
157 1025
625 339
142 912
1055 634
168 707
1638 1836
1095 199
1141 281
827 935
1506 339
628 791
1787 104
388 1232
99 152
1749 1811
1395 167
1385 456
519 1539
137 793
1138 1610
524 1584
119 1533
873 196
356 1534
281 1711
1152 771
825 1433
278 1481
182 760
1175 1204
255 1701
548 385
75 1173
688 1841
835 315
1597 1420
1240 1460
1196 1416
740 942
871 873
496 748
1459 20
1415 759
1380 618
704 1143
324 902
1121 1605
324 1095
1480 500
1830 81
352 1561
1529 1054
159 201
1561 287
1172 1187
26 1083
645 820
692 874
1584 634
850 965
587 1181
236 50
109 1345
621 442
556 1406
1455 1647
1669 1055
215 1016
836 1507
886 1796
1594 831
92 879
1638 1643
626 185
1487 276
1783 772
560 977
1415 504
1793 841
1492 1337
1010 526
1664 371
83 983
1468 867
123 88
1732 1199
1719 1741
1405 884
1250 387
1837 1431
1099 471
116 1317
1677 1276
206 1416
364 704
915 1588
858 190
1595 1778
1209 802
49 641
1768 458
708 1437
405 832
1823 1610
501 412
1848 370
221 49
512 1142
1062 664
571 581
821 1730
478 1448
346 1087
1287 394
674 1117
1329 1584
193 1124
37 744
329 56
1752 830
551 1591
1263 265
495 115
1747 1722
1243 863
1666 5
1702 758
527 393
695 1305
1287 1596
1167 1758
1255 800
771 1368
963 795
381 1372
644 1586
93 1627
1438 667
861 1657
1150 1235
1374 1744
377 1689
68 1606
1062 1536
211 670
546 1269
682 1122
746 197
760 1744
1524 1138
555 1551
34 1020
26 827
1285 229
1598 1207
1828 833
1270 1166
338 1848
1466 784
587 147
1443 919
438 1696
1047 535
464 66
1163 467
973 161
1728 738
1779 269
460 1403
1628 1700
375 1189
1643 401
470 1827
525 206
128 263
1008 304
848 163
400 1239
1523 720
753 1054
116 911
258 1599
722 181
1437 1569
887 1445
1323 1838
767 1753
919 1533
1570 626
660 1077
1213 651
1467 1291
275 1824
1773 285
1065 148
653 275
766 261
1129 1026
410 1659
24 1469
876 1848
1334 369
938 2
350 431
1016 38
21 1000
115 490
604 1074
251 1067
1832 1541
1765 281
23 1396
1077 658
882 1753
763 386
287 1033
256 1601
462 495
1127 214
1567 142
764 942
1301 1530
911 1767
1035 1571
1480 1650
1223 1480
756 129
104 628
890 563
922 1602
89 1113
932 244
456 1426
662 1267
844 240
1807 1326
350 1184
595 1766
1095 1169
1215 1370
325 398
1546 1355
36 1440
883 615
909 439
630 1194
1089 1110
299 1186
1713 1136
339 1733
1167 1169
1195 1054
323 281
166 863
1735 1113
1740 1191
581 298
1408 653
174 1449
505 986
516 101
1826 1148
58 898
1553 183
1474 185
75 1277
512 1384
1268 832
1764 664
517 275
35 1622
1034 1218
668 1469
714 1024
706 1094
1228 343
677 178
59 1426
279 1803
782 1739
1624 665
16 269
987 696
1289 270
815 708
469 1568
572 250
1811 1515
631 801
556 460
1830 415
803 674
1277 958
559 1573
905 538
929 1449
1372 142
51 116
882 1342
1111 1448
1687 69
1213 703
278 957
16 109
468 455
807 1602
448 415
176 1313
465 1766
243 1028
1223 749
320 905
1434 1481
52 1177
923 1820
1803 191
14 154
727 837
587 48
1000 249
830 1062
1807 480
442 1281
313 131
924 1057
1597 840
899 670
1381 1449
1566 934
1611 907
1324 1224
726 328
358 524
308 1338
325 7
344 12
1070 507
768 1066
1678 937
465 1282
1172 326
201 1600
586 595
626 275
963 991
271 1839
1277 1705
340 1805
1802 1065
901 1450
916 1267
1251 1321
477 1663
1540 1182
474 516
427 28
1080 1217
1082 533
1842 178
1091 1560
386 626
570 834
512 1099
337 221
117 1617
1670 1363
541 1641
273 1235
1037 529
957 850
1779 217
383 356
792 1376
1587 1044
101 450
994 1539
701 1116
222 1391
1647 301
114 447
1229 244
1047 1651
755 1266
1784 1122
797 1503
876 1130
319 1557
56 1248
1523 248
1646 161
441 112
1753 1502
1145 1614
673 1212
655 1224
727 1518
1010 1736
544 576
807 1844
466 1071
610 1008
504 1728
1116 1829
477 1597
834 720
1200 1622
52 167
1013 24
1352 238
903 1055
1824 1835
408 246
658 1724
574 1844
1125 98
1436 527
1005 119
992 1306
1406 1277
359 1552
545 1127
945 910
1452 325
253 1094
389 1315
990 1041
113 546
1569 1464
1029 29
480 1249
567 178
1414 1403
1665 728
452 602
951 1463
1587 1023
375 1262
182 1188
233 531
250 874
1508 345
257 1513
764 521
927 1388
1075 55
1362 1797
868 1253
1410 787
283 100
1725 1794
1085 699
689 1012
955 1662
857 576
332 910
1271 958
738 1602
302 1028
1334 1418
660 38
1223 928
585 305
303 1200
1680 1682
1718 842
181 1526
956 1122
606 1237
888 41
474 1683
814 568
1205 200
492 1757
24 858
1367 726
906 381
1179 337
1335 1839
262 930
326 1604
1263 280
454 50
1523 658
1503 1164
561 1796
1363 533
1552 794
1768 79
1533 1339
368 1286
883 500
757 328
1586 147
1100 1731
993 462
1230 1587
1751 809
1244 174
944 1058
1081 1724
1756 1194
508 93
1782 850
804 1558
1100 716
195 1200
73 428
1178 1087
624 432
150 394
1697 1401
1362 1613
96 1740
1109 581
122 1522
1619 837
465 135
1794 472
987 238
1587 1701
1098 1739
440 1499
1337 875
1597 1510
1200 1553
1223 81
1595 1040
120 330
179 551
170 854
1281 97
653 1151
1452 1533
1158 1406
1393 319
393 1620
1570 1461
591 1604
397 1606
1786 181
416 95
630 1288
1051 649
916 1379
888 1503
666 1488
1111 800
277 776
1312 402
205 1309
1249 167
1178 1835
943 1642
601 1362
868 1202
656 531
198 1767
1279 945
943 1186
1590 1395
1257 824
747 725
1573 1440
136 177
507 175
87 439
1724 1033
436 38
1845 1514
1531 686
1645 314
336 1389
472 282
1694 166
144 1306
784 1821
536 1292
898 1423
363 802
59 1303
1717 575
749 49
1257 1175
786 1356
310 929
1599 1017
1147 807
1405 237
1155 240
23 234
1831 834
1108 1706
757 1457
791 1297
1269 1422
174 1230
1836 70
1206 1254
1486 547
419 654
1006 1369
1529 1038
729 1732
1683 1032
553 654
994 1782
1783 150
577 272
399 1489
114 340
1441 927
883 752
1432 1408
1416 1391
1254 579
13 58
123 1825
469 1172
241 151
1705 1133
1442 1527
1601 1751
1478 928
1497 1430
1786 1557
1844 539
453 1791
1109 241
1 1137
186 1518
1059 1371
469 1415
1670 1683
253 316
1399 1286
727 92
1563 1491
1592 1108
1595 1611
1223 178
1539 503
151 1832
1454 602
438 1749
1396 1662
479 1659
1151 1763
1520 1020
1733 1596
920 177
798 50
1292 908
787 1207
1551 964
1093 1073
1383 949
1178 404
331 605
765 502
392 1117
306 1584
713 229
156 1261
138 1359
1141 1151
1642 900
1523 176
1067 998
28 1499
875 763
682 1036
696 1809
697 625
1721 217
1578 331
1624 962
939 586
922 274
1146 1399
892 1451
320 636
1086 980
663 537
1642 1399
307 909
597 1174
1719 717
40 1081
762 1542
1082 1212
170 307
1276 1460
1503 1602
965 1360
232 1208
276 25
941 12
809 1019
1016 258
1658 1258
460 1369
855 882
1530 1708
556 1309
658 1616
1491 436
1834 478
1069 1784
1461 1282
1818 1665
478 468
1184 33
727 1471
1804 1756
725 411
1398 1027
204 148
441 1489
70 1177
86 320
823 1292
859 545
1323 65
1625 20
665 39
853 1091
1415 565
711 534
1335 1803
373 1546
1488 503
1817 1699
1190 380
1030 1036
1585 1261
463 805
1030 1715
129 520
1531 1518
299 242
610 945
1054 1020
1537 1066
203 1311
541 694
964 233
1344 1089
48 1640
928 1789
1565 1074
1026 946
1454 1218
536 1698
1817 1477
693 1109
239 972
1057 1602
756 1043
1319 537
1142 809
1790 844
1355 607
1688 829
241 1043
1797 68
103 549
1723 1379
494 1846
1086 508
1510 474
480 1072
475 451
819 563
488 1574
602 1198
1486 373
581 776
1098 649
531 1699
769 1493
1458 492
1171 773
1609 499
1188 1178
1280 1742
923 1684
993 1115
541 446
1382 959
251 1192
1542 143
453 911
236 1641
206 1193
588 285
1051 1567
1848 1431
1778 1120
792 1275
1494 1676
1236 30
1248 464
9 629
1439 1182
1780 1094
493 736
301 1640
623 648
801 877
276 1606
1247 355
1012 38
1744 1152
1403 365
1807 1242
1435 1200
1702 235
1278 330
1528 717
909 421
1108 444
1254 1426
985 1044
314 266
1354 573
1754 1805
1560 714
1718 1758
1844 377
36 758
1222 1824
360 1001
1293 89
988 1578
681 1748
1678 188
423 128
1637 525
322 614
1321 181
477 1037
1814 753
1308 1501
32 149
1773 981
78 275
1438 1675
1349 1186
1178 1342
435 1401
168 472
1827 1076
1206 1331
199 1843
601 976
288 1231
939 992
435 1206
1652 1027
893 490
1298 1556
619 41
370 1401
1512 1120
1204 1267
1021 1308
390 1376
1204 199
457 1222
1154 337
1518 1373
1146 569
1410 1161
892 252
21 743
1137 1481
488 1760
701 322
1312 1221
750 1597
1046 1565
717 772
1481 1057
913 535
1178 1750
1226 555
1722 1649
1655 373
1641 230
364 1711
1607 481
736 1192
1031 1024
914 841
1421 971
1823 131
381 529
602 1615
978 1444
1165 1041
1402 376
971 191
340 1070
331 1280
24 578
1724 61
367 960
575 708
1214 213
1429 3
1659 158
997 1394
321 1299
1122 443
54 1509
751 176
377 1837
1313 300
194 1699
1492 473
399 1141
357 1701
1636 514
1225 1490
259 280
278 717
1309 772
174 519
1578 689
186 1388
1445 1255
116 252
372 22
1549 134
328 1682
205 397
862 1609
979 380
1684 253
425 711
1474 5
1312 1798
1610 929
890 1464
789 669
1375 1575
749 1782
597 454
786 211
309 1532
415 1765
685 369
1809 1154
1185 966
1467 1443
88 1033
945 490
638 1632
306 117
185 549
1570 258
783 741
1646 890
1309 550
43 1173
588 1720
679 1086
1654 209
1182 481
671 152
1536 1743
375 1332
71 1388
1146 996
836 1143
1109 963
1135 1707
258 557
756 151
1302 729
910 1453
74 172
214 312
256 1371
725 506
455 1271
470 1611
83 1050
1353 1250
1084 148
1601 1825
506 1837
1077 1086
1818 1501
978 973
593 1174
675 322
502 555
590 1130
1567 119
886 1311
746 1431
671 766
1635 1353
1269 781
323 1753
99 1661
589 409
958 998
1779 948
955 157
1578 1847
677 1089
105 348
1079 1024
622 712
229 535
1472 211
1698 336
529 979
502 1596
540 1393
1570 1814
933 253
642 438
44 645
858 274
704 1502
1267 1820
410 213
228 1157
1343 1053
1781 63
1616 918
210 1429
522 1434
455 1672
545 358
808 230
1289 531
1084 835
1203 1763
640 90
537 1343
227 1336
475 347
353 444
239 1556
689 1202
378 842
1128 450
1136 782
810 322
1390 1467
1334 1596
1369 1649
1331 1110
660 895
774 1792
1283 1721
1354 1831
804 859
1158 795
147 843
876 91
1318 1498
1801 352
778 1775
129 1137
1723 1729
410 284
1362 459
482 970
1179 864
1263 389
566 980
1647 560
1564 1057
1826 594
1297 643
1535 1212
478 1728
1536 1165
352 629
1830 1053
153 288
157 238
25 1516
368 1135
1593 1687
54 1334
1115 87
601 1682
1711 1389
706 639
837 1373
746 1115
585 594
1827 318
291 1483
262 1139
1523 1554
109 367
1817 1094
817 964
1020 245
29 1554
1586 1556
754 1434
1507 826
1588 393
1600 705
1134 882
848 1073
104 284
1396 1007
272 68
887 1300
1095 679
942 1633
242 1117
923 530
1494 667
392 1422
416 405
625 1299
1418 1210
348 359
96 951
829 1355
955 771
900 490
1534 266
581 1158
359 683
988 263
1262 659
720 676
923 342
768 1084
1164 87
330 423
1731 177
794 828
1628 963
489 1577
473 698
1843 63
365 562
487 1653
107 1023
80 507
327 1520
395 409
806 342
1577 1527
93 1220
1844 1263
588 99
354 1117
573 1838
370 780
451 1174
408 776
499 40
854 691
702 65
68 1598
1454 394
1692 850
234 610
1420 314
1401 1346
424 581
859 1544
49 454
1408 1394
1254 1693
1265 1018
1087 1502
1367 665
724 1622
1639 1759
1834 535
1290 125
1312 460
688 1413
1285 1458
63 1306
1493 580
996 570
171 1361
311 1614
960 972
1719 723
1794 1119
663 1620
956 1212
211 1218
895 1276
1488 974
1088 1052
1198 36
1359 440
586 411
366 1557
1428 1529
1769 1203
1745 716
1281 82
130 727
1453 960
1459 577
414 752
1815 24
1757 239
273 824
857 923
579 1642
1642 487
807 1264
1554 1842
355 668
205 1320
871 40
124 1829
701 357
1693 1368
743 1592
1065 1676
887 1217
715 1226
1722 114
525 1004
585 345
194 1255
287 479
813 975
1412 1046
862 1561
990 620
1092 83
679 334
521 353
175 1345
690 132
1141 813
1781 885
340 1146
1247 1562
1098 1023
91 1093
1318 909
157 1158
476 58
731 1261
1294 886
1409 1515
1379 839
551 1593
1277 1133
1463 75
469 859
1683 52
1429 1133
1547 1110
1474 553
1068 6
869 1779
1585 1835
298 946
1088 1160
650 468
187 1444
1814 1273
223 136
615 1814
809 998
738 1138
592 785
276 3
956 1124
907 1364
1695 708
541 1420
1160 1266
29 1577
1192 1808
297 1702
679 1616
1393 434
318 644
841 1458
925 632
1690 109
686 1422
778 314
243 998
914 1138
672 216
343 1289
1551 276
180 991
751 1382
518 1663
1714 1617
775 251
888 1296
997 998
1658 400
34 1762
218 1773
768 618
1758 514
1744 696
1460 661
1096 1401
1563 832
997 1398
1695 744
846 1380
723 1125
130 69
19 247
176 1188
1281 483
776 1649
1587 1368
449 1603
846 488
579 1662
940 690
942 521
1756 1031
1369 843
1083 1558
1487 479
1134 1294
801 1264
1698 1618
1460 1594
1774 360
737 1847
1167 1351
212 1135
1797 409
1342 281
1585 1298
225 1393
1486 1788
841 1265
1559 1561
655 1814
565 1337
984 101
60 1361
857 727
1575 963
861 655
1170 675
1057 922
375 660
919 661
1037 1615
84 1569
1314 1561
558 162
335 1816
1102 300
1471 15
291 769
916 941
481 1527
15 1555
1343 784
1674 1010
552 723
884 1343
1008 432
1415 388
1125 127
218 306
588 692
46 479
274 613
1715 503
627 1734
207 735
1771 1106
218 1196
1070 1758
1575 1505
197 379
417 627
485 1258
1583 38
42 30
313 298
888 1527
412 1207
549 711
1140 972
258 477
1616 1651
448 425
39 376
1715 445
181 852
1314 998
489 773
163 571
22 1079
577 1625
1128 761
1177 1808
819 706
949 1024
1287 98
339 117
254 1540
920 425
108 1225
313 722
742 80
1753 685
705 1554
997 628
1678 1583
378 213
1498 860
962 1139
1566 1127
1304 621
903 1506
784 1845
938 16
703 258
1027 1028
1481 307
1005 1389
1094 309
1556 1470
1232 483
1297 303
209 76
211 1454
1454 657
226 1739
1186 126
1047 487
756 209
1295 1394
346 1404
1822 778
462 1214
110 806
1214 1841
170 62
395 1765
565 1830
1210 550
1699 1537
1420 1336
1569 313
1577 806
1188 1154
1695 858
1801 74
773 411
1776 1827
1265 145
662 667
1126 1380
1163 916
553 44
1523 1178
266 150
932 557
1037 901
973 1553
1482 1150
1520 1626
1196 1617
457 1835
146 1316
678 311
64 1094
1426 118
458 1568
1246 506
1062 1437
1591 177
1461 1136
1436 682
63 992
55 203
11 491
355 1091
1323 128
1262 364
508 459
1740 1590
989 1198
1024 1317
1591 536
911 967
970 827
938 1379
343 1702
540 54
220 466
1029 1301
1222 270
1051 782
259 1309
1382 462
142 686
26 176
569 349
1689 370
288 1759
1184 1169
574 1774
1290 196
1781 525
750 840
780 1612
1829 1795
1226 1716
385 1654
1038 595
1091 1562
884 1837
1030 749
526 653
1675 667
1615 617
1515 92
1720 1268
1696 761
487 535
1688 372
1787 326
44 1800
987 760
1688 1515
1018 1639
51 1633
552 74
1813 871
1847 54
1090 1035
1340 354
36 1575
834 870
445 230
639 1535
1440 842
1324 904
17 148
841 1161
676 1359
685 364
827 138
1830 165
1754 1843
756 768
1564 1238
1640 998
1136 1037
227 115
304 494
1383 735
166 579
1417 1817
419 1158
1832 1823
408 52
1666 866
68 1150
1388 327
114 393
1706 1416
1516 820
1798 1485
1007 758
1541 746
915 524
286 969
1815 1695
1065 662
1833 1719
1762 1810
108 863
42 1629
1126 479
498 1064
796 364
1805 1011
896 1402
7 328
1010 1845
210 441
452 1041
480 894
1784 1572
1076 1232
172 1184
847 1268
1172 1398
716 1127
1698 1223
1548 615
672 887
1419 93
1104 1641
1415 1027
1062 89
373 1177
1724 1003
653 1338
1159 626
1313 1821
1542 392
471 832
61 1271
522 1547
514 1479
250 107
1694 1204
1823 97
915 1424
1783 1726
1191 520
1355 1169
1263 1551
1127 6
0 1748
648 922
434 1247
814 197
434 763
735 1573
1236 841
89 1165
201 818
1367 953
662 1293
1466 171
239 1033
687 227
1598 1557
107 1207
1307 9
63 58
1464 1053
1461 1697
1305 763
79 1069
600 1485
355 942
1447 87
410 1790
760 634
84 1632
850 1440
1287 255
1350 172
911 613
1695 525
1706 117
1258 723
1773 1599
312 1533
100 945
1465 1777
83 505
1848 243
872 860
435 916
996 658
761 1262
1607 761
19 1081
1276 934
525 1211
1504 1835
1351 611
1404 1502
1569 1190
74 1379
263 527
1056 1506
82 1269
1690 669
1498 766
210 848
19 1709
979 1078
148 1375
23 1119
1318 514
382 904
1804 183
1368 187
1471 1035
1478 1168
205 1266
1228 1674
1777 1259
1773 433
706 750
307 1081
1298 479
701 1291
1723 244
1441 1060
880 516
1486 172
848 1253
25 1192
545 1696
1745 837
789 1054
266 127
1095 1184
766 1652
966 789
363 1171
583 1644
1 771
1320 769
760 1152
1604 106
1385 1571
1198 661
120 1077
832 1667
1507 1143
69 143
1115 176
759 987
739 427
874 452
1677 1805
1521 479
1563 1788
863 415
808 237
518 207
842 43
755 773
355 1228
1483 268
430 976
1186 512
1496 851
689 961
1288 1661
740 1091
199 235
661 1700
1101 1506
1337 400
684 1182
934 937
361 52
1633 252
431 1362
821 1615
1387 669
242 1833
1411 712
540 908
621 1699
1235 603
727 1772
1820 1549
1621 1359
968 861
784 747
1356 1636
1664 521
941 955
1613 1819
700 70
100 648
1270 253
231 1048
263 1264
471 405
1188 342
434 1261
709 337
821 295
273 1115
1447 903
660 1569
695 1283
1054 1489
1495 137
946 966
1826 1119
472 1602
1263 699
1183 84
754 136
1497 1425
1477 1760
1632 42
428 468
744 811
1224 263
539 651
885 1293
127 1579
1808 1348
303 651
212 464
155 1199
761 1189
607 501
837 1465
191 1054
483 111
1364 1588
351 902
1132 468
1252 223
554 24
1458 1596
1007 169
180 719
1011 1456
347 231
1767 79
791 1330
1116 1676
22 1682
733 1428
733 599
519 1270
943 579
899 642
612 1547
454 1808
1465 1721
291 951
1096 352
265 926
835 83
96 466
201 816
1226 1683
1602 1565
1673 1255
966 1173
1742 1606
793 990
1842 1797
429 70
991 371
615 1697
444 117
108 12
235 155
13 1760
1002 1043
138 1202
824 1615
588 515
230 68
1356 1318
1314 1623
1564 216
389 1114
220 994
982 854
24 385
607 14
1419 176
952 1353
1404 1288
591 816
35 444
785 548
1546 1169
802 163
1683 1028
1345 191
1219 275
1184 431
174 554
1793 1369
40 1683
147 1182
1034 1115
592 385
1435 1335
1825 769
1537 1793
1374 182
1194 530
1568 1201
1696 1417
354 105
754 1774
529 636
1575 1709
350 328
1417 1684
105 966
1196 543
1252 415
214 1591
573 494
545 866
647 727
402 1798
1680 1091
1370 331
1447 1489
1292 805
815 1637
638 424
483 287
1223 1367
910 897
856 1125
1630 983
833 255
1402 662
890 1708
1039 1585
1183 309
18 1100
1110 184
1554 41
1474 530
1248 1135
481 1027
1354 463
1845 1848
1370 1103
420 842
1205 1153
1755 1618
23 939
1012 1097
1653 1584
1380 1832
867 1845
1679 1215
417 648
1362 1220
577 546
590 315
1816 374
381 1792
1429 1173
1122 711
293 576
1155 100
528 1620
701 1599
89 870
611 290
1688 1344
1079 994
638 84
281 1507
1283 1259
1783 1125
1303 1535
434 530
478 1800
1193 494
1510 1508
1572 609
1172 1517
1172 1287
1576 0
1152 621
932 1563
1677 78
1593 562
1758 1710
1333 0
125 1532
1840 581
1381 574
718 1780
625 1145
1542 1572
148 1552
71 1224
3 582
152 209
237 708
852 1320
768 1245
1664 1234
840 503
403 696
355 454
1302 1451
978 766
234 988
1394 1512
566 106
404 1700
762 1645
237 1383
291 1372
314 443
961 1432
21 1480
225 204
1386 1439
1838 1706
169 903
1324 1543
1039 1535
485 1719
1658 872
452 983
220 1421
1462 954
437 1721
1114 1533
55 154
1638 160
1533 1705
1606 366
480 982
940 698
402 1728
1077 976
243 481
1073 1800
792 1606
1634 1310
900 1457
330 1230
1173 1833
1695 1673
1434 520
1626 1824
854 540
957 1149
321 521
1397 30
128 711
294 517
328 1258
372 375
1751 779
1606 25
891 322
581 604
1629 1649
571 852
1622 1650
201 1667
1627 293
694 112
760 420
228 1690
1436 1645
1247 1761
1731 1698
462 259
761 1001
671 1077
1126 106
468 1181
1793 1236
622 535
2 191
429 762
152 928
1840 1669
1341 504
1576 1034
81 1105
1049 459
323 1342
786 1071
1544 1843
1604 697
632 163
1453 1668
143 1496
920 1703
591 291
168 856
627 1447
1146 450
1479 1271
475 1278
889 547
570 1234
1621 965
215 677
35 396
161 927
954 224
269 1755
1246 1816
60 1778
1373 934
367 500
500 1485
282 1369
1276 340
1068 1246
594 292
73 838
26 615
64 157
737 564
197 1788
1279 993
1538 1291
130 468
1728 1731
78 561
1273 646
481 126
262 857
580 726
1827 1040
824 1471
1700 963
1157 1628
1362 43
1001 891
1185 1790
1020 1159
781 524
1194 553
399 133
1431 1401
621 1752
1205 477
586 289
714 1031
432 1730
1453 1252
256 267
1780 1684
1100 908
606 381
1098 1501
28 176
1117 1383
1058 467
1123 1124
1064 1556
897 1325
1334 245
546 568
702 1669
1513 1020
249 832
906 1649
410 1718
940 14
1614 886
1273 1665
372 1102
377 1514
570 1147
1781 388
1173 960
1527 998
234 1695
975 599
426 609
42 800
1122 1542
1220 1013
1113 124
807 1503
1067 641
259 1223
1798 1604
1348 719
1807 1015
296 39
637 269
477 1792
1112 1750
1551 1709
1421 129
1324 1752
1192 798
369 226
631 1053
332 1147
184 1031
1228 668
1791 1424
1107 194
1010 490
607 1061
149 342
708 592
62 1711
893 1391
1262 1754
1679 1010
816 1245
868 693
1566 716
1301 723
701 422
357 1116
1576 273
820 263
167 876
172 697
901 675
679 242
648 712
769 131
1558 1194
72 1034
1597 736
652 412
1051 1587
1695 24
1817 691
338 1637
435 1379
621 977
1686 1339
1245 1495
1340 1544
606 258
793 1137
171 947
559 1472
1761 608
1757 193
587 1271
1553 699
231 574
592 703
304 1325
1231 1265
1606 165
1090 373
1012 1667
916 344
172 829
1801 1419
1734 1078
495 395
97 1617
256 1504
1336 1030
1337 966
1403 1284
188 849
631 348
1221 1728
803 892
1096 1346
287 1640
1526 617
647 1088
1650 1827
706 1664
229 1164
672 1445
303 1354
1849 948
1318 1152
1270 1094
189 1323
1411 1072
928 537
1223 1615
257 363
122 11
408 1273
52 1498
1455 1133
260 1508
1055 564
1254 1203
676 1734
1444 681
1462 168
1725 1831
660 978
1079 1317
520 1641
1235 1785
1828 830
1382 1214
1244 94
1653 1617
1696 583
443 187
234 1497
520 205
1676 362
1707 685
447 340
572 130
898 488
1074 109
569 286
828 793
979 1709
748 546
135 1379
1835 270
35 1613
1046 1503
448 223
717 833
1262 1725
736 1557
1209 1183
535 1072
210 697
330 1717
564 1812
1038 781
1482 1463
154 1520
1156 1827
27 513
1344 439
900 959
1109 528
507 1280
220 157
1369 1161
856 1287
429 1692
215 458
909 361
919 850
779 1208
547 350
683 1773
1592 1688
83 452
1082 1122
1733 1584
106 55
1438 1241
349 1134
1374 760
1273 290
639 749
725 1246
778 278
844 1297
493 987
646 742
1347 183
74 701
1594 1826
1107 270
148 971
264 385
1110 1229
1039 840
199 842
1066 800
1728 1126
829 976
448 1748
352 690
1351 599
402 846
1656 103
1080 1284
869 754
87 42
1600 1250
200 1766
1049 742
29 861
879 1272
323 1067
160 1228
1340 566
1584 1357
1615 611
208 221
911 1160
1705 1839
1618 1263
1085 593
632 1183
833 1366
809 1239
322 1806
1130 946
1486 902
1428 1662
809 741
91 1394
1523 1502
426 1422
231 323
1444 247
1187 547
1188 194
1614 675
985 41
1466 301
630 1197
1409 521
401 1504
1577 1305
1020 517
1585 168
1126 458
684 80
372 1536
157 221
179 705
87 169
1104 103
428 894
1687 891
1439 630
1718 327
1551 593
821 435
568 1627
1163 929
872 729
658 282
1453 125
624 1721
497 144
588 678
1508 1838
1051 719
738 237
709 129
933 97
241 1365
1575 131
141 1353
492 644
1021 1587
166 943
160 1245
156 759
1171 1316
1020 1656
1540 481
125 1735
74 357
1087 364
1802 629
1242 1326
1023 1225
743 1219
1070 305
130 250
1400 358
1062 1615
223 769
1009 873
890 46
118 849
197 1486
1592 1612
292 1533
1249 126
606 711
1276 1754
1509 801
669 165
975 1776
1064 255
1128 1102
40 990
1798 846
881 587
1453 1646
1344 214
1142 121
646 1351
150 1287
886 1650
707 770
1157 89
657 866
1497 584
1150 1785
246 15
198 563
783 1134
1816 582
830 393
921 1028
1607 1344
1086 607
1594 1793
1407 1724
1635 1521
1000 1192
552 350
118 1732
1515 1387
1021 1768
1367 1032
273 1592
588 878
1434 1009
394 1520
522 1813
160 867
1632 1404
708 811
218 1584
320 585
1780 691
73 355
1700 1231
1012 650
585 405
1226 1081
249 681
746 1660
240 1178
45 445
525 850
631 178
188 210
307 1522
662 8
1425 912
72 1472
340 1011
32 1307
569 391
1119 56
455 1208
806 720
17 844
848 588
705 108
1843 456
1187 1293
1628 36
415 536
671 729
1057 190
946 2
195 279
1267 299
448 1731
499 474
159 179
1341 460
1211 615
1127 677
1675 957
3 1545
689 272
1438 957
1331 15
1362 1133
1195 1603
811 1570
1528 203
1244 330
448 920
1138 1078
1051 1693
629 1556
1180 602
423 1132
160 1300
1837 370
662 778
1816 1701
724 1170
192 1469
695 611
382 34
1654 1831
1594 519
1019 542
668 1217
746 1524
182 1479
1467 102
442 750
137 1609
191 261
204 726
906 746
752 819
1002 793
721 212
1286 489
741 1304
414 634
1665 975
772 1366
1772 1566
1100 1127
1131 1676
164 1111
861 129
573 910
1605 1422
547 1840
514 1180
1184 46
1080 1496
115 1539
1792 759
848 315
510 244
299 1642
1151 363
478 625
1137 307
1336 1705
1241 551
984 1140
1626 626
473 1558
1245 892
1250 182
879 1263
1189 608
165 841
1666 152
1473 367
1764 141
1562 175
859 971
759 1329
1452 1041
1723 618
1001 675
29 773
125 915
1043 631
472 1844
1216 1812
84 722
1294 364
171 1821
303 52
819 1154
1113 990
1241 1726
1791 140
671 491
1534 134
1023 956
354 1233
1803 484
1162 1207
513 18
1595 538
155 1808
685 1285
603 1778
991 419
553 226
32 1798
648 807
673 1122
185 194
193 1621
95 1629
346 230
1375 1334
1499 1672
1449 1815
352 111
1368 620
1437 84
1294 1342
1822 885
21 374
320 1011
1103 308
1304 1571
1229 1492
567 589
1780 64
1550 809
606 1461
541 1183
57 1112
1218 1409
1474 479
464 1012
1286 1751
235 1629
641 1505
52 1395
399 812
394 1366
1600 930
1643 1504
1726 510
874 983
545 1749
732 470
376 491
207 1171
1070 1594
438 1128
1325 1424
344 1037
1279 1847
791 982
1498 839
1384 1069
1660 465
24 1036
58 412
1280 58
815 1653
1183 622
149 181
1475 791
918 1005
1639 318
726 286
1762 517
433 489
888 810
799 1493
610 570
823 1081
1290 995
534 471
50 419
417 608
383 526
381 581
1729 783
65 439
1737 512
167 1275
1590 1222
617 1411
1831 123
300 1181
1711 1047
1462 142
1379 627
227 773
520 307
1492 400
651 977
929 938
92 1795
1045 1228
849 60
1119 988
655 427
577 1155
1205 774
816 668
590 611
707 1464
305 329
906 691
1681 514
1081 1273
1219 708
298 1830
1652 839
691 1025
890 500
793 1609
643 14
141 1250
1655 1207
1306 437
1545 239
923 1136
852 322
478 1316
940 1806
1226 891
7 921
351 1788
938 1315
1331 1547
553 1051
1787 469
812 1799
1760 500
571 1673
434 521
410 386
605 1055
1441 476
687 1647
791 506
1722 1156
1224 1359
1848 1105
1382 1563
56 756
1307 1685
1029 705
293 764
987 514
1159 1621
134 77
174 378
329 1529
104 791
1560 298
110 515
1428 234
1155 917
987 841
1486 1564
1438 231
1038 1739
201 861
1184 81
1252 425
1183 1632
1314 294
484 764
1263 702
1399 121
1475 1027
1634 1435
1617 886
1651 535
866 1789
1426 1653
230 25
912 775
1387 1607
1143 1411
226 649
697 292
467 617
886 1237
976 176
1234 1611
463 1771
1146 135
1225 1476
825 497
36 1348
614 2
1208 998
1596 1611
1547 322
215 937
921 1071
424 1442
1806 698
1679 590
855 126
1278 1381
1618 1631
752 163
1520 1246
188 228
972 60
1456 1428
611 1465
994 1842
528 1591
1617 219
515 956
1517 1267
636 1790
975 1679
1561 88
534 1848
904 832
1247 1686
161 1605
1573 1760
800 1236
1118 1627
1339 1346
1392 1114
1695 785
1407 619
1619 88
703 1192
956 517
1632 977
1132 1105
19 1487
212 1578
1297 406
981 736
359 1464
198 199
1774 1185
1811 1513
1564 233
1161 1032
1023 1568
63 1684
802 1701
1381 413
789 509
532 99
544 451
857 703
1807 1392
656 76
1761 1284
382 1435
395 1384
1084 916
370 1743
437 1615
294 1271
1576 1169
1297 452
1475 480
195 1492
1535 909
1602 190
170 1291
635 1786
165 131
1469 1767
1698 1835
1595 1217
1772 1056
1846 251
1614 219
1061 1024
560 1766
217 866
818 712
222 1602
1843 378
1120 126
220 691
710 46
444 292
1687 975
699 1447
250 608
636 687
76 583
1753 1333
855 1632
201 968
1006 708
159 29
1777 882
1081 76
592 232
227 482
1497 1578
1547 473
569 1716
296 569
268 1164
749 772
907 707
45 1066
1322 415
1275 1255
1697 774
1553 1680
973 602
1115 1163
1539 589
1703 1292
1516 1202
1293 60
1577 860
1240 561
1324 94
285 203
201 179
1245 1506
1377 1634
1696 1128
1093 1296
320 189
155 1780
1409 1391
132 990
974 1307
1264 770
508 980
878 756
1141 1215
1840 571
836 1285
1317 490
166 659
211 142
735 1024
1327 1538
395 855
668 626
280 1827
1775 175
711 42
1171 1079
1583 937
1421 1071
193 935
1382 4
262 53
453 363
1261 155
989 1419
1384 1331
1145 306
1515 375
1799 959
1686 483
806 1343
1281 1332
1479 1744
179 69
252 1471
1320 448
937 156
1619 1245
403 1484
777 1452
1275 1561
459 1381
1583 31
830 412
1333 1263
874 1155
1818 684
931 1066
804 326
1037 636
656 1201
896 1116
1376 1209
1147 125
1690 591
1538 885
1414 1580
222 190
631 1727
920 457
932 992
1754 910
1467 56
1776 599
1033 47
663 953
467 12
200 869
1834 163
1608 363
1260 616
997 469
1716 1746
1620 380
173 301
203 1650
826 1160
496 113
116 1469
1262 392
1767 637
90 1539
863 536
43 450
177 437
854 1823
271 485
1080 1046
830 930
29 1217
1676 1598
828 525
1711 419
887 1699
283 303
1546 829
846 1085
843 620
918 1708
422 1780
1751 1479
1426 1234
521 1056
1156 1104
691 466
384 861
1749 122
1233 40
808 475
424 1422
1097 1351
260 140
45 589
1675 786
995 1120
1374 98
1788 1202
1393 359
41 427
1095 291
980 574
1460 1142
953 710
622 1482
713 1395
1562 911
969 419
639 407
345 1234
132 1473
266 1018
1258 1741
1450 1092
827 1022
567 986
650 843
643 1105
1428 138
430 1590
9 1735
1616 1278
132 47
1831 681
107 601
1528 909
278 786
1304 902
221 810
654 1521
1615 11
425 214
123 432
877 738
754 192
1650 1331
783 310
574 330
1274 1720
1317 567
1585 1424
966 1498
1299 339
1441 1540
1168 1693
1209 2
964 1101
1548 1697
454 758
1015 1147
531 1066
59 1340
403 1710
644 905
1647 271
1511 768
398 1166
1355 323
1569 1368
329 1148
1540 998
294 428
1155 1108
703 1548
903 1266
736 798
638 549
1365 1129
1158 935
629 1298
669 366
1289 416
1049 1278
287 132
561 1061
411 1246
1692 1391
1073 282
1559 162
203 208
563 1321
692 207
898 89
149 1
1849 407
1491 722
961 461
1228 1562
179 985
481 998
526 99
1653 1196
218 1682
1111 667
940 584
467 252
1735 1121
1605 405
1836 1082
1266 539
332 995
1206 945
763 244
1511 1320
824 734
896 164
861 985
444 306
933 1431
946 766
469 1527
1676 1350
864 1420
230 165
506 1689
651 1577
1407 1299
1437 1812
1352 97
59 42
586 1360
70 661
1712 1002
1103 331
36 963
154 1762
1376 1529
1185 1441
131 849
1206 1345
244 1371
1025 137
1430 753
216 1255
466 238
1737 1601
1408 898
603 139
1311 1331
1013 744
1839 596
480 1330
1296 1757
1392 1249
466 1671
1372 1271
1810 103
1708 726
732 1791
1708 665
1525 842
684 1632
1043 950
1452 926
484 518
660 1732
1122 1484
1434 40
978 1250
683 1710
915 597
575 799
1557 641
1178 1707
465 929
1557 663
699 87
259 1207
1338 550
1770 634
1543 90
76 1490
716 1765
865 983
477 901
277 793
441 38
754 586
740 668
1291 164
285 263
1199 300
518 562
245 958
1754 694
1721 171
1471 158
755 1742
718 856
606 747
9 1439
771 752
514 111
1160 539
1065 69
1399 1785
407 1791
176 284
184 90
395 818
122 1109
1106 1443
762 1082
209 1568
1214 1043
1140 530
373 1184
1154 681
46 947
1320 758
469 444
1813 1560
1032 972
911 198
733 1744
330 174
680 1202
529 1792
1155 892
1478 1308
981 1598
1783 717
1353 612
39 1707
1824 185
1561 1574
1335 1238
416 776
200 1697
1414 147
330 1028
1011 1794
554 1713
1065 573
31 1757
482 318
538 645
262 866
349 1746
1717 519
1660 526
1133 1839
541 1690
1191 1434
206 1238
274 1323
179 1554
14 1644
1033 596
124 134
1712 354
1394 1499
179 888
1558 614
1202 1264
389 1534
779 686
1505 963
174 1815
492 970
873 70
31 441
410 1828
54 699
859 480
687 192
1667 1052
979 263
29 851
501 557
1843 979
1683 246
362 899
168 781
693 678
701 1588
1817 871
861 1523
23 989
1635 71
412 802
1581 259
1404 1707
429 1531
205 1072
605 1075
1662 1286
943 741
588 850
1522 681
858 268
819 602
620 1640
1047 1507
892 116
865 384
1173 921
1220 702
1138 1063
1476 1104
469 380
1366 1216
1218 825
154 401
633 597
475 1155
91 1266
709 356
568 197
668 795
533 143
275 423
354 1542
1429 1705
682 1542
1450 692
140 147
1545 1561
1036 45
480 1242
1686 1232
1572 1067
883 200
153 1667
1237 426
70 1003
11 1716
1777 254
1423 640
85 827
355 1045
939 1450
441 221
263 965
879 645
351 1304
219 489
1571 144
1145 1733
292 218
16 515
480 1326
944 833
1134 323
417 1379
1342 789
1673 1320
588 1575
1170 1001
619 1381
367 972
437 665
510 1207
401 1371
1351 813
982 1327
10 704
1411 1265
934 677
493 182
623 1697
788 1772
948 1602
623 397
739 372
713 568
1222 1835
