0 611
1849 1705
2 1350
1848 1153
3 1842
1847 664
1846 181
5 275
1845 1640
1844 436
1843 192
8 794
1842 1805
9 666
10 1206
226 260
922 1803
1643 1064
1602 1569
490 959
1 738
4 1515
1841 1330
1032 1760
544 1752
62 1065
768 931
1527 590
275 1072
6 1442
11 301
12 792
1717 61
211 1823
1208 586
1398 296
1258 595
968 1757
1194 1478
1329 1435
991 1143
1462 741
520 1594
1295 1467
7 1474
14 487
1098 1012
28 1005
1110 1708
155 1374
1786 957
1715 1733
1762 475
1661 1559
15 505
1036 1517
203 907
556 1426
455 942
106 124
1703 1432
513 1085
18 361
492 396
1240 955
1647 1472
958 495
25 1535
778 632
16 386
690 614
858 437
63 566
1556 1439
1636 1270
17 1831
374 42
1056 958
1815 468
914 663
1723 835
488 281
612 846
263 1591
13 1154
506 1361
385 384
799 1406
19 728
1058 701
638 169
835 1090
300 989
834 107
940 1347
1235 248
739 1097
927 1120
1498 479
1484 1274
624 1670
1034 1151
1095 1710
21 1304
479 1772
1092 26
22 1419
1499 236
1008 364
954 1223
445 1249
1824 206
707 575
1126 454
774 48
876 815
127 1473
1185 1830
647 1078
837 1093
1618 1261
24 112
1834 694
654 616
985 189
1024 1150
1820 797
737 492
119 264
1614 57
23 409
26 623
291 1785
1550 50
164 1695
603 653
540 552
428 926
20 1579
43 186
976 1067
201 1587
797 141
29 644
881 1547
75 1266
1525 1353
1608 625
1827 754
30 1328
205 1100
367 1320
27 180
31 253
1534 1124
1039 1601
1253 1101
32 1572
1502 172
1732 1057
1641 52
476 274
1015 118
33 1342
34 956
305 1738
695 996
337 111
473 1714
1624 1786
35 1662
935 1538
637 1326
76 1434
162 593
335 870
1002 869
36 898
1653 852
125 1073
38 761
519 1039
1120 618
630 354
1063 886
1649 911
37 1817
310 21
933 1724
926 1094
408 1548
39 631
40 1145
1497 1429
824 1354
1021 1608
817 130
967 183
1395 795
167 266
113 876
1454 1289
848 382
1644 1678
41 218
303 621
1478 1062
1756 1423
1134 859
42 156
44 745
961 64
851 520
1102 1697
362 1618
1492 696
648 12
46 67
1374 1586
435 447
849 1339
89 1394
78 337
1125 941
1477 1450
45 348
1724 1797
1263 742
806 234
1326 1398
68 1070
1366 748
49 1302
1544 120
318 513
663 1216
526 1138
1573 369
827 1323
302 1197
1050 594
458 148
486 197
1689 1375
256 1799
466 984
1146 207
47 867
545 1063
500 1512
1709 1051
53 217
1821 735
51 1446
1418 589
238 1460
586 1614
1130 298
633 639
230 15
48 1405
50 190
54 1390
764 472
725 766
179 304
52 1358
55 1371
1076 1399
853 515
594 404
56 1602
390 152
735 123
1771 890
446 329
57 1253
870 1447
1407 294
1113 1581
1186 947
145 1292
1660 138
1759 1832
160 1309
1010 617
1296 44
1787 1821
1514 1004
878 939
1379 1130
1764 177
971 762
136 1730
388 1128
727 856
1382 312
1803 1575
1396 1091
58 847
1200 1682
1594 833
1700 1345
571 734
61 1491
1286 699
1587 1199
60 9
123 562
847 496
644 1777
320 733
1625 584
1712 1047
1491 164
553 285
1687 365
59 997
64 1030
487 226
984 546
1121 142
65 1226
1430 225
66 1193
1663 23
1006 1407
533 850
1073 469
110 500
875 215
102 1220
732 817
1809 1557
1814 1524
1203 484
1705 512
69 785
222 1778
1729 540
642 1544
316 814
1175 1539
67 1701
652 293
1627 1644
866 1229
1161 1278
344 1402
333 1509
665 845
312 891
71 463
72 677
990 1516
1351 182
1547 1687
1509 501
899 1258
1201 1213
70 1321
338 1196
497 224
74 161
1363 557
449 1469
502 411
628 1409
939 1793
1285 0
73 213
77 804
459 910
629 306
814 1561
585 1816
1656 116
906 400
889 773
139 940
412 579
217 1279
1216 884
1437 1534
169 1238
79 1319
325 476
121 1683
846 533
1376 363
1181 1251
80 1107
81 446
1158 765
215 1655
1304 672
951 1606
82 16
415 975
1232 764
1142 41
1264 176
919 481
1442 732
686 1570
1436 829
1004 350
83 1827
84 580
204 241
1539 205
1564 529
85 374
1241 1086
1042 1280
1781 1624
1584 1810
1798 948
86 1348
783 1649
96 601
1213 1647
103 356
1765 1790
1672 645
1599 1028
1136 600
1097 385
516 506
181 1657
1123 700
1738 1567
1137 695
726 460
760 89
1783 935
114 191
1609 1110
722 429
841 1609
436 243
1305 927
87 1693
88 687
128 503
219 99
90 76
324 1519
660 1344
460 1027
1012 272
158 1458
472 798
1476 564
568 1204
91 1814
491 1191
422 202
429 555
1365 302
258 946
1580 1452
299 445
1057 193
92 1273
93 410
447 1335
399 250
955 1111
731 276
94 1847
95 726
1302 1141
627 283
1066 1315
900 464
1096 662
97 837
227 1720
1652 1281
554 1616
1393 661
1668 844
850 278
821 1295
1262 680
945 751
109 1316
98 422
1358 1615
271 1397
489 1531
1248 101
100 1357
1079 1269
567 507
549 1837
937 1352
99 416
101 451
209 637
1629 17
485 1084
196 322
1494 291
1758 397
391 63
1698 307
425 1362
289 1259
1313 577
104 1103
745 1301
405 223
531 79
668 759
934 127
105 560
1033 1748
1736 1604
1483 1267
1049 1646
107 805
1343 221
1141 1607
1153 1466
1152 1336
270 1562
108 1749
1711 1260
188 923
1546 933
1438 1341
213 1660
882 1066
1423 1642
655 1741
691 1464
1589 60
1688 1481
782 1114
613 443
840 13
112 344
565 769
944 1526
1797 1686
111 1674
987 201
1545 84
138 104
1003 1146
1383 1610
1206 582
869 585
292 1622
116 746
377 808
1831 229
115 168
1590 866
517 538
921 1416
1739 1700
856 1053
118 678
384 938
237 1807
528 1498
120 1457
994 228
1307 1747
772 988
117 871
1505 1709
122 912
314 483
185 1582
932 1015
1174 1022
832 254
1620 576
1710 1296
750 1745
414 929
363 72
255 1218
1838 1725
1356 1174
868 20
124 1476
1471 1475
970 14
1669 1414
680 1671
1520 471
126 633
816 1325
411 719
1461 1215
1447 767
1131 27
1655 1838
1566 1283
465 904
566 874
1677 860
534 32
1360 1049
129 558
1487 1596
1519 394
818 33
130 81
564 743
1642 1162
328 485
1443 697
131 1440
1761 1164
1373 211
641 522
132 674
133 1552
409 1513
461 1461
315 245
454 1573
1400 1650
986 1459
469 1235
134 826
1242 1118
792 1125
1768 1815
339 1311
1025 1277
575 105
494 1553
403 1412
615 1506
874 648
135 1158
137 1082
997 816
1078 401
1766 1656
1267 242
151 150
140 280
280 489
1145 1312
1680 71
1772 1176
141 1211
142 1623
1773 1431
522 1451
143 1603
649 1245
880 1719
462 1528
1612 1812
1690 1766
1135 1318
1230 490
253 414
228 478
400 1009
144 571
762 1507
287 737
1455 204
1775 646
1603 660
146 210
595 360
842 681
1440 1166
912 1504
1273 75
346 349
148 1619
1812 1653
1007 239
246 830
598 563
1428 128
1246 90
957 1489
1377 1784
1695 1169
147 587
149 1746
427 932
757 407
150 1050
1214 622
794 488
482 1242
1682 267
236 1771
1474 1381
972 82
1480 1036
863 303
1613 1284
1272 1117
152 37
154 581
1522 1798
1531 147
419 25
812 255
1456 915
301 823
153 341
156 1743
157 626
953 1189
1144 295
197 1503
639 1780
950 36
259 325
463 246
795 1077
550 1765
1116 1566
1422 832
1576 318
159 650
161 721
617 1487
687 1257
1747 1247
977 1343
1671 287
172 273
163 1040
1061 628
1472 1781
1482 1465
165 516
370 263
684 342
1830 1704
583 1013
1619 1207
306 1388
352 1081
573 1346
1324 1007
860 775
166 1546
1195 113
1353 1468
749 1148
600 80
1745 778
1731 1744
443 803
683 1179
864 1
1610 1613
1628 945
171 1113
1114 985
413 1711
170 133
1543 1420
525 619
1517 806
604 991
547 667
168 233
1473 1470
699 11
484 235
744 1667
173 232
511 1219
729 716
174 59
1094 1443
1567 1096
175 251
1283 518
1192 1791
334 5
406 310
1639 1631
176 433
802 1285
178 1471
358 244
1788 951
1513 1186
276 892
1337 838
177 261
359 466
605 1828
180 467
389 184
1650 1417
543 1160
1193 1184
1415 1480
1184 636
902 1456
1333 1629
828 634
1686 1037
182 839
1673 1268
546 1038
785 1684
1016 209
693 53
184 427
779 315
1468 1333
1046 943
1312 491
326 1017
321 1395
183 383
186 1095
187 1641
1165 1163
579 1789
493 878
189 214
190 7
1412 68
643 851
508 1185
1105 669
504 119
191 1593
915 1080
296 1840
1585 1522
1632 1408
708 1236
960 388
433 920
192 1769
1029 477
1064 1796
1265 198
1369 1167
674 641
193 978
195 966
1429 1712
294 174
1132 1290
588 1779
1799 969
989 381
682 419
198 1742
903 426
1053 574
1149 1042
199 1558
496 937
317 1087
949 1200
1281 1400
194 277
200 1501
1180 368
1807 1444
894 629
1675 58
478 1106
202 608
523 705
1109 1652
1009 1089
618 1002
1188 1008
1421 1035
1782 992
1091 328
720 1370
657 1699
1778 982
1810 1254
673 1021
206 1668
887 336
1666 528
952 441
1172 1773
1323 1308
857 497
208 256
569 86
923 55
207 954
216 1232
1300 799
1507 326
210 822
430 740
1615 1723
1640 1256
243 1844
576 1116
974 1359
943 1119
1753 649
212 1549
214 440
838 408
1043 459
635 1105
1171 1689
548 1334
1713 882
710 1755
518 1149
1297 707
218 1300
636 1454
839 1225
220 137
279 819
1000 431
947 34
221 510
1089 1313
1391 1698
1586 894
1506 166
223 165
402 1000
597 1069
1385 893
998 1286
1832 1483
225 379
877 784
740 1626
728 1112
678 968
268 620
355 1835
552 1691
1320 1276
1350 1322
1721 1246
910 802
1044 114
751 1392
791 1770
224 1713
229 108
1381 652
232 638
231 1227
1570 227
234 1006
1623 18
341 556
1554 715
233 1679
235 971
364 744
1238 1129
1551 1482
1780 820
1553 299
811 121
1523 702
1441 4
1189 724
1816 265
239 135
918 1666
240 1011
886 1240
247 1726
796 863
1744 1759
1638 758
242 1134
264 220
1722 1210
241 774
1409 1834
1335 1583
244 781
438 1026
1654 1676
288 259
245 1762
360 1754
1026 367
457 704
248 1462
426 828
1282 139
1054 1802
1394 930
833 1243
1829 249
1276 553
1572 604
1314 1272
481 964
1684 909
1449 949
250 346
1371 517
471 840
1336 1706
249 175
251 252
252 435
1209 1288
1521 187
254 888
1591 1031
1245 675
808 1048
1577 1764
1607 1140
380 1590
1742 994
928 902
1802 1155
1221 1627
1460 1237
1224 424
1399 755
257 1445
1331 3
574 796
1023 1032
499 977
260 1396
754 1427
656 155
261 877
608 965
631 173
1355 1542
1823 1373
1299 504
262 1527
1359 335
790 717
1330 1638
758 237
829 1157
1779 605
1178 1588
807 1029
1808 1737
1465 1010
265 1217
267 654
1481 1156
1104 1843
266 1422
1310 613
331 987
590 1340
269 729
1784 592
285 879
354 1378
507 752
1706 624
1535 1690
659 1214
272 375
273 1551
274 950
345 1520
1183 222
1533 1571
387 1136
679 881
1133 393
1027 1731
1763 790
420 914
395 731
278 271
1306 102
941 257
1038 800
1090 788
1332 1014
371 35
1819 390
907 1132
1237 1332
1424 1231
676 66
1683 599
1495 203
277 1479
281 1499
282 655
1041 526
913 284
381 809
284 853
701 240
581 1580
1496 1636
1404 106
1789 686
283 1248
483 1307
286 896
748 163
1339 1252
1645 8
956 885
775 1263
787 854
885 1536
1727 768
621 1732
1088 270
442 486
1693 550
397 1275
1565 1521
1037 1819
1210 1675
901 94
670 858
293 1833
1155 1707
1432 1611
342 1758
1030 961
1826 1387
290 331
1611 1317
1031 1761
1651 1018
297 1734
1294 861
883 405
572 990
298 1486
1795 109
1433 887
616 359
559 74
351 1645
1368 1380
1840 1367
1420 903
295 1173
332 1794
1338 1829
664 1804
537 1349
1752 160
304 607
1229 449
386 1463
1604 1554
348 747
741 706
1617 154
538 1293
308 200
1370 825
844 1377
942 908
753 1203
376 1776
309 848
632 334
1072 1801
1162 1044
996 1543
1582 541
1051 49
307 1612
1726 524
738 316
1342 430
759 1795
734 1418
1170 1310
1549 596
1231 612
313 679
1601 842
1467 146
498 993
311 134
1785 1496
1013 1122
1361 1433
1290 1135
1011 936
319 578
1271 889
379 413
1490 711
1284 24
1150 807
788 1811
993 93
651 1740
1657 1578
592 1510
610 1043
1182 962
1411 417
1557 149
1055 1171
622 391
1301 46
557 1411
1822 1376
323 1599
1413 736
530 771
329 110
1344 333
1485 1841
1548 1208
322 779
327 73
330 376
602 1787
666 630
756 1291
480 1438
1220 1389
1117 1813
718 1368
692 1800
340 309
1108 1061
336 1537
1479 297
1254 1846
1081 597
805 1620
401 1424
1626 216
1532 872
917 1099
1388 609
503 1363
1266 40
343 519
930 362
1622 1262
1678 432
349 151
369 1826
1244 810
350 899
948 115
1633 1584
515 194
1269 1836
1218 1560
353 547
1463 1123
378 324
1828 1034
852 793
1147 1756
347 1192
357 1401
685 1404
1390 1514
356 1659
417 1632
1719 1658
361 212
1588 1338
1085 1774
1156 770
1118 389
1169 231
867 1806
366 1159
675 1728
1450 51
1416 1059
368 1391
1593 91
514 1589
822 1180
365 1076
607 387
372 1628
524 944
1667 606
541 1384
1349 470
373 647
1728 1595
1694 1241
375 1605
1140 162
1084 521
1277 1142
1634 1792
382 834
450 421
383 1054
423 320
1458 1033
1062 1818
755 31
1597 670
561 635
1261 1563
1735 88
1287 1083
1662 345
815 905
1431 656
587 262
404 45
393 1209
392 1303
1774 812
394 1783
999 125
396 1448
1122 901
845 425
398 1717
1070 542
570 1518
780 1194
1466 544
536 6
1367 167
1292 1822
1340 493
1757 1019
407 450
601 1250
1159 38
724 1046
1315 357
1568 980
1082 725
1818 1820
410 1233
803 953
1001 727
1107 178
831 1680
1743 880
1575 712
884 1092
421 1306
1595 917
416 1161
578 684
1392 548
599 783
1701 919
645 289
606 269
418 561
1257 1205
1019 498
1168 1055
532 144
1167 1753
424 1366
1318 1576
1445 610
1811 972
897 317
843 714
653 1045
468 423
560 539
898 1529
1528 153
431 1024
432 1428
861 658
1380 1003
1069 583
667 534
434 1488
1375 499
810 1415
437 380
1157 782
801 514
440 185
441 1788
1630 439
891 1147
1236 415
1800 1327
704 1453
1317 1485
1115 995
439 1058
444 720
1298 39
1219 456
596 789
700 1222
1047 1172
909 1202
448 1574
1750 1355
1529 692
1020 602
1792 545
813 1490
451 981
773 1115
1252 690
777 1337
452 1369
453 482
1279 1425
1234 1592
1239 1727
456 523
1748 1633
1552 480
703 1532
1635 525
1837 1239
746 1694
1048 906
924 355
1067 1455
1503 343
1291 502
1274 247
1071 588
1022 531
464 1212
467 1265
1173 1511
1716 1677
1676 1809
1578 1540
1255 787
1166 1294
470 865
1319 1739
474 340
1725 458
1148 708
1537 1577
1217 640
477 1020
475 78
766 1545
1311 1075
1426 925
879 673
584 1183
1794 1152
1516 219
558 1533
650 998
1697 1178
1542 1541
830 615
1486 461
1354 10
1511 305
662 131
781 1621
1322 862
855 448
1839 1221
1112 753
1348 730
495 841
995 373
742 537
916 1436
501 1669
1083 1234
640 1825
893 983
929 97
1129 551
505 1190
1419 62
981 868
1075 676
925 338
510 1550
512 1849
509 136
1606 1023
1018 1299
895 1568
713 1782
1014 1808
521 750
1074 665
1341 1495
1223 1109
1080 952
1681 567
1518 875
593 1661
1205 406
1100 1170
527 974
529 1255
721 98
1191 170
973 979
535 963
798 1839
1596 1177
1228 776
1303 924
539 565
1555 30
1035 934
1328 1421
911 756
1679 573
672 1282
1699 1079
555 403
730 92
1196 29
1540 1651
542 1617
711 827
1143 1324
1835 970
551 986
1059 710
1696 1165
1536 1127
1154 47
1796 1314
623 117
1417 1088
562 1437
563 288
809 69
920 1729
1139 465
1197 1104
1801 1016
1704 1131
1493 813
823 370
577 1492
1250 973
733 536
1813 1508
1378 473
582 428
580 569
767 103
706 849
1793 1523
1124 1108
983 568
1755 1736
591 570
1741 1351
589 372
978 1722
1659 749
1362 351
1457 1068
1464 1060
696 824
1103 1187
723 1264
609 1230
1512 1751
896 1600
611 1634
1164 1530
964 159
1581 1639
1068 928
614 65
1746 1139
1325 353
619 1413
698 444
620 1025
1065 395
1260 1775
1562 438
992 651
1077 140
1179 772
625 1625
1470 1565
626 1663
1227 208
716 818
786 195
1559 918
634 392
1776 1137
1163 527
770 1721
1524 831
646 157
1452 230
1040 535
936 132
1571 1305
1526 358
658 145
661 83
872 1271
1825 87
1226 1768
1806 1767
669 857
671 1365
862 300
1111 452
677 1505
975 811
1249 1692
681 196
1389 598
1805 900
826 1696
946 279
1767 377
982 143
1372 572
1769 1500
688 921
689 129
1670 967
1204 330
1247 352
694 913
1734 1643
1515 1598
697 1393
1833 122
1489 95
1212 474
702 1410
1737 347
705 864
1637 1071
1357 511
709 603
712 1681
1563 339
1770 713
1288 258
714 371
715 1383
717 836
1707 1685
719 1133
1538 1386
1410 323
1658 1845
890 1056
1469 1074
1346 455
752 791
736 683
1616 1188
1560 916
743 1672
1387 434
1541 554
747 549
1190 689
1384 1664
1099 398
1293 897
1397 85
1017 332
1176 19
761 1654
1451 709
763 693
854 1430
765 171
769 1121
793 1703
789 509
1334 1297
771 643
1427 1441
776 1630
979 1635
1101 1716
1060 1597
784 1403
966 1382
1817 999
931 56
1733 1098
1160 282
1730 442
800 70
804 1637
1202 922
1308 100
1268 1673
1280 1497
820 1364
1086 1372
1459 199
1347 1750
819 543
825 1688
1488 722
1475 976
836 1182
1401 657
965 399
873 1224
1402 1041
1405 179
1005 54
1685 718
859 1449
908 1195
865 685
1275 1848
1621 418
1508 895
871 671
1760 627
1754 462
1501 43
1211 1763
1598 668
888 1175
1243 659
1138 1735
1052 402
892 1715
1278 1555
904 855
905 188
1718 1287
1448 760
959 691
969 757
1500 1168
1187 319
938 292
1093 883
962 268
963 1201
1215 1244
1435 238
1386 1181
980 1144
988 308
1790 77
1749 1702
1631 698
1151 1198
1425 1502
1106 1564
1251 457
1674 366
1444 821
1406 1525
1127 873
1605 1298
1708 321
1045 703
1028 1585
1128 314
1453 508
1177 1648
1561 763
1321 1356
1530 1379
1256 453
1510 682
1087 688
1740 1102
1119 532
1198 311
1259 412
1364 1484
1222 559
1583 313
1791 1494
1574 591
1836 126
1777 1665
1199 1329
1664 642
1207 2
1446 158
1579 420
1414 530
1504 1360
1225 96
1309 378
1434 960
1233 1001
1403 777
1592 1824
1270 1477
1804 1385
1289 1493
1692 1556
1569 28
1316 494
1327 1126
1345 739
1352 1052
1439 327
1408 723
1720 290
1648 22
1751 786
1558 1331
1600 1718
1646 286
1665 780
1691 801
1702 843
1714 1228
