0 784
1699 1254
3 1352
6 778
1692 473
1691 693
1690 1208
178 510
1623 219
143 1637
407 1045
1612 289
209 107
80 1325
785 512
43 676
874 1215
1607 273
1 1515
2 842
4 942
1698 1634
7 1617
1694 1550
9 851
1693 1318
11 1263
1566 1307
1665 619
781 1174
362 1151
1140 1685
1079 1001
5 1665
1697 1557
1696 1386
10 1547
12 1198
78 1649
331 1210
1312 585
439 1088
1487 579
432 1107
536 1536
569 587
1695 544
1153 1673
1687 694
1509 1686
233 360
134 233
367 1458
1269 678
8 1381
433 965
275 982
1213 1350
1342 535
643 480
1274 1423
904 1193
934 97
13 1116
15 1539
106 1445
839 427
1619 1639
54 1331
1383 1239
691 567
1419 263
498 639
14 291
690 1287
1554 1656
102 131
855 1059
269 1575
414 861
1559 268
70 1244
696 847
16 1568
17 514
502 822
279 1487
552 692
837 199
1050 1140
779 421
18 1309
369 73
319 1316
1497 1503
1364 826
756 1683
1516 41
519 257
617 815
1225 1321
1348 444
153 371
1381 1696
19 388
893 835
305 869
1182 680
109 904
1338 652
738 1188
278 551
1095 604
1340 503
481 253
20 775
825 850
22 612
1474 1500
1085 1467
1107 1520
1573 1615
111 845
125 1618
346 19
21 865
23 809
1499 1409
1324 1162
256 1293
164 1465
861 50
802 951
24 880
1240 147
1302 886
1498 174
586 376
771 565
60 161
25 1172
709 1475
688 1057
1007 817
783 1186
1459 1113
505 295
291 1089
589 910
1256 1527
997 924
923 296
75 1
1653 1082
218 661
652 136
788 527
1157 1286
685 1167
1418 316
76 555
26 1280
27 1156
28 1126
881 839
698 340
866 788
376 981
472 1408
1576 165
355 570
29 13
294 1154
758 1090
686 1672
1102 974
474 1365
752 265
286 1163
689 323
89 1181
813 1456
1473 466
1196 214
466 1148
1485 742
31 1203
927 1602
354 1404
253 179
69 151
30 110
1641 94
507 499
625 671
402 122
515 123
32 766
33 484
1295 1205
1621 890
713 20
739 1473
438 80
1605 1655
958 1266
1162 1341
392 873
1628 274
110 1380
693 1160
1299 875
435 1563
34 1000
35 1689
1043 1240
557 144
1051 540
1239 1029
749 209
486 1407
208 243
906 941
1284 43
1351 1427
616 396
1660 580
36 554
293 1585
1151 761
801 1565
420 1442
735 424
518 164
38 1415
1575 1583
241 256
1622 1228
1670 205
1533 363
232 522
271 1603
37 1646
1158 251
720 515
521 682
650 660
40 1541
651 1077
1181 1255
966 478
81 1436
388 1498
1046 1660
39 518
969 1491
1649 47
1286 1688
121 438
1560 1574
676 830
1293 814
378 261
1483 1108
1048 250
132 1170
252 221
419 988
1581 914
894 10
671 790
520 926
1150 1195
727 1543
1395 191
284 1546
41 1471
827 818
1309 288
1315 374
44 397
1477 1556
762 1497
1406 52
1185 932
42 190
491 324
673 349
654 26
384 872
220 816
607 534
812 157
46 103
852 1192
919 868
819 1383
1574 1483
700 1605
907 1461
637 113
155 589
1333 936
45 150
47 997
48 102
1209 590
1327 1576
1409 238
1546 993
936 859
641 1485
49 588
1129 106
470 1542
1112 72
50 117
188 834
1465 1191
268 743
1408 208
976 29
456 1687
820 571
277 1571
1629 353
51 100
473 656
743 222
971 745
455 916
697 657
571 1014
1221 437
427 675
955 1202
52 1319
53 1268
457 1110
1521 792
482 358
765 1511
948 1518
1602 1691
972 226
1141 154
1397 1304
1375 1358
1294 902
1201 1085
737 701
1366 595
991 776
1298 655
55 736
1044 91
638 280
1285 1519
56 1652
385 1662
383 668
1184 1551
634 733
860 1385
1345 754
1443 575
1532 1555
1291 1313
669 1036
1030 1510
1564 201
309 802
621 732
929 498
412 373
1035 1142
57 1300
58 1577
1200 687
195 825
160 458
280 1328
1099 1267
310 172
1688 1246
1437 1671
59 359
61 412
107 1166
1206 416
793 294
236 1512
1127 284
925 804
916 390
892 1681
62 985
247 956
216 624
529 723
1272 354
1290 1626
706 623
910 762
231 1027
995 493
97 1366
64 1327
333 496
1593 1437
1515 248
99 17
63 1294
563 1049
1635 1469
1416 755
283 441
768 1595
413 255
350 709
970 333
510 946
659 650
65 688
66 1183
67 1666
356 960
1108 1111
1422 1453
585 1209
564 270
480 1489
467 440
993 1610
613 470
921 202
1372 1397
1404 264
301 1260
68 1516
1260 187
1123 1333
647 372
645 1245
1335 605
1451 432
71 519
990 1143
98 1476
1615 1114
179 896
1528 279
72 502
1326 609
1454 315
1251 638
901 218
221 966
1571 1147
351 1675
1098 465
334 1021
1411 1214
566 915
1625 1054
204 391
73 724
74 491
1510 730
887 471
1076 504
497 1354
655 1601
602 252
1555 771
672 1326
853 658
1169 601
77 1472
1339 1676
1466 1438
1168 569
1636 1674
91 841
375 1084
200 121
1322 146
1414 1028
79 1231
996 794
898 1359
888 75
366 192
889 463
1136 738
864 1039
523 1040
911 1227
1429 300
609 1187
1264 871
408 1118
197 1468
684 996
1138 1157
82 377
83 1037
459 622
545 1035
84 1199
1561 1412
639 28
157 1127
85 728
406 548
1389 197
381 516
127 1224
485 1531
528 5
1433 338
941 489
201 1347
1317 1622
349 1482
522 1364
287 1120
1424 230
1017 269
1042 1159
905 920
1502 127
87 584
508 116
1060 1508
300 557
403 840
447 446
1094 451
104 57
1041 751
714 636
843 1462
1462 888
1396 114
780 991
147 899
1585 597
1426 1175
1650 1137
424 608
86 576
1061 1680
1205 124
373 464
242 1343
288 2
90 666
660 1446
335 45
88 973
967 185
452 1593
998 665
608 98
1392 533
1280 488
198 1297
483 1459
915 170
1494 286
1390 603
92 1335
93 1378
699 725
415 747
1250 1544
1530 1002
632 1265
636 232
626 767
897 70
94 1100
95 1395
1045 769
1254 258
468 433
372 1323
1232 1387
96 180
404 31
1306 1376
347 768
177 1619
1231 468
352 487
857 411
124 145
665 1276
180 213
1113 245
259 325
161 752
799 59
389 65
603 799
423 626
1271 38
1064 193
368 379
1534 1534
100 302
1179 1570
1458 1317
1277 345
154 913
848 1291
578 1416
1586 615
517 1422
1645 16
1578 1480
285 453
448 1258
170 838
1501 870
1066 760
1508 1502
101 1621
1669 1679
896 118
212 236
730 54
222 708
642 1125
1616 4
1253 1322
103 1315
105 346
210 1042
541 448
1380 796
430 293
1101 1312
1343 1216
731 215
1084 362
1163 928
1197 1540
846 832
1540 460
1148 188
797 578
136 853
1637 950
1388 148
108 1632
187 178
1015 927
1337 140
1109 1398
992 1152
1330 1306
593 968
1178 62
1115 44
1518 922
244 176
1563 521
442 1016
464 1207
842 945
112 782
980 547
547 1552
858 408
796 1117
1441 1479
113 807
604 1537
440 703
495 1264
374 81
1118 1066
818 1194
114 901
1481 1292
282 33
115 1357
555 153
1080 445
1120 1305
1678 207
1033 384
1652 710
142 536
116 801
1075 435
816 175
1212 594
117 1324
1341 717
1001 1486
933 449
118 1130
380 852
1398 400
772 1421
1208 1134
1588 469
1207 462
119 1230
539 1578
574 1448
131 961
790 1129
506 1667
565 1189
120 1334
1620 539
1019 1161
1646 891
148 1635
240 163
321 911
123 1434
1263 637
1373 101
1278 734
479 311
1627 1249
152 719
122 929
1448 907
666 1384
873 168
126 1339
1446 1394
512 474
436 109
1440 1288
733 1452
1024 848
909 1282
1083 786
490 558
238 267
128 984
359 1636
1475 716
1513 483
129 108
500 808
759 634
130 720
903 413
723 419
556 1338
526 529
1082 1078
876 1559
968 975
298 143
1092 1278
1305 1259
133 1529
568 1337
1491 1614
135 836
1222 69
938 621
1405 1158
1328 137
729 1060
964 1097
137 1095
1552 713
807 878
1456 1101
138 591
217 881
1399 1658
139 1561
1249 459
1544 130
140 909
549 770
398 428
1488 48
1400 1433
141 183
940 862
605 12
649 450
299 583
824 1371
1229 336
1472 1463
1511 115
1135 649
548 1372
1235 1017
912 972
832 779
1562 77
144 51
1517 934
145 1213
1596 1062
146 646
1579 812
754 138
1217 454
1203 1024
325 1119
1644 1411
1321 61
499 1171
211 1698
1031 1128
1478 430
1464 405
1154 15
1081 1155
891 380
395 1406
1218 954
149 1628
150 481
883 111
1237 184
985 306
1236 630
845 321
1682 367
151 633
1086 923
795 308
974 439
1273 1217
753 195
1357 1361
1331 182
1582 1053
677 1470
156 1112
1013 729
469 772
484 648
681 189
1539 1296
158 967
1122 843
1681 1642
1470 549
979 550
159 749
1028 1633
342 883
542 726
817 1099
1177 1402
917 1496
623 1177
977 614
1514 607
869 1647
1096 759
1512 326
162 88
1161 1494
928 1579
1432 958
1047 1535
1495 1298
1685 1141
810 1070
618 1247
165 1526
1352 526
431 1598
1067 664
776 509
258 247
1087 1277
410 1478
1106 606
163 1692
166 1694
167 155
255 1553
1111 126
577 700
1175 1509
223 727
168 610
1003 217
443 149
509 1507
357 653
1444 1604
532 1645
219 1273
1002 1566
169 849
1577 1219
630 1303
708 395
171 501
1543 632
1259 1102
1617 721
954 198
560 1484
172 746
370 912
957 866
1215 669
775 566
1664 1008
173 398
1283 681
1058 1353
550 159
757 1678
615 42
1241 867
174 8
175 22
982 753
1014 508
707 758
1100 125
840 1164
176 829
1407 764
1146 407
315 479
358 714
437 1533
1005 1426
1355 27
635 892
987 531
273 1430
1594 139
576 683
1189 662
606 1103
622 944
181 1284
543 76
371 854
511 1225
1642 511
307 599
1053 1075
344 1023
1482 240
235 593
463 1388
182 1105
183 225
1143 352
1431 457
1152 1030
871 1392
1647 1606
944 600
712 356
184 783
185 1499
1445 404
1471 0
1519 876
339 1569
588 1020
798 402
186 414
953 1594
942 887
1316 898
1547 290
1545 71
1139 697
189 312
978 731
1537 1242
1164 925
190 581
1198 827
890 828
1567 18
260 355
1479 1150
191 342
192 1554
805 561
227 277
1310 322
311 986
1347 1682
1296 495
477 1514
1453 275
734 722
292 552
194 244
1557 1182
193 810
196 260
782 403
814 241
744 119
264 1429
199 1073
877 492
1334 399
1057 1285
492 894
1265 1139
1376 334
1496 339
202 690
1238 643
203 231
1036 366
914 1390
1246 1457
1507 436
476 317
1142 1612
1144 36
205 1599
856 11
1520 1418
572 1424
274 37
702 1373
732 1176
207 203
937 618
1258 1076
206 1419
1131 1362
1535 1391
1583 1654
1006 82
243 1299
1550 1069
1654 611
1450 517
722 1638
908 461
327 85
1365 55
1610 365
1188 1414
544 223
761 1235
809 860
943 882
1233 393
303 977
213 330
1292 343
956 196
214 1093
628 1185
1484 1443
627 409
363 712
1244 537
1332 949
290 1588
742 1661
1361 1047
1282 806
215 1080
951 750
417 955
478 879
1358 739
1325 1400
1600 823
1074 344
777 938
1055 1367
900 735
1270 1330
1155 1379
670 765
1204 171
224 39
458 627
429 598
561 696
784 900
755 1441
1679 858
1026 1504
226 212
1667 1178
405 1439
297 1281
863 1200
225 135
228 1018
1387 1573
1486 1233
1165 1435
1344 204
229 1190
683 774
1247 1664
230 1558
540 1460
1666 1033
234 1283
767 83
1219 1051
1603 1206
1056 67
377 930
306 1374
421 971
323 1201
611 7
237 1697
886 1464
821 1564
501 673
844 1196
546 328
296 87
973 773
705 1349
289 1597
694 1440
1011 1308
741 1690
1438 1355
1423 897
302 297
1159 169
1569 1257
239 1248
538 1345
1029 1641
245 813
426 35
687 200
246 1133
262 1197
962 239
1568 1275
1059 56
248 335
1427 283
1401 1432
249 811
504 364
1500 964
409 564
595 990
1068 1348
1034 704
250 392
1425 1488
1210 1052
703 234
251 654
340 789
1460 677
1680 524
1191 957
679 1034
1319 313
1591 1668
1287 1562
680 1431
1476 1243
254 1522
295 1046
257 1356
503 1146
717 1251
1371 1094
471 1495
261 1581
1021 1055
1194 133
1379 780
981 1262
1367 1223
1556 1474
270 563
513 1525
326 686
263 1684
1065 1272
265 314
692 319
266 562
939 194
872 641
965 485
815 1329
1598 1653
267 741
644 173
276 983
675 645
1393 1643
1386 1600
1170 1538
1480 1006
1267 327
718 616
465 1238
445 952
272 574
1677 921
1307 689
826 1314
674 1011
1676 545
1257 1079
847 1012
1370 1592
1346 78
1549 9
1410 781
393 1295
1227 1370
1091 1236
1614 1336
1421 1590
281 89
695 1081
1025 1490
446 1048
715 23
1428 787
1147 1620
787 919
740 299
1420 797
1611 1109
422 994
1626 893
562 429
575 1375
1281 490
1070 1058
322 350
390 706
525 84
1262 1332
710 1580
1336 266
1503 674
1657 442
769 370
1008 420
533 1627
313 272
1435 933
918 162
1126 748
1672 1368
318 573
1174 1613
487 506
591 21
304 282
461 1301
1104 86
770 128
1216 1271
341 596
1009 1131
1275 1596
1417 1144
746 1041
836 1530
1172 1229
1266 1149
1069 341
1130 216
1597 1211
308 1369
1430 1091
1149 1050
868 166
1663 30
531 382
598 947
1323 1648
751 443
312 582
1402 1450
1613 1420
1349 1025
314 651
1180 1393
316 1226
317 691
764 1135
1553 1122
320 1212
932 989
1449 1584
1088 821
382 431
324 318
1110 1428
1413 525
1590 1405
1643 1449
614 58
952 543
619 112
1529 1657
328 1532
959 978
1054 542
1195 406
1609 1608
329 158
330 1659
1359 423
1303 1221
1105 553
567 237
865 246
332 1220
624 998
1608 1611
1493 271
336 156
1308 476
867 1624
337 906
338 1650
1132 361
1252 1640
1103 577
1506 1074
343 287
736 1451
570 777
1114 987
1391 943
653 885
1570 541
365 1501
1089 785
348 698
345 1586
1463 1289
945 572
441 254
833 387
353 68
1651 320
1353 1425
364 995
747 177
1624 475
428 803
534 1169
454 1587
880 530
360 1693
1226 96
361 863
1640 1184
425 24
1255 1699
947 46
1010 206
1631 908
1659 348
1656 1106
1489 303
1684 95
1461 737
1363 228
631 1067
1526 1003
994 864
1592 455
850 1269
1580 141
1023 513
924 560
379 79
829 1222
913 1548
1199 1261
663 1396
830 1256
1288 381
416 410
1329 715
1455 129
1078 292
786 1136
386 210
387 1625
926 1007
553 426
1012 679
1018 1670
391 500
583 347
1121 1669
394 757
792 1237
396 1524
1039 40
397 744
1318 93
1689 844
620 310
664 1310
399 53
400 1521
401 389
1186 628
823 211
453 259
1124 401
1022 1083
1523 1043
745 1506
854 472
960 586
411 532
794 659
949 486
418 186
1063 422
803 1454
1097 528
1551 1132
1027 1044
1457 1180
724 1567
789 556
822 249
1630 1311
551 999
835 625
1020 1589
449 1290
434 1115
950 559
841 884
1368 1413
1531 935
648 152
444 940
629 856
1116 456
1133 304
804 1549
1587 1121
450 1253
1565 224
1442 980
451 805
1683 718
514 846
1125 92
988 49
462 705
1276 1629
646 1444
460 1179
559 979
1378 1545
760 332
879 467
1668 307
975 1651
859 120
1245 1560
1447 285
600 1123
1655 824
1301 1477
1073 64
668 276
475 647
1145 642
1243 1360
1214 357
657 351
1289 369
1202 1022
1192 699
984 798
554 1004
488 684
773 1481
1639 672
656 707
1360 90
963 1015
489 962
493 667
831 452
494 368
1350 32
1167 695
592 1513
1452 229
1638 1607
496 711
1072 1168
1362 415
725 497
1311 629
1160 895
1601 1009
1527 1092
1385 1630
1166 1399
1137 1302
516 1072
983 1616
530 494
1071 1098
748 1026
1062 1061
1382 1377
1117 1173
1675 1270
1313 1572
895 1346
524 1623
527 855
1268 592
870 1342
599 235
930 298
658 1087
535 1145
728 66
573 663
885 1466
537 523
1223 1032
766 337
1156 1363
834 63
1016 1068
899 837
849 227
1040 1031
1599 820
1230 568
1049 976
704 1274
558 963
1128 1241
1234 1086
1394 953
778 386
612 1063
1248 434
999 959
587 1505
961 819
1354 1493
579 520
580 1695
581 1165
1662 546
1242 383
582 874
1492 889
584 1644
590 507
1119 800
594 1096
851 620
597 1517
806 104
596 301
601 25
931 1677
1052 167
610 74
1524 702
1504 1344
1541 132
1436 378
1173 740
1077 877
750 903
1220 1417
1176 6
1658 425
640 831
1037 602
633 992
986 60
946 670
711 1389
726 948
862 417
1686 1609
1000 1005
922 134
1412 1382
1439 1447
1038 905
884 329
1314 613
661 447
662 142
667 1010
1589 644
1193 242
678 262
1558 181
1548 385
1661 918
682 969
1572 793
1490 1019
1469 1591
721 309
701 1403
1434 640
1536 791
989 685
1384 99
716 477
1525 1663
719 375
1606 505
1356 394
1224 1218
1618 418
1674 1582
1467 1250
1369 795
1261 1279
1183 1232
935 220
763 1523
774 917
1300 763
1190 34
1297 1631
791 939
1090 160
800 617
1648 1401
920 1065
1632 1138
808 1492
811 857
1304 1320
828 331
1032 482
838 3
1542 1528
1134 1204
875 1410
1228 1064
878 970
882 1104
902 1013
1187 833
1505 1124
1584 278
1673 1351
1093 635
1374 1234
1004 14
1634 1153
1468 105
1211 1340
1671 756
1522 281
1377 931
1595 538
1279 305
1538 1038
1415 937
1171 1056
1320 1252
1604 1455
1403 631
1633 1071
