0 975
1949 189
1948 1790
3 1419
1947 1462
4 1467
1944 441
7 431
8 976
1942 1021
9 1128
10 773
178 625
374 703
1358 473
1517 1152
1424 1929
330 836
1060 1010
935 1582
1682 1592
1 47
2 627
1945 1225
1943 1669
11 735
1599 1192
844 1532
375 346
750 1074
685 1787
1630 1375
5 1115
6 633
12 744
123 1875
1129 455
1360 803
587 1230
1946 1853
326 1668
1119 1708
547 1253
836 1720
1267 178
545 1788
1908 606
13 213
1098 1879
1804 1217
835 1662
947 1416
429 432
1450 378
950 82
371 1601
995 1156
1491 825
1005 493
14 1671
15 973
1902 1441
1365 874
781 1202
1115 519
1911 130
1761 1735
16 1515
106 1149
1291 21
98 1598
463 717
232 741
161 61
1308 194
537 49
1477 1773
813 456
690 796
76 375
301 1058
1921 1533
1665 1445
1205 762
262 720
817 157
17 1212
376 822
1105 92
492 1458
1305 1604
1929 856
102 361
1451 1498
18 1894
19 282
1141 225
785 470
1876 550
1855 464
1408 1737
242 1103
575 254
20 1318
21 319
683 1117
1223 682
1505 1614
277 1633
576 1594
590 644
22 135
23 1248
929 1056
1689 502
393 1834
845 188
1554 136
1077 1692
24 970
1499 79
698 1785
1488 365
1016 1919
1463 1345
99 443
25 891
240 755
215 379
387 224
1653 747
26 893
860 1590
390 1816
1157 313
751 1210
27 486
291 1088
1746 1257
1767 590
256 1374
712 946
1772 339
1701 1133
939 51
1856 34
709 1622
377 1717
1695 835
1639 823
1294 144
555 557
28 1427
29 861
1866 888
313 1302
948 1011
1024 895
756 26
422 514
1476 1772
1555 1112
442 1761
31 1512
1246 1556
532 1941
1048 1914
32 321
779 518
1807 1738
363 297
1067 790
1314 601
665 276
1470 1278
30 501
624 265
1322 560
1657 1180
306 478
570 1216
1831 17
1441 1789
350 1733
797 370
33 1264
1641 476
236 336
1722 1026
1941 1364
127 1063
1285 681
1171 1513
1627 41
480 1087
1634 674
35 1805
1917 1544
855 324
482 1718
1472 581
1840 20
345 699
536 1446
34 48
212 1241
136 781
1680 275
118 1392
1735 748
1493 1405
1420 953
1642 250
316 572
1423 568
1490 67
569 1593
1193 218
1512 1910
36 672
37 244
473 128
965 1160
172 910
510 355
311 1689
901 401
38 1475
761 1303
1773 1203
39 1062
1828 1154
1333 104
567 214
1597 1015
297 630
858 537
909 439
1110 1818
41 547
1676 721
1915 1
1595 1473
1354 23
42 1842
1435 1042
609 24
508 653
1020 1796
1114 901
173 941
44 447
217 1749
1402 1256
1713 937
1509 73
1419 1690
525 1182
1886 884
546 1872
254 985
43 397
1896 123
386 43
705 648
1752 1057
218 1030
94 1658
45 430
133 507
40 1418
1381 701
315 1194
1345 1695
184 303
689 1316
46 1783
47 857
866 341
468 971
757 377
782 1698
207 1251
621 771
807 393
485 1702
1297 899
382 376
524 1173
940 1176
695 1606
149 1499
1139 1709
615 411
792 1630
57 259
999 1825
100 1833
1155 944
1576 1928
915 216
1467 32
152 626
1179 1037
49 1469
50 1075
1544 1422
191 425
1853 551
48 607
51 1902
139 111
1351 46
1269 679
1872 247
1458 95
1538 68
255 821
53 1885
997 797
1341 1794
769 1200
325 837
1814 354
815 925
786 860
1668 387
1888 1178
518 1134
52 924
54 950
1656 1366
295 174
158 1900
222 616
696 122
1366 150
55 202
1725 228
1925 870
1940 632
344 1204
1353 40
56 1165
739 652
1237 1060
1697 140
1073 56
584 192
1813 1090
875 1151
1422 1433
722 1055
842 916
931 948
1747 1494
1556 1507
744 1683
723 410
1094 1750
889 1274
72 662
1624 997
650 1341
1096 1703
1736 957
708 566
1099 1493
982 217
1327 100
59 1501
302 828
1462 1602
500 525
961 474
515 1586
1487 878
646 794
58 451
60 961
1029 4
362 706
1200 1905
1757 1059
1194 1244
1486 274
1280 638
1734 1466
61 882
62 232
1286 1578
534 1454
1841 1338
959 1806
953 1935
253 1643
1159 1045
168 374
1184 764
1394 667
1163 982
64 974
1478 53
638 1482
777 902
923 1880
65 1232
574 1175
905 1157
1001 724
1248 894
528 312
1756 498
63 1517
66 804
151 484
775 169
816 1918
175 1887
1654 1339
540 1388
1887 1653
710 866
385 1122
1080 249
1284 1207
1146 1719
1151 1114
1347 1545
68 1867
1744 35
954 155
960 1224
67 1143
69 1644
589 1440
1937 1616
884 27
1837 567
450 1027
755 806
1895 658
1218 1800
70 536
176 1521
1125 1174
433 1685
1124 688
1868 1181
1616 1380
1521 1254
438 1870
1224 1196
862 659
859 883
1061 1219
1696 1348
1272 1538
1690 583
643 920
1107 1129
676 1215
613 1249
1299 877
563 1712
71 129
73 65
990 1406
341 1854
963 1183
1827 362
74 1247
956 1803
1920 305
1608 253
994 0
75 293
332 903
1507 1335
117 952
1660 1591
1715 571
649 294
606 1014
919 826
520 1821
77 1304
78 1675
554 1404
79 18
1052 969
691 958
596 767
647 673
886 890
628 1866
1649 1161
766 1299
1533 1579
1636 1371
1307 1577
1778 1555
1557 281
1884 1888
788 328
509 1893
177 655
80 689
81 718
795 1762
1033 600
299 60
607 657
417 1291
503 386
677 295
335 1461
83 1667
1629 1294
1607 1301
249 1477
1185 954
82 210
84 1892
1264 1255
1216 1807
116 1169
928 789
487 33
1759 1911
727 1763
1233 956
1596 817
1217 1044
112 1137
1602 819
183 1048
548 1903
1320 1636
1017 1067
85 1802
86 1098
1838 1755
519 209
93 785
198 1674
476 373
883 1760
1242 665
1529 1093
771 541
1346 552
87 1516
92 522
1802 222
298 802
129 740
1938 1421
1247 1500
88 1603
608 186
1816 1481
1645 418
333 167
122 1275
455 809
1712 280
1188 1916
993 1195
1854 1610
90 1524
996 267
369 527
1801 1272
1770 223
179 544
1121 784
89 318
91 1314
660 839
666 380
159 1148
1763 1824
967 289
389 1344
1122 1486
595 746
101 845
1150 1874
533 308
228 261
273 830
1776 745
220 1383
95 887
713 1609
1412 897
427 1296
687 1549
942 555
601 1031
96 1897
1302 94
353 1722
97 1551
293 207
1050 1608
1243 1329
1065 898
1882 829
1132 191
874 731
1317 1106
514 1186
397 262
354 584
403 918
1189 288
187 171
1083 1861
142 712
434 905
1092 299
180 609
261 1415
1691 1398
1745 515
1296 774
991 1136
1116 1550
688 597
1391 487
841 1439
425 1138
1553 1697
1580 1706
160 1612
1706 499
162 152
1809 634
892 1360
267 1028
787 1324
664 1876
1900 1277
234 656
105 687
214 1677
949 619
1144 1315
1380 1904
659 173
103 114
104 461
1388 381
630 442
1362 1086
1594 413
107 1397
1221 1008
1646 1297
1849 1564
110 1688
108 842
1871 1753
1587 457
941 660
809 1746
1274 862
109 1252
802 854
592 545
314 635
197 530
111 1838
1082 1886
1659 758
1625 783
1134 196
1180 1226
633 28
1506 101
1397 1078
878 834
962 1843
1069 1552
966 1705
702 814
113 1024
114 1185
115 1214
566 988
1009 602
462 31
290 1841
446 612
1730 670
395 1557
1088 671
320 603
339 1153
157 6
1789 704
1791 1306
170 185
163 1300
517 873
1810 942
839 1368
1396 909
278 475
1371 445
1489 234
1022 19
1007 831
1045 1815
119 1385
952 505
811 172
1111 690
876 1258
1930 1678
1275 83
120 613
1421 851
237 414
486 1127
1292 1310
1812 569
121 959
1495 768
1389 427
1278 428
1805 1487
830 118
740 1032
1443 1429
124 691
1590 1199
193 722
238 1261
1620 1480
169 340
125 124
126 1209
1852 1906
790 1012
137 366
418 1431
1176 1260
1570 605
1932 1426
1707 105
130 1581
479 935
1817 1309
128 389
1769 1659
714 1730
656 1428
1399 337
1186 1179
1436 521
1390 240
1833 1930
131 1001
132 1700
1829 1868
1869 1710
134 190
556 1830
368 1222
603 264
736 1018
1618 1856
1633 342
247 154
1426 1657
1815 787
741 391
933 1891
1438 1097
1235 176
1546 433
135 778
1875 631
467 237
803 42
138 1266
1025 1459
847 1002
1070 91
891 1542
1534 1676
141 327
798 714
1848 1921
305 841
1466 716
481 184
1796 739
760 168
549 1829
196 371
565 212
1415 1142
205 1623
140 1641
143 329
144 816
1236 1009
1379 16
913 595
1277 1693
464 1541
1589 1491
145 1140
1253 542
146 1373
1135 1543
1623 1123
1337 1812
1203 1808
1197 1046
814 1620
147 868
495 1322
1097 1280
704 1069
148 972
364 385
1008 353
881 666
1581 1597
658 50
1910 1400
284 1132
1034 1101
1677 1835
1637 84
150 1043
379 592
410 564
1640 827
1271 593
435 453
477 1099
370 151
1714 885
850 1347
1541 1205
424 1295
153 317
1310 145
1416 604
738 1741
154 1003
600 1213
1407 367
516 1844
155 962
1705 1172
1378 1233
346 1472
1270 799
1014 543
946 534
156 106
541 621
824 347
319 1387
1702 1682
869 1474
1355 517
692 77
1762 468
983 1463
360 1759
1783 180
1800 1857
292 1262
977 761
1256 326
1026 1681
233 1714
553 641
436 287
1687 419
1694 685
182 1139
1461 1847
1316 1250
1095 1343
1847 1342
469 255
321 1189
164 75
1527 1229
1376 409
732 955
1799 7
199 236
957 1417
1406 1562
166 1664
1591 1327
1703 273
288 181
1519 1159
873 757
167 1751
474 127
1178 719
1502 1435
903 1535
165 808
1858 588
475 258
1692 1617
1743 675
1066 170
1363 1840
729 1007
799 1778
880 938
171 907
1023 1035
1078 1376
443 388
605 1765
693 872
1323 1740
1739 1307
294 44
588 290
870 1745
1130 1379
1543 1047
1199 1696
1936 580
1460 855
900 1631
1672 575
1158 1687
419 1476
831 1863
791 1276
1112 940
501 372
174 1267
279 39
1899 1642
1893 1554
181 1728
1044 215
512 1826
822 472
426 268
1667 278
404 1784
543 1511
895 792
192 452
1562 483
343 1354
1475 1927
564 1434
1195 1810
808 1259
1279 201
185 434
186 1336
1586 914
1935 1269
879 1546
188 491
521 1936
1359 1442
725 1468
1411 912
189 1239
1335 1489
1259 526
1273 358
1334 538
409 66
1006 578
1782 766
1318 598
1898 915
439 991
1165 981
1413 800
190 1492
1324 1909
1156 559
625 500
1764 1576
392 730
399 1208
282 227
452 642
1469 812
936 582
1055 117
337 1282
449 624
1621 277
1056 1864
194 1457
195 1444
1874 403
1417 686
865 1108
1383 1430
1037 1923
200 1634
1027 649
1075 852
774 993
472 471
1257 1362
616 1684
355 1206
636 1624
1484 175
1885 576
1579 1394
720 147
202 301
204 1771
209 1942
1432 437
201 1221
1109 1384
1787 112
772 664
1474 1558
203 1246
887 1187
562 1033
752 80
1106 983
206 479
208 125
331 1739
1480 663
323 1287
796 523
758 113
1032 1534
1039 1937
1250 1305
1811 1619
211 1365
287 460
1795 1575
1173 1734
890 846
1249 331
210 1166
263 986
622 513
1768 163
213 270
1021 693
1215 1912
1803 1488
440 1220
1338 1724
1145 629
252 429
1830 1632
1563 1119
358 913
216 448
1494 239
366 1410
1071 736
619 1758
759 1068
1473 1506
1410 467
1229 36
1638 992
1548 148
219 1326
489 908
246 637
987 1004
852 149
579 1447
1865 608
221 90
1093 1236
1731 1572
1516 1237
223 1567
336 359
384 1651
235 1177
1312 1947
224 1782
657 1945
1673 1443
1401 1155
225 904
226 1804
1303 791
227 1013
405 933
229 1883
728 142
1148 1637
1266 844
511 30
851 1569
231 1898
917 1188
1392 1933
1442 549
1244 1518
906 850
1567 539
885 485
1319 421
1500 1071
716 1016
230 1049
679 9
415 121
1708 86
1531 1242
1514 490
1011 1235
414 465
1234 943
1418 1652
642 743
1781 1408
1321 108
239 395
502 1162
731 879
804 120
551 713
241 1725
1102 1922
1658 1146
1220 939
1822 1877
1289 1399
1939 1795
243 76
1372 963
244 1052
245 1656
776 562
872 1775
1797 871
1325 1290
645 511
1031 363
1118 315
653 1407
1051 384
1931 694
1258 815
248 1774
907 1118
1551 995
981 651
459 734
1230 1505
1617 183
1181 858
1727 820
912 1881
251 133
544 1334
329 676
250 1308
488 14
1862 777
1089 596
461 996
745 1409
1074 193
1928 1526
1254 10
1750 257
1172 38
1301 1726
257 978
557 1599
1919 422
258 928
1766 1595
259 1292
380 733
707 1484
578 1312
1912 360
1777 1827
260 463
1582 1525
1572 266
1622 684
317 509
498 1420
1191 840
1926 252
684 497
586 1083
1427 853
651 1522
264 383
265 417
1655 931
411 459
470 1298
307 78
749 469
922 760
1137 650
1227 1319
266 1330
268 1820
784 1270
269 1836
531 412
1167 195
805 1571
270 921
1515 807
1369 1036
1117 1736
701 1168
1584 1279
272 617
896 984
735 1396
620 1626
1934 1355
686 697
505 115
639 1072
271 696
285 1503
423 345
1295 1025
1700 1873
1879 426
274 556
381 1889
275 1333
276 110
1076 338
1228 344
1693 1519
1542 245
1454 1713
1352 1145
1384 561
694 1665
1431 246
828 1625
280 1082
753 1647
281 1391
1015 231
1711 964
1282 776
491 1871
986 927
1588 1382
1717 58
283 1869
1914 1265
1142 698
1792 622
1497 594
286 71
1748 1851
1728 1453
465 1661
1177 1743
1569 863
1532 763
1202 462
675 1363
327 177
289 1193
672 922
361 62
833 1284
1262 1574
1405 711
484 52
681 1813
1245 1131
1615 2
303 12
1545 1245
1552 1337
1040 59
1276 1862
1927 382
296 350
937 396
680 1596
1241 558
352 1465
437 645
300 1313
1592 1089
1002 238
310 529
1710 1289
1520 1944
493 900
408 159
837 1673
827 166
1368 1268
304 577
1120 1613
1149 1096
1573 1171
668 1831
448 1423
1136 520
1128 968
342 949
764 241
1161 742
504 723
1374 88
308 775
309 869
550 296
975 1729
1753 979
1437 1618
1168 1744
1085 1124
1164 242
1671 1455
1370 1680
539 138
1143 1485
921 917
1604 524
312 737
763 1271
1260 1414
1457 1858
428 1931
494 1860
1049 1839
634 565
857 343
1755 1395
1786 932
970 322
1483 1402
1857 1819
631 1130
1826 1061
318 1320
721 692
894 45
1036 489
1030 300
674 131
338 198
1788 832
1889 618
1340 1605
1404 1077
322 678
1559 63
1000 1147
1447 1470
861 454
1678 1163
324 1561
899 1451
1231 1081
838 1621
973 139
1169 1629
1601 1331
1651 29
328 1321
1724 1066
888 1528
673 70
1409 1425
783 1638
1348 1568
599 323
340 211
652 311
1877 636
635 1201
1328 1022
602 589
365 306
334 1281
801 1781
1698 81
577 5
1818 1357
1843 1536
930 587
897 1943
998 750
573 482
1123 269
490 881
1741 356
1923 1520
1894 394
1479 570
1456 1197
1647 286
911 864
640 705
780 25
1481 1823
347 1111
1823 57
1367 141
348 103
349 1646
974 1190
989 683
1104 1731
678 1228
1760 1073
1382 1852
1742 729
765 1654
1174 1478
1903 795
938 614
351 1563
964 801
1213 1120
1681 623
356 1777
357 1227
1047 109
1364 165
924 1126
359 1828
951 1495
746 307
594 1791
610 824
1339 591
513 1793
1821 408
1686 458
699 1699
1834 119
1482 99
968 702
383 611
1330 1346
367 137
641 1243
840 1091
1429 208
742 143
1863 1432
1933 85
497 1615
372 89
471 1848
985 444
682 1792
1511 1184
1313 1560
373 1913
1192 1369
1300 843
444 492
1611 640
1019 1694
726 1285
806 1585
1465 407
561 848
644 1170
1386 1527
1068 1240
378 585
670 1039
1699 271
1513 896
1561 1020
908 586
552 1721
902 930
1526 98
719 481
388 153
1771 320
1907 1496
1425 1754
1309 415
1780 292
1504 1711
1842 1934
1793 1076
1079 368
1081 1104
391 352
1004 646
1361 1899
920 314
441 1352
396 708
398 1006
1846 516
1086 503
718 715
394 1924
420 424
400 1779
401 1050
629 158
1566 466
1057 230
1046 1939
402 1054
1375 333
715 285
457 1915
1825 435
529 204
406 1628
407 911
478 965
560 1529
893 1845
1614 1663
943 1095
1219 1548
412 116
1251 1125
413 219
416 1158
834 263
1883 1349
1891 892
1298 1691
1901 1358
1779 532
1010 187
421 406
1444 1393
1452 1510
932 1479
1147 726
976 772
1732 488
430 1537
431 450
843 680
432 248
979 923
1204 220
767 989
1628 980
747 1670
1688 332
1445 770
1612 1211
1662 11
1721 533
1100 1401
1663 72
1187 390
1644 1949
848 615
571 206
853 1811
1719 494
447 436
445 398
1377 1768
661 967
1183 875
1209 226
703 977
812 164
1190 628
1536 54
648 1450
1453 1530
1723 847
451 1766
1720 1502
1198 610
1400 554
453 134
454 661
1774 654
593 810
730 1019
988 1666
456 793
832 351
458 93
1685 1639
1864 335
1679 553
700 620
460 1932
1918 700
507 449
1108 886
706 1809
1537 563
877 1701
466 1822
1357 1727
1265 1110
794 1707
1287 1776
770 1116
1819 880
1288 364
971 1901
978 945
823 508
1311 865
1058 1801
1683 1531
1154 1757
1428 399
1881 55
483 1925
1459 97
944 440
1873 146
604 96
1331 780
1238 126
754 1490
854 420
1350 1370
496 1540
1652 779
1398 291
1101 199
1226 710
984 37
522 725
1916 423
1670 859
499 1607
585 1085
1175 1238
623 1723
898 1747
506 1040
1315 1413
1332 1769
538 1325
748 1832
637 1798
1064 480
1737 1850
1784 64
1613 1587
1835 535
1808 1547
1733 310
1153 1539
1758 1389
1385 1070
1832 1109
916 325
523 1452
1306 1588
1508 1167
1880 998
663 160
526 221
527 197
1336 1764
1892 1655
972 1144
1387 369
1062 1351
530 1234
1373 786
1619 1799
1342 1317
535 738
1583 1273
1859 504
1503 960
1439 1846
1839 512
1133 1483
542 811
1674 1288
1603 546
1836 400
927 1092
1922 1895
1329 798
611 782
1610 574
1268 1926
980 1218
1593 1553
1395 849
1059 732
1904 643
1510 102
1433 348
1709 1064
1598 1770
1012 1359
1087 1113
1222 1884
558 966
626 994
559 416
1440 1323
849 1938
1430 107
1212 1372
1550 926
598 1645
669 1882
568 1917
1675 272
627 1570
969 728
1522 330
572 934
671 1715
1525 179
778 74
1785 1686
580 1878
581 1859
871 1497
582 1390
1166 357
583 1438
1906 751
1201 1361
1528 1580
1448 1504
1518 1508
992 1107
591 235
667 87
1041 1356
1207 1293
597 987
867 818
1878 531
1414 8
1090 813
1924 1079
1844 1005
743 404
1574 1436
1434 233
1239 1386
612 1080
614 599
1349 1660
617 1649
1585 496
618 1403
789 1437
1631 1231
1524 1756
632 1051
1635 1105
1806 392
737 1332
1650 1135
1726 1814
1897 132
918 769
1455 15
958 1907
1063 1023
711 284
904 1411
793 334
654 765
655 1650
1704 951
1798 304
1263 1053
914 999
1664 309
1790 1381
1225 1908
1182 405
662 1514
1775 889
1084 506
1240 1424
1684 647
1765 1589
1255 1627
1575 1600
1304 754
1564 156
1126 1456
1558 205
697 1017
1091 1837
1252 256
1356 749
1485 182
1013 990
945 203
734 229
717 1752
925 1896
1293 639
724 200
1072 1817
1054 1748
733 3
1393 1340
1540 1780
1449 1311
819 1920
1632 1849
800 1767
1609 579
934 677
1890 1353
1283 759
1160 1573
821 867
762 1460
1751 947
1605 402
768 1611
1568 727
773 1704
1547 668
1740 1283
1281 69
1738 548
1468 446
926 1559
1850 1191
1028 298
910 243
863 279
810 1094
1669 753
1794 1509
1043 1263
818 1286
864 876
820 251
826 302
825 1471
1626 1198
829 1565
1496 756
1261 1635
1208 528
1343 936
846 833
1909 919
1464 709
1211 669
1103 1084
1820 573
856 495
1648 1742
868 1640
1867 1121
1913 1034
1666 1523
1138 1583
882 1150
1539 695
1038 349
1661 1378
1870 1350
1851 316
1127 1648
1162 1000
1565 260
1210 1464
1824 1029
1600 1855
1140 1038
1170 1797
1042 707
955 788
1845 1100
1729 1412
1535 1716
1643 1946
1403 1940
1003 1948
1905 438
1326 1890
1606 1449
1501 1865
1206 805
1018 1065
1035 540
1131 283
1718 477
1861 1786
1053 1367
1754 22
1152 510
1571 1672
1749 1732
1113 161
1498 13
1577 162
1560 929
1578 1141
1549 1448
1196 1584
1290 1377
1214 1102
1523 1223
1232 1679
1492 752
1446 1041
1344 906
1716 1164
1860 1328
1471 838
1530 1566
