0 121
2 992
3 674
4 130
1796 1774
1795 1468
6 373
1794 942
7 199
1793 1506
8 392
10 210
1790 1087
178 843
653 547
90 1061
1215 822
1066 1757
131 485
126 1527
861 1289
1 31
1799 59
1797 1359
9 530
1792 560
1791 214
1587 1489
964 1035
633 325
1068 921
235 1557
572 452
1579 99
1719 1222
1798 1496
11 783
12 1714
1717 859
254 1736
1248 1188
267 1050
672 595
408 544
1581 1790
608 1124
1009 1709
1630 1459
1578 1512
1595 1417
168 725
524 1559
1661 820
13 1429
1098 1745
116 242
1069 1423
1197 810
329 1623
148 955
117 1426
1136 453
249 926
1065 974
186 1772
5 786
14 251
15 112
699 635
1615 286
1160 987
377 1655
1135 1650
731 89
853 1076
106 336
1742 270
622 548
1169 1065
1249 1652
799 1114
17 881
690 696
430 457
1608 564
237 751
900 200
124 1374
372 720
1269 1535
1401 1479
1124 762
982 1109
133 1349
870 1510
16 692
18 1193
19 1513
1711 1638
1756 754
1038 826
893 1721
46 184
1296 263
1527 964
1659 323
1129 1007
238 290
20 1668
831 394
1622 768
1131 1731
21 1261
1493 1074
797 896
1571 1509
1337 1420
1350 483
940 753
22 1148
23 1203
1321 525
1732 963
1476 847
326 266
24 957
1499 1370
1096 175
1078 698
414 824
655 26
286 956
1102 168
561 842
776 159
937 1023
25 1080
27 478
1073 968
1112 1441
1667 1281
1306 559
26 92
291 1195
76 342
58 1296
1603 1632
338 1166
759 170
43 187
702 1108
780 338
1547 496
139 1549
153 550
881 1571
156 1159
287 1342
1703 1497
98 599
315 1037
28 710
29 330
30 1451
1170 1782
708 672
541 1596
737 23
1715 235
88 1054
1753 316
644 882
1294 1726
145 951
1106 697
32 949
624 1212
155 1383
437 1302
141 1798
1542 109
789 1288
31 1781
1641 1147
1310 1136
1643 1283
709 1393
260 775
565 1046
175 226
387 1056
640 51
33 96
365 1543
857 1310
1307 402
512 542
647 723
950 293
1152 1058
1505 414
35 872
975 1418
846 1432
264 248
1729 1594
1652 1082
34 1098
36 905
210 303
1722 1635
586 136
936 602
1366 869
374 1256
1554 1749
914 1450
37 785
921 860
894 1241
337 1362
1500 1461
741 1544
1563 420
38 1675
693 716
1426 347
1776 750
1410 645
1432 131
39 763
1575 551
747 1663
244 381
1583 910
951 737
1466 603
1616 492
461 1558
660 1386
296 1458
40 241
41 1067
288 1138
658 909
539 1230
157 580
1174 362
176 543
346 1305
1518 1735
1226 14
691 736
118 772
828 156
1424 1660
1302 501
916 834
1085 1145
481 1232
1496 1490
381 1485
873 1531
1453 142
1221 1722
45 691
602 174
528 1095
804 916
583 405
674 821
42 444
1369 399
1111 298
1448 70
1436 1669
1061 1534
859 1287
1754 1478
1272 1154
301 1564
1380 1041
735 1693
1224 203
48 1314
1072 178
335 726
1016 261
1156 1285
848 1297
366 383
629 101
1688 776
44 151
49 376
447 632
1783 1445
1506 90
1205 571
364 1473
47 163
50 887
189 655
562 1754
1489 694
1769 1431
905 346
1034 64
51 1379
1459 512
92 1032
406 938
53 1570
1741 1267
383 932
1470 25
52 244
997 1491
550 1766
559 1600
1458 1708
531 846
715 167
385 1363
1300 1609
489 1604
830 976
1384 835
1032 929
988 994
973 970
1313 52
122 966
54 11
837 487
743 931
1109 1348
1540 160
538 1184
55 349
56 250
388 0
732 1125
968 1454
1341 1319
705 132
57 774
867 425
1761 870
1200 1498
319 498
456 569
253 153
1716 1704
282 1077
1335 28
1660 395
70 1384
1273 1679
1150 522
1725 1331
1701 1344
180 1388
431 1013
923 1523
464 1615
1592 1453
1275 264
59 1522
60 1277
858 122
924 1440
61 188
1672 521
813 759
903 421
309 1262
62 702
239 908
1235 1742
829 246
496 1676
144 88
63 1601
250 913
1751 1597
217 1643
1777 679
487 5
1682 1517
812 661
137 900
340 237
1139 143
64 1739
336 1789
1155 541
1586 1301
1246 1500
486 644
568 1752
1402 1578
1406 1015
199 359
281 19
1666 321
65 1286
66 980
479 145
1698 1674
1301 1427
67 700
198 1217
770 837
904 213
339 1158
332 314
68 660
589 165
127 482
899 1622
1709 1358
676 276
69 1093
654 585
310 1645
675 1254
525 1282
1387 1795
1781 687
952 1251
160 1094
77 520
1789 1377
272 22
678 517
703 211
241 1472
1474 1003
284 1210
1491 939
961 408
71 1033
72 1699
990 1192
1390 574
134 1318
1025 331
1618 1345
1094 1467
1669 149
108 222
261 441
1105 1605
1005 1293
73 788
74 106
1534 532
1074 215
704 1102
802 397
1613 1135
886 685
976 1657
75 811
1236 1481
1203 197
273 1599
1054 1185
275 1391
305 1303
306 1337
1256 667
404 641
533 1434
600 784
269 954
1519 1029
844 1695
555 919
78 967
1636 813
1168 1607
270 1194
587 1294
1006 236
1759 1436
103 884
454 185
821 1355
683 173
380 1494
1140 638
1665 504
1118 565
79 65
80 1516
889 1416
1125 735
1015 533
81 369
412 1259
817 911
996 456
82 1034
83 1649
1264 123
1449 1751
981 706
84 1608
727 1761
1520 744
544 169
440 1127
1610 1767
730 1306
1079 479
85 1520
86 157
125 231
140 1642
1253 903
687 592
191 436
1766 280
913 1064
363 57
513 230
1670 1734
224 189
328 833
1163 573
864 1010
1261 1711
714 792
483 781
472 1130
1764 598
245 535
419 1518
295 1728
1018 1533
991 29
89 477
631 1572
1330 93
910 335
532 304
87 798
91 1167
457 1099
1724 1536
1247 1073
980 1105
1331 1591
712 608
967 738
488 1190
551 196
604 1085
355 129
1620 1763
971 995
593 507
942 1547
93 943
342 1119
1228 1028
1528 1219
129 287
94 1253
713 344
370 410
664 300
989 30
590 340
95 729
946 855
681 817
754 515
850 1142
1237 1411
547 1579
611 352
1464 1778
96 874
97 1552
1283 1616
1738 1684
1562 1713
1431 16
1132 318
1216 268
1031 1563
1473 1169
1238 1280
1133 1456
1284 85
99 1214
314 1788
266 1329
972 914
1418 1139
941 1654
1223 1284
1076 1438
1407 309
1110 1257
400 758
297 115
615 380
263 1312
1746 253
1594 1775
100 518
101 651
102 684
209 1614
933 182
761 733
1691 965
554 418
1324 800
1063 126
788 1464
499 1664
1524 471
706 562
1780 662
104 1096
786 1698
493 1773
620 1618
1303 1047
212 1758
256 1081
1157 1488
276 58
1097 1733
105 437
1209 1291
785 990
107 134
1343 1149
1210 119
872 1705
1318 1364
667 901
1397 1582
1323 1504
758 296
188 252
1048 17
1614 620
1478 1104
109 1448
922 827
1185 219
648 116
1548 779
1556 1492
110 1357
111 709
1584 748
391 68
609 15
215 97
792 1625
112 579
1460 468
231 1553
438 1177
320 1311
113 1191
226 279
1475 183
1509 155
114 217
560 1627
501 69
810 941
1376 850
800 1583
1277 313
1394 1503
115 615
1521 257
162 605
465 191
1773 438
1295 1365
159 1002
1359 1275
1279 339
752 1153
1750 1387
579 430
449 1469
1028 1399
1092 389
1733 1585
119 265
1064 1683
1351 1394
460 711
120 1163
459 1505
1100 1320
121 1250
814 137
1444 699
1427 519
906 1339
1116 861
695 459
1344 1759
1202 1272
123 326
877 224
625 1063
1151 450
1194 1410
1362 1248
665 1530
1057 1433
203 1068
938 782
1382 1541
1204 1308
670 897
1036 997
1276 209
1485 269
762 401
943 1020
1241 1071
793 1794
257 260
994 1084
128 1678
1487 60
783 1132
1644 455
154 1155
274 301
403 1187
405 621
606 539
1454 510
1728 311
1196 1648
506 223
466 871
1144 1353
490 460
1392 371
130 695
556 412
778 1207
1127 1760
1771 806
1450 634
627 1455
1011 81
132 1226
659 752
1290 1524
1311 944
135 74
138 1689
505 950
885 610
580 46
480 315
1183 1368
1731 218
1188 848
369 1229
136 1581
379 39
986 936
1755 1350
1727 1421
1624 1078
1772 794
896 993
1580 1444
323 1107
619 378
545 49
1044 1292
549 749
1287 534
1508 1258
1146 818
302 1743
1173 554
1358 1507
751 1266
851 1741
143 1624
1206 247
1225 880
1391 1244
427 216
142 906
146 1340
1329 1012
416 904
1713 1662
147 889
248 1052
1014 47
1114 1780
716 1322
1628 805
1047 1471
1010 734
278 1672
771 364
1315 721
442 194
1535 854
429 555
471 1404
1546 624
1577 20
1373 1395
149 299
150 102
516 856
929 1049
221 890
1601 1602
151 1307
1056 1168
1004 584
152 1528
1141 1634
612 922
720 902
1421 180
1705 658
1408 589
1430 528
1560 831
724 486
1663 124
1035 841
1747 799
605 348
1134 1793
1647 1204
1368 445
944 879
503 1548
1745 537
1229 652
1529 387
671 61
685 1141
878 288
1710 1268
963 714
158 1428
1268 21
371 35
863 969
325 1343
1462 801
1039 1568
1145 1170
637 1673
739 727
1165 1449
1317 490
1625 154
345 353
331 1030
313 1769
947 140
161 1178
242 760
163 883
1233 12
433 669
164 1694
1058 1123
1515 262
1502 1120
1752 465
165 1508
458 703
1207 576
473 1670
1631 1341
978 1401
166 844
167 830
258 249
862 1197
1555 1172
1684 570
782 1688
1327 379
1190 581
169 1644
1439 601
255 886
970 1777
1158 888
1668 1
170 1143
443 1484
1649 107
1361 1631
171 426
1195 186
919 1017
527 120
643 1224
1706 500
172 36
1543 463
1539 797
918 1732
742 227
519 1304
173 1027
174 985
290 1057
1371 1661
1007 1405
1027 780
768 1409
1623 267
358 1014
694 1235
610 825
820 639
979 206
1446 1551
208 1470
177 480
1258 1100
1393 529
1045 1415
441 1039
179 1376
1490 1620
181 991
207 398
1551 1580
401 1653
1653 894
983 1115
543 650
195 150
1572 895
232 144
1451 1171
182 1787
1219 1317
749 878
334 1117
584 629
183 1439
184 891
887 1144
1640 787
632 355
1340 94
185 147
779 1729
1463 649
1167 1716
1217 705
1567 852
229 1626
795 1414
450 778
1461 892
187 686
953 1590
1422 1586
571 100
190 1685
1452 1315
1650 819
1240 918
1662 1796
1664 1452
192 1797
826 50
1166 1326
214 793
819 1205
193 836
657 1595
917 1045
843 1111
194 1723
1414 986
1026 1373
1590 1532
966 618
1334 415
1213 1691
316 612
1364 1587
469 1024
197 840
985 1126
1332 1546
534 259
196 934
540 681
445 32
1377 179
934 1199
1517 1569
349 1240
500 1228
200 1001
201 1176
360 1225
1280 773
1192 1747
852 1378
1153 1072
1550 849
1104 1476
1208 1486
775 8
294 670
1095 1018
1161 87
995 1021
1651 1727
641 386
202 1270
204 546
1782 1482
205 1038
324 1584
206 449
700 1525
927 1463
954 665
392 1238
303 538
1227 791
1468 675
451 76
428 728
1736 1771
1629 1629
1349 1249
399 275
211 683
1504 1313
594 202
796 790
1443 1707
213 446
1494 1753
1760 1369
621 1529
1442 1419
1024 1300
566 1162
1121 1069
1322 228
1333 238
871 472
1609 1466
1148 1770
216 553
1770 583
219 1422
312 1613
362 853
1383 148
218 281
220 1140
898 713
1211 1325
563 128
1316 832
1086 10
455 1396
409 1776
1566 807
292 1696
222 1791
984 98
223 513
444 41
726 1382
397 960
636 360
463 345
389 305
911 377
225 948
767 1768
955 907
1690 83
1445 586
347 327
1593 1121
367 578
1263 761
227 1425
228 514
1081 1186
1080 440
526 282
1103 1681
453 103
230 473
909 1206
816 431
1768 1059
993 766
1734 158
1191 361
1689 1181
384 469
262 1477
233 1381
1510 48
1700 656
234 464
1635 1737
236 1640
1278 689
847 613
1721 814
707 839
673 739
856 1122
1479 1295
1353 1465
883 743
1513 474
1243 975
1718 545
1429 1786
352 195
999 505
271 935
1687 747
875 111
240 1053
697 388
1179 255
1619 1179
1041 828
243 566
1180 1083
495 690
1726 1316
1291 114
1082 1475
1091 523
1785 493
246 526
1088 1677
1214 1619
247 391
426 484
1282 341
1423 239
1178 135
1159 439
1639 1321
634 796
1309 808
523 1236
299 912
251 1483
1055 1762
1360 527
1164 1231
504 1075
1184 1279
1305 1706
252 1264
840 37
1498 1682
888 310
1267 1201
1735 1189
1232 988
1674 1200
578 1799
1765 1719
1467 442
1604 858
945 1360
259 1016
548 1641
1218 1403
663 864
321 502
1050 307
1419 495
1441 422
1199 1164
1589 1487
746 368
1533 271
930 6
304 1446
736 1237
869 225
1788 1327
1637 1412
1787 1008
265 591
1748 923
1606 33
279 789
639 374
628 1006
1130 1062
268 1397
520 1243
1398 462
717 1273
285 604
1702 332
1607 637
1288 838
1612 1413
318 1183
1737 952
1101 1025
1671 893
642 1621
835 34
1744 619
1501 614
1381 1103
1193 1156
1137 1019
1298 1430
719 536
277 171
638 1785
1345 434
1486 476
1138 427
280 334
1033 1697
1767 1113
317 118
435 1356
650 358
794 73
1123 245
283 1165
376 804
656 563
1648 659
1053 1330
692 1656
745 552
425 940
1262 1128
1457 770
1525 1252
787 1106
974 623
1239 568
750 413
289 133
1037 511
926 1213
588 406
998 86
617 1242
1367 139
1404 673
1304 643
1142 567
293 72
1325 343
932 220
298 1538
825 927
1749 428
645 693
728 201
1447 356
434 1116
300 678
1023 141
753 1480
1677 707
1435 981
1008 572
1492 1576
1119 915
1198 1717
884 9
1297 633
766 1152
1020 1398
308 221
1370 757
630 354
1113 1542
1143 429
710 617
307 1260
1354 1221
1242 1499
1093 1611
1319 625
382 447
311 1146
992 1048
1553 1556
666 765
597 1659
511 984
756 435
823 867
341 403
1257 172
1162 127
1558 1406
842 84
1656 1333
740 597
1678 1090
757 1218
668 628
879 1460
827 1361
1626 1575
677 1036
1286 1748
1495 1351
322 1462
880 1686
868 350
1611 382
987 411
1075 1338
1388 1202
1568 24
1062 162
1186 1299
1059 1724
353 606
1730 1110
327 1040
1154 324
462 416
1763 1208
1000 295
330 1435
333 946
1634 1173
956 1617
1693 588
378 1246
422 1352
1409 1255
1099 1612
1021 1779
1617 1269
1497 1515
1252 640
698 351
616 396
686 1526
1564 166
845 596
928 607
344 1227
1338 1298
1281 642
413 176
1602 930
1633 407
1400 1160
760 851
1326 1647
348 1092
498 1060
343 1375
781 233
351 947
436 1457
725 1501
350 317
354 885
1712 630
1117 62
356 207
965 320
1471 283
357 1592
1012 190
1559 671
470 1610
733 1646
359 1134
361 755
530 1407
1126 54
1483 815
773 384
475 1687
1385 626
1597 593
1646 719
1536 40
772 1560
368 1550
1265 448
866 741
1679 91
649 557
373 424
1182 458
485 898
1181 363
939 1390
375 1211
1565 177
1347 594
618 962
1220 1209
1681 499
420 653
755 708
1254 933
1328 1175
1346 958
849 1265
1708 1161
386 1055
959 682
1655 284
1779 308
818 1088
1413 1666
390 1031
395 1220
448 491
1030 1658
798 1519
393 1271
394 1561
635 1792
575 1562
557 767
424 1701
1673 561
876 2
396 44
398 205
1425 451
1530 1730
576 164
446 1443
623 611
402 319
1469 1690
1312 161
1308 978
765 79
915 973
478 13
1090 1044
1632 1765
696 443
407 575
1503 454
662 138
1120 701
1002 688
410 777
477 577
497 959
411 631
1363 43
1395 1079
1645 433
1378 1744
415 506
417 1334
1049 1118
418 105
682 75
1348 291
815 999
1576 1639
439 461
421 466
1694 1216
1271 104
1356 1539
1084 516
1696 1437
423 1174
841 1332
1440 664
1784 1700
509 63
1455 917
553 1540
432 55
901 1223
1438 1442
1786 278
494 972
1270 1182
874 274
1481 1554
1230 868
769 977
546 1715
1642 27
1293 1555
507 676
1089 337
1420 229
542 277
1389 1005
1428 125
607 1495
722 1335
1285 1198
1523 192
1019 556
537 1180
1541 1043
1147 1573
452 857
1600 1372
1107 1402
591 609
1743 920
1605 1598
1654 1354
1411 1274
529 1276
1638 549
1545 294
1417 715
1456 1239
1599 285
599 475
669 1157
1396 292
1357 113
738 193
1484 1637
1627 1323
1339 370
1774 53
569 1278
467 489
468 862
897 1746
920 503
1522 953
1516 740
474 77
1532 769
476 983
652 333
1077 877
482 481
613 1089
484 1324
791 961
680 302
1299 1380
1003 66
1412 746
491 71
492 212
1697 1740
518 258
535 704
958 982
803 1565
957 989
1250 1567
595 1042
1758 996
502 1521
860 600
1043 1545
1552 1371
1740 488
890 648
1017 240
1415 1514
508 971
1561 297
949 647
510 1671
1365 1196
1171 1263
514 1066
517 646
515 1636
948 590
1149 306
1570 876
521 764
1051 998
854 1011
1108 390
522 1755
684 937
1399 494
567 256
723 509
1115 802
1686 636
1172 1247
822 1680
1320 1336
1657 1086
931 718
764 717
536 7
1386 622
1292 432
1683 329
1511 232
1201 627
573 1233
570 417
729 654
1013 1712
962 78
689 80
552 865
1374 677
1704 1633
574 198
774 1091
1070 372
651 657
558 771
807 385
1675 1290
744 531
1621 117
564 423
585 742
1189 1004
836 795
577 470
701 1346
581 393
1573 666
1029 1588
1266 1783
582 668
1757 42
1544 1009
1416 1593
1001 234
790 1725
592 582
596 1215
902 1665
598 1628
1676 365
601 809
1775 1070
806 863
603 866
801 146
1122 419
1040 1474
1591 1667
1680 1606
614 1502
1723 273
1437 1651
907 367
1067 45
1596 873
1336 1137
1582 540
1465 1392
626 1367
960 4
1175 616
977 1784
1482 1511
1699 404
1022 110
805 1112
711 409
646 730
895 732
748 312
1128 756
1549 979
1187 524
1259 722
661 497
1538 328
1598 823
1480 272
679 1764
1244 1750
1514 845
1372 1589
824 712
763 875
1231 181
688 1150
935 745
1557 1424
718 812
1260 1151
1707 1309
1569 924
832 1537
1052 508
1778 1574
1060 1703
721 67
834 1026
1355 1447
734 587
891 1603
1234 1234
892 1385
1472 1577
1083 1328
1379 1408
882 95
1255 152
777 1692
1405 1022
784 1738
1274 366
855 1347
1762 1710
1507 558
912 1366
808 928
1574 663
811 829
809 1756
1526 243
1245 945
1071 82
833 680
838 1133
839 1720
925 254
865 56
1585 3
1212 108
908 1566
1434 1702
1488 400
969 899
1342 289
1531 724
1176 1000
1588 375
1375 1131
1087 38
1477 208
1177 467
1042 731
1714 1630
1046 1097
1352 1493
1695 18
1685 1245
1251 1101
1433 803
1289 1718
1692 1129
1512 1051
1222 204
1314 925
1739 816
1720 322
1403 357
1537 1400
1658 1389
