0 1066
1749 565
1748 180
4 1125
5 26
1745 138
1744 579
1743 1397
1742 741
10 1463
178 652
1465 1001
739 692
237 697
951 232
1678 1527
843 1352
1498 756
408 740
502 987
1240 739
1 1014
2 614
3 223
1747 291
1746 53
7 1618
8 1508
9 1659
1741 1129
999 1615
701 1145
1552 811
1585 1416
858 304
966 1339
6 893
12 948
1717 1290
292 1485
1280 1669
1691 1365
845 744
162 441
11 1247
457 126
1285 1313
1074 1211
1053 468
137 460
25 950
82 1320
142 1052
13 189
1098 878
435 900
1375 365
192 252
1134 376
1262 332
1488 44
1540 507
476 1524
1374 1388
581 1154
874 283
562 705
14 1142
15 915
1044 1286
1395 1415
1265 686
524 311
1155 667
1055 1258
206 499
1135 297
106 1633
19 156
479 812
731 9
207 1279
1360 563
965 1209
747 1571
16 431
17 484
690 1371
464 822
384 1235
1226 18
18 997
370 1532
1458 795
1679 1203
1316 1541
510 716
986 544
1109 1292
195 324
1103 127
1596 1601
1170 25
461 328
893 96
279 447
310 1137
566 1686
1217 1075
1412 533
1127 46
1229 415
20 1664
21 1433
828 1590
107 1446
222 338
1516 732
341 148
1675 1413
22 461
1483 840
541 353
1198 1484
944 1576
1575 1494
511 50
227 628
1244 409
1408 1432
62 809
1664 161
617 107
24 249
1499 1551
1161 640
1183 1328
382 363
429 594
526 548
1407 845
1436 22
589 701
629 214
477 1392
83 1477
626 1457
26 1086
65 885
1670 1703
1138 972
1177 966
61 168
1254 753
23 759
291 1540
76 1447
1102 1000
897 191
923 1545
585 343
1094 1681
941 1390
28 1655
43 1255
700 1141
251 334
1377 509
27 1408
881 90
264 466
188 246
647 774
29 1519
30 1640
359 1185
1694 250
873 1012
1117 643
31 1444
1715 259
155 762
1571 1728
147 532
1532 1040
624 1144
898 1003
379 875
75 1522
1066 1304
33 1152
1641 52
1300 136
1631 792
633 1010
1553 408
672 1428
1603 284
32 1218
34 512
399 1377
659 1163
794 958
344 1149
185 1006
779 1293
1390 763
35 1243
1510 1468
1010 1122
1038 1419
503 562
651 574
1302 76
36 1168
209 1492
568 372
689 1206
1293 151
37 1378
539 1374
1031 1549
213 267
531 1030
144 89
38 1038
53 426
91 228
1131 1159
840 407
1334 282
422 1430
1693 596
39 1584
1079 383
431 330
40 558
1136 751
1646 912
1574 527
722 718
49 1555
1738 1695
103 949
675 504
911 1223
67 719
785 1389
557 1210
805 1605
584 102
1174 683
753 69
918 1505
41 361
42 500
1508 1561
214 1560
380 1336
1547 237
512 1611
1210 1521
314 287
1111 1162
1707 995
1363 95
1561 1499
909 143
1190 1495
1239 1496
705 220
706 1678
1600 720
638 877
198 1537
1045 121
1537 62
44 1083
46 661
1359 805
592 1197
957 1732
163 672
1008 528
1685 1034
1236 1422
45 1002
47 1183
855 39
922 1295
1060 128
996 335
1417 344
496 1347
1619 1482
377 404
1208 1165
1347 662
576 1504
268 979
236 1090
1387 1647
928 684
221 6
69 439
1487 1214
743 1369
48 615
50 1643
189 573
407 1054
1734 0
1305 71
608 1479
120 599
807 1382
249 1663
253 1278
52 1679
997 757
1655 666
1096 452
199 23
699 348
1405 81
641 1094
824 694
223 1514
532 1490
1445 1106
728 446
1113 98
423 725
1376 1044
54 1111
1690 185
1165 810
1250 423
930 200
51 610
727 65
982 1564
1348 880
128 1138
917 523
56 1135
386 819
730 881
307 478
1315 290
1455 57
863 624
1711 1093
208 874
1325 776
1414 16
466 1036
692 1531
296 569
55 1260
58 1031
241 188
1367 642
170 1053
183 238
495 1180
405 1133
281 516
664 655
59 975
1622 1481
218 1345
465 113
688 202
552 174
60 54
1200 1597
1712 158
1344 1343
1069 856
797 1085
1286 1727
87 1127
549 177
57 1058
964 572
938 1237
723 1538
365 830
1454 1123
520 1745
248 116
1578 1623
1043 1658
90 1026
1051 660
421 1675
625 998
467 1716
1473 611
346 1068
63 983
64 1379
334 481
754 424
1440 1714
1301 796
175 1296
1184 456
483 298
1703 1501
66 1476
780 603
378 1035
929 280
1680 206
1029 86
1050 1112
233 617
1021 1385
711 524
716 1624
883 1329
396 1350
767 791
1651 619
194 190
200 154
68 908
383 750
487 222
1163 301
356 1449
719 258
172 1475
1120 1227
70 760
361 1418
321 1139
1011 412
1083 552
239 1153
709 305
1497 647
1225 803
1399 1045
72 1566
990 1077
442 444
1420 1639
1615 656
933 1710
246 1512
1132 75
1333 1301
1160 676
323 80
71 163
335 1740
1713 428
1450 219
1579 863
1384 48
73 903
74 445
1722 964
1159 97
309 747
1141 307
196 871
542 644
1452 1557
1125 521
434 578
468 981
77 1436
275 1184
962 714
978 67
1100 589
886 1216
932 1530
1130 1311
642 60
78 1381
1636 743
288 1554
1520 1583
734 1581
290 691
337 120
79 1370
869 386
564 482
1195 1660
620 1420
1423 986
901 1073
80 1474
81 928
889 704
1271 506
410 1609
1274 162
390 653
745 1109
462 974
1264 534
480 645
285 904
1065 1621
776 17
1206 108
269 1248
411 1556
85 584
577 687
1708 1688
315 340
1461 970
618 921
84 45
86 1107
265 1533
439 1157
161 1402
160 801
1628 429
1709 1132
1466 726
695 457
1393 417
262 215
364 380
973 832
1365 303
295 133
1612 825
758 61
1148 1517
342 1219
88 1425
357 971
832 1102
535 84
1326 1118
89 693
267 613
371 28
1004 1578
1663 536
1627 347
515 410
1168 1016
660 551
454 1215
1001 1585
1310 1730
1379 1299
1411 115
92 1398
967 1136
485 1434
1032 1213
661 1316
751 1456
1320 197
93 19
1150 277
376 879
1373 1708
392 992
308 1720
713 708
968 568
555 1256
847 729
773 1321
286 1200
1227 1426
1146 235
1269 679
679 79
1092 122
663 1711
1519 553
1563 1606
95 1634
437 1689
993 366
830 443
94 1535
406 494
1582 735
792 451
1706 502
145 663
534 864
96 1401
97 221
98 124
125 227
1223 483
1661 362
1104 442
1521 800
1616 902
350 1650
339 83
1324 1234
1562 1117
1477 1451
786 1225
903 72
99 1648
1068 1009
605 320
1665 872
354 1701
100 580
101 498
724 722
836 927
231 207
102 1572
940 198
247 814
154 1698
394 435
943 935
1216 276
1140 104
1428 898
694 595
358 1050
820 14
561 1563
974 1548
1105 896
1573 1610
1682 453
104 1080
105 1335
211 1019
127 873
1451 938
762 396
1710 1661
1202 1146
654 1079
810 600
1422 1288
906 1562
516 117
108 111
1728 265
1099 1443
544 1121
1020 281
109 1680
260 187
1587 68
393 965
110 793
857 1699
841 367
1234 892
111 255
691 861
425 630
708 1393
718 399
1589 817
844 1282
1352 248
112 15
113 159
1277 1503
1296 1240
796 288
446 1359
114 944
1490 1466
1290 231
697 1489
305 1131
959 1280
790 890
517 665
1560 999
395 540
116 245
278 530
818 867
648 253
493 1665
1658 275
838 632
1517 1356
1037 829
1073 1743
117 379
921 327
1406 153
538 59
1238 94
644 1047
771 421
115 592
118 1595
119 554
1129 911
1591 263
1534 1737
839 567
1434 887
146 1607
121 312
1507 538
322 748
300 839
817 1271
1489 931
1526 205
1523 788
1446 1453
1581 1364
1620 889
274 1174
1592 648
450 247
1005 1642
122 323
124 989
1389 32
1740 166
123 1170
665 1462
1456 169
226 1726
1176 922
126 1478
597 11
1421 1334
242 651
455 765
1047 256
1024 1244
452 593
1255 737
1724 119
514 546
1081 1119
1509 1619
129 1233
491 387
686 182
131 1676
556 823
812 1341
1192 724
177 781
1087 1697
1283 608
215 1088
591 193
1358 210
1479 1591
132 1025
134 1568
1644 929
135 1224
1660 901
1342 1396
130 236
133 394
136 1033
1248 738
800 721
609 1067
1097 688
403 268
1171 1201
328 472
1075 1736
138 1100
139 1196
400 1694
414 1217
140 1071
837 1654
217 605
327 1049
1346 1084
1424 1309
1652 1431
141 1553
156 1130
1149 919
1186 1150
143 1570
649 1099
550 846
256 1367
1115 675
509 233
1539 909
574 1412
1349 1473
1218 690
985 731
1474 1332
508 10
1382 274
169 1362
1307 1506
1341 109
148 419
1617 319
942 33
201 465
449 103
1449 1022
149 973
1203 681
586 20
670 659
1666 1469
1640 211
463 685
150 1042
151 43
802 1735
1196 1065
721 1264
153 129
1705 1421
306 571
1623 375
289 1487
884 618
823 388
1214 1536
152 925
1181 12
1314 1657
1383 882
981 369
1295 808
673 587
353 517
459 1346
1511 70
979 1709
814 917
775 1226
157 978
683 824
916 476
1275 192
1541 1441
602 543
1372 1417
653 609
518 945
1444 597
1019 1164
657 1384
158 723
784 1635
826 1
1496 497
658 1613
1544 105
1696 866
1625 581
343 1569
1368 1238
159 1008
877 1017
349 1510
1230 852
880 828
573 541
1249 470
1353 165
164 870
1505 1523
631 142
294 634
165 1177
1036 848
1608 1691
1180 508
1565 1069
166 1232
1241 257
787 1095
1401 243
804 807
167 1342
783 771
971 1614
1364 671
1723 826
445 114
168 967
1182 357
1491 1270
243 139
632 1028
1028 37
303 1671
752 463
970 1438
703 87
1594 1351
443 1126
1549 1625
171 602
674 1702
1543 996
1470 1182
1052 1559
1297 1509
173 1252
746 92
1025 1373
424 985
935 779
1232 1166
1493 208
174 56
611 953
1388 560
1235 899
1429 556
904 1023
1378 598
1040 1318
176 625
627 99
1194 1599
835 201
949 782
803 173
1059 5
725 3
179 1387
347 331
513 123
770 576
1634 137
1268 1059
180 638
606 1228
899 1097
186 1666
1318 313
181 907
543 849
1197 101
600 289
872 8
636 486
619 1330
870 1108
1022 586
182 988
936 184
580 286
1362 359
499 179
184 677
440 1294
1017 93
1313 1251
894 707
261 550
302 251
795 664
1669 73
560 827
402 400
1518 673
953 1056
815 157
1576 278
187 1236
1613 351
1185 1098
765 1516
1253 884
190 364
1481 29
1572 1198
1256 1043
1403 1357
1046 329
1172 1513
191 178
567 1592
482 88
1259 1574
1154 371
1688 941
1082 1051
1018 1322
1153 934
864 1171
1667 418
193 1733
426 1700
616 980
197 531
1462 585
1261 1007
1475 1386
1270 1103
1224 1268
1258 110
1095 838
202 895
1054 440
373 1526
203 1706
757 930
980 475
456 194
470 477
859 505
235 1192
368 479
301 196
1273 337
498 1113
926 1193
740 1128
204 264
205 1600
1606 916
924 1220
486 1405
813 1156
622 1375
1033 1312
507 566
1692 295
404 40
1492 416
210 413
1188 1239
565 1518
960 1579
212 1055
972 1262
1726 754
1494 869
311 392
760 1041
313 226
1448 438
860 1465
1442 545
630 91
523 559
545 963
1501 7
1078 923
887 1628
216 1738
1287 1620
1385 816
955 203
852 1368
367 542
219 1265
615 1593
1166 834
1416 954
733 745
220 503
912 488
1695 1287
583 769
316 100
682 977
601 1380
976 436
1070 269
652 1325
224 789
952 1520
270 1565
460 649
225 170
834 798
737 1173
704 518
1080 1207
1546 1291
540 1667
228 1289
1430 1685
821 1528
1672 495
1247 969
1222 936
1133 1400
950 1212
1704 118
229 1191
230 1544
1049 888
1012 395
1371 778
925 1690
1366 862
1231 794
232 140
1478 766
788 186
234 1644
687 273
1432 1693
896 393
1569 1167
714 982
854 1491
500 41
1464 216
419 326
736 1360
1048 976
1343 1277
1107 112
1394 1323
885 1140
481 1366
240 857
1114 876
1514 1110
238 1344
388 132
1145 1306
276 1483
1677 860
433 1072
1323 1722
1654 1355
1158 1199
1718 1179
244 171
1721 678
1684 850
245 818
919 1543
927 462
1330 689
1246 1454
994 1651
352 1725
1720 639
1447 1445
1345 1315
1731 2
1653 858
387 449
1061 1622
988 47
250 147
504 336
1299 262
1584 1267
558 1147
1002 352
1063 853
1530 1176
1580 1472
418 1718
1431 1744
252 627
1629 1269
1312 821
1209 1723
1126 1169
255 764
578 183
900 1300
1335 155
257 36
548 1636
551 761
1538 1202
1329 1677
1006 1719
1527 296
254 1411
258 1029
259 658
1586 868
1402 910
363 130
389 487
501 990
263 1596
533 937
1504 35
1056 414
908 1101
490 1231
1076 855
1548 1143
266 1181
1535 529
628 1594
1484 1653
284 391
1404 575
320 1115
277 636
914 1340
522 1391
878 918
756 1673
1039 1429
593 1160
369 758
282 1696
272 1190
1057 601
432 591
650 1326
599 1151
273 621
702 341
1554 378
895 325
271 30
1500 385
420 346
1686 381
1502 1458
1015 646
1426 1018
1086 1734
1460 315
355 299
1588 1254
1354 1114
1583 674
1009 582
280 1497
1041 768
954 583
324 1062
1607 1692
913 212
317 38
505 373
782 1409
391 1534
1116 1120
283 31
1144 1638
1088 240
1727 480
1169 1552
1649 842
1219 1656
287 1717
1331 1747
1162 1741
1173 34
1495 272
1626 802
969 318
991 905
1391 1715
497 149
448 696
1303 1707
299 511
293 1308
312 322
1308 377
1555 1424
735 906
1443 260
1716 1187
676 279
646 225
409 317
603 730
1110 455
1687 1470
1156 1021
297 64
1522 285
1151 955
298 471
1337 389
1737 1039
1506 425
304 703
1263 422
1659 450
741 914
1072 1406
1191 784
712 772
1370 1221
1598 698
1328 547
774 146
1042 1575
761 790
427 525
798 1627
571 1024
890 350
488 604
1381 622
1719 1349
1485 368
1668 342
318 1337
319 773
1683 141
1204 755
1147 448
1119 467
853 1245
848 1178
1278 702
989 799
397 384
1398 631
325 1641
1013 333
326 458
1413 1175
1211 787
537 588
416 1188
360 355
1284 420
381 557
1317 266
330 1338
438 1395
329 1186
331 1511
1332 1037
666 710
768 961
332 1464
333 349
984 1331
1433 1015
1221 913
905 135
995 1598
956 1712
1409 770
1630 1589
613 1116
336 405
338 815
1610 1275
340 411
1023 1467
1397 459
1207 1319
983 1616
1108 1376
1199 920
444 854
345 244
572 623
348 1032
946 1588
1550 49
720 1314
1472 859
351 1435
1463 213
643 1004
1459 749
374 1205
1700 1608
1351 316
1291 160
1106 1399
595 682
1260 835
1457 1448
907 1602
362 1682
789 940
1152 951
715 700
366 354
1599 1064
587 489
1453 926
1729 1629
610 398
684 1011
473 712
372 1061
910 1440
1624 1582
1435 717
375 1091
1533 962
945 1427
590 1189
1281 1746
1338 993
749 1672
1205 241
1735 24
1034 1749
458 496
1542 813
977 960
1566 984
915 164
668 1442
385 1092
1564 1455
1243 1222
1272 1230
1577 1241
1298 620
1656 728
1137 13
471 837
1590 254
1512 752
1288 734
635 134
1410 1276
1121 680
693 947
799 1266
698 535
1482 1670
1071 577
1639 1353
1551 1502
742 514
1531 1082
1084 1195
494 1573
398 74
401 629
920 1158
842 1063
1306 1646
1282 1081
882 406
1427 943
1439 1297
1476 150
963 607
640 785
1118 616
412 713
1220 736
528 549
472 1172
413 1250
1233 51
1701 1104
415 1078
766 1617
1699 125
656 668
417 242
791 209
850 1317
1007 27
1311 382
1676 783
825 883
1212 539
1524 261
1645 1354
1091 1333
681 1461
547 360
428 1414
827 1263
1139 1253
430 131
1635 994
1392 1089
707 831
987 633
1026 669
546 63
764 841
530 1242
1601 939
436 427
1215 777
1614 1005
441 217
1124 1273
1611 199
934 1626
806 432
612 590
1657 561
447 270
1471 844
594 1403
1513 1404
451 654
1327 308
1339 1305
750 1394
453 641
1035 167
1662 786
1242 775
563 402
755 397
862 356
851 1662
575 606
645 1630
469 1507
506 1547
867 851
474 836
475 239
478 1652
525 957
1000 175
875 1076
717 709
484 358
1340 1674
808 804
1556 1713
489 370
1142 1577
1425 968
811 894
948 1739
902 1274
492 959
998 77
1267 492
1157 1493
1674 1310
1309 1020
1609 1684
1467 1515
1396 485
1189 1324
809 1603
1077 1500
596 1724
732 230
1558 1498
1090 637
1016 932
1593 555
1648 1452
1673 1439
1528 1525
729 1303
1736 1283
849 742
781 403
1689 1161
1503 1327
582 820
1545 612
519 1450
772 1546
1441 515
521 1437
1085 1257
1093 1070
527 865
1525 1057
529 1742
958 106
833 1471
861 1134
1386 181
1725 1087
1237 1249
1143 430
536 767
1319 715
1602 886
1400 1423
621 1486
671 537
1251 1459
1027 780
769 1731
553 464
1536 1046
554 942
559 699
759 1358
871 1096
937 1488
1089 1124
1112 746
639 1705
569 302
570 473
1276 1410
1369 401
831 1668
1568 1567
1697 1208
1322 1013
579 706
1304 1285
1123 1704
1650 1048
1193 58
588 843
846 564
1642 1307
819 1631
1164 1361
992 657
598 1542
685 1539
1637 1148
604 321
726 1407
1437 522
1101 294
1228 309
607 204
1618 229
1419 1363
667 314
1257 1460
614 1261
778 491
623 293
816 4
891 345
1714 806
888 1637
655 434
634 1587
738 526
1122 224
637 85
1438 1348
793 733
1570 1683
1698 176
1595 82
876 474
866 1645
1062 695
939 1204
1638 172
662 1612
1733 493
1515 946
669 490
822 454
677 1721
678 513
680 55
1279 1649
1681 42
865 520
696 300
1557 1580
1294 218
1030 1632
975 1027
1597 1529
710 897
1201 66
856 1259
1605 1687
1067 78
1559 626
744 1281
748 670
1357 635
1003 152
763 847
1178 306
947 1480
1730 437
777 1060
1187 1298
1179 1372
1064 891
1355 1302
801 1550
1529 501
1350 797
1361 195
1175 1246
1647 1586
829 390
1671 519
868 145
879 1604
1336 292
1486 727
892 1748
1732 933
1643 952
1167 650
1058 339
1469 711
1213 991
931 1383
1702 956
1567 1272
961 1229
1292 144
1289 1194
1380 1558
1739 1155
1014 1074
1415 1105
1245 21
1418 510
1252 271
1621 833
1128 433
1480 310
1266 570
1321 924
1356 234
1604 1284
1468 1729
1632 374
1633 469
