0 1789
1898 1432
3 513
1897 1462
5 1344
6 1133
7 292
8 1136
9 821
10 1838
1889 538
1888 1246
13 928
14 438
1886 24
15 1736
1885 452
178 1094
374 651
1407 946
1137 447
1633 1376
614 1340
1338 790
1254 853
94 162
260 1017
1744 1202
421 639
1804 232
152 1277
1 393
2 288
4 1266
1895 984
1894 1785
1891 13
12 464
1890 40
1887 421
16 1363
1595 786
884 1443
452 889
1661 1181
1523 465
1865 1225
1150 165
878 687
814 718
173 521
1321 1535
112 1332
1746 357
1899 863
1896 880
11 1475
1892 70
1717 1095
166 729
1168 333
1265 68
908 263
134 1636
1646 237
1765 174
1313 448
1452 47
17 1189
18 364
1594 59
1281 559
1079 248
1618 160
905 459
1047 91
1578 304
1893 641
19 549
1098 608
1835 143
893 1216
1023 1187
69 1823
1873 476
1607 1337
1027 665
620 1352
1687 1055
1457 411
1314 1105
549 1175
1388 1311
412 986
1442 200
1410 498
902 1068
1073 108
245 1825
1436 571
354 1634
1247 259
1749 144
1734 1439
364 556
1368 295
21 826
106 33
1288 1412
650 658
357 470
1468 757
740 1313
1398 1060
1846 137
657 340
1743 512
1775 1479
20 1144
22 563
690 1120
344 1632
871 1024
1546 809
1781 1876
96 1727
1494 1788
782 917
23 754
376 1477
1071 1799
1181 1850
1654 1778
695 1552
1507 1233
228 415
351 837
1852 504
1766 1807
918 1428
1296 691
184 1724
24 211
862 273
742 1697
758 1856
208 346
752 734
1588 1725
99 258
776 1354
1279 134
25 597
1855 1007
942 1854
1768 180
1347 858
1883 741
526 1698
331 730
1100 319
1038 1569
679 66
838 1841
1203 155
76 82
618 703
271 578
1533 88
1667 707
532 1800
647 726
100 130
569 1047
1805 318
1223 322
1502 1633
440 1107
822 525
836 1470
541 528
1453 22
470 1527
28 1573
1005 1447
1755 1151
1355 1815
1553 41
1214 1159
1636 847
1169 272
1499 434
920 789
819 588
1645 197
1664 879
422 1032
316 1433
738 558
1422 426
483 173
1831 574
475 1393
1837 1894
29 350
30 1786
512 936
148 403
775 1827
1095 765
605 570
1776 84
1158 1768
26 737
27 864
31 1646
954 1273
897 466
936 1551
617 688
554 1734
1318 915
1491 116
496 363
291 1417
1295 1520
1778 929
1871 1522
1882 752
419 1139
77 1085
1301 626
1359 494
1686 378
32 657
1856 1106
709 518
449 1673
57 868
459 1668
666 824
1555 565
1739 1587
1164 892
1250 1207
34 1441
1866 1015
450 884
1192 1249
1302 690
349 693
1157 419
451 1
1460 655
1544 796
1751 1586
33 708
314 598
1753 1691
1869 1430
1354 271
47 1500
1180 1213
36 113
1406 250
779 1196
258 156
1505 1265
676 262
499 489
1642 1218
35 95
906 1201
1725 138
305 750
1516 1005
272 818
917 1474
945 960
534 1413
938 1685
1721 1654
535 376
37 692
624 1360
1653 1012
877 1899
384 386
728 510
1044 1836
1677 1274
1088 1777
743 1515
377 1706
38 175
1641 721
279 1642
683 1087
154 544
1445 374
636 1779
1413 44
458 1343
849 1186
318 1347
39 1185
40 1829
895 1456
415 1316
174 1384
1788 930
298 478
896 67
1791 246
41 994
212 605
1284 451
566 683
798 801
1836 722
1462 1126
633 314
147 268
1782 1193
1334 327
42 1473
1036 6
659 1531
1474 1329
890 473
1874 1350
771 424
43 1091
1241 817
766 1079
335 856
1823 1397
713 50
1242 1542
392 1197
813 899
673 14
1463 391
44 1819
783 798
312 179
834 490
213 1399
1572 170
45 646
1828 1507
1854 1792
689 218
105 1429
1101 1292
1122 15
1428 445
466 1405
1709 978
409 855
630 1400
300 196
894 249
1671 1071
1361 945
1070 1705
229 252
46 1302
68 481
1530 612
1366 422
219 1711
1391 289
48 1059
162 1220
87 1562
1437 121
463 351
1577 1686
220 437
827 957
1549 568
1363 848
49 1837
826 198
456 529
1127 1394
1408 308
121 717
261 1485
940 454
1617 293
264 444
1177 962
1551 852
1708 1812
1860 1284
1378 390
997 1742
343 1891
795 1300
934 455
1272 1256
1736 1263
622 1801
1764 1054
50 1615
866 1549
1762 1048
387 1864
1126 1093
1669 1708
832 0
163 1630
51 1104
52 1089
53 321
1565 1748
586 230
727 1771
1656 1190
1015 1411
320 1794
581 1199
974 1442
54 1358
181 380
304 881
1357 1293
1497 942
435 1596
763 1128
191 1665
612 1038
1423 92
1342 659
109 982
1182 1011
907 1287
640 1516
455 436
531 1509
302 1660
1510 220
522 153
794 18
1652 400
55 36
126 29
1054 1745
568 604
1759 43
1358 74
1377 619
146 594
948 1588
395 506
1868 1846
957 776
222 432
1735 1578
1747 763
1138 711
1819 1497
56 1824
58 1162
59 1667
542 1228
156 1657
546 1074
1367 482
1683 1755
595 210
1816 1765
224 560
593 987
1396 1584
1670 631
732 332
1503 595
851 1027
1282 1607
1487 265
1400 762
223 342
1395 1808
61 618
739 964
1729 1318
246 647
508 1638
1323 878
186 1496
176 1182
1255 516
110 1073
60 629
874 1271
1800 1146
962 1783
1051 569
1863 1206
247 199
1416 1592
1043 1325
648 876
1446 309
62 1548
115 1042
427 766
1700 240
120 1758
1496 1090
1298 209
724 1208
1028 1675
1418 474
1689 820
242 1326
63 1259
64 1409
429 341
91 290
1165 1879
1007 634
1500 1616
1081 980
803 1868
993 136
988 117
746 100
1842 575
705 950
1876 935
65 793
66 677
1200 815
1339 456
1336 1253
1647 1743
194 1312
885 1849
1629 861
67 1655
1286 1613
1141 1480
95 1529
1196 1599
1547 869
1171 1425
1879 1279
253 768
1026 132
1055 1195
293 1214
1426 167
1630 535
461 224
1829 1832
800 338
939 671
1727 895
1650 1501
315 226
70 1013
574 1873
1807 1572
1853 1870
1489 1564
1785 1518
323 406
637 184
1731 1762
71 120
523 1866
850 959
1814 1561
537 87
114 420
592 675
72 1471
787 536
494 140
1464 1211
912 834
200 1541
700 996
125 458
1449 311
73 590
240 891
1116 723
1793 245
1198 585
1089 963
128 1878
1845 1834
1322 901
444 349
122 696
74 1304
589 1160
130 679
1030 269
958 991
1480 533
1695 360
1839 877
1858 1626
75 297
1521 105
597 1109
831 471
1300 592
1409 1766
448 1377
1063 1057
1205 241
764 1523
1310 129
1506 736
1099 1629
1269 1753
883 1149
1705 1035
616 1267
1676 1780
1376 25
78 125
990 1065
341 602
967 1016
239 961
1024 828
462 1883
1715 429
1844 1722
994 744
1820 1153
93 838
254 264
1548 1380
1880 1019
446 247
563 1420
79 1455
1331 1602
984 4
367 1798
1261 161
478 572
658 1680
1614 122
575 1034
197 449
82 214
1682 1525
342 79
80 1410
81 190
83 653
275 1385
1848 496
325 19
564 1402
1270 805
1259 1689
481 1381
1090 188
1114 1373
1832 405
1086 954
1830 1177
1424 1080
84 1322
970 1155
1662 1437
187 775
1758 1710
1068 352
352 1323
830 1769
559 689
504 431
85 1243
86 1486
1145 1147
770 1513
1303 1752
820 1052
1627 517
889 1183
417 1222
1867 1331
1184 1231
1631 1407
397 912
540 1662
88 397
1663 652
1520 865
1013 849
571 285
479 782
89 387
1264 1713
159 126
1283 1597
703 1566
90 1224
802 925
1350 681
1712 758
769 702
1495 182
1222 822
1678 1880
930 1178
408 1763
829 522
1598 1652
92 442
1838 329
519 274
136 921
241 1102
1385 114
601 1658
1002 666
507 756
1305 893
670 239
1091 1539
692 305
639 389
1673 1378
413 1896
311 30
959 1623
324 97
1833 1355
381 755
656 1565
484 417
1297 1452
135 700
585 439
485 1333
1183 1556
405 238
1884 1166
385 843
524 236
97 1526
660 543
615 1415
1012 1025
284 381
1105 440
1763 1127
1806 86
175 1172
807 581
550 1030
143 72
98 32
1524 1554
1352 804
326 1521
307 1096
399 1324
216 1165
961 1086
835 1058
591 811
1271 1131
1186 46
378 52
1058 1583
583 1357
584 69
706 792
101 555
102 857
182 1308
250 909
1121 1156
1211 1649
1403 85
281 886
735 1842
1387 483
117 1640
103 903
1740 1617
643 17
1483 37
1657 1694
608 1434
520 1137
1752 159
104 61
1237 534
226 1781
1066 988
1429 883
1014 924
629 491
1299 1882
1815 16
345 1730
1370 251
368 141
288 1582
1542 152
1235 142
1660 1309
1417 1075
635 1097
107 910
160 566
1701 1205
1812 1396
287 514
1065 1108
956 1140
530 8
1096 1553
1107 985
1268 1040
1528 1530
790 1116
313 185
439 1860
1680 938
1326 1451
539 1431
1020 951
1467 34
1536 1010
340 118
108 1050
214 328
799 941
1392 1046
111 89
215 1872
1218 1495
1640 1863
1720 1374
1518 952
1219 468
1478 577
1059 698
528 1033
1809 149
1456 1051
230 1157
1450 1184
1364 1676
113 1370
236 704
1621 395
285 1132
971 738
144 401
1773 1749
712 1100
190 1508
1341 823
1216 1044
1850 151
1143 1661
1317 77
842 1158
1011 1775
1498 423
1078 23
116 1383
1592 1543
457 301
1570 802
445 603
903 306
609 38
953 684
204 606
837 669
716 662
1349 1283
118 255
691 1579
1659 1099
1675 157
791 1692
1197 1791
719 102
119 926
1509 1113
131 1258
1123 1291
206 1795
482 1712
255 1135
587 225
453 1690
1108 51
1525 937
678 874
476 1818
915 636
1665 78
1087 1619
1006 1679
1597 358
1484 567
923 48
157 1445
333 418
949 701
145 1067
123 1576
278 784
1605 1503
672 1188
737 1502
336 1288
1440 1699
386 1716
473 867
888 1063
1229 500
1585 1881
252 382
1228 720
1792 1664
124 1487
734 1142
420 1489
1543 947
1118 1682
931 632
127 310
348 894
266 1250
437 586
1083 1505
750 650
1596 343
868 620
1435 1440
841 956
129 217
1713 1601
1706 1835
561 1790
516 10
600 1002
1508 1559
1620 644
1475 1419
1579 81
847 1307
151 1593
1110 1169
1587 1391
665 1467
606 1164
525 710
1345 65
996 1688
155 1773
710 740
132 453
133 1831
468 686
274 266
231 446
511 759
388 369
1384 1203
1529 296
1188 1700
576 62
404 1498
1710 660
1276 484
1049 1585
1156 972
1236 810
1554 39
137 64
697 1244
951 1465
1601 203
138 1624
590 12
398 1723
495 1251
1230 914
556 212
411 714
641 1303
1064 103
1019 109
1097 362
1454 562
139 1605
140 993
389 783
1009 1314
295 725
289 732
596 1036
1486 908
1556 1892
1124 1069
141 1008
142 743
815 583
533 1517
631 656
1025 467
1381 1138
402 1408
1581 299
711 1129
602 1248
403 488
1690 1264
205 1674
1287 888
1245 443
1864 871
833 1757
1213 916
674 797
1034 112
283 501
232 1595
280 368
777 1112
170 1512
663 557
745 835
1789 979
149 839
1234 830
557 1121
514 617
1035 1813
1084 1268
991 1557
150 1240
649 760
536 995
1817 1088
1599 628
393 939
1135 323
1373 345
1320 469
1514 312
227 1859
1479 1651
721 1210
652 1707
937 5
1803 1049
153 1338
1822 413
414 154
179 1843
607 814
1195 1083
1067 1152
1333 584
1552 1022
1252 1506
1104 1536
1346 1744
1559 1223
438 202
1133 1236
747 1853
944 1797
1639 1237
1488 183
503 1720
1278 778
1583 1653
477 1061
158 1252
642 1546
963 1635
922 1889
424 507
876 885
1225 1547
1328 1004
1590 101
1041 1294
161 751
864 645
1148 1481
1611 354
855 325
1239 540
1325 1608
1872 133
1062 519
1534 128
164 1242
1722 872
960 181
1262 742
400 992
1558 1806
1174 1817
1841 1098
1093 546
165 508
553 771
225 280
1033 1750
845 1045
1697 1604
1757 1262
1625 532
952 906
1612 1450
1564 1328
1221 1648
168 1334
717 243
167 11
1493 685
506 785
1094 106
169 1200
1684 709
180 1772
1291 579
1772 499
185 404
755 1747
171 905
599 166
823 622
262 186
172 637
943 359
515 324
1386 682
753 1888
1566 1810
932 1871
1511 1681
1810 1356
733 260
548 331
1115 803
1473 1739
1159 601
950 1737
1076 1581
177 1041
443 1078
551 1367
671 1281
861 1482
469 486
1330 1784
792 648
1292 1776
1515 1693
207 414
1784 976
621 1310
1742 975
685 1191
925 1589
365 1298
394 1101
370 1330
1360 407
1253 739
1193 791
292 104
762 1671
736 845
486 1738
301 233
1337 971
1526 1092
1132 441
183 1009
1574 749
1142 1117
1632 624
1787 1375
1144 1070
722 1767
267 1345
1056 1179
346 334
964 90
789 1802
188 1317
500 840
502 1627
1821 806
1624 335
1877 1280
290 475
828 281
360 1232
543 600
1490 399
1160 1732
1187 1359
1568 1848
189 221
1472 673
863 678
1082 932
1397 1544
1267 1822
1307 1704
1519 1023
1622 503
330 187
430 970
1340 1563
1711 967
1379 1558
941 1001
432 1511
654 564
699 667
347 492
248 1577
192 326
193 1741
1623 344
309 1514
195 497
1353 58
1371 1369
1390 282
1294 1382
1707 949
202 680
196 1591
1443 1867
1324 123
756 1446
965 897
1847 1472
198 261
299 54
491 410
1610 966
1405 890
199 45
976 614
363 1895
655 1701
1421 1366
1824 394
669 384
1163 28
570 1628
572 705
646 1111
913 580
328 1115
1414 256
1175 370
1779 1833
859 1021
201 943
373 7
425 931
1394 787
704 1148
203 587
707 1037
760 715
909 911
1146 1361
538 920
1415 1453
1112 27
675 1395
1459 844
702 367
858 171
1470 887
594 1709
209 800
882 53
510 1143
210 638
1109 428
870 591
1767 435
211 55
1010 1247
765 1545
955 148
778 1403
472 1327
1117 1174
337 728
1477 1811
1591 1392
366 1643
1716 923
1039 177
1120 1733
1285 361
1032 1066
1431 1110
1771 668
999 927
1703 547
1441 1460
846 317
774 124
1383 948
914 1336
217 842
218 676
1375 1488
741 337
812 98
221 1141
1147 1289
1018 1718
1393 1580
1199 20
547 244
1404 163
1608 1560
1875 1805
919 1119
805 795
1696 1728
518 412
489 1540
852 139
1412 298
1432 242
565 552
1210 1855
308 1684
916 145
1029 1290
1189 1510
359 277
1674 747
946 527
1719 1234
1052 649
339 1295
992 402
1698 904
1733 769
1153 1342
688 836
1185 748
1001 169
436 115
715 2
726 1575
1016 493
490 1890
396 1254
1399 1804
233 1422
234 1519
379 313
1584 1217
1769 1039
935 1319
927 541
1586 287
383 373
235 1826
1080 1406
552 1494
474 1125
1694 829
1125 1641
332 1740
1263 1614
238 83
237 303
881 1368
1540 922
1476 1847
1783 213
492 135
362 278
243 727
1362 1272
1638 427
244 416
613 607
319 1703
1730 582
1217 267
886 1082
644 1114
1461 1484
1651 1301
1427 1305
1257 1568
497 479
1802 1341
249 1351
677 1438
1635 1285
1154 788
1031 1176
653 1678
1796 96
772 770
487 983
1738 253
972 485
251 1839
433 875
1134 745
1550 1299
265 1245
1194 194
1212 882
1593 537
947 1483
426 968
1603 859
1348 997
256 1861
1106 1077
978 1379
1215 1170
968 1457
844 772
418 716
1560 1499
257 981
369 573
1704 1840
259 1335
1795 119
625 1167
628 1504
1745 1084
1672 1353
1541 347
1728 1192
1042 1877
375 611
723 1461
682 1594
1465 520
577 1478
1790 1663
380 1053
277 1365
1050 1612
981 457
263 1163
578 193
1438 965
1319 216
1849 1212
1332 472
995 463
904 841
1060 1830
268 1610
1628 229
1447 1276
464 1364
269 724
867 276
270 1219
1600 1492
1466 1695
797 1241
282 933
768 1625
273 515
1458 873
619 315
276 1371
471 1555
1527 111
1021 205
1061 1204
573 1796
465 1491
327 1171
1425 808
986 1173
751 1659
817 944
854 1081
1799 794
1113 1639
1606 348
1226 1320
1022 761
1178 254
286 616
1522 1886
1492 76
1433 764
694 1862
714 371
848 1154
824 1466
372 674
1774 365
1411 860
880 640
1170 955
661 551
294 1764
708 1198
1797 1194
627 1315
810 989
297 1670
1130 1260
796 969
1535 94
611 73
808 1611
1173 300
296 695
1220 1898
1840 377
687 663
975 150
696 1029
562 204
1249 372
1604 227
1119 1464
1615 1828
1306 1239
1455 1570
1576 719
303 110
493 1874
1401 1746
1204 1227
582 735
310 1574
1834 1006
355 1672
804 1729
1131 307
306 1702
900 664
1092 1600
744 1003
1289 1238
454 1215
788 1286
529 99
1699 1418
1040 953
1244 192
1008 385
786 1454
1881 1255
1277 93
860 56
1448 862
933 172
1575 207
1741 57
1573 524
1251 1793
1260 990
317 672
321 1528
1786 1401
1637 505
322 450
350 596
1801 71
1155 1221
1274 49
626 1230
579 713
684 392
1102 958
480 1803
1232 635
555 589
1209 487
329 1297
1794 31
857 661
1136 1696
423 1372
645 1533
1561 1852
853 206
1780 320
334 554
729 511
1304 1390
1444 146
1688 63
1504 1875
928 480
338 1122
1439 870
982 697
1811 284
1668 548
598 973
406 1389
693 1645
1207 1275
603 934
911 1270
1562 1609
353 1644
517 366
1602 1726
979 670
898 1387
973 833
447 147
1176 355
1501 913
1655 330
821 1427
1723 1844
1539 642
879 1424
1243 398
1878 1490
1172 1261
1770 1731
434 896
1000 1493
356 42
725 1123
910 831
1609 1809
358 576
1231 812
1280 191
1048 1774
361 561
544 339
1166 408
1017 353
1208 1869
428 294
781 1269
872 531
1537 643
983 1721
634 866
1037 1821
825 302
1149 462
668 1538
1748 131
901 222
371 1388
1316 1134
1315 825
558 523
929 231
1724 1571
1224 1416
1111 1145
1190 593
998 1306
985 1229
1538 461
382 80
1485 753
1648 1103
1818 1650
969 75
1085 316
1248 699
390 1884
391 164
1191 178
801 509
1420 1282
1756 850
816 1683
588 375
924 1714
442 816
1613 201
784 550
718 257
1201 706
1513 228
869 694
1290 1715
401 1226
1512 998
1813 1735
1351 1590
1069 1026
488 1567
1045 1760
1859 1278
1329 545
1714 1622
1643 9
1343 1893
407 286
1649 1717
1481 1620
410 807
662 609
1580 1458
1380 974
416 1476
761 851
1179 60
843 356
1718 1754
1471 1404
1072 383
1616 832
1293 1076
431 1687
1374 495
1626 1537
1309 107
1681 1782
604 1524
1870 633
1545 1168
441 854
1419 336
966 539
1843 388
1238 613
1702 1348
839 625
1389 999
1693 731
1857 279
1732 1018
651 35
513 1865
757 1062
773 168
1750 630
667 781
460 1885
632 176
698 1235
1162 819
467 623
1434 1770
1582 712
1563 1031
759 1014
840 1647
875 907
1057 1296
1567 189
1327 1349
1152 542
505 283
785 1534
1246 779
1685 1180
1760 195
767 1124
806 615
873 425
1737 1897
1862 396
1372 1606
498 898
1808 1816
501 275
1679 918
1129 477
509 1028
1557 1463
921 1346
865 846
977 460
1128 1118
1161 1321
1517 1130
521 270
527 746
1167 977
1644 774
748 1423
1311 1339
610 1631
1103 234
1275 502
891 1426
1691 1386
680 1435
664 409
1273 1421
818 1751
1451 1161
545 940
1826 1598
1240 621
987 219
580 1532
1589 1209
730 1666
1053 526
1139 767
701 1669
560 1064
1798 1459
567 223
1825 208
720 1072
1258 610
809 1257
1761 530
1312 1603
1569 799
1233 1814
1077 1020
1003 1469
780 1756
1531 1449
1726 1677
887 1550
1382 1621
1619 1000
1369 26
1004 379
1666 1056
793 827
623 1436
1335 733
1075 1787
1140 1043
1256 1448
638 1845
1074 1851
899 1887
1754 813
1308 3
892 1759
1482 780
1634 1761
980 158
754 430
681 1858
686 1656
1827 1414
1046 215
1777 1719
731 433
1365 1468
1344 291
749 127
811 900
1571 1618
1202 1150
1206 1820
1861 1398
856 902
1692 1857
926 654
1356 1637
1151 599
1469 21
989 1444
1430 777
1402 773
1658 553
1851 919
1266 1362
1532 235
1227 627
