0 1223
2 1516
4 1495
1896 779
5 1608
7 917
10 1670
374 1209
1345 780
710 649
108 460
1 1059
1899 743
6 1882
9 666
885 281
455 1445
1871 1143
1701 1173
1895 1193
1893 770
1407 1144
1170 1280
1008 1067
919 1802
3 1302
11 810
1894 1638
1290 1139
845 1577
1898 958
1897 334
13 1100
14 1816
1098 778
896 358
1026 1899
1137 1589
367 967
1464 1290
8 1426
12 1733
1594 839
1445 425
909 1320
341 1226
252 473
1891 628
1167 862
15 1539
1289 1138
364 821
1476 1219
746 618
16 1178
690 1249
256 693
1788 287
17 150
376 1157
701 1870
1513 310
233 1621
356 871
1150 1024
18 1820
19 171
344 993
1265 620
755 331
1027 1620
650 1548
526 441
21 237
22 595
1503 142
827 1512
1073 1101
1436 519
1203 534
1079 1675
1760 557
1398 1562
1362 1681
20 1781
23 408
1499 294
826 360
1683 1104
752 945
1768 999
519 461
1654 1366
1883 1475
1839 261
900 1093
562 702
1327 444
271 1850
758 203
134 1452
24 616
25 255
27 1368
331 720
84 1428
1316 98
28 809
1856 501
1775 187
618 42
1533 1822
1558 19
1866 1712
1091 1618
1198 1556
1531 52
541 983
449 1722
1846 482
617 1779
1415 410
784 925
96 1560
31 211
32 1639
459 915
57 732
26 1469
30 1767
624 627
1320 251
387 874
1855 1309
34 1282
1641 1092
906 265
314 379
161 1009
297 639
450 1126
29 1406
666 1253
911 1764
212 1095
1795 1040
33 1259
35 1759
36 589
37 1876
1482 1408
901 356
1889 1757
343 1268
316 90
38 381
1036 1710
305 1857
39 880
1828 1206
566 1013
1412 1281
696 994
1107 1202
1439 1843
1854 1379
351 199
174 998
298 1465
505 632
41 138
89 585
262 712
798 1503
1584 77
227 1068
833 1407
349 886
43 1615
40 1285
268 1154
105 1846
42 1323
45 1251
346 1491
630 1763
834 231
47 984
1769 1390
871 576
44 236
46 1042
733 415
1662 1603
49 795
1363 785
554 652
484 931
1508 1786
997 1029
463 1289
48 207
1517 1472
1642 896
805 734
51 903
52 229
612 318
1380 1571
150 1778
740 456
957 1032
1873 38
50 1791
53 1334
548 1150
466 1165
54 291
229 1241
598 1797
1518 27
392 465
739 1255
1804 1238
191 342
56 1453
874 1344
1058 1111
1055 35
1424 1359
58 858
117 714
1704 166
125 1566
522 1198
1040 569
1703 1723
55 205
93 1569
595 762
59 1262
246 506
1692 641
1361 1875
1367 977
61 1006
62 1782
76 1594
102 662
1396 617
60 744
1656 1424
508 1897
1433 1034
63 1110
64 524
809 1295
948 1669
1416 1161
65 1725
1408 174
993 727
724 1277
66 1717
683 1776
1062 933
1876 1221
790 1513
803 1538
1023 897
1480 339
68 1333
1337 1514
589 1065
964 597
1196 346
236 1878
732 82
1849 1519
69 1099
1303 1069
523 387
67 30
72 1708
1509 407
1116 489
1785 16
70 1737
71 1542
73 478
850 1438
1814 1596
996 1218
1113 284
413 852
372 1576
128 1480
1336 757
75 801
1711 1701
1547 1185
1099 1283
1521 1118
74 225
77 1036
78 552
967 155
330 677
1092 1332
1820 1254
915 965
1071 232
1636 735
194 126
984 614
543 740
841 508
79 1336
81 867
478 1616
779 107
1318 948
889 1007
417 642
970 1874
1331 1260
1261 7
1845 1313
82 913
658 592
1264 1394
333 881
1682 691
763 789
80 526
85 1648
1681 1275
835 104
1579 1378
267 531
242 1417
352 6
86 869
1283 118
1663 81
1678 337
320 1385
1867 1242
1184 1037
87 458
88 34
90 863
1015 674
1076 1462
703 409
494 885
639 264
291 454
769 1842
1812 1504
564 130
189 1057
83 1276
485 624
1018 1849
470 1310
91 422
94 1396
310 1324
670 112
1192 554
159 437
92 411
95 1430
1302 655
1553 1001
240 99
249 906
1012 125
1220 288
326 1108
1490 131
1426 637
97 1642
98 1750
228 1174
447 829
1075 1457
99 776
584 860
100 1269
101 182
1237 176
1545 389
1241 992
1422 1350
1674 841
332 1885
103 1349
160 1026
1105 1159
706 116
1429 1454
281 1179
553 942
1657 891
104 676
838 1490
106 1053
1066 1884
107 373
109 1422
1478 0
1353 157
110 571
1014 943
956 1319
530 1375
1172 619
307 490
350 846
1782 799
421 1650
1463 499
111 1839
804 921
1830 588
1512 532
113 1824
114 316
953 1301
1132 1134
528 731
112 1412
594 941
285 1845
656 748
1809 1660
1863 579
115 1196
116 516
1216 1728
1570 369
152 1220
1177 1800
1659 755
961 581
1498 66
119 805
891 582
131 962
1604 1682
921 170
1525 1356
121 467
1549 36
791 378
1133 1091
1108 1482
451 440
1271 827
123 1132
427 1212
118 114
120 1881
124 1017
1620 505
336 1742
1221 1666
1305 1754
1494 1325
1122 630
122 476
665 18
162 1527
912 1434
1629 1807
186 1128
206 1142
1391 122
348 1499
266 23
129 1207
130 797
127 317
883 1141
468 351
259 416
1864 392
126 89
556 539
412 1167
388 132
135 1809
1838 745
133 1327
136 324
1752 1536
138 1587
389 535
590 798
1049 1643
403 1559
533 1730
1294 1048
139 428
1470 445
137 894
140 586
750 80
1166 168
289 195
132 1082
1381 472
178 926
143 282
549 567
537 354
141 1831
144 190
1135 1050
156 1515
142 419
667 1705
1268 1706
727 1225
1245 1601
145 1133
146 1217
147 559
148 262
837 446
1829 390
211 1679
1204 1369
994 987
536 1086
777 228
1647 1228
151 1531
1789 1890
1744 593
1689 398
735 775
149 876
643 405
1333 1731
933 857
153 1602
154 623
1705 901
865 1668
438 400
1104 824
182 1769
1817 749
157 67
692 162
155 329
1872 747
1180 396
1639 330
1035 774
158 393
287 248
207 20
1009 1184
1088 963
1645 474
358 245
1625 1813
1328 29
1064 106
952 289
1171 62
1502 976
1109 924
163 1553
164 279
165 1695
1033 991
1691 1413
166 1745
1652 1022
167 320
261 1213
1607 937
1440 1521
357 213
1612 306
168 1160
928 1826
169 271
1738 587
943 355
1355 786
705 1274
1239 825
176 60
172 1296
170 988
631 1886
712 696
1543 1330
1038 1447
405 309
173 420
370 1785
515 1096
1291 1793
1231 1076
1757 1568
1686 607
1159 165
1050 161
171 1525
1208 1306
949 209
1214 341
1506 286
792 404
325 1689
177 1416
736 831
1310 1773
1147 1250
179 738
1144 1889
685 1440
1063 239
1515 315
175 887
1360 224
925 678
844 305
1286 156
181 1395
614 675
486 513
1630 1107
183 1237
894 927
847 308
429 403
482 1425
1511 1637
185 765
778 14
872 1232
184 781
232 457
187 243
196 172
446 1573
795 55
1379 1083
500 1419
317 1511
371 900
180 1564
1374 759
1338 572
1267 1804
855 1436
1450 1746
1373 1145
190 537
1324 1234
1082 418
1458 1595
329 1697
1624 466
188 1545
192 527
1032 1239
979 1270
669 240
193 1380
195 1869
702 1414
1414 412
435 1715
1548 1015
379 1474
756 1387
773 481
1340 1400
197 1784
198 884
354 1655
200 764
425 216
491 771
1580 185
1529 1354
1114 1895
1371 167
681 669
1465 1371
363 772
1453 1117
248 74
203 1591
570 57
202 1066
1044 1734
204 119
870 276
199 1735
848 843
1771 1299
1394 1471
1796 1795
201 471
1485 226
771 43
538 847
965 694
1300 1164
1123 1177
1376 961
941 1120
649 729
1045 1410
1217 1153
209 1244
572 164
1094 1780
1459 59
1597 898
811 1760
208 1360
691 813
1708 964
1139 599
205 332
1307 690
213 51
976 443
299 647
1581 834
214 981
1188 530
503 491
1716 344
215 1607
587 525
210 1727
216 1131
1697 793
290 978
1341 938
218 250
647 1287
217 423
518 1102
489 959
1441 214
999 349
1164 447
219 773
852 1794
788 1463
220 1543
1675 1033
221 522
853 1477
360 1546
815 1231
1693 241
1688 448
223 667
224 1624
547 950
1404 1623
1536 1610
225 94
1566 1014
950 699
347 113
1115 1362
1339 1121
1588 1402
222 918
226 1423
1776 1777
659 303
1022 1103
936 756
1792 751
1080 837
916 463
559 654
1606 1399
479 101
1257 1265
230 72
1666 1431
534 1741
596 1893
884 204
477 468
1671 69
393 31
235 147
1462 736
1081 1841
324 1389
1677 1055
231 8
234 544
1200 1805
1653 312
1100 1025
1378 1898
495 1687
369 1019
342 1520
1388 1124
311 1537
237 79
859 949
1350 1629
238 555
239 1466
1186 1403
436 374
241 47
886 1632
1468 1489
679 670
1067 928
442 1054
525 1674
243 1303
1831 1540
711 1862
244 304
319 61
462 1247
1556 1719
444 1211
1083 469
580 1163
1860 1721
247 202
1484 1552
339 1485
654 1049
313 1272
245 1256
439 808
986 966
1430 1152
1154 890
426 1667
677 590
619 1656
575 1529
253 179
1717 1200
250 1460
951 791
1591 1467
254 1508
255 882
504 25
633 566
1564 293
257 753
557 73
251 1766
782 909
258 58
1297 1873
1660 541
578 1877
274 26
1255 1694
1730 1181
1229 1522
910 1771
264 1783
1399 1097
1633 413
260 723
263 295
265 820
995 1455
583 870
1719 1041
1126 1880
540 325
282 383
1317 1879
531 194
1205 222
1215 1801
1728 1749
270 1266
1528 382
1534 577
1325 1796
1041 635
269 502
272 345
1466 110
1419 866
1501 1752
1781 854
465 1547
731 685
757 1326
275 1561
276 1199
1724 1240
1600 95
383 1711
1870 1892
1060 1592
273 766
277 1865
278 879
1790 1391
989 1089
1791 833
1263 1856
280 682
1737 644
592 604
1085 1208
1383 1583
1684 1827
422 1837
1742 1312
863 1363
1421 129
1759 1847
279 1645
1181 1444
603 500
787 1698
283 672
1755 83
1787 1367
288 1172
800 790
597 1775
1301 160
1569 826
493 280
812 1186
286 1000
1734 1622
284 1079
292 1442
745 710
327 1459
293 1364
335 1451
693 969
1880 180
576 431
1766 716
814 44
641 92
294 319
295 1361
1615 1348
1582 1204
937 742
1843 504
1348 1558
400 272
1840 48
808 1479
1410 1787
296 429
300 1070
828 1532
1254 1439
1731 653
1089 1166
301 137
302 578
1869 217
1405 503
1526 1684
303 849
807 648
1477 78
1618 1135
1235 1190
304 1236
1622 893
1065 1039
306 1137
796 1278
767 700
713 492
720 543
945 636
1101 198
1052 1606
308 656
1124 1834
1370 661
728 1790
1745 146
599 1663
1072 1768
1428 1762
411 206
1765 1261
481 233
1131 1788
1811 1146
312 686
1687 996
1086 347
309 1524
1128 1188
959 1176
1234 427
511 1075
1772 591
1212 1435
315 856
318 899
345 1044
1162 1003
579 1085
684 1756
1884 784
1284 1010
1277 954
322 1030
1573 1476
1853 1651
1577 12
1743 1653
321 1021
1037 1726
625 328
1397 547
1223 1243
1667 1496
323 435
328 659
555 598
1773 1574
480 1468
1447 1352
645 1191
1700 1311
1413 600
1535 1814
857 1761
334 1180
635 1625
1595 234
1473 399
920 1678
1861 1151
983 542
1576 895
772 817
866 5
406 1526
1800 1008
338 1307
475 75
337 974
340 15
824 800
766 1544
1727 1115
1309 1832
1586 792
571 462
1736 1894
1364 227
1882 563
917 807
1382 1088
1246 1314
1505 1671
353 1649
380 313
434 510
699 1116
1609 613
1197 1586
806 96
355 1140
1572 108
881 1597
428 1744
473 153
359 1446
397 1588
361 651
781 1016
1334 760
1061 1461
362 134
1504 855
830 681
1048 973
1552 1840
907 1045
1859 1355
365 1579
1395 1848
1519 1830
1748 212
581 1611
366 219
783 1535
1202 1203
373 1305
628 556
368 333
502 1743
890 1230
1551 1487
1095 664
1010 1748
1051 41
1256 1337
375 575
474 359
1690 1175
377 970
776 873
749 256
1149 401
378 1718
1143 28
1020 536
1774 1703
381 975
382 719
975 1023
1054 302
981 123
818 22
1696 376
753 553
1538 388
384 1328
601 509
385 299
386 1732
968 1
1735 725
1456 1058
1747 955
725 1661
1329 11
391 1828
394 145
1260 1692
1390 1094
390 1077
1248 1772
1819 361
1756 274
816 1494
396 650
398 1443
399 1386
922 402
1121 139
409 957
1218 980
395 475
402 1739
1298 1506
1349 660
401 944
1299 1195
1714 1381
1351 703
673 922
407 914
1228 259
642 1317
1670 477
797 485
404 1551
1386 1201
1522 622
408 254
1287 1550
1467 1806
1649 1072
1493 1613
1847 794
410 1509
414 1028
1722 470
1616 930
688 1582
487 935
1259 741
416 848
415 1673
418 258
1583 1868
1707 200
520 1074
1039 85
1046 1605
419 1517
678 1792
420 722
423 327
1619 1688
1886 1729
1562 1704
424 1267
646 497
1194 352
1178 1501
430 1456
1275 63
1250 338
431 1808
611 1398
432 380
433 193
1665 979
1280 1258
437 175
1409 366
1163 1557
440 1747
605 1450
1136 1031
1644 832
441 1012
1541 815
1617 1810
443 1415
445 920
1011 730
1005 124
1702 1335
621 1090
651 1321
817 1060
563 1578
1057 689
839 1580
448 277
898 1470
718 54
452 1194
1750 584
591 804
1389 1598
453 971
454 658
1559 87
1739 1170
1238 1098
1034 859
1554 1192
1881 1351
820 70
1753 45
456 602
457 1829
458 1127
1699 1634
469 394
1189 568
461 673
1185 1581
737 610
1346 601
1646 10
464 787
829 1691
1460 1061
893 269
632 1372
1311 517
1777 1575
1587 1018
460 733
1102 105
1021 53
1695 883
1563 721
471 872
1710 818
1285 1322
467 769
472 1872
908 956
1542 782
476 1585
1568 1483
947 1404
930 953
1253 1498
1247 24
1778 1347
1640 612
510 936
1183 1252
794 783
483 71
1767 888
689 1860
1852 904
644 1600
488 1819
1779 514
1357 960
652 235
1862 814
490 1384
1614 754
1497 1770
1006 1433
1129 1835
1056 1421
1694 1549
492 1647
1000 1297
674 803
1028 353
1857 483
496 221
497 643
1400 1799
1823 939
1472 1222
499 449
1770 1437
1377 1353
973 1590
498 1584
1833 1427
1145 1105
1720 1510
1723 1883
897 982
992 728
501 1071
1516 141
506 529
895 343
1457 1774
954 273
507 1182
620 152
509 709
1003 1382
1193 1358
985 323
1655 1700
512 56
1611 511
880 1523
514 201
513 285
1797 40
552 1418
1557 1020
516 140
517 13
585 940
887 1507
1385 367
1168 919
1242 845
622 997
521 611
1486 442
1807 663
1715 488
1679 1411
754 268
524 238
715 1646
842 1393
527 683
529 459
567 1401
1431 1123
1401 372
1142 479
1179 196
793 1374
1024 668
532 84
982 1572
1432 452
535 1867
832 215
1834 278
873 307
1106 1429
539 750
1437 934
698 340
1013 1497
544 1500
663 688
751 430
1451 1458
545 1724
542 117
546 811
823 424
730 570
1673 257
1276 1628
987 868
1140 1357
550 708
551 1210
759 538
1858 32
923 197
626 1758
1201 865
849 210
1805 370
558 1130
560 1397
561 1677
1207 684
1567 1789
1279 908
716 163
1444 230
1029 875
1888 737
565 103
568 1887
569 1292
1842 1409
877 638
875 752
721 923
1892 995
1590 46
574 1836
1532 1815
1808 657
616 1392
577 1215
573 1844
1761 1148
582 480
1685 1005
1213 1644
1510 102
586 1046
1078 892
1826 545
1732 1027
1236 596
966 986
1442 363
588 1488
709 1555
1211 375
1836 1229
1621 1753
998 1617
868 718
1411 223
593 1279
1219 1183
600 249
1523 812
1712 188
1007 453
602 91
1491 1405
1589 253
1330 178
604 615
606 439
609 1825
608 173
1030 763
1090 697
1668 1051
1764 385
1288 1664
1356 158
615 1702
607 246
1323 247
610 1162
613 687
1815 1858
1226 739
1874 154
623 1315
1475 990
1016 540
789 1246
1449 1245
627 1659
1749 1505
726 1755
717 1473
1832 932
694 183
1635 1147
1111 9
1825 1854
931 1214
634 1084
636 836
637 550
1262 608
629 322
1125 1714
799 695
1249 115
638 1640
640 816
1119 1657
1295 1738
1314 1567
1004 905
648 1709
1793 186
1169 704
1110 972
821 3
892 1612
1315 362
990 189
653 1855
655 2
657 1113
862 625
660 645
1296 507
661 263
662 629
664 1861
1427 1652
676 88
1342 830
1637 910
1865 1205
668 133
1507 1264
671 746
687 1851
1500 1080
672 1493
1274 275
761 1685
1546 1864
1610 1693
1097 1672
680 1565
1550 609
675 1293
1799 1227
1269 877
708 149
1174 37
682 549
1489 260
1190 1541
686 1341
1733 1370
1827 1838
958 1630
695 120
878 911
697 384
940 395
1810 93
1251 218
700 169
704 1063
1835 989
1319 679
903 671
707 1492
1068 76
734 1765
942 952
1270 1690
1438 97
714 713
719 835
723 267
1244 1038
1658 406
722 1388
1402 631
1593 626
729 1716
1650 548
918 640
1209 1720
1877 1821
760 298
924 314
1802 1534
738 421
741 1518
1157 300
988 621
1224 121
742 144
1148 498
743 1658
747 494
1368 947
748 1235
888 1441
762 391
1669 768
1813 1676
744 49
977 1803
1783 706
1575 1373
1001 1233
802 1365
764 1852
765 1713
1243 208
840 916
768 1284
770 889
1210 761
774 1699
775 433
780 546
1278 181
813 806
785 192
1387 796
786 1619
1794 184
1448 1064
1042 1636
929 1149
1481 1331
1762 1528
1537 1686
1233 426
1199 301
1354 496
1605 528
1053 1125
960 292
801 512
978 1300
810 802
926 65
1483 1119
819 177
1848 1216
822 1257
1758 523
1706 838
1372 520
1599 1570
831 844
1384 851
1375 270
825 451
836 1654
1332 560
905 1599
1786 1171
1344 296
1406 1627
843 533
1127 1340
846 912
1740 1342
1632 1383
851 692
1837 371
860 968
1175 1156
854 1035
972 1291
858 484
856 1136
1885 290
869 365
944 1871
867 1112
1425 266
861 1502
864 1122
1603 1078
1841 902
1120 864
876 1346
879 220
1539 574
1514 1339
1784 1641
1602 634
1182 1286
882 717
1726 1740
1574 1271
1628 397
1146 438
899 1047
1487 1631
1151 434
913 1187
902 432
904 1345
1118 1073
914 1635
1103 17
1461 335
1598 788
1455 1633
1222 1288
927 111
934 1432
932 348
935 136
938 1481
939 1420
991 1377
946 715
1225 1478
1824 1248
1474 1683
1272 767
1096 822
1019 311
955 417
962 853
963 1318
1347 701
1806 1449
969 1263
971 711
974 828
1227 698
1672 565
1496 573
1676 1614
980 1530
1043 128
1729 1823
1173 68
1495 252
1822 907
1002 377
1230 564
1031 819
1087 455
1698 135
1152 495
1017 1662
1176 1751
1741 1448
1025 633
1258 551
1070 1081
1868 151
1130 1863
1306 450
1047 646
1252 583
1544 336
1492 1853
1718 1859
1059 1062
1069 724
1631 1011
1308 1811
1074 518
1664 464
1077 1896
1084 1168
1821 726
1093 840
1141 665
1651 1338
1561 297
1435 1609
1112 143
1352 86
1153 1736
1117 1129
1626 1087
1134 603
1158 364
1524 1169
1138 606
1358 148
1844 1626
1365 1056
1418 594
1366 777
1155 1114
1156 521
1803 1707
1160 1817
1161 386
1578 493
1565 1812
1165 1554
1878 64
1540 1158
1187 100
1393 1376
1191 1298
1434 159
1634 1818
1195 1593
1206 1343
1488 39
1359 1308
1592 109
1527 1052
1232 1563
1240 127
1850 33
1312 946
1266 1155
1560 823
1273 436
1890 1888
1281 580
1282 1109
1292 244
1293 1680
1304 861
1313 357
1713 850
1322 561
1321 951
1326 929
1335 50
1446 1486
1343 487
1369 326
1751 758
1392 1329
1520 414
1403 1294
1454 878
1585 705
1754 1798
1417 1464
1420 242
1423 4
1875 1604
1443 1304
1452 1273
1601 1197
1469 1665
1471 515
1479 350
1571 1189
1721 1484
1596 985
1530 558
1555 1533
1608 191
1613 283
1623 680
1627 21
1638 1891
1643 486
1887 1866
1648 562
1879 1043
1801 605
1661 707
1763 1696
1680 1316
1709 1224
1725 321
1746 1002
1780 368
1798 1833
1816 1106
1818 842
1851 1004
