0 1032
3 1576
1997 31
1995 692
1994 723
7 686
1993 1841
8 1065
9 1802
1991 1308
10 1122
12 1714
1988 44
13 1043
14 198
1986 301
1985 1652
178 1772
565 1207
107 1343
1088 644
850 652
27 1381
756 128
580 1423
1331 1284
1569 480
693 1814
1127 1261
353 1604
1745 1133
1 266
2 1105
1999 562
4 1109
1998 1966
5 1931
1992 1251
11 1988
16 417
1603 1695
1237 1106
288 1804
821 1573
1167 648
1375 1987
1082 572
1086 20
42 1961
557 796
6 816
15 861
1717 1845
1422 544
79 1330
1089 515
28 1891
232 1761
300 1554
1712 72
1235 821
18 1371
49 846
35 202
1667 1575
173 356
955 1073
576 124
970 1754
144 1533
1514 682
1049 545
1664 1183
1996 93
17 582
1990 1143
19 1016
1765 1602
732 1769
863 1141
1289 657
896 1883
113 924
874 1871
641 769
1938 987
1181 1667
1877 1098
292 953
1216 119
1756 186
20 1170
1812 666
1281 1448
653 1286
1656 403
1863 1566
398 1661
903 1364
1559 1134
1342 1946
1151 912
1294 1518
1900 228
43 167
99 1018
233 108
1145 1387
301 1868
814 1396
94 1127
318 46
690 490
257 470
949 1624
1542 1830
384 382
1007 683
236 1398
1847 115
21 1077
725 966
1719 432
1843 1722
1099 1763
1687 1120
170 1234
23 1937
1478 789
1646 1561
702 143
1673 43
1039 958
90 293
22 98
24 620
25 86
1855 1530
941 209
1334 1376
1939 227
249 1425
1222 1605
841 1238
1431 689
1768 1081
1959 457
1344 1958
1464 418
362 653
132 1720
1223 1710
1510 1198
540 660
740 1386
316 1816
330 121
60 1161
667 1591
1069 502
26 1264
845 518
773 339
411 497
280 54
424 316
625 81
826 1702
1550 94
1499 284
1989 130
760 1373
570 1837
1327 311
1254 1788
907 310
703 1187
1743 459
1973 1844
1791 6
1277 698
895 909
1198 1616
1107 187
29 367
30 1196
494 1324
681 1609
1969 1021
31 91
736 638
776 1673
221 271
993 1222
906 1412
888 955
672 645
1302 1651
1482 513
32 477
291 1789
1707 530
436 843
1644 1944
86 172
1419 875
470 889
1395 1982
234 739
497 102
711 487
320 1643
704 803
346 1247
685 1783
1522 1181
1590 37
1936 399
827 1565
64 281
152 1100
1100 1507
33 788
34 1433
1866 956
818 385
722 1339
1037 1864
1915 794
689 463
684 1715
720 793
940 949
960 962
509 1586
1371 1468
1011 501
1169 1858
1203 1689
403 1900
853 954
36 1062
1418 51
272 1480
927 35
835 1300
1694 1202
1684 303
1781 194
1104 374
363 569
1614 827
1680 254
1486 449
640 1853
1924 533
37 55
38 120
624 850
1326 1218
1661 1474
219 324
1509 1163
1186 1658
543 1847
1622 1953
1944 813
1641 1990
1820 786
781 288
914 690
279 1027
752 1744
1238 145
1390 722
712 837
1123 1188
130 1310
40 1434
811 408
1217 1200
1427 566
1019 1496
41 1741
212 1998
795 219
82 635
1521 1857
242 1244
188 246
1385 1489
1022 496
486 1366
67 974
762 1199
1527 1464
1483 799
214 616
1115 1473
1919 1004
1582 1975
843 1226
39 1344
1629 1232
953 1360
1179 1672
198 1542
1908 1444
502 1063
1163 1877
44 990
525 1354
1094 196
678 1144
93 21
1276 775
1494 1279
1758 1
1735 445
45 1440
1828 53
807 156
438 1560
598 372
1085 826
848 0
271 916
1343 1881
46 1276
1637 259
1967 455
1278 111
1178 114
1001 74
864 18
57 1665
303 1123
47 983
1980 1312
1817 1653
1243 1101
200 801
92 1671
1362 29
1258 593
1631 1113
1317 1378
1158 492
577 782
1895 1039
1231 1646
51 164
277 947
561 1275
1013 1923
48 244
455 79
1891 554
1601 1389
613 603
50 201
619 944
429 1626
726 1739
52 900
869 154
591 1960
1446 1654
361 1909
1879 1290
452 914
822 1524
1816 564
389 1650
741 565
745 1681
176 1362
1164 61
340 780
1876 1523
1380 1150
1960 531
1433 423
1316 998
533 222
1922 1071
1892 932
946 402
998 951
1796 330
1583 1880
1747 715
1884 184
1557 1555
54 1945
55 295
1544 142
885 45
931 1828
1321 825
332 1295
1260 1962
1337 711
53 1680
56 214
1690 1589
957 1255
1731 563
1189 461
1516 38
1715 133
217 510
136 849
1548 779
1598 606
58 741
997 7
1301 1546
193 1584
1691 1970
1696 349
620 1983
1459 611
1633 1129
1511 1348
59 1664
75 1607
1830 824
1916 1498
196 1921
1849 329
1000 1130
743 1204
1043 13
1913 1353
348 552
556 361
61 740
393 1735
742 1906
1658 1645
317 668
1677 659
1377 1568
406 1759
1859 22
62 1407
878 282
866 1623
1573 1280
715 1723
805 1319
1624 1986
368 239
1794 1567
581 313
255 377
77 297
1744 1784
1538 1451
1898 1577
746 702
929 40
258 1636
754 1414
1052 104
246 1333
687 1104
1968 705
1229 1770
721 672
881 1968
1688 546
1578 574
758 1093
63 315
65 1819
66 1405
1200 25
1030 960
1338 1152
618 665
932 1175
1286 1463
379 1644
127 1304
88 1060
106 1233
253 1369
477 1920
1813 1805
1307 1893
1138 1954
189 1428
601 876
505 1701
216 939
1585 1403
789 286
68 1494
469 435
1515 1452
637 5
1292 1815
1606 1632
70 434
575 1010
1977 524
1779 957
877 607
596 1785
1698 991
733 437
802 1347
491 733
71 716
471 595
1773 1618
1097 806
69 1110
72 1809
1848 1570
1378 1540
626 1406
1234 1683
793 258
1597 839
73 845
1180 294
642 139
695 1553
85 712
169 1876
74 1860
589 144
1961 1186
1852 1178
547 764
1475 1193
180 132
1640 1076
1408 19
1894 1000
1604 655
1807 1466
1009 1291
1783 1499
1152 1454
1309 568
1401 30
1815 173
1212 489
76 1688
652 1938
1802 1541
1951 378
1232 670
772 625
515 1211
943 68
713 760
311 1572
1748 42
534 828
186 481
796 398
990 1248
341 1124
1288 462
184 1327
140 1054
656 357
952 484
913 1787
1095 728
1580 864
1034 1543
105 425
871 1066
1340 880
78 410
80 1441
1098 592
245 812
1693 261
81 391
1184 158
1676 1831
1592 1140
1078 1875
991 1726
1952 426
1834 1025
1404 1660
966 968
1872 77
275 1026
1642 1799
1703 1191
1513 1697
1626 1873
83 570
1010 967
1627 696
326 870
142 976
1136 1137
985 1314
328 1563
1239 526
84 766
1636 1922
1929 894
459 384
1348 917
484 223
154 1040
514 1493
1564 467
1625 1055
443 1318
925 151
1818 994
797 407
939 1411
532 229
87 1223
889 891
418 213
747 1641
1428 1969
1457 1552
137 177
1881 1019
1551 758
485 817
1323 1926
1284 898
1391 1908
1965 476
89 146
1264 933
1219 641
548 577
917 729
299 654
354 1024
1018 904
727 249
1638 1189
1109 1698
1473 1694
290 1397
912 420
461 745
1411 1288
91 500
1841 237
1172 1823
183 1180
988 1201
1014 1593
512 1317
1838 97
520 1029
347 1050
1274 39
1546 680
408 1992
416 1227
944 1045
1121 903
608 1358
879 1359
1263 1668
1005 1703
1825 392
1842 269
1403 1325
1632 1274
108 633
1271 363
645 343
1672 854
1732 1449
707 773
1971 651
442 413
1978 628
1720 333
1083 82
1983 422
95 1899
1506 561
851 225
96 1801
464 1340
1465 941
956 368
1786 600
1330 538
97 1263
660 1375
1912 138
191 1648
602 1894
1413 624
858 1363
1530 551
1734 218
1840 1002
98 1510
967 1676
1067 1535
1529 1149
546 1447
1472 1839
281 197
162 852
1044 60
473 1848
141 174
1962 1963
897 623
1425 411
1495 1884
728 447
100 1182
847 637
101 1400
247 1056
1727 1666
683 1999
813 761
124 1531
1653 207
1941 1934
273 243
1805 1513
1015 969
155 1169
759 431
102 1886
414 299
1402 1656
798 1500
880 1068
195 263
828 1031
445 971
923 34
1091 732
1669 774
1871 306
1242 1773
634 929
1066 1103
860 770
1460 834
563 1461
103 1590
104 1557
359 833
1917 1642
739 482
1775 176
319 234
873 1079
365 278
1379 1307
1935 1028
1399 277
788 928
1778 1737
1532 749
1381 273
1568 1259
1531 1861
1623 605
1161 920
1228 856
585 1112
1749 182
160 963
1710 354
1652 937
1610 107
432 358
1628 1693
364 1825
621 464
1156 1534
1170 1185
456 1629
599 458
1795 23
109 141
1073 1516
213 1502
123 866
1839 521
986 380
110 157
111 1635
836 1159
1055 1753
421 1768
1339 1346
1556 1173
963 1973
327 1219
112 1429
1224 1477
435 1061
611 406
1600 62
753 810
1931 499
268 1495
1918 927
1799 446
643 1374
1106 630
1774 871
194 1835
1705 853
351 210
114 1460
115 896
706 137
984 409
947 1390
1889 1258
116 885
425 873
218 1089
1383 1419
842 1426
1251 737
1537 331
1681 494
1784 1458
1966 1301
1084 95
1416 576
1608 1184
117 163
958 289
1536 232
791 892
1068 1270
1704 1984
523 352
737 1006
1255 847
1165 1596
119 116
244 1453
1517 759
360 890
227 1743
1061 1892
1685 707
120 1128
567 1633
333 1627
696 78
240 1210
937 509
153 1179
492 323
121 84
1686 483
724 1410
433 553
1314 626
118 1713
1793 1121
1555 1249
1175 312
440 1155
122 325
278 673
1150 1446
981 58
1365 1949
405 1916
1367 874
344 622
387 1357
987 753
1386 1126
922 919
1173 735
226 1594
1741 460
1484 454
1041 1732
938 302
479 85
125 291
126 1253
1110 488
1651 1747
1132 970
357 41
1363 251
1591 1851
755 1088
664 977
1444 203
948 1413
501 88
1678 811
146 1099
978 948
1752 664
1722 642
128 797
1467 135
1930 1064
1176 882
908 1915
1837 1603
1836 1874
182 1536
1168 1798
297 674
1844 1070
1808 1745
1620 486
1221 1771
1911 1724
269 419
632 899
1921 1808
129 1758
1552 514
1643 65
1869 1492
1230 1598
1800 918
1943 8
131 681
665 1757
607 1424
1023 224
595 1879
1565 1952
654 1822
1914 1544
503 1217
1160 1539
133 736
605 276
1162 835
1982 1096
1491 650
293 537
815 1240
1143 1545
1451 1250
1117 191
1250 1707
375 1529
1253 1515
135 235
1024 1332
1199 768
1392 938
1660 448
476 1947
1771 632
1062 1299
1215 1177
1702 469
806 1614
134 851
1487 87
298 112
352 1415
1028 255
458 700
1166 1482
1481 161
261 1160
1092 1294
950 1367
1070 26
1790 1670
1561 206
1021 188
1421 578
1389 1167
1103 684
138 704
139 1007
649 1846
1706 1478
1298 658
1081 1979
1958 388
968 1117
147 1840
1310 1957
488 1265
475 762
1017 1574
1424 1764
1004 272
1746 1512
849 1528
1723 858
708 1679
1880 972
207 925
444 1919
510 1209
329 678
837 160
143 1619
1376 1869
1602 220
705 1462
771 181
1910 1125
764 778
1398 1148
1886 694
1857 1585
646 1582
564 1042
830 1297
1045 697
1821 1090
145 389
305 1282
423 527
1490 973
1201 1613
148 1030
549 1135
496 703
1827 1154
1057 1087
383 1409
803 647
1351 888
367 1711
1846 429
1113 193
204 814
1586 1321
1674 1705
307 1289
1553 1372
149 1991
1670 586
972 183
1387 1114
487 589
671 548
1197 1131
150 280
151 430
1135 596
1297 1977
1027 118
1287 1242
954 414
1445 1911
1981 1699
1737 371
587 401
1120 784
1318 1978
933 456
1182 556
1293 1756
1946 777
369 49
674 334
1453 1269
356 946
451 1682
868 383
936 808
926 252
942 934
241 602
1554 1352
478 1620
376 1878
1811 1719
156 965
1157 1296
164 1762
969 1717
157 617
857 1237
560 1224
1504 859
158 1438
1618 1456
1102 1778
1225 1826
1177 550
571 1271
1456 1610
1492 64
1508 1888
230 706
322 541
489 474
856 823
159 1190
259 1022
1146 1246
1806 713
1125 140
263 327
161 308
542 1631
1137 1206
962 1755
901 270
1026 734
694 1994
1882 950
1860 756
763 1941
1144 1115
675 1709
1792 557
1124 1023
527 1273
1725 1228
1789 1639
1788 443
809 1537
1587 693
1904 907
163 1370
1500 1790
1352 341
1695 267
165 110
166 663
1461 791
1206 1503
1751 795
751 336
832 1293
396 1904
1116 1843
167 1927
168 10
1885 101
1414 1408
1252 1309
1803 1675
335 1749
761 208
314 588
1366 1430
171 1692
1630 1342
1279 1838
1072 1465
172 1595
345 1215
1054 897
1048 1872
1353 1980
1819 345
174 1896
1488 75
965 1431
175 790
374 1108
521 103
481 149
883 863
1621 1229
1036 1813
1835 1278
1785 148
1299 1306
1452 262
1945 629
1823 159
891 1989
1733 752
1770 1517
545 857
482 1767
774 1085
1549 1742
553 314
177 28
179 465
1543 508
417 1145
370 1852
911 1011
1864 995
181 604
995 781
286 1481
1458 746
1854 17
1655 1712
206 56
1119 1138
854 656
1332 1733
467 1335
870 1015
1547 381
1893 12
1574 309
1810 1037
185 750
1964 884
187 1569
1718 1069
1240 73
606 1418
817 100
1907 1505
1388 1910
395 1504
1058 1793
919 721
898 1049
1436 427
308 1394
310 792
964 70
1469 320
190 1322
1480 1981
614 872
535 1625
331 1519
465 744
1925 558
1708 802
1657 1013
192 1048
779 1766
894 106
1668 226
1761 986
350 726
1909 901
1394 714
1356 886
1139 567
1006 867
700 296
1776 1776
980 1746
1711 1729
1295 231
1174 212
1149 915
951 869
304 1341
197 1392
1324 579
1003 1142
1275 1734
312 1928
1210 724
1214 669
971 1083
394 522
1105 57
816 1241
610 436
989 364
1305 350
199 804
1207 1491
228 1174
1133 1935
1449 1080
202 940
1507 512
934 829
201 200
203 755
983 168
824 640
1659 1445
1114 1948
1767 113
1423 942
1364 1842
205 1005
1955 504
825 1457
994 1146
1079 583
831 1885
1619 520
252 1833
1033 887
1202 340
511 365
266 1111
1047 725
977 1197
1208 274
504 1052
1087 717
992 400
208 677
1272 1467
1370 1205
1256 453
1970 1506
209 1176
210 575
1220 1936
1313 1964
786 1796
211 59
1442 441
680 748
313 1637
692 1895
544 1074
872 27
799 4
1485 205
538 643
1576 452
536 1621
1512 1521
769 1107
1032 507
584 169
1524 404
215 1897
287 335
1244 264
1612 1036
630 155
647 910
790 751
916 1993
1567 1800
1589 80
1599 1102
422 1132
1188 1942
1051 1850
1594 1285
531 52
1218 221
1596 895
785 685
500 127
1382 495
1346 727
220 165
1312 612
222 1601
1183 943
223 997
224 1686
518 1033
490 1437
225 1368
852 1599
377 1532
738 1849
463 878
1096 1151
1147 1824
1862 1395
731 1628
339 529
231 1806
1196 242
1440 730
573 1416
945 1700
1155 1752
229 1630
628 1615
1927 386
1503 731
1056 836
834 375
582 559
904 1728
1248 1245
1772 1486
1520 1471
638 129
658 581
1873 1475
392 433
767 1820
915 926
262 1208
1283 1775
1721 1009
235 1611
1080 709
920 1933
1570 236
1268 1902
237 1548
1581 1455
594 1254
657 1750
306 332
1468 428
1063 1281
974 1439
238 1017
1195 525
1454 1097
1903 1420
1192 540
1384 1587
1296 1930
239 1782
1407 1377
1887 1171
1035 451
1829 1329
282 1351
1153 307
248 818
1108 771
243 283
1615 1067
528 348
1932 1791
566 1059
583 809
603 1779
701 2
801 1525
1447 1777
1645 11
407 580
1262 353
886 32
976 1907
1675 1889
1545 256
472 1272
676 1311
1728 1277
783 1774
378 1305
1897 855
1683 930
250 543
1420 170
592 1315
251 1044
1315 1527
1713 599
1040 290
892 988
1071 1716
1406 99
1476 1157
1902 1139
462 1158
887 798
254 908
1742 1691
1060 1337
1211 877
426 819
1611 587
829 1721
309 1313
1874 321
256 370
924 1718
1738 416
439 978
844 519
1412 1588
1755 720
284 247
1439 1476
1797 676
302 1810
260 1912
1928 153
778 1579
388 1780
499 1256
644 627
1754 1213
1141 1472
1906 1687
495 442
558 517
714 1212
1867 195
1798 985
1322 865
1361 1057
679 1556
380 830
267 1640
1865 1955
578 105
1979 109
1496 979
265 610
1265 931
264 1267
1397 1328
1647 1436
342 1479
979 1216
270 1192
1282 344
921 776
1008 373
1396 1053
1948 639
1432 719
1577 1041
274 260
982 996
1429 355
1671 204
1213 1708
682 190
428 1781
1663 1119
1187 1870
1245 1268
381 1514
276 123
448 523
1372 1786
285 609
1171 1257
1191 763
373 440
1046 1003
474 535
1780 1356
1311 1399
1650 248
631 1047
1190 1164
283 503
846 608
663 980
1890 591
324 1092
568 360
651 491
1571 285
1466 1118
1122 840
1502 1704
867 1976
1016 1136
1634 1001
400 765
289 1882
1724 832
1933 1038
1665 534
1118 1657
1801 36
1593 1608
636 646
336 1950
1053 1903
399 33
294 1401
1814 959
780 506
588 922
295 868
296 1597
787 1859
1497 936
1090 131
1699 671
1639 466
1477 89
1766 532
1226 14
1976 424
1463 1564
415 1663
1341 935
1762 1634
1236 1662
431 238
1588 844
1064 305
1474 883
1077 590
1759 742
1479 511
1438 1072
1368 1690
554 1404
900 1153
1950 390
1760 1649
718 66
875 757
1029 1349
1769 1331
1870 1078
959 1225
506 619
430 90
315 3
639 67
839 1827
1519 1674
823 1051
766 405
1572 1647
905 150
1750 245
437 1231
876 571
1730 122
1613 1484
1716 505
1777 1967
635 1422
1193 1345
321 621
530 1549
572 1678
1031 783
323 253
673 1379
862 1497
1956 1736
325 1856
1020 1012
493 439
1963 1336
861 1266
1850 701
627 1807
1233 362
1154 471
1249 1365
792 614
334 1091
1899 718
1858 475
1409 601
1975 1965
337 754
434 841
338 1751
1525 1488
1111 1203
1518 1669
1501 1834
757 747
1471 1836
1129 984
1426 631
884 1435
666 1684
650 708
552 913
343 675
686 1316
909 1298
604 47
1764 1817
450 326
391 1287
804 268
1126 83
446 1384
1333 1402
1809 1522
1455 921
1405 1612
349 688
1430 1550
420 1855
1697 126
1002 1459
1443 152
516 1487
1075 1443
1616 192
1649 1794
1050 69
355 215
655 862
1584 415
1926 48
358 831
524 1421
730 860
1923 1803
483 366
526 1350
1562 906
449 691
1957 1260
1285 347
1566 615
882 555
1949 992
1666 975
775 1562
1826 1727
1359 1156
366 1821
1450 438
507 1890
1757 1214
372 395
1595 1581
371 1323
698 1811
716 879
1822 649
1560 1547
902 1638
1851 952
1373 1094
812 1725
1984 848
777 125
899 1929
615 1165
382 1166
385 1485
1241 743
1304 342
386 1162
1360 1382
1270 162
629 905
410 1326
890 1008
1833 1818
1896 317
1355 1795
517 1427
1726 1731
1942 1655
390 1677
1901 1551
559 999
770 479
397 1538
1662 1812
930 1035
401 1501
402 1450
1448 1095
537 134
794 838
1635 1292
404 1971
1868 63
569 1046
1134 1221
999 772
661 1172
409 1116
648 1832
1804 1748
1349 1239
1609 1302
412 1469
513 923
413 322
1320 178
1654 539
1400 618
427 1580
810 881
833 250
1679 1740
1142 1075
1369 661
622 989
419 1917
668 1262
893 585
1861 24
1974 265
1782 485
612 679
1374 450
1888 1898
1579 560
1701 76
1076 1558
1417 1617
1148 241
723 1526
1740 1388
1700 9
1523 1765
840 1865
454 300
1692 815
441 359
1528 981
1247 1797
447 1511
819 1520
466 1338
579 216
1831 493
709 820
1934 584
453 573
1025 136
973 171
710 292
1541 1706
765 338
457 1918
928 710
1393 598
1493 319
729 807
1824 1235
460 1867
1065 1168
468 1383
498 298
1266 1283
1736 1932
744 1320
734 472
1350 1220
1335 1972
1209 1483
1101 536
480 279
1575 1082
551 1508
1259 1792
1306 50
590 337
996 1985
574 189
1947 1600
1940 993
1269 699
1605 1956
1358 240
1291 1940
519 1195
1131 421
669 180
865 393
600 1939
1558 185
529 387
1273 687
1435 1490
508 230
1300 1622
782 1509
1617 1925
800 444
522 634
1038 199
1505 1995
935 738
662 1361
1012 1730
670 1578
617 1014
1325 1334
1093 478
539 71
541 92
597 369
1682 211
633 397
1535 1230
1539 15
550 982
1415 1738
1329 695
1354 893
555 1442
1709 498
1059 1913
562 547
1462 96
1832 1147
691 1854
1227 1951
586 396
1205 1914
1856 613
1853 304
593 1924
1140 1974
1526 1583
855 473
808 175
1194 822
1112 1905
784 1236
1920 1470
609 667
1319 412
1534 217
1434 147
616 1659
697 379
1533 1959
1128 902
1159 1417
1246 594
1489 351
623 528
659 1084
1953 1034
1328 842
1336 961
1204 1194
1875 516
1987 1592
975 1385
1739 1829
677 1685
1261 1020
717 346
688 662
1954 1862
1470 911
1441 800
1563 1380
699 1559
749 597
719 1252
1042 179
918 1606
910 636
1437 275
1308 1303
1130 16
820 1243
735 1997
1763 805
748 468
750 1393
1845 376
1878 1058
1753 328
768 1696
1074 394
1410 117
859 785
1972 1887
1257 318
1714 1866
1729 1943
1540 1571
838 1996
1937 1086
1689 1391
1267 257
1607 1863
1648 1355
1357 964
1498 787
1883 166
961 233
1290 1760
1185 549
1347 1901
1787 542
1303 287
1280 767
1905 945
1345 1432
