0 1716
2 1420
1998 722
3 1728
1997 1039
4 1809
1996 100
1993 1437
1992 797
9 1316
1991 337
10 1801
1990 1243
1989 1070
1988 278
178 949
375 125
107 268
252 920
470 389
853 900
1712 548
29 1135
757 1586
582 1195
1332 99
1569 612
59 1126
723 1410
1130 418
1 1281
5 1887
1995 1204
1994 677
11 1933
13 792
1603 1162
1237 1982
800 1990
821 750
1088 1633
1137 1496
1378 1273
693 877
1089 500
1999 1700
8 1595
12 102
1717 1628
1422 248
79 467
1466 385
410 1053
235 866
889 123
6 1109
14 1553
15 574
49 1893
565 414
1667 693
173 1220
955 630
145 940
1514 1181
7 206
16 814
1098 1537
733 1438
864 910
1289 659
1167 1442
117 834
875 1752
1082 979
642 478
1185 802
17 169
1812 544
1284 1873
656 1187
1658 1464
400 1762
906 227
1562 1477
1347 1688
18 1514
106 1406
1294 1178
232 649
35 1518
102 1840
233 1868
1145 1480
25 1607
331 795
1194 1590
817 1649
690 237
257 1814
1900 432
1542 359
896 397
1010 1268
1938 1829
19 1242
20 214
377 545
949 491
725 319
384 723
287 1891
1722 259
1846 1936
301 1234
1863 1813
21 732
1478 796
703 1279
43 352
1901 355
22 464
1855 150
236 954
1646 859
1334 492
1940 81
250 1706
23 952
841 554
941 1539
1769 1938
1007 131
1960 1102
24 218
1223 127
1510 684
540 987
320 976
334 1563
846 1703
774 706
283 773
1499 1828
761 133
573 1581
1327 1196
1257 1352
1431 1526
704 25
1746 1055
1975 951
411 1593
1344 1192
26 143
1509 1687
260 1021
740 1591
1169 1985
1068 47
1791 1079
60 1983
27 1512
28 1684
737 371
777 1509
221 91
993 322
494 384
291 1621
1708 601
86 454
907 1027
1398 461
672 700
1856 1303
711 1785
1612 442
1419 1806
349 79
688 452
888 498
1593 1375
1719 1051
830 1835
30 1322
31 835
1866 1134
818 1144
722 1777
1037 705
692 1769
721 50
942 283
32 915
436 16
1172 1610
960 1239
509 901
406 313
1371 1296
1011 716
1522 46
276 41
684 1426
1824 358
1936 1425
33 1492
34 710
1684 1101
1418 374
1107 1854
1915 1036
364 1751
1929 85
624 18
1326 1920
1661 1330
220 376
1781 782
1189 1614
1614 831
1486 121
36 393
192 1778
1820 1099
1956 665
1121 539
1948 1261
133 537
917 62
1622 1636
1238 301
807 1669
811 443
1220 667
752 975
640 770
212 1434
795 1010
1521 576
279 1222
543 1216
1386 1096
1022 145
1427 905
489 251
1944 1925
70 1143
37 453
48 1585
1151 220
1483 588
781 812
217 1470
1115 1659
1920 1377
1390 475
39 1712
40 759
1649 1616
1629 335
305 455
242 67
1910 43
502 918
41 730
525 642
679 1545
82 1378
188 1722
1760 482
1738 698
1828 271
1094 1956
1251 1489
441 288
601 1625
198 1495
1582 1128
1638 1049
953 1839
1967 1300
1179 1493
1494 13
1002 1629
848 1152
38 1203
42 466
44 184
1980 1403
93 172
1276 824
1721 434
45 780
92 1431
1363 783
1258 1292
246 813
1085 1252
1086 1698
46 1823
580 1257
1278 87
1178 816
1231 460
278 1863
564 423
47 451
455 106
1243 1016
51 1156
1606 930
1385 1572
1752 1901
433 946
1317 354
869 5
1158 724
591 1361
1446 929
1895 1119
365 1531
1973 536
826 993
1821 0
50 1611
389 912
1891 433
177 465
318 139
1877 182
343 269
850 157
1383 173
741 363
1925 441
745 1445
1799 266
827 114
1876 1963
1583 1029
52 323
1544 830
885 689
934 190
1879 988
53 1340
1690 1139
1969 1007
1731 841
1216 1889
1321 1660
54 394
1516 1971
1715 1301
139 889
1553 1882
55 1795
997 1505
1302 383
196 873
1691 1912
1696 1416
620 663
1462 1150
1635 58
56 1408
1656 947
957 1709
1014 188
57 426
1687 714
1718 924
90 252
1001 134
1830 1544
743 611
1916 446
351 989
559 403
58 1412
393 1491
742 878
1659 1755
1680 1396
1043 1433
408 1306
878 1429
867 260
718 832
1624 596
1395 520
317 140
371 977
1377 948
1796 1414
77 591
1541 1446
891 239
1849 228
356 791
747 1418
929 1483
581 1258
258 887
1744 556
247 1175
1859 739
61 1390
62 857
1573 398
1693 1500
1200 731
1898 216
1030 90
1280 4
1338 1623
346 1747
63 886
64 956
127 1643
1052 297
600 1808
65 858
253 117
379 1286
1813 658
1247 1626
930 1949
1141 166
191 1664
881 1074
1070 1989
66 1767
477 1384
469 1656
611 26
88 1158
1297 513
67 1122
575 1913
1515 1845
637 726
1701 381
805 24
68 1525
1307 1191
1774 124
877 1702
596 583
627 1198
1234 178
794 1372
1263 734
159 1921
1180 388
1977 1183
698 613
1779 249
1673 862
69 941
71 198
589 546
1962 1275
550 387
184 1214
1642 37
852 348
1413 763
1899 1172
72 852
1009 1536
1312 592
1170 1441
1783 1111
655 203
1768 417
1049 1510
73 807
74 137
1233 1157
1433 1025
1607 1819
518 276
1379 1864
943 530
1475 517
1511 1787
313 1423
75 120
990 1741
341 1896
713 1067
1802 366
1401 1707
1476 1727
76 585
952 1032
913 1317
1580 1869
1000 1256
1288 1603
1095 1556
772 621
1862 392
368 605
105 687
78 1744
1184 1554
756 994
1592 1546
1926 1355
1805 1530
1407 1926
991 597
275 1186
80 1800
1676 1872
328 367
414 415
1136 428
988 1093
1160 709
81 1833
1636 589
1932 775
459 60
1351 344
1078 1209
1513 1389
485 1251
966 351
157 189
1567 864
1628 242
83 343
533 699
438 902
1125 1746
1627 697
514 1185
84 191
418 448
263 1662
1460 1112
85 291
137 603
874 1409
1428 30
1556 7
1264 1026
1219 1009
548 1347
797 1354
357 1964
87 1346
727 221
1109 1469
1473 913
1818 86
461 1159
89 1717
1842 928
1518 1202
248 817
1016 1647
1411 1713
1838 1447
520 1398
154 202
1919 208
183 96
998 1978
1277 1259
409 1383
419 1415
486 1487
1097 1365
608 1686
1266 1836
1826 803
1406 1054
944 1148
109 161
91 810
1735 898
707 1083
1972 691
290 1373
1546 1604
1981 295
1557 1329
1506 566
464 162
736 1977
879 1857
1468 1733
959 487
660 421
1912 1008
1005 907
605 296
1182 968
1225 229
1414 646
1535 622
94 1880
95 1907
967 809
1529 507
546 1680
1129 914
442 21
858 273
96 1754
1150 1817
141 1206
144 265
570 1552
1965 372
97 176
847 1015
1044 1723
1727 860
686 264
1472 1975
1425 1313
1526 755
1924 525
1067 818
1745 868
1655 210
912 1967
1943 1170
281 641
98 1952
99 534
1405 564
473 571
798 1298
1079 179
199 1562
829 1690
273 1730
1670 936
101 542
1242 1632
880 774
897 1859
1933 1592
813 489
445 1154
359 1142
739 1001
860 1838
1777 865
100 1201
789 205
103 1351
1381 965
1382 1319
1871 1879
1568 111
1399 1566
735 769
1066 580
1623 1825
1128 1237
1229 682
873 168
104 690
1710 945
1353 579
1652 226
1161 959
985 282
435 675
585 1657
621 1066
214 1450
1954 48
1610 1104
460 647
1076 638
836 27
424 1163
213 508
1224 1902
1055 277
815 848
1643 255
963 1003
108 54
1549 558
1600 1540
643 608
1457 320
1778 794
1033 616
123 1683
111 1652
1192 1999
110 645
112 1117
758 84
1339 39
753 1402
987 719
113 1773
425 668
218 411
296 707
1705 1937
1682 999
1536 648
842 1914
782 1168
1784 1870
1986 740
1057 1136
115 983
791 1270
1092 749
706 28
526 1395
1259 1343
116 286
244 1288
1517 1617
360 342
1564 1285
796 1994
730 971
1537 1484
114 167
567 1613
336 1770
120 660
696 1720
241 640
1524 652
1101 1888
1758 1670
156 331
118 1017
1686 1935
1404 1197
928 1843
724 1091
629 36
119 1812
1793 504
227 1578
261 80
1558 71
1365 163
340 1874
405 503
1175 1559
937 1326
387 317
728 801
1217 1468
710 683
923 1830
1367 34
1314 1903
122 444
921 990
230 676
1173 1321
121 555
1113 1641
981 1235
1135 336
726 1922
1484 884
124 488
1591 614
155 871
1651 1253
561 326
1674 1023
951 101
125 138
1775 470
150 429
1467 109
1930 985
132 643
1444 1348
1840 1358
1837 1278
1171 547
1620 250
1221 115
814 61
755 1440
303 1774
1914 204
694 639
633 606
182 1028
126 1103
1552 1665
978 573
665 819
607 1886
1023 1419
895 199
595 321
1748 1309
1869 1421
297 1701
128 68
130 515
1162 1953
1725 526
908 1022
1733 1364
654 1018
1496 1743
129 1097
1143 1970
1120 1521
1245 311
269 405
352 1658
1024 1655
1199 529
1660 1094
1250 885
784 77
1487 1314
1773 6
476 1824
748 1732
1982 136
1062 1147
134 31
613 300
792 1338
148 963
298 1098
1482 1735
916 194
131 1471
316 15
1782 1858
1935 1430
1215 973
135 187
136 1388
556 244
324 256
649 784
1301 1976
1771 1524
1961 785
1703 1612
1421 1043
1315 836
475 1308
245 600
277 1182
968 1266
1987 304
138 811
1815 1231
1340 1106
1021 1529
361 623
712 1756
568 1699
1880 1160
922 702
200 104
140 1100
1025 1248
207 1497
1081 1984
444 776
403 56
1753 1030
1004 1528
1138 1247
142 906
767 521
1939 1729
1688 130
143 1320
1847 219
1886 1692
1822 254
1493 562
1045 1331
771 1076
549 1456
499 485
804 1371
1852 1177
367 751
1239 1624
1734 733
208 1179
1402 402
1985 931
146 853
147 1615
423 234
420 1339
975 943
490 1582
1298 1646
1894 420
1080 147
954 1078
1586 1044
1448 1653
1742 510
1881 1598
1318 1948
1027 1088
1228 1090
326 316
933 430
1183 516
1806 1637
307 1
149 1276
151 462
1776 650
675 1594
1387 765
1949 307
1287 869
868 141
1854 655
1827 186
1324 1898
1453 1359
926 1993
152 1866
1157 820
1554 1532
165 1918
1186 957
376 1981
936 856
969 1796
153 1638
1619 1274
857 1037
488 325
1461 1427
1492 778
557 569
1102 1951
347 762
478 1436
249 1350
231 112
1350 1011
1146 1682
1177 1000
1653 484
542 497
780 1164
560 549
566 327
571 593
462 1387
1222 1370
962 310
322 1580
1872 1151
1860 1549
766 1472
1677 595
187 1071
676 1180
547 1570
158 509
160 779
161 1619
1946 896
1789 142
1637 1791
243 1851
554 1254
1144 44
837 840
1795 1089
163 917
645 1915
1209 1478
1788 1955
1792 23
964 1282
1581 717
1352 1704
162 231
164 425
1625 437
751 315
1551 45
1417 1589
1532 416
1252 1386
1885 927
1500 1291
583 753
333 519
832 175
167 97
1803 1085
398 1131
166 1385
1489 1674
1539 1832
1563 1827
169 1844
348 1695
631 1602
1942 395
699 1368
1279 1740
1888 353
1203 76
314 1086
714 1374
1048 876
168 1133
170 681
271 1718
193 390
1491 1084
1697 1116
965 1905
1072 73
171 1543
172 711
524 1360
1630 1966
481 1232
1036 1040
479 436
1835 855
1955 1691
190 346
174 725
443 891
1945 1120
894 656
1389 439
1736 9
1851 822
175 103
545 1283
374 1567
1299 829
1811 609
715 737
176 413
1543 756
876 105
482 922
370 261
576 1758
1132 1776
995 1333
1641 1227
512 480
492 1042
372 1224
179 1837
286 469
1380 35
432 1481
626 955
516 1906
1976 1240
206 408
180 1538
181 481
904 1883
1548 285
1576 262
1739 758
1893 1909
1458 149
1577 938
274 1855
1119 267
861 1034
1889 849
1720 410
606 1208
1391 1137
1061 1748
1810 961
898 1127
1800 185
1439 1113
1890 695
310 664
312 1954
185 1775
186 1781
615 1012
535 1024
551 1336
1026 330
871 598
1931 528
465 93
1968 1650
1928 1818
395 154
1197 895
779 1218
1786 934
622 1210
1669 1077
1764 458
1857 1794
353 1997
1073 1789
189 757
1006 567
1572 246
1958 1166
1424 1422
1713 165
1084 685
925 155
1296 450
700 1965
1149 1062
1479 59
980 1856
194 456
1017 243
1909 1411
1633 845
195 633
299 760
1559 1782
1210 1174
1110 1002
671 1711
1644 1380
939 980
610 236
1829 538
505 1991
984 1517
1275 514
197 874
501 1724
1019 561
971 1645
919 345
824 1176
1507 1272
201 1900
354 1568
1114 1457
1426 720
1749 962
202 1092
825 736
1767 1799
203 1749
983 1064
958 379
267 761
1050 1325
453 666
204 937
1202 1736
678 1284
1685 1413
992 75
1970 1877
994 1072
1370 586
1256 270
977 872
205 1931
1313 1708
1087 1738
763 1771
1442 1391
683 1454
504 826
209 294
1699 919
210 14
617 224
1415 1648
750 377
211 83
1485 752
539 396
1602 1349
396 82
1032 160
300 69
577 1082
587 565
1254 581
854 341
647 1919
497 1087
265 1205
229 696
215 1640
1741 10
1589 1108
1255 1121
790 1689
1188 404
1051 1569
1597 1068
762 459
216 543
641 116
531 974
786 1942
1587 1810
471 200
219 1899
534 1167
632 1230
1218 339
1303 1892
222 1862
373 1107
223 1345
1096 995
788 701
644 570
1147 1666
224 1675
225 1848
272 1805
1443 1516
463 825
731 1865
914 1475
226 1822
574 694
738 1696
947 1764
339 309
628 843
1550 245
1388 563
1570 657
1155 1155
883 1885
855 1861
228 380
1305 1494
999 1435
1429 1462
1260 382
1168 560
835 996
1503 1293
394 113
1248 1588
304 712
1772 1639
1091 815
793 1867
1204 741
467 1065
851 1522
768 1930
1056 738
1459 833
920 557
1268 1305
1281 230
638 972
940 1238
831 1871
262 1226
383 1583
234 146
1445 505
658 217
306 1132
1283 673
1454 400
1195 1576
237 435
238 1161
511 280
239 1745
1015 1968
1903 651
427 984
1832 1399
285 468
1369 1671
251 1916
1153 122
1887 823
240 22
1615 1811
1761 635
280 550
1966 1059
1850 1561
1645 1947
899 1448
456 1555
1262 1565
886 108
976 1881
311 368
1519 1661
407 1188
1545 867
472 253
523 1853
1825 1140
1921 177
1728 1969
866 1763
701 29
783 11
1897 238
1683 654
1420 1014
1393 1685
927 38
1477 1719
1716 1831
1465 966
426 1878
950 1596
378 1019
466 602
863 992
1743 241
1040 1267
1325 671
1611 1996
734 1453
887 1826
844 1439
255 1734
288 1392
1060 892
254 1694
1412 620
759 721
256 888
302 1929
865 1379
292 308
819 880
1844 195
266 1063
1755 55
834 1473
1754 1280
1918 361
1983 1369
259 982
558 1508
1870 844
388 981
1574 1141
537 1307
778 1542
903 1816
1974 33
1798 1467
1512 618
380 1928
1322 42
1361 1123
578 298
1979 1376
1497 1080
264 201
1902 527
538 1246
1174 1798
342 126
503 1146
979 744
1632 1678
1647 754
268 781
1917 1451
705 1287
1282 159
1008 438
282 568
1681 679
1435 1548
270 1761
532 923
1672 1460
484 1766
972 1335
614 1501
428 703
1663 787
1201 1200
1207 1679
1213 672
1187 1342
1578 1849
667 1452
451 1145
434 1759
1654 1417
680 51
603 1676
1449 599
970 1344
909 1479
1034 1742
1372 935
1525 637
634 893
1584 180
1790 669
1191 479
1337 894
746 1820
666 631
1770 457
527 1705
764 477
401 349
1839 1599
651 1149
1505 78
870 1995
1029 1105
648 1804
1122 800
1723 582
1190 1130
843 406
646 531
1724 1250
1436 1341
1520 899
1041 1244
1678 688
284 129
1964 1056
1596 1547
1833 1950
1118 1910
599 1940
1054 289
402 1986
289 92
702 1171
1817 445
1858 1381
1396 1047
709 19
293 861
787 1550
1447 53
1671 118
588 1318
294 63
530 747
1469 1184
295 1490
1766 512
1226 1672
1108 407
1090 369
1341 211
1762 1597
1271 1229
1236 1894
1463 604
915 1841
1077 1622
1621 360
1759 293
828 1041
1456 1255
1474 110
1588 1815
1368 1038
1704 882
1953 1262
900 386
1438 431
1873 842
513 1334
308 213
1848 1269
309 1264
1737 1404
430 94
1345 1533
506 1630
1941 607
639 1048
845 1627
496 511
840 486
717 1221
1300 1608
474 851
315 1541
602 1295
1154 1211
1750 632
440 839
1608 232
458 970
390 767
1400 692
1726 1631
319 1504
673 1069
911 1249
862 771
635 1474
1020 590
321 1455
323 174
431 272
659 223
1452 70
493 854
1785 1212
754 1663
1640 1289
325 303
327 135
439 1033
1571 1908
893 1498
487 1006
1631 207
329 1503
330 644
882 628
1244 1173
924 746
1362 240
528 743
457 153
630 1710
760 883
332 1635
335 1946
1409 1961
1163 1407
1714 1571
1662 619
337 806
1440 1215
563 1075
802 1535
338 850
1561 1934
1471 1073
650 1644
1501 1432
363 1842
619 1443
1540 279
1319 1482
552 314
1711 1959
1504 1449
1330 1486
344 1428
1126 1605
446 449
345 1847
948 181
657 1932
1618 805
661 904
681 152
1333 1299
450 541
1309 798
1865 686
1823 1988
1075 777
1819 144
350 493
382 653
849 338
1923 1311
652 1654
1841 1463
510 193
1616 678
355 1397
381 1297
839 1153
1127 1114
1508 258
1882 1506
663 1337
1959 670
1609 1165
483 1768
358 399
1566 636
544 1332
1212 290
1605 1890
449 196
413 1960
1111 2
1069 1721
775 524
1666 1945
598 1060
507 1138
1159 1750
362 715
1342 944
1355 1731
366 312
1241 1081
1905 1045
1047 1401
1804 318
1152 235
902 1579
369 132
716 209
1595 490
1843 284
1106 1511
776 921
1560 661
1366 572
1984 1957
1527 662
1265 1236
1270 1356
385 932
892 870
386 263
517 704
1360 275
1100 1004
1892 788
1906 119
1003 483
770 1551
1232 1802
1698 473
391 1962
392 1499
890 1110
1105 958
823 212
397 1793
1757 1557
399 1924
1451 1228
1808 1199
1732 1362
404 1534
1868 1944
569 333
1384 998
1104 1958
1809 742
498 964
1349 745
416 827
412 1225
810 370
833 1725
1320 1005
1364 909
1214 156
415 624
1679 1400
417 863
956 808
1176 494
1142 540
421 1852
668 1052
1634 1189
422 766
1797 1634
1375 463
1165 1263
769 328
1455 950
448 1560
1747 350
1952 1715
429 427
687 837
1123 340
1971 501
623 1834
809 1502
1488 32
812 1601
437 356
1694 735
1590 1035
1598 674
1528 1850
1285 1124
946 1488
695 1564
579 1444
1834 170
447 365
1831 332
820 1772
536 1587
720 1207
1227 98
452 274
597 1353
856 1788
1531 215
553 897
931 183
454 1606
1148 925
973 1821
1481 804
765 1129
1035 324
732 158
1099 1897
1065 881
1864 440
1246 1461
816 292
1430 1784
872 362
1836 40
785 1726
468 847
1064 575
1807 1620
1269 953
1604 247
1392 587
670 1515
799 1943
744 495
1874 499
1575 1779
1311 233
1950 1584
480 1757
1306 447
1480 1277
1951 1860
1261 1058
1028 1095
1878 424
491 1783
1585 329
1814 151
495 727
1904 789
529 610
500 1884
1273 89
636 967
1134 960
1911 373
901 629
508 551
729 107
1408 1875
1617 1233
1230 409
515 72
801 1118
519 1323
1293 1797
1787 1904
521 768
1594 1217
1913 1190
522 1651
884 1223
584 474
935 281
1063 1941
1018 412
1012 1673
1038 1061
1707 1219
697 1013
1394 625
1740 1739
1039 708
1323 786
1376 1992
989 17
806 496
1331 49
1272 347
1853 728
1291 1753
1751 828
1343 65
1490 1917
541 74
996 1476
1083 1265
1335 838
1613 1465
1565 578
1329 1693
1116 1507
1193 1294
1354 1792
1934 890
1196 908
555 1193
1765 1973
1206 1367
1730 1895
1816 1667
562 1737
1437 933
1290 476
1927 1677
932 532
572 401
1675 729
1794 1520
1502 1519
1205 986
1131 1363
1963 1393
612 1760
1181 8
719 615
1922 1424
586 1302
1397 391
590 375
592 713
593 128
594 942
1240 1031
773 1366
945 1987
1112 594
604 680
609 978
1639 1125
1533 88
616 846
1013 790
618 1939
685 1642
1534 1697
1648 535
905 502
1139 305
625 225
1328 1803
1867 1558
1432 1459
974 3
653 1574
1780 506
662 1241
1346 1312
1208 1382
1657 334
1441 1458
1875 991
1336 52
1304 626
1538 472
1450 1575
1937 1324
1274 1466
664 1020
1071 1271
669 1513
1156 522
674 523
1166 1927
1599 66
677 533
1695 1600
1884 903
1601 577
682 357
822 939
1555 969
1957 997
1470 1260
689 1115
691 584
708 718
1547 1057
1883 1050
1046 57
1253 1357
1042 1923
1423 1668
1908 1169
1198 1911
1348 1573
1495 164
1292 306
1133 518
910 1327
1308 553
1103 1394
1650 1213
1403 1245
749 764
1845 148
918 419
1211 748
1356 1310
1074 1046
1373 422
1700 1972
1124 1980
1416 1790
1947 1315
1410 1527
1059 364
808 1780
1896 1974
1668 1485
803 1328
1907 559
1031 257
1235 1304
1249 197
1374 617
1359 772
1267 552
982 879
1316 1523
1664 821
838 1876
1692 1998
859 627
1140 1290
1689 1765
1053 1577
938 471
1665 95
1164 64
1763 793
1756 916
961 302
986 634
1498 287
1801 192
1861 926
1093 1714
1058 875
1706 12
1434 1405
1295 1846
1286 1194
1117 1807
1729 222
1626 1618
1464 299
1310 20
1709 1609
1358 171
1530 799
1978 1786
1523 378
1702 1681
1357 1979
1579 911
