0 1191
2 767
3 1356
4 463
1896 1492
5 290
1895 490
6 745
1894 985
7 1108
1893 817
1892 955
1891 1616
10 1637
178 1181
374 508
1640 919
67 234
620 613
1345 744
710 1432
1266 103
1594 265
108 777
1 1474
1899 1040
1898 774
8 1643
9 336
1597 199
1014 1418
455 1485
1871 1376
1790 1571
1701 1786
11 1111
12 1891
1717 1467
1407 894
1170 9
1286 1022
1008 1343
1712 1325
919 1570
783 1499
1290 1406
1085 1675
845 495
920 1046
1897 1461
13 958
14 1185
1098 474
837 838
1839 274
896 1714
1026 1144
1137 1630
1880 1453
1614 1355
1089 171
625 117
367 502
1464 784
1326 1447
1445 1530
909 1377
341 174
252 586
1167 650
15 996
106 144
1289 282
364 969
1476 38
746 1502
780 803
671 193
16 356
690 289
256 1864
1788 207
92 1660
17 1380
376 938
69 439
1661 844
1523 1585
701 1184
1513 1324
233 1024
356 989
1150 743
1779 1303
570 95
18 1322
19 461
344 1744
865 1354
1410 118
1265 934
755 781
1027 695
1855 471
650 192
1618 669
532 228
526 308
20 1065
21 1353
838 449
1546 1371
1687 909
546 749
22 1646
1223 1693
1503 281
942 209
448 1454
827 107
1073 1615
1436 677
23 1119
1203 926
1079 608
1054 703
1760 1366
1398 44
1362 1824
1237 335
24 394
1499 414
923 272
826 1581
1652 831
1669 187
1683 1109
431 684
752 660
76 1732
1768 428
519 764
1181 812
1654 384
1883 555
1852 1505
814 487
25 1291
900 833
939 1440
562 351
1327 1464
271 447
758 1832
134 801
27 393
291 286
1781 861
1889 1765
1347 1726
427 1861
331 1758
84 242
1316 225
28 1884
1856 530
709 1090
1775 890
618 1177
1533 1195
1667 984
1558 1234
26 1417
1866 746
1295 733
1091 674
1198 1266
1309 994
1531 183
541 1755
354 438
29 827
449 1456
954 452
1759 381
1846 1801
30 145
617 1508
1415 241
784 1063
96 43
31 1028
32 1457
459 663
57 215
148 1497
1522 1020
952 922
33 1658
624 1197
1320 13
1655 91
387 1761
34 11
1641 1559
906 454
281 212
161 425
297 1393
1453 1734
450 1600
641 1510
35 27
877 631
421 1688
666 1326
911 1540
36 1804
212 1800
1843 646
1330 1855
652 705
1795 1625
37 731
1482 657
1805 961
272 754
901 398
1887 25
728 786
343 535
719 1034
1044 507
258 303
819 1223
1505 806
316 1477
687 424
1278 306
38 1710
39 558
1036 593
841 925
683 1293
1725 1059
305 400
917 65
40 1712
1828 904
1241 1073
566 1542
1412 728
696 455
1107 813
1439 1193
41 1577
308 1670
42 908
1854 1608
70 1251
351 1775
174 835
298 676
505 1872
89 1049
262 1678
1440 494
312 625
766 888
798 760
1584 688
1242 1145
227 775
833 855
633 1208
349 1759
43 1224
44 1007
1716 1627
470 48
45 762
162 923
409 1237
268 340
1823 1484
105 266
392 1839
46 1217
1379 288
346 997
630 1238
834 1002
213 1694
47 792
866 132
928 210
1769 1584
420 1257
871 509
1122 620
1138 1233
48 1886
768 569
592 738
733 291
1662 323
894 1015
1516 182
187 521
1530 1403
1366 1006
310 1478
1363 693
554 1092
1508 553
49 450
50 696
1544 420
191 1281
997 575
463 186
1348 42
1617 430
51 927
1858 1491
1766 436
1517 5
1642 1288
1007 849
805 712
52 921
612 788
940 1620
133 390
264 1289
53 1555
1380 415
150 1636
740 147
458 1607
795 1151
957 10
1873 1130
1886 377
229 191
548 691
466 511
54 1070
1358 203
598 1060
1682 1652
801 370
1518 1210
55 537
56 545
739 374
1732 1064
1804 1419
1102 1572
874 328
1029 347
970 362
1058 824
1870 24
1423 1716
1055 1674
1424 405
58 1241
117 520
1258 419
1704 1522
125 995
1304 905
522 1232
1040 1583
1429 1253
1703 1200
59 1683
93 258
595 484
1171 1770
156 71
1022 1298
246 34
228 1446
395 1699
1272 1737
61 1101
1200 884
429 1401
1692 716
1361 665
1367 426
62 543
1800 1622
1816 1829
102 50
1396 1651
1284 444
60 12
63 1082
253 1650
1656 1469
508 1005
1323 1739
1433 1849
1636 672
1842 156
64 956
1141 1529
186 1776
247 1816
809 0
948 90
1416 587
574 720
1408 453
1081 1161
1496 1817
993 296
724 1621
65 1813
66 1471
1062 496
551 570
1876 1727
790 1851
803 1700
1023 1442
1475 134
1480 822
1735 1489
68 1239
419 331
1236 1001
1204 1642
1337 467
589 166
98 491
964 349
1650 1086
1196 1612
236 1268
732 595
240 1444
1807 1167
605 226
1853 505
1372 1641
1849 1048
71 868
523 940
1727 1387
1069 1631
72 714
1313 900
1509 1671
1116 22
1770 562
771 1178
1785 780
73 1735
990 962
377 1475
1276 757
850 658
996 1533
1113 180
494 1166
413 899
372 1397
128 1846
1336 800
1409 1445
1838 1448
1711 854
1030 579
1547 379
74 480
75 1336
77 1661
1099 69
1521 1382
347 1149
78 1172
275 1165
967 709
330 951
1285 652
1092 1558
1820 602
883 920
915 1114
1071 589
79 736
80 344
194 205
1763 1815
984 1684
543 857
1075 1866
81 1112
478 1501
779 1096
254 295
1318 914
889 1664
1331 1066
1261 524
1845 264
82 1302
83 285
1114 804
1848 1019
1264 544
1215 167
333 626
763 1341
85 557
727 1463
1357 584
1719 294
1502 380
1681 802
1832 1243
835 1826
1579 1225
1605 1116
267 473
1705 1017
138 26
243 843
1388 886
608 1277
1009 1514
242 1483
1771 197
352 395
1103 654
86 1503
87 974
88 1227
1097 244
693 726
1283 823
1663 326
1145 1057
1678 1796
1013 1628
320 391
802 1327
279 1538
1867 482
1184 1139
665 1415
498 477
90 409
1520 1838
1015 1392
315 1306
1076 1067
703 1516
930 689
112 549
1630 1498
91 376
660 1358
639 1865
1305 1606
1111 155
769 1598
1812 519
564 64
189 83
485 917
568 126
1152 893
1018 1429
408 1231
94 706
615 1213
406 848
507 1624
475 403
670 466
95 682
713 486
599 768
1192 836
159 1623
1302 882
1553 1519
249 865
642 912
720 220
184 1885
1568 1279
1012 1168
426 566
1220 678
1387 1777
708 284
1417 84
97 382
1743 1569
326 1255
1490 1672
1183 392
607 1211
1426 1649
99 55
447 816
100 385
1082 94
584 752
1377 1069
556 810
101 1300
1545 1290
1814 1465
216 1635
1422 1097
123 1854
643 585
1674 1638
1271 1229
332 632
103 271
160 599
1105 945
294 200
1072 314
1292 135
1119 782
104 1781
442 1719
1121 1566
553 440
214 1811
1657 1316
1647 1367
1066 636
153 479
300 478
107 1106
918 1194
980 610
1786 1790
109 1042
190 469
1478 383
1353 151
1680 1220
843 655
215 687
530 1689
799 1738
1172 918
110 18
111 1035
307 571
462 1713
350 37
1218 16
540 1312
1207 304
1463 763
520 773
804 255
1830 476
1392 1629
1209 911
113 62
114 1037
1510 1012
1132 1157
528 1703
594 297
285 196
461 1033
1033 883
656 1784
144 1518
684 1402
1809 1056
1863 702
115 1576
116 987
457 1381
1341 1370
1216 510
1570 127
1609 1273
157 980
204 1720
152 1345
278 670
681 528
1177 278
1659 572
961 1174
1498 592
118 1639
119 1398
386 1141
891 1506
131 1372
1047 1117
1090 1783
1604 527
120 433
921 1822
1525 1852
324 787
121 590
1273 1531
1549 153
1006 1756
791 1487
1133 240
122 605
1001 1451
1108 460
451 1473
473 851
1300 820
1713 408
949 1751
640 39
525 1078
614 1788
124 1292
1620 931
340 633
336 1032
424 1396
1221 896
836 906
126 531
1460 348
1494 30
468 1653
606 1081
1435 1609
932 341
1384 713
912 149
846 976
127 1414
1629 1260
206 1003
129 1825
1391 1180
348 1590
1535 418
561 283
266 1378
130 468
1024 1309
1487 1272
1162 1863
132 1000
698 1062
259 97
1864 615
1359 819
158 1374
1585 1481
412 99
388 280
1188 1041
645 1681
135 1209
404 1752
136 1718
1815 437
738 58
303 574
1752 1441
137 1023
815 17
971 319
1025 644
389 1346
590 946
1049 700
139 188
403 721
533 1809
1601 337
1294 243
140 1320
1017 1479
1470 1722
141 1361
1690 252
750 268
1166 1567
289 680
142 710
1381 131
237 967
143 470
549 1079
596 1705
537 643
1235 1836
205 1156
717 1887
145 1286
649 983
146 1493
1135 1548
1376 629
147 1014
667 195
1268 1818
657 1087
1245 1458
1862 499
969 1544
1551 101
1829 1030
422 870
945 1564
616 1574
211 6
280 617
994 1733
582 1011
536 1258
777 1553
1043 1677
149 102
151 45
557 929
514 1582
580 1821
1789 305
756 1778
1693 1834
1744 373
1689 1799
735 723
1115 1729
154 386
1333 547
688 121
1479 81
933 588
155 1080
1394 185
179 581
1232 627
438 659
1155 991
182 1075
1817 1412
1730 204
692 332
1872 146
1180 1383
963 1509
1639 986
1016 33
695 1143
1262 1027
1541 427
1035 1147
287 342
207 346
414 1515
1488 783
503 343
1088 35
166 942
1645 1247
358 1362
1625 828
1096 1757
722 1319
1328 120
1064 1741
1722 1844
1500 866
960 1881
1611 181
1109 276
163 1808
165 1047
1834 169
428 685
1691 1422
167 965
261 1875
1607 554
968 389
357 1565
1612 1390
164 978
168 887
1199 1334
1397 1525
169 538
534 1772
1573 910
1564 1416
1738 1094
943 1763
938 1179
705 1138
1239 160
1257 1153
170 761
1117 973
176 1524
506 522
965 1122
171 359
172 1794
443 852
609 1275
559 730
1307 75
173 1593
631 1198
1301 20
317 445
1217 1084
712 1226
363 556
1543 504
1038 873
405 567
180 1146
370 148
515 1521
1291 251
1231 1305
1757 1123
175 799
1686 789
1159 539
1050 1058
177 1725
484 1496
1746 312
1208 21
822 60
306 1523
1214 317
1349 616
1465 1715
1506 1267
792 256
325 1420
736 7
1310 640
1147 1697
1792 338
1144 1219
685 111
1063 1270
1515 699
1360 96
925 1304
844 1789
181 683
183 847
863 1009
486 1021
1884 1262
847 1687
482 1573
675 1655
185 1634
1473 177
322 300
778 637
872 1351
1403 28
1057 924
1593 82
232 1331
318 1645
196 1535
1128 1435
446 1038
188 464
371 1287
1374 1662
1646 1357
1338 1702
1821 1748
1267 500
855 257
1623 1717
941 488
1450 1750
1373 1254
192 49
1324 402
193 457
299 1470
479 1337
1458 1835
492 1619
329 1307
1624 267
1032 229
979 233
669 1400
905 74
1707 1517
702 367
1414 1137
435 1589
1548 966
195 213
197 137
1255 1827
379 606
1378 1749
773 990
1340 61
198 273
962 1610
200 832
425 1793
910 891
1791 1124
491 363
1580 679
1529 23
201 936
676 1706
902 1696
655 1098
1421 1274
199 1008
248 1135
202 1742
203 1140
360 1385
1175 404
1191 664
991 1282
1095 656
1385 139
870 1843
1638 1798
1201 582
1569 1550
1782 1053
619 1837
848 776
1462 834
1796 1504
1485 1076
538 769
476 649
621 1831
208 548
1045 560
209 1321
210 1158
572 1528
1094 1896
1459 446
1444 108
811 1221
1591 871
691 600
1708 1897
1139 1746
852 1004
976 815
1581 1819
1010 216
587 756
366 8
1697 1091
1637 1534
290 371
218 639
647 797
217 143
518 1430
489 933
741 1176
1441 105
999 1425
1164 1010
219 1203
220 1596
378 1893
788 525
914 88
1675 1013
221 1120
222 1025
853 270
469 1329
1688 829
223 573
224 1265
328 1218
737 681
295 661
547 675
1404 451
1536 184
339 740
1566 1797
1627 790
950 1883
226 411
1339 1162
1588 1462
225 690
1776 413
495 1820
410 612
1772 248
659 1874
230 759
555 1562
936 950
231 1667
1080 227
916 1730
1606 221
1666 1142
830 1858
884 1575
477 1026
1443 1083
1671 648
234 526
565 1771
441 316
393 235
887 1554
235 798
1677 318
1653 73
1100 1476
369 1614
342 1323
888 915
311 1812
238 1052
992 1460
977 1365
239 1892
1783 313
859 901
1125 998
313 1578
1350 1898
1186 1347
862 1605
436 841
241 949
886 662
742 198
1468 853
679 358
1665 372
1067 106
244 1455
1831 250
711 1556
319 1318
545 641
1694 1721
245 1591
1556 465
1888 1814
444 512
1083 1560
433 856
1860 1848
1136 56
1878 711
1484 875
654 330
927 261
490 237
1149 1870
1635 230
250 1882
1319 1212
439 1016
1590 1163
986 1190
1430 979
1154 1850
251 293
677 1823
796 301
1454 1055
575 493
1495 863
653 1240
487 1311
951 1604
1457 591
255 503
504 638
1747 1216
1129 794
257 53
1051 1723
380 387
782 1601
1672 456
418 1310
1297 1188
284 1764
1660 1044
260 350
578 302
858 957
274 943
1110 859
415 1439
1229 811
1270 361
1810 92
263 489
1399 594
1633 1132
265 1074
995 1072
583 1339
723 628
1178 1125
1512 540
375 623
1126 635
282 93
1438 412
1317 718
531 1436
1664 208
269 907
1745 850
1205 1603
1728 753
270 867
1528 172
1534 748
362 981
1325 157
1041 609
1078 889
1364 36
334 858
1446 429
273 1876
1156 1532
1466 1626
1419 805
1501 598
465 1594
731 1701
813 1551
1332 1704
757 1136
276 46
1724 954
1600 1774
383 1388
1060 715
277 1344
1799 862
1431 550
989 1878
1233 1494
864 747
751 238
1077 1895
1263 1686
1737 406
1383 223
500 534
1195 516
1837 959
700 947
1684 1423
817 32
283 29
1742 421
706 275
603 1879
787 109
286 1100
1755 869
714 1102
1019 315
1787 1408
288 1488
800 1222
816 513
1803 136
493 1480
812 1853
1778 755
1734 597
292 161
1176 533
327 1104
293 1588
1173 1379
335 472
981 1115
576 634
1084 506
1131 1468
1615 481
1335 542
1020 596
1582 1360
296 1127
937 1269
1780 953
400 1107
1840 1389
808 515
828 1313
1254 1103
1715 1088
1210 766
301 518
861 1173
1731 1359
302 1663
1576 1644
1368 1685
1761 1118
496 448
953 729
1869 948
661 1868
1405 1295
1526 1668
304 63
807 1859
1477 1779
760 1413
1622 329
1065 310
767 85
593 1230
1158 758
1101 441
1706 443
1189 1709
586 732
1052 1202
1124 218
744 878
309 1095
1370 619
1428 1805
411 1340
1765 840
481 324
1811 1204
646 541
323 1068
628 565
1086 1261
959 1871
1234 898
314 432
511 1407
1563 1
1070 1597
1212 624
345 1810
1280 1043
579 772
1784 1131
1277 1767
1269 354
1577 422
321 1077
842 765
1037 89
1230 1760
626 1773
1567 1133
1773 928
480 141
1005 1680
1260 307
1447 1250
1700 1618
1413 378
1511 334
857 54
635 1384
1835 559
1575 993
1595 1656
602 1845
729 1841
944 1708
1861 1780
983 1169
772 1495
337 1110
338 1830
1395 176
1321 719
704 614
1676 260
907 119
591 287
824 770
1483 1256
1596 1335
694 1449
1586 1148
571 1549
972 1054
1736 116
1472 1557
1882 279
464 846
1493 1183
821 1314
353 1175
879 717
1382 1580
1246 87
434 1787
699 1018
1123 750
1197 725
1296 864
355 1284
550 1352
806 825
1572 583
881 407
725 1513
1879 1736
359 163
1868 31
397 368
1351 895
361 1039
781 1182
1334 357
1061 1537
1504 1695
1048 1201
1552 1745
682 1126
1859 1828
524 1051
365 1259
1519 1395
1365 15
1748 142
581 179
1420 1659
1851 785
1202 1698
373 916
368 722
502 1724
890 1317
1256 1364
1767 645
1227 434
474 327
776 59
840 1349
749 113
430 1466
1774 1424
381 1128
1467 692
382 1264
1226 601
975 1394
577 399
818 1490
1696 133
753 839
1538 231
384 992
897 668
1631 112
601 1205
385 1036
1456 154
747 1791
1425 1877
895 972
1406 1795
1491 320
391 416
1303 417
1329 1691
390 647
1252 1579
394 1807
1390 217
423 1050
1248 621
1819 604
1756 1647
396 1271
398 178
399 1856
922 1545
401 1342
402 622
1298 694
558 818
1299 902
1802 1860
1813 651
1714 964
407 292
673 1665
1228 1433
1670 642
797 1246
1386 1486
1287 1592
1649 1547
1847 1434
1193 793
1185 1899
1259 159
416 224
417 970
924 826
1583 2
1039 47
1046 360
512 1782
678 1189
1619 1611
904 1299
1562 1045
1668 475
672 1682
1561 737
1194 1328
1275 968
1250 80
432 52
611 837
1877 1648
1169 1294
539 1154
1279 170
982 1552
1481 1285
437 388
1844 1369
1833 1602
1163 577
440 1375
1644 1890
716 881
1449 1283
1699 939
445 333
1011 960
1702 1438
966 129
1343 492
873 79
1418 1657
651 1276
563 1654
839 311
898 245
718 1278
452 1391
1750 249
1434 1105
1389 173
453 536
454 611
903 1632
674 40
1559 1707
1739 189
1157 1666
1238 246
1034 1373
1554 150
1881 458
820 1743
1673 1459
456 1245
644 708
1753 1472
460 932
1471 666
1346 673
745 807
1247 707
829 618
893 431
1474 1199
632 66
1311 1330
1355 778
1777 1728
1587 72
1021 727
1695 1405
1616 1673
1306 739
471 1803
467 1338
472 130
1710 1186
908 483
1598 1599
1542 57
1059 1244
1741 253
947 1207
1253 501
1411 697
510 576
610 860
664 124
1806 140
483 201
1432 1617
1148 982
689 277
726 1399
985 704
488 1121
931 219
1497 114
1056 941
1885 1297
1000 190
1679 564
1028 1363
1857 1443
497 1766
1400 168
499 100
501 1155
973 232
1720 1731
1723 68
956 1802
542 325
509 1428
1003 791
774 1411
544 70
513 1228
880 123
1797 1196
552 1690
1557 162
1243 1842
516 1129
517 236
585 104
1127 1762
1161 164
1168 771
622 1150
521 353
1486 517
1658 485
754 322
764 1308
527 779
715 115
1621 1711
529 1561
1733 1543
1762 1520
567 110
1401 239
1142 1134
1179 930
793 1426
535 952
832 375
1651 206
1130 339
1560 67
1281 1093
1106 1099
1437 568
1249 128
663 365
1836 1452
1451 1249
823 751
730 259
1461 397
775 971
987 1669
1628 401
1709 442
1143 1248
1140 529
1798 1785
770 222
1589 1867
1793 1427
759 892
560 741
849 1160
1452 263
634 1894
569 671
875 396
721 1880
573 1792
1532 698
1808 1500
1118 897
636 551
1841 1511
604 77
1240 194
1825 497
1685 913
1213 1869
1527 321
1826 809
1442 742
1402 701
588 1450
1211 552
1818 1862
998 51
868 158
1865 1348
597 1089
1190 1252
1219 1301
1626 514
600 872
1890 944
1369 355
1282 1061
1599 937
1721 1031
935 1769
1764 1368
613 1242
1356 1085
1371 1404
1507 830
1874 1029
623 880
988 1640
789 1071
627 667
658 459
1749 885
680 1679
629 1541
1074 1586
637 1235
638 86
1314 98
810 1768
1427 578
1104 165
1004 1113
1632 1421
648 1536
955 262
762 298
892 269
1315 435
794 561
668 1263
662 4
1342 1563
707 423
1322 1806
1165 1409
1274 462
761 76
1610 999
1093 1215
1550 1873
851 366
1174 1840
876 988
1489 175
686 14
1827 1847
958 975
878 138
1537 876
697 808
1068 1236
743 352
734 152
1134 345
1244 1747
882 498
1608 977
748 1214
1602 874
1540 1332
1224 41
929 686
1160 1692
765 122
1053 1888
854 125
1344 1613
856 1753
1726 1539
785 1889
786 1315
1794 247
1448 299
1042 603
1524 78
1354 814
1146 1527
978 734
926 1676
1206 211
974 1296
1758 735
831 1152
825 580
1375 1187
1740 1437
1288 1192
860 630
869 879
867 963
1153 1857
1603 877
1120 1280
1539 653
1514 1171
885 1410
1182 1350
1087 796
1574 254
1469 563
1222 1568
899 1754
1151 1170
913 795
946 3
1293 523
1455 1740
934 1206
1225 1164
1824 1633
1822 607
1634 724
1393 1431
1729 1333
1002 309
1031 821
1698 1546
1492 1482
1850 1159
1718 1833
1308 364
1643 845
1112 214
1352 546
1555 19
1875 935
1565 1512
1578 903
1801 369
1187 532
1592 1587
1251 202
1312 1507
1751 410
1754 1526
1571 1595
1613 842
1648 1386
