0 753
1749 409
1748 525
4 1428
5 1641
1745 190
1744 1529
1743 1267
1742 436
10 596
178 318
1465 1456
237 1636
951 152
1678 331
1498 372
502 158
1240 1512
1 991
1747 1018
1746 237
7 1361
8 869
9 442
1576 1177
999 221
701 1003
1552 307
858 1081
966 1028
2 675
6 983
1280 681
162 427
3 434
11 1438
12 21
1074 1681
1053 1368
137 916
25 448
82 1050
1098 1041
435 1484
1375 1079
1134 179
1262 908
1488 575
739 694
1374 1147
581 1284
874 128
15 1370
1044 396
1395 385
1265 587
524 161
1155 1152
1135 123
14 1000
106 1069
731 1308
207 592
1360 1330
965 609
747 410
13 59
17 1423
690 541
464 1271
1226 1345
456 636
16 1151
18 867
370 1088
1679 501
1316 707
510 1661
1109 1688
1013 883
195 858
1103 977
1596 646
1170 366
461 1646
19 199
279 677
310 330
566 1716
1412 1246
1229 20
20 1120
828 722
107 1235
222 368
1516 733
341 1150
1675 979
1198 1698
944 1476
1575 1196
1589 1257
511 581
227 1253
21 403
1244 655
1408 546
48 940
1664 185
479 1640
24 797
1499 579
1183 881
382 481
526 671
629 174
885 1425
477 1611
83 1054
26 1153
1138 227
61 189
22 1078
23 1564
291 1660
76 1523
1102 589
941 384
700 1139
1377 984
28 913
881 117
482 629
813 1163
27 884
29 877
30 1124
359 1281
1694 738
1117 369
1715 1098
1571 1138
121 6
379 1455
75 726
1066 1652
33 1736
1641 402
1300 1659
633 1130
1553 297
672 11
32 1464
34 930
399 1410
1177 731
794 351
1390 807
62 1502
1510 1071
1010 1237
503 986
651 957
1302 64
35 606
36 154
209 267
539 197
1161 1377
1031 262
213 78
531 1477
38 443
53 215
1334 204
422 1057
1693 1291
37 326
431 1565
31 216
39 890
40 1705
1646 1511
1061 1420
722 387
49 412
557 1560
805 822
1174 687
753 804
41 1556
42 172
1508 705
214 1342
1547 1685
314 1
1111 141
1707 1606
909 647
1239 208
198 539
1045 663
1537 1357
44 1082
46 1179
1359 377
957 1367
163 1206
1008 1643
1685 1228
1236 861
43 13
45 1489
47 794
855 1527
922 1443
1417 582
496 1490
377 205
455 1653
1208 1360
1347 1491
918 1620
268 1739
1387 1581
928 1236
221 280
69 1055
50 160
189 1651
407 393
1734 397
608 981
120 1691
52 1227
199 474
1619 595
51 1047
1487 1381
1405 1086
576 657
641 1524
824 1719
223 558
532 617
1113 1407
423 95
1376 835
54 692
1690 1415
1165 1466
1250 367
930 233
1348 1540
56 406
730 332
307 241
1455 1249
863 1266
1711 951
208 623
692 400
296 416
386 656
55 1340
58 239
241 27
183 864
495 417
664 952
59 460
218 1498
688 1067
552 704
60 1712
1200 1470
1712 28
1069 145
797 242
1286 1690
1386 319
549 1411
57 1111
964 1605
938 536
723 990
1454 1260
520 30
1043 120
421 1442
625 196
467 94
346 44
334 483
754 554
1301 1592
175 1579
483 1191
1703 1182
63 1186
65 832
780 1328
929 1689
1680 12
233 114
1021 212
711 801
716 1042
589 1561
396 540
1651 286
194 0
200 485
68 894
383 1710
487 1258
1163 1005
356 1094
172 222
1120 287
64 476
66 180
361 399
1011 830
709 109
1225 503
1399 1617
442 1023
1420 343
933 505
251 1696
323 133
67 1063
71 464
335 386
1713 46
1579 1314
74 67
1159 713
309 781
1141 1300
72 978
73 1546
196 1553
542 301
1125 1316
281 1400
468 1031
77 1515
914 1728
962 618
1100 49
886 1559
70 747
1083 113
138 19
78 1012
1636 937
288 1064
1520 729
734 1347
290 531
337 1343
564 739
901 605
86 1366
80 327
81 353
79 1009
1440 1293
1274 273
745 630
462 826
1264 1169
1197 919
776 335
1305 1469
269 682
411 613
85 1730
577 1051
1271 413
1708 24
1461 917
618 1321
1285 499
265 1311
439 473
161 130
1628 808
1709 1745
695 1471
1393 404
87 1272
262 1049
364 1740
1195 26
973 1574
295 703
1612 927
535 1149
1326 1157
88 226
267 338
371 244
1663 1732
1627 1544
89 658
378 1287
1168 628
1130 615
90 570
454 1133
1379 643
997 882
91 1679
92 1517
967 1419
661 482
1320 1072
93 16
1150 772
376 878
1373 1128
392 588
308 258
84 599
713 508
968 1656
1227 1352
679 885
663 1741
1563 980
95 873
437 1116
365 129
993 298
406 1714
1582 806
1706 645
145 1197
534 272
96 159
97 38
1223 1738
1521 1200
1616 1602
350 756
339 1467
1324 812
675 842
1562 289
1477 1609
903 1174
99 1627
1068 429
1665 1234
485 57
94 358
98 598
101 1335
724 1100
836 716
248 142
231 1310
102 1285
160 1014
247 461
154 77
394 777
943 1723
100 1585
1428 744
342 706
694 860
561 1571
1105 378
1573 433
1682 423
104 121
105 1160
211 360
103 1673
1343 776
654 1341
810 711
1422 1639
906 673
516 1295
1728 659
1099 383
340 1614
1468 281
544 276
108 1669
110 1324
857 1675
1254 1401
1234 568
109 929
111 848
691 1062
425 1557
718 435
112 1695
844 1198
699 1615
1277 136
1296 972
796 1731
446 1542
113 279
1490 459
1290 815
959 680
790 1165
517 333
697 1104
818 902
155 236
1658 167
838 1454
1517 336
1073 521
114 1015
117 1332
1406 1436
538 1694
1238 903
644 1647
771 1134
118 1650
1129 440
839 863
119 817
1050 1114
146 184
1507 949
1059 32
322 1241
300 415
115 969
116 854
817 1390
1526 838
1446 1202
1581 1027
1620 506
274 1302
450 1393
1005 755
1458 418
1389 425
1527 1426
1740 684
665 614
1456 162
1670 1363
226 1106
1176 1140
124 851
1622 51
126 344
1421 1210
242 1516
1047 584
128 324
452 1109
1032 1137
123 1175
1724 697
315 1294
122 821
642 1019
1509 1417
125 1554
127 1474
727 1570
686 1305
129 401
131 1162
556 177
177 340
1087 176
1283 886
215 1637
591 1391
239 252
1358 1060
1479 514
130 388
134 668
1644 1026
132 1645
1342 1122
800 1747
1097 1283
136 1588
403 896
1014 1680
133 1194
135 941
1407 1168
139 945
892 339
400 181
414 865
140 1452
217 1066
1594 1372
1424 431
1652 721
1245 1223
142 1616
156 1356
1149 1282
649 1298
550 548
256 1304
1115 1402
1539 1626
143 576
144 486
574 1103
1466 1365
1218 60
1483 1385
508 932
147 1265
1307 1721
1160 1108
1020 1075
141 557
1617 1528
942 967
201 17
1449 591
1615 1566
586 1221
1327 840
148 698
1075 1462
149 632
150 1655
1196 37
721 265
1705 1373
289 139
1214 131
151 52
1314 257
990 551
1383 1424
353 165
459 518
1511 1073
449 1091
979 1309
814 81
278 91
157 1039
1275 968
1382 1170
1541 931
1531 1119
1192 306
1372 1185
518 1599
659 766
1444 1629
1019 118
657 198
831 1025
153 1433
158 695
784 690
826 737
1496 732
658 1746
1544 1422
1696 1286
1625 291
343 644
1368 574
152 1232
159 50
349 25
1230 1220
573 725
1249 2
562 321
1471 946
1505 667
631 1638
294 356
164 550
1272 1105
1608 1048
1241 1583
787 1459
1401 1743
165 805
167 191
783 1040
971 1440
1364 134
1723 1268
166 1195
1140 1386
169 1702
1131 773
1028 1113
752 1338
970 530
1549 275
344 1263
674 1504
1470 1224
923 971
1052 1418
168 1549
1025 691
1232 1211
1493 602
171 666
174 1432
1295 500
611 111
1603 1250
1429 294
904 1483
1378 1204
176 1665
1194 458
835 909
358 229
1519 511
725 1607
584 202
170 1522
173 421
179 1473
347 1375
820 407
648 45
1600 432
1268 426
759 700
180 1065
606 1434
186 1131
1318 607
543 758
1346 754
600 1435
872 374
636 260
870 1642
1022 565
883 689
580 143
917 1030
1362 1543
1453 68
440 472
1313 1354
491 293
894 752
261 786
302 802
513 997
795 1144
1669 1254
560 1242
1518 65
184 147
705 312
815 910
181 622
187 1038
188 1264
1203 63
765 1033
1253 1697
185 710
190 104
1481 924
1572 1693
1256 1664
1403 559
1046 880
182 649
191 498
1017 1089
192 746
683 362
1259 314
1688 103
1082 1550
1414 1032
864 939
1667 449
193 811
426 337
616 532
197 661
1261 183
1489 479
1315 1612
647 310
1024 195
568 1215
1270 10
1258 1603
202 363
1095 1601
689 278
1054 956
837 453
1503 41
770 462
757 223
980 259
203 119
368 1725
1717 1183
1273 1045
740 1533
204 150
490 948
1578 934
205 35
206 1143
924 446
622 1277
1040 600
507 820
1692 583
404 1441
1492 1021
1188 1658
565 1207
212 1536
847 438
311 1074
760 1312
313 1217
860 391
1442 685
523 1306
1078 573
887 1017
210 993
1186 1238
1385 542
955 1229
852 1682
367 1399
638 207
1416 1155
733 1545
219 982
220 346
1695 187
958 1181
216 347
1655 1657
316 836
682 439
921 604
601 7
952 1036
270 282
357 149
224 1486
225 965
1237 626
834 1364
737 964
704 1056
1080 1008
652 1145
1546 526
540 22
1430 1674
1672 230
1247 1006
1540 171
228 15
950 1398
230 672
1012 457
1371 82
1366 1270
1231 85
229 245
232 1729
788 912
896 736
234 487
1569 560
714 166
854 789
500 764
235 601
1310 1625
1464 1622
419 116
741 283
736 1481
1048 1216
1216 455
1114 1624
1514 490
236 1213
240 1708
238 750
388 779
1491 225
1154 219
1677 1590
243 467
264 419
1370 1037
1323 1346
1654 1538
1158 124
786 1724
244 1024
1721 1359
245 303
246 70
919 1125
927 320
1330 1704
1246 253
1720 1022
1731 998
1653 816
387 1126
249 973
988 156
250 515
1584 770
558 408
1738 1654
1002 5
1063 9
1530 780
418 475
1447 1519
1431 1703
252 1374
1497 1002
525 552
1209 1325
253 188
380 740
1126 850
255 512
982 856
319 1539
257 1492
548 1552
1132 1303
258 1349
1006 492
259 1717
260 1351
254 1501
1402 686
363 422
501 1530
1501 1058
263 1380
1056 452
908 778
1076 767
1548 193
266 209
1235 79
448 248
1704 597
284 1572
1404 523
320 381
285 852
1660 1505
1039 723
282 504
1057 1395
432 477
650 1188
599 839
273 53
1365 23
1554 87
895 1437
271 1146
420 1189
1502 178
275 1429
276 115
1460 1405
609 274
1104 651
277 364
355 1136
272 621
1588 765
1450 1684
1354 1567
280 1016
954 1331
324 268
1607 1010
1180 590
1116 1001
283 1575
1144 1497
1088 1541
912 1608
1169 1551
286 263
743 1493
585 800
287 1159
1331 1634
1287 84
1674 75
1623 728
1162 580
1173 1013
1741 394
1495 1099
1626 323
1184 1350
991 1445
859 213
602 688
1391 638
497 762
1303 709
299 1635
292 524
312 715
1308 48
1555 146
1592 1619
1443 907
293 1322
676 664
409 1404
603 724
1687 370
297 14
1522 371
1523 1468
1151 315
298 1427
850 170
994 1535
719 1465
578 1737
1629 69
301 774
1737 571
615 701
304 1510
1263 538
522 824
305 611
1072 1388
712 585
1145 834
306 943
1335 456
1042 1276
303 853
427 1439
545 844
460 43
1381 447
1719 305
1485 947
533 1115
996 1319
1353 1676
317 610
1686 1290
318 1083
1475 1035
1668 906
1683 1231
1147 1667
619 564
853 1190
1434 660
848 958
1462 493
1278 1593
321 1450
1055 1649
397 938
1107 1597
1451 86
1079 1457
555 254
327 763
1284 819
325 169
1718 841
1317 357
498 898
326 562
330 875
438 1713
935 1595
328 1537
331 1403
1473 1123
666 380
329 513
333 792
984 608
1221 1382
626 1201
433 72
995 741
332 56
1591 522
956 466
1409 1596
1630 317
613 1496
336 784
1610 444
1659 1020
338 935
1166 1531
1532 1396
1023 428
605 411
1207 261
983 569
1108 61
653 719
1199 960
444 102
880 1482
345 494
572 1101
1344 1154
735 975
348 846
946 631
1550 243
486 699
1349 496
1598 1628
1472 308
1586 888
821 791
351 933
630 914
352 8
354 3
374 757
1700 1274
1351 520
1291 1061
617 489
1106 1129
1691 1269
595 1726
1260 1586
624 594
360 173
1222 897
1684 572
362 1744
1152 988
976 556
715 1107
366 235
779 1233
1599 1618
706 901
587 1508
632 40
1729 855
369 810
684 445
473 1214
878 653
1179 1513
372 288
373 1176
873 92
890 270
1297 1506
1332 519
1281 1518
375 679
1127 350
1338 1589
1640 1187
1182 163
381 1256
1656 899
1735 328
823 1043
1566 1666
915 311
668 748
384 238
1564 354
1606 1096
1577 876
1298 616
1137 1132
390 678
785 1007
385 1348
1512 708
1288 1720
1065 1068
391 1059
393 224
635 495
1121 1353
693 1313
799 1446
1710 987
792 1178
389 83
1639 1379
1551 1392
742 1334
395 1534
1084 535
940 963
398 107
620 827
401 355
402 194
1500 818
1333 985
775 34
405 1532
673 1677
1282 761
882 97
1427 471
1439 1485
1476 1212
1504 1555
905 1687
1384 928
728 743
408 1478
1096 970
1118 365
410 31
412 953
472 1166
413 1296
1233 1280
1701 1205
415 893
416 1053
1699 1576
656 966
660 1239
417 635
1448 206
1457 1339
989 879
1007 39
1036 203
1394 1289
843 55
985 1102
782 424
1224 1052
424 1301
1524 192
1645 1383
1091 157
703 1413
429 1244
827 619
1139 1384
1133 468
428 1600
430 264
1635 1320
707 88
687 796
987 712
628 547
936 375
530 1288
1601 1444
434 240
920 1734
1081 904
436 390
960 783
841 921
720 1004
1614 640
441 553
1124 1172
443 674
934 76
445 1230
612 669
1190 1458
583 759
1220 140
447 825
1341 292
1513 1315
916 1173
451 300
1339 936
453 727
627 1259
1662 1193
1726 1394
758 295
594 1355
457 1252
1094 389
458 769
463 1412
851 228
1392 42
465 478
466 1329
1153 1142
575 788
469 1110
907 676
1299 1333
470 1084
963 54
537 915
474 528
1535 1226
1146 1414
475 210
1215 787
476 1255
471 1248
1000 1591
478 1080
480 1699
481 620
640 905
879 795
1340 441
484 269
1478 1431
488 831
506 1118
489 80
1425 285
840 1416
902 959
998 1092
1267 887
493 1369
1157 414
492 71
494 567
1467 995
1631 1344
499 1336
830 1421
809 775
900 641
1067 760
897 1623
504 1156
596 918
1565 450
1558 529
1090 527
1016 1371
750 533
1593 1406
505 1521
1528 996
729 1584
1736 994
512 1568
945 148
1035 1218
1556 1678
849 36
514 256
515 1112
1306 1279
1432 1184
509 976
781 639
1689 1706
1243 720
582 1700
519 1663
772 132
1156 911
1441 1164
521 1573
1181 871
1085 696
1093 999
528 1479
529 1451
527 290
1143 813
536 1749
1329 334
798 299
1319 603
1602 480
541 1247
751 578
1534 1087
978 962
1206 555
1070 652
829 232
768 110
893 251
546 1044
547 1046
671 373
1609 1514
551 516
1251 302
1029 1171
1309 974
1027 1077
769 1525
553 1526
554 633
559 517
812 1672
884 398
563 1318
937 277
1089 108
1026 1327
639 231
670 379
567 345
1205 624
569 1487
1433 543
1217 1644
871 1307
925 1323
570 1578
571 845
877 1376
1202 954
645 642
762 1409
1605 1461
1697 420
1322 74
1435 309
1304 892
579 304
1123 837
1119 135
842 751
1650 648
588 922
846 537
590 1161
1673 359
1642 714
949 376
819 1208
592 1548
593 405
1164 99
1725 155
1172 1299
598 138
597 920
806 650
1632 870
604 1472
726 1494
767 1727
1018 1547
1049 1480
607 1326
1618 1192
667 717
1257 1034
610 612
614 1621
789 1378
1484 182
992 1495
623 361
621 1448
926 693
891 1085
1312 1449
655 1683
634 153
738 895
1189 1577
1122 151
637 122
1438 200
1352 1610
698 1225
643 1569
1587 1245
717 955
646 284
1193 463
1595 1563
1219 1587
876 1209
972 488
866 923
1062 1711
1638 1219
662 144
1634 534
1515 683
669 549
807 89
822 823
911 96
677 942
678 803
685 234
680 98
1279 828
1423 829
969 1509
681 1076
1681 1613
865 718
1337 349
1574 561
1269 1337
1015 246
803 1670
746 814
1557 348
1092 961
1242 126
696 1594
913 1707
756 395
981 186
1611 1317
702 1240
832 1167
1426 211
1276 125
1356 100
708 925
1597 1671
1474 843
710 1453
856 563
1030 1203
1060 29
732 637
761 201
1071 891
862 101
1004 1278
1545 1389
744 833
1051 868
1559 1686
1086 1292
1671 1121
748 1742
1357 510
749 634
766 1135
1001 255
888 1362
1311 1430
1666 1632
755 392
1369 849
1568 105
763 857
1178 1733
764 469
778 1558
1722 454
947 352
1637 566
1536 271
773 1503
774 1011
1410 491
777 66
1187 106
1494 992
1419 1158
791 507
1064 266
793 1243
1171 1029
801 670
1727 451
802 1397
1543 175
1136 465
1529 218
804 1262
808 325
1452 1630
1350 734
1110 502
811 544
1204 1095
1400 214
1657 1580
1294 316
816 798
948 1261
1148 322
825 1582
1647 1715
833 785
899 950
1325 247
845 859
1003 1718
861 58
867 296
868 1500
869 1180
875 872
1336 782
1388 4
889 1631
1732 926
898 1148
1009 342
1398 1275
910 1117
1228 1475
1167 790
1213 73
931 545
939 627
932 249
1702 874
1396 662
1486 593
1212 771
1034 1662
953 437
1191 1507
1567 164
961 809
1480 1735
1716 665
1058 735
975 1447
974 1520
977 1701
986 730
1292 1709
1289 168
1585 1222
1380 745
1739 1648
1293 1722
1469 1463
1255 62
1033 90
1730 1460
1415 430
1038 654
1037 33
1041 1093
1418 1273
1437 1251
1560 847
1367 127
1252 1692
1077 1604
1363 1358
1621 625
1413 768
1101 220
1112 889
1482 47
1436 900
1463 1127
1128 577
1580 944
1142 1598
1328 1297
1459 112
1624 862
1506 1097
1175 1633
1266 137
1733 1141
1185 1748
1411 1562
1561 1668
1201 799
1321 217
1533 93
1210 989
1211 313
1590 484
1397 1070
1248 1499
1698 1387
1649 250
1676 702
1613 18
1361 1488
1345 586
1355 382
1714 341
1538 742
1542 749
1445 1199
1604 1408
1525 793
1570 497
1583 329
1633 470
1643 509
1648 1090
1661 866
