0 1026
2 1419
1798 204
3 1154
1797 599
5 1045
1795 300
1794 81
7 464
1792 42
1791 1662
10 1500
1790 1536
12 1462
1788 1474
178 1279
672 637
87 907
1578 462
731 742
1208 1374
115 30
121 657
118 221
853 1399
352 1630
1246 1631
1 345
1799 203
6 131
8 857
1587 1648
963 1042
267 85
631 1314
1249 803
568 753
47 1563
1710 1583
1511 919
4 188
1796 616
11 1503
1793 168
14 1790
1717 19
253 202
1247 824
1135 1569
900 1481
1574 1259
238 292
1356 1329
9 296
608 665
1007 527
1627 771
982 97
1590 666
1629 516
1652 1352
1191 458
1564 946
13 1560
15 1183
16 513
1098 1617
1067 315
1195 1159
1608 1321
326 1428
146 957
1131 1738
240 996
940 714
17 1273
699 127
1613 216
1157 13
1401 155
374 278
1527 538
1659 413
266 1079
763 480
1408 228
106 1060
1741 554
619 1464
1164 571
1402 966
19 276
690 1283
429 1446
1269 1609
234 427
114 229
455 233
20 1322
372 811
1756 1678
1296 1388
1119 1000
128 1607
742 1799
864 945
1306 649
625 844
297 597
18 1255
21 1003
1711 632
46 1483
1036 250
1571 270
22 485
893 353
1732 1239
1122 888
496 1451
23 759
831 1694
1622 1719
414 964
655 440
524 696
145 1674
1476 1698
1288 642
137 1029
1493 175
1321 1626
794 1574
1331 621
1345 1455
789 1639
222 628
926 1490
24 1151
25 1002
1177 376
1471 264
175 1416
138 322
1106 268
1499 128
1094 410
1075 157
1603 141
184 1558
281 698
1095 1075
1487 324
1672 564
969 526
538 22
26 301
27 767
559 528
773 1182
153 1665
708 1232
1729 1192
640 768
28 170
1071 11
1110 1350
1664 23
644 1587
1505 336
29 634
291 1465
76 995
1547 873
57 1328
156 929
335 892
1170 986
387 918
741 1249
751 457
241 1768
30 623
43 378
702 1191
780 243
1438 167
881 1668
285 1616
1698 96
88 1093
306 848
962 310
31 367
32 702
437 1621
531 1330
729 722
33 1180
1715 777
1750 137
950 980
1554 129
1486 364
34 1737
624 165
155 349
260 608
1307 602
1500 879
136 1166
1534 1522
660 629
1357 652
1641 770
1310 1291
1643 421
709 290
857 415
563 104
936 1076
1366 1663
1426 875
1776 517
384 1016
1302 152
1352 185
35 1108
442 1009
364 1578
586 1573
509 1038
894 1620
1147 1593
244 1256
873 1664
922 890
1671 1675
37 1212
974 1545
841 905
259 486
461 1178
674 1765
1376 225
38 1365
210 1700
1722 887
747 1535
370 1637
1453 1148
906 1098
712 799
36 728
1378 26
1290 355
918 983
1466 1319
1556 1450
192 320
803 1601
1593 788
398 839
40 560
1137 136
1403 712
629 746
1061 169
1424 1466
1785 495
204 323
1575 181
1012 183
381 1267
1205 1260
1224 1707
1279 65
1583 226
41 93
288 1077
1581 369
948 198
1226 317
691 1155
583 1411
1611 12
1034 182
1048 64
1789 1113
1406 252
481 1213
1111 681
1436 1345
383 466
530 1367
1129 720
39 343
42 178
44 1688
916 815
804 1188
1167 150
911 1493
45 41
345 331
1517 412
602 370
116 686
848 626
824 531
1416 48
1384 772
1082 755
1506 793
1213 1035
915 222
148 1147
426 1235
526 74
264 366
905 992
1369 1486
1754 471
522 1744
1102 979
1443 1435
122 337
482 1344
48 451
859 785
1072 1114
1489 148
299 978
1375 568
727 484
1540 1018
1283 334
576 60
685 1349
50 1227
562 382
406 0
1011 71
1151 1773
363 1735
1681 109
154 670
439 658
1230 1269
49 450
92 286
445 1337
550 969
1778 475
1313 1193
1146 708
355 373
1260 482
1475 1677
189 622
1459 79
1764 313
1409 805
1395 985
206 357
201 1608
52 40
53 34
657 1257
988 1223
1463 299
1275 781
51 191
54 431
997 1603
837 920
555 671
987 281
55 891
1032 699
1457 715
324 1244
529 1505
456 1243
382 990
1297 754
1341 780
1156 1658
484 16
826 1439
143 1051
56 106
968 1408
542 1625
686 1425
1273 858
1150 1110
738 1660
1104 1366
441 291
1760 1004
388 1135
732 1579
464 750
903 455
700 566
63 1533
274 78
59 1547
867 935
1660 1277
1198 1421
923 389
924 727
316 1539
251 140
1709 1264
1666 974
1299 135
1470 393
58 21
202 501
1334 468
68 380
813 1274
1720 1570
1682 630
1694 1099
279 5
623 103
1197 1342
60 1021
61 1086
858 1502
179 496
430 895
829 1479
486 1699
1753 1434
1200 91
1235 303
311 1793
272 1733
855 1292
62 1774
1286 1441
487 257
304 1771
795 1013
1021 1001
1707 459
1084 200
64 830
239 866
217 724
814 1763
339 17
65 1519
250 1431
1775 794
807 615
676 1131
133 1606
337 1429
1132 1432
705 1555
759 162
66 474
336 1245
1078 1521
1152 861
479 893
770 1324
160 778
195 854
1105 1250
507 231
1644 1143
67 1169
899 1287
1693 269
1293 997
69 394
127 102
196 76
901 664
675 1224
1742 1360
976 1141
323 1176
328 302
246 1697
70 1080
589 209
654 285
1704 63
1054 956
262 1017
71 1226
1579 195
1781 942
308 761
375 1640
284 445
521 116
1382 545
704 706
833 1297
711 354
72 763
108 1230
949 478
168 1580
1779 758
1118 1510
668 1471
695 59
73 949
1472 210
1669 341
261 1596
955 837
103 1598
111 1383
74 739
990 883
1389 154
1586 1562
132 874
1022 911
1615 1538
533 1572
1089 449
1483 20
75 541
1239 1304
1073 1206
998 682
199 1632
802 1453
1203 609
404 1488
1006 1729
996 467
77 1046
1236 1636
1256 1034
1519 898
565 1268
880 1368
1079 561
305 1751
271 24
78 239
79 1134
275 1717
269 951
821 1755
1038 492
596 1556
80 1498
1168 828
838 1552
211 1786
81 1487
1636 1478
268 840
584 1748
1015 1484
1498 27
1752 955
823 510
843 1186
817 1423
452 640
981 968
1162 1136
1133 646
1656 375
811 1526
1415 245
1413 1385
1474 267
82 912
889 1588
310 592
1449 416
243 1671
1642 650
396 1074
412 234
1520 909
483 1308
532 1776
815 1157
249 1749
83 931
84 73
85 399
1264 219
440 1373
730 1643
129 542
86 721
544 84
714 392
913 555
505 321
1458 1724
687 98
1163 246
1607 677
419 550
165 1253
1766 402
681 591
277 1456
1270 1138
163 1276
1400 1142
1670 1646
124 1405
139 130
1252 731
1763 889
1418 603
547 689
354 45
379 325
89 1476
513 867
223 400
327 795
861 119
1258 477
953 703
1496 1537
468 1499
806 1390
1757 387
90 1508
290 62
984 487
611 1482
91 193
980 1634
257 433
1324 420
1241 719
1543 171
1724 841
191 472
590 1527
1138 327
93 958
457 1205
1491 835
1245 362
1594 1007
1315 999
94 248
967 849
488 1438
549 1294
601 1666
512 1067
1431 1449
541 490
315 680
934 818
341 1370
1225 1052
1523 775
95 1237
96 409
713 465
485 1170
661 1341
1630 1301
983 68
97 86
943 1415
130 244
1223 502
1097 344
98 1163
1216 282
1610 126
749 111
400 1225
846 1271
1455 1248
221 53
408 251
1736 1684
972 279
680 266
1559 975
1748 1285
941 1066
1390 834
193 1716
883 1107
405 1097
100 1544
125 533
1014 1750
1739 870
1026 407
1468 56
1231 1195
1277 144
99 692
101 1208
1407 1014
313 675
1448 288
706 655
1614 1022
515 1252
1452 683
102 442
1076 4
1194 1059
1063 1128
1155 8
772 273
1298 361
1261 1618
295 1103
1713 426
612 1270
788 507
276 247
1478 1667
104 733
208 1794
282 881
785 669
927 1019
438 988
753 1520
105 358
1691 1150
552 1581
1209 647
495 938
1397 38
1773 1070
609 551
1234 553
256 432
491 254
618 1201
1295 100
212 1196
1154 1407
107 308
872 1624
758 174
1548 961
421 1109
1509 801
1233 1781
109 906
1343 1736
1210 547
775 1354
662 339
792 636
1394 33
110 1031
1700 1119
265 153
1320 627
632 177
188 1406
942 1485
1522 14
215 586
1160 660
863 1732
112 1392
921 1288
1183 871
270 448
1364 1231
945 1661
1584 774
390 530
638 925
606 1380
226 312
1202 952
1153 673
113 782
1185 124
501 1228
228 493
1359 1506
1625 921
800 360
435 1398
1521 1445
1351 1219
560 99
847 569
1373 735
159 316
1074 503
546 262
1737 595
117 804
278 379
152 176
422 1040
119 1323
449 737
653 54
688 916
1427 1303
748 1265
571 494
120 899
689 633
1025 335
1516 297
1730 882
459 954
1062 277
1387 1647
451 330
227 417
1243 1053
466 437
1093 69
994 469
359 1015
123 614
1442 1491
1464 498
1392 1409
1634 1376
877 1299
1115 1061
1057 18
1144 441
1620 1741
203 760
617 374
126 346
1204 1792
1187 1261
627 164
1354 263
1024 1315
665 796
1485 391
932 88
403 51
1606 123
1381 674
933 783
1719 75
600 428
783 46
1196 950
1772 1541
131 611
1140 1372
1454 511
1450 28
149 1238
723 108
850 833
605 1295
490 1691
1726 506
1771 1747
502 1517
580 261
1361 434
527 944
1188 294
1696 47
134 1347
556 1096
777 514
1125 534
1044 1069
1004 749
135 1202
885 829
1624 836
659 132
1731 363
1305 1402
1727 67
471 122
812 1564
1181 982
1393 1281
650 1396
273 1436
573 215
1755 1557
1580 105
1524 1335
884 133
1114 1156
140 1504
597 115
141 255
896 1220
545 984
1173 1731
142 1280
322 15
1287 418
1266 125
1358 691
1363 1327
973 1307
367 543
1391 1571
1068 1622
1497 186
144 386
302 1158
746 242
844 1063
1653 1356
649 917
1158 1095
1003 716
666 1796
1199 117
331 1032
1031 1679
1329 1126
424 587
1577 236
1222 915
762 265
952 1739
167 769
939 1597
830 1454
147 943
1601 1168
220 1006
1229 319
236 1364
247 1605
1605 563
1145 500
1535 1687
1628 1062
1046 570
1008 529
768 908
1276 1769
1484 605
1380 1381
1056 787
469 1111
465 1524
1000 607
150 618
151 539
720 80
569 1752
1141 546
999 624
693 1746
1368 1778
389 1681
1430 1783
1414 717
1705 368
683 872
1663 1065
1558 1582
648 1242
960 738
1688 1766
1165 1602
701 1427
1738 663
1340 1068
503 1797
603 701
878 118
1678 1167
157 1761
1631 208
663 44
158 1043
1039 900
1600 939
1462 381
1265 579
368 1160
809 1730
1242 798
978 1619
161 1085
377 1670
634 1442
433 1
1309 910
162 1333
242 1325
1469 1025
312 971
492 460
1101 1656
164 156
1502 147
460 218
1439 856
1227 1340
1327 584
1060 1708
1058 786
1515 435
1749 298
1774 617
1783 351
1684 1611
519 1440
958 414
166 444
1668 1791
338 295
169 404
258 565
1552 436
1649 112
778 1211
1530 810
1725 1592
170 865
1190 1756
970 549
587 1559
1421 1353
1027 693
231 1194
1662 249
879 685
508 1121
1045 1682
1254 1106
443 470
919 1548
1371 1371
1446 1401
183 1078
1479 328
171 1489
172 1530
173 1092
1553 902
1539 851
1697 29
174 1012
938 932
1723 643
910 1102
989 1589
1638 1627
176 991
1207 625
254 1073
979 922
1451 1623
1219 1326
1623 1785
362 960
1770 676
887 940
986 1629
177 903
694 70
1551 823
194 1174
766 927
401 593
180 10
358 1512
684 35
1284 1532
232 1346
200 1246
207 773
432 1586
181 461
182 1298
615 1172
1780 1515
543 1726
1066 1152
1640 146
1567 1703
1501 187
516 1565
1175 1382
343 1534
185 1728
1461 1638
745 1784
1033 1400
186 827
991 423
703 1529
628 1779
779 1313
1214 842
458 1742
1562 659
225 800
558 1395
187 1695
448 1184
874 600
1237 1362
636 784
1240 1309
534 825
1189 1437
1609 583
1422 707
190 201
1166 347
664 151
567 1568
964 557
1388 1468
332 1604
1507 723
1647 1561
966 846
1201 1743
294 1540
233 993
1787 1554
860 390
296 537
912 1628
411 1394
1651 585
1758 894
1149 488
667 237
1328 406
197 884
1546 197
198 1378
314 989
540 1702
1550 1659
995 401
1508 661
349 713
497 1782
1161 223
715 779
280 1767
399 1546
360 601
1280 1047
1099 588
771 55
434 662
301 342
205 831
1109 173
1355 678
1782 705
954 1348
1617 453
1514 959
594 1266
1379 582
209 1081
1349 408
1637 1363
472 704
1333 709
450 826
1504 1720
793 535
1148 574
320 859
935 49
1784 121
214 631
1001 748
1435 1463
213 594
971 1048
216 43
1494 1123
525 1089
566 764
616 1467
643 1550
1002 743
218 1379
1566 438
1513 1447
1488 1651
518 1795
898 1577
799 1413
652 1567
219 573
852 1311
1769 1595
1716 876
1028 206
820 962
409 241
1126 1641
845 901
1206 476
1308 1241
1086 1787
287 1377
1090 1475
224 596
1049 1709
394 149
1768 1759
463 1706
909 1320
347 1197
397 304
1690 1296
765 790
1344 260
425 1584
447 1528
1437 1214
229 1789
230 797
1251 1115
1689 1654
819 142
1080 1161
1013 1116
444 1650
1765 1351
739 1056
1733 1480
1510 504
1692 36
1635 340
1687 1199
871 814
514 199
235 850
1367 1424
707 766
553 1343
237 1236
427 1050
1718 710
658 1122
671 620
744 924
1353 1410
539 57
1560 1412
886 1760
1108 791
965 429
1665 1263
946 377
1585 1384
350 1472
868 1139
1338 1672
633 1507
386 1358
245 1714
1180 855
1174 1100
1035 694
1267 1262
1679 1027
1291 443
1009 1302
470 1058
1088 1217
1116 101
1423 430
1639 741
888 1127
1767 332
752 711
1595 963
248 734
840 1318
1055 1710
1360 853
252 6
1184 1715
1667 287
1278 227
1674 365
1120 740
504 751
255 120
1232 868
1467 1420
977 1137
1139 145
380 639
1735 515
578 1129
551 1153
1419 590
1370 94
548 1531
726 864
1263 207
1599 1635
937 439
588 1209
321 973
1589 1470
1212 732
621 72
1050 1207
1130 726
1019 651
365 1494
1064 845
263 934
835 1173
717 509
1686 1713
1533 1028
1549 405
736 1140
1398 1215
1091 289
639 578
1428 329
1081 1041
805 1448
511 524
476 1610
1529 446
1695 305
506 1397
309 505
1728 1734
1077 970
1377 159
828 166
1492 1203
1192 752
395 1133
614 1185
1626 283
317 1585
774 1104
743 904
716 1124
561 463
436 520
283 1164
528 1125
1410 306
642 1433
1339 318
1582 1087
369 1727
1030 1312
656 356
510 508
1041 1251
376 765
791 747
1053 518
1525 862
385 326
944 1359
1761 1187
346 941
286 598
1100 914
1304 1189
1433 580
1383 744
1259 447
289 1692
740 110
897 1120
787 987
1217 1229
1646 1523
1323 235
348 52
735 1165
292 403
293 1118
1142 473
750 1204
1362 307
1399 913
1325 1375
453 1473
298 1240
1591 1758
1701 1683
754 211
473 1689
1751 259
728 1057
1447 519
575 1721
1221 1426
1677 880
1746 947
300 1673
816 885
462 1551
784 1389
303 1286
1023 194
1633 762
1005 172
1619 757
1037 90
842 1418
517 1788
307 1071
630 163
1495 822
1020 1300
1440 575
992 258
1211 1514
1680 333
957 1200
520 1278
673 280
1706 700
1316 532
373 1037
1721 572
1747 1740
1268 1644
756 499
1255 679
1159 352
1317 396
947 1501
1673 1764
1238 1331
1117 2
318 383
319 1190
827 1254
1059 309
836 556
851 1553
1412 82
1621 92
975 1175
677 1361
1618 1305
1531 1704
1318 1072
1490 9
651 638
410 214
413 896
862 1317
344 976
325 792
1069 1676
1248 1218
1186 776
467 1477
1386 1680
329 77
1744 184
882 695
1570 134
351 425
1085 256
1762 161
330 654
1405 1757
333 1132
334 138
1473 411
734 205
342 37
920 491
1096 483
499 89
340 1391
669 1387
1346 1745
1010 1722
760 1469
781 817
1612 1422
928 456
801 1600
1326 576
635 50
420 544
392 1723
537 653
1282 730
810 816
592 552
1555 1310
1365 1091
725 1657
1592 644
1596 926
724 1393
1786 1334
1777 936
353 1414
1330 819
1171 217
428 1669
356 1549
1712 1146
1113 1055
357 878
797 107
796 540
361 1645
378 1179
1042 32
366 1289
1661 388
876 512
782 1460
866 581
721 977
1385 641
769 612
1322 606
371 338
1481 1754
931 886
474 224
1182 1591
1347 1496
1512 232
849 95
951 158
1220 852
1301 1543
692 843
599 1082
1337 567
1655 1443
818 1181
1103 419
1460 1024
1257 648
956 1130
993 61
798 725
1650 1145
391 395
1193 1614
393 192
557 1777
1047 139
1121 311
1417 113
446 948
1434 274
1311 1513
572 272
1675 1258
1480 1576
402 812
1632 1775
1300 690
645 1633
696 452
407 1430
1503 1332
477 284
764 1216
415 1105
1645 371
416 1653
1576 821
417 1594
418 667
1597 577
489 838
679 687
929 729
1070 1690
1271 1234
908 1033
423 87
895 1272
1526 1293
1703 981
1482 479
755 1117
431 454
930 350
494 1233
698 1316
622 863
1456 789
1285 1282
1714 953
722 928
500 807
1215 1780
1281 271
637 610
870 523
1429 180
1018 1083
454 1090
1654 7
1545 1613
925 635
1107 1590
1404 1008
535 1509
1572 1696
1396 1762
1136 813
985 897
757 1693
1568 1054
710 1542
554 1686
475 1525
1441 923
670 497
604 619
591 1039
613 688
1532 522
1016 1210
478 1369
790 1652
480 1010
1274 1497
574 994
1043 1705
1477 293
1676 1020
1557 756
1179 548
1143 808
493 39
1444 1064
907 1575
875 253
1017 1461
1708 190
1092 1459
1598 1444
1312 672
498 589
682 422
1244 31
1335 697
1253 604
961 1772
890 1221
1372 847
1561 802
1734 1753
1134 1177
610 820
1528 1044
579 66
1745 1649
1565 745
1178 1403
1350 398
523 230
719 1101
1743 212
1683 1338
1172 3
822 1339
1657 1612
865 1404
1292 160
536 967
1040 25
1544 684
1272 668
570 1011
1294 1770
620 1599
564 424
647 238
761 1712
1051 1386
1262 1615
581 937
1127 179
1658 998
1445 972
577 1030
1289 1566
1029 275
1573 1149
582 220
1218 189
585 1718
1648 1290
1083 143
1420 1452
902 1355
856 1275
593 1685
595 489
1588 869
598 559
1303 1198
1319 809
1176 1088
737 196
607 1094
1336 1336
1065 1701
1699 1516
1702 1495
626 877
1465 1162
1124 359
776 1518
917 536
1250 1642
641 481
646 1005
959 933
1228 613
1348 1357
678 656
869 525
1432 1457
697 372
1087 314
718 213
733 521
1538 1417
1759 83
1604 1112
832 1511
1542 562
834 1798
892 1084
891 1284
854 1049
1537 1458
1541 58
767 965
839 1144
786 1492
808 1023
914 1711
1536 384
825 1222
1052 1655
1332 240
1563 1247
1616 806
904 1036
1169 114
1602 718
1342 397
1128 645
1374 860
1518 1306
1569 930
1314 1725
1411 832
1425 558
1112 736
1123 348
1685 385
1740 1171
