0 972
1799 235
2 583
1798 1732
3 353
1797 242
4 1457
1796 75
5 1399
1795 346
6 157
1794 660
7 1179
1793 1377
8 1534
9 1469
1790 416
11 985
1789 1077
12 46
1788 808
13 1066
15 978
1785 93
178 850
80 186
1198 1498
113 1551
940 1617
114 203
1243 747
1136 1739
395 1471
1 1052
10 1718
1791 765
1586 742
962 1632
627 40
1296 722
1131 1253
1571 190
561 471
1707 1127
1096 7
1264 704
1792 997
16 1102
17 1692
1717 1293
608 551
252 1607
1246 1276
1569 179
101 120
489 459
14 410
18 1431
1003 781
1620 930
655 629
1585 1138
145 211
1649 925
1188 207
19 1167
1098 603
699 1670
1190 851
414 1622
319 1214
139 738
1125 331
789 103
232 129
1306 153
174 1581
455 1651
418 1649
652 702
1561 1343
1269 365
1606 296
1150 1519
367 1599
524 1291
840 214
297 645
260 599
759 1687
1400 1573
704 221
1347 550
20 692
21 633
106 209
1756 749
612 1419
1158 1602
573 316
833 1360
22 1783
690 494
428 530
46 940
1603 1690
227 1024
27 1310
175 1182
1729 838
1476 1727
496 1548
23 1289
372 693
1113 1509
858 138
621 327
137 654
926 1488
194 361
1032 309
1170 167
708 943
741 176
1106 269
222 647
1570 1304
1728 246
24 1212
25 1528
893 1284
1622 1567
1321 608
156 1665
1112 682
969 984
117 254
217 1119
1747 1516
26 441
831 1047
640 905
1284 1506
1672 1241
1638 942
1492 428
787 295
1326 146
1340 1350
1505 697
28 402
1172 1326
437 281
950 1763
1465 1008
365 858
130 185
1370 982
310 1232
809 1192
29 718
1499 716
1578 584
1089 812
1068 960
177 561
275 914
1090 1032
532 1136
630 1704
1075 1225
30 1779
555 485
1307 155
766 181
927 595
1554 904
1302 1774
511 381
290 1791
1674 1594
31 1323
1066 366
1105 491
936 1585
1657 78
894 134
1500 863
873 1675
246 91
1023 115
1644 683
32 1083
291 600
76 936
780 737
55 897
586 1395
328 470
382 1144
1426 25
1776 86
746 1520
238 431
136 632
43 1278
702 601
88 101
244 1589
660 503
1486 1341
1430 1706
845 502
1646 956
429 1510
33 1411
34 1272
881 1133
747 778
278 99
1693 1155
461 1592
1352 1345
1021 975
719 1490
1466 1210
629 451
724 301
751 216
431 1789
656 711
1205 1401
35 1636
36 1446
1715 73
155 1090
857 476
1742 1773
1283 1149
1495 1746
37 1574
624 486
691 855
1034 594
1453 173
1376 323
1354 989
908 1305
118 776
895 1416
1641 1065
1309 1098
442 657
559 1775
1226 130
481 558
381 1755
377 1134
383 453
398 743
765 497
1446 706
371 1588
38 501
39 1486
363 442
502 1338
637 535
1780 377
804 1552
583 83
1141 394
1061 1735
192 443
919 1209
1667 1752
1469 732
40 1513
1722 687
973 247
1290 1553
916 182
835 1009
1111 1533
253 1346
1436 1793
1384 1058
1224 378
1640 1765
1279 1593
41 44
210 82
1378 1112
602 995
901 1348
709 140
1048 1479
346 9
760 592
100 1236
42 685
911 659
264 893
848 1722
1551 1696
800 1234
1589 895
335 408
683 823
1102 55
1506 1787
1394 98
1420 1612
1129 332
44 1566
1575 117
288 36
1406 837
1008 70
905 334
1574 1618
941 238
1489 1051
406 300
1741 1258
284 1590
460 867
45 202
1787 1178
562 772
648 933
526 288
249 465
1759 1586
47 1005
92 1712
550 689
1162 1456
122 1164
482 407
723 680
48 0
344 802
1516 1397
988 463
109 733
1313 1165
1659 1770
815 21
1407 324
148 286
1540 354
576 1465
1317 786
49 1531
1754 1499
558 794
1209 45
143 616
420 1503
889 74
1507 457
1193 1423
50 1367
1072 1186
519 414
1475 38
1600 136
978 523
726 513
967 249
1368 1062
1438 544
206 1121
910 1340
1108 1337
51 314
52 28
859 1228
1262 174
1156 1645
281 1568
1275 630
1280 257
680 568
53 1298
1459 1657
1273 572
1005 19
1145 151
356 674
1676 840
436 524
1222 493
408 974
153 522
54 275
438 903
464 461
725 30
1772 1380
987 17
1257 67
1399 1658
1743 612
189 1550
923 495
924 277
1738 1307
1758 1643
903 400
672 506
195 142
1628 47
1604 161
1679 580
56 1514
813 1495
1458 403
686 536
162 1476
997 1364
829 445
311 229
1682 1070
272 1532
63 1697
167 1413
1294 1797
366 168
57 912
1456 525
1235 906
522 1737
705 194
375 392
477 768
486 1365
817 1181
1666 1410
837 285
58 1707
968 954
487 1010
538 937
1299 1642
1197 1115
1660 405
731 1396
525 1207
1752 1080
1344 1128
378 604
499 342
60 1318
61 505
388 1306
732 589
693 611
339 1321
1760 1371
1095 1125
268 1366
867 1681
1300 891
1078 1301
309 1217
676 928
1704 1627
270 212
1467 1766
1084 621
1510 355
59 1517
62 664
201 902
1333 1678
770 1171
1714 1206
1689 885
620 368
64 910
675 1026
1581 542
160 555
1750 1434
65 1667
1200 347
849 141
83 1536
1685 1624
183 646
66 1219
1286 1562
298 873
792 923
1018 537
1703 1472
802 835
67 62
239 292
1118 520
132 169
507 1540
1639 335
250 213
824 1390
1768 53
108 435
261 367
127 815
330 1311
1127 1114
976 1462
756 846
518 640
68 1738
69 330
336 1354
479 158
1669 677
1281 1108
168 1255
1054 578
70 205
568 1319
841 1313
1539 172
71 694
1613 264
533 892
1688 1270
1634 1153
1289 1158
72 384
654 1734
1781 651
193 1389
958 374
1203 1641
404 1478
565 635
1079 1578
103 1591
320 1173
1103 821
73 1384
589 1011
1579 369
1256 567
1519 1673
111 828
259 1747
277 499
74 478
305 1264
368 1274
516 1402
1401 963
1073 383
1668 996
707 1242
1412 878
1116 1285
75 437
821 883
942 636
1771 94
662 1130
996 1370
199 1281
241 791
797 1751
1015 218
1480 1089
1038 436
947 500
1146 591
1582 132
316 393
77 1002
990 341
1534 1
1535 1202
1608 1092
1083 1481
1474 798
78 1742
337 1437
981 413
1234 106
993 434
944 1700
79 1021
1236 418
306 1287
1473 468
1254 69
1052 615
1514 1385
269 376
585 34
1520 1222
730 587
874 1254
129 540
439 51
440 1245
913 412
483 1161
1357 183
530 1195
1415 576
1278 907
81 755
82 1695
1168 1699
714 1331
588 1101
681 769
396 717
240 605
631 1543
832 12
505 1608
547 1259
208 1708
435 848
1282 1356
84 1728
1167 1758
577 1097
1496 731
1766 1308
820 816
688 258
85 669
445 1492
953 1491
1123 511
1647 458
1133 538
1493 1197
1405 819
1410 1223
86 1427
1115 1030
355 450
952 1211
887 1339
412 37
544 1375
980 1269
1331 1496
687 1598
1594 919
1039 237
1627 1060
87 489
89 1176
727 303
245 1555
1249 894
512 509
191 813
590 699
611 1474
384 1268
1670 315
370 1013
158 847
1392 1616
1334 312
90 266
91 197
123 1563
138 1302
1251 1459
186 352
1755 311
1431 730
1409 77
1543 1715
513 1677
326 986
1161 1357
854 977
1132 447
462 1054
1097 1392
801 391
682 473
93 1600
1630 1679
754 215
979 1294
315 1150
1777 293
94 1019
1724 1379
1491 1233
1223 1208
1319 734
165 326
1237 735
644 1688
1041 1426
95 1369
972 564
1110 1676
1610 1190
400 1266
1135 1614
1661 1788
96 1041
457 65
1240 973
1390 1106
97 1613
488 832
1448 876
542 751
1155 1131
534 890
929 1762
1533 1243
98 1196
340 508
1063 740
1218 1483
788 1406
1518 714
706 1333
221 1373
883 223
99 1175
713 1796
977 1500
772 329
276 806
1542 726
742 993
1220 1215
1452 54
1014 1290
673 607
1552 1374
1740 1376
1397 949
1478 915
399 625
1250 1716
159 163
1087 1629
125 1237
1194 121
1732 96
758 1118
1020 492
1462 710
1221 1441
1272 606
1556 836
785 239
733 1309
102 754
104 208
312 119
1408 388
1470 1451
1449 328
226 1494
989 690
105 29
1076 1126
1548 271
1253 1279
292 560
1706 1096
1736 656
1468 845
1049 137
360 1691
107 24
207 1504
1509 1654
748 1610
1690 1564
256 1267
545 901
1314 1320
490 1358
1513 170
1160 856
531 282
784 666
872 240
1364 596
1291 959
1104 1129
493 107
643 1664
110 744
212 1122
1147 1684
501 1135
430 1656
376 1398
1359 1604
413 617
1230 1703
632 1386
112 42
1343 1282
1210 1007
774 1028
1308 932
1153 1143
1698 206
262 100
1351 1403
628 147
1687 696
826 1689
1708 1726
1711 1554
188 175
1107 1558
1080 571
920 1168
1185 667
1178 1297
639 386
257 255
995 780
115 675
116 1381
1583 662
389 248
634 1039
599 1328
1691 1193
1427 1453
1757 1458
1450 637
308 1729
1655 725
1636 297
1617 945
1140 1561
447 671
432 1795
1263 1063
1126 514
119 236
1464 89
120 1363
560 1342
1295 1023
1057 1438
1366 389
539 1034
1260 184
943 72
1733 1312
184 23
121 1776
449 1778
203 1405
144 1163
994 1523
453 1068
1252 750
419 127
359 1768
1204 125
1268 1452
739 299
405 1648
1677 800
961 1669
921 1730
459 1050
685 1189
1082 962
1723 884
1485 1325
1144 472
124 1064
695 484
1380 462
403 1160
448 477
492 701
1387 71
1238 988
1719 1400
1088 1714
1051 460
827 145
126 18
877 957
1437 861
1196 1378
1784 1736
1402 1633
1114 1220
1497 1247
128 268
933 1273
580 294
1182 13
1350 225
1017 351
213 1493
1036 1238
1786 343
1241 1188
885 1201
658 644
1361 1111
557 1710
131 244
600 1725
783 1113
1454 708
1731 553
1266 1261
1624 379
1338 757
1310 929
133 1246
1024 764
379 1172
1727 796
781 1571
1044 112
1696 1262
1494 304
1276 1546
1487 1663
1393 1524
263 1575
1029 105
856 95
134 1033
135 575
604 994
1580 1409
497 707
1753 1079
1572 745
1524 748
1373 549
549 278
556 777
776 552
1120 920
1173 1231
999 1275
812 1702
1101 825
1130 1204
1358 539
273 803
1381 210
1563 1497
494 965
659 1087
1391 698
140 1668
1656 199
141 1230
1176 43
1277 274
567 1317
142 109
1329 152
1713 1560
1315 649
876 1020
1592 1001
697 899
1577 661
1229 438
592 81
896 773
1653 1351
331 939
321 1454
617 3
1259 1653
1601 1785
1360 911
146 1587
1498 713
939 760
302 456
1056 1717
839 135
1377 192
147 480
649 1468
720 1107
661 782
465 283
452 900
149 396
1225 634
1030 113
417 1439
1217 187
757 879
1512 1711
170 219
963 150
1484 1582
514 927
1737 1580
150 934
151 700
407 321
1710 1771
214 1159
1000 1432
233 110
1287 1544
937 1140
152 1424
215 1436
1004 1525
1598 741
1139 970
863 6
703 1218
535 565
1045 1579
878 251
761 360
1517 280
1631 1174
1271 325
960 1335
1213 833
154 512
1663 1777
506 1148
566 1277
1678 534
157 306
503 122
1705 466
242 63
433 1638
1460 265
722 1221
1025 1025
692 652
1735 270
768 1685
1339 526
1124 1631
1637 670
1650 793
161 843
646 1075
710 1061
1374 1295
1227 795
1439 1741
1292 814
1327 14
1007 946
626 27
163 1781
1258 857
361 338
1684 318
338 804
1060 1229
1303 1095
1305 232
1774 1620
271 1743
619 66
345 241
1463 898
1086 276
166 1043
397 1794
1215 411
1537 724
164 1565
1421 799
1128 1198
869 809
1716 1539
394 691
1058 340
1371 641
1027 233
1725 739
1379 1467
169 139
1782 1530
938 243
930 1502
231 250
1479 1430
451 1433
171 1327
421 779
668 681
553 1016
946 1069
258 1081
254 976
852 49
1545 546
1138 1200
172 1387
173 643
1623 50
243 1621
1654 1767
694 1733
266 618
1451 1521
771 417
1064 917
517 528
633 253
401 935
1694 519
1341 1037
1434 1391
1626 541
176 515
1783 1110
1662 1372
362 419
667 810
1573 801
1629 593
1189 92
1419 1549
1099 746
1769 545
179 1059
1202 1120
1216 1449
909 868
180 35
684 1249
307 665
181 48
1461 128
653 1461
182 1226
762 1292
991 574
358 1606
485 166
458 1251
601 123
196 971
385 577
1645 852
1031 609
615 653
1664 191
343 721
1413 1071
410 859
1730 1408
185 1680
1455 1170
606 1637
1635 767
971 1078
571 678
603 1322
763 1067
543 658
1166 521
1562 279
1164 1630
1416 557
1375 824
187 881
324 1145
294 272
332 1477
1065 1671
743 562
1643 1407
779 15
1157 10
1207 628
1590 967
1557 543
219 1224
1651 1105
1332 1040
322 1634
1550 818
190 387
795 358
441 423
934 1166
871 1542
1422 1137
635 909
613 4
1011 1393
657 990
956 1782
1385 1784
1324 1388
825 220
1208 1042
1482 1072
1615 32
197 31
1546 429
807 1750
651 886
1700 952
906 1099
983 1180
582 143
198 1073
1414 56
1026 1252
1323 715
992 1100
434 1076
1037 57
729 1660
200 22
712 1417
202 88
1330 256
964 570
528 1545
749 1640
1440 1239
204 1450
349 1443
1609 1786
1219 385
1396 790
970 866
594 1147
205 273
954 1091
846 234
1349 559
1093 951
552 1044
1504 61
472 958
1109 359
1348 1780
935 1086
625 102
665 1103
209 610
966 775
1770 926
314 579
1611 1628
1148 1511
698 766
925 1701
1508 1772
301 444
317 20
718 357
211 149
1183 1394
422 336
1199 228
563 950
1726 362
1261 1361
1002 623
470 487
898 998
1566 619
443 510
304 566
1411 1460
216 1466
265 1000
313 1527
790 1661
218 375
984 290
1488 1169
609 1662
955 108
220 395
303 842
636 1447
409 627
347 178
1593 114
1767 382
223 983
224 639
1304 267
425 1248
234 1674
225 826
716 1199
387 1683
1764 39
228 1570
229 1538
463 488
880 709
915 531
235 980
847 727
1435 728
230 1603
357 869
1429 1093
918 1659
1071 673
1245 131
814 686
1149 1257
1665 261
610 626
1012 230
806 350
267 1332
1151 807
236 370
237 1036
1560 1205
427 788
495 1482
1117 165
1362 144
744 1576
864 548
1538 880
1214 1074
279 1559
1423 1240
1523 222
886 1132
1081 875
1621 111
299 1740
1265 440
1433 475
247 154
1180 1359
1242 1139
888 404
584 955
380 1146
248 872
1567 1055
1009 1183
1267 464
423 1541
796 581
1673 992
251 853
1055 759
1232 124
1511 1644
1212 1745
426 289
899 1336
1553 1088
1184 554
931 1744
791 1705
1559 204
1047 712
444 118
255 613
504 1652
663 319
1050 1104
1587 1263
671 1724
286 865
998 1035
1734 517
1745 961
578 1611
551 964
548 1349
1248 226
1748 425
803 52
1527 1572
717 1334
932 1109
1418 1475
1398 896
1607 1057
1686 756
769 805
1658 432
618 1053
850 439
879 1759
1322 1154
1544 771
736 180
1085 598
1298 1116
805 349
828 624
1775 308
1137 1004
1596 527
638 1352
616 1256
274 834
1457 287
1316 448
1077 345
1521 841
285 1299
474 1463
1444 1029
642 1124
283 844
650 1647
546 547
975 8
1053 177
1697 588
1353 1022
1191 373
1525 1596
1618 1045
280 763
364 424
738 1666
853 224
282 1031
1100 189
1355 79
794 650
527 1595
1648 1522
369 770
569 882
838 469
851 80
348 981
834 938
287 1507
750 156
1142 1799
289 602
745 1213
1016 433
890 1265
701 1485
843 1650
1701 1535
737 148
293 231
1195 921
740 1719
728 792
1447 648
1119 1569
350 1314
295 1157
296 1017
1652 348
986 849
1356 1470
484 862
473 822
1751 1288
1591 1383
446 364
1074 320
300 1505
1558 68
1532 1723
1424 1330
900 1250
1709 452
1297 298
605 1123
424 1300
689 1672
1154 1216
842 1455
1680 1283
1337 159
1325 944
882 84
951 783
329 1185
799 830
454 908
945 1512
1062 1015
333 401
1177 1280
836 839
318 1162
1152 482
450 874
540 1227
1059 1698
1187 585
1174 1316
1481 1014
1301 33
323 864
1442 1046
325 532
677 217
1318 877
1285 829
752 1693
327 1713
897 1609
753 60
1312 479
1744 1117
870 1754
1765 409
1186 1601
1239 758
1363 991
508 1006
491 622
1471 76
334 1720
1564 987
1042 590
666 1619
342 1404
587 1764
341 1721
1033 1518
1602 490
1584 703
1293 1489
468 1508
928 198
1192 736
884 85
411 1421
1555 90
1274 302
351 1324
352 887
1614 797
353 1420
354 1626
1526 284
1013 126
1483 1415
1619 1464
523 1577
537 1012
1549 1235
782 1442
866 556
1342 380
1531 97
536 398
515 752
721 631
466 58
948 784
875 916
1181 924
1388 1422
1595 968
1773 820
1091 1094
755 827
374 339
373 1347
860 1444
647 1480
564 1329
471 1425
816 507
818 854
778 201
1006 1584
798 133
1094 516
386 87
1201 307
575 1244
390 1412
469 483
595 586
949 200
391 399
1702 668
1069 11
392 498
393 64
1530 1038
819 1084
1612 1142
1121 922
415 422
696 785
402 1355
1503 1049
1699 969
1019 1187
623 688
1395 1177
777 1760
1576 1027
957 259
416 1547
1369 1501
1681 397
1712 529
922 582
1443 5
1746 455
1320 1152
734 1003
1625 999
1477 1556
1270 1082
861 1709
500 1682
1367 1748
844 620
541 1018
775 1761
645 427
786 504
1642 195
1165 196
1428 260
1695 1056
1445 262
1565 406
1490 104
1311 941
1417 655
1599 454
1070 1731
1671 116
456 1315
1383 1686
862 1191
1633 569
622 1435
1171 1529
959 1048
467 1151
985 1141
1345 1792
1472 171
1159 1694
670 889
1255 467
554 1790
1328 1286
1389 774
1568 291
1247 614
907 1428
1441 449
476 638
1163 430
810 1203
475 817
478 831
1547 1615
570 695
480 676
830 761
1502 421
855 363
914 371
1501 1440
1211 1484
593 1194
598 563
641 1798
1022 426
1046 333
1335 1625
1010 59
1515 245
1028 26
735 1537
498 518
1231 344
509 1303
579 1429
1763 1487
607 252
520 870
674 446
510 533
1404 918
1169 705
572 193
1122 979
1244 1184
1720 871
1528 305
711 684
521 1753
822 420
868 966
1739 481
529 356
1683 1448
793 1635
700 1368
1043 1605
1386 390
1092 597
865 310
1403 672
1134 720
1536 313
1143 160
965 787
1597 1597
1001 1085
1365 188
574 1353
823 1757
1779 947
581 1583
1288 811
764 1515
902 337
1721 41
591 642
1067 1260
596 1445
678 1646
767 931
597 322
891 1156
614 573
1336 762
679 1557
1175 1639
892 948
715 1473
1372 1382
1749 1296
1761 723
1233 2
904 1344
1228 164
664 1414
669 913
1778 162
982 317
1588 1655
1432 888
1529 474
1035 496
1179 719
917 263
1616 1526
1425 789
1632 16
1675 953
1541 372
1206 1756
773 679
912 729
1762 860
808 1769
811 227
1692 415
1718 1271
1346 1749
974 1623
1382 1362
1040 1418
1605 663
1522 753
