0 402
1898 217
3 871
1897 1788
5 1356
6 1514
7 1159
8 322
9 598
10 1631
1889 1824
1888 465
13 1209
14 1320
1886 742
15 456
1885 452
178 1722
374 1870
1407 547
1137 982
1633 589
614 500
1338 226
1254 1274
260 630
1744 879
421 811
1804 159
152 142
1 355
2 283
1899 102
4 1658
1895 1099
1894 95
1891 13
12 277
1890 154
1887 1804
16 229
1595 1834
884 430
452 325
1661 1654
1523 269
1865 1067
1150 1225
878 294
814 1648
173 1808
1321 824
112 375
1746 357
1896 1142
11 1606
1892 1228
1717 1629
837 512
166 684
1168 1659
1265 1122
908 1745
134 1553
1646 233
1765 636
1313 1116
1452 33
17 1018
18 364
1594 1510
1281 197
1079 543
905 735
1047 709
1578 1051
1893 1762
19 511
1098 1388
1835 399
893 413
1023 1392
69 1132
1873 1036
1607 445
1027 551
620 1118
1687 324
1457 705
1314 231
549 1305
1388 965
412 1557
256 1600
1442 1650
1410 1327
902 658
1073 1542
245 987
1436 970
354 1308
1247 947
1749 1467
1734 1794
364 133
1368 1156
21 68
106 349
1288 781
650 616
357 1453
1468 1545
740 1313
1398 1465
1237 1587
1846 288
657 475
1743 745
1775 1784
20 764
22 858
690 1515
344 1695
1546 730
1781 1700
96 1647
1494 1413
23 499
376 1634
1071 1415
1181 273
1654 111
695 29
1507 1817
228 560
351 1445
1852 113
1766 82
918 1286
1296 312
184 971
862 428
742 704
1683 904
758 161
208 1359
752 925
1588 915
99 779
776 1498
1279 1751
24 134
25 700
1855 247
942 813
1768 400
1347 913
1883 472
526 518
331 1273
1100 1125
1038 701
679 1496
838 424
1203 266
76 990
618 830
271 1672
1533 1832
1667 976
532 1670
647 308
100 114
569 1578
1805 279
1223 786
1502 1633
1091 1752
440 127
822 328
836 1172
541 20
1453 1628
470 788
28 380
1005 1692
1048 235
1755 318
1355 423
1553 124
1214 676
1185 1602
1435 394
1636 998
1169 78
1499 603
920 594
819 327
1645 1761
1664 1796
422 173
316 67
738 366
1422 1894
483 1881
1831 1244
475 31
1837 1454
30 681
512 203
148 1707
775 1331
1095 1768
605 1509
1776 1104
1158 1646
26 1167
27 834
31 463
897 1412
936 1734
617 903
554 1219
1318 309
1491 1211
496 1086
29 1208
291 276
1295 1588
1778 818
1871 1315
1882 1448
419 800
77 1183
1301 1846
1359 1738
1686 1383
32 1283
1856 278
709 645
449 854
1771 1375
459 1543
666 1256
1555 1780
1739 1109
1164 1736
1250 884
1493 810
34 22
1866 853
450 1778
1192 2
652 195
1302 848
1524 1698
349 286
1157 1561
451 1517
1460 1266
1751 271
33 1416
314 1486
1753 1680
1869 1012
1335 1081
1498 794
1354 1265
47 845
1180 218
36 1701
1406 64
1330 1818
779 1345
258 145
1505 28
676 1644
499 1836
1642 477
35 377
906 1162
1725 695
305 1071
1516 1264
272 548
917 1002
945 1896
534 206
938 859
1721 174
535 1131
37 1482
624 262
1319 1440
1653 692
384 1789
728 36
1044 953
1677 1472
1088 374
743 1847
377 43
38 1513
1641 485
279 1347
683 782
154 1236
289 1268
1445 1166
636 1706
1413 1867
458 1705
94 345
849 58
318 597
39 148
40 1192
895 1044
415 929
174 621
1788 264
298 1157
1791 577
41 1473
212 867
1284 169
566 6
798 720
1836 784
1462 482
633 85
147 153
1782 89
1334 797
1003 1079
42 1571
1036 1787
659 121
1474 182
1798 190
890 623
1874 14
771 558
43 455
1241 415
766 1084
335 1029
1823 426
713 631
1242 196
392 228
813 678
673 955
1463 378
44 823
783 15
312 1809
834 192
213 972
1572 438
45 222
1828 330
1854 362
1716 1181
1409 1642
689 122
105 1108
1101 34
1122 254
1428 51
466 920
1034 502
1709 1372
409 1096
630 880
768 1304
300 219
894 1852
1671 77
801 333
1361 1342
1070 1102
229 817
46 1422
68 654
1530 303
1366 1405
420 812
219 1062
1391 1748
48 1618
162 1876
87 1276
1437 732
463 914
1577 1740
220 40
827 567
1549 172
1363 1891
49 1449
826 1015
1007 1004
456 396
1127 1277
1408 1357
121 1535
261 1070
940 821
1617 295
264 876
1177 1577
1551 0
1708 66
1860 393
1378 637
997 1040
343 1280
795 1528
934 882
1272 983
1736 1113
622 1786
1764 1039
50 1442
866 435
919 1795
1762 234
387 407
1126 942
1669 123
832 873
163 609
51 1038
52 1184
53 798
1565 857
586 1640
727 389
1656 1505
1015 565
1501 297
320 1121
581 801
974 557
54 18
1858 642
181 1753
304 483
1357 978
1102 761
1497 1782
435 1814
763 753
1544 1414
191 99
612 164
1423 1237
1342 1279
109 1877
1182 1893
907 832
640 1064
455 1126
531 1371
302 1389
1510 1667
522 1525
794 307
1652 793
55 842
57 1005
126 373
1054 1765
568 545
1759 891
1358 946
1377 495
146 490
948 126
395 620
1868 1027
957 677
222 950
1735 967
1747 1152
1138 618
1819 365
56 617
58 647
59 552
156 878
546 1323
1367 586
595 888
224 1073
593 583
1396 585
1670 1421
732 935
1503 569
851 1151
1282 193
1487 1478
1400 747
223 1195
1395 1568
61 1063
739 844
1729 1003
246 1853
508 478
1323 1548
186 1175
176 1243
1255 1773
110 715
60 275
874 629
1026 93
1800 240
962 1030
1051 736
1863 988
247 725
1416 1343
1043 892
648 1423
1446 540
62 550
63 100
115 1376
427 1684
1700 1052
120 887
1496 243
1298 590
724 1530
1028 1115
1418 657
242 1139
429 1114
91 185
345 1696
1165 382
1500 787
64 561
1081 674
803 1085
993 270
988 24
746 995
1842 1083
705 150
1876 1355
65 1534
66 305
1200 568
1236 446
1339 329
1336 1772
1647 289
194 1668
885 1271
1629 1424
67 1607
1286 713
1141 1179
460 1239
95 1065
1196 1737
1547 862
1171 940
1879 508
253 1164
1055 802
293 1155
1426 768
1630 1665
461 570
1829 1714
542 833
800 404
939 1105
1727 335
1650 968
315 992
70 38
574 90
1807 996
1853 1161
1489 1560
1785 245
323 408
637 179
1731 1562
71 696
523 361
1276 1866
850 1797
1814 480
537 1526
114 679
592 981
72 1287
787 398
494 301
1464 945
1469 1580
912 694
200 1463
700 425
125 664
1449 461
240 918
1116 763
1793 757
877 88
1198 1523
1089 737
128 1076
1845 91
1322 451
444 358
122 1690
73 722
74 626
589 25
130 70
1711 1483
1030 1019
958 916
1480 1297
1695 486
1839 1883
75 962
1521 1583
597 1306
831 852
1300 838
448 87
1063 1069
1205 1384
1769 1282
764 1724
1310 808
1506 1504
1099 4
1269 1826
883 610
1705 202
616 1014
1676 850
1376 1124
78 32
990 1235
341 457
967 1310
239 1410
1024 108
462 319
1715 1663
1844 1318
994 1098
1111 989
1820 1441
93 60
254 556
1548 370
1880 280
446 92
563 26
79 1437
410 1001
1331 523
984 860
367 300
1261 30
478 1620
658 1614
1614 156
575 1719
197 673
82 1481
1682 911
342 137
80 1477
81 969
83 961
275 1608
1848 1688
325 1598
564 1303
1270 1506
1259 1176
481 1407
84 1727
1090 367
1832 84
267 1144
1086 493
1424 1641
970 1567
1662 23
187 1617
1758 336
1068 304
352 716
830 1221
559 872
504 1050
85 980
86 208
1145 646
770 615
1303 440
820 1205
1867 1021
1627 670
889 974
417 1858
1184 1538
1631 321
397 868
540 767
88 1741
1663 1630
1520 1430
1013 449
165 1379
571 1023
479 1480
89 693
1264 258
159 1710
1283 827
703 11
90 1831
802 1187
1350 241
1712 1048
769 1093
1495 343
1222 564
1678 1452
930 315
408 1429
829 536
1598 697
92 1399
1838 1539
519 1329
136 1326
241 671
1385 1207
601 669
1002 1230
507 769
1305 1091
670 1366
1097 342
692 353
639 1764
1673 592
413 1829
311 1301
959 1110
324 1249
1833 200
381 520
656 1340
484 1863
1297 563
135 405
1387 1365
585 1604
485 1101
1183 1378
405 1638
1884 387
385 1873
524 599
97 1260
660 1637
615 1140
1012 655
284 847
1105 1290
1806 1682
175 238
807 115
1077 422
550 1812
143 1456
98 162
1352 17
326 1516
307 726
399 1693
216 1137
961 1068
835 1138
591 35
1271 1781
1186 62
378 444
1058 985
583 347
584 1295
235 16
1292 332
706 1427
101 1601
102 1857
182 1
250 138
1121 1380
1211 1666
1403 1529
281 973
735 895
117 877
1740 1358
643 403
1483 1592
1657 1369
608 8
520 1755
1752 1037
103 1204
104 1428
226 1489
1066 1841
1429 220
1014 906
629 748
1299 209
1815 606
1370 1739
368 201
288 285
1542 628
1235 1324
1660 1624
1417 686
635 187
107 944
1701 770
1812 851
287 662
1065 1611
956 1596
530 1704
1096 1702
1172 790
1107 1581
1268 1503
1528 450
313 1259
439 74
1680 706
1326 199
539 612
1567 861
1020 1645
1467 390
1536 1749
340 1100
108 468
214 1033
1392 1721
111 921
215 1661
1830 1871
1218 1095
1640 1743
1720 350
1518 376
1219 211
1478 1087
1059 443
528 504
1809 334
1456 1119
230 1653
1450 1575
1364 931
113 1390
236 1813
1621 352
285 1011
971 1792
144 1845
1773 691
712 1042
190 849
1341 660
1216 1861
297 1458
1850 1589
1143 1558
1317 1603
842 86
1011 232
1078 1590
116 139
1592 1860
457 149
1570 1396
445 371
903 743
609 130
953 1569
204 1760
716 447
1349 1240
118 409
691 1088
1659 1550
1675 1451
791 649
1197 1173
846 1485
719 948
119 516
1509 1502
131 1288
1123 1401
206 1459
482 263
255 1793
587 1360
453 306
1108 1149
1525 580
678 1499
476 957
915 792
1665 460
1087 653
1006 341
1597 1238
1484 975
923 1854
157 1555
333 795
949 1354
145 650
123 1363
278 1687
1605 1123
672 1657
737 765
336 525
1440 893
386 259
888 10
1229 1013
468 1373
252 881
1228 1471
1792 1024
124 1056
921 1031
734 1214
1543 1709
1118 1370
931 666
127 437
348 120
992 1816
266 1536
437 740
1083 116
750 316
1596 754
868 157
841 1769
129 1732
1713 1212
1706 1203
561 1411
516 246
600 61
1508 1720
1620 1385
1475 1222
1579 453
847 1651
151 1433
1110 683
1587 1800
665 582
606 369
525 1032
1345 292
996 12
155 406
710 529
132 1010
133 39
231 986
511 83
388 143
1384 1565
1529 1586
1188 627
576 719
404 1446
1710 1241
1049 549
1156 1278
1372 146
1554 566
137 908
697 1717
951 588
1601 310
138 624
590 1884
398 498
495 1495
1230 744
556 640
411 420
641 699
1064 785
1019 1202
1454 924
139 1758
140 1199
389 255
1009 180
295 344
596 864
1486 221
1556 1332
1124 112
141 505
142 1595
815 101
533 1163
631 391
1025 602
1381 135
402 467
1581 1626
711 575
602 284
403 897
1690 1420
205 103
1287 1685
1245 1275
1864 363
833 723
1213 37
674 1106
283 1336
232 1196
280 1292
777 755
170 766
663 1613
745 1540
1789 741
1144 1307
149 5
1234 1579
557 1338
514 703
1035 1677
1084 1293
991 814
150 949
649 667
536 385
1817 1527
1599 128
393 368
1135 421
1373 1223
1320 1519
1514 151
227 1141
160 1522
1479 591
721 469
937 287
1803 760
1638 917
1689 1447
1822 1599
414 1546
179 1362
607 1889
153 165
1195 429
1067 803
1333 1531
1552 97
1252 1267
610 1466
1104 1801
1346 401
1559 354
438 994
1133 1090
747 1431
944 750
1639 397
1488 1731
503 1474
1583 434
477 919
158 758
642 805
963 1097
922 1213
424 1835
876 1652
1225 59
1328 147
1590 815
790 1419
1041 442
161 1130
864 158
1148 532
1611 1330
855 313
1239 1333
1325 901
1872 212
1062 383
1534 1892
1622 1566
164 698
1722 106
960 1298
1262 1686
400 1174
1558 933
1174 1180
1841 1508
1093 907
553 1047
225 166
1033 1127
845 546
1697 1547
1757 1393
1625 1350
952 668
1564 1888
1221 717
167 291
168 416
717 856
928 1744
506 331
1094 648
169 459
423 1520
1684 840
1649 641
1217 1252
180 1518
1291 55
1772 1281
185 1754
755 177
171 515
599 223
823 775
262 1309
943 1035
515 1623
1386 1089
172 708
1566 799
1050 680
932 186
1511 44
733 171
548 869
1115 1819
1473 712
1159 835
950 1716
1076 1041
177 1461
443 359
551 1020
671 1615
861 1718
469 1049
910 731
792 1146
1515 272
207 778
1784 689
621 1394
1742 348
685 1859
925 579
365 559
394 492
370 1830
1360 651
1253 1848
1193 1563
292 42
762 1655
736 738
486 175
301 1251
1207 1229
1337 656
1526 604
1132 419
183 1844
1612 337
1574 1874
1142 1570
1632 167
1787 1302
722 514
1056 1593
346 69
964 937
789 1261
188 984
500 1585
502 958
1821 963
1624 1432
1877 168
290 1111
828 966
360 927
543 1671
1490 1833
1160 454
1187 690
1568 170
189 1783
863 302
1082 1233
1397 751
1267 1312
1307 1675
1519 521
330 1112
430 1270
1340 1197
1379 1395
941 27
432 1574
654 1391
699 866
347 1512
248 1616
192 1462
193 1242
1623 614
309 1895
195 117
1353 466
1371 1511
1390 534
1294 470
1707 1790
202 427
196 1537
1443 1691
1324 1094
756 487
965 733
1847 1712
198 274
299 1757
491 7
1610 1597
1405 542
199 1346
1032 1078
976 1609
363 1210
655 729
1421 1409
1824 1435
669 541
1163 1776
570 1747
572 1134
646 1269
913 553
328 809
1414 213
1175 1339
1779 997
859 215
373 1075
425 1878
1191 1387
1394 1669
704 181
201 1247
203 843
707 1837
760 1806
909 1750
1146 922
538 938
1415 1136
1112 1417
675 1201
1459 118
702 1217
858 489
1470 1723
594 1186
209 734
882 1231
510 339
210 1120
1109 652
870 1699
1767 476
211 191
1010 1028
765 1218
955 47
778 721
472 538
1117 311
337 1500
1477 1455
1591 954
366 1351
1039 1775
1120 474
1285 1708
1431 265
999 1805
1703 796
1441 49
774 257
1383 256
218 379
914 576
781 458
217 874
1375 436
741 1855
812 1262
221 791
1147 1248
1018 581
1393 625
1199 227
547 501
1404 711
1608 1864
1875 496
805 411
518 682
489 1145
852 53
1412 822
782 509
1432 960
565 739
1210 1899
308 1289
916 296
1029 1890
1189 1254
426 152
359 1664
1257 346
1674 1066
946 1263
1719 702
1052 1728
339 836
1698 643
1733 491
688 1103
1001 1869
436 1494
715 1016
726 889
1016 384
490 98
396 1676
1399 462
233 749
234 1368
379 607
1584 432
935 1823
927 930
1586 846
383 934
1080 1007
552 1729
474 488
1694 991
1125 210
332 687
1263 1742
238 1632
881 1880
1074 1349
1540 1882
1476 571
237 183
1783 1662
492 214
362 816
243 1541
1362 1470
244 1576
613 1811
319 820
1730 96
886 81
644 356
1461 746
1651 829
1427 1464
497 513
1802 1381
249 584
677 1009
1635 242
1154 1779
1031 1426
653 326
1796 433
1072 198
772 1549
487 1227
1738 899
972 1821
251 1226
433 1314
1134 886
1550 236
265 1185
1194 1810
1212 464
1593 1170
947 1619
1603 1216
1348 1679
1106 555
978 205
1215 863
968 360
257 1493
844 762
418 1756
1560 1074
668 1594
369 216
1704 530
259 267
1795 1827
625 1777
628 855
1810 1059
1745 1294
1672 1160
1541 941
1728 484
1114 1154
375 909
723 894
682 672
1465 79
577 248
1790 105
380 1475
277 439
981 176
263 268
578 956
1438 573
1849 494
1332 1334
751 1092
995 1148
904 1625
1060 759
753 885
268 1082
664 1771
1628 635
274 140
1447 1840
464 1730
269 554
867 993
270 372
1600 1774
1466 144
797 160
282 1043
273 54
1458 1479
619 923
471 777
1527 1045
1021 448
1061 73
276 1886
573 76
327 1198
1425 875
986 544
817 244
854 1849
1799 1556
780 932
1113 804
1606 1656
1226 707
1022 1291
1178 1408
286 323
1522 1635
1492 1017
1433 1206
694 1377
714 896
848 1316
824 260
1756 1807
372 1559
1774 1828
1411 1507
880 1898
1170 1319
294 1025
708 1245
1797 1147
627 1364
810 1799
1130 663
796 939
1535 392
611 1133
808 528
1173 1341
749 224
296 633
1220 1746
1840 1532
687 807
975 910
696 204
562 1215
1249 56
1604 381
1119 1374
661 527
1615 1438
1306 1046
1455 431
1618 251
1576 1165
303 776
1401 110
1204 1450
582 1490
310 519
1834 1188
306 595
355 1300
804 531
900 1683
1092 1697
1289 943
454 1856
788 136
529 1785
896 1711
1699 119
1040 104
1244 1220
1008 632
786 1250
1881 1554
1277 1879
860 1325
1131 46
1448 132
933 659
1575 1798
1741 72
1573 1234
1251 1403
1260 537
317 644
321 1678
1786 1158
1637 1022
322 774
350 1057
1801 1533
1155 1766
1274 1317
626 622
579 936
684 129
480 1397
1232 1544
1816 1026
555 999
1209 1573
329 783
1794 1191
857 665
1136 507
645 506
1561 1439
1737 638
853 1169
1780 1128
334 826
729 1820
1304 1153
1444 1129
1688 675
1504 1258
467 479
338 1077
1439 596
982 1791
1811 562
1668 1443
1696 789
598 1476
406 1521
693 414
603 410
911 155
1562 1337
353 883
517 1171
1602 94
979 1622
898 1284
1278 1143
973 125
1153 1107
447 600
1176 1117
1655 163
821 780
1723 386
1472 1875
1539 1627
879 1444
1243 1460
1878 1178
1770 1322
434 1501
1000 1352
356 1725
725 261
1609 1193
473 320
358 1839
1231 825
1280 1850
361 109
544 412
1166 1802
1017 473
1761 253
1208 841
428 1344
872 1487
1537 80
983 1759
634 611
1037 587
825 1200
1149 239
1748 1564
901 977
371 194
1316 912
1315 819
1202 828
567 1838
558 503
799 178
929 1246
1724 1868
1224 1055
1190 57
998 418
985 718
1538 1190
382 299
1485 1673
1648 1194
1818 524
969 351
1085 1425
1248 75
390 471
391 634
1420 1182
816 1552
588 1842
924 773
442 1434
1613 1803
784 1311
718 964
1201 9
1513 19
869 1061
1290 837
401 252
1512 639
1813 230
1351 1060
1069 50
488 1584
1045 395
1859 593
1329 898
954 839
1714 1285
1643 1733
1343 1551
407 1649
1481 1457
662 710
1580 1000
1380 281
416 41
761 959
1179 298
843 1168
1718 282
1471 131
1616 1299
1293 1713
431 1694
1374 772
1626 1348
638 510
1309 1763
1681 728
604 1591
1870 1406
871 1865
1545 1639
441 1872
1419 45
966 1770
1843 1885
1238 1367
1702 250
1389 1636
744 1382
1693 517
1857 340
1585 613
1732 1058
651 1418
513 727
757 184
773 1612
1750 1621
667 522
632 141
698 1488
465 1335
1162 314
1434 189
1582 951
1563 601
759 1610
840 1897
875 1189
1057 619
1327 338
1152 1054
505 1715
1760 1296
785 1689
1246 1255
1685 771
767 1135
493 870
806 1843
873 1006
1862 1321
498 714
1808 578
501 63
1679 806
1129 1767
509 52
1557 724
865 481
977 1257
1128 1253
1161 65
1517 952
521 1605
527 1572
1167 1353
1644 1524
748 1862
1311 48
1103 417
1275 1386
891 1034
1691 1851
680 317
1273 1726
1827 526
818 1582
1451 1177
545 388
1826 572
1240 1735
987 752
580 1643
1589 865
730 237
1053 608
1139 1072
701 1660
560 293
899 1815
1046 926
1825 1224
720 574
1258 535
809 249
1312 539
1569 979
1233 605
1531 1674
1726 685
887 1361
1382 1436
1619 928
1666 207
1369 1400
1004 900
1075 71
793 1402
623 1887
839 890
1140 3
1256 1497
1754 1825
1308 1053
892 1822
1634 188
980 1469
754 1272
681 756
686 107
1482 1404
1763 497
1777 1468
1356 1491
731 1484
1365 661
1344 905
811 1150
1151 831
1227 1398
1571 902
1042 1681
1861 290
856 1008
1692 225
926 21
1206 1232
1266 533
989 441
1430 1328
1402 1703
1658 1080
1851 688
1532 1492
