0 1787
1848 1027
3 469
1845 126
6 1398
1843 481
9 326
1841 1182
1839 243
12 104
178 1279
1032 177
1398 714
841 378
1 997
1849 1028
5 1172
1846 998
8 1415
1842 1763
13 628
923 1351
1173 1664
1813 1394
2 804
1844 1527
11 859
1815 300
1182 353
1254 1558
4 1314
1847 380
14 73
1456 295
1338 1568
778 544
1289 249
1192 444
16 294
1107 1651
1056 611
1058 376
1780 1623
877 1156
1757 1561
445 388
7 1187
1030 1765
739 1585
1556 1287
1443 669
313 1517
10 1475
15 1807
106 545
488 351
1641 1231
18 1392
19 428
386 1380
872 999
1235 1001
57 1293
506 547
17 565
374 504
1721 725
610 759
349 348
1257 946
379 1604
20 480
22 791
893 1481
878 1740
1126 807
824 1544
1068 1721
1618 471
876 971
922 1818
1497 312
479 422
617 284
1079 1178
1093 364
1089 1333
1161 1174
117 1607
1655 318
308 868
1818 838
797 355
795 816
21 894
23 418
25 1242
26 1326
641 1015
1579 517
730 732
1493 1482
201 1214
1832 1271
1015 1830
157 305
596 1136
1253 1337
27 1330
28 1249
1502 1114
991 1190
30 170
68 1747
433 1379
1823 468
830 199
29 982
1534 790
363 1334
1116 1072
880 129
1580 1489
31 1327
624 1297
1236 675
299 35
1730 506
335 1365
34 552
1649 1052
305 694
85 1454
24 1390
32 1467
466 1142
103 257
1168 1160
934 1674
1024 214
408 1138
1280 1451
35 647
36 74
155 1794
1625 1793
539 1381
33 1801
788 293
397 618
40 1538
310 693
512 1184
927 167
1115 648
38 1714
37 854
41 701
1644 1265
42 1291
818 62
898 307
1359 143
45 357
39 718
43 102
719 706
164 792
44 1822
1458 1443
112 1811
452 1186
173 56
849 1417
131 1240
1750 352
663 1735
527 1419
1129 858
46 1781
955 1408
302 38
1326 1693
846 1755
508 350
1542 723
138 1427
395 1832
256 727
1160 1088
1687 965
47 896
500 172
1191 339
862 691
1724 33
347 540
82 211
1665 827
1331 1368
407 1823
235 1397
801 1495
458 1399
1362 1572
1209 1617
294 1016
783 1487
48 1802
1544 856
314 122
1748 1232
855 1780
49 1402
51 1116
52 885
189 1847
1418 1539
1287 1599
1683 1588
1246 322
594 477
50 164
53 1065
582 1814
1124 1412
727 453
229 551
54 1494
56 778
690 1374
758 1634
483 113
850 144
1803 1235
971 1157
163 989
1743 1701
58 1131
390 745
847 63
571 525
692 182
1670 907
1090 281
1491 333
1754 239
321 1340
531 508
55 662
837 1756
159 733
252 250
1512 1315
1375 1444
1759 629
1568 34
60 1111
1594 185
387 106
1379 930
1390 1663
1033 1292
406 1660
1447 1606
61 1676
62 278
1224 1829
615 289
59 1438
63 1675
64 8
1006 1673
250 69
1710 784
642 573
552 37
352 148
65 1350
66 667
548 1048
1152 1272
439 1267
1100 1047
942 1775
503 1564
1357 314
821 252
67 1519
983 89
1806 60
502 889
1745 1076
1455 1106
1700 1319
71 957
220 1241
1172 1266
536 231
70 72
773 1193
1623 800
340 1448
329 354
73 362
241 202
1451 1598
1637 841
69 1722
72 786
74 1738
1545 717
1295 532
631 917
362 32
1098 836
449 579
77 1576
1232 1384
388 1849
333 1043
79 399
672 890
75 559
76 1472
1636 1649
1158 65
135 114
1781 158
1211 55
1004 298
1431 1797
394 347
81 1034
1370 1496
966 1151
1027 1731
919 1149
726 1281
1584 103
1474 850
83 110
84 899
1539 1071
686 1356
1329 458
447 515
860 1251
78 1500
1264 1305
1036 437
1241 542
486 546
86 1141
1478 1573
1838 1540
1794 449
1305 553
1602 1289
953 1736
1140 1631
1783 1477
1593 1824
760 1310
324 1303
430 1206
80 812
87 273
89 743
1097 0
516 1169
180 1038
90 1218
731 1420
110 1749
659 304
91 133
747 168
600 636
88 21
473 1799
733 840
1157 870
411 1115
868 1352
92 670
967 898
1785 367
422 135
1363 142
254 1139
567 592
94 642
95 825
298 974
1271 806
557 575
93 1257
713 709
627 406
530 1362
1302 657
767 279
1558 394
109 652
710 602
1519 1133
98 788
598 1037
939 1215
899 40
924 813
96 824
97 1592
226 888
1648 1458
550 519
1578 1020
668 597
1358 1542
1611 1699
1736 374
1259 400
1054 1480
940 1000
101 1219
270 1414
1242 1089
945 1093
326 756
1046 1615
102 1409
1492 719
99 734
165 594
633 452
100 1433
105 739
421 1175
337 105
104 438
403 26
696 1479
929 1776
212 497
401 914
1798 849
828 1471
107 1688
734 1510
1187 1108
1789 1612
1660 1595
1383 681
1147 1085
944 1370
613 586
266 1772
1175 605
111 390
1435 1742
881 1590
1095 1502
1291 224
782 484
1194 1706
1588 275
549 1230
565 708
1003 852
835 1843
1298 99
113 1515
1423 1391
1328 1587
1179 521
115 1128
972 363
123 1513
108 1696
116 1387
1462 1557
1299 1288
114 372
377 877
237 427
932 599
151 1725
1548 266
278 1127
1307 866
753 358
118 1344
119 761
1779 780
510 829
1021 920
451 1638
914 1273
1344 583
120 173
384 1126
973 412
750 1400
1658 85
768 1118
121 22
1499 1463
166 1376
181 1248
429 916
1498 654
122 375
125 845
328 92
124 1102
970 830
988 1536
1445 509
127 1189
665 161
1470 1808
816 911
678 1388
1515 450
126 1262
1342 1490
566 1042
410 1083
1707 1468
128 1677
461 256
533 980
1169 439
130 1328
1487 419
588 1153
132 660
563 1637
1716 301
1760 287
1533 1682
1405 1079
129 78
736 1332
457 1836
453 1642
792 1680
958 1280
194 598
1267 1498
137 1754
1025 528
997 1321
1735 659
1367 392
133 895
134 561
807 608
136 1276
140 447
147 1805
139 803
141 340
957 1073
143 1460
1333 1044
228 1554
1473 641
144 978
1804 1732
291 188
518 1077
987 1569
268 837
145 1146
649 1008
1208 1614
1685 1359
146 1528
1135 1565
246 262
1214 1357
969 1061
1428 1796
142 86
1695 393
1413 994
1410 146
283 934
1380 1383
650 910
1434 445
1013 1320
427 467
591 381
150 1594
1371 674
812 892
1007 1059
148 1070
463 512
974 1413
464 1099
153 1011
791 160
152 320
236 41
1768 1470
1094 704
154 585
1471 661
1422 45
540 94
681 1250
419 1213
619 973
404 746
1268 766
149 1014
156 1456
1301 1666
514 996
259 513
1052 569
459 1007
903 909
1747 1743
1217 203
1450 1771
158 23
276 716
1045 1708
380 53
1137 1618
190 961
632 1630
170 988
947 507
687 1758
1833 1672
160 189
1619 95
417 1163
1576 1371
790 383
943 91
161 1826
162 1119
1521 831
831 753
172 1148
269 486
1830 1203
647 1831
399 1691
735 1535
1666 905
864 253
1060 286
1621 405
1062 1746
749 345
446 943
1132 472
1421 1842
167 1428
1732 1816
168 234
169 329
1076 240
1286 1730
604 939
454 1396
253 107
699 1744
249 1531
171 721
766 523
1146 1323
484 1625
1019 769
525 1324
345 1129
462 267
174 1529
1440 789
175 212
370 1798
669 1764
630 303
1467 1198
359 556
511 671
740 1685
1283 1275
1119 847
1650 470
177 1497
802 1045
1193 292
1337 1710
1561 1366
537 93
1788 488
976 1209
176 368
455 1662
1673 138
1574 1812
179 1578
358 359
639 610
560 1695
389 794
1314 1162
1686 263
856 1684
184 689
543 574
1181 564
182 993
185 751
1690 527
823 967
546 174
827 1767
1575 1054
186 464
187 1135
779 1803
915 646
1310 578
1564 154
1776 1549
188 1581
317 678
467 1286
1265 584
1369 1425
1165 87
504 1648
822 1430
643 945
1050 617
956 331
982 638
183 737
1324 1739
1420 595
1656 492
754 781
192 462
320 1109
193 461
728 407
1381 851
196 1012
1414 567
1061 349
1429 272
1682 1202
191 1382
954 13
528 176
197 932
198 66
287 624
1091 1707
200 259
752 1377
1143 1074
351 54
1180 1056
948 1432
1276 261
199 1563
202 4
1151 265
1023 415
474 959
195 495
1009 1372
1784 77
1088 404
1409 115
1782 1041
1099 1711
1532 1258
204 1841
206 395
952 1103
657 432
886 1097
1820 650
1640 1667
979 557
569 548
852 992
1567 244
889 1560
209 1491
210 1029
1184 651
1466 798
203 688
205 865
1472 1628
496 1788
1628 832
1501 389
213 384
1668 1586
1642 1207
1540 1309
1609 887
1043 1223
1149 280
207 120
208 159
798 740
1171 903
851 213
771 1335
1148 613
572 811
926 1665
211 436
214 201
215 818
1092 685
1799 1150
635 983
1297 1734
1663 1757
1758 690
217 855
218 29
1261 875
1727 335
1433 409
794 576
544 330
219 179
1729 1514
1530 485
1476 1700
432 1204
1279 729
216 968
998 722
834 1385
222 705
996 1301
224 1523
223 861
339 631
1350 1784
221 1600
819 297
281 1064
355 817
724 639
1385 775
1117 712
1073 882
1313 226
990 1632
786 451
1263 1577
1403 773
1696 1217
230 985
225 1407
227 655
1554 1726
233 731
912 70
1816 1120
1772 1659
1525 757
232 108
234 248
1693 663
247 27
1441 1657
264 1518
231 619
1353 1122
1551 833
1281 720
519 658
918 1724
1190 1299
1237 810
1774 1473
1654 1296
1395 735
1131 1503
238 1593
493 1090
805 668
1677 1224
239 28
435 627
1643 1161
240 572
1744 1401
1026 1591
1127 922
243 1446
438 12
262 186
820 1702
1335 1225
621 1060
1017 863
1734 1837
244 1687
1406 90
741 1261
901 1670
242 1624
245 130
360 1552
1711 1313
1629 30
1572 1643
832 235
1309 1661
426 417
1096 1005
776 1627
1048 39
1388 562
248 429
1825 1499
1599 233
1672 193
845 643
1626 776
568 785
251 962
332 241
1047 665
559 799
255 857
1591 423
1607 711
1460 1192
928 975
1238 891
257 1692
693 1318
469 1550
1741 370
1218 886
634 100
599 529
1347 762
1824 245
608 410
1366 686
959 308
1196 683
652 123
1494 1158
1691 57
263 18
625 874
261 601
265 1745
1330 1023
1352 682
258 822
751 1243
507 1095
1809 1785
260 1176
590 923
574 703
304 848
267 1619
603 1774
1712 1053
350 17
679 1718
522 976
272 1100
1040 296
1826 48
1365 426
271 1373
1215 433
273 1580
275 1256
1667 538
341 414
1317 1051
853 823
909 10
1531 977
414 310
274 1566
418 1058
712 1668
1761 88
941 1010
477 809
800 1245
1066 1465
1318 1098
701 1180
1828 455
279 666
280 498
371 1403
1230 1019
1829 147
381 1405
1490 420
1465 1782
1041 908
908 1683
277 765
285 215
1565 986
284 680
286 1678
561 1713
282 502
450 1786
748 140
775 1804
1325 1501
1010 1483
620 1329
629 476
288 1488
289 677
290 1583
787 6
882 522
883 1813
1081 317
1028 536
293 937
1766 1556
1560 255
1659 1596
896 474
902 555
295 156
342 1727
554 1815
1702 1750
1426 1104
1664 1040
296 228
602 1792
297 210
1031 1703
1605 216
1537 1719
1430 503
848 715
292 31
301 396
1424 178
1368 187
1509 1533
1834 958
300 441
900 1009
303 541
836 1035
1755 1671
829 777
420 730
759 446
1229 1650
1108 1389
584 258
307 1690
309 591
1049 726
1188 697
1603 270
844 155
520 431
1510 1429
843 1426
935 876
921 1003
372 1307
1737 1431
1065 290
1223 1622
838 637
1386 1613
306 112
311 1006
1231 221
476 1386
1210 1770
1339 76
367 460
1437 1641
985 1183
312 1253
316 588
984 163
951 315
817 1469
315 59
318 1712
1812 881
319 878
1278 386
1150 109
1391 118
1008 291
1778 1166
1634 1369
322 1002
1795 1032
718 1378
1109 229
323 1511
1378 1522
1055 11
1617 42
327 566
622 692
1479 1575
1118 1720
1216 285
1207 311
1373 912
344 835
489 20
1356 1645
1483 963
999 581
331 768
1384 1748
884 793
325 1834
581 1570
680 149
1185 1282
1506 1452
334 478
656 125
1311 1478
1111 535
336 151
1221 1237
1327 209
698 760
1234 1795
1144 879
330 1233
1377 1117
564 744
343 1084
1620 1066
481 1459
338 950
804 942
1676 1800
515 430
946 1130
1189 625
1412 1316
376 1728
1790 1574
1805 1199
346 225
1122 1057
1288 630
428 938
1260 966
796 1247
365 801
348 204
353 1393
1213 634
706 752
1614 416
1756 483
1463 749
1718 1589
628 83
357 1026
1102 336
354 1375
356 1509
863 933
1770 479
614 844
1714 171
1156 699
1082 1294
1436 276
1454 319
737 434
364 1221
1600 1132
1053 695
366 1341
1791 600
799 1091
1167 964
368 880
675 1605
637 1704
1294 1194
1705 1464
756 524
541 1220
1504 1406
361 1312
369 402
1034 511
606 901
470 121
375 1418
1303 369
1345 1363
1507 101
1113 1274
1308 1078
573 1211
1688 1264
1520 1173
965 1338
1400 1171
1505 516
1087 796
373 821
378 846
1597 936
1355 533
1797 1485
1662 644
684 1144
814 1284
1336 365
995 1165
810 1633
1183 1506
658 9
492 568
911 246
383 1210
423 435
382 738
385 808
595 869
497 324
1793 500
1840 302
809 51
392 237
1399 949
769 162
1701 884
391 475
1133 1602
1020 136
1546 550
1438 230
780 1553
393 1723
1121 948
1130 1046
398 828
1029 1493
858 1270
413 783
1821 1532
626 1155
534 1278
1292 67
400 906
402 1729
405 1524
1293 1017
1703 1620
1001 1526
396 1541
1708 1466
1198 1196
1340 1069
1364 443
1678 645
1814 1512
803 1228
655 1825
409 944
826 563
1401 227
579 615
1800 1603
494 197
1589 457
415 465
416 1610
950 526
1547 1534
645 570
871 97
1389 1819
1786 131
412 1063
1630 530
960 1608
1495 795
839 456
436 941
1751 1545
1612 1445
1016 448
677 927
1226 489
487 741
1072 1134
424 929
425 1694
1811 309
468 1601
1535 1766
556 554
1675 1124
431 277
1159 593
1526 560
661 633
1715 46
547 1449
434 344
437 166
1562 14
1374 609
482 577
440 16
1262 2
442 1254
1233 1331
1272 1345
441 635
444 1349
1275 839
1699 770
443 955
703 771
1587 626
1653 1827
1163 1447
448 299
1706 1343
1202 543
673 71
592 1820
842 269
1684 1621
1266 763
870 157
456 1737
570 385
1273 860
1341 956
529 242
460 1358
1071 767
1000 181
465 900
1110 487
1549 772
1349 1082
580 606
1170 169
705 621
1488 758
472 779
1583 1504
1704 537
1145 1263
1346 1201
1142 1164
471 1751
1536 1457
1419 490
1746 1686
1627 1236
949 175
478 700
879 137
785 183
1432 236
764 904
907 1081
475 496
480 748
1792 1760
1112 826
1837 1208
1296 979
1067 491
542 413
485 713
1284 1439
1566 1195
1570 1520
1354 1239
491 1655
676 1353
1769 47
495 1486
933 1679
1615 1255
917 1395
498 1304
742 1269
499 902
490 814
501 373
1608 531
505 1167
583 623
636 1354
1002 379
1361 1567
1123 222
981 802
840 1571
1360 1484
1177 1055
1486 1525
509 1546
513 1355
755 382
1105 1143
920 1177
895 871
1713 747
774 1238
1138 604
993 1840
936 80
517 679
707 819
1528 328
521 1086
651 834
744 1508
1306 152
1051 81
524 607
1080 323
523 334
526 1616
670 141
1404 1336
994 571
1012 1530
1633 282
715 1154
968 501
1475 50
1606 194
961 1752
1392 1543
1035 918
532 1049
1084 1342
1573 401
704 1188
646 332
1402 1031
555 815
1529 1833
535 459
691 1
1508 43
1128 1268
538 1244
1550 1125
931 742
1835 620
711 1260
597 1322
725 337
1239 1547
551 338
1709 710
553 1013
1694 1360
1154 702
962 653
1796 972
682 612
545 1717
1136 1844
623 283
1752 1339
1543 1783
562 24
1731 1848
1516 1455
575 883
1282 342
1197 1653
558 264
1613 1537
1063 969
1416 1036
980 1437
1249 232
576 1654
1559 510
577 1004
1240 15
772 206
1538 356
1681 820
813 1080
578 1548
586 200
1200 1733
589 1697
1595 1835
585 1205
587 1461
593 774
1457 736
1442 397
1657 970
618 1441
723 1597
601 754
806 1761
833 1779
605 687
1322 782
1477 36
607 1185
609 1790
964 58
611 192
891 1434
612 1450
1228 360
616 1092
1522 1647
1178 321
722 1828
694 987
688 327
1722 411
789 853
1469 919
1204 1584
1635 153
745 1424
1393 207
638 463
640 505
1162 1050
916 52
770 1200
717 442
644 1290
1671 44
1321 1168
1037 805
1070 1259
1728 1246
743 260
648 995
653 1147
1552 127
1652 482
1153 1838
1444 494
1523 271
906 196
1376 1234
978 664
660 897
885 862
654 1453
1277 1302
869 1421
662 1646
1166 1669
1787 960
1014 1252
666 915
667 952
664 1325
1604 672
671 1635
674 1121
1074 1113
1285 676
975 632
1527 921
1468 454
1042 341
1518 1705
1767 1521
1382 518
1801 1295
1563 1216
689 1636
683 493
1372 1422
1018 223
1807 603
1586 1159
1247 1492
685 1681
1541 1741
1496 842
1396 184
1590 387
1425 589
695 514
697 403
1836 1640
700 1152
1557 98
738 1791
702 696
890 1137
1069 1777
875 238
1762 111
1125 797
708 1123
1141 268
709 1809
1114 1411
721 750
1485 1440
714 1179
716 616
1742 1096
1777 134
720 864
1222 1311
729 1039
1810 139
867 1094
732 82
1085 1087
1581 1656
1489 951
1452 1846
1351 1212
746 1462
1645 145
1764 1298
1086 1404
1176 1101
1719 1821
757 954
1698 707
761 195
873 466
763 1559
1134 190
762 558
765 1435
1201 306
874 1025
1104 913
963 925
892 520
1186 1075
1101 1507
1524 1839
784 1068
1206 1416
781 19
777 1347
1274 191
1387 247
1723 1709
1250 940
793 764
815 116
1316 1021
1717 867
1610 1300
808 1562
1199 1145
866 96
811 343
1203 117
1408 1317
905 873
1227 208
1511 75
825 198
1332 79
1270 872
1679 1516
1624 1629
1078 217
937 590
1461 1067
1733 1105
854 1306
897 1226
857 1817
861 220
1427 1715
859 64
1517 7
865 316
1106 622
1622 1140
1038 1698
1304 5
1503 119
887 1609
888 1191
1243 1555
1592 1222
1771 990
894 499
1005 205
1057 1716
904 421
910 408
913 361
1155 1551
1596 549
1639 288
1500 984
930 61
1765 1033
925 684
1802 371
938 728
1616 534
1720 1845
1244 1110
1290 1197
1569 1762
1394 1423
977 1062
1407 1024
1831 843
1212 124
986 84
1245 1229
989 424
1582 1626
992 313
1251 1442
1011 931
1601 128
1022 425
1449 165
1763 132
1064 1283
1039 580
1453 366
1044 1367
1334 656
1312 928
1697 953
1059 391
1651 1759
1075 254
1827 1181
1077 346
1480 180
1083 1753
1103 1285
1482 1348
1571 1644
1120 924
1139 274
1680 1364
1726 377
1174 539
1647 1639
1819 1769
1585 926
1164 755
1219 219
1319 649
1195 218
1205 1773
1749 1227
1631 1410
1252 1806
1446 981
1220 724
1577 1810
1464 49
1225 1170
1348 1436
1248 473
1555 1579
1255 698
1256 614
1258 1658
1269 1652
1553 150
1738 1689
1598 1107
1300 1474
1739 3
1315 1789
1674 935
1320 1308
1323 1768
1661 1611
1775 398
1417 1476
1343 673
1817 1361
1484 991
1740 582
1459 251
1397 640
1411 893
1415 1030
1725 947
1439 68
1448 25
1638 1582
1481 1505
1514 1277
1513 325
1773 596
1646 1018
1632 787
1669 1022
1808 1778
1689 440
1692 1112
1753 1346
1822 587
