0 1440
1998 1267
3 1034
1997 1213
4 682
1996 1992
1995 128
6 910
1994 858
7 1624
1993 456
8 1709
1991 1516
10 1113
178 878
375 22
1398 1458
952 1211
859 1759
37 61
1045 1181
593 1254
1344 1453
1582 313
1 511
2 138
5 1170
1603 498
800 1313
289 912
1049 312
174 1894
1999 308
9 1157
11 726
1717 172
1422 702
79 170
1089 1991
750 1066
12 1395
13 1598
49 767
960 352
157 1316
1527 1803
14 1293
1098 19
1766 160
734 1799
865 1043
1466 670
252 1091
123 330
886 1390
411 1055
654 68
15 1768
1812 573
565 101
658 960
1088 1385
1242 1011
1665 720
232 748
106 468
1294 1763
104 1194
821 415
1150 1899
335 439
1437 746
16 1131
17 894
690 1781
257 807
1547 622
28 229
1137 1238
1667 416
290 449
1103 1416
1728 1522
410 152
1712 333
1111 1480
464 232
703 1104
188 1686
1913 504
18 109
19 560
20 1635
1855 1430
236 1145
1646 46
25 1232
1167 48
1948 602
841 1953
941 1312
43 605
1510 1105
540 311
112 1226
384 127
342 316
893 234
22 632
23 432
847 800
725 1286
1353 1464
970 1252
784 1288
21 83
24 1250
1499 331
1989 377
762 528
575 1031
1332 1529
1262 159
1757 193
1082 1280
1987 638
262 1793
1334 1608
26 1428
738 213
778 574
226 112
998 1543
27 958
291 835
1708 1676
1509 1771
1649 1060
1409 1115
552 1387
1615 1801
1863 1062
818 1134
722 52
320 242
698 217
731 1643
953 395
29 1140
30 236
1431 1748
1183 376
1215 35
31 922
1371 233
1087 72
906 911
740 1794
284 189
1836 721
32 814
436 347
1689 1092
1112 672
373 75
33 1087
624 244
1326 484
1661 847
220 412
704 1302
907 786
1195 1559
1169 813
1641 380
192 295
1825 1245
1037 846
1126 197
139 865
923 780
1007 1273
35 1880
811 1065
1068 467
795 1566
1526 1586
1418 1357
888 1741
1034 1744
36 1069
1156 226
1488 1351
227 818
1127 440
1932 1294
1629 134
1922 628
34 1446
38 713
39 595
525 519
679 196
684 1975
1771 532
1828 492
1252 1114
443 340
607 1554
672 1228
41 1454
1638 905
82 1382
1972 687
1013 105
40 464
42 1494
1980 884
1944 824
1831 501
92 173
173 1311
1363 1860
1263 73
781 1782
1640 1866
254 1924
93 1196
582 1882
242 1204
279 1749
1244 212
44 784
45 302
455 1080
1385 1350
1752 1296
441 535
1614 1320
46 540
869 237
1179 1032
465 627
1619 1852
47 1665
389 777
181 326
322 379
1276 406
1173 1008
198 656
353 1944
741 569
1928 1658
1158 1002
1897 341
1494 1184
1810 635
838 593
1596 343
48 1171
1544 1859
885 810
1891 1521
938 762
1278 1853
1975 200
50 257
1690 1074
1974 49
619 1353
1612 594
51 1417
52 1862
1720 254
53 926
997 446
1302 219
1701 1419
625 1487
1467 1236
1895 1003
1642 1142
1656 559
80 1717
137 1544
1178 563
1025 1584
55 757
1687 1672
745 1019
1724 982
96 1902
1973 832
1243 1970
1012 29
755 332
54 1155
56 1574
742 852
1659 1593
196 1277
957 953
1731 1224
1686 1644
57 1306
878 21
868 1785
721 1949
810 703
1516 1046
381 834
58 1219
77 1054
894 575
1877 1435
366 356
758 174
59 954
760 1075
60 1843
1879 1719
1200 839
317 591
1285 1326
850 0
1351 1067
61 706
1286 1877
1573 844
132 1813
611 592
1876 977
62 1745
63 1088
253 460
379 997
1898 1652
936 1567
1147 151
199 965
477 735
616 1784
1849 1068
64 946
65 247
66 1940
481 1136
1788 1914
1271 998
67 738
627 1907
1247 171
805 1875
1180 1675
1378 177
1813 886
68 1364
69 214
1962 1517
1858 474
1685 1552
554 1339
191 1560
1009 1284
1323 387
1377 1052
70 1538
71 325
1783 1533
1776 619
86 334
72 1305
1233 1947
1433 859
1610 1402
520 1849
948 924
1307 1824
88 1839
321 898
1052 581
73 1303
990 1490
341 1869
642 1121
470 551
881 629
1490 304
74 906
1977 1030
1095 1283
246 107
1152 606
75 626
1184 1317
756 269
1597 760
76 60
1805 659
772 1079
1227 1081
1379 41
1843 741
1413 54
275 1960
1475 761
1779 557
1010 1774
1703 1810
1749 205
336 1449
424 1268
877 323
1148 1671
1636 1433
1934 1996
167 1523
78 1281
81 1956
533 1765
1676 1815
1802 1058
1981 808
889 752
418 16
1000 1502
83 1704
1264 1405
1219 1827
548 1476
263 1061
727 1014
1113 10
1478 1798
459 546
1125 71
924 1371
368 59
473 417
1521 391
256 1845
1001 1393
1027 1674
1622 739
84 291
85 709
1838 901
154 1484
352 1758
1283 222
429 1392
1288 375
87 1106
608 1221
1990 630
1834 802
1513 1780
1417 837
1738 686
917 1257
1976 778
1627 1701
1735 1370
1926 264
1506 259
1672 1354
966 1173
1472 224
90 1362
91 1629
916 1472
183 728
1818 1116
660 1936
1917 1908
1919 270
1193 568
1236 1509
142 45
1426 1954
967 1633
551 1912
1145 661
141 684
146 1535
707 1255
1971 1680
89 699
713 913
1044 1942
692 637
747 1911
1539 1591
94 530
95 1599
1662 238
1955 1367
1428 1372
1408 366
890 350
1084 1340
1129 1422
207 836
1546 133
1881 705
97 736
98 1938
1670 1475
1246 980
640 1663
1842 567
1943 509
99 1729
359 1943
570 599
744 983
1097 249
1229 538
1086 779
101 555
1727 598
1940 1965
799 631
1793 712
212 1735
100 494
1381 436
944 1594
102 991
1623 231
798 53
880 88
1745 1754
1240 1150
160 1891
1710 1876
1871 1555
1657 1789
445 1431
364 678
1189 1547
897 263
912 1187
1790 454
103 929
105 220
1954 1519
1399 510
469 795
836 106
1128 949
428 183
1254 1111
858 1557
1569 1726
1224 1677
435 624
1055 404
1648 1408
648 907
813 1133
1425 1766
108 1287
109 603
1799 1167
1046 1117
853 258
273 1138
107 1169
425 994
218 817
296 119
985 1618
1696 144
110 63
111 281
1383 1840
502 1057
962 1324
793 1159
113 1925
1104 1808
749 604
114 1260
244 680
360 1816
801 718
733 882
1778 986
567 1269
338 775
125 874
245 1507
1529 790
1107 1513
1637 297
115 1885
1691 714
842 1411
1339 524
939 1195
736 1982
116 179
791 764
269 674
1564 251
117 182
118 1076
278 1848
776 500
1370 642
345 301
846 24
752 1225
119 1702
387 1090
729 1688
715 1723
1705 165
934 1503
120 1096
921 1534
1404 392
238 561
1755 1841
121 1183
1114 1237
1140 163
892 50
1591 888
155 825
981 860
706 1642
122 660
124 597
1217 566
138 293
1851 868
1620 1609
1483 1857
814 235
1920 1712
126 1788
1225 1969
1651 683
448 1485
127 549
665 1863
1023 1010
726 1842
1574 181
576 578
605 710
1774 1610
561 273
1744 681
128 996
129 1590
895 944
1930 228
1176 485
1386 66
130 403
1024 493
1199 1292
815 957
1523 327
1487 79
1773 1207
1552 1048
751 1948
694 1606
1175 1022
131 1368
613 1691
1444 587
1496 610
1367 1469
133 815
316 1166
1570 198
134 1343
1306 287
908 1524
135 1689
328 1498
476 1336
1432 1819
1748 1988
136 1178
1815 617
851 1394
1967 805
298 1734
978 461
148 962
303 1409
1782 87
1223 1964
1390 1094
403 131
922 1527
649 787
1706 1414
716 897
770 838
475 355
1060 1571
1699 1500
1850 556
835 1215
1982 801
140 1896
305 346
728 390
1504 1532
501 883
277 1501
1935 740
1739 1727
1753 1963
1081 527
1249 1291
1062 1112
143 246
144 1434
1004 239
1135 1129
1298 653
1021 358
423 612
331 9
200 266
1194 1026
151 223
675 696
1588 995
1942 842
968 248
147 441
149 483
1228 471
873 1651
145 1646
150 1984
1324 370
1939 1412
1287 896
954 506
169 1263
420 1137
444 1718
152 1164
1186 1097
153 1627
1057 531
383 1548
1492 1846
557 462
1102 42
259 1152
1886 1139
243 115
1554 315
156 520
542 607
442 319
1149 543
969 692
857 639
1872 1247
1860 708
1682 1429
194 1018
1453 1588
1674 797
1026 664
1484 1791
1794 1439
488 737
1854 1520
1806 201
478 1461
376 448
1458 180
158 37
159 1239
645 114
1760 1444
1595 148
1625 1053
560 1621
1465 1731
162 210
221 1334
1177 1753
1763 1703
163 1542
164 154
1532 956
1256 572
1172 400
592 1163
161 1740
165 1289
875 698
1924 1309
433 1301
1461 1126
166 1920
261 1123
1795 1549
350 827
1058 1622
636 85
1946 655
702 833
1820 143
1811 47
1885 1143
1144 1375
1598 588
168 502
406 276
1491 869
1222 723
977 1492
528 1103
1321 981
547 1890
171 1720
1338 64
1036 1597
1840 442
1500 411
1792 1828
202 539
170 176
1945 1108
1402 1526
837 283
172 167
545 851
826 104
971 360
1600 260
1543 457
271 15
175 401
370 1921
374 1282
558 1442
176 763
761 1135
1563 1711
504 1036
177 900
1823 149
1697 1654
1801 1037
827 470
863 135
635 1756
314 1981
1988 116
179 793
1562 1356
180 455
1893 57
1136 1616
911 776
816 1985
285 1415
1299 1577
182 799
1473 644
564 751
606 1505
1912 309
1141 959
1397 1406
543 1604
898 70
1800 1636
1380 577
1445 1264
512 410
1389 1664
184 1360
1480 1946
233 1679
615 294
1301 1713
993 1722
559 928
185 774
186 908
1931 1349
1968 798
1202 39
187 623
779 518
628 1095
1683 821
817 1656
355 1865
189 711
1006 1045
1732 1407
1785 482
190 770
1296 707
700 625
1857 1082
872 190
1017 1732
193 102
313 1404
1214 209
862 523
1833 942
195 582
1559 12
951 1216
201 271
1796 1979
1780 1645
197 1056
919 1049
759 96
1073 371
354 1518
610 1751
1909 1182
1827 919
1958 758
825 729
905 1919
651 1611
933 1148
1587 1185
1352 6
505 1418
1633 590
980 1952
203 363
983 1783
824 338
683 1295
671 756
204 1467
1767 829
205 36
1791 1161
1220 389
340 386
1318 584
958 1328
792 292
807 1270
686 280
206 1706
280 525
208 305
623 1084
209 1077
1485 1551
1970 1153
1581 1931
1507 870
1609 930
371 1909
1032 1531
300 250
484 890
538 353
1300 298
1423 121
211 261
1442 1124
639 1834
210 1878
647 34
499 1826
1260 1767
831 1510
1188 512
1056 32
1602 318
213 286
1741 1687
992 849
214 157
531 279
787 82
991 1499
1355 769
215 26
216 1508
217 1248
395 730
790 206
1589 1850
219 803
518 1797
490 1243
796 589
1952 1493
852 1619
788 1628
1268 1470
222 475
534 1327
1030 463
223 120
272 742
1449 1807
1476 77
926 478
574 513
1387 651
229 950
224 1537
339 693
753 1218
1555 586
377 931
471 407
1584 1955
225 1659
1305 1861
964 329
1048 955
947 472
1862 1233
1174 1634
1303 1978
845 1630
228 1617
399 142
1253 1119
982 1825
1647 1666
1772 1817
1388 973
1382 666
230 1932
467 306
769 554
247 78
927 23
1080 1805
920 1491
1272 290
231 1029
662 7
318 876
463 895
234 1889
1454 1240
274 126
1821 1764
1206 373
1096 1451
1119 640
329 98
594 1473
988 1186
237 873
1369 354
1459 633
1429 773
1903 1762
638 1071
1503 1432
235 1465
239 1125
240 18
1312 840
241 1242
1645 812
900 1951
468 881
1275 819
972 1388
1684 1660
1558 914
783 766
1761 716
573 1511
1420 759
1396 1093
1477 1262
1719 367
976 1837
1907 785
248 252
400 1265
677 13
891 1795
1639 1191
1816 940
249 1325
1694 1682
1743 1384
250 1421
426 1570
1325 158
1611 1831
351 1695
600 1321
1515 822
949 447
737 984
1721 1986
844 1724
1572 1579
701 648
1218 425
1412 166
1826 1341
1047 65
251 676
302 1342
1829 1900
297 1650
407 4
255 1188
1754 1582
378 675
1054 56
365 1359
719 734
258 203
1978 771
1315 488
595 668
380 934
267 1945
1870 1603
1040 192
260 451
1984 1602
1511 853
1395 422
999 1172
1279 452
462 175
676 357
903 137
1322 765
601 240
503 1040
1486 1757
1226 887
1844 1993
1258 1298
264 1189
265 1399
388 823
1655 1806
266 369
1168 466
1902 596
282 1160
1681 941
356 130
1441 303
532 820
979 300
994 1249
268 1107
1798 936
270 979
1963 904
915 1000
367 320
669 1471
1008 1110
956 1102
603 662
1205 1667
479 90
536 1044
276 611
1663 399
1531 1120
1340 1345
626 614
1590 1721
1237 704
1401 51
1362 1823
746 677
315 1613
1718 1285
480 794
1577 1168
860 654
1830 299
281 1568
1066 893
1035 1710
1122 1752
1196 1436
693 550
1436 1974
1372 499
283 1976
1041 690
1933 565
286 1413
943 747
287 218
1551 1401
1723 1883
764 968
1607 830
637 8
589 405
1015 93
843 1235
688 544
1065 5
288 1836
292 1381
1671 465
597 1004
1653 1101
1424 753
1038 1639
1474 564
294 91
293 1437
641 975
1341 1016
295 1039
1201 1881
1550 1638
937 421
1852 1459
1297 1867
1463 1705
1108 497
299 1673
828 1495
1456 99
945 1180
310 268
323 1575
301 1971
1368 993
1768 1256
408 191
325 1829
1016 1005
866 393
1775 314
763 553
1878 1064
514 514
521 788
306 1347
1079 1733
867 80
346 1050
304 1323
307 1565
883 1581
1586 1346
431 657
1875 1699
309 414
1356 285
1512 1707
506 136
1950 1373
308 253
1043 1545
1737 679
856 1760
1333 408
496 1335
1759 1318
311 867
312 857
1524 361
720 44
1311 1386
766 1822
474 477
482 1006
1652 1844
1704 1158
1750 1369
1889 1769
1613 1728
511 783
602 1496
1197 613
1403 397
659 155
1534 1572
319 1668
673 1258
513 1024
914 1736
1154 402
326 1307
580 1149
1894 1448
1020 1332
1407 1821
925 1770
397 1506
1817 1525
1777 1730
369 1786
1109 1214
451 1165
324 1308
1956 1967
1115 1833
723 97
1261 1980
487 688
1074 74
398 418
754 732
327 1085
630 1573
1213 1271
330 1146
1867 1344
332 11
1051 1197
1094 1144
1267 1776
1447 479
1628 1025
333 811
1440 789
1540 880
334 1632
1231 1452
1631 1655
757 1678
1916 536
588 147
666 1884
1471 1322
1067 1995
1221 1587
1960 113
337 1694
617 1683
446 1489
650 1747
1722 806
581 1009
343 1488
1711 1007
1479 1013
681 146
344 1835
1309 665
950 999
1567 1330
1869 69
1131 1648
1702 1934
363 816
347 1154
1464 1042
1734 489
1501 337
802 194
348 548
1204 1838
386 43
855 1028
349 443
1856 645
1092 932
1733 701
1566 55
1075 1365
909 826
1455 1118
959 1017
1841 1681
1819 382
887 768
357 1856
358 161
1846 208
1781 618
549 1100
1117 438
1211 1928
1266 537
1069 1958
1508 1990
524 1657
587 1299
663 1690
1050 1558
1345 925
1212 156
1460 103
1077 743
361 695
1439 1626
598 1989
362 1868
996 877
526 1059
643 1641
449 1904
1164 772
1350 1961
1949 1855
832 685
1450 796
372 381
1519 1229
1847 1698
507 31
1959 1870
1837 862
1106 667
709 1027
1329 583
508 1275
1915 1578
901 230
1983 1272
1528 1640
1110 339
995 1070
382 140
385 459
1556 139
1003 848
1668 267
1517 1670
517 1999
735 1561
390 515
391 1089
392 1
1241 289
393 38
674 1653
823 1338
1270 1715
394 1109
396 541
1100 923
1905 168
1726 1333
1452 899
712 1290
1457 938
1698 262
1808 1787
1865 1935
1787 1012
644 162
1090 576
401 1930
1121 1234
631 384
864 976
1868 1775
1138 481
402 150
569 195
794 81
1255 1379
404 1246
775 689
743 1903
1822 1460
405 487
1216 1746
1715 1035
1522 288
409 1773
1901 872
1887 1923
440 486
1342 1244
412 1021
685 864
413 396
1349 1015
1374 649
414 1893
586 1438
730 652
833 324
1181 697
415 809
416 1504
417 1987
1835 476
1495 1864
1005 1128
419 1939
1979 117
421 1230
1337 1772
450 433
572 964
422 364
1319 1403
849 1383
1248 1177
1142 804
427 1737
1797 76
1678 1361
578 1888
1918 641
1669 1259
804 1913
1900 507
1634 1389
430 1156
1514 1331
432 1906
1769 1814
434 1072
1257 186
1770 1374
437 1576
1123 1832
1784 927
809 1456
439 937
1961 1276
1427 943
1245 1585
438 362
830 335
1161 164
870 558
1029 1223
579 918
583 1203
714 378
1331 1141
1468 431
447 1463
652 866
541 1872
1947 1528
1541 1020
1986 948
1070 204
1011 694
452 521
453 1377
1859 831
510 1697
1498 359
1192 579
454 458
456 989
1542 374
553 1725
622 1564
1874 62
1730 1742
457 255
1518 601
1626 1410
460 108
458 945
461 1179
485 971
1274 225
765 491
1906 1847
884 1363
1594 469
498 571
1824 495
466 615
1317 972
1064 100
871 84
516 1684
472 505
633 274
668 691
1549 1483
1575 1755
1277 178
1725 33
661 715
1209 1427
1565 1033
785 1874
1941 1804
483 1450
486 1887
523 1174
1171 1205
1031 1809
739 473
1259 580
940 1441
489 275
1364 245
1284 1983
491 620
1966 1497
1929 1193
492 1376
493 1358
1238 2
1585 1778
571 1743
495 1685
1451 27
1908 1998
1814 1973
494 1647
497 920
984 650
500 1445
1133 1918
529 1206
1904 749
509 67
530 426
782 1397
1617 185
1234 95
515 132
563 123
1789 1937
1746 1595
519 480
1293 700
896 1905
1616 89
1604 969
522 516
935 1251
1406 879
1063 1208
609 1901
527 1366
670 724
1747 517
697 1790
1680 30
1666 744
1505 1380
1039 1297
812 420
1394 1929
535 490
973 94
1593 1620
1553 1926
705 722
1210 903
1561 915
1448 1614
1105 444
634 125
1376 892
537 951
808 547
539 1541
544 854
1635 322
584 534
546 985
1343 365
1992 990
1273 216
550 1898
1493 1147
1583 791
680 988
1335 1820
1679 939
1143 1959
1354 145
555 40
1059 430
568 1916
1765 1873
596 1661
710 1649
1411 187
556 1802
1348 92
1078 1423
562 1348
1880 310
1497 608
1292 1086
1832 1231
1187 522
1281 1209
566 1378
1239 673
1938 992
1365 383
1675 388
1985 585
1848 1443
1151 1127
1658 1536
803 1227
806 1199
1232 1693
942 1580
577 1777
612 1605
1435 1151
1384 423
1022 1625
585 947
1400 1200
789 453
590 1512
591 1038
820 526
773 1217
780 1477
599 1175
1295 1355
839 1607
1130 1023
711 296
786 58
604 1315
1282 850
840 1202
1182 345
1693 1563
1250 647
1866 1051
1545 727
1535 1669
768 1220
1644 344
1921 277
614 529
1159 1596
1654 1514
1736 921
904 256
1927 221
1864 1895
1269 1779
1489 1933
620 1001
621 122
618 974
1548 1968
963 1738
1804 20
1290 508
1762 634
629 1400
1430 1696
1328 1300
1882 1692
1163 207
1632 328
632 1917
656 1468
1953 1073
974 435
1083 129
1890 1486
1316 1592
767 1425
1358 278
1357 1922
646 1550
1446 169
1336 1515
1910 952
1538 861
653 967
975 110
655 916
1139 1457
1327 1601
657 562
699 1083
1664 856
1751 243
1845 1241
1481 1854
664 1708
1099 427
667 124
1330 450
1375 1583
1695 917
1438 891
1599 428
678 1304
1462 1530
931 1761
682 1132
1601 1424
1118 1994
1839 28
989 1319
774 1812
1160 792
732 1886
1470 1800
687 413
1434 889
689 1266
691 1426
1346 1662
718 609
695 1198
696 1540
1308 909
874 424
1630 282
1314 188
1557 215
1742 1210
1643 1811
708 1314
717 317
1688 542
1969 1879
1028 658
928 419
910 1796
987 1792
1310 211
724 1212
1251 1556
1673 1910
1650 394
1443 1261
1883 1190
1807 755
965 1447
1170 1612
748 14
1571 351
797 719
1120 1858
1809 1553
1576 1398
1116 1539
930 636
1162 227
1951 1482
1134 935
1606 1562
929 1162
1923 372
1764 875
1707 445
1230 368
1964 1615
1304 843
932 184
771 966
854 845
1568 600
777 1278
1914 885
1530 828
961 272
1373 153
1410 496
1101 1997
1033 348
1391 1337
1208 782
1677 1818
1265 1176
1469 552
1936 1420
861 570
822 616
1716 241
819 398
1166 963
1896 933
829 1466
1421 437
1124 409
1578 1623
834 1481
1580 754
1359 1310
848 1478
1157 1871
1537 978
1592 855
1536 1041
1207 1569
876 503
1165 671
879 1962
1002 307
946 1897
882 1099
1132 1977
899 1739
1660 669
902 86
1520 1892
1071 1941
913 1700
918 284
1392 646
1053 336
1419 1589
1155 1750
955 141
1899 731
1756 1130
1740 1462
1579 643
1019 1222
1291 385
1393 545
1853 111
1888 202
1366 1957
1014 902
986 1078
1803 733
1605 745
1560 1915
1786 863
1313 1063
1525 1972
1873 1391
1911 349
1700 1122
1925 961
1076 321
1482 841
1018 1716
1072 265
1861 1830
1185 1546
1884 1274
1042 1637
1624 1714
1061 750
1198 199
1713 3
1280 429
1085 987
1235 717
1091 1396
1093 1474
1289 118
1153 533
1146 1950
1415 1600
1191 1479
1190 1329
1203 725
1709 781
1347 1352
1965 1192
1692 17
1608 1098
1320 1851
1361 970
1502 25
1414 1927
1360 1201
1405 871
1416 1279
1957 342
1533 1966
1621 1253
1729 621
1618 1047
1714 1631
1758 663
1892 1455
1937 434
