0 922
2 1350
1948 1356
1946 1915
5 650
1945 1885
1944 336
7 1043
1943 924
8 1562
9 498
1941 1178
11 1842
1939 630
12 1193
1938 1555
178 299
374 4
326 353
1514 224
950 387
328 734
1057 1680
1679 935
1491 1489
1860 1234
1602 853
1 1029
3 1567
1949 1865
10 1199
1942 1631
1940 1801
13 560
1598 1868
841 1809
835 417
372 1393
429 562
1115 1381
1205 49
1628 462
1561 826
4 914
6 11
1947 1431
14 953
1717 182
121 1168
1126 80
1902 1816
584 710
98 843
161 1559
1116 599
833 283
813 960
817 1354
541 1763
1903 1224
857 1564
15 1306
16 1706
1098 1047
1801 677
814 1079
945 1310
1447 824
367 1911
1176 19
262 1738
1363 1488
463 1118
780 1694
1910 1571
1477 135
830 383
990 385
42 791
1818 3
18 544
106 1613
76 594
1921 1520
231 1105
1305 949
534 640
575 154
825 183
1293 47
17 1332
299 1590
1662 1606
1615 1658
20 1145
376 1373
1141 1162
489 432
1301 265
1923 122
97 1380
1448 1361
1671 529
227 721
19 1258
1408 1617
783 641
1936 1394
393 1352
492 1189
335 1028
798 513
1855 1757
1016 185
751 840
241 311
1728 250
681 259
1327 147
21 732
23 956
838 1329
1876 1041
1653 245
166 855
73 1878
394 505
22 1080
24 1298
1223 192
215 1083
1689 1850
273 1272
572 1759
586 28
247 854
927 1221
842 865
1550 1405
1074 335
1906 264
998 741
761 1814
25 453
240 1110
697 1722
1459 1248
422 645
96 1902
803 398
386 1192
1294 1237
313 1695
1817 1504
1731 583
28 707
818 203
858 983
962 1689
1772 455
442 761
261 1407
27 945
291 1656
1743 769
1639 1021
1764 244
756 1928
252 792
708 1833
1698 37
1068 939
26 881
29 502
30 1871
1856 406
709 1135
1693 348
1067 973
552 1376
1048 649
72 534
1306 267
31 1204
1866 1323
779 78
363 1528
1831 1257
946 481
1021 485
1243 1268
1470 1857
797 1231
454 965
32 1288
570 602
118 805
1473 1505
1552 1753
480 1085
883 555
33 227
444 440
528 1665
1722 999
39 331
259 1098
1804 1102
482 334
1310 891
350 745
662 1487
345 639
1493 516
34 1754
35 293
624 1090
1322 759
1656 665
303 1321
316 559
1193 1009
36 1652
1641 711
1917 1742
234 751
123 577
1282 512
297 194
383 360
1169 871
1840 400
1490 874
1629 225
431 902
37 1690
852 1477
473 321
136 289
965 1561
208 1384
38 328
212 188
1677 1855
1020 486
1423 1036
1732 21
919 211
548 1292
1597 123
1311 1907
566 1611
1507 1535
995 1025
354 1233
40 68
1915 65
168 1119
508 322
1773 443
529 428
1595 1815
307 841
897 1595
41 644
1435 1741
759 1228
909 1471
254 951
195 490
1828 593
1713 507
1752 58
855 96
1107 327
1673 141
609 1044
734 274
209 1333
207 1271
1114 422
1351 752
44 351
1509 795
587 241
199 628
170 580
43 575
45 1667
1399 966
1345 1320
1416 23
1576 1780
543 494
468 1942
704 384
1297 1479
149 116
90 1165
1622 600
994 742
1885 756
46 1387
315 1064
135 882
1774 296
1505 1348
48 660
1381 506
999 341
1110 15
1458 1745
686 609
1467 636
443 1691
47 1795
866 637
1853 1587
753 1437
1603 1866
617 1225
940 829
804 1619
873 174
1256 1203
79 273
49 1223
615 910
792 1391
379 306
521 1116
1418 1134
915 1266
1269 1065
692 1686
255 217
1134 1565
1813 876
50 545
51 148
56 542
1151 1339
1538 1828
52 230
1544 483
191 326
815 1516
997 52
1136 735
53 1303
295 1729
1348 1711
744 167
1441 848
470 818
511 186
769 381
1868 715
518 130
54 449
845 413
1073 567
138 1603
324 617
1811 549
782 1197
705 846
1663 350
515 1507
1887 149
889 1913
1444 1227
650 1033
982 168
1755 1623
55 343
57 425
690 1925
1697 944
1919 1755
340 1945
1472 391
829 864
1035 877
58 1862
392 763
739 1091
1422 1108
1694 1650
59 463
722 1312
362 445
1881 564
959 1836
1487 754
1808 1624
875 941
948 1939
929 1655
1744 1733
1553 515
1736 437
720 753
1091 717
1280 861
1883 1718
70 1112
60 527
71 586
1214 1171
1757 397
1092 471
1096 794
61 1938
300 206
958 1179
1163 799
642 1081
62 1432
1551 309
1159 713
1432 215
1200 209
1191 1877
1482 329
1284 1206
923 496
1729 1597
467 1499
637 1525
64 118
1286 796
1001 905
293 1515
1838 1397
1896 1664
1756 63
322 927
253 1629
1478 1140
1080 894
1182 129
1392 1874
488 528
816 66
1347 828
1462 439
1608 1769
1723 1338
63 514
66 1638
236 1259
905 1374
634 216
773 1419
1512 1364
1636 285
1768 866
65 500
574 371
450 835
1246 810
151 181
169 1700
180 1017
67 82
68 70
540 1793
1333 1346
884 1177
772 1472
1218 503
171 509
1649 809
1837 1808
69 0
1884 1097
1125 1274
381 1568
1143 314
1148 145
1696 1375
197 1531
953 736
438 1775
862 308
676 612
952 504
563 1454
956 20
589 1138
176 1219
1834 673
1894 404
1299 1895
963 1731
1122 1137
1061 169
1613 535
1518 1144
493 961
1920 261
1222 1934
856 615
105 906
1254 153
74 1417
1469 1673
1688 1226
1104 931
554 1618
610 1919
341 193
1660 1176
1888 897
647 915
1824 1558
520 1654
893 386
75 427
329 830
596 1286
599 1893
77 446
78 671
649 708
1712 280
1778 1859
177 779
1344 814
88 1230
1657 171
700 1305
80 319
275 800
1033 1750
691 1764
886 1589
904 1518
878 1068
1049 785
1826 121
1307 790
677 172
249 489
625 1211
1528 631
1419 301
1701 29
81 1573
795 556
1607 1434
653 284
183 412
785 692
1185 1486
82 109
928 1643
503 616
487 456
603 1783
1759 1276
112 260
403 1236
217 1359
417 847
1017 1929
943 1251
85 626
1346 1864
388 652
83 95
1264 1198
1216 1768
114 1666
298 1797
1247 892
977 1699
84 26
86 1806
87 235
727 1799
1230 777
1593 1053
1131 1803
1877 392
608 916
1600 1728
1645 1175
1188 266
545 1584
1291 1455
1317 987
993 693
1795 419
89 1429
519 1174
92 666
196 1190
475 1294
881 1854
1527 1918
707 909
768 946
1121 621
1097 44
648 1837
139 458
1468 525
595 1012
128 48
1706 607
1935 1672
455 1130
1815 231
174 1136
1776 1633
330 202
101 1334
1646 1501
1330 998
859 71
179 610
1849 1732
1584 1495
91 976
93 55
666 1023
613 1155
687 967
1769 638
1898 177
94 1349
660 1336
389 815
158 1483
1882 510
1483 416
1526 46
1760 1579
582 372
95 667
533 164
1937 1301
1065 1682
766 163
1150 196
225 1819
1412 696
272 1897
514 1537
216 1311
601 901
874 1229
713 1365
1690 27
423 1335
1189 972
434 100
1341 1846
1099 170
476 579
605 968
1302 1441
836 407
1296 1456
1907 86
847 1550
413 634
137 1604
1486 405
292 1947
1046 550
1240 1209
1745 1307
451 508
1747 1128
1129 1770
1391 921
973 1719
560 313
99 1600
100 1637
425 1279
839 290
352 1215
688 1235
282 127
401 858
901 596
996 1290
846 539
232 1909
1089 291
1844 1881
102 1890
1463 860
989 1222
865 1166
104 1930
1814 1889
949 13
267 1735
1577 1100
1781 1220
103 1244
160 144
1705 475
1806 317
784 473
661 325
1144 726
110 766
173 376
214 524
941 1277
1388 1612
314 357
1377 1641
108 42
592 213
627 1239
1359 520
1591 151
1643 448
107 1484
1221 1034
651 1476
937 624
1843 959
827 620
333 92
1871 1366
805 57
1455 482
109 1563
111 1668
190 176
1272 755
1506 744
1625 1900
1440 1931
799 1557
933 190
408 1822
702 1315
939 1262
1180 187
260 243
966 270
1109 491
447 497
113 1150
1079 787
420 1514
115 1319
1009 1131
320 1747
629 1463
163 1879
1069 1798
1130 315
366 1702
1730 22
116 627
1088 1214
1791 239
1022 1723
117 1013
1371 159
339 870
286 1362
1930 229
1724 1867
1421 697
1352 1569
1691 133
497 1067
1277 533
1118 1153
680 1681
157 932
1788 816
1438 1462
513 947
1809 1152
1812 107
1393 1020
1460 396
119 402
120 258
278 84
505 1580
1003 208
1042 981
1389 629
1184 106
809 94
1108 200
872 1107
1292 1544
1445 948
1439 1022
921 833
1805 39
1495 1289
1172 1094
1516 363
1642 1285
1192 642
1337 232
954 1447
1273 608
1682 730
122 132
124 817
740 1002
826 1183
1382 1574
125 925
1094 674
382 937
360 1914
126 911
127 1440
1620 775
165 1693
932 739
1735 352
1261 658
418 1191
1846 768
1360 87
787 431
129 1774
665 1103
606 128
757 1825
1819 1827
714 77
1565 1281
1298 292
130 598
1926 1529
1707 685
131 1443
1869 1663
1323 958
802 1873
1390 467
132 1921
1024 1474
477 226
1476 740
710 1659
1260 832
133 1343
1618 668
1436 1457
1426 758
796 839
1235 220
1830 1657
1567 883
134 146
736 1762
741 362
576 367
556 1509
310 678
1258 1644
628 950
1786 867
1070 160
822 676
931 207
1542 166
1142 1344
1044 1849
1874 1572
1534 251
140 297
1025 1205
481 1720
1848 802
1167 1160
1554 410
695 689
1415 10
1006 1576
1558 142
141 887
1807 682
142 808
143 1853
1928 330
1466 1884
992 248
257 974
305 1146
1379 7
565 1831
1197 793
1793 1932
1253 1777
145 1887
549 1291
202 1378
1517 875
144 1114
1236 1010
1623 1243
910 657
1008 1423
1274 820
460 1651
1586 701
325 222
147 1765
1353 1727
765 1781
1406 33
1149 214
146 1920
364 880
1334 1498
1640 1054
1637 257
1878 1213
491 623
1714 1676
399 633
1581 493
1531 566
701 1844
148 93
150 954
925 1368
755 1636
1703 532
850 1552
655 1154
281 1671
1030 695
689 442
524 1370
152 1385
1407 1399
406 1601
1266 6
1014 1169
1541 345
153 681
1378 724
319 24
421 276
154 359
155 1675
1654 661
1308 1147
1762 1570
983 468
735 414
1932 1524
597 1677
512 256
598 523
626 1705
1651 1872
156 585
1220 859
1783 1367
343 1369
754 1467
1267 1438
250 1404
1702 1703
233 1037
821 1414
531 1410
1350 663
1568 110
1872 1779
888 725
288 1630
974 300
1095 1465
436 1061
721 1031
162 994
321 613
230 619
1313 806
159 1196
164 1519
960 978
1842 982
358 1622
474 764
465 1255
1373 1324
414 1832
882 472
729 984
167 1143
1798 1325
1403 709
238 393
185 1523
1571 271
287 1210
1175 1776
793 369
900 390
693 823
1064 1004
294 570
1140 197
296 221
1023 85
359 312
1405 423
1686 1304
1742 1133
1063 138
1358 62
1437 492
535 1744
1105 1620
876 18
536 834
172 8
1075 1912
585 1341
1328 1785
1199 275
175 1937
867 1578
1127 1743
419 368
1933 554
1543 1469
1672 1542
957 420
1340 933
501 1581
1931 1464
370 1789
791 1616
1128 401
1563 1003
1158 1756
887 17
1891 699
1084 16
410 716
279 778
1667 1422
1895 1596
181 501
1893 522
1583 246
1734 683
669 103
182 426
1562 1714
810 712
509 1876
184 1782
564 1078
819 1634
424 98
870 1820
895 1628
725 1273
742 684
186 205
187 479
1475 1724
696 747
698 430
188 99
479 1812
248 303
1715 1737
409 1261
1411 1725
242 1245
189 903
1357 1396
221 1416
478 907
1318 603
1156 388
1573 1337
1880 1449
284 191
1666 1383
1257 1117
1270 1066
1060 1132
1242 5
192 436
193 1679
1055 111
435 90
1162 553
1056 1126
194 152
1324 1164
1908 680
1621 675
547 1330
1799 714
396 1
1331 1856
448 1186
936 162
898 943
334 495
1037 1439
1862 1784
198 1390
1383 464
1873 199
1157 964
616 1475
200 1653
378 706
636 9
201 1843
462 1826
355 1701
1683 670
203 1788
1484 912
1072 349
593 760
1832 1861
204 97
1901 1302
205 989
840 767
607 1267
206 1591
506 89
1106 50
469 530
1471 923
1782 240
573 1040
1605 1069
1062 279
1005 1818
1039 884
559 589
750 1418
1173 1933
1676 568
1249 499
210 1018
1480 1331
1854 1698
1250 1752
211 1436
1032 1270
342 1546
213 1256
263 1627
1498 1250
621 813
619 228
618 590
562 1936
1765 691
1338 852
1413 1875
1410 1026
1212 195
1797 288
1285 1246
639 1910
1511 1903
218 1280
1494 1834
1229 83
987 1716
1865 1506
600 1886
1638 1941
449 219
220 1282
427 1503
219 1086
1237 1602
245 1772
222 1778
879 212
384 651
235 604
1093 1358
1465 1242
712 1142
771 772
223 1363
224 581
1449 1522
1248 728
226 1254
794 662
1670 1194
1398 424
728 918
1300 1646
1695 1427
228 1409
229 1082
1135 1660
1015 470
494 618
432 1739
622 952
1823 143
979 1445
800 324
1263 1157
1522 801
1675 703
892 134
849 986
1265 938
917 287
1027 1540
426 346
824 587
1241 1446
1617 782
507 1687
885 156
1708 1342
1316 1355
1234 784
1497 1275
1011 1070
369 890
357 996
1496 1314
411 255
237 1536
811 444
1474 119
239 985
1168 155
763 339
1365 377
1102 1490
502 605
1372 1111
561 1151
730 1517
1580 750
445 354
659 819
1785 1000
1546 76
243 189
1227 1129
1929 451
344 635
1934 1898
902 936
1401 837
1325 1173
1404 836
246 484
1709 1238
645 1697
776 117
244 1400
1289 838
1395 1734
1326 672
433 67
1796 1461
724 373
912 1252
1132 1353
1186 656
1029 1077
1047 1089
1727 1406
981 74
1053 1322
1321 979
1606 59
896 1284
251 1508
745 1521
1179 379
1857 53
844 1058
1767 1057
327 1598
1499 844
1215 382
1800 889
1385 218
256 43
988 31
1233 1430
375 700
331 1916
1749 1120
1912 1480
749 970
387 1494
258 1625
557 1599
1013 1605
1582 1944
1763 655
380 727
1619 1055
1529 1253
317 1924
632 1202
578 1452
1911 1811
1845 797
1704 72
684 34
1155 862
498 863
1569 1412
1655 1106
1137 1386
788 518
264 487
266 1163
1685 1786
265 988
922 1927
407 1548
268 1421
1687 64
746 1608
1858 1448
1224 551
269 1804
464 1460
1515 1170
346 898
1332 45
471 1674
1077 1707
270 1549
271 1586
1366 342
1113 1626
706 452
1579 1805
274 597
790 812
654 1726
732 1287
942 995
1572 1019
1152 150
276 1512
1699 904
1384 822
397 254
1446 242
1228 749
602 1088
1111 625
1431 1771
377 537
277 1585
1454 1327
1287 1614
1835 61
1539 356
907 30
1504 908
1239 1553
1753 323
580 1615
1588 332
980 238
1564 1458
280 893
283 1852
1066 1817
906 1901
1078 765
583 786
404 488
1716 441
1770 1715
285 719
1792 370
1557 1084
483 234
1040 1063
550 1678
1748 173
1909 1896
1041 552
1217 1635
1647 204
752 1688
1202 1940
289 1502
290 1052
718 429
1174 1491
781 1949
1566 480
674 849
670 1360
832 304
1004 1582
1145 930
1751 1048
1402 126
635 433
538 1810
733 41
770 394
1276 1766
678 108
1766 704
679 1042
1278 601
457 1099
437 1513
1545 1408
1847 1880
1614 561
301 997
1238 702
1821 1149
302 1551
828 720
1589 1104
880 1892
1283 895
837 1647
668 578
1720 546
304 771
1424 1263
1368 137
485 460
306 831
1117 1840
1594 827
916 622
672 1577
1161 310
309 991
683 1794
308 380
591 899
440 415
311 1388
717 73
863 282
1082 459
801 1607
1457 1180
1160 139
1194 926
1668 1340
1386 1642
1370 1075
495 1049
918 1767
1601 977
312 1184
428 868
641 1395
1570 929
970 1532
631 1232
853 1241
1244 1905
868 1293
318 733
1481 1415
664 1470
894 1059
1120 347
1000 1863
1028 1609
1787 992
430 1547
1559 1500
860 1158
415 411
1231 1316
323 548
1245 1300
1434 851
861 718
1886 262
657 872
1213 477
834 104
971 1575
441 934
1319 201
646 1534
1420 1401
486 1011
1794 1372
1610 286
332 1847
1153 1749
1396 690
1451 1541
371 1046
336 659
1430 705
337 1095
361 1426
1335 1888
1226 1123
930 1648
1195 1024
338 1899
577 648
1634 1269
1710 869
1741 378
911 1062
569 1510
1631 403
1123 237
1456 38
1479 131
1599 536
1592 1721
347 538
1376 36
348 81
1850 1560
1394 1829
349 1807
1364 409
938 1712
351 1347
972 1411
1045 1030
1279 1583
675 969
1681 582
1739 91
762 12
1899 1639
353 101
964 1592
1210 1851
1124 466
1726 1751
356 664
924 175
975 1511
951 1425
1043 1478
1905 375
843 263
1548 1883
1339 993
673 1545
1721 461
1083 807
968 1125
594 920
510 913
1816 1860
851 1188
365 435
1829 1073
368 572
1397 2
1863 543
1375 957
1427 1891
496 1113
1611 1554
726 337
1802 669
558 1593
1177 295
1822 1056
630 140
472 1466
1513 963
1052 521
644 161
373 1632
694 120
944 879
914 1008
1661 1161
1103 563
1443 1371
908 558
1627 1433
685 1038
764 1481
539 1181
385 1904
1771 1283
899 249
439 803
1523 1824
1309 1167
1839 1497
716 447
1081 1839
490 1403
390 1299
391 1760
1425 180
1700 25
869 573
1502 1413
1400 136
1925 113
1789 1317
920 687
1019 364
395 418
1271 762
1086 588
398 919
1533 900
544 1216
715 355
400 1035
1879 465
1026 1813
1524 51
402 1121
1165 184
985 1382
1659 1527
1852 770
1139 408
1692 35
405 1195
1761 269
526 1050
760 252
976 842
1825 565
1719 1200
1355 316
412 821
1251 811
807 773
416 75
1500 746
527 1139
546 694
525 511
1740 1800
1897 1313
1007 320
1630 210
891 643
903 1087
1492 32
1380 1101
1147 1736
1452 1296
1827 1453
1914 789
1204 557
1889 1669
747 333
1612 278
643 1328
848 804
1616 1124
1100 1709
571 917
1718 781
1464 1882
1779 1156
1198 1240
1367 358
446 1015
658 272
1644 1264
871 686
1209 1072
1574 79
699 1379
808 1935
1453 1260
1207 888
1187 788
1536 1001
1349 361
452 421
453 942
1183 1377
1211 395
456 1773
986 338
484 179
530 1182
458 1389
459 1351
1864 60
1924 1398
461 1392
1090 389
812 738
877 305
1537 574
466 1662
1711 1278
1780 1492
1738 114
1262 233
1288 955
1362 856
1916 688
1387 69
978 1045
1664 399
738 928
823 434
640 1039
967 737
1031 112
1428 595
1754 1473
504 1708
1680 1109
1138 547
1409 374
516 611
1166 1696
581 298
947 1218
1329 591
532 1870
555 1187
499 1326
984 1730
522 1424
500 157
1315 247
1678 1451
786 158
743 1420
1784 571
1737 450
991 1060
1733 653
1758 1201
1206 774
638 1357
517 1450
1870 1265
1549 1943
1303 990
1648 1610
758 541
1861 1308
1508 366
523 1848
663 1787
1890 1482
1892 1792
969 1148
1342 1122
1059 526
537 1208
1859 268
1154 1588
652 1096
542 1032
1556 825
1836 474
1674 1007
723 125
1503 873
1918 1791
1633 940
551 857
1219 971
1268 1640
1521 606
553 531
1904 1217
1433 302
1417 723
1841 1594
1087 632
1442 1076
1369 1297
1777 1685
1356 1713
935 14
1119 1908
567 1683
568 845
731 1740
1547 178
1304 1894
623 124
671 454
778 1051
612 1692
579 576
831 1402
1578 1172
890 878
926 253
1604 1906
1201 1823
1170 1006
1164 540
588 1127
590 1621
1488 1435
1203 307
774 1496
1171 294
1314 115
1510 1796
604 1946
1851 277
1050 646
1790 1533
1750 1649
1820 476
806 1074
1429 478
611 647
1922 1538
614 698
1652 1845
1587 517
1520 850
1010 584
1585 569
620 318
719 88
1178 1841
789 1704
633 614
1635 1838
1833 886
1414 102
737 1835
1101 1670
667 1185
711 1005
656 1014
1038 54
1489 344
1225 40
1281 1442
1450 722
1810 592
1875 1212
1775 1444
1354 1530
1275 1661
1012 1746
1575 962
1900 1556
1255 1092
682 729
1596 896
1519 438
1684 1459
913 1428
1361 731
703 1566
1590 165
1485 1821
775 1926
1525 1247
1232 757
1181 1071
1336 1207
1650 1645
1669 1345
748 457
1252 1830
1259 1761
1461 1493
1034 1485
767 1539
1746 223
854 1684
777 340
1051 1923
1002 748
1609 1249
1036 1093
1146 105
1560 365
1927 519
820 1295
1624 1115
1208 56
1343 1948
864 236
1725 1922
1320 1790
1913 1318
1133 1027
1867 1468
1054 1159
1058 776
1085 1869
1501 654
1076 679
934 798
1555 1917
1540 281
1535 975
955 780
1658 1717
961 1526
1532 1016
1312 1141
1190 743
1374 885
1018 1802
1290 469
1071 783
1112 1309
1196 1543
1665 1758
1803 198
1295 1858
1626 1748
1530 980
1632 1710
