0 1155
2 1589
1798 1279
3 265
1797 1257
5 938
1795 842
1794 1415
7 1198
1792 1517
1791 1697
1790 660
12 1332
1788 312
178 84
672 691
87 1545
1578 1598
731 307
1208 864
115 1518
121 780
118 555
853 1468
352 1751
1246 1736
1 433
6 1082
8 1196
10 556
1587 1776
963 902
267 866
631 165
1249 1314
568 629
47 872
1710 904
1511 583
4 989
1796 1202
11 1769
1793 1576
14 990
1717 12
253 19
1247 623
1135 426
900 1569
1574 1512
238 348
1356 298
1799 1535
9 1550
608 850
1007 812
1627 209
982 680
1590 236
1629 1562
1652 509
1191 190
1564 1035
13 633
15 800
16 1324
1098 1148
1067 1223
1195 1059
1608 794
326 1728
146 756
1131 368
240 821
940 124
17 464
699 1054
1613 898
1157 13
1401 1500
374 451
1527 27
1659 1744
266 81
763 1557
1408 119
106 1552
1741 613
619 932
1164 1464
1402 1328
19 1234
690 363
429 176
1269 233
234 1665
114 1692
455 198
20 1182
372 815
1756 377
1296 1758
1119 1558
128 379
864 8
1306 560
625 1601
297 830
18 302
21 827
1711 1229
46 226
1036 1519
1571 336
22 435
893 1455
1732 1712
1122 880
496 1184
23 684
831 67
1622 430
414 527
655 1651
524 277
145 1645
1476 1735
1288 962
137 791
1493 1218
1321 1106
794 1410
1331 238
1345 1533
789 1026
222 1595
24 1189
25 467
1177 445
1471 1028
175 1100
138 482
1106 526
1499 1003
1094 1474
1075 128
1603 329
184 634
281 746
1095 663
1487 500
1672 184
969 826
538 1262
26 122
27 893
559 1637
773 808
153 1041
708 1301
1729 1174
640 1370
28 436
1071 1368
1110 1371
1664 1793
644 1172
1505 831
29 963
291 1693
76 1327
1547 776
156 301
335 841
1170 280
387 1526
741 1537
751 181
241 398
30 568
43 1225
702 230
780 486
1438 782
881 1191
285 129
1698 1276
88 1027
306 1169
962 400
31 627
32 148
437 440
531 424
729 881
33 413
1715 1113
1750 1429
950 1116
1554 573
1486 1493
34 94
624 163
155 244
260 1062
1307 513
1500 1109
136 608
1534 1213
660 172
1641 296
1643 113
709 1012
857 1086
563 901
936 752
1366 1522
1426 1491
1776 1597
384 491
1302 927
1352 1631
35 1312
442 520
364 1043
586 227
509 187
894 245
1147 248
244 731
873 585
922 843
1671 783
37 1061
974 80
841 1505
259 610
461 696
674 1686
1376 1396
38 48
210 487
1722 1683
747 707
370 664
1453 1786
906 390
712 432
36 569
1378 1435
918 566
1466 1098
1556 1308
192 462
803 559
1593 206
398 972
40 737
1137 1044
1403 616
629 469
1061 609
1424 914
1785 120
204 1641
1575 1556
1012 939
381 1662
1205 40
1224 1233
1279 375
1583 745
288 1207
1581 888
948 201
1226 807
691 66
583 546
1611 341
1034 774
41 385
1789 1280
1406 642
1111 105
1436 1411
383 1788
530 1033
1129 133
39 378
42 1467
44 1754
916 327
804 789
1167 1187
911 1560
45 1688
345 558
1517 672
602 1600
116 687
848 1181
824 648
1416 1321
1384 1611
1082 1605
1506 714
1213 1378
915 732
148 1124
426 1715
526 1283
264 1691
905 1456
1369 525
1754 1639
522 24
1102 37
1443 1707
122 199
482 721
48 1721
859 155
1072 1173
1489 1290
299 358
1375 1513
727 160
1540 1765
1283 617
576 212
685 1497
50 1102
562 460
406 47
1011 1273
1151 1404
363 669
1681 1200
154 1001
439 169
1230 542
49 0
92 949
445 1343
550 937
1778 863
1313 478
1146 1585
355 1269
1260 216
1475 787
189 956
1459 26
1764 1532
1409 446
1395 640
206 1673
201 1540
52 1619
53 1215
657 1015
988 788
1463 1377
1275 1441
51 1042
54 1608
997 1785
837 260
555 1193
987 941
55 562
1032 392
1457 541
324 1285
529 281
456 781
382 350
1297 1487
1341 1541
1156 699
484 954
826 1372
143 291
968 1204
542 802
686 1746
56 285
57 1029
1273 16
1150 338
738 1658
1104 106
441 1408
388 653
732 1425
464 272
903 644
700 1299
63 1352
274 1547
59 1524
1760 900
1660 168
1198 754
923 455
924 852
316 476
251 584
1709 335
1666 643
1299 1261
1470 173
58 603
202 1011
1334 362
68 144
813 681
1720 1376
1682 884
1694 1434
279 1711
623 422
1197 590
60 1599
61 1496
858 734
179 1351
430 1379
829 5
486 1073
1753 1005
1200 1775
1235 765
272 166
855 23
62 930
1286 254
487 626
304 1632
795 1315
1707 1495
1084 14
64 237
239 1272
217 1725
814 1016
339 967
65 1731
250 235
1775 1566
807 1144
676 343
133 1380
337 371
1132 1171
705 290
759 17
66 1168
336 943
1078 1331
1152 186
479 1131
770 1771
160 1107
195 1087
507 724
67 1515
899 1220
1693 1766
1293 748
69 1048
127 1732
901 488
675 1254
1742 767
976 646
323 1539
328 1017
246 1342
70 666
589 1752
654 529
1704 229
1054 785
262 156
71 912
1579 1226
1781 1232
308 701
375 607
284 167
521 1770
1382 514
704 214
833 306
711 316
72 393
108 498
949 1406
168 1742
1779 1153
1118 1127
668 779
695 189
73 915
1472 1653
1669 1478
261 686
955 91
103 763
111 355
74 1477
990 367
1389 188
1586 427
1022 138
1615 1709
533 74
1089 906
1483 98
75 353
1239 456
1073 1335
998 1323
199 553
802 515
1203 1313
404 1166
1006 332
996 1416
77 1604
1236 710
1256 1093
1519 20
565 130
880 1217
1079 397
305 890
271 477
78 918
79 1210
275 845
269 28
821 1405
1038 999
596 1413
80 530
1168 1206
838 318
211 503
81 1030
1636 816
268 1177
584 337
1015 1565
1498 253
1752 1655
823 973
843 1684
817 1137
452 310
1133 716
1656 508
811 428
1415 969
1413 256
1474 504
82 313
889 1430
310 773
1449 1239
243 346
1642 330
396 252
412 1071
1520 441
483 475
1357 1228
532 668
815 494
249 1088
83 931
84 631
85 995
1264 1303
440 1596
730 679
129 461
86 1266
544 1730
714 234
913 1689
505 1690
1458 442
687 1157
1163 1530
1607 849
419 533
165 311
681 287
277 1025
1270 1366
163 388
1400 1481
1670 419
124 1365
1252 382
1763 835
1418 1431
547 193
354 521
379 325
89 1459
513 1734
223 1503
327 480
1162 1281
861 934
1258 389
953 1701
468 1362
806 499
1757 1748
90 1208
290 1264
984 978
611 1634
91 1384
980 351
257 1288
1324 1666
1241 1014
1543 250
1048 466
1724 417
1105 534
191 839
590 1075
1138 706
93 241
457 205
1491 217
1245 339
1594 622
1315 1614
94 1606
967 1060
488 1555
549 1657
512 979
1431 38
541 213
315 1527
934 1543
341 587
1225 948
1523 1081
1766 200
95 1007
96 1738
713 1120
485 1337
661 1698
1630 761
983 1720
97 1067
943 730
130 1624
1223 101
1097 798
98 1212
1216 1616
1610 1183
749 1507
400 463
846 1663
1455 751
408 56
1736 1103
972 60
680 1400
1559 249
1748 974
941 1305
1390 1570
193 354
405 1295
100 131
125 998
1014 1216
1739 1482
1026 1762
1468 837
1231 68
1277 1190
99 829
101 266
1407 862
313 637
1448 628
706 854
1614 1049
515 985
1452 1390
102 620
1076 1236
1194 1486
1063 925
1155 416
772 1104
1298 1195
1261 952
295 1460
1713 115
612 1194
788 1579
276 1034
1478 524
104 996
208 90
282 157
785 1147
927 1796
438 1318
753 1374
105 1587
1691 1358
552 876
1209 1069
495 1650
1397 1443
1773 861
609 323
1234 151
256 1139
491 1759
618 1794
1295 88
212 1326
1154 1398
107 987
872 913
758 1567
1548 903
421 41
1509 581
1233 986
109 1453
1343 1703
1210 321
775 1108
662 1461
792 180
1394 197
110 102
1700 139
265 612
1320 1118
632 140
188 887
942 1134
1522 1333
215 1282
1160 1779
863 1466
112 1277
921 611
1183 149
270 759
1364 1647
945 950
1584 1145
390 1119
638 1729
606 1450
226 182
1202 42
1153 605
113 1717
1185 873
501 709
228 1122
1359 403
1625 137
800 744
435 1388
1521 1298
560 1385
847 1339
1373 911
159 1136
1074 1414
546 1783
1737 221
117 1159
278 1322
152 806
422 678
119 1708
449 1369
653 1625
688 1514
1427 1695
748 1023
571 1284
120 295
689 1165
1025 453
1516 1334
1730 1242
459 108
1062 601
1387 848
451 980
227 766
1243 1294
466 1399
1093 1336
994 324
359 116
123 1176
1442 492
1464 722
1392 70
1634 1009
877 741
1115 18
1057 1473
1144 793
1620 1162
203 667
617 1096
126 1070
1204 1433
1187 33
627 1704
1354 683
1024 889
665 528
1485 1523
932 961
403 1463
1606 370
1381 1682
933 381
1719 21
600 274
783 1741
1196 420
1772 374
131 897
1140 1792
1454 1209
1450 958
149 1428
723 96
850 1661
605 1417
490 31
1726 1457
1771 665
580 747
1361 1696
527 565
1188 797
1696 1036
139 34
134 786
556 1594
777 1528
1125 828
1044 1110
1004 1621
132 111
135 261
885 110
1624 1548
659 614
1731 1117
1305 1506
1727 75
471 1349
812 289
1181 1546
1393 1710
650 692
273 1612
573 1353
1755 1201
1580 1085
1524 125
884 1737
1114 1286
140 1490
597 1006
141 550
896 1402
545 246
1173 727
142 1564
322 982
1287 454
1266 554
1358 804
1363 1185
973 907
367 758
1391 1561
1068 770
1497 57
144 1494
302 121
746 1419
844 818
1653 1245
649 141
1158 594
1003 15
666 1271
1199 1076
331 1111
1031 258
1329 1534
424 703
1577 22
1222 414
762 636
952 470
167 220
939 1749
830 753
147 1799
1601 641
220 1672
1229 369
236 11
247 1387
1605 1156
1145 1767
1535 909
1628 171
1046 150
1008 522
768 638
221 1063
1276 474
1484 908
1380 1125
1056 1559
469 1133
465 269
1000 1618
150 1521
151 926
926 384
720 1018
569 671
1141 1620
999 647
693 143
1368 755
389 224
1430 885
1414 580
1705 1142
683 916
1663 1391
1558 1065
648 1394
960 1338
1688 452
1165 1449
701 459
1738 1307
1340 1037
503 1764
603 1778
878 170
1644 805
1678 1101
157 632
1631 1699
663 1525
158 1502
1039 700
1600 223
1462 1128
1265 123
368 1309
809 1222
1242 1797
978 1265
161 853
377 824
634 740
433 618
1309 602
242 1143
1469 1574
162 1484
312 1581
492 523
1101 501
164 1057
1502 1047
460 1211
1439 342
1227 468
1327 1485
1060 6
1058 694
1515 971
1749 728
1774 877
1783 518
1684 1668
519 532
958 387
166 1056
1668 820
338 1588
169 809
258 82
1552 682
1649 1536
778 1427
1530 575
1725 1772
170 1021
1190 383
970 373
587 655
1421 1367
1027 1791
231 495
1662 275
879 838
508 656
1045 1359
1254 1747
443 1592
919 1330
1371 1544
1446 1756
1479 1630
171 1407
173 868
1553 1340
1539 438
1697 1163
172 154
174 1675
938 179
1723 1094
910 840
989 942
1638 1638
176 1401
1207 1293
254 284
979 50
1451 443
1219 1244
1623 595
362 651
1770 76
887 288
986 490
177 1716
694 299
1551 717
194 1627
766 1240
401 297
180 1079
358 259
684 232
1284 810
232 1224
200 1039
207 479
432 940
181 1629
182 923
615 1382
1780 243
183 1423
543 1154
1066 598
1640 1790
1567 599
1501 894
516 574
1175 635
343 1
185 708
1461 404
745 1722
1033 552
186 536
991 778
703 659
628 69
779 146
1214 698
458 964
1562 1743
225 1472
558 1643
187 317
448 194
874 1002
1237 953
636 1531
1240 431
534 1192
1189 1389
1609 1409
1422 957
190 1781
1166 597
664 688
567 1275
964 395
1388 977
332 1188
1507 473
1647 630
966 1058
1201 1563
294 1510
233 1436
1787 886
860 54
296 819
912 960
411 604
1651 1311
1758 772
196 1542
1149 132
667 579
1328 1739
197 865
1546 1151
198 557
314 624
540 1373
1550 981
995 1141
1508 945
349 1420
497 1671
1161 661
715 965
280 49
399 1068
360 399
1280 803
1099 1551
771 1465
434 1659
301 1066
205 408
1109 846
1355 1504
1782 1241
954 1609
1617 1667
311 360
1514 983
594 572
1379 263
209 1341
1349 270
1637 760
472 1622
1333 1219
450 1432
1504 507
793 869
1148 1447
320 1348
935 1199
1784 1648
214 1077
1001 1231
1435 1031
213 1669
971 1426
216 1150
1494 858
525 1568
566 1179
616 576
643 1260
1002 118
218 1249
1566 1442
1513 55
1488 935
518 1129
898 1438
799 1123
652 1256
852 418
1769 548
1716 434
1028 1582
820 1784
409 107
1126 784
845 349
219 1795
1206 1046
1308 83
1086 1214
287 1363
1090 1300
224 1674
1049 769
394 51
1768 437
463 702
909 563
347 71
397 1492
1690 549
765 314
1344 743
425 52
447 817
1437 813
229 1004
230 832
1251 1317
1689 606
819 1753
1080 65
1013 1296
444 1676
1765 136
739 847
1733 1350
1510 1422
1692 39
1635 366
883 933
1687 1572
871 1158
514 1782
235 1360
1367 1121
707 571
553 1705
237 407
427 551
1718 192
658 801
671 247
744 705
1353 271
539 135
1560 1205
886 543
1108 112
965 596
1665 1549
946 591
1585 496
350 1051
867 202
868 376
1338 1170
633 410
386 59
245 1304
1180 429
1174 1130
1035 1227
1267 264
1679 1089
1291 1263
1310 538
1009 1149
470 331
1088 870
1116 239
1423 742
1639 615
888 1445
1767 1553
752 910
248 586
840 1649
1055 750
1360 1713
252 62
1595 30
1184 1289
1667 196
1278 955
1674 267
1120 1010
504 1186
255 1511
1232 352
1467 10
977 1554
1139 1344
380 126
1735 1091
578 292
551 43
1419 1392
1370 1291
548 593
726 204
1263 1476
1599 309
937 208
588 45
321 117
1589 315
1212 713
621 1248
1050 1306
1130 185
365 658
1064 1146
263 1509
835 1329
717 1694
1686 1660
1533 103
1549 401
736 1050
1398 1386
1091 799
639 347
1428 1097
1081 649
805 922
511 1397
476 394
1529 1452
481 777
1695 1654
506 735
309 588
1728 334
1077 286
1377 276
828 145
1492 100
1192 402
395 1636
614 109
1626 1763
317 1745
774 1479
743 1516
716 1421
561 79
436 1278
283 1357
528 152
1410 510
642 1267
1339 63
1582 1602
369 917
1030 1251
656 1255
510 1164
1041 1755
376 32
791 1646
1053 677
1525 733
385 545
944 1253
1761 796
346 174
286 883
1100 444
1304 36
1433 219
1383 882
1259 326
289 449
740 1454
897 1448
787 1319
742 1052
1217 294
1646 1727
1323 867
348 1733
735 1718
292 1584
293 578
1142 1297
750 1000
1362 1610
1399 539
1325 997
453 1462
298 1726
1591 1586
1701 300
754 1140
473 673
1751 1252
728 406
1447 1346
575 966
1221 497
1677 1292
1746 811
300 1687
816 210
462 1719
784 970
303 1238
1633 35
1619 211
1037 851
842 1412
517 1114
307 1780
630 1203
1495 814
1020 183
1440 768
992 1451
1211 670
1680 457
957 984
520 178
673 1664
1351 1258
1706 1040
1316 764
373 303
1721 879
1747 320
1268 340
756 795
1255 380
1159 1617
1317 924
947 1458
1673 1680
1238 645
1117 1740
318 328
319 928
827 895
1059 1246
836 544
851 458
1412 988
1621 1345
975 2
677 1167
1618 1446
1531 1723
1318 1626
1490 273
651 1623
410 85
413 1475
862 225
325 471
1069 896
1248 711
1186 685
467 9
1386 159
329 218
1744 844
882 836
1570 308
351 1364
1085 1444
1762 1083
330 1250
1405 493
333 1268
334 1038
1290 1095
1473 1615
734 650
1021 739
342 662
920 1439
1096 833
499 93
340 195
669 1499
1346 1508
1010 472
760 674
781 792
1612 505
928 257
801 1577
1326 203
635 719
344 712
420 1774
392 396
502 1787
537 968
1282 162
810 1681
592 439
1555 1670
1365 177
981 994
725 1270
1592 517
1596 421
724 936
1786 506
1777 951
1330 29
353 25
1171 1287
428 1197
356 1302
1712 1644
1113 871
357 1132
797 1483
796 1529
361 1395
378 255
1042 161
366 1320
1661 771
876 489
782 875
866 729
721 1573
1385 1760
769 97
1322 391
371 577
1481 726
931 959
474 1773
1182 1074
1347 231
1512 1072
849 386
1220 447
1301 1221
692 191
599 1175
1337 749
1655 242
818 1090
1103 512
1460 1642
1257 905
956 411
993 1375
798 322
1650 89
391 723
1193 158
393 736
557 1235
1047 1777
1121 720
1417 283
446 104
1434 1403
1311 356
572 1757
1675 1084
1480 278
402 1789
1632 251
1300 1126
645 64
696 1724
407 929
1503 142
477 1078
764 690
415 1440
1645 412
416 878
1576 892
417 695
418 405
1597 976
489 1347
679 147
929 823
1070 95
1271 715
908 582
423 1656
895 547
1526 1750
1703 1013
1482 775
755 1237
431 1578
930 564
494 654
698 1520
622 127
1456 975
1285 535
1714 1679
722 1160
500 947
1215 228
1281 222
637 725
870 1105
1429 537
1018 1152
1654 991
454 268
1545 1178
925 822
1107 1640
1404 856
535 425
1572 7
1396 1613
1136 592
985 1590
757 693
1568 215
710 1393
554 920
475 61
1441 293
670 589
604 72
591 891
613 511
1532 1383
1016 58
478 1355
790 619
480 1469
1274 359
574 1489
1043 921
1477 859
1676 1652
1557 344
1496 762
1179 1354
1143 1678
493 1591
1444 1316
907 319
875 621
1017 825
1708 345
1092 639
1598 1583
1312 1247
498 448
682 860
1244 657
1335 1092
1253 87
961 704
890 1243
1372 531
1561 718
1734 790
1134 134
610 1633
1528 689
579 78
1745 304
1565 175
1178 1768
1350 1580
523 899
719 1045
1743 874
1683 1575
1172 1424
822 1635
1657 519
865 1700
1292 1310
536 3
1040 1053
951 502
1544 757
1272 675
570 485
1294 1471
620 1501
564 1022
647 92
761 207
1051 365
1262 1628
581 1356
1127 361
1658 333
1445 77
577 1064
1289 855
1029 305
1023 99
582 944
1573 409
1218 1498
585 1161
1648 465
1083 53
1420 946
902 1593
856 738
593 282
595 450
1588 1032
598 1685
601 423
1303 697
1319 153
1176 1470
737 164
607 1055
1336 262
1065 1603
1019 1019
1699 1677
626 1115
1465 1706
1124 1381
776 483
917 1024
1250 1702
641 570
646 86
959 44
1228 992
1348 1361
678 1274
869 857
1432 1761
697 652
1087 484
718 372
733 1099
1538 1488
1759 73
1604 1480
832 1607
1542 1112
834 4
891 1230
854 1798
1537 676
1541 516
767 1437
839 1418
786 279
808 1180
914 600
1536 561
825 1020
1052 46
1332 364
1563 1008
1616 993
892 240
904 1135
1169 1138
1602 1571
1342 114
1128 1538
1005 1080
1374 415
1518 540
1702 625
1569 1714
1314 919
1411 834
1425 567
1112 481
1123 1325
1685 1259
1740 357
