85 76 -0.008989785159133
10_27 82 0.0159721156660341
47 56 0.1210130215696
56 87 0.0922024644096126
76 35 -0.0420664640215952
53 01 0.0190679497315285
91 87 0.09158579953483
85 65 0.0354609034002568
61 78 0.143823239427447
87 29_36_52_63 0.0766869748668459
20 50 0.0407388121615156
91 7_32 0.130637339189776
74 29_36_52_63 0.0054844989918485
41 87 0.0049310128902416
91 67 0.0312316069586715
77 34 0.43606523663635
87 54 0.192149797329562
77 65 0.042133635904661
56 20 0.176954314563719
33 77 0.0939419871682317
72_81 68_86 -0.041915454443297
18 87 0.0884382069289949
84 35 -0.0503472431033736
68_86 18 0.0800512821537809
67 89 0.0217244336441236
42 33 0.0492414580263985
67 35 -0.0209557933189198
68_86 85 0.0092858919424714
84 3_6_14_18 -0.0053635689138485
37 50 0.0150079923422665
24 75 0.0843405259986842
53 67 0.195201781911534
47 13_43 0.0245633485811745
13_43 89 0.0625725566932376
9_45_55_59 54 0.129922391214214
3_6_14_18 18 0.0309894145560116
3_6_14_18 50 0.0897009550920481
42 64 0.149537379207738
67 87 0.0305642312784644
13_43 54 0.0186307864289689
3_6_14_18 89 -0.0088441823290293
85 37 0.0124532803226452
56 22_39_58 0.0493143075912745
82 4_5_28_38_46 0.0088299816528893
64 7_32 0.0665211891407408
33 89 0.0156045480611237
74 23_69_73 0.0245142788335831
9_45_55_59 15_57 0.181663986848116
71 65 0.063209874226677
37 65 0.0654274726265675
85 82 0.0002236504077295
62 41 5.06325794766407e-07
47 76 0.0250197320164478
01 31 0.0963529809689941
17 50 0.0786098950437001
67 9_45_55_59 0.0682026332501001
34 85 0.0121069176177053
68_86 9_45_55_59 0.0146470774198549
82 2_12_19 0.0221205784502074
87 50 0.0222574262476825
47 17 0.197791978829859
47 11 0.0368365156256636
80 37 0.0074825985320631
71 89 0.0789593777802582
3_6_14_18 75 0.135846192829919
91 78 0.0255982025622434
72_81 75 0.129182777563228
4_5_28_38_46 01 0.0569981134519313
35 15_57 -0.0398107333175368
34 75 -0.003687883254744
42 37 0.340142799863107
64 85 0.0536961907468975
80 91 0.0123743915512316
20 18 0.210551590489159
16_25_49 01 0.0032659445143405
24 20 0.0295286351739349
22_39_58 23_69_73 0.0256173297624851
3_6_14_18 35 0.0350644144863235
22_39_58 3_6_14_18 0.0742214600475671
53 29_36_52_63 0.002788358211764
40 37 0.0033208303716649
61 35 -0.0620699221321517
56 3_6_14_18 0.107607854228451
47 67 0.0472824465954356
11 4_5_28_38_46 0.0264721715107265
84 23_69_73 -0.0108000356611846
77 11 0.0274466076831253
17 4_5_28_38_46 0.0028239477211087
91 66 0.0127949618755667
64 74 0.0328741331640422
34 76 0.0052462443320919
16_25_49 4_5_28_38_46 0.125228927555788
67 66 0.0324596508768456
8_44 78 0.0248409728439701
80 85 0.137372841529445
35 16_25_49 -0.0754803165306283
68_86 01 0.0304920726058461
84 76 0.322437426556462
47 62 0.0322609007940943
10_27 21_26_51_60 0.291928975093368
20 68_86 0.0385604454805138
68_86 66 0.0138087677315423
85 71 0.115473424189847
64 34 0.164843279650793
77 4_5_28_38_46 0.0091064988420035
8_44 87 0.0295384776088705
89 29_36_52_63 0.0266800996200941
80 84 -0.0060654130538238
64 22_39_58 0.0481932397046288
72_81 3_6_14_18 0.0245506903175836
56 40 0.170990173568133
84 4_5_28_38_46 -0.0095257582664727
68_86 67 0.027243481319907
71 76 0.122348118385104
56 7_32 0.0403456165117762
2_12_19 31 0.161165367117161
74 7_32 0.0570940376716526
47 4_5_28_38_46 0.0410328756787391
9_45_55_59 88 0.0018014145500236
47 9_45_55_59 0.108201979512223
40 9_45_55_59 0.0202268492863677
30 75 0.042376255652137
4_5_28_38_46 41 0.0969002192305687
10_27 4_5_28_38_46 0.0075593072441386
20 82 0.0549860161615867
24 72_81 0.175426231867995
82 41 0.0022843073988302
47 01 0.0542773001910762
47 82 0.0123417007595894
80 21_26_51_60 0.0036957423953518
82 75 0.007701669209634
30 72_81 0.0413277002860891
8_44 65 0.0450523208268638
17 01 0.14187160331634
10_27 89 0.0081679480299397
91 18 0.0005897098571766
22_39_58 50 0.0786112292514454
62 67 0.0207507960612014
88 31 0.0520621919338529
20 72_81 0.0436214842868661
33 21_26_51_60 0.0875188585603425
20 61 0.0672102096649154
17 87 0.009259559590599
10_27 23_69_73 -0.0089644767146042
30 24 0.093508208032157
18 54 0.0083160498461086
42 74 0.154965512305656
3_6_14_18 78 0.0176339644648341
30 87 -0.0222145007326536
4_5_28_38_46 2_12_19 0.179967100481012
64 77 0.03299327849617
7_32 37 0.0479447878997423
78 75 0.137897521005715
34 71 0.0308603968176911
53 8_44 0.0890867749975922
66 11 0.19802176839846
91 13_43 0.0109033763339926
90 50 0.0440450844323146
13_43 85 0.0911210824307737
71 23_69_73 -0.0173011370631694
8_44 40 0.158249475779044
67 21_26_51_60 0.0234353111821093
89 35 -0.017308112311551
8_44 31 0.0038471961865683
18 29_36_52_63 0.109356401478247
7_32 54 0.0001321630222784
7_32 90 0.0074302072685424
56 91 0.0517999650020428
47 88 0.0158081888702628
47 66 0.0555436307309317
47 42 0.0174639588182349
54 50 0.0058805250754105
29_36_52_63 2_12_19 0.0246725280733865
53 35 -0.012963871633975
33 11 0.0794978515606475
47 68_86 0.0832450968308132
67 78 0.0015968854583169
17 21_26_51_60 0.0011576980725617
01 2_12_19 0.005045914996377
68_86 62 0.128615097976815
8_44 71 0.0268339350488443
66 2_12_19 0.034691353176608
7_32 40 0.207992128841502
91 74 0.0111894711254643
64 91 0.0002591291270171
70_79_83 66 -0.0075427444588686
24 90 0.141509762822293
23_69_73 90 0.0220998413095194
01 54 0.105099480976899
67 61 0.0220371905999672
40 71 0.0154459645342733
30 62 0.315297683043771
35 23_69_73 0.147887416509065
71 88 0.0559684167815627
20 87 0.090574387715646
85 41 0.033925523942363
35 01 -0.0102336768767535
78 50 0.0733832658565732
72_81 50 0.0396515638490995
21_26_51_60 2_12_19 0.0058786925532643
41 2_12_19 0.116802922424556
91 50 0.0580318550083095
85 54 0.0021826880610081
70_79_83 89 -0.0215901394426617
8_44 18 0.0143644437363551
40 87 0.0177062705781248
77 21_26_51_60 0.0112619783661056
75 50 0.0473096867812511
90 87 0.0354080660674773
13_43 41 0.0093466162725872
33 85 0.130149303513788
22_39_58 78 0.0292941993867115
64 40 0.0820069689959764
67 29_36_52_63 0.0306423361549055
67 18 0.0082158468856225
15_57 87 0.0371271502531368
68_86 40 0.0316727886218387
21_26_51_60 41 0.216938236675875
42 34 0.250751169557975
23_69_73 29_36_52_63 0.202422935082006
8_44 50 0.0328058194717616
70_79_83 82 -0.0313710792028489
24 78 0.0191394619374719
56 74 0.0195469200355806
24 91 0.0281781932122571
40 85 0.0575842246063912
82 66 0.0137814255355042
66 65 0.108012535601938
84 89 0.371604339015379
4_5_28_38_46 65 0.102059329775405
3_6_14_18 31 0.0272877507214983
33 71 0.0695476819737056
85 4_5_28_38_46 0.0228700000227444
21_26_51_60 82 0.0132303964166458
61 15_57 0.057402890073141
68_86 87 0.0166558742911214
65 41 0.0241288529035535
62 29_36_52_63 0.015478815737163
84 33 0.0276461155674546
66 41 0.0351126271038248
17 68_86 0.193199938202021
82 16_25_49 0.124440022065647
74 40 0.0017132596094234
40 50 0.0591222592392747
64 37 0.13712049437007
40 65 0.0293620841314174
66 16_25_49 0.0087462807366103
47 31 0.0527403186704469
88 16_25_49 0.0382431792963586
16_25_49 90 0.0072276023125307
33 76 0.134147834644541
70_79_83 41 -0.0152384700179242
22_39_58 66 0.0206784067585235
53 68_86 0.0392548765929113
10_27 70_79_83 -0.0398992082717668
82 29_36_52_63 0.130236589687001
56 31 0.0169902987757534
61 9_45_55_59 0.0422937851635503
91 90 0.0214831440149212
8_44 01 0.0298488087258814
30 90 0.0929892170199608
8_44 7_32 0.003037087165891
61 87 0.0480228013149041
33 34 0.0934742924106011
66 9_45_55_59 0.0155682145114488
42 71 0.050728104871925
30 9_45_55_59 -0.0995606646360501
20 90 0.0039956841971863
70_79_83 11 -0.0069192890730927
84 71 0.16847252095176
13_43 82 0.0017278781539764
24 3_6_14_18 0.0262969892732606
91 22_39_58 0.173178593738023
47 34 0.0010579175227854
8_44 9_45_55_59 0.049435560539002
40 3_6_14_18 0.150120735888417
84 13_43 0.0426006148867846
30 23_69_73 0.203101542093405
9_45_55_59 01 0.0385933655170369
66 87 0.066109605444026
3_6_14_18 65 0.0141207337502725
89 76 0.165391425050862
66 4_5_28_38_46 0.0097049544794014
01 15_57 0.0334496225626452
24 31 0.0218629247078903
72_81 29_36_52_63 0.0994040918817008
8_44 61 0.0174405752302478
33 65 0.0647065336827579
80 34 0.0663055428604697
56 18 0.0074718089671275
82 88 0.0116633016768375
56 67 0.020694107145365
80 77 0.135058530387363
84 37 -0.0095154545502165
11 16_25_49 0.0372222203377217
47 91 0.0018572378665257
67 2_12_19 0.0159879645563426
21_26_51_60 87 0.010112178475893
42 77 0.0501410297021273
70_79_83 67 0.0098220704641164
89 11 0.0836841532893518
61 54 0.0034337493184392
11 54 0.0847955475847759
22_39_58 90 0.0044610785604506
74 3_6_14_18 0.0363504909583231
