0 645
1949 625
1948 1225
3 734
1947 1200
6 139
1944 1219
7 1612
8 747
1942 1229
9 1164
10 1738
1940 865
374 1774
1358 311
1517 1127
1424 1305
330 547
1060 843
935 1137
1682 676
1 485
2 671
4 1182
1945 1626
1943 1693
11 383
1941 1615
1599 977
844 498
375 1811
750 412
685 1115
1630 320
5 708
1717 549
123 666
1129 565
587 1919
1946 52
12 53
326 347
1119 1677
547 1864
836 1940
1267 888
545 1307
1908 1410
1098 1015
1804 771
835 1183
816 1355
947 1721
1450 1546
950 183
1179 801
995 1417
1491 1208
1005 1128
13 970
15 334
1902 1831
1365 180
781 303
1115 88
1911 368
1761 1642
16 274
1291 308
429 20
98 559
463 724
232 140
161 1394
1308 1885
537 1872
1477 1597
813 578
690 213
301 1599
643 604
1921 335
1205 1377
262 1568
817 1480
14 1275
17 627
18 1279
376 1188
1105 1668
492 721
1305 1913
1929 1040
102 1492
1451 1742
19 1027
1141 1319
785 1584
1876 314
1855 1910
1408 1367
1936 868
242 45
575 337
20 1687
21 276
838 1699
683 1010
170 1534
1223 111
1505 1425
277 760
576 1080
590 636
1671 1051
22 1313
23 439
1689 1680
393 1739
845 1000
1554 81
1077 871
24 1456
1499 1688
698 1606
1488 176
1016 144
1463 1696
25 155
240 1244
215 447
387 1779
1653 128
26 179
820 962
390 1170
1157 418
27 811
1746 203
1767 1505
256 1604
712 250
1772 1930
1701 927
939 769
28 212
1856 266
709 291
377 835
1695 1284
1639 364
1294 1427
555 270
29 1877
1866 577
962 285
313 243
948 521
1024 387
1246 261
756 1772
422 426
1476 1761
1555 965
442 1736
31 1285
532 1667
1048 873
32 1725
779 1028
1807 1676
363 1833
1067 227
1314 1588
1722 1735
665 543
1470 271
30 837
1322 1088
1657 420
306 86
570 17
1831 120
1441 663
350 1014
797 1017
33 1816
236 1268
127 885
1285 641
1627 1063
480 680
1634 1842
35 42
1917 849
855 853
482 1707
444 1538
211 1328
1472 1072
1840 1126
345 575
536 1511
34 1665
212 997
136 1368
1680 781
118 986
1420 601
1642 1870
316 937
1490 777
569 1912
1193 778
36 573
37 1868
38 1598
473 1345
965 1416
172 372
510 251
311 1618
901 1605
39 1669
761 752
1773 1671
1828 1582
1333 248
567 716
1597 1640
297 832
858 1238
909 190
1110 1849
41 1532
1676 802
137 537
1595 449
1354 1481
42 1119
1435 1231
609 1
508 1251
1114 576
173 394
44 1535
1402 845
1509 1928
1419 1623
525 1828
1886 1512
546 1723
254 1560
43 834
1896 493
705 919
734 1507
1752 662
218 862
94 786
45 670
133 1691
40 1717
46 133
1381 456
315 893
1345 1601
184 1093
689 1160
47 770
866 776
468 1076
757 253
1606 377
782 437
207 1703
621 1591
485 863
1297 78
382 483
524 709
695 640
149 1444
1139 122
615 22
792 1694
57 602
999 18
100 216
1155 1829
915 1861
1467 1554
152 558
48 701
49 750
50 411
1544 1883
191 1235
1853 1651
1140 1325
51 1516
139 1048
1351 1212
1269 209
1872 774
1458 1474
1538 72
255 949
52 818
997 1759
769 1902
325 462
1814 621
815 1220
786 141
1668 1065
1888 70
518 768
54 469
1656 350
295 1890
158 959
222 764
338 1745
696 1038
1366 1653
53 240
55 1023
1725 395
1925 840
344 950
1353 1073
56 895
739 1221
1237 562
1697 660
1073 516
584 323
1887 413
1813 501
875 1635
1422 1644
722 866
842 1621
931 490
1747 1060
1556 704
744 842
723 1359
1094 1434
841 1895
72 1311
1217 1257
1624 527
650 313
1096 223
1736 628
708 1331
1099 1705
1327 1926
59 966
302 667
1462 1656
500 295
961 1066
515 533
1487 1489
646 316
58 254
60 191
1029 1938
362 286
1200 87
1194 1752
1486 171
1280 1782
1734 1791
61 1452
62 459
1286 1486
534 6
1841 1288
959 1131
953 1087
253 1168
1159 1711
168 66
1184 1253
1394 1340
491 232
1163 1549
64 1522
1478 246
638 1414
777 1318
923 1206
65 740
574 374
905 539
1001 867
1248 58
528 359
1756 54
66 1192
151 391
775 1373
175 1585
1654 1737
710 820
385 1540
1080 973
1146 669
1151 784
1347 1517
63 1258
68 1162
1744 1399
954 794
960 589
67 497
69 109
589 215
1937 1297
884 96
1837 1880
450 597
755 1453
1895 525
1218 300
70 882
1125 482
433 890
1124 74
1868 1826
1521 1909
438 598
1224 990
862 1157
859 1110
1061 772
1696 642
1272 1310
1690 164
1107 34
613 341
1299 1339
563 877
71 241
73 1766
990 1871
341 1191
963 1210
74 1643
956 941
1920 1645
1608 1471
994 897
332 1888
1507 1201
117 402
75 123
76 1638
1715 366
606 978
93 159
1659 90
919 175
77 475
78 389
554 1400
908 1841
79 369
1052 1548
1827 145
691 923
596 0
647 1189
886 443
628 392
1649 193
766 1743
1533 898
1636 791
1307 1026
1557 1261
1884 985
788 1454
509 1109
80 1348
81 1451
795 612
1033 1455
299 848
607 1818
889 1494
417 1866
503 1143
677 606
335 331
83 1389
1629 1558
1607 422
653 1569
249 55
1185 1226
82 343
84 1704
1264 207
1216 529
116 1095
928 983
487 1286
1759 1437
727 429
1233 46
1596 56
112 166
860 186
85 1639
1134 684
1880 1477
1602 433
183 1071
1320 535
1017 1575
86 779
1838 336
519 1631
198 797
476 1911
883 427
1242 1052
1529 14
771 1195
1346 735
87 934
1097 532
92 513
651 83
1802 363
298 993
129 1098
1247 322
88 758
89 785
608 611
1816 552
1645 1020
177 1314
333 1266
122 553
455 1081
1712 511
1188 1315
993 1237
1854 114
90 479
996 790
369 551
1801 1610
1770 1006
179 1681
1121 132
91 880
660 126
666 1069
159 1728
1763 1332
967 1335
389 1510
1330 632
1122 1362
595 1342
101 332
1150 851
228 707
273 639
1776 899
220 1067
95 1812
713 470
1412 1531
427 1042
687 1552
942 1344
96 1159
1302 759
1341 23
353 720
97 763
413 162
293 130
1050 317
1243 204
1065 1249
1882 1293
874 989
1317 787
514 1523
397 1294
227 745
354 1726
285 184
99 127
403 1301
1189 149
187 691
1083 1059
142 1613
434 846
1092 255
180 1931
1465 622
261 741
1691 817
1745 723
1296 1897
991 1363
1116 174
688 1571
1553 712
1580 710
160 487
1706 1402
162 147
1809 585
892 1280
787 206
664 1085
234 969
241 1090
105 198
214 1603
949 1391
1380 1556
659 104
103 661
104 637
106 1351
1388 1404
630 1129
1362 810
1594 1874
107 1876
1221 658
654 1426
1646 514
1849 600
110 224
108 1733
1871 1222
941 1886
809 278
190 1622
109 1282
802 1476
197 1825
111 1383
1082 1789
1625 1541
113 57
1180 1501
633 445
1506 1624
878 428
1135 416
1512 95
1069 1746
966 956
702 1485
114 1670
115 1267
566 1823
1009 1503
462 1247
290 218
446 1215
1730 930
395 814
1088 623
320 555
157 1341
1789 900
1791 1748
163 348
517 1592
1810 1800
839 435
1396 948
278 1602
1371 1754
1489 1108
1022 1479
1007 1555
1045 1478
119 852
386 1780
952 653
811 1785
876 1070
1930 526
1275 1630
120 143
921 916
1421 1334
237 902
486 799
1292 397
1812 327
121 1595
1495 1323
1389 451
1278 654
1805 19
830 512
740 1848
124 1892
193 1384
238 39
1620 690
943 1915
169 635
126 860
1852 1715
790 414
125 244
418 1824
1176 869
1820 38
1570 638
548 1740
1932 1317
1735 674
1707 1734
130 1420
479 1803
1817 1881
1360 1033
128 328
1769 1217
714 1211
656 1021
1399 1123
1186 1360
1436 454
1390 1448
1833 1440
131 235
132 1497
1829 1036
1869 1672
134 798
556 1646
368 153
603 935
736 398
1618 942
1633 446
247 386
1426 754
1815 616
741 1269
933 1165
1438 1463
1235 169
135 385
1875 281
467 73
803 384
138 195
1025 221
847 1430
1070 1515
891 1113
1262 28
1534 1370
141 1762
798 1322
1848 1594
140 1566
305 1147
1466 1714
481 613
1796 563
760 581
549 324
196 125
565 173
624 1514
1415 496
205 668
649 220
144 1041
1236 1435
1379 538
1277 247
1589 1921
145 214
1253 1658
146 782
1623 931
1337 574
1203 467
814 1179
1274 136
147 1865
495 379
704 33
148 260
364 954
1008 1022
881 16
1581 1302
658 1564
1910 824
284 1491
1034 955
1677 1329
1637 540
150 279
379 349
410 1820
1640 1508
1271 1614
435 656
477 1666
370 30
1714 168
143 517
1923 1583
850 884
1541 99
424 713
153 41
1310 1458
1416 460
738 1092
154 1175
600 1306
1407 1320
516 829
155 115
1705 188
425 1161
1378 1102
346 1719
1270 646
1014 68
946 502
541 1218
824 262
319 280
1702 268
869 1034
1355 1398
692 1760
1762 1035
983 1834
156 726
1783 718
890 163
1800 264
292 1242
977 1840
1256 1543
1026 1935
250 64
233 1291
553 1139
436 357
1687 1859
1694 1682
182 1795
1461 486
1316 788
1095 382
1847 698
321 476
1591 1706
164 1678
1527 296
1376 567
834 12
885 1397
732 946
1799 806
199 1830
957 1044
975 375
1406 152
166 288
1703 1338
1573 1043
288 765
1519 518
873 991
165 647
167 225
474 1469
1178 1446
1502 7
1858 236
533 201
475 725
1692 1790
1743 60
1066 293
1363 1475
729 65
799 524
880 925
171 1627
1023 1361
1078 44
443 1326
605 1259
693 1112
1323 265
1739 258
870 1545
807 1421
1713 345
1130 830
1543 1607
1199 1821
174 1172
1460 1053
900 474
176 920
1672 1255
419 488
831 913
1891 1629
791 546
1112 1045
501 892
178 881
279 367
328 994
1616 582
1899 211
1893 1524
181 242
1144 957
1044 756
512 644
822 310
426 1155
543 1068
895 836
192 297
1562 569
343 1689
1475 1084
1195 25
808 1806
1279 887
185 505
186 1495
1586 1528
1935 1513
521 49
1359 1075
725 1350
189 1114
248 1710
188 1349
1335 1292
1259 399
1273 1039
1334 1580
1006 929
1782 1664
1318 815
1898 1796
439 289
1165 1616
1413 1781
1324 1111
1156 380
625 617
392 1278
399 1619
282 1660
452 1758
1469 63
936 307
1055 677
337 715
1600 51
449 664
1621 257
194 821
195 1290
1874 1648
1417 1550
865 1194
381 1140
1862 507
200 1103
1027 230
1075 872
774 593
472 1166
1257 1649
616 675
1860 1470
355 170
636 466
1885 1030
1579 431
720 1296
201 1287
202 1819
204 568
209 1382
1432 855
772 1636
1474 229
206 967
887 378
203 197
562 1684
752 1047
1106 1462
208 960
469 1223
331 1001
1480 477
323 643
796 441
758 1942
1032 304
1039 1625
1250 1142
1811 1346
287 107
1795 1252
1173 442
1249 812
210 928
263 1264
622 1847
1049 603
751 1186
1768 1891
1021 864
618 1120
213 1372
1215 1396
1803 1236
440 1224
1338 492
360 1839
252 1365
1830 1265
1563 1304
216 1184
1494 856
366 1768
1071 1906
619 361
217 471
1473 237
1410 1879
1229 419
1638 749
1548 24
489 1551
246 339
987 409
579 947
221 1283
879 326
1660 1581
1516 1753
223 1118
235 219
1312 891
224 1336
657 1683
1251 157
219 196
225 172
1673 1207
1401 1923
226 1718
1303 1079
405 1385
1138 1057
229 1467
982 652
728 1770
1148 1330
1266 1008
465 1227
511 1747
851 239
1268 1429
231 1698
1442 1245
494 1947
1244 1055
1437 4
906 1817
1567 1853
1319 904
1500 1804
716 822
230 773
679 305
415 932
1708 1553
1531 1407
1514 1941
1011 665
414 800
1234 1600
1418 1763
601 1386
1781 1203
1168 592
1321 541
239 631
502 792
804 432
551 1312
1658 1499
1230 1889
1220 9
1822 1570
347 129
1289 177
1939 678
243 481
244 1145
245 421
776 1423
872 1525
1797 1408
1031 1506
1118 952
1051 1922
1931 1898
1258 1852
818 1882
907 1887
1056 1395
1093 755
1551 939
981 1741
1617 1815
1181 1563
1727 301
912 554
251 795
544 1353
329 210
488 1530
1089 1240
917 1232
461 1011
745 1807
1074 757
1928 156
1254 231
1750 1792
1915 696
406 753
1172 1074
1301 995
257 464
557 1196
1919 683
258 1097
1766 137
259 1771
380 854
267 47
707 452
260 76
1912 1308
1777 13
1158 151
1572 299
1622 1122
317 1843
498 1769
1325 1004
1191 10
1926 586
264 1333
684 1101
586 944
1427 11
1688 1246
265 519
1655 508
411 1176
470 1632
1197 208
307 494
749 321
922 908
1443 463
1137 580
1227 686
266 1167
268 82
784 1490
269 520
531 579
1167 1663
805 688
270 648
464 1171
1515 1611
271 727
1369 650
701 557
1584 1732
1641 509
272 1519
896 1337
735 500
1934 804
686 1019
505 1867
639 1256
423 980
1295 733
1700 1579
1498 1577
1879 318
274 615
275 1169
276 515
1076 857
1228 1273
1152 731
700 506
1693 121
1542 1343
1352 1461
1287 697
1384 1371
694 1449
1431 1697
373 1674
828 536
280 1415
281 1652
1015 185
1711 1025
1282 673
986 909
1588 633
283 1724
583 1422
1564 729
1041 544
1522 1896
992 987
1142 1907
1792 1205
1497 405
286 1730
1728 290
1177 938
1569 105
1532 1234
1202 699
675 329
289 878
361 1593
833 746
291 62
1405 803
1667 1058
1865 1077
484 217
1675 1863
681 1659
294 926
1084 458
1145 1565
1245 870
800 1794
1615 894
303 1007
1545 1713
538 84
1552 473
372 896
1040 491
1276 450
296 614
937 711
1162 1925
680 1094
1241 1062
352 2
437 5
300 1241
1592 410
1002 1029
310 1158
1710 999
1520 1441
493 1375
827 1529
1368 564
1764 1356
304 461
1149 1561
676 1572
668 714
448 1298
384 1617
1136 1944
1128 1893
342 1412
764 906
1161 1692
327 1433
504 780
1374 523
308 961
309 1634
550 570
1753 36
1085 1884
1164 1300
1370 110
539 907
1143 561
312 1099
1604 1801
763 1744
1457 182
314 1520
645 1905
428 1187
634 1262
857 1125
1755 71
1786 1936
970 918
1483 118
631 624
1826 945
318 1418
721 100
669 1100
894 1378
1036 1844
1030 693
674 1750
1788 1409
1889 1836
1404 1274
863 189
322 1012
1559 767
1000 599
1447 43
1678 1720
324 178
1806 1608
899 651
1231 1316
973 689
1169 1303
1601 1149
853 135
1724 608
888 706
673 789
783 1547
1348 393
599 1778
340 1347
1387 1628
652 1722
1877 1918
635 1248
1328 1793
602 102
371 629
365 355
334 325
336 85
801 984
1698 29
1226 1031
339 807
577 1117
1818 1107
1843 1536
930 1673
897 1281
998 618
1123 252
490 1773
1741 1106
1823 1518
1894 1805
1479 438
1456 1657
1647 1850
911 1797
640 1216
780 685
1481 620
348 988
974 587
989 1945
588 844
1104 1472
349 423
678 424
1760 1482
1382 1136
1742 407
1174 306
1903 1271
938 681
351 1496
964 1381
1213 1016
1681 356
357 1620
356 50
358 1379
1364 809
924 113
359 730
951 21
1260 465
1778 583
1020 744
746 1390
594 1130
610 67
1339 1756
513 116
1821 825
1686 879
699 911
1834 1374
1397 1784
1482 922
968 1934
367 702
641 605
840 1091
1429 858
742 548
759 1641
1863 921
1933 436
497 1808
471 400
985 342
682 1537
1511 1504
1313 124
1192 1488
1300 839
1611 1904
1019 455
726 131
806 1083
520 979
1881 751
561 148
644 1032
1386 298
1663 352
1068 1776
378 1589
670 672
1699 484
1513 905
1561 1578
552 1539
383 275
902 1662
672 1105
1526 964
719 975
388 480
642 1428
1356 1900
1907 1190
1425 1845
1309 167
1683 1775
1546 1064
1780 440
1504 1431
1842 700
1793 1419
1079 805
1081 1209
391 974
1004 98
1361 146
920 1702
441 876
396 1464
1536 1403
398 1822
1846 1527
1086 1202
394 1352
400 283
401 847
629 1260
1566 1764
1057 61
1046 1562
402 566
1219 992
1375 1487
404 936
457 1783
1825 1233
529 1493
407 958
408 319
478 430
1582 187
409 739
560 823
893 1230
1614 1181
976 819
412 91
1493 373
416 609
1883 346
1298 796
1901 571
1900 351
420 901
837 333
1779 1003
1010 703
421 1573
1471 1401
733 1838
1444 1299
1383 226
903 1144
1748 619
932 743
1147 630
1732 1809
1914 1358
430 31
843 1116
432 1901
431 1214
1204 626
767 1174
1628 388
747 287
1445 1777
1160 971
1612 1061
1662 827
1721 406
1187 775
1644 1243
848 951
571 1709
447 748
445 886
1377 1154
661 1590
1183 1943
1209 97
1576 1567
703 302
812 26
1909 1949
1190 48
898 1049
648 360
1453 1788
1723 199
451 404
1198 1473
453 687
1400 841
454 1500
1774 1376
593 165
730 417
988 344
456 1450
458 1729
1685 205
459 1655
1864 1078
1679 1933
460 80
1719 138
1918 453
753 655
1102 826
507 719
1108 1054
578 793
706 1686
1537 89
877 1695
466 112
1357 1799
1927 1542
1265 134
794 1927
770 1860
1819 889
1288 1388
971 93
978 1701
823 981
620 259
1058 1354
1452 556
1120 1050
1154 234
1720 1199
1459 850
483 1914
944 717
1284 1509
1873 202
604 101
1331 1289
1238 953
754 200
854 584
1350 1813
496 403
1651 489
1652 1637
1398 354
984 1213
522 1436
1916 37
1670 408
499 1483
1392 1757
1423 32
585 27
1175 1858
623 1937
506 510
1315 1324
1332 828
748 1920
637 1134
1064 1755
1737 522
1784 1685
1613 1096
1835 1002
1733 194
1153 1633
1758 917
1870 972
1385 1263
1832 1917
1367 1484
1528 528
523 1135
1306 1133
1508 1468
663 448
526 1878
1336 1932
1892 649
972 1250
527 222
1372 1204
916 833
530 1700
1373 588
864 103
1619 1148
1342 1009
929 381
535 1369
1583 108
1859 595
832 1814
1503 245
540 1366
1839 1502
765 1465
1133 692
542 282
1239 312
1674 1124
1603 457
1836 808
927 1447
1329 238
611 1459
1610 94
980 478
1593 160
1395 1272
1059 1277
1904 695
1510 1654
1433 531
1709 1690
1598 1380
1012 1439
1087 1178
1222 117
626 1929
1311 1364
558 1832
559 1150
1440 1413
849 1857
1430 249
564 1810
1212 596
1550 903
598 831
1439 996
568 1082
627 912
969 910
715 1121
572 434
573 444
1109 1152
671 1869
612 1708
1171 330
778 1765
1785 1533
580 228
581 79
871 682
582 1924
1126 1239
1240 1675
1166 1438
1906 968
1201 1466
1448 390
1518 1046
1117 659
591 1086
592 530
1207 75
1808 1442
867 1712
1132 1013
597 1393
1090 1138
1411 940
1924 1295
1844 8
1434 813
958 401
718 1005
1525 1586
614 933
1349 732
617 1309
852 1837
825 998
743 766
731 503
1428 1392
789 1018
1631 634
1524 371
632 1151
1635 1254
737 376
1414 1862
1100 1153
1650 150
1101 338
1726 1875
1897 158
918 15
1455 396
1063 1460
711 738
904 1156
793 1647
655 610
1704 1650
1798 742
1263 504
914 1749
1664 1544
1790 1457
1225 468
1182 545
662 679
667 1939
1530 59
1731 1835
1775 1424
1684 607
1255 284
1575 35
1304 1661
1454 1916
1501 233
1091 1903
1252 495
697 1802
979 859
1485 256
1013 272
945 1406
773 77
717 1173
1196 415
724 315
1038 40
1393 694
1540 1432
1449 736
819 294
1632 3
1214 783
1757 1846
1609 1873
934 1827
1283 1180
821 1767
1293 982
1765 1596
762 722
1751 657
1605 309
768 1411
1568 1899
925 816
1547 976
1740 1526
1281 883
1738 1798
1468 550
913 1751
1850 1521
1028 92
1111 119
910 340
1484 269
810 1854
1669 1727
1794 192
826 1327
1626 1177
1890 705
829 914
940 1163
1496 943
1771 267
1261 362
1208 1574
1343 1679
846 1037
1464 1024
1211 737
1103 1146
1043 472
856 1276
1648 1557
861 1856
1590 572
868 1731
1867 1104
1913 370
1587 594
1666 425
882 273
1539 154
1054 1787
1391 542
1340 353
1878 915
1851 924
1565 292
1210 499
926 1193
1824 1587
1922 1387
1037 1443
1170 861
1042 534
1661 1855
955 1851
1845 1089
1535 1197
1446 1185
1003 1576
1905 874
1326 1716
1206 1946
1018 875
1035 1948
1131 963
1718 762
1861 1609
1938 728
1047 1498
1113 142
1053 69
1062 1405
1072 1270
1571 1559
1749 358
1403 277
1127 761
1577 181
1560 1445
1857 161
1492 1908
1558 106
1578 590
1549 1141
1523 591
1643 1228
1232 1198
1754 1056
1787 838
1585 1357
1290 263
1665 1132
1344 1321
1716 1786
1409 1894
1574 365
1729 560
