0 1065
1849 1745
1848 1135
3 1264
4 15
1841 388
10 193
12 1844
1838 1233
13 1200
1837 1273
14 596
15 398
968 1125
1754 924
707 1058
898 1544
1619 334
1574 1353
466 1457
1116 313
820 1107
629 705
1 1500
2 564
1847 521
1846 1177
1845 1673
1844 1688
1842 642
1840 363
1836 1558
1589 129
921 171
540 519
201 145
253 665
1002 254
589 1734
1843 607
1839 1471
16 1027
1717 822
1205 1725
513 1071
445 641
1525 481
1246 1032
1785 1011
1526 1412
5 525
9 492
11 386
17 719
1484 1370
837 1092
1270 1555
260 1535
809 888
7 984
19 592
1098 1336
858 1811
24 252
975 68
1104 107
379 823
142 754
1772 658
539 567
860 1443
335 1575
1736 1140
408 1401
1634 1602
103 877
1559 1572
965 379
53 775
18 1803
872 8
1522 682
878 1118
1024 457
1550 1325
532 1296
1351 1731
291 639
939 302
842 1265
6 393
8 740
20 875
21 241
106 1373
1699 1188
1068 1498
483 1661
1633 1820
942 1301
1395 406
322 689
690 1352
384 59
1820 436
1161 1185
51 929
1612 920
1644 892
870 978
1435 1001
1110 556
23 638
374 153
940 219
1706 433
472 1405
1021 1291
238 1483
824 745
246 1809
1293 1031
1833 413
22 195
25 1743
479 1611
811 1029
45 24
345 779
26 1129
834 178
1185 1553
1015 1762
849 40
903 1277
1088 1767
27 595
1495 969
127 1531
1062 122
1076 292
451 138
1029 298
654 548
1086 1557
1502 1190
102 1586
1636 506
255 1787
1411 392
28 1504
29 147
1499 563
1579 462
1810 799
299 1017
967 1037
748 864
1387 274
1103 1305
30 1625
468 523
637 1631
1727 1486
270 442
1123 62
438 752
1712 498
31 1271
979 5
1018 249
725 452
1485 1830
1326 1302
1209 1000
407 1038
1055 1067
1816 1765
151 339
1160 49
1821 1063
403 299
1661 134
1331 340
33 1369
43 1562
1534 788
1394 384
294 897
969 1167
1043 1464
32 1117
34 94
881 1620
61 1687
1431 1636
1665 1472
1584 1367
1802 205
1748 320
163 1706
594 947
180 593
342 1089
149 899
609 1659
1734 551
1715 1266
305 711
1572 1236
1019 1382
1072 1521
1543 1717
715 1404
36 246
37 573
624 1836
1229 502
1412 1475
341 1332
38 264
1641 1508
1312 1712
1647 1600
1649 1449
971 1414
897 500
1622 895
319 1442
1830 201
325 1460
461 835
1610 794
1263 1126
1334 1098
1803 1415
494 959
1244 223
862 137
645 346
35 1357
39 98
932 1733
933 318
1148 1826
663 1592
622 615
1709 1238
571 33
1261 364
905 203
310 58
1102 1258
1050 1481
148 381
633 166
519 26
284 1438
1729 552
531 1484
219 1251
40 1400
784 1596
1639 560
111 781
1212 1573
1625 1789
321 161
376 167
767 222
1357 1096
41 1574
1454 165
1258 507
917 844
1097 1642
1129 967
1038 337
1624 762
183 763
42 1664
1828 387
490 557
336 1070
1587 1469
1033 144
1114 1019
1458 1102
1490 69
814 1283
1660 284
1756 958
923 627
46 495
1670 1362
1747 272
347 1338
1544 613
44 1682
47 1111
110 529
822 1030
861 1685
296 1009
129 48
300 1698
138 1822
1742 968
507 1604
1111 1363
548 1101
1204 350
765 303
96 653
48 903
949 1603
827 1082
487 588
1521 1181
641 707
1592 155
1724 712
390 764
727 1799
1095 874
1268 834
170 1624
370 785
49 1470
50 1261
1371 906
1755 817
1224 1665
1174 1391
312 973
821 488
1745 598
1014 1777
52 1758
1090 27
75 1263
1106 1637
1448 430
502 263
271 243
213 342
1819 693
1700 1136
791 1080
866 801
497 1189
1338 1779
761 104
1287 774
309 1568
511 1648
1557 827
801 993
1817 253
1237 585
54 1696
55 1122
189 1465
847 1749
1542 1184
1152 805
1590 747
56 156
1283 354
1491 0
474 1178
1675 733
1119 989
1285 528
1637 867
375 1424
57 81
997 97
1073 1041
1008 106
1617 792
58 1546
1415 800
234 1810
393 604
577 297
1243 468
198 1657
1118 370
214 1005
1451 634
509 1739
362 1097
326 584
906 116
59 1294
1407 1059
533 539
749 397
169 1639
154 149
307 818
1795 220
642 1224
833 427
1289 258
69 1012
415 255
735 1680
652 419
430 28
671 432
333 1559
1594 1692
1718 1388
1006 979
1084 1540
1173 1127
66 741
217 43
1732 1187
585 1104
60 704
63 1203
157 590
123 656
1778 1658
1498 1351
1004 532
193 209
1571 1797
62 117
64 438
256 1280
133 1641
1052 725
1366 991
951 1785
512 250
65 951
1200 1137
1474 483
383 190
1423 1356
124 242
1180 1564
1286 1326
1430 88
1436 257
1280 813
481 722
248 1047
560 428
239 1832
1663 960
632 312
1599 1513
324 132
250 1260
1509 645
536 1045
841 1170
787 1435
1305 259
331 703
135 1473
1332 1705
67 780
68 1746
503 954
1329 1841
486 256
794 1381
1226 789
1719 928
1728 1693
919 1361
268 824
1078 1794
1691 396
619 612
1339 647
908 1503
785 317
1791 1205
72 1241
720 952
686 1256
1784 324
1789 926
1580 1202
464 1605
454 1437
1217 830
685 736
70 956
71 1257
1142 1151
1564 554
1437 287
1576 1485
1681 103
73 1230
218 1482
1349 1015
301 360
1159 1736
568 351
516 1113
1245 1040
1628 572
907 675
1382 210
1124 231
520 577
74 204
1232 472
1398 304
1476 1380
308 1171
1386 1003
76 1249
241 1764
1295 583
1381 771
1264 649
760 688
1566 1085
77 640
990 797
449 1815
1348 294
672 1164
1178 490
631 1719
1266 1773
338 628
109 1463
611 1742
1419 674
78 469
79 1694
459 1550
1031 791
1672 1182
876 999
500 278
498 706
726 451
610 735
557 907
549 622
80 1711
924 912
1067 375
1613 852
81 737
275 285
877 1812
1359 816
1489 1819
1193 448
1153 283
83 861
272 1497
1631 650
1731 980
444 441
84 1633
1126 353
130 1083
400 1143
1408 1627
371 1452
1234 905
89 904
82 185
85 1409
1539 637
316 293
934 819
1054 946
1352 1114
1154 1141
944 522
1005 1287
1172 226
480 1139
86 316
1036 127
984 239
1215 601
290 445
87 829
1241 416
900 162
783 1729
1738 372
747 1197
473 606
337 1169
1048 1499
116 480
262 1322
1207 1730
1140 91
1783 112
1760 748
739 76
1722 977
896 327
88 1269
90 1727
1472 362
1832 1020
1773 1824
931 73
93 1808
1210 1422
99 857
1585 921
863 660
976 948
92 288
178 757
282 473
1120 158
153 1244
1274 625
1413 1390
1470 1699
729 839
105 1686
1558 1647
698 53
1034 680
411 1196
638 1398
1194 152
1354 974
126 1410
91 624
1668 326
119 1221
588 1738
1483 1064
981 57
1003 1806
855 101
1057 1046
1046 464
94 121
668 761
436 1635
298 1128
712 1753
1298 1621
660 782
460 1346
1010 751
447 508
966 1081
1074 1150
391 981
846 1183
1506 466
462 944
1083 786
97 1007
491 296
627 140
1066 45
417 652
945 385
1346 1436
1831 1766
665 953
547 1528
1422 501
904 1488
703 1502
95 410
98 1147
1150 151
1510 1569
1254 718
1168 694
713 124
395 1286
525 1166
100 1588
1277 233
1425 603
1494 1198
1455 1539
804 1607
101 35
1358 708
596 1522
565 105
529 365
920 917
1071 795
753 533
224 837
1570 609
1689 1461
1782 279
165 1534
884 187
677 1173
1605 1425
1053 142
806 1172
1307 1480
363 1598
174 826
1236 1780
987 700
414 484
1026 197
1733 648
552 465
1079 1816
913 1243
104 1254
205 1290
476 63
750 262
1292 934
160 1334
429 738
1749 938
144 896
1356 890
1143 412
108 1295
416 1066
274 1165
1297 471
1429 56
107 1006
742 173
527 1004
910 1024
212 1105
1291 1441
1707 1446
1147 955
528 778
380 1130
922 1561
807 1510
112 1823
1343 1348
683 163
1586 701
113 730
1658 509
1141 1772
245 744
1694 401
1737 1321
168 1116
1711 1689
188 720
1710 183
469 25
772 990
114 92
115 1025
879 1645
1092 319
237 1839
425 1313
816 202
1405 670
1698 1840
488 1426
575 1496
1632 358
691 1259
1669 1565
1341 487
1167 93
117 919
1462 1028
1322 175
1157 916
118 12
377 1394
1131 1774
818 1162
1768 1491
1501 1215
1578 1467
470 1407
757 42
954 623
1447 1214
958 766
793 663
815 1345
563 1416
1677 431
625 1216
854 887
874 873
962 224
873 399
1310 1307
1523 1681
120 526
278 1597
1648 277
1752 914
155 455
1777 1577
505 1576
1267 310
431 1455
184 1120
701 1523
1512 676
121 1599
314 1545
843 1802
1367 555
122 690
970 30
1208 1630
792 894
228 814
1743 1678
1400 513
974 325
746 1543
1505 1021
544 591
125 345
991 566
1480 1793
145 828
1428 677
836 1087
176 1303
1242 1670
1162 1740
1273 1703
1477 356
334 343
714 453
925 721
948 863
259 1608
128 696
1620 96
762 1341
230 982
1629 724
1826 582
875 661
1834 1053
453 1609
1468 159
1497 1192
1013 1718
1567 1406
1363 1142
131 936
1340 110
396 1274
856 1807
1094 545
1695 1551
441 776
1115 1285
369 47
786 1211
132 666
1716 424
518 1691
1007 937
134 1055
1487 1644
1735 330
378 845
1682 931
514 199
136 1456
1758 885
1540 1530
1788 1431
556 908
734 1713
617 84
988 1702
578 1298
137 1420
485 189
437 1148
1466 66
1815 321
615 870
961 169
1517 291
140 314
1766 880
179 146
926 872
1233 687
1137 13
946 750
1720 232
676 1163
559 1010
1520 853
1678 1805
1214 1043
972 1119
865 544
1333 933
141 475
143 631
172 1250
175 1013
1186 23
899 1517
399 594
277 838
1804 119
1132 901
941 1121
1664 270
583 1328
937 1628
553 568
1475 1115
1410 1343
231 527
1327 941
1671 1524
1666 758
352 300
1070 1386
1799 1176
139 616
146 1771
302 534
650 1002
812 1344
446 1790
595 1434
147 600
1135 493
1227 395
989 1768
240 1366
952 608
1511 434
1465 143
1812 77
795 271
358 6
150 570
427 1078
1442 170
1753 858
826 260
1364 1061
202 808
1426 923
892 575
604 710
405 742
465 510
152 787
463 198
586 1376
1222 820
484 1145
1424 630
1569 1668
422 617
1365 207
1369 975
409 1099
236 1570
744 336
1492 681
1806 305
779 1804
456 1640
419 940
156 1833
1705 1721
1467 1109
831 679
467 295
1626 913
158 11
953 1384
679 29
850 1318
1188 16
159 120
1299 1008
998 728
1508 716
1030 644
1595 1440
600 949
864 237
1179 1782
220 1439
1577 1300
655 1340
780 95
161 1193
162 459
688 1315
1440 1462
1028 1337
1337 341
930 699
1538 970
819 1201
457 191
751 1654
285 382
164 1756
771 662
1306 1489
1609 130
550 1310
728 192
1044 213
166 1623
267 266
167 995
1255 1651
743 4
1192 236
579 1
1714 108
1058 44
1787 1697
366 1526
766 139
666 524
1117 1632
1701 1618
171 1585
359 125
504 1845
232 407
349 1655
705 1492
681 444
258 1615
724 815
1417 247
1650 1477
558 684
173 1033
630 1560
365 22
674 1288
1704 1837
320 1292
996 79
443 726
1673 1781
1493 1669
1588 1775
1603 368
340 1652
956 440
1315 1395
754 391
177 1358
722 886
1165 405
523 1079
1112 900
1335 52
196 423
667 1778
802 1086
1459 1478
813 245
404 349
869 18
1744 503
317 1580
355 1755
1600 1255
455 499
740 1385
1614 530
181 1018
182 1454
1555 230
1623 1614
389 1776
915 1095
1657 825
1421 1270
1807 702
682 1612
1276 338
1308 494
580 1751
661 515
1751 767
1265 1365
187 841
543 1634
1399 7
894 833
789 454
185 400
186 1581
835 1297
264 883
1532 14
442 1552
1823 1622
1800 542
1552 1769
1554 1846
1659 1103
1093 1566
332 932
190 476
360 535
1656 1538
1597 182
1640 369
871 1329
643 335
243 1827
192 1317
592 1108
1105 301
1181 1072
803 1035
1253 443
1108 1342
191 99
194 1726
1347 1077
348 273
618 1124
851 309
1438 614
732 686
1314 734
195 793
1091 847
673 1532
1323 659
828 1311
1025 1468
197 420
569 1835
1360 1595
388 1527
756 1770
564 1587
1573 731
693 1152
567 227
1171 1364
1414 1750
1027 1515
215 884
448 458
985 1094
199 517
1503 100
888 709
200 821
1427 1792
281 180
658 118
1688 1479
1824 240
752 115
1409 1392
203 1610
351 1074
1099 859
313 1106
1486 179
204 732
1009 148
1813 996
853 329
1776 878
1149 802
1017 547
1725 1831
1814 1320
206 729
1762 543
1446 426
1296 1314
982 846
207 695
208 605
478 1073
1176 772
636 1818
1461 1293
1611 1650
1385 602
1320 135
1069 697
209 1075
1775 1537
798 972
1796 1219
1396 868
1391 1494
1350 1333
708 1159
210 1229
1184 1396
211 214
1662 123
1156 957
626 1235
1642 50
257 866
1281 629
1464 540
1482 184
1741 474
1536 1427
1601 1458
1125 1331
1016 599
1516 672
817 620
279 1667
768 1323
1374 1646
597 281
769 1429
1713 367
702 1347
1530 10
1130 1671
1764 1054
1064 389
1771 961
216 994
221 1146
778 810
242 1542
1190 34
1138 403
716 36
852 72
1089 1324
410 855
223 803
777 1519
1012 1817
1127 1359
1272 1084
222 856
736 1206
226 1022
225 425
227 1571
1583 1430
1345 322
339 1801
229 1715
621 1157
963 1529
1606 1399
1596 1490
704 635
868 836
508 439
1811 1520
247 1360
1336 1368
1288 755
1686 1677
233 150
1238 394
1379 1100
1654 435
1449 1050
283 561
1551 553
566 632
235 611
880 1695
1082 376
731 667
496 188
859 876
1496 1330
1392 1133
1770 1453
1051 238
435 1355
1377 1594
886 935
662 1209
1230 773
1196 154
1547 664
593 21
244 1282
555 998
574 1204
1047 1476
551 450
995 1579
717 643
796 865
1809 950
1393 1423
882 1548
249 1112
433 1304
1621 366
603 504
1096 971
1478 930
280 889
1368 806
1269 1052
251 1160
252 1723
426 871
1189 516
1275 1589
1460 1316
1042 1825
1653 589
649 2
983 1842
1311 1748
387 211
1781 228
254 1432
1607 244
1187 1389
1100 1821
1145 1512
928 963
1144 964
1221 111
450 811
1473 1684
401 414
261 1747
1739 1501
1023 668
1780 447
613 909
800 1161
1282 355
1355 221
554 1700
605 212
608 141
825 217
263 1795
590 1245
1330 1493
1829 796
890 1195
1432 1814
1445 1350
265 491
721 559
266 461
1183 160
1651 798
602 753
323 131
269 1228
1767 1444
775 574
304 328
1765 893
1081 174
1121 479
1324 713
273 1262
659 549
1524 1707
1313 1760
1060 1593
318 1714
1519 962
1575 1306
1615 78
276 235
1805 85
1702 470
902 1158
1779 229
1303 749
1646 992
1318 1518
1342 1281
657 1199
1158 842
1223 514
1759 32
1259 373
329 1319
1797 1533
653 578
1300 1582
848 1403
1375 1701
893 1374
286 1601
664 571
1761 636
287 489
1041 657
883 860
759 1447
1786 925
1213 565
1546 1397
1690 1643
1247 1554
373 1716
1380 1272
288 1516
289 216
541 879
1257 1247
737 1377
382 997
1220 446
292 417
648 1138
599 1590
1301 409
646 1629
293 520
1693 1563
1416 714
420 1049
1549 1783
295 1174
1075 1450
418 1800
501 348
1453 1616
297 83
891 597
1139 39
730 176
367 164
1560 311
356 286
386 1312
781 610
680 911
1535 918
368 1788
303 1335
1835 760
1568 1180
977 196
738 352
1404 1417
1618 832
718 126
614 282
1687 1754
1049 1123
1361 1210
1109 538
493 421
1039 848
306 1044
534 200
741 1757
823 65
1199 1051
895 756
1279 1289
993 87
1548 1690
311 1284
758 1218
522 268
710 1514
1370 840
929 1847
489 1036
911 915
918 55
1328 849
598 1849
1191 46
1059 579
1726 359
315 1144
1679 378
530 558
773 1154
790 497
1164 1421
978 518
1793 988
482 70
1825 1371
1000 17
1195 377
1504 1813
477 1720
432 418
938 1784
1513 114
986 1309
576 1541
428 306
327 943
1378 1248
889 1220
328 1672
1155 1411
330 1232
392 1735
1562 1016
808 922
1294 1299
1456 685
1260 1354
1757 331
1122 654
1450 194
1316 215
1818 862
1471 807
1790 290
1514 1413
561 172
692 1208
1769 770
1325 1709
343 1179
1553 371
1216 1093
1604 234
694 1626
515 1014
1740 1090
344 1207
346 1704
1479 505
1441 1048
546 1761
1598 910
572 37
1389 986
350 983
1667 537
1652 31
912 1495
1680 1466
1169 60
1515 38
354 586
799 769
1218 1663
1250 308
357 1042
628 511
381 496
1608 456
635 113
1113 673
353 1383
1463 1239
573 61
675 1240
361 307
810 1506
364 1556
1581 1674
1065 1547
857 678
1439 429
763 1131
1383 550
1443 390
1198 344
372 225
1645 1156
1683 1223
1344 411
521 1744
797 945
1085 831
845 1069
1290 1057
1321 1408
506 765
670 1656
700 1268
570 437
1565 90
587 128
719 422
526 280
1792 64
1630 477
755 1227
973 1023
385 987
1170 531
471 576
695 976
423 1474
999 1578
1262 1828
647 415
994 478
1284 383
764 698
394 402
591 485
1418 1509
421 20
1746 1786
774 1234
397 463
1001 1798
1528 218
620 1168
398 1728
839 692
1045 1132
402 275
885 460
669 851
1703 581
1507 1153
1708 1722
406 1584
960 1536
412 380
413 580
1077 1619
1107 1402
1808 1339
1827 89
1166 486
1563 891
1376 1591
684 621
424 168
1638 646
830 691
1134 1088
909 482
950 1034
434 1679
699 536
1228 181
1061 80
1655 651
1317 1763
1197 1459
452 1056
1591 1662
439 1838
844 965
805 790
1561 809
440 1511
957 1737
612 1487
1022 1279
1020 157
1035 1060
832 619
1750 71
840 1708
1133 1433
1146 1275
458 323
1202 333
1545 569
1635 939
1063 467
782 1134
1676 1267
542 727
584 1710
1182 1724
1801 19
1319 1191
475 1186
1235 746
1697 1222
1248 902
1309 541
1037 1549
1239 717
616 1175
696 347
788 251
1177 41
492 1525
887 1276
495 332
499 54
733 1638
1582 898
1420 1217
914 1752
1388 881
510 1372
1692 669
1390 1567
1373 1375
901 854
517 1419
1593 512
601 1076
651 1796
1529 136
524 67
927 267
1080 1308
1251 1212
1032 784
1763 768
711 655
709 683
1616 1606
535 3
538 1829
537 315
1452 1418
1500 1226
1384 966
545 1062
1128 404
1402 74
1201 1448
644 177
959 1393
562 1327
623 9
1136 1155
1730 1039
1304 449
1278 882
1723 133
1457 109
582 804
581 1445
1240 208
980 1613
745 618
1219 812
1541 1237
606 777
607 633
1056 1451
964 1026
1627 985
1203 1675
640 1231
1774 1683
689 723
1397 1387
1211 671
634 850
706 1379
776 1791
639 102
770 927
935 1759
1011 843
1444 289
656 1428
1362 82
1518 1505
943 1225
867 1676
1696 86
678 1660
687 1213
1537 1834
936 1507
697 715
1163 265
723 206
1040 1617
1372 942
1533 1091
1721 1149
916 1349
1403 357
1206 783
1101 1252
1822 1843
1433 75
955 1848
1481 248
1531 869
829 626
1488 739
838 1732
1469 1583
1302 1242
1684 261
1175 759
1643 1110
1602 1649
1527 1666
947 546
1798 408
1353 1246
1256 1194
992 374
1685 1068
1151 562
1401 1741
1087 361
1794 1253
1225 51
1556 587
1406 743
1674 1278
1249 186
1252 1653
1434 276
1231 269
1271 1378
