0 191
1799 1770
2 895
1798 1610
3 450
1797 146
4 1267
1796 1688
5 52
1795 1667
6 1259
1794 246
7 892
1793 844
8 1579
9 1226
1790 374
11 1761
1789 796
12 612
1788 1179
13 1090
15 1659
1785 412
178 886
80 445
1198 1494
113 835
940 1291
114 1698
848 328
1243 1336
1136 1532
395 1412
1 1206
10 624
1791 979
1586 664
962 481
627 302
1296 340
1131 1769
1571 1033
561 1581
1707 7
613 367
1096 1222
1264 1224
1792 1541
16 1325
17 1151
1787 1171
1717 124
608 1215
252 430
1246 653
1732 970
1569 1123
1402 1082
101 433
489 702
14 710
18 1546
1003 1208
1620 99
655 944
1585 243
145 1282
1649 803
1188 1032
19 216
1098 663
699 133
1062 1127
1190 199
414 967
319 581
139 1629
1125 1003
789 894
232 102
1306 1284
174 616
455 336
418 402
652 1397
1561 1563
20 1122
1269 490
1606 1076
1150 345
367 1097
524 44
840 839
297 1195
260 635
759 324
1400 166
704 1680
1347 1103
21 1044
106 1774
1739 1350
1756 947
612 940
1158 772
1356 921
573 1677
833 1057
22 1248
690 685
428 98
46 507
1603 167
227 713
27 688
175 1447
1729 250
1476 1330
496 150
23 375
372 725
1711 1343
1070 1305
1113 75
122 342
858 954
621 1547
137 810
926 593
194 893
1032 223
1170 17
708 211
741 887
1106 202
222 1650
1570 1137
1728 941
43 1202
24 1435
25 346
893 1640
1622 121
1321 1289
156 1756
644 638
1112 1696
969 539
117 1731
217 515
1747 1112
26 420
831 1441
640 1048
1284 27
1672 852
60 891
1638 716
1492 799
787 197
1326 552
1340 347
1505 1114
37 1577
28 1571
1172 1599
437 23
950 1243
1465 486
365 1753
130 1683
1370 1782
310 33
809 394
29 1526
1499 591
1578 233
1089 857
1068 10
177 714
275 971
1090 352
1484 1558
532 14
670 111
630 448
1075 357
30 1588
1547 1766
555 748
1307 1384
766 1699
927 1252
1366 532
1554 1544
1302 295
511 1773
290 1414
1674 115
1035 926
31 440
1066 1771
1105 660
936 1556
1657 1582
894 930
1500 252
873 253
246 1601
1023 1060
1644 1218
32 1376
291 991
76 968
780 1037
55 457
586 730
328 1293
382 682
1426 186
1776 1454
674 959
746 521
238 1121
136 104
702 1025
88 1482
244 729
660 1789
1486 598
1430 841
845 1364
1646 709
429 692
33 437
34 775
881 1471
747 718
278 816
1693 760
461 1738
1352 1417
1021 1207
719 1227
1466 1228
629 929
724 1000
751 1437
431 180
656 1694
1205 1585
35 762
36 888
1715 1672
155 47
857 953
1742 510
1283 628
1495 1434
624 1238
709 462
691 679
1524 1194
1034 1023
1453 35
1376 567
1354 1329
908 1742
118 1491
895 339
1641 1536
1309 1377
1642 992
442 92
559 162
1226 63
481 1220
381 1168
377 220
383 463
398 1027
765 1767
1446 1409
371 773
38 1793
39 1663
363 997
502 1751
637 1219
1780 210
804 77
583 741
1141 1509
1061 441
192 665
919 722
1667 9
1469 749
40 1401
1722 639
973 1017
1290 194
916 381
835 1485
1111 74
253 431
1436 726
1384 868
1224 1302
1640 335
1279 1543
1704 866
41 401
210 1323
1378 222
602 1646
901 672
1048 792
346 1424
760 255
100 1105
42 308
911 283
264 514
1551 362
800 1235
1589 1164
335 360
683 1630
1102 560
1506 602
1394 604
1420 1791
1129 837
201 647
44 738
1575 1257
288 1451
1406 273
1008 1193
905 0
1574 270
941 1223
1489 935
406 1614
1741 1069
284 657
460 297
225 517
45 1665
562 1059
648 640
526 391
249 897
1759 1326
47 1734
92 1589
550 1567
1162 721
482 168
723 1392
48 313
344 575
1516 1591
988 1188
109 1524
1313 936
1659 323
815 1493
1407 1394
148 851
1540 1278
576 949
1317 969
49 1100
1754 956
558 217
1209 1067
912 319
143 171
420 500
889 1465
1507 207
1193 1018
50 247
1072 670
519 855
837 655
1341 1358
154 478
1475 1561
1600 652
978 1478
726 1692
967 1743
1368 1172
456 1395
1438 1776
206 130
910 389
1108 1792
51 1467
52 1423
859 1400
1262 1099
292 1154
1156 1281
281 310
1275 1626
1395 384
1280 1653
680 1361
53 1129
1459 452
1273 1295
1005 1116
1145 278
356 634
1676 753
436 690
1222 1740
408 1514
153 1348
54 1503
438 1053
464 791
725 258
1772 1797
352 1286
987 1346
1257 686
1399 1413
1743 1101
189 496
923 523
924 147
1738 1528
1758 1239
903 439
672 251
195 561
1628 1557
1604 1255
1679 140
56 1702
813 913
650 1080
1458 1643
686 1662
162 1736
57 1271
997 906
829 520
311 293
1682 78
272 414
63 518
167 208
1294 1170
366 506
1456 699
321 1230
1235 1632
522 1365
705 843
375 549
477 329
486 588
817 159
1666 306
58 175
968 483
487 1592
538 596
1299 1043
1197 617
1660 416
731 1778
525 449
1752 70
1344 1317
378 1635
581 1251
499 1370
61 1303
388 559
732 1609
693 1786
339 1404
1760 405
1095 149
268 743
867 443
1300 30
1078 292
309 677
676 922
270 765
1467 538
1084 1063
1510 1163
59 1363
62 562
1333 1436
770 943
1714 90
1689 50
620 1234
64 418
899 460
675 415
1581 119
160 1661
1750 219
65 25
1200 281
849 675
83 629
1685 1636
183 1181
66 49
1286 734
298 267
792 1590
1018 87
1703 1741
802 1374
67 1007
239 1290
807 1675
1118 1094
132 1470
507 704
1639 435
250 1012
824 1664
1748 861
1768 1042
108 656
261 1319
127 181
330 1340
1127 474
976 157
756 1634
692 39
518 182
68 551
69 658
336 425
479 1242
1669 1728
1281 829
168 1428
1054 613
70 508
568 1126
841 1173
1539 1283
821 1781
71 636
1613 1315
533 740
1688 26
1634 801
1289 349
72 687
654 128
1781 60
193 66
958 235
1203 285
404 712
565 1505
1079 1600
103 1201
320 1092
325 59
1103 537
73 198
589 689
1579 395
1256 1537
1519 579
1699 701
1006 1192
111 881
259 447
277 1221
74 260
305 603
368 343
516 746
1401 1125
1073 1391
1668 951
707 849
1412 668
1116 358
75 1020
942 55
1771 978
662 424
996 707
199 1142
241 1754
797 301
1015 1415
1480 1405
1038 1095
947 1298
1146 648
1582 541
316 1564
77 393
990 948
1534 82
1388 1497
1535 279
125 1362
1608 280
1083 1133
1474 12
78 1519
337 1727
981 1253
1234 916
993 1316
625 621
944 1275
79 355
1236 1458
306 529
1473 1602
1254 1637
1052 678
1514 156
269 1039
585 1089
1520 938
730 1679
874 813
129 782
439 1627
440 1160
913 1572
483 289
1357 862
530 649
1415 1693
1278 771
81 1306
82 1236
1168 1176
714 442
838 1726
588 1710
681 1246
396 1241
240 204
419 333
631 630
832 907
505 1145
547 145
208 1006
435 1515
1282 1331
84 1174
1636 314
1167 1233
577 1448
1496 626
1766 1645
820 1182
688 1578
85 1072
445 836
953 153
1123 662
1647 73
1133 429
1493 920
808 1457
1405 1038
1410 236
86 493
1115 298
355 1167
952 1531
887 1521
412 1313
1408 1273
544 1737
980 1772
1331 455
1270 736
687 875
1594 503
1039 902
1627 601
87 778
89 808
727 1389
245 1118
1249 1035
512 860
191 341
590 1475
611 1649
384 739
1670 318
370 1788
158 1249
1392 388
1334 377
90 1113
91 239
123 1474
138 783
1251 244
186 1296
1755 618
1431 1529
1409 848
1543 432
513 300
326 805
1161 1481
854 901
1132 1534
462 1197
1097 827
801 353
682 1432
93 1796
236 1075
1630 527
1004 1199
754 815
979 305
315 878
1777 1368
94 383
1724 476
1491 1030
1216 1466
1223 1013
1319 1658
165 871
1237 1213
1041 597
95 1463
972 727
1110 1308
1610 158
400 1510
1135 1691
1661 1225
96 1143
457 1138
1240 834
1390 1084
1614 1205
97 544
488 981
1448 1147
542 272
594 163
1155 290
534 1144
929 1739
1587 787
1533 212
98 1598
340 637
1063 376
1218 1707
788 1486
1518 32
706 1729
221 1513
883 137
99 1550
713 1327
977 611
772 900
276 224
1542 1061
742 818
785 933
1220 1120
1452 403
1014 671
673 1297
1552 1608
1740 1134
1397 1681
185 41
1478 883
399 553
1250 1566
159 914
1087 151
1194 1670
758 1036
1020 1538
1462 1459
1221 379
1272 676
1556 509
733 1722
102 993
104 170
312 1328
529 744
1470 1169
1449 576
226 40
989 607
105 1029
1076 536
1548 525
1253 983
1706 1499
605 833
215 975
1736 1623
1468 990
1049 1625
360 1618
107 411
207 1191
1509 1554
748 378
1690 580
256 654
545 1593
1314 838
490 1762
1513 48
1160 719
531 356
784 1354
872 22
614 206
1364 20
1291 569
1104 232
493 1149
643 1795
110 326
212 812
1147 563
501 396
430 1074
376 327
1359 555
413 1540
1230 545
632 1021
112 774
1343 1639
1210 986
774 46
1308 31
1153 767
1698 129
262 645
1351 811
628 37
1687 1418
826 899
1708 1689
188 972
1515 1777
1107 1488
1080 578
920 1111
1185 183
1178 254
653 1071
639 1086
937 1586
257 454
995 1355
115 190
116 361
1583 1077
389 1115
634 1452
599 924
1691 850
1427 67
1757 1489
1450 1150
466 731
308 800
1655 18
1617 1569
1140 755
447 386
432 583
1263 788
1126 1576
119 315
1464 1367
120 321
560 519
1295 633
1057 13
539 1093
1260 1177
943 874
1733 1757
184 946
121 1620
449 1555
203 245
144 1446
994 1381
453 873
1252 1678
359 227
1204 1711
1268 1502
739 582
405 459
567 556
1677 1431
961 1717
921 865
459 1747
685 1304
1082 1131
1723 733
1485 912
1144 434
124 1031
814 896
695 1051
1479 1378
1380 1587
403 512
448 842
492 1274
906 1351
1387 1647
1238 71
1719 330
1088 1686
1051 977
827 126
126 382
877 373
1437 322
1196 1468
157 1247
1784 889
1114 1483
1497 458
128 188
933 632
152 495
580 804
1182 1464
1350 572
1017 95
213 825
665 821
1036 193
1786 1272
1241 1657
885 1009
658 526
1361 406
557 1656
131 1261
600 856
783 1135
1454 1720
1731 229
1266 135
1624 456
749 316
1338 982
1310 989
133 1276
1024 1204
379 3
1727 1310
781 1785
1044 973
1696 1245
1494 93
1276 1469
1487 1019
1393 16
263 492
844 1642
1029 1565
856 1518
134 215
135 1285
604 426
1580 1353
497 125
1753 1314
1572 113
1373 1217
549 1064
556 1081
776 1706
1120 1573
1173 1130
999 325
812 29
1101 1387
1130 909
1358 735
273 1024
1381 72
1563 1746
494 1425
659 1250
1391 299
140 1104
1656 1697
1737 38
141 444
1176 1070
1277 779
357 6
142 1161
1329 127
1713 68
1315 234
876 221
1592 1085
697 890
1287 737
1577 1159
1229 21
592 832
896 1270
1653 1324
331 885
617 1755
1259 1073
1601 288
1360 870
146 464
1498 1321
939 200
302 96
1056 1056
839 789
1377 817
147 1760
649 1506
720 697
661 1320
465 498
452 879
149 365
1225 1309
1030 1359
417 179
1217 264
757 317
1512 1732
170 1124
963 573
597 824
514 34
150 407
151 287
407 118
1710 1624
214 1456
1000 1190
233 101
1598 859
1139 268
863 958
1157 1026
703 1004
535 1231
1045 1794
878 945
761 88
1517 1612
1631 1648
1271 1198
960 1492
1213 802
1536 1352
1663 513
506 467
566 659
1678 1107
503 1666
1363 1098
1705 1549
242 1292
433 1311
1460 770
722 1644
1025 955
1735 1512
768 176
1339 1535
1502 769
1124 1619
1637 1028
1650 160
161 249
646 1184
710 732
1374 1427
1227 399
1439 344
1292 984
1327 1396
1007 1210
626 1523
163 1673
1258 1373
361 1372
1684 187
1195 371
1232 934
338 988
1060 763
1303 213
882 469
1305 1312
1774 590
271 1779
619 826
1625 786
345 952
1463 622
1086 201
166 1318
587 1066
397 1542
1215 745
1537 1196
164 1155
1421 1046
1128 845
869 631
1716 1422
394 905
1058 120
1371 1058
1027 1715
1725 757
1379 822
169 174
1782 535
938 85
930 820
231 173
451 79
171 161
421 964
668 1371
553 505
946 1744
258 1442
970 1209
254 542
852 282
1545 372
1138 661
172 1597
173 705
1623 965
243 1621
1654 1403
694 203
266 641
443 265
1451 1408
180 994
771 1714
1064 586
517 1341
633 438
401 798
1694 1369
1434 683
1626 225
176 15
1783 1
1662 105
362 1407
667 694
1573 363
1629 1484
1189 1605
1419 132
1099 1584
1769 1504
179 169
1202 819
909 266
684 754
307 584
181 1421
1461 4
182 695
762 589
991 1705
358 1263
485 1718
458 1440
601 1709
196 1516
385 766
1645 275
1031 76
615 61
1664 790
343 1357
1413 587
410 303
1730 550
1455 1539
606 1005
1635 1687
971 823
571 286
603 1533
763 987
543 650
1166 106
1562 696
1164 1500
1416 276
1375 1445
187 646
324 502
294 446
332 784
966 471
1065 184
743 451
1643 546
779 752
1207 1087
1590 152
1557 334
219 1349
1651 36
1332 1383
322 1723
1550 1682
190 1768
795 1708
441 908
934 703
871 97
1422 756
635 1183
1011 595
657 1476
956 475
1385 53
1324 1764
825 809
1208 1322
218 910
1482 230
1615 840
197 698
1546 497
296 1279
651 83
1700 1109
715 831
983 619
582 144
198 1595
1414 1604
1026 610
1323 1139
992 570
434 331
1037 939
729 136
200 494
540 1117
546 370
712 923
202 1068
1330 830
964 271
528 620
1440 1136
204 853
349 1775
1508 962
1609 178
1219 114
1396 1674
353 410
205 107
954 1119
846 1560
1349 177
1093 1548
552 1700
1504 1010
472 1034
1109 858
1348 1411
935 123
209 192
1658 1014
1770 81
314 240
1611 828
1148 1158
698 960
925 1332
387 284
1442 1724
301 453
317 1676
718 51
211 64
1183 963
422 1148
1199 1596
1119 1189
1152 615
563 84
1726 1733
1261 1430
1002 854
1154 196
470 89
898 262
1566 1091
304 237
1411 209
216 642
265 847
313 1334
811 122
790 86
1028 1186
984 479
1488 1216
609 797
955 1165
220 592
303 1462
636 1277
409 261
347 528
957 320
1593 1552
223 468
1767 296
224 1438
819 669
1304 793
425 571
234 1050
468 1606
716 116
1764 1307
810 806
228 1607
229 1721
463 466
880 1477
915 484
235 1360
847 332
1435 1562
230 751
1191 1461
1429 274
918 19
1071 185
1245 110
1149 1594
1665 1763
610 917
1012 1684
806 1185
267 1385
1151 1375
237 1651
1560 534
427 846
495 558
1117 1088
1362 577
744 795
864 109
1538 1338
1171 413
1214 1750
279 1180
1423 643
1523 931
886 241
1081 1420
1621 711
299 1258
1265 1128
1433 1345
247 533
1180 966
1242 461
888 872
584 141
380 1745
248 674
1567 69
1009 717
1267 932
423 599
796 863
1673 1703
251 56
1055 1157
1511 1380
1212 720
426 390
1553 1520
1184 337
521 8
931 28
791 1388
1559 985
1047 666
444 380
255 1713
1085 1654
504 364
663 903
1050 205
671 421
286 1262
998 516
1734 1553
1745 491
578 1522
551 1660
548 794
1248 354
803 80
1527 277
717 242
932 723
1418 708
1398 1799
1607 1141
1686 1229
769 1498
618 609
850 995
879 465
1322 1256
1544 45
736 1460
1298 1178
805 1450
828 1078
1775 1102
1137 608
1596 742
638 1783
616 1260
274 1527
1457 693
1316 594
1077 777
1521 1022
285 700
474 623
1444 504
642 976
283 117
975 1200
1053 257
1697 1416
1353 1237
1525 1580
1618 1300
280 585
364 522
738 1622
711 164
853 1545
282 747
1100 1041
1355 368
794 625
1383 359
527 1049
1648 1490
369 724
569 776
851 404
350 1232
348 1507
834 263
287 1575
750 1406
289 996
1142 417
745 1449
1016 942
890 423
701 94
843 780
1228 304
1701 1472
737 950
1181 1570
293 1140
740 408
728 1426
1447 131
295 1065
1652 311
986 1685
484 470
473 1759
1751 1508
1591 781
446 400
1074 1379
300 928
1558 1633
1532 1366
1424 1211
900 1108
1709 547
1297 1301
520 480
424 472
689 1386
842 1132
1680 785
1337 142
1325 42
951 218
329 1455
799 1265
454 1052
945 1631
333 1496
508 1487
1177 485
836 530
318 1203
450 1704
1059 882
1187 1551
1174 1617
1481 1146
1301 501
323 1266
677 422
1318 1399
1285 1701
752 877
327 957
897 91
753 1495
1312 728
1744 1083
870 195
1765 673
1186 398
1239 1156
1718 307
491 1628
1471 1473
334 884
1564 1655
1042 1294
666 524
1749 1511
342 565
341 557
1033 904
1602 62
1584 1410
1293 1299
928 1337
1192 961
884 568
411 681
1555 1716
1274 1501
351 1613
354 1480
1526 511
1013 1166
1531 165
1483 1339
1619 11
523 1568
537 1344
1549 1079
782 58
866 1398
949 564
1342 651
536 1390
515 998
721 706
948 1106
875 1016
1595 1254
1773 348
373 366
1091 566
755 1669
374 1695
860 1671
1632 1045
647 1335
564 1730
471 5
816 139
818 750
778 1402
1443 1784
798 1240
1094 937
386 1525
1201 54
575 427
390 1752
469 309
595 764
1122 1002
391 1429
1702 680
1069 231
392 1269
393 1393
1530 226
1612 911
1121 488
415 100
696 489
402 369
1503 1268
1369 1690
1019 600
623 1214
777 1047
1576 548
1633 1611
416 1175
1681 919
1712 1152
1761 1641
959 1096
922 1735
1746 338
1320 482
734 1712
1477 1790
1762 867
861 312
500 927
1367 574
541 392
1143 1153
775 248
645 758
786 108
1165 1758
1428 24
1695 385
1445 1583
1565 477
1490 876
1311 768
1417 1453
1599 691
1671 294
862 999
622 1110
1345 715
467 1798
985 228
1472 350
1159 1443
1255 487
554 419
1328 43
1389 761
1568 65
1247 1574
907 214
475 925
1441 814
476 1787
1163 473
478 1444
570 807
480 387
830 189
855 1748
914 980
1501 880
1211 684
593 1054
598 869
641 1719
1022 1162
1046 1011
1336 155
1335 154
1010 138
498 172
735 148
1231 1040
509 351
579 1001
1763 1638
607 1280
510 134
1404 540
1169 499
572 644
1244 1244
1720 1433
1528 605
822 1559
868 531
1683 103
793 256
700 1616
865 554
1043 259
1386 1780
1092 1212
1403 112
1134 1530
965 291
1597 915
1001 1419
1365 143
574 1347
1721 1725
974 667
1432 1333
1675 1765
823 1668
1779 1382
1288 627
764 1008
902 2
591 57
1067 1517
596 606
678 1015
767 436
891 1615
679 614
1425 409
1175 1055
917 428
892 238
1372 1479
1233 1187
904 1062
664 1264
1588 269
669 1603
1778 759
982 974
1346 543
1529 1749
1179 397
1616 1356
1541 1342
1206 1287
773 1288
1692 1439
1382 898
1605 864
1040 918
1522 1652
