0 1497
1749 1569
2 783
3 1709
1747 1499
4 126
1746 1415
1745 311
1744 1661
7 1204
1743 684
9 666
1741 665
1740 559
11 215
1739 804
178 1135
1540 1447
234 1623
137 502
206 1741
339 1459
1495 1093
459 1614
142 941
498 790
1235 632
1664 528
481 280
1 188
6 1470
8 1005
10 447
1742 1054
12 1260
13 1004
1574 20
457 609
1285 818
699 1037
1488 487
900 1195
853 937
874 1476
337 317
5 956
1748 611
1717 1202
1375 711
290 757
1278 619
1395 86
739 514
1226 46
159 1720
1371 1429
14 208
1044 714
1072 503
479 1506
22 1643
1055 1216
747 1733
279 562
1170 580
1609 547
370 1575
15 778
16 523
435 1162
190 809
1132 921
1259 1322
472 579
340 614
965 923
1369 1554
578 1227
558 1724
750 1234
520 481
1679 735
1130 843
1468 273
730 1731
17 1035
18 761
106 214
1458 1548
1596 1353
728 204
204 918
1357 43
510 744
19 1641
690 550
195 278
462 101
1217 1253
1516 496
381 1665
511 1604
453 1278
1229 1620
20 1323
310 917
566 1595
1198 1209
1313 1000
367 430
1104 1058
1008 1533
107 680
222 304
1101 1261
227 1581
1330 708
238 755
893 1189
541 731
62 1229
83 1342
1409 256
1384 849
1691 347
586 451
21 889
826 1640
477 1421
1407 218
1667 1694
680 78
1481 227
940 590
429 1186
1570 473
1584 1727
626 1341
1460 1230
23 1514
24 853
25 62
1241 8
45 141
1662 742
612 830
476 618
1499 252
1670 601
1159 382
1180 399
378 13
1254 653
522 39
1433 862
941 1055
115 1663
1445 1627
1001 180
26 1025
897 148
627 972
882 344
264 1680
858 119
1172 182
63 59
1136 1509
1175 1407
1420 125
359 423
58 179
813 1312
606 89
1682 324
27 983
28 1532
29 1176
76 461
133 1382
919 276
1091 406
1731 1518
30 199
43 1608
698 1535
248 944
1374 1299
1553 647
1497 746
31 986
881 1387
155 296
478 338
121 624
183 234
427 786
644 433
1066 591
1557 257
32 1136
651 1440
1603 876
870 491
1715 733
1177 1629
344 1675
144 975
689 1124
624 1558
163 887
33 370
779 131
375 115
1302 1267
72 192
1298 330
34 1576
1629 507
1510 1249
631 279
667 1110
36 480
397 664
1161 561
655 163
790 848
1385 404
1187 883
1342 47
335 1719
35 1381
37 1566
539 232
91 380
1035 1368
499 1047
1738 1466
1631 202
270 1632
209 391
53 369
431 203
722 1550
565 230
422 92
584 467
1288 771
281 40
1133 1002
796 374
815 1183
39 1236
1028 1070
557 545
210 1038
528 1174
141 654
1094 748
1223 1740
257 1673
40 392
785 536
836 1056
1331 1735
49 362
1174 429
753 240
52 964
38 1327
1575 563
911 1739
1077 629
705 1338
130 42
41 955
42 1667
1643 64
1058 295
1239 1133
1210 784
98 1416
670 427
1472 682
512 1221
65 531
801 500
706 1584
913 539
44 143
1561 554
193 67
909 870
1193 1155
1045 1700
1505 191
1537 407
1155 1480
1545 242
957 1474
996 949
1111 734
1106 1156
1704 1574
1236 75
1592 156
1335 1732
613 1707
889 1692
46 149
47 186
1060 0
635 172
576 1482
48 1393
455 1097
590 930
236 676
1387 19
918 1309
1680 1332
253 875
69 1433
668 1686
920 1359
1413 627
492 314
1614 860
199 127
373 1116
448 1689
1147 1660
50 1036
120 435
1205 836
1344 1715
407 943
646 50
341 175
265 535
1685 1670
608 1199
1096 147
554 1180
223 1016
219 1369
1619 931
1484 1420
738 1452
1618 336
1678 925
1517 698
51 1026
189 1609
1655 962
205 17
423 152
665 1376
1405 1181
727 1681
803 667
245 58
1315 933
997 1375
1690 595
1250 1383
805 484
54 100
1485 820
307 1345
638 1021
821 537
1441 661
723 645
1108 343
1455 1205
1373 669
988 1307
55 346
405 1360
692 1208
1162 1318
552 1104
978 446
925 961
408 1304
56 1617
1711 1544
208 1379
688 1530
977 4
1343 776
797 837
898 154
125 1551
912 411
863 541
764 806
1321 1546
57 687
386 967
170 704
939 82
59 1076
861 573
1622 594
1262 1607
1411 691
365 508
292 1500
382 1489
354 575
60 420
377 1190
1365 1494
1712 965
87 642
802 890
1386 1481
1069 1018
161 1259
278 905
660 1308
61 1559
216 376
463 1721
938 434
175 305
1454 1718
380 1224
1200 1330
1440 1185
1184 136
467 1090
1286 184
1578 437
1043 294
545 1251
1215 765
371 807
64 1108
237 936
960 686
1703 813
516 1337
929 41
1046 1023
1651 526
415 1654
620 1400
1470 724
1179 789
179 413
66 1553
780 1262
1297 1057
1432 1677
172 670
67 648
1163 729
767 1138
233 1517
200 613
1562 1146
1214 916
68 408
883 368
356 730
182 738
1672 1676
1231 1464
489 662
1709 1257
1027 540
711 1483
1568 25
70 365
589 363
393 584
1399 1241
685 770
71 827
709 385
933 1455
251 952
716 1335
1141 1580
1115 973
323 114
336 104
442 48
355 1137
1450 1619
318 800
1078 123
185 620
239 462
1534 1419
1677 132
1359 1106
73 1493
74 1585
990 1263
1722 874
1418 506
1613 1217
542 97
243 1296
1129 428
309 313
1710 1434
962 18
1576 1220
1378 402
1098 466
914 796
932 1498
1437 181
77 1031
657 350
1120 954
138 801
642 1467
1328 768
75 976
78 886
1520 1638
464 1460
79 66
275 1271
288 5
1095 945
220 1446
901 1094
869 710
1195 602
1125 1068
81 1577
1636 1254
390 759
269 1501
745 1092
333 1317
710 1445
1243 138
80 588
561 1107
480 519
615 264
1461 797
930 1148
320 1048
1305 990
1267 816
411 1394
1438 637
666 1742
306 1699
82 825
410 1015
84 1639
85 1738
1264 1325
577 1355
295 690
1466 1073
86 636
283 558
1063 1646
503 1319
1628 1437
1268 935
312 1080
832 151
1612 1298
88 617
176 1289
1283 969
263 1373
437 250
334 1515
157 1706
1706 355
717 1011
1390 51
89 1648
260 679
362 445
267 471
970 1436
1379 1194
515 1207
117 1611
1145 271
338 574
90 137
1168 1390
1296 643
1323 1275
368 1704
1660 1292
1507 826
92 292
1032 1013
286 415
392 1542
663 1645
93 621
454 612
999 226
847 76
830 99
992 516
1146 1046
94 1605
967 261
968 1367
658 703
102 859
1519 628
880 812
1563 209
95 228
1150 1679
374 899
1269 130
1306 300
305 763
713 1371
553 1688
770 677
1222 485
786 248
314 673
1736 802
1666 15
96 260
97 244
1582 504
675 1010
1088 1565
485 829
1621 652
1127 145
1665 29
99 56
406 61
789 1032
605 334
1477 91
943 799
531 1453
868 847
100 1352
1220 1573
1518 1328
924 285
101 1291
348 54
564 1712
342 752
966 1454
1716 1468
103 891
824 1281
721 198
226 1583
1573 871
104 1521
160 1414
151 1095
391 32
1451 517
1211 509
1135 1343
1547 16
661 1203
1425 474
691 206
1607 1141
1689 1239
105 1691
127 275
818 1150
559 113
686 1187
971 1488
1674 787
211 116
654 6
544 592
776 1012
108 1728
1579 1601
1099 236
1616 658
154 70
1448 979
759 1591
808 842
1419 1745
1352 1374
954 1081
110 1103
1726 307
857 515
1464 490
754 863
1015 1210
109 1212
111 593
188 422
844 1402
1277 1426
697 513
1325 1462
112 982
955 277
1247 1726
1734 1164
838 697
517 74
113 774
1571 1403
715 855
1581 327
114 1463
1290 73
1316 815
395 1099
694 1306
266 1634
1011 1432
1292 384
771 1066
648 153
793 453
116 543
1073 604
325 1151
538 44
956 1287
1050 337
401 335
118 779
1406 1600
490 129
839 477
875 246
119 732
1656 111
322 398
834 989
1512 1045
1523 873
146 1443
921 414
1059 418
207 1594
1234 810
124 1563
446 640
1587 529
1531 576
1446 1003
817 1265
1526 1324
1482 844
450 877
1431 527
1334 1365
122 894
123 1534
274 1336
1504 996
1068 713
296 1248
402 720
1542 1424
672 1019
221 723
449 957
569 678
1620 896
1000 468
126 1399
452 403
1524 28
1171 1313
1410 743
315 1237
904 968
1081 760
357 587
388 1511
128 922
597 183
1724 709
491 1471
1417 1063
240 1085
177 924
1042 1143
129 1315
1024 565
1509 1386
1358 753
131 367
1487 57
591 106
1087 520
132 308
1479 7
1097 1316
604 1708
556 1009
810 564
1189 1258
417 1049
213 31
134 1441
135 722
136 241
659 869
1641 1065
1014 107
328 651
1346 1555
324 1127
1245 656
400 777
507 858
139 1427
403 1710
1424 243
1103 1523
1166 401
140 908
837 331
217 1592
1149 1120
1594 225
156 607
1713 845
412 457
1370 1118
1280 630
1483 247
143 1356
549 326
256 211
1349 357
1649 1043
1474 79
300 223
985 728
1020 393
1183 492
1218 747
649 1044
550 1564
1112 1491
532 909
506 672
1536 1552
1382 1050
145 633
1064 200
1307 1711
570 1121
1428 339
1327 878
1144 1637
150 1621
169 1695
1293 1170
148 572
942 857
1203 1472
1338 443
1401 689
1404 1475
147 1101
149 1409
1615 795
1079 289
1687 1165
1070 715
319 739
1071 1282
289 378
152 293
823 900
1383 1479
852 405
153 396
718 851
1295 865
1275 1192
814 455
775 274
1075 754
1317 1122
1463 1201
756 1428
916 105
653 85
1310 333
518 1669
1192 452
979 671
671 1510
602 1363
358 1245
350 1074
831 552
441 1354
1194 1610
1110 1293
158 1112
1496 1303
700 193
906 1310
514 1671
1439 1512
1529 1182
1233 84
877 1628
573 1087
1688 1177
396 201
1625 189
343 219
687 173
562 421
1353 1131
981 207
313 603
1249 1702
1608 168
1225 764
1007 94
162 980
164 134
1550 1586
1337 1529
165 1747
1036 459
166 1111
1048 879
1503 793
1364 1545
445 290
291 165
783 705
524 866
1131 221
995 1346
168 1567
1140 483
1491 534
784 880
799 217
703 1664
167 1084
1721 1430
1165 571
241 1014
414 1158
1232 299
628 263
1708 27
923 166
299 639
171 907
443 283
611 497
1388 1560
174 1042
1543 63
744 1485
487 1562
421 650
1040 1524
1486 549
173 1102
1659 1020
347 108
752 65
1637 835
983 159
1600 238
725 1149
434 901
1021 606
899 1384
617 898
702 1266
833 758
947 928
180 1743
513 395
800 745
332 270
580 615
181 882
600 912
1449 1725
936 1279
643 569
1022 1478
1265 622
848 1152
872 259
636 397
543 897
953 1086
184 958
1669 381
894 291
614 103
865 1448
645 1490
186 171
187 1571
438 90
1309 341
259 1053
508 938
795 1662
1017 258
1515 124
1294 750
1185 1672
1256 442
812 1147
482 1658
1623 1128
850 359
1403 1077
679 1218
1142 372
1084 920
1408 1272
762 14
1248 792
1216 1198
1647 1125
191 499
192 1006
1324 1624
683 38
1569 1486
1169 233
1153 340
399 479
1151 861
451 1450
1322 1268
294 254
1567 325
439 301
194 9
196 1213
1414 1385
1016 1593
1213 895
1489 1235
197 26
1462 464
440 431
695 1290
1018 1606
1362 438
1475 942
198 1231
1138 1132
1707 948
201 364
1054 255
456 1613
563 33
202 741
203 695
915 1589
1255 1519
470 1051
1105 794
1273 1333
235 1378
684 1655
1109 1442
926 1115
740 852
757 177
1033 997
364 287
732 533
1493 1536
829 707
494 321
592 1022
404 1134
1381 512
1492 1572
1598 1250
317 486
1456 1232
484 1361
619 387
505 109
212 1350
1188 150
760 1737
1176 544
214 582
845 1344
1723 681
1320 1603
215 1410
1287 674
855 995
521 1334
1498 349
218 37
504 1716
572 1117
363 608
1157 518
1038 557
316 440
1258 1590
583 1130
993 1273
346 1425
1467 1547
1398 460
601 1222
1076 1723
224 824
1301 610
860 272
595 55
225 450
1005 1525
677 83
1029 194
432 963
460 68
1237 1219
974 1668
737 1314
1422 158
950 641
353 1034
1012 1579
1471 700
228 542
1430 34
585 688
701 463
229 488
1080 1588
1663 373
537 1618
910 1495
1366 12
1443 135
1242 638
1158 706
1532 30
230 551
825 220
232 1339
1047 1626
500 229
788 856
827 538
231 1326
1478 737
922 1746
714 1007
419 157
792 1492
273 756
1610 262
871 1528
540 1690
1429 155
652 1091
851 1302
1514 716
1394 769
1544 605
1308 1029
733 1284
804 1405
773 410
1090 87
276 1144
888 1549
886 424
1341 1504
268 1200
1196 1651
1402 511
430 546
242 144
1102 1171
1718 1276
581 1320
1693 913
244 1396
1684 412
1207 634
1640 441
849 1366
433 530
840 1082
1367 1024
1646 167
994 1644
781 902
1720 1028
1447 1653
1435 981
246 1297
247 1636
1719 169
1539 52
426 1105
379 817
1244 80
1393 1502
349 495
249 893
1580 377
1490 1300
383 1682
1508 1228
1652 386
1209 298
1527 510
864 1657
250 1449
252 1060
525 77
1340 361
1444 522
1154 1301
973 1496
261 475
1494 1703
254 1714
255 915
496 828
982 1647
1599 1153
1329 655
258 187
1586 1270
530 1277
548 1578
547 133
1535 927
1003 224
1318 1129
262 10
501 1729
1501 351
536 1285
389 142
1056 1
533 1557
964 1539
284 139
486 1391
302 819
902 919
878 659
444 951
625 1331
361 21
1062 1039
277 1734
1039 1505
369 388
271 868
285 342
1546 1730
1057 310
1657 1033
1421 1329
420 1484
272 1406
841 906
1272 1069
1554 939
647 309
1502 1362
1500 352
1412 268
1426 1435
1009 160
1260 831
1083 35
280 694
1661 994
963 110
1350 570
1041 987
1137 736
282 1705
1727 469
1312 112
777 586
769 1674
1139 998
287 320
908 839
787 93
741 598
952 762
1284 1487
1037 1294
959 269
1391 1412
1049 1283
616 597
1100 719
1626 444
989 1321
856 811
293 1123
676 249
384 1423
1389 1596
1639 319
1300 881
409 1030
1590 1240
731 1067
1202 1295
416 1252
1006 683
297 1340
599 1652
298 281
903 1684
1368 984
301 190
758 1417
879 1649
308 808
1332 1377
1714 1274
1506 316
1030 1401
303 389
304 864
736 1599
819 122
1735 282
1191 988
1270 1364
1061 1451
519 548
551 805
708 1659
1010 649
1031 1098
603 1347
311 1349
707 1522
704 663
571 120
1668 366
1654 1157
1238 1422
1304 1650
1686 577
1696 1444
991 53
629 1370
1326 1017
835 329
1204 36
461 1461
1469 1473
846 1630
1152 823
1354 1255
321 1520
1116 929
673 470
1681 164
618 439
483 493
1013 1088
1442 1269
986 11
394 1172
1436 102
980 712
326 1126
327 482
360 419
535 425
1156 371
885 1041
330 1242
424 1622
905 1145
329 934
331 465
768 589
1552 1701
1114 1392
436 498
984 970
1473 1598
1630 245
1427 940
1221 1749
1240 1193
1311 1408
1051 1169
1023 303
523 1687
693 196
1228 717
1199 1678
975 1456
345 1404
946 718
1633 185
351 448
1595 1226
352 315
1261 773
413 358
1453 323
1351 1431
1698 1178
1291 791
1107 772
1423 1348
1705 1243
1700 1159
743 932
1400 1079
1186 1527
782 322
1376 600
587 1078
1611 675
425 1214
458 45
366 974
1729 788
1525 1631
509 834
630 117
1701 553
1602 1439
575 400
895 867
473 1288
588 872
807 832
372 583
682 978
896 947
1624 646
873 265
859 286
1533 197
674 417
1281 1507
724 693
945 118
376 72
1034 903
1086 1175
385 626
418 1075
1577 660
387 631
1733 174
1397 1154
465 780
1065 657
469 297
729 205
650 1083
765 725
1160 1059
1121 701
742 726
1560 854
502 121
1551 1246
398 170
1528 721
1728 822
1604 892
1333 1139
637 1597
1122 266
1476 904
596 1256
1673 69
1279 284
1173 379
555 1114
1118 96
917 740
766 1211
1230 702
928 840
574 1477
696 312
1004 635
1224 1398
1565 1413
1190 775
1372 992
822 985
843 1040
719 1389
681 1184
1642 1372
1082 524
428 1061
1635 1247
1585 1223
1601 1642
568 95
1053 237
1452 128
998 98
1627 1411
1299 1693
934 960
761 1736
1644 1541
1356 814
466 1163
1126 1357
778 946
1092 1612
447 1388
609 798
1645 1722
1052 971
806 1568
1339 1052
976 1625
1541 306
1511 348
1263 353
1347 623
1336 1264
1392 999
1694 644
526 1508
1566 1656
755 1188
884 1540
949 1380
816 71
948 88
1605 489
1653 1602
1572 1197
1289 625
468 1531
534 782
640 449
471 1570
474 696
475 1666
1025 555
1167 767
987 494
1564 1305
1257 567
1208 1089
1026 235
1632 1697
1197 426
634 1744
876 578
1556 766
1521 1072
958 1140
488 1587
1617 1615
1396 1160
1148 216
1522 394
493 685
1361 239
495 749
1201 416
497 1469
751 60
1589 910
1648 1458
607 833
593 213
1593 668
862 1526
1676 253
546 22
726 596
890 1233
1588 1166
1181 1543
1513 885
1178 1698
1732 458
854 959
527 1683
529 1537
1725 409
1415 911
746 1748
1530 505
621 993
1658 803
1252 178
1143 318
1634 556
931 478
633 1113
935 1064
1702 1311
656 1358
560 390
598 1215
1271 24
567 781
1276 1071
866 356
867 850
632 212
887 49
579 785
1089 525
1093 953
582 146
1650 1062
1606 3
1457 1238
594 1173
1737 560
820 1027
1282 966
720 23
1558 1109
1380 914
1074 1096
891 456
1085 616
763 1225
1212 1395
610 568
1695 1397
828 288
892 1100
927 1286
1480 81
622 1616
623 1696
1246 581
1548 1438
639 950
641 1503
791 727
735 501
972 210
1697 977
951 838
662 231
907 821
664 1206
1345 751
669 1119
1377 1001
678 354
1360 332
1002 841
1019 251
1671 476
937 436
1164 328
1266 1351
944 1713
1675 176
1123 140
772 1538
1699 267
1597 1561
1730 1633
1314 532
712 1457
1219 375
1638 991
1119 1196
1559 692
1113 1516
1067 585
734 888
842 1418
1363 1167
1549 1168
1319 1465
748 699
749 1685
1583 2
1416 1179
1692 926
1117 1244
961 454
1555 161
1355 302
774 1280
1303 1191
1683 345
1274 1008
1253 1161
1134 162
794 884
798 472
1459 1717
809 1582
811 222
1251 195
1182 383
1434 1556
1128 432
1538 566
1348 1513
969 1142
1591 521
1465 599
1124 360
1206 846
1227 1635
