0 29
1748 396
3 1382
4 87
1746 893
5 472
1745 620
6 418
1743 1287
8 919
1742 1076
9 603
1741 1454
10 148
11 345
1739 1567
12 1267
1738 1246
13 700
1737 866
14 1741
15 1480
1735 1662
178 1387
1375 753
228 1111
429 1242
1477 253
440 468
479 568
1215 742
1646 855
1731 1548
1625 445
1 545
2 483
1749 1449
1747 1166
1740 263
16 1122
1572 1292
1044 66
994 564
1458 1733
696 1447
1516 670
835 1555
1066 536
624 1152
317 1595
81 714
1585 1290
627 507
1717 1025
288 261
1274 482
1596 594
1198 1058
62 841
1254 1720
1553 37
1603 143
140 746
1143 750
1024 241
566 1482
1068 1511
1217 693
1408 1114
61 120
259 1047
1151 96
1591 972
541 645
103 837
1231 597
17 1693
18 1028
19 133
1098 999
435 440
222 506
186 523
1128 1597
1255 705
465 698
331 1459
1355 871
651 655
1302 1072
558 538
538 408
1187 706
1298 1709
731 486
20 1343
195 246
1671 80
1256 1271
477 1301
513 424
1091 825
689 81
1113 1350
1449 1722
22 381
711 761
1205 190
591 1081
94 181
86 431
1744 1389
21 589
106 481
310 1521
724 1232
1346 234
281 961
1061 1697
1322 870
7 1113
690 448
107 844
460 1475
374 1395
121 586
1631 1005
434 327
1094 224
23 161
370 1550
589 929
356 724
968 805
988 1220
796 531
1339 788
24 180
1670 1661
1097 580
264 994
1694 7
219 1646
1684 341
1306 1564
623 1530
25 778
893 904
279 759
897 1069
359 981
779 2
584 119
1392 35
1174 1125
753 1603
958 546
567 326
1455 134
752 1360
528 188
26 508
826 1236
1648 175
130 1488
421 1354
27 1664
1479 146
1692 23
933 727
1554 365
1568 1450
1363 216
1155 691
781 147
28 321
1102 412
1237 1055
344 1691
36 707
1650 1654
600 918
705 863
457 201
706 1500
636 1147
799 609
1145 772
1342 1251
29 1042
1499 769
1175 1268
369 713
422 74
509 1611
1045 13
1414 1612
1537 294
95 333
980 1092
1159 1479
1608 1465
30 1730
898 771
878 1468
1617 291
1236 614
1239 1380
824 1702
1611 1538
31 451
1132 1068
1171 346
1413 958
49 83
784 1307
668 1471
32 377
291 1334
76 126
155 1143
129 827
1177 780
474 1528
912 67
574 31
1111 1433
1071 1357
576 1434
448 488
644 187
1713 1295
1586 579
33 1235
43 1386
698 295
244 1142
1131 334
69 606
1008 366
124 314
1491 1095
1009 268
34 1483
881 1179
469 339
167 1660
1734 1032
407 930
1618 621
1001 1706
1252 1248
35 316
539 265
1161 1344
722 681
253 91
341 392
851 800
747 10
1092 834
930 938
920 1015
1715 1062
1510 1385
53 549
91 988
557 849
1210 733
135 302
1511 505
199 1739
1619 801
1517 1526
144 762
777 433
762 370
37 1225
431 68
1325 1618
364 1474
423 1576
54 1414
654 676
1427 284
38 776
1641 1017
1297 1339
1627 33
628 110
1574 957
198 56
650 898
765 785
230 987
951 355
395 1320
785 1090
648 886
783 1444
163 348
173 622
1371 1338
1323 1749
316 461
1599 857
902 1099
40 519
1005 1584
1025 952
488 789
1315 0
250 946
209 740
1136 626
512 105
805 712
978 1366
1268 731
408 1192
175 1156
41 954
42 1174
911 240
909 861
1023 26
996 663
1387 848
201 160
520 379
122 1212
354 1087
1204 280
764 61
238 1715
39 878
1320 275
552 1204
1672 550
608 1629
1284 279
1575 1566
1073 115
957 359
797 942
266 17
44 1308
45 933
1561 425
1639 478
1053 1703
82 636
47 383
60 566
794 63
1250 465
365 703
1454 1397
1189 1545
319 982
1352 129
46 1568
191 1329
876 624
236 166
467 490
1486 157
1157 1168
330 854
1588 1512
1060 1214
210 1106
376 378
1541 985
223 1581
301 238
1089 618
1686 1457
565 948
98 1075
48 1587
120 1054
1182 86
1184 974
1703 1345
1573 625
1562 949
1316 1439
594 665
1725 1524
50 5
1655 1264
1096 944
631 88
727 1707
692 269
179 1322
336 859
1259 601
1543 814
51 1708
1405 874
587 1451
1664 1289
605 1652
1442 822
52 177
853 1403
1690 1078
1406 1559
1069 1445
1598 1659
200 993
1126 1381
1476 194
548 1231
405 1578
1195 1635
1333 356
172 1203
629 1591
246 254
840 770
1666 604
156 524
699 131
307 1149
550 1146
688 667
1386 1681
207 1346
1465 658
718 1503
1660 1489
1230 775
55 470
208 1353
1344 917
193 495
1497 1270
1225 223
1283 262
1399 84
646 1363
669 1144
170 777
323 1010
471 1006
57 242
997 1682
742 1716
817 910
1450 1088
185 1342
656 52
1463 664
287 719
946 54
56 1269
58 1129
1711 444
1481 82
1712 40
393 1206
634 118
521 1573
1434 914
1141 1255
1354 1561
803 738
1359 679
1326 1469
87 1505
1440 894
1152 109
233 1694
905 1690
1328 687
758 167
1084 219
59 77
1622 1046
964 685
1329 301
892 1610
842 902
1441 1351
248 813
867 152
478 1636
386 1136
728 1188
1043 44
767 956
926 372
932 997
1437 1671
426 286
719 1050
861 1371
754 153
1258 643
1404 1605
455 1458
138 1412
1583 1256
642 78
273 1153
363 1677
635 292
116 774
63 331
377 1082
237 858
1361 1390
176 1001
798 1378
183 1074
150 1030
640 823
710 873
64 1641
1578 1423
214 1056
461 793
929 936
1163 939
901 1670
360 185
65 661
1200 1516
251 1415
1438 485
572 851
1033 352
66 221
883 453
309 1626
532 584
745 89
462 529
1196 969
1422 1632
352 567
1335 64
1645 748
67 1049
780 1139
953 1648
730 1096
712 908
497 1218
320 1404
83 349
269 612
399 922
603 1625
442 862
1451 1470
411 1104
1160 276
680 1131
1602 174
1484 678
68 20
334 1280
1290 1349
1425 19
1461 1430
841 632
70 183
1466 530
231 1571
1310 723
71 668
290 1365
162 351
164 1643
1653 1089
470 1492
72 1594
709 962
962 728
1039 966
686 47
691 441
1549 142
549 300
73 971
542 511
665 274
990 792
1539 1313
811 1493
74 1321
480 1737
708 686
1153 1623
1722 226
914 1323
1087 736
390 434
339 1406
298 249
1411 57
938 766
1615 1473
535 662
547 623
75 615
239 344
1530 832
1665 669
1206 323
1223 1729
1708 308
896 795
1330 332
1609 357
1520 402
1314 137
1138 124
335 443
869 222
1706 398
1628 144
1558 111
1146 1674
491 1274
1327 1624
77 414
79 830
1612 799
663 1134
1519 1195
1563 1217
297 1549
78 540
196 1507
1685 809
1107 743
830 916
522 409
931 1534
424 1237
832 1562
918 1666
910 298
998 72
1656 43
275 464
776 342
1305 239
1168 1710
1082 970
863 214
818 955
80 913
577 1157
503 548
515 585
1065 688
786 1128
1108 582
387 715
924 1002
615 1570
970 1577
1636 1384
375 1135
723 251
314 1159
1224 697
570 299
1267 1655
85 1408
378 1011
1243 1281
1403 14
177 1441
1212 1325
99 374
160 65
263 869
148 1109
84 576
889 1572
1379 500
1260 518
392 1215
943 1064
1264 1429
1443 1278
410 610
267 978
397 1330
88 905
1105 1723
89 959
1194 1130
286 6
1710 1145
873 100
90 1277
1262 1588
1698 990
679 1642
306 179
1104 364
595 1340
516 581
568 469
1607 1426
1018 213
159 1383
174 1124
1279 197
433 1037
154 1262
1688 935
672 159
697 1258
1109 1699
1202 880
1116 544
1232 1311
152 782
92 754
510 1252
258 267
1190 1558
847 702
966 287
736 1396
1032 95
1269 674
350 689
518 1428
1280 1644
1079 1007
1304 628
670 979
437 696
675 644
836 1171
991 808
1642 1547
1600 1094
954 1226
1488 560
1436 516
93 1318
1582 821
756 230
1112 741
136 860
96 1020
660 1495
454 816
999 1658
1303 1138
974 1291
1460 401
967 209
485 1167
1324 1208
380 313
740 1607
1296 1227
1080 1027
97 1476
1150 704
372 426
1362 1376
285 163
453 491
713 1233
858 989
766 1418
1209 1377
517 1541
325 783
1683 1293
1350 903
1081 527
472 1084
1118 260
101 1102
975 591
1110 1086
1498 404
875 896
100 1388
102 1657
406 473
304 1216
1695 1045
133 964
771 272
202 1461
849 484
125 818
940 1540
1547 191
1647 881
146 1333
104 557
346 94
562 1543
333 1355
1551 435
1050 1435
884 8
105 510
1644 189
1446 1728
1658 503
1697 1249
361 1544
717 1499
400 376
1523 34
1503 891
1026 1033
486 1312
127 21
243 1608
1616 1391
147 931
450 1606
1115 843
1334 130
1675 501
260 116
1418 273
1277 1112
683 675
1542 1120
944 525
108 1599
1579 710
816 1036
857 945
556 459
449 1747
734 311
1176 941
109 373
110 329
211 362
844 1260
1253 102
427 208
1444 360
111 797
739 558
1633 758
1248 996
1211 140
112 1198
1343 1034
1199 1158
806 650
1412 1209
888 504
707 437
1534 1257
1721 1712
1457 1316
995 721
388 15
302 204
1191 1701
1358 522
113 1172
114 1024
188 906
1580 1698
1011 654
1526 463
1022 824
1613 1272
115 310
952 107
1592 141
1213 305
1183 1103
265 1116
1485 627
1569 1560
305 779
703 652
322 1044
490 884
368 98
674 123
925 1041
1285 1241
226 382
773 512
296 1362
637 306
1632 1013
782 986
117 388
118 99
119 680
1059 1422
1509 815
382 1118
1723 278
278 76
221 1261
819 450
823 1529
960 1182
1651 900
274 1222
827 114
315 1199
1496 1502
1014 198
934 1059
507 1400
169 756
921 1228
452 1160
1227 70
1652 1551
1624 1617
123 1669
1123 60
1581 266
814 1424
750 638
1072 1464
1245 454
292 864
126 492
1500 1452
391 336
257 1223
466 496
977 400
1483 420
1144 921
1478 1746
280 178
1620 173
1218 438
1221 350
128 648
300 317
1370 1478
1382 1517
561 950
1464 517
791 1616
1452 1164
1724 1393
1158 744
1474 1314
464 108
332 1477
694 256
131 633
1103 1367
891 127
1020 850
338 1410
402 1653
189 28
597 1620
1410 502
599 1181
463 1425
1555 1700
132 303
1487 940
1732 27
1709 330
1292 393
638 1201
973 101
1336 211
1424 598
1070 1633
1395 1443
585 38
1701 1341
321 288
808 281
1185 1579
1149 572
1214 1155
398 460
1365 631
1590 537
1663 283
846 915
134 1742
1383 258
956 1196
217 1008
241 953
1074 826
659 692
1407 1356
262 684
1623 1683
666 607
1208 493
1433 1063
139 831
1349 474
1428 528
677 571
775 439
815 513
704 1370
837 1108
1241 1105
985 247
789 599
592 1202
1531 480
1192 1672
831 673
1078 307
141 1306
403 235
1594 1303
1019 1098
658 803
682 386
137 354
1052 428
700 1085
1514 1554
880 1619
142 1211
890 1067
256 909
358 458
1368 1596
1233 1536
143 1205
145 883
355 244
1307 1718
313 1317
573 135
396 1336
804 1481
289 103
981 1254
1007 605
586 1043
972 1466
1353 695
1164 1079
649 229
487 9
1518 563
1135 1071
942 384
563 1093
1445 429
1565 752
1124 901
807 1009
149 92
1203 1417
802 1531
1272 1580
1002 1359
444 1151
519 1038
1669 1679
445 432
639 1583
505 1132
606 1244
268 149
282 839
1275 1520
417 1513
476 1029
1207 1398
151 237
1076 794
653 1527
415 248
907 368
1595 125
1331 876
1679 583
560 203
153 888
916 1696
1630 1347
1064 666
1357 1419
1295 1427
602 755
1165 467
1447 760
833 338
157 749
714 1637
1614 595
158 1601
1705 1358
1388 1556
1055 943
871 1634
459 39
1170 1137
1040 30
345 1110
979 312
544 791
1364 97
1378 1276
161 1586
1507 786
906 657
687 1575
1401 1509
681 1161
877 807
1249 430
725 186
212 1207
948 1243
1423 85
347 1532
759 79
1289 1170
165 387
343 1021
848 757
166 565
1036 1296
855 1173
414 690
611 487
499 865
1532 521
404 593
168 838
318 1604
1048 315
1501 1286
1140 1667
1429 410
272 1014
443 642
633 32
1265 1725
923 699
1162 1263
1571 1003
546 520
1106 1639
1031 1735
787 1
860 1523
171 1060
850 1297
412 457
1179 820
1470 1438
1235 337
1142 270
1017 1162
735 1180
1046 1304
947 534
607 318
1216 1745
1058 257
328 709
1536 602
1597 117
1222 419
1577 1119
894 236
482 369
409 600
1041 49
580 842
612 737
1439 998
770 611
1468 1421
1567 1189
1680 411
1489 405
1654 1191
899 1416
936 252
180 285
983 207
1000 471
1426 1091
181 887
886 1239
598 975
667 1197
872 1040
829 1627
540 1127
1515 449
792 1726
327 1651
1475 787
294 1309
184 1238
795 1647
1430 694
647 768
182 984
261 539
1246 1337
526 1245
1226 1463
373 532
187 113
543 1210
879 476
1154 1324
895 1645
626 1448
1276 1533
436 1061
1351 1126
247 1668
812 781
456 533
928 51
190 413
553 1298
192 324
1492 1407
904 1315
353 150
1288 1219
1638 1392
1687 343
813 1496
308 590
194 646
695 578
432 282
1301 489
197 145
1462 289
720 574
235 592
420 1432
1309 1018
1016 55
1482 36
1147 1374
1167 165
1054 363
419 1731
1273 367
529 271
1015 1740
1240 1375
1062 479
203 980
733 543
1689 1675
760 220
1467 1525
984 1650
204 1026
205 1552
206 1510
1219 1631
1282 965
1037 1688
965 951
1095 406
1493 1305
955 515
601 1148
664 22
324 1331
224 720
993 45
757 991
617 934
458 172
1693 587
1251 635
1448 802
1559 1546
1704 983
213 526
1728 375
545 960
1012 1713
468 1190
1287 647
865 90
1601 995
215 1101
1188 630
937 575
788 732
216 1279
843 121
737 1379
1494 1431
583 497
1120 1600
500 535
1244 1373
1610 1368
1421 562
1122 1019
218 462
220 1704
1544 164
852 1695
1394 976
270 205
821 1259
1180 1621
652 1100
1366 436
1396 1266
225 1302
276 1485
1668 1175
619 1083
430 1535
870 1178
536 1285
227 1133
1718 573
475 1288
828 928
413 407
1299 1515
295 1522
229 259
283 202
438 427
1435 1194
1156 1420
578 810
1720 877
1083 1022
232 1240
481 192
630 1462
1525 1150
1385 937
1409 1686
1432 128
1229 1224
1139 1016
820 1486
234 1070
809 112
1030 1361
864 641
418 1253
1696 371
874 1615
1367 764
838 1649
242 1401
394 1048
625 868
240 1484
729 1638
1077 1491
801 734
534 403
1341 1506
919 1177
1691 730
992 385
245 1193
1063 322
900 1275
1347 1163
379 170
1134 417
982 977
778 649
1393 588
249 1107
1527 1628
769 11
1714 421
511 1609
496 1472
362 616
1311 1052
551 328
1629 882
1338 1497
1402 215
1471 171
252 1442
254 811
1506 596
525 1234
1056 1328
504 494
554 340
255 228
1522 542
385 1165
1193 46
501 968
284 1748
1535 765
1719 358
1513 804
1010 232
1114 1183
389 1518
533 1039
1566 1053
1380 833
1057 1613
1508 925
1169 932
271 122
761 1717
1546 1498
1521 1680
1088 819
342 867
885 1080
277 555
913 1736
1049 1490
1266 1300
575 1335
987 897
1086 798
1682 1213
1220 553
1727 93
1397 659
1657 926
1313 1685
882 634
1369 1684
1649 168
367 735
1173 69
299 1582
941 1539
494 1327
293 169
1659 1115
1093 447
531 1734
748 139
1270 1310
1067 725
676 1184
903 846
1317 552
741 608
357 1411
1389 1565
312 361
715 390
1716 389
1415 836
524 784
1667 1299
571 1692
685 24
1495 637
1626 840
1637 155
746 1487
1294 1687
1234 656
1312 640
732 475
1129 1250
1201 1012
495 1185
1004 660
721 923
1564 716
303 1504
866 509
1707 1589
1318 1405
1119 924
1278 1456
825 1678
1398 1494
922 569
1013 847
1733 875
416 682
834 42
684 1689
1640 1154
701 554
311 297
381 907
498 570
1661 1590
915 184
1321 1656
751 231
483 250
1681 347
743 1023
1381 296
1453 1665
1456 739
523 973
976 225
1137 718
613 1453
1238 561
1677 1229
1121 154
643 747
610 613
1319 335
673 1283
425 304
1431 423
326 853
772 829
596 1399
1459 1519
768 1051
329 773
1390 58
616 1187
693 1508
969 71
1548 132
1166 763
1473 455
559 889
859 233
337 559
793 1123
1051 442
473 577
1605 1140
641 1593
1376 1602
340 75
1550 1537
1006 456
579 1436
961 1705
845 1738
348 856
349 1622
1038 290
1729 1326
1337 293
755 963
351 206
527 967
744 1727
1291 325
971 796
1281 751
590 1563
1360 701
1186 1711
1101 1630
1034 320
1505 446
1587 671
383 151
366 1035
963 879
1726 1743
1730 18
1557 498
1384 62
439 1724
1263 1460
949 1592
1127 1004
908 156
371 1714
588 59
749 1437
1533 1372
986 227
1700 992
514 200
839 1031
441 651
945 1663
581 717
384 911
1125 380
738 41
887 1553
716 416
1635 452
1003 683
1545 1732
1673 1402
555 277
1099 1369
1504 218
1027 1676
401 395
1356 619
620 199
1042 835
1524 1614
662 212
428 1352
1133 12
1540 767
702 1446
1308 422
1257 726
530 1721
492 1719
1606 104
1117 745
1373 193
661 264
446 182
1197 1569
950 1141
447 1514
1242 158
451 53
645 920
671 353
1662 677
1634 136
868 1282
1417 4
927 394
822 1640
1556 1117
854 1440
1560 1065
989 1097
1538 653
856 176
1529 1073
582 639
484 852
1674 391
1340 1585
1021 1319
1172 1294
489 1200
1678 1394
1374 1230
1090 309
493 397
1593 729
1589 872
655 399
502 1501
1286 1221
1736 319
506 1273
508 722
1035 50
1552 672
1469 947
1181 210
1528 1247
1512 514
618 1332
1420 1455
1293 1598
1075 217
621 617
1377 892
1400 25
564 255
935 243
537 885
609 556
614 162
1100 1542
1490 790
862 73
569 1574
1148 1169
1604 806
1472 927
593 1413
939 1077
1332 1000
604 48
726 477
1178 1265
622 899
1130 138
1261 1186
1416 708
632 1348
800 16
1372 1284
1570 3
1576 817
1584 415
657 895
1345 547
1391 629
678 1467
1699 1176
1502 1409
1676 1057
810 1744
1271 912
1419 466
1029 845
763 541
1480 1066
1047 196
1621 106
917 195
1228 812
774 1557
1085 499
790 711
1300 1673
1643 890
959 1364
1348 828
1702 551
1247 245
1028 1121
