0 1385
2 1378
1948 1133
1946 212
5 744
1945 209
1944 970
7 1195
1943 361
8 1328
9 745
1941 1429
11 156
1939 964
12 350
1938 1875
178 534
326 4
1514 1396
950 1032
328 459
1057 529
932 877
1679 1674
1491 1635
1860 712
1602 329
1 412
3 1186
1949 1106
10 1798
1942 430
1940 1801
13 476
1598 1813
841 1088
835 1528
372 117
429 1333
1115 199
1205 1381
1628 1045
1561 119
4 1905
6 11
1947 264
14 67
1717 585
121 229
1126 520
1902 1599
584 647
15 577
98 672
161 1254
1116 271
833 1651
813 656
817 1796
541 331
1903 346
857 1698
16 1188
1098 1168
1801 649
643 805
814 1473
945 222
1447 1053
367 1301
1176 1536
262 1652
1001 1069
1105 1663
1363 1872
463 1351
780 1322
1876 1829
1910 294
1477 3
951 908
830 197
1337 1087
990 1851
42 465
1818 839
18 530
106 1581
1291 1033
1921 468
231 387
534 1519
575 561
825 1540
1293 1504
17 343
690 424
299 639
1662 1800
1615 1003
20 1165
376 682
1141 1732
489 983
1301 132
1923 384
97 302
1448 657
1671 1009
227 1483
19 1117
1408 116
783 362
1936 1568
393 1242
492 770
335 406
798 32
1855 1466
683 632
1016 1649
751 1288
241 1384
1728 1173
681 168
1327 623
21 1930
23 1551
838 1587
1653 810
166 1631
73 1886
394 314
22 677
24 1459
1223 1252
1505 1781
215 560
1689 1313
273 19
572 327
586 1869
247 100
927 1204
842 45
1550 797
1074 213
1906 1708
998 1902
761 1103
25 1393
1499 559
240 562
697 1858
1485 706
1459 87
422 1880
96 925
803 73
386 1317
1294 247
313 1135
1817 814
1731 1804
28 1134
818 1693
858 1234
962 421
1154 1110
1772 1520
442 1193
261 1221
26 84
27 1823
291 1144
377 364
1743 1145
1639 861
1764 1099
756 1434
252 1688
708 18
1698 187
935 405
1068 165
29 1469
30 177
1856 1877
709 1567
1693 1174
1067 1892
552 243
1048 1634
72 234
1306 1349
31 1926
1866 110
779 1509
363 269
1831 1913
946 1916
1021 489
1243 733
1470 1665
797 170
454 645
32 1098
570 622
118 248
1473 400
1552 1785
480 1755
883 204
33 1265
444 1090
528 1092
1722 1209
39 525
1804 124
482 1372
1310 448
350 111
662 1510
345 1178
1493 164
1867 393
34 1120
35 850
624 1386
1322 1292
1656 891
303 685
316 660
1439 666
1627 824
1193 158
36 463
1641 1932
1917 658
234 1561
123 498
1282 1057
383 370
1169 783
1840 495
1490 1746
1629 683
431 1873
37 1277
852 34
473 1150
136 972
965 934
208 1830
532 246
38 1608
212 1478
1677 922
1020 958
1423 543
1732 1821
1415 993
919 841
548 1415
1597 356
1311 1028
525 1137
566 1324
1507 930
995 1802
354 1332
40 235
1915 138
168 998
508 1929
507 1258
1773 1436
529 1619
1595 63
307 914
897 1906
41 1228
1435 1319
759 700
909 492
254 1024
195 464
216 106
1828 1063
1713 1843
1331 1206
1752 1016
855 1187
1107 1285
218 1942
43 1249
1673 415
1896 408
609 899
734 1471
133 1672
209 962
207 1183
1114 1095
1351 1267
44 162
1509 1418
587 1706
199 1055
170 963
45 857
1416 1690
1576 1773
1885 1413
543 320
468 1264
704 1214
1297 604
149 358
90 1068
994 1833
46 1338
315 912
135 1795
1774 612
48 394
1381 1653
999 1558
1110 1341
1458 1566
686 161
1467 1853
443 1334
47 1584
866 159
485 763
1853 1094
753 834
1603 85
617 1008
940 1870
804 1741
873 354
1256 597
79 1572
49 1514
50 1809
615 1256
792 1811
379 555
521 60
1418 1207
915 1702
1269 1719
692 422
255 957
1134 450
1813 414
51 382
56 1605
1151 1412
1538 1503
52 90
1544 994
191 1848
815 1534
997 1240
1136 1552
764 965
53 1896
295 1208
1348 716
744 75
1441 1677
696 1006
470 524
511 836
769 644
1868 1043
518 696
54 1945
845 1177
1338 1146
1073 699
138 409
324 1015
782 58
705 634
1663 1013
515 1001
1887 1532
889 1522
1444 867
982 1303
1755 152
55 1609
57 102
1697 1939
340 1857
1472 723
1350 764
829 404
1035 149
58 1276
392 311
739 1051
1422 1112
1694 1019
59 24
722 1578
362 1569
1881 258
959 1449
1487 1938
1808 193
875 1546
948 627
929 726
1744 1736
1029 978
1553 389
1736 166
720 1595
1091 217
1280 856
1883 516
70 351
60 852
71 344
1214 1501
1622 1866
500 1565
1757 1286
1092 1912
1096 1850
61 456
300 467
958 1505
642 1439
62 721
1551 1424
1159 1682
1432 1426
1200 1470
1191 637
1482 1748
1284 1863
923 1468
1729 203
467 1769
637 573
64 1336
1286 1374
293 1898
1838 1344
1756 1213
322 654
253 704
1478 823
1080 1046
1182 835
1392 172
488 1437
816 374
1347 1419
1462 904
1608 1422
1723 140
63 82
66 1899
236 845
905 1049
773 1199
1512 497
1636 55
1768 0
65 1593
574 1807
450 319
1246 1463
151 481
180 1364
1281 1623
67 131
68 711
540 635
884 1417
772 812
1218 265
1649 1293
1837 1537
69 1777
1884 911
1125 1579
381 1358
1143 1485
1148 844
1696 816
197 474
953 1083
438 1535
862 313
676 426
952 999
563 1077
956 1878
589 1859
176 507
1834 318
1894 1260
1299 757
432 518
963 509
1122 367
1061 548
1613 443
1518 310
493 701
1920 25
1222 1005
856 780
105 500
1254 535
74 1897
1469 1904
1688 1772
1104 471
554 1758
610 29
341 643
1660 1759
606 773
1824 1818
520 1714
893 987
75 588
76 858
650 1909
596 953
113 261
599 691
77 121
78 1529
649 1373
1712 299
1778 747
177 880
1344 1557
88 27
1657 1895
700 802
80 440
275 1583
1033 1400
691 866
886 514
904 214
878 659
1049 1357
1826 1612
1307 689
677 1564
249 937
625 695
763 949
1528 225
1419 917
1701 971
81 281
82 1367
795 517
1607 1330
653 546
183 253
1185 1734
506 469
107 449
1882 684
928 26
503 901
487 1226
603 742
1759 1259
112 502
403 1803
217 324
417 832
1017 335
943 1797
1890 1215
85 768
1346 173
388 206
83 1026
1264 185
1216 774
114 277
298 648
1247 1312
977 1499
84 198
86 1508
87 566
727 709
1230 201
1593 1435
1428 1636
1131 1464
608 1086
1600 1489
1645 587
1188 192
545 1739
1317 1440
993 42
1795 792
89 663
519 760
92 1253
196 1054
475 586
881 59
1527 432
707 1629
768 1438
1121 1425
1097 470
648 553
139 251
369 458
1468 1166
595 610
128 843
1706 1590
1935 50
455 1776
1815 1479
1776 1789
330 207
101 395
1646 372
1330 719
179 626
1849 1662
1584 505
91 1506
93 1247
666 1382
613 1931
687 398
1769 808
1898 473
94 1486
660 607
389 494
158 1817
859 868
1483 646
1526 1302
1760 1192
582 195
95 1442
967 1123
533 1269
1937 256
766 860
1150 503
225 1689
1412 293
272 568
514 1081
601 1947
874 276
713 903
1690 78
423 1020
1189 1140
434 790
1341 157
1099 869
476 240
605 1017
1302 549
836 1420
1296 1111
1907 1934
847 1298
413 122
137 96
1486 105
292 1290
1240 365
1745 1699
451 1731
1747 1444
1129 743
1391 1161
973 676
560 1711
99 1079
100 526
839 13
187 1172
352 1251
688 1030
282 1283
297 1554
181 977
901 1047
996 1641
846 1928
1083 675
232 91
1089 17
1844 1149
102 163
1900 976
1463 226
989 345
865 1910
104 200
1814 1224
949 493
267 488
659 698
1577 284
1781 1669
103 787
160 1722
1806 982
784 1820
661 298
1144 775
110 511
173 118
214 296
941 1545
1388 69
314 1163
1377 915
108 1450
592 693
627 942
1359 1388
1591 353
1643 640
1221 452
651 1340
937 849
1843 1275
827 202
333 629
1871 93
805 1273
1455 950
109 1668
111 403
190 1189
1272 1391
1506 1852
1625 233
1440 1114
799 1266
933 23
408 1814
702 722
939 228
1180 1729
260 433
966 598
1109 1933
447 453
1079 1410
259 864
115 1550
1009 1179
320 665
629 1764
163 179
1069 428
1394 1794
1130 1495
366 1191
1730 1284
116 1262
1088 1845
1022 1577
117 1840
1371 186
339 1771
461 1395
286 928
1930 1263
1724 123
1421 1102
1352 1272
1691 830
497 128
634 221
237 508
1277 79
1118 1697
680 1180
157 1116
1788 454
1438 1497
513 1108
1809 30
1812 1832
1393 929
1460 1745
120 945
278 417
505 800
1003 418
1042 813
1389 1034
119 1889
1184 1492
809 460
1108 1287
872 160
1292 1692
1445 579
122 592
921 913
1805 1639
1495 782
1172 1907
1516 1007
1642 1091
1192 727
954 487
1273 1627
1682 44
124 1548
740 1645
826 1700
1382 1139
125 74
1094 1414
1587 601
382 655
360 1132
126 968
127 1339
1620 1136
165 875
1735 242
1261 71
418 990
1846 1300
1360 263
787 1389
647 439
129 1539
665 1190
757 752
1819 679
714 984
1565 1296
1298 1062
130 606
1186 946
1707 1197
131 150
1869 889
1323 1447
802 759
1390 750
132 1630
1024 328
477 169
1476 297
710 884
1260 307
1399 681
1618 341
1436 707
1426 1911
796 1580
1235 624
1830 1205
1567 1202
134 1735
736 1278
741 1686
1695 1406
576 10
556 855
310 1786
1258 1023
628 1775
1786 1147
1070 1297
421 519
822 65
931 1128
1542 1654
1142 767
1044 7
1874 1856
1534 288
140 755
1025 1836
481 53
1848 1346
760 491
1167 57
1554 897
695 1050
1006 1067
1558 863
141 1490
1807 1002
142 435
143 910
1928 1676
1466 1683
992 1365
257 688
305 1021
1379 1844
1197 862
1793 1041
1253 636
145 1725
549 1542
623 1082
202 1521
1517 334
144 1922
1236 438
1623 136
910 1747
1008 1097
1274 120
460 718
1163 322
1586 590
325 363
147 638
1353 1141
765 1695
1406 1294
1149 1847
146 1401
1135 1713
364 1782
1334 6
1640 1656
1637 883
1878 798
491 811
1714 838
399 1704
1581 321
1531 1638
701 846
148 985
150 828
925 218
1811 754
755 385
1703 1169
850 1325
655 1678
281 181
435 154
565 729
1030 881
689 1740
524 1556
152 1885
1407 1730
406 906
1266 1586
1014 1715
1541 1010
153 1072
1378 786
319 232
154 527
155 1543
425 544
1654 1808
1308 1480
1762 1696
983 1864
735 133
1932 139
597 462
512 1203
598 1196
626 1354
1651 1211
156 1441
1705 734
1220 510
1783 1810
343 870
754 1257
1267 1210
250 1664
1702 1246
233 1888
821 1743
531 1671
1568 1375
1872 1582
888 371
1797 89
288 1248
974 558
1026 484
1095 907
436 31
721 1281
162 1084
553 81
321 1238
1313 859
159 1268
164 1343
960 52
1842 1744
358 227
474 1472
465 921
834 951
1065 801
1373 8
882 244
729 1760
167 1675
1798 893
955 1849
169 1356
1403 28
185 348
1571 1299
287 176
1739 1399
1175 1455
793 1359
900 1236
693 1500
1064 1457
294 1355
1140 137
296 1724
171 300
1023 231
359 1380
1405 16
1686 1611
1742 1433
1063 705
1358 1366
1437 900
535 738
536 1617
1075 1402
1305 282
585 245
1328 1517
172 1854
1199 241
807 1908
867 1113
1127 594
419 15
1933 1488
175 1628
1543 278
1672 896
957 1779
1340 791
501 259
1931 1295
174 916
370 605
791 1022
1128 482
1563 1680
1158 1516
1841 1927
887 591
1891 1524
1616 641
1084 1752
410 746
279 1307
1667 795
1895 1460
1893 342
1583 49
1734 1411
1877 674
669 1879
182 238
1562 5
810 1762
509 1679
564 941
819 609
424 1342
401 1126
1386 146
870 1304
184 1394
895 486
725 475
742 125
186 1
1475 377
698 239
188 735
479 1701
248 1614
1715 680
409 785
876 1261
1411 1749
242 254
189 1451
1357 501
221 1728
478 380
1413 9
1318 1806
1045 77
1156 88
1573 1835
1880 366
284 1474
1666 1624
1332 391
1257 522
1270 20
1060 533
1779 973
1242 748
192 1407
193 267
1055 1216
1056 1603
194 1718
1324 70
1908 842
1761 1152
1621 1625
547 1742
1799 1477
396 66
448 1837
936 1467
898 1571
334 1633
1037 1387
445 1018
1862 1475
198 442
1383 1915
1873 1819
1157 669
616 892
200 1774
378 1721
636 1383
201 833
462 1765
355 671
1333 1448
1683 76
203 36
1484 667
1072 539
593 995
469 425
1832 1392
204 1363
1901 541
205 392
840 1884
607 1607
206 274
1106 1377
1471 717
573 1941
1605 1039
1062 35
1005 1861
1039 1661
559 1602
1173 386
1676 554
871 383
1249 103
1226 1604
210 1842
1480 1562
1854 1618
1250 236
211 262
1032 1738
342 600
213 619
263 956
1449 480
1498 437
621 419
619 301
618 196
562 938
1765 466
1410 1766
1145 1122
1212 692
1285 355
639 1610
1511 772
1494 1070
1229 1118
987 1544
1865 189
600 1162
1638 1596
449 1707
220 848
427 441
219 888
1237 1076
245 749
222 909
879 1655
384 815
235 457
223 565
1093 1737
1465 1502
712 996
771 1038
224 1476
1248 1119
226 292
794 890
1670 485
1398 1914
728 1243
1300 339
228 1780
229 1531
1015 1109
494 266
622 316
1823 967
230 788
979 804
800 1167
1263 936
1522 532
1255 1127
1675 306
892 1337
849 1891
716 434
917 423
1027 1753
426 595
824 188
1241 1647
1888 898
906 1937
1617 1100
885 483
1708 1868
1316 260
1234 1052
1497 751
1011 1075
357 1004
1496 1462
411 1650
811 924
1474 1181
238 992
239 789
412 557
1168 451
1365 305
1102 589
502 39
1372 1229
561 515
730 1883
1580 1315
1785 969
1546 1458
243 379
851 1320
1227 932
1929 1598
344 851
1934 872
902 295
1401 205
1325 216
1404 935
246 631
1709 1824
645 1750
776 1658
244 1862
1289 1589
459 840
1395 108
1326 1231
433 1621
1513 1944
1796 147
724 603
912 564
1132 1025
1047 446
1727 602
981 1659
1053 191
1321 1048
1606 708
896 444
251 540
745 678
1179 613
1857 1056
844 1155
1767 51
327 1826
1215 948
1919 477
1800 1404
1385 777
256 1710
988 115
457 1622
1233 923
375 376
331 523
1816 570
1749 1371
1912 1547
749 479
387 1828
258 1648
557 126
1275 1329
1582 143
775 616
1763 1626
380 778
395 1788
1619 1703
1529 1574
317 1430
632 407
578 208
1911 694
1845 1274
1704 1756
684 596
498 710
1569 1507
1655 887
1137 1289
1926 702
788 1778
264 368
266 1733
1685 1790
265 1855
407 1792
268 1487
1687 337
746 291
1858 673
1224 1350
269 308
464 825
1515 715
270 531
346 1416
471 1920
271 1523
1879 697
1077 1060
1113 257
706 1754
1579 1200
274 1194
790 1563
654 806
732 1064
942 1405
1572 1867
1152 960
276 1031
285 1089
1699 61
1384 756
397 614
1446 1270
1228 1834
602 1940
658 472
1111 1726
1431 429
277 1491
1454 1949
781 1831
1287 220
1835 954
1539 289
907 1513
1504 1481
1239 252
280 1445
1753 1496
580 1101
1588 1597
980 21
1564 283
750 865
283 43
1066 1421
1078 94
583 582
404 1124
1716 1923
1770 1893
1792 979
1557 615
483 1643
1040 1379
550 1029
1748 1035
1909 1894
1041 1918
1217 175
1647 1446
752 981
1202 1271
289 1250
290 1865
718 272
1174 142
1566 1369
674 303
670 784
832 1511
1004 352
1751 1390
978 1138
1402 918
635 724
538 1397
733 309
770 1900
1276 1327
678 413
1766 1198
1162 80
679 651
1278 1131
437 567
1545 793
1155 1812
1847 882
1614 599
301 1227
1782 1882
1238 1691
1821 837
302 1011
828 340
1589 961
880 1361
329 879
1283 338
837 1921
668 1588
1720 576
304 552
1424 991
1658 1245
306 349
1117 1560
1594 931
916 1219
672 920
1161 171
309 1670
1634 1465
308 37
591 618
440 1592
311 1431
717 1176
863 237
1082 1360
801 99
1160 1225
1194 1085
1668 1318
312 796
1370 1241
495 224
918 230
1601 447
715 1770
428 776
641 769
1570 1637
1046 874
970 1255
631 997
853 1308
1244 714
868 1061
318 1559
1481 499
664 1846
894 1153
1120 1428
594 47
1000 630
1028 478
579 547
1787 926
430 625
1559 1398
860 1282
415 127
1231 1065
323 569
1245 580
1434 662
861 1657
1886 854
657 1376
1624 628
1213 1158
441 1104
1319 1482
646 1841
1368 765
1420 536
486 1784
1794 1646
1610 1121
332 12
1153 818
1396 92
1451 323
371 1201
336 1453
1430 1239
337 304
361 955
1335 1901
930 1822
1195 62
338 1709
577 378
1710 739
1741 83
911 1716
569 1644
1631 1925
1123 574
1087 373
1479 1575
1599 1860
1592 1890
347 819
1376 1538
348 22
1850 2
349 1107
1364 1175
938 359
351 1763
972 741
675 853
1681 1305
762 112
1899 521
353 401
964 1235
1210 822
1124 1143
1726 686
356 98
924 1632
975 461
1043 871
1905 141
1362 1751
1548 1218
1339 966
673 762
1721 537
968 633
510 1720
365 703
1829 1059
368 1217
1397 1712
1863 761
1375 1518
1427 736
496 771
1611 333
726 496
1802 821
558 381
1177 101
1822 1347
374 927
630 1761
472 1484
1052 1917
644 1871
1457 388
373 369
694 1793
944 1642
914 332
1661 571
1103 431
1443 974
908 183
414 1156
685 1073
1852 1783
539 753
385 617
1771 1230
899 807
1780 1184
439 86
1523 980
1309 1591
1839 528
1081 664
490 1816
390 1170
391 1154
1425 215
1700 1874
869 720
1502 1310
1400 1541
971 728
1925 1838
1789 1222
920 1233
1019 1309
1271 975
1086 255
420 902
398 512
1533 190
544 445
400 1825
1524 1791
402 1306
1165 620
985 829
1659 766
1139 1452
1692 611
405 1326
526 1525
1295 661
976 286
1825 167
1719 315
1355 336
1251 885
416 219
1051 1454
1500 1815
527 1667
546 713
1740 1705
1897 1212
1007 687
1630 653
891 1576
903 1666
1492 48
1380 1044
1147 545
1452 129
1461 155
1827 1767
1914 1757
843 1244
778 399
1204 578
1889 989
747 944
1612 1423
848 894
1100 1527
1718 1159
1464 1352
1198 41
1367 1694
446 621
1644 1432
1209 1935
1574 986
699 1142
808 1080
1453 575
1207 1078
1187 402
1536 1185
452 1014
1349 1555
453 952
1750 847
1183 1768
1211 1368
456 144
986 878
484 1526
530 396
458 1585
1864 249
1924 1600
1090 779
812 1093
877 827
1537 725
466 326
1265 1171
1711 180
1738 506
1262 905
1288 538
590 947
1916 1827
1387 357
1664 933
738 290
823 1130
640 1223
1031 1570
1754 455
504 1370
785 416
1680 1182
1138 182
723 275
1409 731
516 831
1166 1616
581 737
947 427
1329 1943
555 1876
499 1601
984 817
522 148
1315 799
1678 134
786 1594
743 1280
1918 732
1784 151
1737 1148
991 390
1733 1036
1758 988
638 1515
517 959
1870 1157
1549 1291
1303 1220
1648 1533
758 809
1861 135
1508 939
663 46
523 1903
1777 1160
1892 145
969 740
1342 153
1059 397
537 550
1859 758
652 670
1791 1727
542 1058
1556 1673
1836 1919
1133 40
1674 14
922 184
1503 1573
1633 1151
551 420
1219 178
1268 1125
1521 1042
1904 72
1433 1456
1417 1839
1442 1323
1369 280
1356 513
1119 113
567 642
568 572
731 1494
1547 556
1304 1723
571 1403
671 895
1652 1311
612 919
831 794
1578 436
890 109
926 411
1604 1946
1201 1685
1170 312
1164 1443
588 1512
1488 95
1203 273
774 410
1171 1613
1314 873
1279 174
1510 1321
604 581
1851 325
1050 584
1790 1787
1820 668
806 1660
1429 652
611 1606
1922 1279
614 1096
1520 650
1010 1129
1585 268
620 1498
719 886
1178 1799
789 1640
633 56
1635 1027
1833 38
1414 542
737 1887
1101 104
667 593
711 1348
656 1530
1038 1362
1489 820
1225 803
1450 1549
1810 1881
1775 250
1366 730
1354 68
1012 1074
1575 1924
682 551
1596 781
1519 1805
1684 1040
913 360
1501 107
1361 826
703 1071
1590 1461
1013 943
1525 1331
1232 583
1181 130
1336 490
1650 33
1669 1684
748 1687
820 211
1252 1012
1259 54
1456 1615
1034 1232
1560 1037
1746 210
767 563
854 347
777 114
1002 1345
1609 1115
1036 940
1190 1948
1146 64
1927 1314
1206 1164
1208 279
1343 1237
864 608
1725 1553
1320 1316
1913 1620
1054 317
1058 1066
1085 1408
1875 1493
1076 1353
934 1335
1555 1105
1540 1717
1535 330
961 1936
1532 690
1312 504
1374 223
1018 1681
1290 194
1071 97
1112 1427
1196 287
1665 1409
1803 876
1345 375
1626 285
1530 270
1632 1000
