0 596
1849 783
1848 943
3 79
4 11
1845 1805
6 59
1844 5
1843 974
9 352
1841 147
1840 403
11 1341
1839 1281
12 1681
178 560
1032 955
1760 1772
1240 1155
1398 1153
1715 248
917 1419
1638 693
1596 851
1207 1501
486 1786
1 1731
2 187
5 635
1846 60
1842 1141
13 1051
1591 47
923 702
1194 1643
542 1025
1173 1078
1813 1646
271 34
455 975
1847 1645
8 1171
1717 508
968 1506
210 696
18 1123
1815 1152
1182 1477
1254 1290
1308 305
7 421
14 1415
1456 576
1713 1489
1081 1075
778 1779
786 674
1192 993
15 1438
1098 516
513 1465
26 1047
978 1230
1107 1317
1056 1509
1058 1588
148 581
1780 1632
25 1092
877 1149
1757 1692
1656 1702
445 900
16 986
1526 1038
1030 1539
1170 695
196 148
739 842
1556 1280
385 1701
552 194
799 1407
1662 511
1443 1507
313 339
961 1241
10 709
17 687
106 1061
858 1743
1701 1411
488 1091
1364 1557
1641 586
954 443
985 615
19 424
690 1631
872 1516
1235 472
57 1018
1635 1593
506 1090
1631 899
300 834
374 1527
1484 1483
909 1621
1721 796
638 1157
610 1812
349 1066
1257 422
952 1830
20 1653
947 921
379 113
837 710
611 869
1168 267
759 1370
21 475
22 1323
940 134
878 724
658 539
830 1107
1126 1321
1515 490
23 491
834 1480
824 224
1068 362
1550 288
1618 292
876 1576
922 972
1497 1057
479 133
1820 1549
617 395
539 924
1079 1373
1093 1683
1614 1335
1185 1504
1161 468
1262 1508
117 1416
540 1360
1655 1671
308 678
896 1611
1675 1769
24 221
1499 1796
127 525
1005 782
948 1806
1818 1454
119 504
797 1564
770 544
1122 673
27 1006
654 1758
470 1027
641 1397
28 7
1833 327
1579 913
982 260
1021 1781
730 1044
1493 1102
1832 1474
29 1834
291 1336
1015 941
1525 1475
1253 24
424 1695
1679 1776
343 168
30 365
43 562
705 506
1502 103
972 1658
991 234
881 819
68 272
1449 1333
433 1223
1823 1161
1534 733
201 469
363 613
1116 579
880 20
31 888
33 1352
1580 242
76 856
32 202
34 590
624 1004
1236 964
695 1546
299 1142
1730 82
335 1717
1247 1053
951 1168
35 1293
1314 13
1649 1571
305 1747
474 1745
85 752
321 1606
330 470
466 192
893 257
630 1391
103 966
515 1311
1265 399
260 542
36 1215
934 200
1024 70
631 87
408 26
1280 971
1559 745
37 741
155 1013
1625 1569
1750 898
1351 160
1464 1408
39 1189
933 1473
788 1665
1647 1120
118 1607
870 343
397 1198
40 1270
310 1803
512 1770
927 1500
1115 400
1395 976
1643 1515
38 1567
41 177
1828 1081
1830 833
362 453
1644 1392
1136 1100
42 1778
817 1642
1454 1385
1494 1099
1148 179
818 793
898 350
1359 1240
216 1074
1770 1160
45 1608
1749 912
490 1499
1102 432
719 1773
164 1104
44 514
1458 507
112 726
452 1045
173 1740
849 1435
844 299
1670 512
131 1512
302 582
1258 38
663 892
527 1054
1129 1552
1228 873
451 1036
46 1709
955 371
1050 1448
1326 1687
846 760
508 484
1542 1555
1824 1279
47 862
138 1733
395 1272
256 1839
1160 1520
1687 649
1373 784
500 911
1191 905
1727 1059
862 1550
1724 915
347 1145
1096 109
82 1088
1123 178
1665 1169
1471 97
1331 1275
407 380
235 410
50 23
1755 719
801 1363
941 567
458 397
53 1110
64 1190
1821 1534
1362 1764
1209 434
294 914
783 1676
48 1487
49 183
51 876
1544 631
314 1700
520 61
1571 577
1334 1009
823 1580
1748 1043
855 808
52 1222
189 633
1418 1365
1709 1424
725 1034
1597 1067
1283 746
1287 1305
1683 347
633 1327
1246 1173
1143 406
54 1595
997 369
1478 172
1531 683
55 1696
1417 505
236 731
398 604
582 720
204 0
1124 1442
727 1723
229 161
56 528
1700 1085
758 768
336 84
1797 816
1660 883
483 1641
850 315
1803 307
971 956
163 1675
1743 413
58 1361
390 119
735 320
1407 801
826 219
847 713
86 1354
692 1749
1720 646
1110 158
1090 1600
1179 1412
1491 877
1587 1684
1389 1136
1754 76
1065 827
531 462
60 1821
159 583
252 184
1512 1572
1375 1262
1759 1046
1568 170
61 540
1594 706
135 1170
387 1244
1379 1234
1390 28
1200 848
123 884
487 756
533 30
1073 1529
406 1058
1447 1809
62 1801
63 1186
102 1481
1224 1299
615 961
1301 313
59 341
239 1752
1006 121
637 654
65 885
250 321
1710 1579
1430 485
1729 1254
642 807
809 1729
352 464
66 19
1663 894
1799 414
977 820
652 1196
548 1021
861 473
571 1816
885 1800
1152 1369
439 785
1100 1394
942 1628
503 471
866 1209
1357 628
821 1428
807 1294
67 1625
1203 532
108 1808
983 638
1806 143
1811 481
502 1318
1745 454
664 1543
1509 1528
1455 251
312 1845
69 65
70 78
71 618
220 416
244 1437
1639 790
497 611
1266 1251
261 1685
72 1177
773 1233
1623 572
1363 787
340 968
329 171
1410 1521
73 980
241 821
1385 1613
1277 715
661 1798
1637 75
74 1245
990 426
1350 317
1545 838
939 1101
1196 282
75 1172
338 982
1295 1030
629 625
619 1693
1285 824
1439 657
449 445
1033 1261
1349 534
1498 854
77 931
215 1001
1142 1403
626 1450
217 58
459 636
1232 947
169 1028
275 1049
814 284
388 1519
601 1819
1557 1127
333 259
78 1589
79 1667
80 543
672 960
584 1563
1650 1630
81 591
1636 1502
1128 1260
1442 112
1436 220
1004 91
1431 1211
417 1159
394 256
1672 331
1304 1548
120 377
841 1443
1370 52
1178 1402
405 1042
966 461
1027 1762
889 617
919 1759
726 215
1609 1647
1584 864
1681 755
1474 758
83 1734
84 1386
415 1119
1539 1064
686 205
1329 1748
447 263
860 1741
1264 1542
1036 518
1564 175
1241 738
203 1229
1599 690
87 1802
1738 1736
1838 1688
1794 1382
1602 1522
953 40
1140 932
95 287
1212 218
1783 797
101 367
1761 359
984 153
1593 844
324 665
1131 1377
219 1597
430 776
268 680
88 101
1097 1497
516 942
180 1457
1130 18
568 811
171 1291
1292 441
89 41
90 950
731 992
110 857
432 587
659 308
158 268
124 1356
747 640
900 1302
597 1358
1003 127
874 601
600 1055
1470 863
473 522
1476 770
733 692
1628 920
91 1297
92 629
93 743
660 519
460 412
1012 923
868 411
94 957
967 843
491 1566
1785 110
418 253
422 37
211 566
254 585
567 954
1150 1071
298 559
1051 466
557 739
96 1125
627 265
1066 169
1668 749
530 792
729 1217
1302 1314
767 1720
1558 800
109 90
710 243
798 336
1519 728
98 429
598 494
494 661
272 1533
549 725
899 662
924 1255
97 1666
99 1082
411 538
226 945
1648 740
550 765
1387 293
1578 165
668 798
100 1325
1510 1398
1611 1131
1736 969
816 595
1259 1824
1054 812
270 830
176 1568
1242 521
945 571
326 1007
1078 699
561 1554
519 319
932 1103
481 1614
1492 245
160 1328
165 291
149 1132
1426 551
104 378
105 977
1697 548
421 764
1193 1040
288 255
281 285
1310 655
337 1783
1452 712
429 1750
744 1263
403 552
529 298
760 890
1483 45
696 269
107 1491
212 778
436 32
213 1461
987 1547
1074 43
290 1429
401 123
1798 281
828 1780
1343 430
1214 1267
1141 684
734 944
1546 1087
1187 1072
1089 682
1789 209
1408 1231
177 1466
1383 29
1147 390
1034 1426
613 1751
266 62
1175 124
111 1761
1711 408
188 1405
683 1463
1435 1470
414 962
1688 1252
1095 333
1291 270
782 1165
651 437
691 398
1588 1390
565 546
835 1301
1298 1662
1366 1109
113 1084
1423 1604
1328 1316
528 262
1831 1346
114 1002
115 149
1358 1703
1286 1636
116 880
1504 132
1462 440
1299 86
665 25
563 1511
377 1339
237 677
716 1715
864 213
151 1410
981 164
1548 940
278 1650
1307 967
1669 569
753 645
1779 1265
510 1847
594 666
205 795
921 1226
1733 1842
914 1060
1344 599
384 1353
973 1338
126 1444
750 1096
1658 93
121 1639
122 370
1356 681
1355 771
1677 1844
166 705
181 689
827 140
357 204
125 180
1620 1216
328 1179
1566 44
251 1219
970 154
892 1243
988 788
1445 829
678 1167
1342 129
566 573
588 575
410 128
1707 212
128 404
603 1214
1400 1295
1592 1513
461 1284
1305 1268
1694 1378
1169 1324
1487 1626
1312 338
1737 310
129 337
130 418
132 1400
1716 789
1533 1357
409 535
1768 363
469 717
133 1635
556 1818
736 431
315 198
457 302
134 152
453 210
792 36
958 335
136 379
137 448
815 1126
485 1495
1267 1269
1025 979
1735 401
1367 1817
139 1322
1766 1228
140 1440
147 1205
141 322
1772 1113
279 1804
1678 1791
957 868
143 526
1137 623
1333 1727
1773 750
762 592
228 1315
1473 1332
1091 1414
144 828
1804 1337
1612 766
518 1574
142 1379
145 1763
649 939
1237 1319
1208 846
1685 211
1603 1381
146 694
1135 1221
1229 708
1422 56
246 1326
969 697
1428 276
1273 648
396 261
595 1052
1695 1832
1629 909
381 1585
283 524
1448 92
1771 704
1674 700
183 1204
848 1026
1380 1823
1812 1623
650 240
1434 1599
935 1031
342 99
1013 612
150 1478
1634 933
427 487
591 1494
1120 1721
1682 1389
376 10
812 409
1007 554
463 632
1613 385
974 1176
464 9
153 1175
1000 1686
789 1451
791 1648
1787 391
152 361
154 991
478 229
1094 137
1705 39
476 825
1540 1436
1479 1020
681 142
419 349
856 376
404 31
1268 1227
1505 1558
156 763
157 1722
514 1122
259 804
1052 77
903 1033
1747 1422
1217 1286
1450 835
926 157
297 902
946 1144
688 138
1045 388
380 227
190 558
632 1138
687 1384
175 1813
456 1485
1619 372
1576 1225
1671 1019
943 1340
865 1697
161 357
162 1430
1521 908
831 777
172 1540
1064 584
269 1334
1353 858
647 1535
583 1266
399 1755
1666 978
944 1192
1278 616
795 366
1060 527
1621 1344
413 564
1062 565
1466 1538
749 983
446 735
368 1792
1117 917
682 477
768 465
1132 767
1421 1434
167 1008
168 1056
1732 1433
545 436
1511 452
258 1306
728 1236
1321 1505
1076 1151
170 952
604 21
454 1616
1216 344
1114 1726
703 1657
1739 1147
253 1456
699 1756
1726 1655
249 1795
443 8
766 1592
303 483
1146 852
1606 621
484 1039
1622 1134
1019 1724
525 510
1154 987
462 1562
1626 836
174 1208
1543 1492
1099 447
441 841
543 1661
1134 122
370 669
669 474
949 867
1467 556
359 1469
511 718
740 928
1119 311
802 663
1589 1691
334 1329
1337 1738
537 603
852 1784
1788 823
976 754
1633 775
179 574
676 1010
1673 4
1574 545
358 1596
639 1095
560 1050
1508 1699
1827 1308
1243 190
276 723
819 384
304 1581
702 1012
182 815
389 2
1686 1493
606 1615
693 258
1306 203
184 1664
1315 1445
185 332
1690 141
901 1112
546 849
465 1413
890 22
331 916
781 1841
579 111
1573 120
1575 889
187 277
779 126
1040 1313
915 323
1776 423
317 509
1661 1235
1632 668
467 744
1369 1199
1165 1062
504 1383
822 1292
232 49
1162 1158
643 1224
186 1093
1105 1376
1800 563
355 606
670 1556
316 1455
787 1277
191 64
192 676
1324 1063
1411 264
1420 930
1518 1833
989 216
674 762
754 1420
193 222
937 235
320 1565
496 786
1381 1744
194 1484
195 1431
296 1559
1181 1029
1414 965
1029 818
1061 167
1429 108
197 1526
1347 1098
198 159
618 1637
287 1838
1807 1746
200 651
752 1598
523 1840
673 351
1703 515
199 1035
351 1303
318 1
202 948
1180 672
1274 1464
894 266
657 1164
1276 1467
1284 989
1151 246
1023 312
1610 1656
1009 482
1784 742
1465 1782
1109 1439
1088 1730
1409 774
206 1575
1782 1837
718 460
1532 1790
1742 1536
1345 1560
207 626
1777 1283
1567 622
208 73
886 650
1323 988
1640 1531
1836 523
1725 1659
979 1530
569 1612
209 722
1184 325
1472 1622
1805 887
1482 605
1501 173
1642 1218
1043 1417
1149 1388
284 1278
1391 936
1171 1070
289 290
263 994
1188 146
704 589
572 1193
1438 891
214 294
839 1586
1427 33
1092 1677
635 1300
1297 162
1758 1669
218 570
1270 1024
1261 1578
1433 1393
248 314
544 463
636 208
1279 1115
998 1573
391 386
222 799
996 186
221 561
1506 326
853 225
1486 1150
224 197
1604 1826
339 886
592 100
1008 1374
1296 1041
223 1660
227 278
1793 541
1461 759
724 1690
264 620
225 502
675 757
341 929
1313 1289
1309 478
1712 1765
230 1680
1764 1310
493 1705
1263 449
1403 1649
1696 230
1080 826
231 102
906 840
233 1835
912 458
1816 189
1016 1638
234 1194
1693 130
247 1124
1441 839
1551 1670
1281 1679
364 1210
918 1128
1190 1022
1547 813
1654 1725
238 1537
805 1427
435 691
240 761
1744 1742
1026 6
1346 297
1127 984
243 193
1138 1682
425 1767
438 1404
262 875
820 55
1335 68
1718 1253
621 951
1734 329
242 393
245 98
741 1409
360 653
1572 1246
884 686
832 1200
793 1603
426 938
776 1775
1048 594
1388 239
1371 861
829 57
1336 1037
1825 624
1238 1355
480 859
845 1347
1392 131
1809 1106
1680 1367
765 1083
1230 1787
332 1472
1047 1446
916 895
559 1342
255 647
1607 1163
1460 803
928 959
257 927
1741 375
1221 903
1495 866
578 394
554 1135
1145 1148
1218 643
634 151
1393 405
599 1651
570 593
605 1490
608 837
959 1829
489 387
1199 714
1691 730
625 1288
265 1754
1330 1108
1352 1364
1118 1432
717 1146
751 500
785 275
590 280
574 896
794 1610
1459 1094
267 1348
1689 1799
1183 698
327 822
1653 1372
1082 1827
285 389
350 630
1376 949
679 1714
1446 1343
522 1710
273 1015
1317 1652
1826 1023
1365 1349
274 1591
1215 1541
1503 353
1121 271
1667 1207
1496 1846
1530 1116
507 1080
277 457
1646 602
712 1118
1529 810
803 1525
477 1716
416 480
1704 1248
800 42
280 658
1318 1624
1339 1089
701 451
1354 125
879 549
1087 550
371 904
956 300
1432 191
1829 438
282 855
1041 1366
908 476
1565 533
577 531
1186 1498
1651 779
286 1459
962 1627
602 853
450 493
748 1259
1791 791
775 934
1325 1711
1010 1309
620 107
882 1237
925 495
292 721
842 751
1028 1156
1834 1220
293 734
1722 878
393 105
1560 442
1659 1609
902 1423
666 1003
295 1810
1189 639
653 1707
1702 334
1664 1304
1822 578
361 1212
1031 328
1605 301
1424 1825
1322 1587
1537 1195
1795 1399
1837 1016
348 656
301 106
609 1771
1368 881
1338 309
386 555
1752 1201
1059 342
836 1753
536 1256
420 304
1220 238
306 1551
1108 870
1698 1793
1172 345
883 348
1598 1757
383 970
1014 1678
737 529
307 1425
995 1197
1617 318
309 1273
1049 832
843 918
1601 425
498 753
838 1617
1386 489
311 1797
769 1619
1549 176
1231 1718
1210 236
1516 1732
1271 228
367 217
1437 907
1167 279
722 1282
1249 597
1657 1362
929 1590
711 199
319 1345
1490 1320
1361 1264
547 805
680 1351
440 139
761 802
1413 1719
322 306
576 330
1778 919
1125 1017
993 346
323 1380
905 232
325 80
746 652
1055 1162
1405 688
1053 185
1581 517
551 729
622 1785
1223 12
1282 27
790 660
344 1583
1340 1202
1069 536
999 1788
1384 214
756 402
581 809
656 608
1311 1482
1111 252
1327 568
698 995
1719 444
1144 1133
1377 497
564 1570
1075 707
1527 486
345 1097
1017 937
346 997
804 1068
1676 1849
392 1129
1412 358
1790 182
1139 1704
492 283
930 901
1288 324
428 1418
1260 496
796 396
1269 935
685 1350
353 53
1044 1713
1627 166
1360 998
1213 1000
706 711
1463 241
628 1307
354 1582
356 671
1394 999
863 732
614 1239
1714 769
1156 1178
1396 117
1585 1232
1416 381
365 364
366 114
1600 303
700 990
1294 530
402 1811
369 1079
1590 1532
1541 289
541 155
1645 115
372 1130
1570 254
375 1479
1728 736
1303 1250
1507 118
1113 1154
1480 1602
573 1180
1520 163
378 1739
965 48
1440 51
373 747
1569 781
1300 1312
1084 659
382 1698
684 1298
931 35
810 354
911 1496
813 1401
423 641
755 922
1046 427
587 1447
1070 85
720 368
1769 435
1133 503
1020 814
780 1503
1211 1287
400 634
526 1076
1106 1462
534 1836
1802 1814
1159 1077
1293 433
1001 1011
1708 1065
875 1510
1198 1174
1746 1453
596 1330
412 1086
1562 188
1104 181
1814 537
1692 1331
655 373
950 1048
645 906
871 609
1485 627
1786 316
1630 1242
960 1114
524 675
1751 598
677 1794
468 1191
1226 1276
1072 50
1535 1634
1444 1476
897 1137
1489 1421
1513 679
1586 637
431 1213
895 865
434 879
521 1187
1808 1828
437 356
1374 94
1158 66
1042 1620
442 1458
1233 1375
1767 223
444 1663
1275 557
1163 772
448 150
1706 67
1202 488
1528 1014
1067 953
1684 446
1157 1524
1554 619
1022 104
1341 244
1071 1728
532 156
772 415
1204 226
1561 1777
1205 1523
580 860
1488 600
472 201
471 1441
1252 1831
475 1181
1536 1760
1419 1774
743 773
482 1140
764 69
907 547
1792 501
1112 1238
648 716
499 1271
1245 973
1553 1618
904 685
1348 96
777 492
867 1203
495 1518
616 1584
1615 1166
742 607
992 1105
913 1468
501 231
1083 1843
1608 196
505 428
1002 15
509 831
840 237
1177 1629
1775 1111
920 63
774 295
517 72
936 1545
707 1488
593 1206
1404 274
994 882
715 135
535 1184
662 17
1475 703
538 1553
553 1737
1035 407
646 981
1402 1471
1037 513
555 392
825 419
1835 958
1699 1117
1239 1605
1582 498
1796 1249
1077 794
558 910
623 46
562 273
1731 1359
1415 1815
575 195
1552 1274
1063 54
1723 499
1753 1032
612 74
1378 1694
1234 1449
1538 1517
1244 1561
585 145
586 420
763 588
589 1672
1810 642
1457 1820
1166 1712
859 1674
723 664
806 1633
1222 296
833 817
1477 1644
607 1654
964 174
891 116
1320 845
1164 3
1583 286
1401 1139
1522 1706
851 71
1756 1387
694 479
1255 355
1774 459
1469 520
1039 467
745 1689
667 926
1219 14
808 1396
640 1069
1372 81
644 1183
1652 250
1153 417
1332 1452
1523 450
1011 1296
738 83
869 207
1765 456
671 1143
857 360
975 1395
1468 847
1248 1789
1382 1188
1801 727
1563 1514
689 871
1018 963
1425 1005
697 1594
713 249
1762 1460
708 340
709 1185
1250 806
714 1368
1290 1768
721 1601
1481 1735
873 95
1399 136
732 1406
1085 553
1595 88
1086 1258
1176 737
1289 144
1319 580
757 1247
1451 748
963 1486
854 850
1517 872
1201 1640
1616 996
771 1285
1256 780
938 89
784 1577
1272 455
1206 1544
1316 1848
1500 439
1057 670
811 233
1103 874
1227 1073
1740 1371
1781 1766
1624 701
910 383
1197 610
1038 893
887 946
888 382
1524 16
1155 1182
980 1668
1195 1257
1555 985
1101 667
986 247
1817 1708
1251 206
1406 374
1174 897
1763 1673
1453 644
1819 1807
1577 1121
1225 1822
1514 925
1397 614
