0 1783
1849 142
1848 409
3 1226
4 1838
8 1623
1842 1506
1841 1
10 1480
1840 906
1839 1632
12 1034
1838 573
13 564
14 1564
15 465
178 111
968 691
1364 1198
707 711
898 1823
1619 1077
76 744
1574 492
466 389
1116 1316
820 1707
629 1188
1 543
2 511
5 95
1847 82
6 1357
1846 1424
7 67
1845 425
1844 850
1837 229
16 403
1836 1201
1589 493
921 682
540 376
201 496
433 1354
253 1828
1002 642
589 475
11 723
1843 1679
1717 196
208 452
1205 1313
513 1604
1235 737
445 1307
658 728
1525 1692
1246 1751
1785 631
1526 1315
9 1796
17 1775
1484 852
837 132
1448 703
1321 1041
630 1595
1270 187
765 1657
260 1456
809 1393
19 710
1098 1469
858 1101
24 215
975 33
1104 1321
379 1327
1772 149
539 872
335 1714
1736 857
408 952
1634 1279
103 367
1559 1382
965 1247
53 518
971 766
18 1090
872 164
878 1501
1024 1329
1550 1750
532 1410
1351 997
939 637
646 1068
1271 264
20 1439
21 1401
106 760
1699 866
1068 747
483 216
942 382
1395 1194
322 1517
22 418
690 1608
384 122
1820 105
1161 400
51 1830
1612 1441
1644 987
870 1168
1110 984
23 1452
374 1096
940 1784
899 372
1706 455
472 168
594 1455
1021 1512
238 1484
38 1186
824 622
944 1731
216 311
1147 871
1293 325
1833 1274
25 244
893 134
479 979
811 762
45 1688
1494 1486
345 1454
1512 473
1196 500
26 949
834 1009
1185 596
849 1703
903 152
795 601
1088 1643
27 1487
1495 274
127 88
612 482
1062 360
1076 434
451 139
1029 547
654 1718
1086 876
1502 1432
1249 907
102 186
1636 724
1687 1415
1649 894
58 454
255 1434
1411 1717
29 635
1499 999
1579 695
1810 1533
299 298
967 1709
173 1437
748 593
1103 636
523 814
28 1444
468 1062
637 121
1727 1508
270 1520
1123 957
1712 1197
30 1699
31 1748
979 1277
1018 1807
725 699
1485 783
1326 1157
1209 1259
407 849
848 877
1055 113
32 1083
291 1477
1816 1612
151 1822
591 769
211 1776
1160 842
1821 365
403 304
1661 1339
1331 1248
33 436
43 1509
1534 44
1394 540
960 1646
1492 374
294 428
969 1847
1043 296
1679 1567
34 1084
881 232
61 352
1431 58
1665 751
1584 1156
1802 657
1748 464
163 1786
1236 734
695 1845
1008 1638
78 504
180 1732
342 74
1768 9
149 1014
609 1488
1734 1282
1715 970
305 598
1572 645
1072 976
1543 1010
715 796
35 818
36 490
37 974
624 1184
931 270
1412 1774
341 835
1641 356
1312 933
1647 697
362 432
458 1356
67 824
448 317
897 966
1622 1235
1830 1319
325 1711
461 1385
1610 141
1263 1060
1334 915
876 951
494 147
1244 829
862 1814
645 778
39 1364
932 1483
933 302
1148 994
663 1323
622 1076
1709 1442
571 118
1261 1221
905 927
41 226
210 70
310 1115
1102 875
1050 945
148 43
633 1312
519 801
284 1268
1729 448
531 1695
219 1832
40 1372
784 1541
1639 1628
256 548
111 1654
1212 1648
1625 507
321 638
376 1070
1166 1433
767 1552
1357 1624
817 414
1454 1250
1258 13
302 1370
507 1447
500 1537
917 456
1129 501
1038 329
1624 1833
1568 998
183 257
42 1036
44 1112
1828 15
490 528
336 1048
1587 912
1015 369
1033 742
1114 944
1458 571
1490 62
814 371
1660 1412
1756 791
923 1171
46 848
1670 1409
1747 1479
347 1026
142 1301
1544 380
47 505
110 893
1418 342
822 1755
861 55
296 364
606 1588
129 211
300 1593
1474 517
138 1801
1742 1478
1111 223
548 251
1204 462
1601 799
96 902
48 1291
949 183
1478 1380
827 1844
1521 1675
1803 640
439 1770
641 136
1592 417
1724 1438
390 764
727 459
1095 776
1268 1793
170 0
370 71
49 1561
50 378
1371 1302
1755 964
431 946
1224 73
1174 955
312 450
821 1550
1745 245
356 554
1014 1449
52 612
1090 752
75 381
1106 1502
502 705
857 1490
271 990
213 572
1819 1238
1306 663
545 1390
791 726
866 1404
497 1693
1338 765
623 1218
761 1610
1283 1160
1287 429
309 812
511 46
1557 556
1363 779
801 758
1817 903
1237 790
54 399
55 1088
189 1051
847 975
1542 1730
1152 1146
1126 1411
1576 1267
1590 1017
56 1761
1491 1123
474 963
1675 1448
1119 577
1285 959
1637 526
375 992
57 565
997 1559
1073 103
1506 191
1045 387
1415 104
234 1649
393 487
1243 61
198 1499
1118 879
214 11
1451 430
326 214
906 145
59 939
1407 320
533 1346
749 204
169 1286
154 1810
307 81
1795 828
487 1337
642 600
833 1130
141 386
1289 1158
69 763
415 1747
735 1387
652 873
430 614
671 305
333 361
1613 348
1594 690
1718 1462
1107 613
1006 1336
1084 277
1173 1754
132 935
66 107
217 8
1366 393
1732 794
60 171
63 1596
157 616
123 653
1778 23
247 863
1004 815
1737 1746
193 1667
1571 655
62 1686
64 201
133 109
385 1682
1799 1531
1052 652
951 1603
512 669
65 855
1200 1430
383 700
1423 1762
124 660
398 1199
1180 1275
1286 283
1430 1206
1436 1579
1280 24
481 1374
248 569
560 1147
1618 1427
239 19
1663 1532
1599 1513
324 656
250 1674
1708 327
1509 851
841 1340
787 75
1305 1800
331 1644
135 1547
1332 590
68 1421
503 1215
1109 1256
1329 1824
486 662
794 1812
1226 225
1719 595
1203 1481
1304 562
1728 1818
919 1400
268 31
1691 1075
71 210
619 63
1339 585
220 477
908 576
785 1258
1791 1626
72 165
720 1071
686 1634
1784 138
1789 1827
1580 350
464 1546
454 1723
1217 345
685 1237
70 1708
1498 37
1142 337
1564 773
1437 431
1681 1528
73 484
1349 1465
215 1758
301 174
1159 300
568 580
516 626
1245 1166
1628 470
907 1341
1382 1685
1124 854
520 646
74 986
889 90
1232 1831
1398 689
1605 1177
1476 341
319 1113
308 1099
1386 789
241 1249
1295 1183
1381 240
1264 1428
760 148
1566 529
77 610
990 1601
449 1446
1348 1121
672 1295
1178 811
631 1289
1266 1214
338 253
1781 1163
109 665
611 649
823 897
79 1757
459 423
1031 584
1442 1164
1609 1495
726 1348
557 1621
549 1529
710 1172
287 804
80 451
100 1109
924 1779
1067 781
81 716
275 102
877 1306
1158 397
585 1399
280 481
1359 1344
1489 696
1193 392
1153 1846
83 116
272 117
1631 1330
1731 1143
444 1031
84 583
400 1734
1408 1429
395 1035
371 532
1234 675
89 1350
82 1665
85 379
316 318
934 883
105 135
1352 179
1154 188
1005 131
1172 969
480 545
86 1419
1036 79
984 203
941 1224
1215 172
290 1558
1241 838
838 65
783 1181
1738 1204
747 1175
473 495
1048 617
1777 1054
116 412
262 1210
1207 1511
1140 209
1760 438
739 91
1722 941
896 628
87 707
88 77
90 962
955 120
1472 767
1832 916
1773 238
1583 54
93 1598
1210 1795
99 125
850 937
1585 357
696 1536
1113 719
613 834
1798 206
976 525
91 1103
92 1720
1097 1342
282 489
1120 749
158 154
196 521
153 1299
1274 708
1089 221
1413 1260
1470 241
729 544
1558 1572
698 618
1034 335
411 89
638 467
1194 1148
1354 1540
126 1338
236 445
1668 1821
119 530
588 1414
1483 1712
981 666
1003 1590
855 1089
1057 630
1522 449
94 1092
95 1059
668 578
436 1379
712 1769
1298 1137
460 1614
1010 1225
966 1766
391 748
846 1106
462 1097
1083 1790
97 1285
491 557
627 1381
1066 1768
413 1303
417 1560
945 1067
1346 859
1831 1556
190 486
665 1773
547 864
1422 349
904 1095
703 1126
98 1467
1150 1073
1510 408
1254 177
1168 509
713 1269
525 936
1302 1809
782 1290
1425 394
777 92
804 1417
101 268
1358 1816
596 683
288 273
565 1819
529 1270
920 143
1071 1288
753 1514
224 898
337 119
1689 385
1782 1261
165 472
884 1728
677 1631
1053 639
806 330
1307 1236
1658 1589
1678 995
174 1815
987 692
414 5
1026 615
1733 1482
435 1788
1079 254
913 343
792 42
1277 1359
104 123
205 1135
1621 1629
476 1696
750 1841
1292 30
160 1136
429 575
1749 170
144 1266
1383 1804
366 497
1143 905
107 1373
108 334
1695 586
416 36
1187 1176
274 602
1297 112
1429 993
1445 681
742 527
401 236
527 552
910 94
212 1280
1141 515
1546 443
1291 1834
1582 1273
528 285
380 860
922 1436
807 1641
112 1470
1343 84
683 212
732 176
1181 735
1169 1507
1586 32
113 868
1688 106
175 1086
1443 344
245 1701
1694 284
168 808
1711 433
188 1008
1710 1394
469 870
772 354
115 38
879 1642
1092 373
425 181
816 1003
1405 928
1698 252
488 784
575 1328
1632 1388
114 1524
691 1548
1669 1578
1167 1377
117 83
1462 938
1322 1317
1157 1038
118 792
377 643
1131 419
818 709
1501 1457
1518 1057
1578 427
1231 231
470 768
757 1152
954 1202
1447 1180
958 1074
793 321
815 1408
563 1192
1677 1046
625 1032
854 581
276 1371
874 1625
962 706
873 1222
1310 506
1523 1004
120 1497
121 173
278 322
328 1835
1078 1471
1648 280
1752 1284
155 718
505 1165
1267 281
701 407
122 1571
314 888
843 520
1367 754
988 1777
970 537
1208 641
1602 35
228 56
1400 494
974 22
746 761
1505 965
916 1169
125 1094
991 1716
1603 539
1480 1743
145 1840
1428 491
836 1365
176 634
1242 1207
1162 1659
808 249
334 1018
714 50
925 772
948 715
259 508
128 619
1620 1195
1629 757
566 1820
842 1505
552 151
1834 1040
453 86
130 840
1468 555
927 1636
662 1551
1497 250
1013 1663
1567 276
131 101
1340 1150
396 1468
856 522
603 1257
441 817
1115 503
369 1105
786 1655
1716 1684
518 664
1341 1837
1007 1450
184 1039
134 1320
1487 608
409 1375
1735 158
378 1749
561 1118
1682 1353
514 1792
136 128
1758 1304
1540 606
1788 18
137 1044
556 247
734 1458
617 17
578 1525
1223 973
1815 738
615 219
1517 1733
752 1475
140 98
1766 1020
179 1594
926 502
1233 1085
1025 1619
1137 230
946 831
1720 480
676 843
559 243
1520 837
972 442
1333 1668
143 310
1545 1806
172 1331
1186 453
1570 1673
399 51
776 899
277 1721
1804 1300
1132 553
1664 1683
687 846
583 1205
937 887
553 27
1767 1189
1410 921
231 1141
1671 821
1666 1656
352 853
1070 914
1826 447
608 1568
139 1658
146 588
812 1562
860 1591
446 793
1754 1798
147 568
649 686
595 1030
447 205
1135 1227
1227 34
989 1630
246 175
240 733
952 802
1511 1662
1465 265
150 531
1812 279
1000 1159
427 889
1753 910
1656 340
826 129
1356 166
202 886
829 218
1426 1230
892 4
768 1333
604 1574
405 190
465 1212
152 909
463 1843
586 786
1222 542
699 435
1019 1318
1424 1153
1569 115
422 629
1365 967
1369 1170
744 1545
1806 1124
779 721
419 1187
582 798
156 114
1705 845
1467 1050
831 1780
467 1706
1626 1396
956 1839
1477 627
953 720
679 1217
1188 339
159 913
1299 194
998 1519
1508 315
660 536
1030 20
1595 1722
901 698
600 1435
864 140
1432 391
1179 611
780 47
161 1389
162 57
688 26
1028 242
1337 920
930 1369
1538 1772
819 66
1686 512
457 923
751 1426
285 805
164 1253
693 1549
771 29
550 932
728 377
166 693
267 1093
167 1033
705 880
1255 658
1192 200
1714 1395
1058 220
1615 609
303 1787
1457 911
1787 862
766 559
666 1613
1397 858
1117 1785
1701 1557
171 1200
1099 1232
359 1155
504 1422
232 1473
258 12
724 1308
1417 163
558 1808
1308 499
546 820
365 654
674 1203
1704 1543
320 97
1427 1239
996 246
443 550
1673 874
1133 217
1493 809
1588 1440
340 471
1315 947
177 1618
1112 1534
1335 579
667 679
947 1460
802 1193
813 1011
684 1645
404 1047
869 841
1744 96
317 1759
355 1799
1600 314
455 416
740 1592
437 258
830 551
181 1345
639 1231
1614 269
182 1575
1555 1826
1623 1500
358 943
389 1102
915 406
1593 390
1657 982
1421 1223
657 1466
682 978
1276 981
580 839
661 1677
1284 1022
655 153
1751 1309
185 347
1690 1740
1265 591
187 750
543 1191
1399 561
894 1053
789 1741
835 180
1532 739
442 1464
1823 822
186 991
1800 355
1552 362
1554 953
1659 1311
1093 1736
332 688
360 1585
496 99
1597 1702
1640 1234
871 1397
1269 410
367 1600
643 896
243 1672
192 237
592 312
1105 884
803 1361
530 940
1455 156
1253 1651
1702 1006
1108 1211
191 1325
194 621
1347 714
650 1128
1324 1069
1409 1413
1416 948
618 239
851 1043
1438 1324
1314 271
195 375
1091 421
673 1134
1323 1660
828 1742
197 76
1807 7
569 1343
1360 370
388 1690
756 633
564 1727
1573 1391
567 1691
1171 1463
1414 1726
1027 830
985 426
199 1265
1503 904
888 659
200 684
281 1842
1290 856
1824 1264
203 267
1684 746
313 1676
865 1001
1809 1378
204 1724
1009 1485
1813 468
853 1492
1528 133
1776 574
206 290
1282 1335
1149 1763
758 827
1017 301
1725 1576
1814 563
1762 1527
1446 774
1296 1678
982 1045
478 307
1176 21
636 599
207 1661
702 476
1461 1633
1611 1117
1385 519
577 1216
1069 1405
209 647
1775 1162
798 1555
1796 1138
1396 346
1350 1297
708 137
1184 353
1805 1606
1662 1016
1156 1647
626 534
1032 1013
1642 415
1700 785
1094 625
257 1244
406 162
1281 1689
1464 1580
1482 1082
1741 885
943 1765
1125 1110
1016 235
1516 1542
1435 980
279 299
1374 295
883 1283
597 323
769 1024
1713 918
868 1666
1530 917
1130 1332
304 1811
218 127
1739 1493
1764 925
1096 587
1064 533
1771 289
635 1179
1441 524
1054 463
221 422
778 1802
242 989
1190 1535
1138 1522
716 198
222 523
852 1251
410 1133
223 1599
1012 6
1638 1049
1127 297
1272 16
225 466
227 2
1345 291
226 1314
339 1694
229 1496
544 1713
963 1650
1606 28
230 732
1596 1461
704 736
1419 1263
1811 1021
1336 1252
1288 1298
233 1639
1238 144
1080 1738
1379 1140
1654 1565
1449 483
918 457
235 865
283 1474
237 1254
1353 259
880 1491
364 309
526 324
1082 159
731 1764
859 891
1496 1597
1392 1416
1539 1472
1377 1242
886 78
628 1066
1230 1347
1651 126
1355 958
1617 755
244 1219
1327 1530
1547 440
593 1145
438 668
555 594
574 1120
1047 402
551 1498
522 713
995 80
717 535
796 405
1763 401
1393 1000
721 72
882 1700
249 1386
754 366
1368 1459
251 207
252 623
426 844
1189 607
1460 197
1042 759
1459 971
1653 1752
983 725
254 263
1311 1563
387 1362
329 988
1591 1139
1607 678
1100 1019
1145 985
743 756
323 931
1144 803
1206 1220
450 1042
1473 260
1023 108
800 1167
261 411
554 1278
605 1403
825 546
263 1310
590 1725
1330 567
1829 313
890 806
1199 825
484 1516
265 1174
632 184
1486 1583
1225 1813
1391 727
264 972
266 1131
1183 787
616 797
602 1669
269 1797
745 287
1683 1670
1325 1229
775 558
1536 404
1765 1037
381 1245
1081 199
1121 1072
273 1698
659 150
1780 541
1524 743
1313 1431
1060 685
318 292
1692 648
1519 701
501 780
1575 1719
902 169
1779 161
1303 441
1646 582
1318 620
1342 1005
1759 444
1259 14
1797 1687
653 1489
1300 651
1375 1515
1376 1607
286 826
664 185
1761 900
1041 326
759 1125
1786 358
1213 1363
1380 1781
289 605
541 1652
1257 1825
610 1778
1475 306
737 961
382 1116
1220 1178
292 167
648 439
1551 1293
1301 1849
293 40
1693 604
1011 1569
420 704
895 1078
1549 1705
295 1566
832 1111
1075 1255
418 1523
373 1367
1453 124
297 1756
298 513
891 1292
1643 1554
730 836
1051 775
1560 1052
1387 677
929 950
1616 1402
386 286
781 1056
680 424
1535 632
440 1789
368 795
1835 331
601 328
957 1573
738 1425
1404 1671
718 1423
614 1154
900 1107
1770 1196
1229 813
1049 1276
1361 1715
493 777
1039 338
306 395
534 1620
741 1443
499 1240
1279 624
1548 146
311 1605
993 674
1370 52
489 687
911 1544
1328 110
351 549
598 956
1191 922
509 1609
722 1144
1059 1510
1674 294
1650 929
456 227
1726 485
315 255
773 479
790 228
1164 1119
978 881
1793 1233
482 1503
1825 69
1195 68
1504 1127
477 48
432 1281
938 1570
1216 288
1513 437
986 1294
576 1228
428 1209
327 1384
788 1287
1378 87
1774 1577
1155 977
1783 597
392 1087
1562 413
1221 160
1294 1753
1456 1587
1260 351
1757 1296
330 1091
1122 1653
1450 934
1316 819
1818 93
1481 1132
1471 1108
1790 1241
1514 1398
1703 1129
692 996
1769 1114
1044 1602
343 275
1553 1322
1604 676
515 1190
1740 234
344 730
346 1735
1479 1080
1598 712
348 1622
349 1616
1672 272
1389 59
350 1383
402 41
1667 1817
1676 592
1652 1407
912 85
353 810
354 1208
1680 671
1515 878
935 800
799 1476
1218 926
1608 867
357 248
1463 282
573 157
675 741
361 130
810 1349
1165 262
363 1744
1388 538
1581 516
1065 924
1439 1055
763 388
1556 782
372 303
1645 968
1077 498
1344 193
1440 319
521 1366
797 1081
1085 1262
845 702
506 224
670 266
700 1079
570 25
1565 1453
587 316
1792 895
1630 333
755 771
973 1142
1170 1063
471 1697
423 1028
999 644
1262 195
647 10
994 1104
764 832
394 1246
536 514
421 753
1746 278
774 1213
397 1637
579 717
620 1737
1466 398
961 1065
885 694
1001 1012
839 1355
669 847
1507 182
1175 53
1444 1664
412 570
1635 807
1808 1015
1390 1782
1827 336
599 1526
1563 293
508 566
1134 1710
909 1025
424 1368
950 890
434 745
1228 1739
1655 1420
1317 256
1197 222
1707 39
452 1002
681 1058
1372 1704
805 1803
1561 670
1139 178
537 383
1273 1582
1146 1326
1020 1151
1730 363
1035 954
1750 1100
840 1445
1022 1791
535 1451
1214 1494
1063 650
1633 155
542 1173
1182 202
1801 1615
1319 1334
475 461
1697 1027
1248 446
1309 1358
1037 1611
1239 3
651 731
485 420
1177 1680
492 60
887 1760
1046 45
495 930
498 1305
733 861
914 901
1488 1064
510 396
1373 208
517 368
1529 1376
524 919
1061 1771
1251 1243
711 908
709 729
538 1392
1384 192
1685 1681
1452 869
1128 1007
1402 1521
584 1149
1201 458
644 213
736 460
689 661
959 49
562 1794
1136 1122
1401 770
1278 1029
706 189
572 1767
1723 1805
581 64
1247 1185
1240 1182
980 983
723 1586
1219 1829
992 816
1541 308
607 469
1056 1627
964 1635
640 672
1087 1729
1743 261
621 1518
1074 1581
1211 960
634 1539
770 1640
656 1745
1151 1271
1362 740
1721 332
1696 560
678 1504
1527 823
1537 1406
1250 1836
694 1418
936 1848
697 833
762 1538
1163 673
719 100
1040 474
875 478
1533 488
1252 233
1420 1023
1403 384
1101 1584
1500 603
1822 722
867 1098
1198 589
1531 1352
844 1161
1433 1351
1275 510
1469 1360
928 788
863 667
1627 942
1577 1553
1202 892
977 1061
1256 359
1406 1272
1320 882
1794 1617
1434 680
