0 1748
1949 1460
1948 958
3 1595
1947 842
4 485
6 641
1944 1004
7 1079
8 774
1942 1564
9 717
10 821
1940 560
178 118
374 1206
1358 817
1517 326
1424 1309
330 347
1060 1287
935 386
1682 1439
1 614
2 1632
1945 1750
1943 1367
11 1369
1941 364
1599 1011
844 439
375 1019
750 14
685 949
1630 1925
5 1932
12 1017
1717 130
123 494
1129 149
1360 1140
587 1410
1946 1546
326 1901
1119 10
547 1592
836 563
1267 1075
545 707
1908 1033
13 420
1098 1623
1804 920
835 938
816 1636
947 1128
429 181
1450 1751
950 373
371 675
1179 448
995 363
1491 389
1005 1117
14 653
15 1930
1902 855
1365 488
781 1282
1115 1876
1911 1508
1761 1798
16 1852
106 1099
1291 1475
98 524
463 569
232 1147
161 337
1308 1941
537 1183
1477 117
813 718
690 1252
76 1273
301 190
643 864
1921 1858
1665 1759
1205 1155
262 1405
817 810
17 735
18 1718
376 721
1105 822
492 210
1305 1931
1929 286
102 933
1451 1819
19 1028
1141 609
785 1112
1876 1034
1855 461
1408 911
1936 670
242 943
575 1691
20 765
21 1570
838 62
683 343
170 221
1223 1698
1505 870
277 1634
576 1026
590 372
1671 1827
22 927
23 1604
929 239
1689 546
393 1095
845 714
1554 1654
1077 1415
24 1795
1499 1846
698 378
1488 1810
1016 1602
1463 939
99 1648
25 290
240 1587
215 1359
387 20
1653 1142
26 1581
820 809
860 1332
390 615
1157 1627
751 1939
27 1137
291 13
1746 1377
1767 1633
256 1321
712 1797
1772 827
1701 504
939 1770
28 1548
1856 1363
709 698
377 1122
1695 820
1639 288
1294 1902
555 212
29 1725
1866 624
962 266
313 1705
948 139
1024 724
1246 473
756 1045
422 369
1476 1777
1555 339
442 1519
31 1031
532 1068
1048 214
32 1663
779 1557
1807 643
363 1274
1067 1311
1314 913
1722 1778
665 82
1470 1039
30 850
624 1348
1322 1207
1657 423
306 1213
570 311
1831 526
1441 437
350 157
797 1774
33 304
1641 1403
236 1329
127 785
1285 801
1171 1549
1627 1139
480 1693
1634 1005
35 1912
1917 1145
855 1265
482 686
444 500
211 716
1472 542
1840 1859
345 528
536 1870
34 217
212 481
136 896
1680 1673
118 921
1735 697
1493 1540
1420 1411
1642 170
316 682
1423 171
1490 622
569 138
1193 1101
1512 703
36 1092
37 403
38 1655
473 1465
965 98
172 279
510 634
311 1946
901 1162
39 935
761 1109
1773 838
1828 1821
1333 882
567 590
1597 1266
297 132
858 316
909 1580
1110 715
41 1035
1676 1923
1915 700
137 433
1595 1837
1354 1349
42 151
1435 100
609 1647
508 595
1020 5
1114 508
173 412
44 1192
217 352
1402 384
1713 391
1509 1628
1419 246
525 745
1886 650
546 291
254 1498
43 600
1896 435
386 1545
705 1868
734 447
1752 27
218 1457
94 552
45 116
133 1223
40 1677
46 1120
1381 1921
315 865
1345 952
184 955
689 1671
47 1306
866 1051
468 375
757 804
1606 1881
782 1389
207 648
621 414
807 720
485 313
1297 1892
382 186
524 1667
940 879
1774 222
695 413
149 1516
1139 79
615 995
792 664
57 1896
999 759
100 169
1155 1712
1576 574
915 1091
1467 1335
152 1314
48 1214
49 1217
50 280
1544 101
191 1263
1853 1488
1140 24
51 1783
139 105
1351 599
1269 816
1872 53
1458 873
1538 227
255 725
52 1320
53 565
997 1334
1341 1645
769 1376
325 582
1814 396
815 1419
786 328
1668 1164
1888 1424
518 736
54 786
1656 729
295 1430
158 923
222 523
338 543
696 1459
1366 28
55 201
1725 1690
1925 1209
344 205
1353 1418
56 1706
392 617
739 152
1237 48
1697 869
1073 541
584 1221
1887 482
1813 41
875 782
1422 1845
722 586
842 607
931 1354
1747 360
1556 1739
744 659
723 1187
1094 1298
889 1747
841 4
72 1445
1217 1170
1624 1832
650 1830
1096 260
1736 1200
708 1833
1099 1496
982 16
1327 1053
59 498
302 1860
1462 1240
500 294
961 1565
515 1397
1487 1940
646 1041
58 1087
60 1813
1029 1000
362 1467
1200 1226
1757 1047
1194 1331
1486 1492
1280 507
1734 1463
61 1664
62 680
1286 484
534 1372
1841 374
959 1731
953 505
253 1371
1159 767
168 491
1184 1328
1394 180
491 1499
1163 705
64 1247
1478 766
638 558
777 1375
923 858
65 1879
574 1043
905 350
1001 495
1248 960
528 361
1756 1057
63 1062
66 68
151 25
775 37
175 1935
1654 678
540 1466
710 477
385 1171
1080 1744
1284 973
1146 431
1151 1302
1347 1437
68 1083
1744 1234
954 846
960 1571
67 142
69 84
589 1513
1937 550
884 1576
1837 1593
450 367
755 12
1895 472
1218 1383
70 1612
176 86
1125 1596
433 1486
1124 824
1868 198
1616 407
1521 72
438 85
1224 1257
862 1390
859 961
1061 0
1696 91
1272 1800
1690 900
1107 1135
676 1702
613 402
1299 164
563 881
71 762
73 365
990 737
341 1503
963 1710
1827 376
74 1839
956 667
1920 1536
1608 1374
994 381
75 1701
332 1522
1507 70
117 1259
1660 113
1715 1861
649 1639
606 265
93 51
1659 764
919 474
520 1090
77 43
78 1933
275 410
554 1197
908 889
79 1173
1052 1115
691 1114
596 1458
647 154
886 1692
628 1767
1649 1781
766 463
1533 1001
1636 1037
1307 496
1778 632
1557 1024
1884 1136
788 580
509 1722
177 15
80 129
81 1224
795 301
1033 1502
299 1551
607 1684
417 962
503 1169
677 1660
335 756
83 727
1629 545
1607 538
653 1006
249 1305
1185 637
82 1481
84 324
1264 1476
1216 323
116 1910
928 357
487 758
1759 1685
727 255
1233 1809
1596 1791
112 1009
85 366
1134 1064
1880 1323
1602 1889
183 119
548 983
1320 115
1017 160
86 1427
1838 1864
519 1078
198 1733
476 871
883 1317
1242 854
1529 884
771 1032
1346 1319
87 1181
1097 937
92 422
651 111
1802 551
298 618
129 868
1709 272
1938 1290
1247 1096
88 652
89 1505
608 1195
1816 1792
1645 1412
333 1789
122 1514
455 185
1712 1156
1188 1575
993 1786
1854 942
90 1754
996 256
369 728
1801 1448
1770 1402
179 30
1121 917
91 94
660 859
666 1835
159 1537
1763 768
967 695
389 1093
1330 399
1122 1812
595 76
101 1656
1150 1518
533 1355
228 182
273 1003
1776 26
220 1734
95 908
713 567
1412 368
427 988
687 1556
942 188
601 583
96 1619
1302 626
353 509
97 506
413 829
293 518
1050 1065
1243 394
1065 460
1882 1297
1132 303
874 1717
1317 1393
514 672
397 1929
227 741
354 486
285 90
403 549
1189 209
187 466
1083 1528
142 909
434 1594
1092 1531
180 578
1465 1294
261 1863
1691 902
1745 1380
1296 1848
991 46
1116 1650
688 1086
1391 696
425 1728
1553 806
1580 651
160 215
1706 67
162 1063
1809 1400
892 547
267 539
787 984
664 1607
1900 42
234 1600
241 309
105 134
214 832
949 712
1144 89
1380 1316
659 719
103 857
104 274
1388 704
630 847
1362 1856
1594 1533
107 1577
1221 932
654 312
1646 555
1849 302
110 572
108 351
1871 606
1587 1239
941 193
809 1058
190 685
1274 1534
109 1873
802 693
592 348
314 1762
197 996
111 281
1082 172
1625 1256
113 457
1180 354
633 1105
1506 1703
1397 126
878 1428
1135 257
1069 1493
966 161
702 851
114 1368
115 886
566 1218
1009 440
462 219
290 1211
446 146
1730 536
395 1462
1088 945
320 1854
339 1245
157 744
1789 1917
1791 449
163 1123
517 956
1810 732
839 338
1396 1547
278 936
1371 1085
1489 517
1022 478
1007 1395
1045 663
1760 202
119 684
952 681
811 1847
1111 125
876 285
1930 305
1275 330
120 610
921 1938
1421 234
237 108
486 812
1292 895
1812 382
121 1130
1495 1554
1389 114
1278 61
1805 380
830 1347
740 694
1443 1893
124 1484
1590 527
193 645
238 1535
1620 1157
943 1914
169 1203
125 1048
126 514
1852 1482
790 1356
418 1262
1176 1080
1820 1146
1570 1603
1932 1927
1707 462
130 1828
479 1215
1817 898
128 1384
1769 92
714 317
656 901
1399 1584
1186 237
1436 1477
1390 97
1833 1071
131 254
132 1668
1829 1487
1869 830
134 947
556 480
368 268
603 467
736 665
1618 1500
1633 1159
247 654
1426 1365
1815 88
741 1622
933 1589
1438 1450
1235 1913
1546 748
135 522
1875 885
467 1857
803 1730
138 823
1025 1300
847 278
1070 1794
891 532
1262 1736
1534 104
141 1652
798 64
1848 179
140 1802
305 38
1466 940
481 1010
1796 967
760 456
549 978
196 1307
565 1609
1415 892
205 1023
143 753
144 1444
1236 421
1379 1887
913 953
1277 216
464 65
1589 690
145 259
1253 243
146 1235
1623 451
1337 1826
1203 1824
1197 1724
814 897
147 1550
495 103
704 642
148 81
364 236
1008 1687
881 1066
1581 59
658 781
1910 45
284 1340
1034 1398
1677 1060
1637 1413
150 314
379 990
410 734
1640 1689
1271 177
435 713
477 1276
370 1934
1714 1490
1923 1360
850 888
1541 1277
424 998
153 1874
1310 166
1416 844
738 47
154 516
600 1056
1407 1281
516 1670
155 915
1705 533
1378 1696
346 772
1270 831
1014 1539
946 1944
156 1470
541 808
824 799
319 1434
1702 875
869 333
1355 1178
692 515
1762 1752
983 1485
360 1322
1783 924
890 1333
1800 1127
292 443
977 1527
1256 502
1026 1244
250 701
233 802
553 127
436 1506
1687 649
1694 1601
182 231
1461 1643
1316 1270
1095 359
1847 1524
469 1303
321 1196
1591 1715
164 1110
1527 1849
1376 687
834 1426
885 783
732 1937
1799 1922
199 33
957 581
975 1141
1406 1310
166 1695
1703 1741
1573 1076
288 1345
1519 1479
873 1119
165 1193
167 211
474 277
1178 805
1502 1077
903 296
1858 521
475 1617
1692 1625
1743 1288
1066 640
1363 468
729 426
799 1190
880 1773
171 1228
1023 627
1078 197
443 1672
605 1318
693 220
1323 1350
1739 1574
294 999
588 1820
870 307
1130 1799
1543 252
1199 1072
174 1567
1460 969
900 1180
1672 754
1158 1579
419 1342
831 959
1891 1658
791 1507
1112 535
501 807
279 601
328 1392
1899 1255
1893 1578
672 1468
181 972
821 931
1044 621
512 1452
577 1740
822 1049
426 987
1667 893
404 1610
543 1107
895 470
192 31
1562 242
343 843
1475 1084
564 1780
1195 1150
808 1301
1279 747
185 1373
186 318
1586 1441
1935 1299
879 1106
188 519
521 1456
1359 261
725 1631
1411 1729
189 739
248 168
1335 575
1259 58
1273 1070
1334 537
409 951
1006 8
1782 1454
1318 1296
1898 1926
439 299
1165 397
1413 1897
1324 29
1156 1566
625 554
1764 77
399 1640
282 1275
452 1489
1469 1591
936 1238
1055 1644
337 944
1600 1362
449 656
1621 66
1056 262
194 1916
195 1491
1874 1204
1417 1635
865 708
381 1738
1383 1469
1037 980
1862 749
200 602
1027 592
1075 329
774 469
472 1230
1257 23
616 235
1860 1161
355 1511
636 1804
1484 1765
1885 587
1579 1815
720 283
201 1865
202 1787
204 238
209 1154
1432 1903
1109 1144
1787 1707
772 136
1474 1598
203 141
206 1042
887 356
562 794
752 968
1106 689
208 837
331 1880
1480 476
323 247
796 1289
758 1888
1032 358
1039 340
1250 342
1811 1515
287 1947
1795 791
1173 1
1453 163
1249 207
210 867
263 1908
622 1573
1049 793
1768 790
213 388
1021 1776
618 196
1215 11
1803 442
440 271
639 501
1338 1838
1145 1823
252 1869
1830 1433
1563 464
358 289
216 40
1494 1683
366 204
1071 929
619 1615
759 1942
1473 395
1410 1629
1229 1264
1638 631
1548 1176
219 270
489 1699
246 730
987 598
852 1451
579 1391
1865 1871
221 1103
1093 588
1731 566
1516 1188
223 1341
336 1613
384 777
235 390
1312 1370
224 1292
657 1417
1251 1308
225 1616
1673 74
1401 1872
226 625
1303 1585
405 611
1138 1749
229 1803
728 1246
1148 1886
1266 814
465 1250
511 264
851 191
1268 733
231 1148
917 429
1392 1325
1442 1704
494 1936
1244 417
1437 965
906 1283
1567 1909
230 1509
1319 419
1500 1895
716 1291
679 371
415 1757
1708 1920
1531 883
1514 308
1011 839
414 1364
1234 9
1418 1168
642 1423
1781 1201
1168 445
1321 1943
239 377
502 788
731 761
804 446
551 1182
1102 248
1658 287
1230 1271
1220 1521
1822 1761
347 1674
1289 459
1939 776
243 919
1372 444
244 573
245 636
776 1894
872 273
1797 1219
1325 1133
645 1843
1031 1052
1118 1366
1051 1442
1931 1771
1258 341
818 155
907 1829
1551 1237
981 1494
459 930
1617 910
1181 1008
1727 1737
912 1561
251 564
544 1018
329 833
488 133
1089 1241
461 1073
745 1569
1074 605
1928 612
1254 458
1750 1082
406 1605
1172 150
1301 918
257 107
557 1790
1919 52
258 623
1766 1285
259 1817
380 1723
707 475
260 124
578 1002
1912 36
1777 688
1582 300
1572 1814
1622 692
317 1401
498 1915
1191 355
1926 1742
264 813
684 562
586 241
1427 1900
1688 1036
265 353
1655 639
411 853
470 226
307 425
749 1784
922 1806
1137 1094
1227 740
266 1100
268 22
784 200
269 1877
531 1125
1167 1464
805 416
270 1343
1515 250
271 1449
1369 1675
1117 1646
701 553
1584 520
272 34
896 907
735 982
620 638
1934 568
686 597
505 1351
423 295
1295 1446
1700 1682
1498 1630
1879 1295
274 803
276 1422
1076 415
1228 1381
1152 1067
700 840
1836 795
1693 1336
1542 1382
1454 229
1352 780
1287 1708
1384 1396
1108 561
694 224
1431 6
373 957
828 298
280 1453
753 319
281 1153
1015 428
1711 971
1282 1697
986 306
1588 1807
283 1840
583 73
1564 1818
1914 1189
1041 223
1522 490
992 344
1142 1134
1792 253
1497 1637
286 1152
1748 1851
1728 441
1177 1620
1569 905
1532 1151
1202 19
675 591
327 35
289 479
361 904
833 1338
1405 315
484 1166
1675 144
681 849
1084 977
1245 511
800 1232
1615 1315
303 556
1545 880
538 1385
1552 1842
372 1520
1040 1676
1276 571
1927 834
296 589
937 677
1162 379
680 1713
1241 887
352 1352
437 1278
300 1185
1592 1732
1002 1785
310 1013
1710 576
1520 1678
493 1841
408 1793
837 1555
827 1471
1368 60
304 1681
1120 18
1149 1834
668 1562
448 792
1136 628
1128 1720
342 1772
764 579
1161 233
504 1904
1374 385
308 594
309 1474
550 773
1753 1055
1085 195
1164 1642
1370 189
539 1059
1143 633
312 63
1604 32
763 1293
1260 852
1457 78
428 750
634 1721
857 976
1755 123
1786 2
970 1599
1483 1641
1857 1727
631 140
1826 673
318 1431
721 497
669 779
894 1025
1036 531
1030 1890
674 173
1788 845
1889 1404
1340 966
1404 757
863 1399
322 434
1559 991
1000 1614
1447 1855
861 796
1678 1572
324 54
1806 1007
899 436
1231 1184
973 362
1169 275
1601 671
1651 1885
853 1260
1724 1711
888 706
673 1220
1409 981
783 162
1348 292
599 1726
340 1512
1387 1088
652 1258
1877 109
635 284
1328 1012
602 1686
365 828
334 430
801 964
1698 878
1226 393
1818 630
1843 1808
930 928
897 1760
998 666
573 1455
1123 452
490 1618
1741 1782
1823 83
1894 1700
1479 1097
1456 1436
1647 349
911 784
640 646
780 1113
1481 826
1367 1089
348 1361
349 1205
974 674
989 1416
1104 1657
678 778
1382 1386
1742 1046
765 1666
1174 346
1903 789
938 1918
351 1621
964 1919
1213 1254
1681 297
356 872
357 400
1047 1755
1364 1911
924 131
359 1253
951 941
746 1568
594 1326
610 1473
1339 370
513 411
1821 1172
1686 1582
699 1590
1834 861
1482 1542
968 723
383 167
367 267
641 1191
840 584
1429 1891
742 147
1863 691
1933 726
497 1212
471 145
985 1425
682 660
1511 1538
1313 1662
1192 619
1300 657
1611 1225
1019 548
726 258
806 39
1881 1236
561 409
644 398
1386 1030
1663 1735
1068 1216
378 1661
670 629
1699 1407
1513 203
1561 1884
552 1284
902 206
1526 1406
719 1862
388 1525
1356 874
1771 427
1907 178
1425 1866
1309 228
1683 644
1780 662
1504 916
1842 669
1793 1104
1079 1165
1081 679
391 1160
1004 175
1361 1836
920 1268
441 1194
396 455
1536 1447
398 1758
1846 1679
1086 1272
718 848
394 1850
420 1945
400 1816
401 1249
629 392
1566 1016
1057 1949
1046 866
402 282
1219 194
1375 800
715 153
457 1429
1825 1027
529 1709
407 158
478 263
560 1714
893 1378
1614 75
976 1269
412 835
416 1716
1883 128
1298 731
1901 890
1779 635
1010 963
421 1443
1471 529
733 1414
1444 819
1452 989
932 1626
1147 1878
1732 1651
430 249
431 1746
843 647
432 424
979 406
1204 1111
767 979
1628 192
747 994
1445 1132
1160 176
1612 860
1662 1312
1721 906
1100 510
1187 876
1644 122
848 96
571 1694
1719 798
447 1907
445 655
1377 1597
661 1279
1183 1529
1209 1229
703 1624
812 577
1909 997
1190 769
898 1121
648 616
1723 135
451 1801
1720 1788
1198 1022
453 345
1400 471
454 327
593 1530
730 948
988 240
456 156
832 1163
458 1680
1685 1199
1864 1766
1679 69
460 1649
1918 1532
507 1198
706 1883
1537 55
877 276
466 1899
1357 1421
1342 1138
1265 483
794 1844
770 1831
1819 1054
1288 1029
971 1553
978 499
823 925
1311 1108
1058 1261
1154 320
1428 1769
483 1898
1459 50
944 1504
1873 922
604 251
1331 970
1238 1243
754 1480
854 787
1350 1044
496 1118
1652 187
1398 1242
1101 57
984 489
522 1853
1916 946
1670 1330
499 1337
585 1158
1175 992
623 1248
506 742
1315 903
1332 1040
748 1069
637 1719
1064 1435
1737 985
1784 95
1613 540
1835 1186
1808 218
1733 1280
1153 245
1758 710
1870 293
1385 530
1832 1014
1528 450
916 17
523 322
1306 770
1508 771
663 1543
526 1131
527 93
1336 1388
1892 1061
972 1526
1062 321
530 112
1373 1745
864 225
1619 1038
535 183
1583 1763
1859 797
1503 1928
1439 811
1839 1021
1133 1517
542 1304
1239 613
1674 1346
1603 438
927 334
1922 1440
1329 1175
611 269
1610 1495
980 1409
1593 418
1395 99
1059 383
1904 1050
1510 513
1433 604
1598 755
1012 1811
1087 487
1222 711
558 914
626 752
559 934
1440 912
849 7
1430 232
1212 699
1550 950
598 1743
568 121
627 1541
969 1174
572 1478
671 1753
1525 676
612 332
778 593
1785 1210
580 1177
581 1149
871 534
582 465
1126 1665
1240 512
1166 1357
1906 1875
1201 1544
1448 1805
1518 49
591 1179
667 746
1207 1461
597 1796
867 174
1878 763
1414 1231
1090 1906
1924 1387
1844 1015
743 1905
1574 1606
1434 1497
958 525
614 836
1349 1768
617 1638
1585 56
825 877
789 1358
1631 1608
1524 1438
632 570
1635 1867
737 453
1650 658
1726 894
1897 603
918 335
1455 775
1063 1653
711 818
904 738
793 1124
655 1324
1704 213
1798 44
1263 1020
914 557
1664 1586
1790 120
1225 1167
1182 3
662 310
1530 1339
1775 661
1684 862
1765 1116
1255 387
1575 208
1304 596
1501 815
1558 1432
697 986
1091 559
1252 199
1485 1098
1013 1611
945 974
773 80
717 1924
925 1588
1196 1558
1293 1756
724 503
1072 110
1038 493
1054 244
1393 1233
1540 1251
1449 165
819 1353
1632 1688
1214 137
1609 743
934 1327
1890 702
1283 230
762 722
1751 1344
1605 1779
768 856
1568 709
1547 1126
1740 1286
1281 404
1738 620
1468 71
926 751
1850 1583
1028 825
910 1483
810 891
1669 899
1794 143
1043 87
826 760
1626 1560
829 585
1496 608
1261 184
1208 1559
1343 148
846 454
1464 1472
1211 1669
1103 408
856 1822
1648 926
868 841
1867 102
1913 1208
1666 405
882 1102
1539 1659
1661 401
1851 993
1127 1523
1565 1129
1210 325
1824 1948
1170 954
1042 1501
955 1775
1845 331
1729 544
1535 159
1643 1394
1446 1227
1403 1379
1003 1552
1905 863
1326 21
1206 1420
1018 975
1035 1081
1131 106
1718 1267
1861 1882
1113 683
1053 492
1754 1510
1571 1074
1749 1825
1577 336
1560 1408
1492 432
1578 1764
1549 1222
1290 1563
1523 1202
1232 1143
1344 668
1716 1313
