0 1358
1699 713
3 1514
5 849
1695 50
6 33
1692 1212
1691 63
1690 1106
178 430
1623 93
143 1056
407 160
392 627
1612 1373
209 388
80 357
785 1241
43 1272
874 992
1607 1152
1 1584
2 327
4 1455
1698 1374
1697 391
7 790
1694 1393
9 764
1693 710
11 1239
1566 1177
1665 1678
781 9
853 191
362 736
1140 871
1079 186
1696 650
12 687
78 970
331 751
1312 1128
439 1340
1487 1525
432 1230
536 1258
569 882
10 234
703 1176
1687 1651
1509 1687
233 259
134 1314
367 1516
1470 981
1269 1617
8 1192
433 1382
275 659
1213 323
1342 884
643 62
1274 835
56 1273
904 1053
1538 456
934 620
13 985
15 1162
106 619
839 1371
1619 408
54 771
1383 409
691 1640
1419 118
498 289
14 616
690 111
1554 1546
102 544
855 718
269 705
414 648
1559 939
70 1312
696 1021
16 1310
17 1566
502 1486
279 1581
420 901
552 880
837 422
1050 1386
779 722
18 252
369 1210
319 1367
1497 144
1364 1630
756 176
1516 362
519 271
617 803
1225 1122
1348 1068
153 1342
1197 505
1381 937
19 1063
893 442
305 251
1182 752
109 1444
1338 550
738 741
278 302
1095 1618
1340 1057
481 704
1472 1464
20 1224
825 519
1652 1529
22 1131
1474 1574
1085 625
1107 1046
1573 1409
111 48
125 1292
346 353
21 508
23 683
1499 1543
246 1564
256 772
164 97
861 1174
802 1446
24 449
1240 469
1302 1039
1498 1232
586 1425
771 1252
60 925
25 1167
709 1461
688 767
1007 43
783 128
1459 1000
505 1380
291 983
589 651
1217 554
1256 1430
997 604
923 242
75 1268
1653 390
218 1538
652 1568
788 291
1564 680
1157 936
685 977
1418 336
76 1274
26 146
27 1297
28 525
881 1218
698 732
1209 261
866 642
376 1165
472 1670
1576 133
355 294
29 1450
294 210
758 943
686 912
1102 697
474 585
752 1123
969 1081
286 32
689 1390
813 1098
1473 676
1196 1019
466 131
1485 527
30 795
31 714
927 953
354 109
253 355
69 392
1641 1149
507 487
625 1120
402 321
515 1265
32 1669
33 831
1295 828
1621 1015
739 1037
957 1484
438 21
1605 605
958 755
1162 1378
1628 407
110 775
693 476
1299 81
435 209
34 239
35 1018
1043 1234
557 1073
1051 300
1239 206
749 841
486 1403
906 1094
1284 1573
1351 1171
616 1246
1660 1107
36 838
293 877
1151 1188
801 157
735 297
350 119
518 962
37 466
38 1589
1575 147
241 1119
1622 597
1670 428
1533 214
232 594
271 1499
1158 1043
720 1284
521 167
650 46
651 58
1181 69
966 673
388 850
1046 192
39 679
40 768
949 245
149 265
1649 238
1286 629
42 196
121 1140
676 380
1293 416
378 382
1483 1175
1048 1545
132 700
252 344
419 547
1581 1396
894 112
671 580
520 254
1150 837
727 277
1395 598
638 798
284 314
41 639
44 923
827 1379
1309 115
1315 441
1477 197
762 1501
1406 1655
1185 1216
491 15
673 40
654 1641
1458 1255
384 1563
220 60
607 907
812 1321
46 709
852 1419
919 961
819 685
1574 666
700 66
907 1125
637 758
155 182
1333 904
45 1468
47 645
48 1080
1327 930
1409 1401
1546 188
936 693
641 76
49 10
682 976
1129 98
470 1391
1112 180
50 1145
188 1578
1465 400
268 1437
1408 1245
976 267
1038 1283
456 326
820 600
277 504
1629 530
51 1402
473 1012
743 173
971 549
455 108
697 6
571 1600
1221 799
427 920
52 628
955 1134
53 1095
457 1661
1521 1569
482 1096
765 89
1602 1493
972 602
1397 929
1294 1482
1201 114
737 778
1366 760
991 1523
1298 1627
55 1065
1044 548
1285 1025
385 1625
383 1385
1184 193
634 1571
860 84
1345 125
1443 1496
1532 1619
1291 843
669 264
1030 763
57 255
1399 1387
309 1338
621 951
929 1082
412 872
1035 443
58 782
1200 1634
195 126
503 1291
160 496
280 1023
1099 26
310 979
675 132
1688 434
1437 1147
59 1331
61 1031
107 1654
1206 328
1413 909
793 474
236 281
1127 1539
925 1150
916 745
892 1289
62 1521
247 819
216 656
529 1200
1272 694
1290 414
706 955
910 1223
231 1558
995 870
333 570
235 1522
1593 1685
1515 802
99 216
63 1077
64 1575
563 24
1635 1369
1416 1679
283 1186
768 599
413 1198
970 919
510 295
659 830
65 464
66 207
67 45
1108 292
1422 427
585 227
564 993
480 18
993 731
613 607
921 415
1372 988
1404 138
301 439
68 369
556 1594
1260 1034
704 1308
1123 1586
647 70
645 1559
1335 898
1451 172
71 1397
990 1459
238 1533
98 393
1615 1527
179 815
1528 1319
72 859
1454 660
371 1449
1251 386
901 960
221 284
1571 1645
351 1680
334 1423
1411 558
89 1350
566 1649
1625 256
204 1335
73 1062
74 1662
1510 140
887 1480
1076 421
497 432
655 1190
602 724
1555 222
672 1181
1169 1229
77 156
1466 94
1168 453
1636 1643
91 1007
375 1139
200 635
944 1381
1322 467
1414 573
79 826
996 1317
898 875
888 606
889 980
1136 1093
864 1168
523 589
460 225
911 1541
494 707
1429 669
609 994
1264 1101
408 1653
197 675
1560 1117
684 208
1138 1136
82 1452
83 1356
1388 640
459 781
545 1105
81 657
84 1537
1561 36
639 1005
157 1050
85 374
1389 784
381 14
127 237
485 1673
528 83
1433 587
941 824
201 154
1317 1605
349 370
522 1346
1059 1531
287 1030
1424 1417
1017 483
1042 905
905 91
1502 858
87 482
508 535
300 579
403 618
447 592
1094 1205
104 175
1041 1427
714 1254
843 1109
1462 730
1396 874
780 240
147 1263
1585 812
1426 1219
424 307
86 529
1061 468
1205 1260
373 1070
242 668
288 1300
90 1498
660 100
335 866
88 347
967 1404
452 1442
998 489
608 345
1392 1405
1280 163
198 1587
483 801
915 1667
1494 102
1390 560
92 1048
93 575
713 1512
699 1470
415 1275
1250 1155
1530 372
632 686
636 1453
626 235
897 934
94 699
95 1336
1045 823
1254 299
468 804
372 243
1232 501
96 832
97 1209
404 195
1306 563
347 404
177 915
1231 1351
352 260
857 1363
665 665
180 611
1113 338
259 1561
161 1103
799 1526
103 383
389 995
603 708
423 413
1271 269
1064 266
368 1318
1534 1060
100 811
1179 1071
1277 451
154 528
848 927
578 1325
1586 1033
517 310
1645 13
1578 577
285 444
448 1607
170 1169
1501 894
1066 825
1508 127
101 1534
1669 1518
896 1051
212 78
730 1368
856 213
222 11
642 1028
1616 105
1253 141
105 1565
210 1327
541 389
1380 73
430 1457
1343 120
1650 1090
731 1691
1084 1102
1163 1328
846 1075
1540 1189
1148 636
797 1475
136 61
1637 671
108 633
187 1215
1015 38
1337 658
1109 1341
992 343
1330 716
593 1178
1178 1092
1115 889
1518 1601
244 1547
1563 1305
442 339
464 262
842 888
112 232
980 1277
547 1591
858 990
796 1550
1441 30
113 1237
604 756
495 1598
374 500
1118 202
818 827
114 1420
1481 1487
824 749
282 1621
115 1259
555 924
1080 1085
1120 340
1678 670
1471 1551
1033 1226
116 1406
1075 792
816 1676
1212 1304
117 1086
1341 1133
1001 537
933 1064
1320 1646
118 1049
380 1333
1398 1074
772 982
1208 1347
1588 933
1207 948
119 754
120 231
539 1432
574 79
131 1469
790 384
506 848
565 440
1511 978
1620 938
1180 1384
1019 1532
1646 1458
240 701
321 1352
123 887
1263 601
1373 698
124 153
1278 1580
1627 773
148 103
152 303
122 1199
1448 1156
666 1556
873 1301
126 655
1446 1536
512 90
436 1650
1440 800
733 1298
1024 37
595 1593
909 1286
1083 1197
490 1413
128 913
359 1554
1475 514
1513 178
129 565
500 168
759 1553
130 1163
167 674
903 318
723 969
1032 1443
526 518
1082 298
876 201
968 462
298 893
1092 354
1305 1686
133 212
568 1503
1491 218
135 1524
1222 1264
938 494
1405 1024
1328 152
729 533
964 945
137 852
1552 545
807 273
1456 1572
138 1079
217 836
139 387
1249 1460
1544 1609
140 1506
549 113
398 217
208 1422
1488 381
1400 571
141 502
940 1510
605 1112
649 643
299 8
479 1311
1229 450
1135 1477
548 568
1235 833
912 148
832 572
1562 72
144 503
1098 1415
1517 1
142 834
145 896
1596 777
146 56
1579 1361
754 116
1203 727
325 1141
1644 515
1321 1182
499 1472
211 1642
1031 228
1478 1111
1464 574
1154 233
1081 1436
891 688
395 461
1218 331
150 1235
883 309
1237 1233
985 987
1236 358
845 1153
1682 47
151 876
1086 816
795 822
974 185
1273 1164
753 424
1357 1042
1331 1146
1153 729
1582 1577
677 1628
156 1604
1026 499
1013 622
469 412
484 746
681 734
1539 484
158 316
1490 1315
1122 181
1681 733
979 717
159 1426
948 335
1028 1135
342 507
542 914
817 765
1177 1221
917 715
623 561
977 1631
1514 490
1248 1183
869 1121
1096 776
1512 107
162 161
1161 145
928 1014
1432 1695
1047 4
1495 220
1685 1663
599 123
810 654
618 703
165 1483
1352 1492
431 1491
1067 1644
776 814
258 337
1087 1633
410 1271
1106 150
163 1694
166 728
255 405
1111 614
577 1203
1052 230
1175 198
168 881
327 1548
1141 288
1003 1365
443 1672
1191 1400
509 788
357 1184
1444 1454
532 1281
219 964
1002 974
169 1089
1577 677
630 1118
708 638
171 330
1543 367
1259 738
1617 883
267 941
954 27
560 20
370 588
1215 631
775 411
1664 1623
172 1511
173 1017
1283 1151
1058 403
757 75
615 59
1354 1009
1241 1104
174 1222
175 429
982 922
1014 332
707 543
1100 435
840 997
176 401
1407 1497
1146 1407
315 748
358 282
437 1684
1005 539
1355 797
635 1343
987 952
273 900
1594 95
576 51
1189 634
606 373
181 719
543 984
511 283
1642 1302
307 1474
1053 632
344 0
1482 359
463 886
182 1097
183 1196
1143 690
1431 174
1152 351
880 1636
871 809
1647 68
712 1408
185 308
1519 856
339 612
588 1688
798 1394
186 419
953 1632
942 279
1316 1418
1547 378
1545 1026
1139 691
184 478
189 1129
1324 1428
978 1173
1537 1154
1164 842
190 1490
1198 1269
440 205
890 696
1567 187
191 1348
260 917
1479 1316
716 349
192 1660
805 1001
227 996
1310 559
311 477
1347 394
449 1294
477 121
1587 712
1453 1528
734 463
292 1383
194 275
1557 916
193 375
196 88
782 854
814 124
744 868
264 143
199 557
877 885
1334 7
1057 1256
492 1389
1265 350
1376 506
1496 931
202 1557
1238 623
1060 334
203 839
1036 963
914 867
1246 1142
1507 460
476 1295
1455 591
1142 1344
1144 423
205 1639
1520 769
702 1560
732 1602
207 1132
937 77
1258 165
206 1488
1131 55
1535 1542
1583 1307
1006 158
243 1590
1550 1608
1654 1479
1450 902
908 1395
1365 1285
1610 1159
1188 511
544 895
761 1116
809 117
943 667
1233 542
303 610
213 495
1292 806
956 820
214 1683
628 253
627 1552
711 397
363 437
1244 1032
1332 1476
290 906
742 1148
1361 1287
1282 971
1296 1052
215 720
951 1610
417 899
478 855
1358 290
870 244
1325 1115
847 590
1600 517
1074 136
777 986
1055 446
223 1399
900 903
1270 786
1155 481
670 1583
1204 1434
224 1251
458 774
429 935
561 532
784 661
755 248
1679 818
226 1002
1667 911
405 958
297 280
863 1416
225 516
228 1187
1486 1465
1165 53
1344 2
229 853
683 1596
1247 860
230 41
540 29
1666 320
767 1433
1219 475
1603 1069
1056 304
234 1278
377 329
306 1692
421 757
323 1494
611 1055
237 166
886 1267
821 1040
692 1044
1378 689
501 1576
844 957
1387 672
546 1020
296 1616
973 821
705 918
289 1201
694 1585
239 333
1011 342
1438 1648
1423 348
302 968
1159 510
1569 556
538 1364
1029 766
245 402
426 137
687 582
262 226
962 44
1568 794
248 845
1427 1137
1401 509
249 1029
504 1489
1500 1375
409 940
1068 576
1034 975
250 1211
1425 1158
1210 1606
251 1664
340 71
1460 1059
1680 817
679 42
1319 1332
1591 759
1287 87
680 740
1476 524
254 278
295 910
257 989
717 28
1371 425
471 793
261 1130
1021 552
1303 695
1194 1567
1379 637
981 1388
1367 379
1183 783
1556 306
270 219
513 1638
326 1372
263 365
736 711
265 1595
266 1507
872 702
965 35
815 194
1598 317
644 1320
276 1108
1393 376
1386 862
1170 377
1480 1429
1267 1665
718 1078
465 1656
445 1696
272 1698
1677 1693
1307 31
826 465
274 1478
674 1611
1676 1349
1257 472
1370 1579
356 678
1346 949
1549 22
1410 1227
393 1588
1227 1185
1091 139
1614 541
366 846
1421 1659
281 617
695 417
1025 52
446 1448
715 169
1428 1515
1147 1127
787 609
740 761
1420 562
1611 1303
422 1170
1626 1337
575 1191
1281 486
1070 1620
1489 644
1434 1471
322 159
390 725
525 789
1262 1675
710 1172
1336 1398
1503 1652
1657 1441
769 646
1008 104
533 873
1368 1231
313 581
1435 1036
918 479
1126 199
1672 1424
318 1280
1174 1544
487 770
591 313
1226 1206
304 1004
461 1674
1104 274
770 17
1216 1047
341 286
1009 312
899 534
1275 1088
1417 1067
308 1195
746 1144
1172 1614
1069 356
1130 1622
1597 263
1430 1353
868 106
411 398
1663 1357
531 555
598 721
1323 878
751 1247
312 1248
314 1262
1402 1410
1613 787
1349 526
365 1323
316 57
317 840
764 1330
1553 1626
320 385
932 1519
1449 1013
382 684
324 959
1110 753
1590 361
1643 177
614 1038
952 1329
619 229
1529 546
653 596
328 1061
959 366
1054 735
1609 1682
329 744
330 1463
1359 1299
1105 447
567 364
865 747
332 810
624 363
1608 85
1493 301
336 1244
1308 1354
867 1535
337 1313
338 101
1132 1179
1252 1612
1266 652
1103 603
1506 1447
343 492
570 250
1114 1288
1391 480
1570 531
1089 426
348 892
345 897
1463 879
945 406
441 74
833 950
353 1072
1651 1697
1353 1530
364 223
747 991
1624 346
428 1699
534 762
454 203
360 1520
361 1266
1640 928
830 1006
425 92
1255 457
947 1270
1010 869
1631 431
1659 1322
1656 268
550 134
562 807
1684 257
1461 1003
1363 1466
631 723
1526 662
994 1467
1592 1502
850 25
1580 82
1023 1161
379 1549
829 436
913 890
1199 944
663 1508
1288 371
416 1240
1329 844
1078 249
786 293
386 1440
387 626
926 578
553 630
1012 211
1018 584
467 241
580 805
391 452
1484 540
583 1035
1121 1324
394 1629
792 473
396 1306
1039 908
397 1517
1318 96
1689 396
664 122
399 438
400 624
401 1157
1186 246
823 410
453 64
1116 110
1124 1143
1022 1421
406 1451
462 459
1523 567
745 972
854 1597
960 942
794 1083
939 1438
418 493
1063 1599
803 1473
1097 1439
1551 236
1027 1637
1457 1220
724 726
789 1613
640 1279
822 1180
1630 1456
551 1334
835 49
1020 1657
434 272
950 926
836 170
841 215
1403 593
1531 184
722 965
648 1253
444 967
629 155
1133 1603
804 470
450 1087
1565 1113
1220 1582
1442 1647
451 653
1683 65
1375 315
514 1570
1125 1208
988 966
1276 368
984 613
1149 1249
646 520
559 247
760 513
879 921
1668 285
975 1243
859 258
1245 1615
1447 420
600 664
1655 998
1301 183
1073 1326
668 864
475 796
620 204
1145 954
1243 780
1214 1084
657 973
1289 1412
1658 86
1202 857
1192 1485
554 1370
488 512
773 458
1639 785
656 750
1360 497
963 608
489 1411
493 551
831 1166
1350 1435
1167 129
1065 418
496 135
592 23
1452 1360
1638 448
1072 1202
1362 179
725 847
1311 1041
1160 1671
1601 851
1527 742
1385 1193
1166 445
1137 1690
983 498
530 488
1071 433
748 1355
516 1513
1062 162
1382 1668
1117 1635
1675 1592
1313 1076
895 1414
524 808
527 1359
1268 947
930 706
658 538
535 16
728 189
573 142
885 682
537 130
1223 641
766 1213
1156 1214
834 171
1016 891
601 1431
849 663
741 1022
1040 1027
1599 932
1230 1228
1049 491
558 1054
1128 1293
1234 536
1394 1204
778 1666
612 1366
1195 80
999 200
587 1562
961 813
572 791
924 1681
1374 583
579 649
610 287
581 564
1662 861
1242 276
582 1495
1492 221
584 1376
590 224
1119 149
594 39
851 1091
597 311
806 595
596 1126
931 5
1524 1624
1504 1658
1541 566
1436 1540
1173 164
1077 1282
750 1138
622 455
1572 956
1176 324
1037 1058
633 1509
1101 1160
986 1276
946 485
726 1110
862 67
1000 522
922 1481
1412 454
1439 270
884 1462
1314 296
661 1100
662 737
667 322
1589 521
1193 1099
678 1207
1558 1500
1548 1345
1661 1445
1469 1504
1525 1505
721 1217
701 1290
1536 190
989 341
1384 1555
719 586
1606 553
1356 325
1224 1124
1190 1236
1618 1392
1674 395
1467 1377
1369 1250
1279 1309
1261 399
935 681
763 1261
774 739
1300 360
1505 1194
1297 621
791 319
1088 1011
1673 471
1090 523
800 999
1648 1045
920 1339
1632 12
808 743
811 3
1468 647
1304 1296
828 1677
838 352
1686 99
1542 1008
1134 151
875 1114
1228 1689
878 19
882 34
902 615
1187 1016
1326 54
1584 569
1093 1066
1004 305
1634 779
1211 1257
1671 1242
1522 692
1377 1225
1595 946
1171 1238
1415 863
1339 865
1633 829
1445 1010
1604 1362
