0 1390
1849 761
1848 771
3 934
4 13
8 817
1842 1329
1841 1845
10 779
1840 71
12 1214
1838 1694
13 1216
1837 1651
14 1722
968 187
1364 827
898 865
1619 986
76 1325
1574 604
1116 1560
820 1554
1 607
5 1374
1847 1134
6 636
1846 186
1845 242
1844 133
1839 691
15 782
16 727
1836 442
1589 917
921 1233
201 1429
253 883
1002 1647
589 1721
2 719
11 1764
1843 641
1717 227
208 1431
1205 75
513 1784
658 1096
1525 1720
1526 1334
9 732
17 644
1321 742
1270 452
765 1100
260 544
809 198
7 1481
19 1441
1098 588
858 1775
24 1023
975 1473
1104 1259
379 73
142 962
1772 608
539 1702
335 778
1736 1713
408 421
1634 659
103 447
1559 1798
53 1314
971 1472
18 1246
872 1772
1522 1535
1550 148
532 483
1641 200
1351 1084
291 1421
939 386
646 963
1271 696
20 1235
21 1538
1699 313
1068 1613
483 564
1633 1664
322 89
22 1337
384 1682
51 1332
1612 1584
1644 1706
870 432
1435 1239
23 687
374 1034
899 123
1706 486
472 1249
594 353
1021 107
824 1701
944 364
1147 1507
246 829
1293 101
1833 1254
25 1568
893 1575
479 1603
811 1739
45 884
345 656
26 1060
1185 1738
849 1548
1088 1464
27 1223
1495 1686
127 1810
612 1104
1076 1427
451 1747
1502 98
1249 383
102 339
1636 183
1649 393
58 680
255 164
1411 1768
28 927
1499 617
1579 685
942 1268
1810 987
299 1755
173 1637
748 807
1103 701
903 434
523 543
30 1085
468 1581
637 693
1727 1578
270 160
1123 961
1712 892
31 853
979 793
1018 854
725 215
1326 336
1209 348
407 1585
848 777
1055 758
29 1719
32 216
151 1777
211 1469
1661 9
43 444
705 510
1394 571
960 863
1492 911
294 347
969 896
1043 368
1679 1675
34 545
1024 1287
61 1712
1584 1511
163 1253
33 433
1236 845
695 1201
78 899
180 1148
1768 925
149 1051
609 264
1715 1678
305 143
1019 1604
1072 903
1543 627
715 734
35 377
36 191
37 893
624 947
1229 271
931 400
341 1188
38 982
1647 274
1168 984
362 745
1246 1669
67 81
878 862
897 1843
1830 1044
325 26
461 1444
1610 15
1263 1490
1334 220
876 1816
1803 204
494 684
1244 151
645 569
39 263
933 1530
1148 1048
622 1622
1709 1615
571 921
1261 1300
905 1776
41 1605
210 976
1102 24
148 652
633 1049
519 252
284 932
531 1591
1439 1114
784 1141
1639 117
111 614
1212 277
1625 1106
321 154
376 554
1166 33
767 1808
1357 852
40 837
1454 1748
1258 847
302 1815
500 1308
917 451
1129 257
1038 1462
1624 765
1568 1405
183 615
42 1144
44 464
1828 1316
490 597
336 1031
1587 501
1015 661
1033 1653
1114 902
1458 1619
814 879
1748 49
1331 703
1670 1496
1747 31
347 1298
1544 1570
1757 471
47 1595
110 664
1418 1140
861 1440
296 860
46 954
129 67
1474 1454
138 881
1742 509
507 1129
1111 131
548 1356
96 689
48 920
949 850
1478 54
827 1693
487 358
1521 1371
439 168
641 1744
1592 1453
1724 1638
727 312
1161 1428
1268 1680
370 1837
49 1029
1371 1666
1755 1289
431 774
1224 1790
1174 738
312 1649
1745 530
1014 1225
52 165
862 1391
75 968
1106 378
1448 414
502 1804
857 1028
213 716
1819 1502
1306 1544
50 1266
545 525
1700 767
791 1007
866 1438
497 1543
1338 235
1050 440
623 176
761 1173
1283 561
511 747
1557 255
1363 210
801 169
834 1423
1490 1542
1237 1069
55 931
189 769
1152 1003
1576 723
1590 375
1090 1797
54 813
56 118
474 1296
1119 338
1285 1735
1637 1014
375 1667
57 201
1073 1663
1045 753
1617 672
234 167
577 757
1243 880
1118 923
214 436
1451 1673
509 1466
326 0
906 86
690 559
1407 578
749 328
169 1063
307 787
59 90
833 144
141 1650
69 22
60 485
837 773
652 1011
430 1123
1613 171
1718 822
1107 1209
1006 1226
1084 50
1729 1354
132 697
66 648
1732 1670
63 537
1007 660
123 506
1778 948
247 1736
1498 542
1004 44
193 341
62 842
64 740
133 497
385 1058
1052 1093
881 1460
1366 523
951 620
512 443
1423 468
124 1553
1180 18
1286 1401
1430 1730
1280 1661
481 152
248 1042
560 1769
1618 1236
239 351
1663 142
65 1206
250 676
1708 985
331 717
135 565
1332 1271
503 646
1329 1379
794 489
1719 259
68 32
1203 720
1304 494
1728 705
919 1766
1078 1525
310 1681
1691 1078
71 456
619 1612
663 478
1339 958
908 249
785 610
1791 960
72 1083
106 1392
720 1091
1784 194
1789 1503
464 372
70 945
1142 671
1564 1050
1437 1412
324 989
1681 700
1572 531
795 1319
218 913
1349 1147
215 172
301 126
516 737
1816 1133
1382 639
73 1555
889 1432
1232 8
1398 1203
1605 316
1305 967
74 541
241 576
1295 515
1566 345
77 1794
449 650
1348 601
1178 453
631 635
1266 192
1781 1717
1419 94
823 683
79 1256
459 324
1031 1806
1442 709
1672 488
1609 557
965 493
388 1143
498 1628
726 1580
1476 1386
610 295
557 1159
549 1394
710 971
287 1765
80 1377
924 102
275 1176
877 103
1158 1089
585 426
280 1342
1359 536
1153 412
81 237
83 655
568 1718
272 1012
84 479
1126 1281
130 1793
1193 868
395 1053
371 1484
89 522
1539 901
316 527
934 1395
105 182
1352 1645
1154 1527
1005 909
480 1569
82 180
85 1378
86 1418
1036 74
984 1346
941 405
415 1175
1241 370
900 1269
838 1743
1264 1367
783 939
1738 1576
473 1020
337 1146
1048 409
1777 1301
262 942
1207 951
1140 1153
1783 321
1760 970
1722 1001
896 307
88 342
90 1067
1030 1222
1472 1255
1832 991
1773 189
1583 1064
1210 590
1756 1592
850 1475
1585 819
696 1135
1113 147
613 1644
976 404
87 1749
92 815
1097 1190
178 1541
282 1357
1120 401
153 1813
1274 222
1413 407
93 1513
729 1657
698 157
1034 129
411 121
1194 912
1354 474
91 983
236 1013
1668 93
119 28
588 70
1483 1457
1057 1205
1046 1302
94 625
95 181
1785 1038
668 424
436 1388
712 1608
1298 398
1485 1727
660 236
460 762
1010 1774
447 1071
1074 155
391 979
846 371
1506 1703
462 1062
1083 1646
491 848
627 1732
945 1529
1346 1138
1831 287
190 1677
233 109
665 1827
547 1836
1422 1733
904 1545
97 319
98 396
1150 712
1510 1315
1254 519
99 369
713 570
525 384
100 855
1277 800
782 645
1494 1522
1455 1818
804 1468
101 1126
596 392
288 997
529 1577
1071 1610
1689 63
1782 289
165 668
884 796
677 59
1053 320
806 1443
1307 363
363 1672
1678 1788
268 56
486 760
987 1056
414 303
1026 1805
1733 535
435 1187
552 1807
1079 450
104 1835
1621 1707
476 677
750 356
1292 76
160 1194
1749 1132
144 1671
1383 1724
1356 1365
366 612
1695 512
416 1022
1187 106
1297 1369
1429 754
1445 1145
109 330
401 1817
126 748
910 251
1141 278
1707 1679
1582 1192
528 1082
380 1172
108 908
1343 1791
732 1410
1181 1095
393 254
1312 864
1586 1396
1688 1413
1658 1786
1443 1439
245 283
1694 1641
1737 1277
168 871
107 1331
1431 743
1710 247
1571 260
772 38
114 1824
115 244
879 695
816 1486
1698 248
488 1312
575 539
112 91
116 179
691 1415
1358 1787
1669 1551
1655 1317
1341 558
113 1125
117 417
1462 349
1322 1043
1157 1107
118 528
377 950
818 250
1501 460
1518 729
1231 1102
470 692
757 1336
954 462
958 891
815 981
563 1539
625 366
854 1347
276 1573
874 1451
962 1280
873 1546
1310 503
1523 291
1436 1796
1739 764
120 229
278 1054
328 882
1648 551
1110 1373
1795 1582
155 1725
505 82
1267 37
701 1758
1512 1260
565 66
121 335
314 238
1367 1220
1820 763
988 1574
970 114
1602 823
792 1757
1743 27
122 1005
1400 97
974 1601
1505 756
544 1709
566 2
916 1404
991 1397
1603 1115
1428 1839
176 1117
1162 602
1273 579
808 841
334 1197
714 52
925 190
259 1295
1620 1623
762 1353
230 799
125 1841
1826 78
875 678
842 403
1834 326
1497 1483
128 1493
1340 1778
396 47
1432 621
856 831
131 789
603 1625
1094 679
1578 428
441 514
369 423
786 736
716 1208
1716 1571
1208 159
990 116
184 710
1487 844
409 1461
1735 1299
1217 1136
378 1360
561 1821
290 549
219 40
514 1688
134 1510
1758 184
1540 419
1788 1437
217 859
556 35
734 308
617 374
629 1326
137 805
485 946
437 1742
1223 1705
615 208
997 1261
518 897
1517 811
752 1215
136 1076
1766 1199
179 741
1233 1536
140 1698
1025 1087
1137 995
1520 48
403 647
1214 1697
972 1450
865 1170
425 583
1333 1801
1545 1422
172 1467
1186 584
143 1174
1570 714
399 1606
776 332
277 642
1664 1684
458 575
583 1632
937 196
1475 1690
1160 1430
1767 1596
1666 1476
352 1802
145 439
650 99
446 1200
836 1164
139 1330
147 999
649 749
170 1521
1132 1250
989 611
240 1635
952 449
1671 600
1511 969
146 824
150 797
1812 445
358 1831
1753 1771
1656 670
747 1278
152 574
202 1072
829 631
768 438
465 613
463 306
699 1026
932 562
484 234
454 1212
1424 560
1569 1587
154 944
333 1004
422 20
1365 217
1369 265
744 413
1806 532
779 1252
456 1840
157 1501
540 890
419 1403
582 552
156 1272
1705 1039
831 149
467 1407
1626 752
1447 111
956 538
158 1036
953 885
1353 1160
1066 1293
1188 422
159 624
1299 928
998 1782
1509 1041
1508 309
1595 1055
901 686
600 1359
1179 1158
220 649
1577 505
655 1310
780 1508
161 1752
162 1652
688 1161
1440 395
1028 1335
1131 1128
413 739
1538 1389
819 253
751 508
285 1792
164 1402
693 317
771 346
728 1343
578 1834
267 919
683 418
166 733
167 158
1255 1154
743 1237
579 1068
1714 1262
1058 77
1615 1306
303 975
1787 7
766 1488
1397 1627
1117 548
1701 1162
171 1169
232 873
349 1086
392 1349
681 1006
258 492
1417 1116
558 1247
787 1640
1192 1689
1629 465
630 231
433 379
174 410
1731 772
238 861
1704 1659
320 362
1427 998
996 1611
443 25
1673 849
1133 1211
1493 344
340 722
457 1189
1799 1157
1315 1321
754 798
722 637
1165 895
1682 11
196 1487
175 69
667 682
684 1368
1744 640
177 674
317 1745
793 566
355 115
740 466
1821 1533
830 145
639 910
501 1583
181 783
182 591
674 1620
1623 389
389 876
915 1446
1593 629
1657 1754
1421 1156
1807 1425
1222 1825
1245 1111
527 826
533 1773
1632 87
657 990
682 209
1276 55
1308 1414
580 1387
661 1124
1284 1597
1751 4
1690 1731
1265 1
185 563
187 487
543 1384
228 1526
789 1131
611 586
264 1273
1532 746
442 547
1823 136
188 1846
890 294
429 1035
1554 1704
1659 1113
1093 1361
332 1094
1465 261
360 972
496 606
1546 46
1640 1122
871 1088
1269 1780
367 12
191 1518
643 1264
1567 262
186 1761
1105 334
1095 1654
530 930
1253 1130
1628 517
591 1435
1702 476
1108 245
194 304
1347 232
348 1322
1409 95
1416 511
618 1017
851 135
469 173
195 1196
1091 314
673 429
1323 1550
828 889
192 1442
197 866
569 1284
1360 959
564 1238
940 359
1171 43
1092 814
198 399
1414 940
448 223
199 213
1226 373
888 809
1200 555
200 1021
281 941
1279 633
203 1099
1684 926
1099 1033
313 630
1486 218
1809 53
205 1098
946 385
967 1609
1813 92
1528 1426
1776 276
204 1759
1282 1838
758 1814
1725 622
546 704
1814 724
1762 6
982 725
206 1352
207 1639
478 818
1176 605
702 1593
1461 1092
1611 170
1385 1232
1320 1634
1069 966
209 1491
1775 300
1796 275
1391 878
1350 524
1184 1567
300 993
1156 665
869 1463
212 1534
1032 957
1642 83
1008 1119
257 343
1470 79
406 768
1464 603
1482 577
943 1282
427 977
1536 286
1601 937
1125 327
1016 1514
1516 177
817 936
279 390
1374 296
597 266
769 1118
1713 843
868 766
1530 1251
1764 839
224 816
1064 1598
835 836
1771 1723
635 1181
1441 595
221 623
1027 1372
1228 1229
778 125
242 1204
1138 267
216 974
222 323
852 41
1089 1621
410 550
604 801
777 744
1012 1470
1638 302
1127 643
1272 929
223 1351
225 469
892 1445
227 1297
1345 1242
226 100
339 1809
229 329
963 406
1606 750
231 1549
1381 1075
1811 141
1335 122
1288 587
1824 1185
1686 360
1238 1616
1242 516
1080 1248
1379 592
1654 1167
1449 467
1009 1456
918 1221
235 1586
1631 1447
283 877
237 1263
880 918
1558 1729
526 331
731 662
1291 1500
1496 1700
1392 1590
1770 820
1051 1589
1377 134
886 906
628 1027
1230 1474
1651 163
243 477
1355 85
1438 1182
244 397
1711 427
1327 499
1547 1228
593 874
438 1741
555 212
574 1842
551 161
522 698
796 448
739 333
1393 1750
721 711
882 803
249 1243
807 1715
1588 61
1368 325
342 1419
400 567
251 806
252 1350
1275 1687
1460 57
1042 1832
1459 481
1653 446
1143 914
983 922
1311 916
843 794
387 72
679 23
1675 1452
256 1168
1607 230
1662 1240
504 205
1144 138
1206 1614
1221 1025
450 1149
1473 156
261 1516
1023 1303
1780 1561
800 441
254 1714
554 1202
825 1213
1425 775
263 1258
590 755
1330 1179
1199 1564
632 1241
265 139
1225 1015
266 851
616 1602
550 337
602 297
323 907
390 1562
1683 45
775 293
269 1286
304 708
826 1492
1765 1480
1468 193
1081 821
271 322
1121 420
308 667
273 431
1503 130
274 802
1124 270
1524 1320
1313 1626
1060 495
318 1339
1519 894
444 1409
1575 706
1805 228
864 188
902 933
1196 915
1779 1344
1303 112
1646 1728
1318 34
1259 638
329 1385
1797 585
653 16
1300 382
1324 365
1070 1002
1395 5
1376 1844
286 36
664 1558
1761 437
883 1139
1786 1121
351 1746
1213 1024
1247 1540
541 1662
1257 1504
289 1828
802 127
737 867
1220 1341
292 949
648 1497
599 268
1551 1079
1693 654
1011 472
420 197
293 721
295 1152
1075 1436
418 956
373 1618
1542 64
985 280
297 1105
298 1313
891 1600
1139 1345
1643 1631
730 1383
1801 582
1387 905
356 1231
1597 1449
1616 1710
1599 352
781 1420
680 707
1535 273
1281 1515
368 1191
1835 1358
309 1495
567 108
957 832
977 1783
1752 120
1404 391
718 1234
614 185
1687 1716
659 533
1361 838
1109 632
1039 1274
306 1340
534 311
813 256
995 1498
499 1406
895 1040
993 1770
1660 350
311 1699
553 1753
1370 609
841 978
929 955
489 1380
738 699
1533 1665
1328 1433
598 1532
1191 1327
1059 1230
821 1166
1674 1288
1159 354
1650 1660
1759 408
1726 856
315 1333
759 1737
773 1537
790 1375
735 1762
978 240
1793 1459
319 1355
482 1393
666 1505
1580 735
1067 269
1825 833
1000 285
685 1695
417 1588
477 214
432 174
938 776
1513 568
576 1177
428 425
327 694
788 1074
1189 1338
592 1565
1155 546
330 1032
1562 810
822 1756
1294 1547
1013 784
1260 1137
1741 1245
1122 1676
1450 1059
742 1244
1316 1207
1818 1218
1481 1195
930 202
1790 1416
1514 105
338 785
1703 618
692 688
1044 1465
746 1061
1082 529
343 1150
1604 14
694 29
515 233
344 1219
346 1734
1479 1328
572 1276
1389 221
1769 381
608 1691
350 1683
1622 279
402 1052
1667 1046
894 790
1676 840
1652 1112
912 1566
1169 1630
1100 1763
353 1847
354 119
1218 199
1195 1617
686 1636
1173 1849
357 96
948 1265
1463 1823
573 1257
1183 1812
359 496
1480 411
361 1090
1378 888
364 952
741 463
675 498
365 791
911 1270
1600 1826
1581 1127
1065 540
1553 1155
1336 459
1412 1400
1198 1552
1556 1362
372 572
1062 1047
1077 1685
1344 1000
1515 473
521 30
797 84
1085 150
845 243
1627 1110
506 175
670 388
700 288
381 301
672 299
1565 869
382 224
587 284
719 1795
1792 1057
1630 713
755 953
973 137
724 1163
386 376
1170 355
383 178
423 206
1029 430
1172 1799
926 1283
647 1557
1399 1010
1591 367
1204 290
764 1485
394 1674
1415 1523
536 461
1746 1198
774 1376
397 992
1130 211
1001 1411
620 1424
398 65
839 1803
1466 258
961 593
1112 1142
885 1193
669 1324
405 1285
1815 616
1467 996
1614 1512
426 943
404 1563
1175 1489
1444 1019
412 935
455 62
803 1292
1808 1151
1426 1740
1390 1081
1827 1829
466 470
471 875
1563 657
421 502
1396 1399
424 1311
756 731
994 553
508 804
1134 828
909 416
1645 340
445 1080
950 1307
763 1097
434 1224
1115 702
1317 1819
1262 454
1197 491
1227 1186
452 1629
844 1779
1372 68
805 1065
1561 728
440 599
1022 1655
913 1624
1573 1556
1549 904
1017 619
1146 128
832 110
453 1366
1750 1811
840 663
1804 1494
1202 626
1215 484
1471 1572
1734 1633
1555 315
1296 282
542 681
1507 980
1145 80
1182 380
1216 241
855 973
1319 1509
626 1030
1278 435
475 1008
1697 770
520 1210
1037 1506
1239 715
671 628
981 1648
1548 203
1534 898
1560 964
1677 1178
966 1120
1410 1398
1177 1294
492 1692
606 1607
1635 988
887 938
493 808
1309 58
654 675
495 1455
733 1183
1446 795
1420 1171
1488 1760
1035 581
1491 1477
1388 195
510 1696
1692 526
1149 10
703 872
923 361
1373 19
517 166
662 1820
601 146
922 402
1529 1708
524 718
1061 1348
1251 726
1763 1037
907 1531
711 653
1598 1599
709 1180
859 1016
760 21
1287 457
535 1309
651 219
704 857
537 792
1020 1448
1452 858
955 357
538 1066
1500 518
1384 1417
1685 534
1552 666
853 788
1489 1524
1128 1800
584 1478
1201 1318
636 1458
644 513
736 281
689 207
959 1045
559 887
1665 1364
562 965
1136 1217
1730 305
1086 1822
1401 475
570 1767
1337 598
1041 786
1723 900
1234 310
1457 1579
581 1009
1240 1656
586 1382
1594 580
723 1279
1405 490
1096 42
1477 1711
745 830
595 1267
810 504
605 3
1219 298
992 573
1541 1471
607 1305
798 104
1164 1499
1056 673
964 272
1754 834
640 1108
1049 318
812 780
621 17
1003 521
1774 1479
706 480
634 1519
638 1304
1325 415
642 1658
770 1643
935 1381
1135 88
656 1642
1456 751
1362 1073
1608 1275
1721 500
1696 132
1504 113
1190 835
676 690
1527 1408
678 994
687 1101
1537 1018
1250 124
697 1165
1301 825
999 1781
1235 1103
1163 1594
708 1370
1720 556
707 482
717 140
920 153
1040 1517
1047 1434
1063 651
753 1668
1829 507
1252 759
1167 458
1802 520
1248 1830
1403 730
1101 226
1342 60
1822 870
1380 1482
1211 225
799 924
1433 669
914 1785
1289 1290
1680 589
1531 1363
1054 1848
847 1789
927 1323
1302 1291
1817 846
928 239
860 387
863 1520
867 292
1800 1726
1375 246
1314 39
936 162
947 394
980 1559
986 658
1256 596
1406 1833
1453 51
1386 812
1798 886
1087 455
1794 1184
1434 594
1151 1227
1596 1751
1740 634
1484 1528
1290 1070
1402 1109
1408 781
1469 1077
