01 67
4_5_28_38_46 66
11 33
16_25_49 78
31 8_44
7_32 82
29_36_52_63 74
37 2_12_19
47 85
62 64
3_6_14_18 34
22_39_58 21_26_51_60
24 22_39_58
33 01
35 7_32
71 3_6_14_18
77 23_69_73
84 47
85 24
87 54
50 30
53 53
61 4_5_28_38_46
64 29_36_52_63
68_86 18
75 42
82 15_57
8_44 37
9_45_55_59 80
20 20
21_26_51_60 68_86
34 71
40 91
56 90
65 50
90 72_81
10_27 16_25_49
2_12_19 31
41 77
18 88
42 10_27
66 35
13_43 76
23_69_73 75
88 70_79_83
89 17
15_57 62
17 40
30 56
54 61
67 13_43
76 87
78 84
80 41
91 65
74 9_45_55_59
72_81 11
70_79_83 89
