0 191
2 1650
1698 1490
3 1383
4 517
1696 715
1695 364
6 225
1694 1224
7 967
8 700
1692 435
9 991
1691 734
10 210
1690 686
11 891
12 673
178 995
1509 1612
404 1087
78 947
779 1644
865 216
1598 1461
372 366
1 368
5 1189
1697 1674
1693 672
1565 650
1661 725
778 1586
1274 1697
134 1255
1139 227
1470 1047
1152 168
750 906
176 1296
13 1529
14 285
329 1360
1308 923
1554 1467
1607 484
56 1434
1472 920
424 850
528 1314
561 1287
1699 561
279 1390
1149 864
420 500
269 1436
230 152
365 823
498 582
1487 660
693 1373
1578 741
743 1044
317 941
15 755
16 1239
433 907
271 922
1209 1329
1338 739
639 1219
837 1055
1050 1411
1609 813
70 1684
898 591
925 1175
1204 1006
17 110
106 21
50 1454
1380 290
1364 1229
687 1131
756 1464
519 1479
1418 329
175 1155
1184 1241
1680 1661
690 199
479 416
98 1290
851 166
109 354
410 1243
1556 1242
153 1148
1197 627
1647 226
1427 512
18 729
319 1536
500 1139
548 427
1340 343
738 135
773 1505
1171 1578
19 1459
369 1634
305 1497
1085 97
1493 1160
1652 75
1513 1046
613 770
1220 482
1343 1550
481 1321
923 1027
1372 255
542 126
893 861
1178 548
1573 596
76 184
1023 145
1073 507
695 684
20 124
21 1315
22 586
278 1309
1095 1377
346 877
1040 702
825 1564
688 844
1498 1561
331 1190
753 1144
246 546
997 1092
783 326
1104 381
123 1332
813 289
1421 694
912 1281
24 747
1499 1238
1320 178
253 442
857 774
1459 93
505 1093
796 1039
1218 402
1576 1235
23 1260
25 79
26 1542
1236 680
866 433
1299 1367
583 505
1564 1358
767 45
515 217
529 287
1456 317
589 359
706 840
1003 1669
472 129
355 543
1157 221
685 92
1098 1049
27 388
28 115
291 286
1653 677
286 1494
1252 795
758 455
266 670
43 195
75 501
214 1147
927 1351
1222 197
689 1643
648 720
89 780
785 1668
1102 1369
1410 1516
1074 250
616 254
439 1513
29 291
30 1691
881 631
698 315
507 170
1687 731
1473 177
1351 1642
715 421
683 1615
746 468
964 759
350 932
992 1095
1548 1689
32 224
739 205
495 9
1188 892
1476 273
1350 566
33 1690
557 569
1051 318
1605 551
1162 910
67 1510
650 183
436 400
621 1353
31 853
34 20
1641 1362
110 946
399 695
35 735
1620 313
710 716
1284 990
486 264
954 445
1649 721
241 785
1622 711
801 1466
821 1632
955 926
388 1638
1625 953
691 523
427 1040
1205 1605
49 34
791 462
906 1150
1039 1201
1670 30
745 1560
686 1430
684 1283
559 847
36 1341
37 822
38 1664
208 107
293 1525
651 1407
768 1470
720 541
232 1349
607 1091
1651 1211
1540 1088
1269 727
1148 164
966 1415
416 996
732 1677
521 1604
1185 220
510 109
1629 1443
714 640
39 167
1575 1195
1000 1442
1530 25
268 339
812 233
465 1207
1037 463
40 444
41 829
1154 485
894 1338
1560 36
676 881
1293 1572
1333 409
42 1421
949 638
671 1531
1150 24
378 925
1048 1081
121 515
145 1196
727 1021
638 644
1277 1252
1016 708
44 16
654 1633
1406 276
1315 601
1482 1072
124 879
1454 1394
45 1476
827 1456
251 424
417 1327
1577 235
819 1431
1458 104
517 394
1394 1480
281 1539
46 951
1477 464
1327 1234
1306 1168
907 1631
384 924
1443 956
257 788
1067 939
1344 361
47 880
637 131
48 713
670 1696
1107 311
218 1483
845 1535
223 383
919 1304
473 481
1408 806
1571 1580
976 1455
697 1124
1038 422
740 704
807 874
1601 776
936 158
1543 1075
820 1676
352 1614
632 897
1268 412
51 240
1465 1249
678 921
1126 1020
466 982
571 64
1221 641
1291 22
103 358
1103 1050
386 77
52 646
188 1667
1294 1232
452 1506
274 613
1621 1225
874 114
1119 1425
53 1508
1201 576
968 1356
737 1537
451 386
991 658
1141 950
1099 589
419 137
643 1269
457 353
951 1183
370 163
54 662
55 1567
1375 1041
1517 709
478 43
761 496
944 1267
694 510
1599 867
1396 1502
1044 1571
1363 121
1289 1496
1216 968
995 207
1276 756
1270 919
385 1146
675 948
379 192
160 292
1180 1127
630 549
540 753
1660 1289
225 733
1192 801
58 246
59 1376
860 1316
117 328
1341 940
1440 1485
1529 1048
1688 636
660 1122
749 1251
1021 371
593 654
60 180
376 845
195 411
900 617
1395 153
617 483
1413 949
1437 889
659 460
645 1588
1451 1308
57 1197
1200 342
310 213
255 562
501 299
1474 1418
276 519
122 703
792 1582
62 807
1286 857
107 1625
235 679
1272 833
916 1365
1301 1608
61 522
1203 888
1515 393
789 316
1290 1448
826 1575
64 1090
236 1261
413 908
1635 488
1124 848
1416 208
921 688
283 122
99 629
883 1385
1142 604
63 234
247 1520
212 1607
1285 1412
704 441
228 284
1587 1670
391 1263
65 1655
333 1426
1590 610
1422 1402
970 1320
1058 1172
66 945
563 369
993 1484
766 603
68 418
556 1645
703 782
506 790
336 1227
902 808
69 1590
1210 796
1123 814
301 535
1076 476
1060 52
560 972
71 1595
1411 1236
463 643
609 804
901 873
917 902
72 1114
1403 1439
1628 600
155 1274
1257 799
566 397
641 443
839 35
1442 1161
990 410
238 661
887 802
1611 17
1527 1342
308 1524
73 1403
74 1438
1325 101
1450 1012
1645 1548
655 974
367 1165
1248 572
497 188
1568 584
348 1388
334 85
85 970
1555 100
196 976
1377 1118
1510 1311
375 570
200 794
853 787
1169 1026
1138 1630
250 1264
77 628
736 1202
996 1509
1359 765
1466 1552
1181 671
275 202
280 532
598 1216
669 408
787 310
931 398
79 1322
1334 1035
1167 1104
888 1061
1636 685
90 1433
494 645
1317 1108
470 989
905 843
597 1468
81 1503
1136 1100
1388 1284
503 1292
895 1380
197 1397
363 1540
700 868
1650 1400
82 269
889 262
911 1557
459 1059
80 758
83 1014
406 1180
157 271
1426 82
545 302
762 1206
1264 1511
408 878
1059 1428
381 1657
84 1404
1561 1157
536 737
447 58
1433 536
231 503
86 1641
1191 1613
322 1339
1462 1462
104 565
1424 1417
1390 839
87 1532
1483 1370
1386 1126
935 379
1070 392
88 1440
215 687
1313 1528
345 1589
518 1491
1061 723
147 438
1318 425
1012 73
975 616
508 1646
299 1084
401 419
1090 1209
1480 525
335 530
373 404
242 391
444 732
705 1178
1401 1527
1584 518
1642 1113
599 67
91 13
1202 1029
198 337
284 1565
92 138
608 1250
626 377
1250 1288
1494 1482
265 935
93 99
967 552
998 1500
1279 896
483 6
699 266
781 1028
1045 1064
390 928
1198 83
1534 1326
1679 54
95 521
713 553
692 841
468 1622
298 984
628 1066
1612 1626
94 615
96 1302
1302 809
633 336
1113 428
1231 1444
409 1558
97 1348
1251 1182
1409 506
1677 691
1227 1318
1415 958
100 1286
1253 1151
665 1410
173 526
1260 319
161 229
661 113
1323 1585
256 268
158 1566
815 1554
101 436
1163 746
233 666
387 1533
601 1073
170 558
1586 1005
1262 1551
1084 1310
575 41
1064 1382
222 544
364 1602
1166 1266
1066 1134
1637 1018
341 1313
102 852
1175 1194
541 44
150 1489
844 1009
574 1054
1043 341
516 1546
445 1083
1500 675
1616 1246
323 68
1668 652
368 1333
784 975
430 171
590 994
1331 1675
105 1179
780 1103
852 1293
765 1504
731 143
338 63
1552 1145
210 355
136 1171
108 846
897 1116
1015 1386
1337 477
1079 657
1212 885
1196 429
842 1486
1537 1285
1144 1521
1109 1167
797 1279
980 1681
1115 632
1379 241
187 630
709 293
858 19
112 1517
442 742
988 50
1326 913
440 7
612 430
113 1094
244 1254
1562 781
462 1387
838 380
824 214
374 103
111 1649
114 1111
282 1450
987 863
1111 1085
809 439
1558 748
115 91
116 461
321 866
555 531
1117 71
1675 1076
1468 1379
1028 1337
933 1077
140 1186
856 378
118 1257
539 201
1071 1282
1588 1152
810 1623
119 360
154 1125
288 389
604 533
131 173
1319 810
873 376
1522 1611
120 1107
377 690
1019 1142
1689 1458
855 743
1511 365
1278 450
1263 362
786 1037
240 116
1581 918
455 1015
1404 903
1176 61
512 451
1643 1130
148 78
909 1371
169 599
125 193
359 15
475 186
1083 575
1624 1629
144 499
395 1473
1531 1652
127 542
1447 620
662 611
1305 156
126 323
128 279
1147 594
1475 1499
724 578
129 14
1024 1581
595 274
526 942
1329 973
1627 859
130 899
876 1406
1082 282
1266 222
1516 349
634 875
755 775
132 280
1032 334
163 938
899 933
717 1078
133 495
1655 1336
456 127
267 1143
1092 1119
751 872
1405 437
1267 751
1526 272
294 465
135 592
261 1115
137 415
934 275
1546 1636
138 786
403 698
1324 307
1488 697
725 218
961 1303
849 449
217 1001
1490 112
139 458
805 816
1455 619
1400 55
1391 87
1460 169
1514 1177
1246 4
330 865
141 42
549 1393
940 338
396 676
570 528
142 1651
143 1137
1596 321
1089 395
619 1030
649 490
754 1683
1217 215
1224 1024
1503 5
1135 489
1232 1062
156 971
525 1624
146 327
1211 1136
1094 472
1644 1659
499 1334
1031 1545
1508 1671
1579 120
1478 583
891 466
1046 1203
1069 426
149 140
1328 634
1606 1008
1078 133
985 1323
392 39
151 1208
702 420
666 1220
152 595
1234 1325
1682 706
1397 893
974 1553
841 760
892 1570
1153 8
1582 590
880 348
1168 710
491 375
1469 26
469 370
1354 259
673 471
1432 1117
1026 1414
1009 567
1177 1399
476 162
159 33
681 23
1536 1105
869 1427
938 869
1106 579
859 1163
817 1312
1161 1616
1096 1534
945 998
973 1463
201 194
342 545
1685 1067
928 571
790 931
592 623
162 1673
431 117
620 783
532 1023
1239 80
164 0
776 988
1574 1610
708 1132
258 89
165 106
577 1432
1087 236
166 1422
1047 1097
1052 57
614 1477
875 978
605 198
1348 493
1553 457
167 1298
168 966
254 718
357 479
1042 529
1444 607
1088 456
1172 898
219 511
957 1577
347 474
994 1271
443 128
775 1409
211 294
1485 230
171 182
172 175
757 692
1255 773
1613 961
835 1042
615 655
1283 399
707 1637
411 556
1241 1592
174 1133
1054 554
546 1601
1133 768
1100 614
1014 1301
437 1574
180 70
1237 1487
581 1599
982 1058
1407 90
576 624
1030 136
831 1170
646 1692
1355 1162
313 668
712 1
1027 1576
1156 887
177 954
179 784
358 1593
1585 581
622 849
1491 413
969 837
1594 1523
307 1065
946 1053
769 1123
273 683
216 295
1053 480
1034 88
182 771
606 1017
181 609
543 1038
371 663
1634 65
1434 142
183 1522
184 1268
1481 1022
1547 296
1140 1526
1428 1345
1151 960
1567 835
677 1158
185 714
1545 1465
1199 209
716 431
290 1129
340 1240
1097 1166
795 1662
942 1324
477 1007
337 161
586 573
1347 384
953 1025
383 29
734 118
1307 453
189 817
1164 374
1013 870
772 31
405 1198
186 568
190 637
260 146
929 49
1225 1199
963 513
511 1364
191 772
192 1231
1646 633
1392 979
311 401
1489 1679
193 647
1453 504
884 452
194 838
1295 1265
1557 1372
1005 1547
1280 1068
1471 789
492 664
1414 656
449 1069
802 1335
224 682
1316 256
1374 1328
1292 301
1062 32
264 1141
653 860
814 1057
611 915
199 281
1049 473
480 779
744 134
877 125
1258 1221
327 1000
550 1653
914 836
1238 74
202 382
1501 324
435 1656
850 108
1654 602
1193 1695
1520 1469
1373 895
565 1453
1342 1135
1610 1495
203 1445
1036 51
205 1222
1657 28
1033 350
1506 1587
937 1420
204 608
206 203
1131 1247
1006 936
207 1181
569 160
306 403
722 798
908 832
1550 987
209 1688
1580 1200
263 18
1449 1245
822 1687
325 856
1296 509
1182 1374
721 1530
1367 1563
682 130
1630 434
879 1478
1230 1449
956 248
300 1640
1684 1019
1505 1685
213 1273
514 1010
1332 1205
627 1569
1160 1153
558 62
1125 1248
1261 1488
847 651
1608 1013
958 244
568 196
1358 1004
870 1187
220 1343
636 385
999 1173
415 1003
1055 314
1665 478
221 983
1155 851
1597 243
351 757
339 1277
1436 1628
226 1663
458 253
429 1193
297 149
777 803
1631 659
1080 277
227 1307
1664 1002
1528 769
1425 181
834 1051
1365 1237
229 467
1384 102
1666 60
1189 1098
1243 1128
537 1654
234 1060
1495 778
1229 527
764 304
1507 750
1378 1598
237 1693
296 1074
418 764
320 1305
1387 303
544 752
239 27
886 475
818 1538
1165 37
1011 76
1244 344
679 1043
344 1154
1423 119
538 265
1159 1045
520 1441
496 1340
243 963
1249 223
504 1212
1303 1606
474 540
1183 944
962 560
1004 340
1566 587
303 1597
354 537
245 298
868 1579
426 621
398 1331
248 1384
1068 1262
871 934
680 1330
1669 580
249 642
672 965
302 150
461 1573
1398 665
1017 1518
252 1169
1077 842
1029 86
1346 1619
701 1594
1247 1278
1452 1355
1671 1568
380 81
1190 288
315 1121
295 1346
1310 1375
1656 890
578 1112
471 320
1121 1680
485 330
1678 927
259 1519
513 1063
262 1457
584 1089
978 930
872 1034
965 538
324 818
983 955
1056 1080
1235 309
1170 639
1570 1319
1393 1032
728 387
640 1300
674 1297
285 1258
1519 139
1195 249
939 1244
270 962
752 111
277 674
272 1294
467 681
1674 94
1254 245
836 678
356 605
393 267
1091 901
534 730
1361 132
1345 1174
1402 231
971 1306
1463 862
1219 744
596 937
1446 564
1041 669
730 1159
446 486
389 876
602 831
1208 828
1256 1350
799 200
1228 1672
1512 407
1399 396
800 189
960 238
422 1451
287 1164
562 1354
1065 1481
490 1101
1417 1584
663 147
289 10
1603 1299
1532 1070
533 1223
1626 1156
292 514
977 312
1431 1395
448 728
1008 325
832 1396
843 157
828 981
1186 943
1207 883
918 1381
1309 502
1287 372
309 459
1672 884
407 352
1368 278
1638 2
1063 40
487 969
1215 606
1174 1603
591 1514
1122 1140
314 363
1572 1408
1226 1295
524 805
1001 1596
1441 993
304 46
770 1149
587 539
1312 999
747 1031
1339 333
760 824
1370 1492
972 719
1213 1555
1430 912
846 72
950 1460
1663 1011
1352 797
742 172
657 563
1618 1401
312 1515
1349 997
862 1033
527 1230
1265 1620
316 980
360 406
1600 508
854 985
361 1447
318 1259
1484 821
1604 707
366 1317
932 550
1559 53
816 347
554 257
1382 1344
1275 447
326 185
453 148
1589 84
952 1275
830 1079
1591 992
1539 800
1105 767
328 825
1206 1217
610 1192
1240 1188
1429 165
332 520
943 792
863 155
1614 1228
867 740
624 1056
1448 357
1563 858
1479 722
414 1617
1497 1357
343 648
1132 585
1551 761
1214 95
552 1419
441 1583
580 270
600 763
349 105
729 1071
625 712
941 251
1420 1398
353 1378
1381 1600
1623 242
400 929
1353 96
572 219
1242 834
1464 626
530 494
1525 1016
1134 1501
878 819
362 754
1288 1424
1419 717
1108 1052
425 1446
1025 749
1640 1106
913 448
644 574
460 745
1366 345
1673 1413
631 154
1518 1185
1592 1363
1676 777
981 1437
1110 335
1273 635
522 649
464 1272
1223 98
924 830
829 470
1486 258
910 1658
1322 69
382 1253
922 283
394 1682
635 1359
454 699
397 206
1502 793
1686 598
1435 322
823 1102
402 886
618 1109
1116 492
771 12
1496 696
1120 212
1523 905
989 1635
1617 625
421 432
848 701
1281 612
412 414
658 555
794 346
1114 1120
803 373
502 1435
423 916
1330 1392
450 1138
1086 1541
428 959
833 405
1020 882
432 1507
434 1694
1093 1204
788 618
438 498
579 1096
1057 440
629 1391
582 1110
804 59
642 1213
1101 247
1129 766
1187 1389
1369 1256
1542 1226
1072 1270
984 263
1118 1184
489 957
603 909
668 417
1018 1562
1146 827
1245 693
885 454
1371 151
726 1475
1145 577
1383 1618
482 332
1445 1214
1357 356
484 1648
1194 894
488 446
1360 232
551 56
1298 1280
1075 914
493 820
930 11
588 66
1438 1176
1081 689
903 811
1533 261
1461 1559
1311 855
1007 497
1619 900
1385 331
547 1666
509 141
1137 826
1259 179
979 1471
1632 38
523 559
959 1423
926 174
573 187
564 1452
1593 3
531 1368
1544 1686
535 1416
594 390
1271 1498
733 190
696 917
1143 48
1282 1347
1314 534
759 491
553 1699
1595 1086
647 1366
1639 308
1583 1361
1128 593
774 367
567 815
793 487
585 297
741 736
864 204
1335 159
1492 1543
1662 871
711 791
882 1099
1538 516
948 300
1659 1291
806 1233
652 1544
1467 904
1300 1218
1504 1276
1521 211
1173 1678
1179 228
623 123
1569 854
1439 144
861 1429
1412 1627
1321 597
1112 724
719 986
1376 911
763 812
667 1591
656 1405
1667 667
664 964
1035 1215
904 351
840 1621
811 1647
1457 306
1524 1665
896 1210
1681 588
798 762
1535 1549
718 176
1389 47
723 1698
1633 1474
1602 260
1615 237
735 1191
748 1660
1022 252
1304 1082
782 977
1648 952
1297 305
920 557
1158 469
915 726
1658 1609
947 1472
808 705
890 1493
1356 1556
1010 239
1541 547
1127 1036
986 738
1002 1639
1362 622
1130 653
1549 1512
1683 1352
1233 524
1336 423
