0 369
1748 355
3 1221
4 87
1746 359
5 1350
1745 1673
6 1030
1743 1728
8 1158
1742 417
9 269
1741 1352
10 99
11 1388
1739 612
12 485
1738 795
13 682
1737 1201
14 1741
15 1480
1735 446
178 122
1375 1455
228 448
429 1606
1477 747
440 213
479 1104
1215 742
1731 165
1625 1459
1 1002
2 1559
1749 311
1747 711
7 768
1740 1212
16 1120
1572 1732
1044 1033
994 1075
696 1119
1516 1630
835 1280
624 599
317 1668
81 1152
1585 151
627 1295
17 68
1717 1014
288 250
1274 184
1596 1597
1198 1655
62 735
1254 1425
1553 1156
1603 364
140 1122
1143 1667
1024 1581
1744 1383
566 235
1068 1517
1217 772
1408 1535
61 1703
259 1047
1151 756
1591 289
541 661
103 775
1231 402
18 993
19 1028
1098 406
435 96
222 440
186 493
1128 751
1255 607
465 636
331 69
1355 1319
651 714
1302 489
558 814
538 1187
1187 42
1298 1145
731 1487
20 400
1671 1633
1256 1666
477 1168
513 1271
1091 308
689 830
1113 303
1449 627
22 325
711 1153
1205 1006
591 1057
94 247
86 1683
21 180
106 423
310 676
724 988
195 1083
1346 1169
281 1109
1061 1139
1322 1605
690 1066
107 276
460 22
374 1586
121 1176
1631 540
434 1336
1094 804
23 1315
370 829
589 955
356 1040
968 793
988 378
796 281
1339 1268
24 575
1670 293
1097 865
264 1489
1694 834
219 894
1684 994
1306 460
623 1731
25 1092
893 732
279 75
897 1347
359 190
779 725
584 200
1392 573
1174 1749
753 782
958 722
567 514
1455 140
752 633
528 1121
26 1590
826 527
1648 1358
130 1589
421 1611
27 911
1479 1642
1692 1354
933 52
1554 940
1568 356
1363 1259
1155 319
781 1450
28 1601
1102 1039
1237 1593
344 1395
36 1031
1650 157
600 534
705 806
457 1468
706 931
636 1305
799 354
1145 1245
1342 420
29 1400
1499 643
1175 757
369 555
422 778
509 175
1045 285
1414 811
1537 1171
95 13
980 879
1159 1515
1608 104
30 1715
898 1554
878 1660
1617 1505
1236 304
1239 580
824 129
1611 564
31 1114
1132 1702
1171 868
1413 1117
49 1068
784 1647
668 752
32 497
291 1233
76 1311
155 377
129 243
1177 1458
474 1024
912 960
574 1645
1111 508
1071 1335
576 1413
448 1623
644 1708
1713 1434
1586 41
33 261
43 560
698 473
244 171
1131 1465
69 475
1008 850
124 1484
1491 1669
1009 1186
34 1636
881 1219
469 445
167 257
1734 787
407 390
1618 55
1001 847
1252 1510
35 1512
539 335
1161 1444
722 40
253 1592
341 938
851 161
747 135
1092 889
930 1261
920 10
1715 825
1510 1411
53 1054
91 1273
557 630
1210 691
135 24
1511 133
199 1015
1619 1457
1517 519
144 1739
777 729
762 188
37 1325
431 159
1325 968
364 1225
423 1602
54 35
654 1452
1427 800
38 980
1641 1093
1297 1522
1627 998
628 412
1574 1097
198 244
650 556
765 266
230 56
951 1236
395 163
785 913
648 1368
783 608
163 484
173 983
1371 211
1323 1376
316 604
1599 496
902 1747
40 461
1005 1542
1025 887
488 802
1315 1372
250 1022
41 837
209 0
1136 946
512 1324
805 187
978 1551
1268 953
408 1394
175 20
42 789
911 438
909 991
1023 567
996 394
1387 861
201 130
520 77
122 347
354 177
1204 1063
764 1243
238 914
39 1483
1320 61
552 91
1672 1239
608 910
1284 39
44 1386
1575 511
1073 779
957 1010
797 1526
266 1392
45 1164
1561 18
1639 1524
1053 1363
82 1238
47 478
60 1316
794 1342
1250 1360
365 566
1454 63
1189 331
319 1485
1352 1086
46 384
191 1042
876 912
236 781
467 1329
1486 81
1157 759
330 305
1588 1357
1060 275
210 1662
376 1035
1541 808
223 1265
301 1224
1089 704
1686 1624
565 552
98 1552
48 707
120 681
1182 1528
1184 590
1703 1016
1573 106
1562 454
1316 1576
594 242
1725 1726
50 409
1655 542
631 1099
727 5
692 1260
179 260
336 410
1259 495
1543 320
51 107
1405 616
587 965
1664 1123
1021 1206
605 418
1442 603
52 212
853 921
1690 645
1406 85
1069 1267
1598 1531
1651 458
200 487
1126 941
1476 601
548 1661
405 1687
1195 1231
1333 1578
172 581
629 796
246 1445
840 1591
1666 1629
156 1041
699 593
307 357
550 332
688 321
1386 1628
207 1426
1465 381
718 1061
1660 403
1230 361
55 770
189 1349
208 164
1344 981
938 917
193 1294
1497 1659
1225 1686
1283 1074
1399 160
646 28
669 466
170 431
323 284
471 1051
57 1367
997 1266
742 741
817 424
1450 271
185 1175
656 1406
1463 1095
287 719
946 38
56 966
58 1637
1711 1203
1481 794
1712 488
393 1530
634 1632
521 594
1434 1722
1141 465
1354 82
803 839
1359 90
1326 1736
87 1281
1440 1536
1152 857
233 1306
905 1598
1328 1364
758 1618
1084 623
59 491
1622 1470
964 1716
1329 565
892 1494
842 1025
1441 895
248 353
867 1202
478 924
386 805
728 503
1043 1639
767 846
926 97
932 997
1437 477
426 1105
719 562
861 1599
754 907
1258 523
1404 1473
455 696
138 1343
1583 513
642 1519
273 708
363 1453
635 1072
116 774
63 1355
377 776
237 453
1361 1431
176 539
798 1170
183 956
150 234
640 278
710 1194
64 628
1578 877
214 252
461 969
378 1680
929 1604
1163 1694
901 185
360 702
65 835
1200 1396
251 974
1438 930
572 1196
1033 382
66 1362
1286 1415
883 753
309 397
532 1167
745 596
462 773
1196 528
1422 64
352 1391
1335 342
1645 1432
67 27
780 179
953 1557
730 1478
712 1404
497 340
320 482
83 1707
269 1
399 609
603 860
442 1698
1451 1180
411 124
1160 1607
680 1345
1602 1671
1484 1269
68 1208
334 1098
1290 312
1425 1130
1461 183
841 428
70 443
1466 970
231 76
1310 1149
71 348
290 1643
162 98
164 928
1653 1078
470 72
72 728
709 258
962 1250
1039 749
686 700
691 1620
1549 1337
549 1356
542 823
665 872
990 1220
1539 1282
811 1640
74 1737
480 962
708 659
1153 674
1722 902
914 1190
1087 370
390 1651
339 1134
298 57
1411 713
1058 329
1615 1402
535 279
547 1108
73 600
75 522
239 669
1530 323
1665 579
1206 1288
1223 327
896 1474
1330 1067
1609 1020
1520 1019
1124 34
1314 1048
1138 186
335 1185
869 37
1706 844
1628 854
1558 1596
1146 452
491 343
1327 196
879 29
77 900
79 172
1612 1217
663 686
1519 598
1563 345
297 820
78 498
196 1595
1685 1222
1107 1412
830 1650
522 1725
931 699
424 339
832 1653
918 1131
910 1724
998 761
1656 73
275 89
776 387
1305 214
295 1037
1168 1088
1082 1060
863 1195
818 1424
80 207
577 1255
515 822
1065 1317
786 149
1108 632
387 328
924 383
615 1353
970 1200
1636 898
375 154
723 1649
485 692
314 1408
1224 114
570 755
1267 14
85 1441
1243 54
1403 434
177 360
1212 1138
99 1688
160 1713
263 1572
148 843
84 1032
889 1215
1379 1679
1260 168
392 1564
943 976
1264 408
1443 896
410 905
267 1059
397 959
88 726
1105 6
89 1499
1194 1110
286 1115
1710 376
873 665
90 675
1262 51
1698 654
679 1560
306 986
1104 407
595 936
516 1251
568 1663
1607 1135
1018 194
159 205
174 1710
1279 621
433 568
154 1258
1688 1699
672 1052
697 871
1109 769
1202 296
1116 754
1232 1161
152 1264
92 1706
510 620
258 287
1190 270
847 1608
966 322
736 1449
1032 1433
1269 1050
350 396
518 650
1280 1055
1079 1516
1304 33
670 784
437 585
675 849
836 589
991 647
1642 415
1600 306
954 1004
1488 1544
1436 785
93 1270
1582 1571
756 1103
1112 1293
136 683
96 105
660 1124
454 1729
999 1003
1303 512
974 1309
1460 262
967 143
1324 595
380 123
740 1635
1296 405
1080 677
97 426
1150 859
372 1323
1362 1558
285 256
453 1418
713 450
858 618
766 1089
1209 1371
517 1181
325 531
1683 349
1350 1084
1081 147
472 36
1118 86
101 1049
544 855
975 1223
1110 833
1498 1682
875 1166
100 1017
102 95
406 964
304 318
1695 1290
133 1556
771 295
202 401
849 467
125 1734
940 629
1547 1511
1647 21
146 1664
104 651
346 222
562 283
333 8
1551 1232
1050 338
884 1448
105 863
1066 906
1644 1610
1446 422
1658 301
1697 167
361 131
717 572
400 1495
1523 724
1503 878
1026 1584
1593 1107
486 413
127 215
243 1479
1616 554
147 116
450 273
1115 93
1334 1304
1675 216
260 1471
657 1005
1277 710
683 1289
1542 1533
944 1614
108 7
1579 1733
816 367
857 182
556 425
734 1527
1176 84
109 1498
110 1344
211 901
844 45
1253 538
427 758
1444 520
111 1143
739 62
1633 971
1248 791
112 951
1343 858
1199 254
806 1079
1412 662
888 1712
707 50
1534 1312
1721 15
1457 1689
995 1070
388 1685
302 1538
1191 1744
1358 979
113 873
114 1641
188 449
1580 1132
1011 807
1526 1346
1022 121
1613 1192
115 265
952 694
1592 697
1213 1717
1183 1634
265 1174
1485 950
1569 1044
305 333
703 1182
322 1227
490 1577
368 815
674 119
925 978
1285 1150
226 1262
773 1318
296 1127
637 1721
1632 1403
782 411
117 462
118 1428
119 1081
1059 1509
1509 1177
382 1178
1723 486
278 927
221 1573
819 992
823 1216
960 1191
274 1248
827 1502
315 230
1496 117
1014 1420
934 1436
507 1228
169 1451
123 1461
921 346
452 824
1227 1272
1652 365
1624 1561
1123 973
1581 1709
814 1370
750 136
1072 809
1458 1133
1245 561
292 1405
126 1665
1500 249
391 1658
257 197
466 507
977 1746
1483 178
1144 316
1478 229
280 736
128 173
1620 1585
1218 977
1221 762
300 530
1370 766
1382 1026
561 1007
1464 379
791 1038
1452 1520
1724 657
1474 1477
464 880
332 1501
694 1696
131 1523
1103 1106
891 597
1020 162
338 344
402 1144
597 1678
1410 506
449 334
599 908
463 1129
1555 202
132 933
1487 210
1732 393
1709 746
1292 472
638 734
973 1000
1096 427
1336 392
1424 1627
1070 801
1395 1274
585 1322
1701 1277
321 1438
808 1102
1185 1631
1149 336
1214 1377
398 1299
1365 684
1590 1742
1663 152
846 745
134 1009
1383 67
956 421
217 1543
241 1545
1074 1398
659 517
1407 1142
262 1674
1623 1691
666 592
1208 1111
1433 1648
139 715
1349 366
1428 689
677 1218
775 515
815 267
704 626
837 1410
1241 672
985 74
789 44
592 613
1531 688
1192 893
831 1301
1078 660
141 435
403 803
1594 386
1019 238
658 1504
682 1085
137 1155
1052 777
700 111
1514 1313
880 1387
142 224
890 1198
256 947
1122 94
358 66
1368 1008
1233 430
143 748
145 1619
355 638
1307 1481
313 103
573 1553
396 853
804 1043
289 841
981 1211
1007 350
1646 828
586 9
972 649
1353 644
1164 1700
649 494
487 429
1518 826
1135 1163
942 469
563 1116
1445 1242
1565 985
807 113
149 1359
1203 1151
802 1550
1272 653
1002 813
444 1583
519 49
1669 737
445 563
639 588
505 1609
606 501
268 1029
282 866
1275 237
417 1454
476 982
1207 248
1638 703
151 771
1076 1486
653 788
415 529
907 1199
1595 864
1331 245
1679 1407
1708 1419
560 1297
153 845
916 330
1630 1062
1064 891
1357 1263
1295 524
602 679
1165 1012
1447 388
833 671
157 1379
714 1197
1614 1672
158 1681
1705 1617
1388 101
1055 903
871 1382
459 1296
1170 543
1040 698
345 577
979 1570
1364 957
1378 118
161 341
1507 942
906 225
687 1128
1401 282
681 570
877 314
1249 1036
725 1327
212 158
948 1065
1423 989
347 664
759 120
1289 380
165 1369
343 374
848 586
166 545
1036 521
855 1148
414 874
611 1490
499 274
1532 1374
404 1389
168 943
318 315
1048 642
1501 155
1140 631
1429 550
272 963
443 569
633 1204
1265 47
923 1735
1162 2
1571 1697
546 1541
1106 1574
1031 799
787 1229
860 251
171 693
850 220
412 272
1179 852
1470 518
1235 1077
1142 611
1017 1745
735 126
1046 470
947 153
607 637
1216 1482
328 721
1536 1157
1597 1045
1222 706
1577 32
894 842
482 1188
409 832
1041 848
580 583
612 46
1439 442
770 1333
1468 995
1567 622
1680 551
1489 372
1654 718
899 471
936 1113
180 441
983 31
1000 1118
1426 1257
181 1705
886 198
598 1730
667 108
872 1034
829 819
540 1162
1515 1462
792 1381
327 125
312 464
1475 673
294 733
184 253
795 961
1430 750
647 1463
182 883
261 302
1246 199
526 268
1226 1460
373 352
187 617
543 949
1154 690
895 548
626 652
1276 1237
436 1513
1351 1021
247 227
812 731
456 1493
928 241
190 209
553 150
192 984
1492 958
904 1423
353 827
1288 351
1687 646
1211 1435
813 639
308 856
194 358
695 313
432 576
1301 1241
197 1385
1462 516
720 208
235 705
420 582
1309 948
1016 363
1482 1625
1147 882
1167 1380
1054 1740
419 1375
1273 479
529 30
1015 1246
1240 1616
1062 1244
203 481
733 457
1689 717
760 502
1467 557
984 23
204 206
205 1279
206 648
1219 875
1282 1656
1037 818
965 1100
1095 1205
1493 1076
955 432
601 1053
664 437
324 1496
224 246
993 1442
757 635
617 1565
458 1508
1693 1654
1251 1430
1448 615
1559 221
1704 43
213 92
1728 1475
545 286
1012 1534
468 1291
503 232
1287 277
865 1626
1601 1018
215 1094
1188 148
937 1677
788 730
216 836
843 1615
737 678
1494 890
583 146
1120 141
500 532
1244 1693
1610 290
1421 102
218 483
220 760
1544 587
852 1621
950 935
1394 1154
270 885
821 558
1180 1213
652 509
1366 578
225 385
276 1332
1668 368
619 1027
430 145
870 192
536 1351
227 1252
1718 667
475 1056
828 259
1299 1695
229 110
283 88
438 1469
1435 810
1156 1507
578 1580
1720 419
1083 456
232 695
481 1080
630 1287
1525 48
1385 128
1409 375
1432 720
1229 1588
1139 1096
820 739
234 1361
809 559
1030 109
864 1384
418 1058
1696 1320
874 1657
1367 1378
838 499
242 447
394 680
625 1492
240 881
729 1579
1077 831
801 1338
1158 574
534 780
1341 255
919 504
1691 1569
992 505
245 929
1063 170
900 606
1042 391
1347 1646
379 439
1134 78
982 869
778 11
1393 1692
1356 1330
249 862
1527 326
769 658
1714 1046
511 1727
496 1497
362 468
1311 546
551 1690
1629 1539
1338 610
1471 685
252 1328
254 1173
1506 337
525 228
1056 549
255 916
504 236
554 1339
1522 1748
385 395
1193 142
501 1307
284 1720
1535 952
1719 972
1513 709
1010 60
1114 1064
389 1011
533 490
1566 932
1380 764
1057 288
1508 544
1169 1439
271 1723
761 867
1546 740
1521 738
1088 1090
342 537
885 1300
277 1422
913 584
1049 798
1266 115
575 812
987 954
1086 217
1682 926
1220 297
1727 634
1397 25
1657 414
882 1179
1369 1491
1649 1488
367 990
1173 1146
299 934
941 127
494 492
293 1001
1391 666
1659 1466
1313 687
1093 1562
531 1365
748 1284
1270 1575
1067 298
676 1518
903 1644
1317 1087
741 1719
1396 670
357 291
1389 1718
715 1568
1716 264
1293 226
1415 156
524 474
1667 1555
571 904
685 656
1495 640
1626 870
1637 1189
746 1704
1294 1701
1234 1112
1312 1429
732 945
1129 716
1201 1537
495 1172
1004 605
721 786
1564 1321
303 1529
866 937
1707 614
1318 510
1119 975
1278 1594
825 1023
1398 1240
922 1226
1013 1506
1733 663
1006 1638
416 723
834 1214
684 792
1640 918
701 70
311 1136
381 1249
498 201
1661 1285
915 239
1321 1253
751 1292
483 821
1681 1230
743 915
1381 300
1453 1409
1456 174
523 920
976 743
1137 1314
613 1283
1238 100
1677 1427
1121 1069
643 886
610 1399
1319 79
673 1548
425 925
1431 58
326 1298
772 533
596 231
1459 463
768 763
329 455
1390 263
616 233
693 1390
969 1652
1548 399
1166 1082
1473 404
559 1340
859 1160
337 547
793 1159
1051 436
473 1600
1605 1447
641 1738
1376 1417
340 1622
1550 1310
579 1326
961 299
845 1101
348 1467
349 1303
1038 987
1729 1209
1337 1670
755 701
351 1612
527 1013
744 1711
1291 1331
971 712
1281 1308
590 1373
1360 1275
1186 655
1101 526
1034 1743
1505 19
1587 416
383 1254
366 1464
963 999
1726 1613
1730 1234
1557 307
1384 1393
439 59
1263 1437
949 1416
1127 619
908 1341
371 1476
588 923
749 1302
1533 398
986 1446
1700 996
514 967
839 909
441 1603
945 1278
581 169
569 1334
384 132
1125 362
738 1521
887 1397
716 500
1635 1676
1003 783
1545 1366
1673 144
555 624
1099 602
1402 1401
1504 876
1027 12
401 767
620 884
1524 1414
662 939
428 888
1133 1193
413 1547
1540 309
678 193
702 1684
1308 294
1257 1183
530 1141
492 137
1606 1165
1117 1210
661 53
1373 553
446 139
1197 1582
447 204
1242 4
451 838
645 922
671 1540
1662 1440
1634 80
1418 219
868 476
1417 176
927 797
822 444
1556 1421
854 292
1560 17
989 1137
1538 571
856 65
1529 218
582 189
484 1286
1674 1443
1340 625
1172 181
489 83
1678 1532
1374 280
1090 191
493 1147
1589 851
655 727
502 433
1736 1235
506 223
508 1247
1035 371
1552 1472
1469 26
1181 1126
1528 134
1512 324
618 892
1420 897
1075 525
621 1503
1377 1546
1400 944
564 71
935 1675
537 790
609 1549
614 765
1100 1566
1490 112
862 451
1148 668
1604 240
1472 899
593 1184
939 1091
1332 1140
604 1567
726 138
1178 744
622 480
1130 1348
1261 16
1416 1073
632 3
800 817
1372 1207
1570 373
1576 535
1584 840
1345 203
1699 816
1502 1525
1676 389
810 310
1271 1071
1419 1500
1029 641
763 541
1480 317
1047 1563
1621 195
917 1256
1228 1276
774 1587
1085 166
790 591
1300 1125
1643 1514
959 459
1348 536
1702 1714
1247 919
1028 1456
