01 15_57
4_5_28_38_46 41
11 22_39_58
16_25_49 30
20 68_86
31 64
7_32 74
29_36_52_63 66
37 77
47 50
62 8_44
3_6_14_18 82
21_26_51_60 3_6_14_18
22_39_58 01
24 31
33 62
35 42
71 37
77 21_26_51_60
84 89
85 88
87 87
40 4_5_28_38_46
50 7_32
53 72_81
61 2_12_19
64 13_43
68_86 29_36_52_63
23_69_73 76
75 75
82 53
8_44 33
9_45_55_59 80
10_27 56
34 85
56 91
65 16_25_49
66 20
67 35
72_81 90
2_12_19 65
41 24
18 17
42 61
90 70_79_83
78 54
13_43 47
54 9_45_55_59
88 10_27
89 40
15_57 18
17 84
30 71
76 67
80 34
74 23_69_73
91 11
70_79_83 78
