47 41 0.10432447517986676
18 84 0.16492897883546895
3_6_14_48 71 0.003974187037514638
82 40 0.01737471663208916
61 80 0.015856525447381246
76 64 0.002937672240865672
29_36_52_63 65 0.03191082634539426
53 29_36_52_63 0.02255992712727766
76 70 0.10144716606874368
76 37 0.18766617090350768
15_34_57 74 0.04638563783783048
37 40 0.014281992411919665
54 31_55_62 0.15406265097540983
33 8_44 0.04878103664468629
20 42 0.12366024313921753
2_12_19 84 0.05563735915646652
3_6_14_48 82 0.005451914102413171
07 65 0.028093661768787755
78 54 0.1866539269582601
01 84 0.022678238141486198
41 40 0.05448620919098714
50 41 -0.039408942215621925
23 77 -0.03850100182204232
8_44 80 0.05807109373891825
10_27 84 0.00723507236960071
82 11 0.023522999266148117
54 47 0.016456393992311975
78 82 0.2829438952539415
90 9_45_59 0.0809132997077314
74 67_79_83_85 0.021695984220133732
66_68_86 61 0.007637294096429875
69_73 18 0.28732431540542325
24 82 -0.00356490968182671
91 07 0.0019245783248260406
64 18 0.029672007783994737
67_79_83_85 07 0.08271214451489256
16_25_49 71 0.06032129661294297
64 30 0.050371720257410366
56 9_45_59 0.08858036622274029
50 75_88 0.012377049157371384
22_39_58 91 0.011621099949192523
91 42 0.1674603584242199
13_43 47 0.1591205000127104
56 47 0.17293186197430147
24 33 0.08532129997634397
9_45_59 42 0.23340972790629994
9_45_59 07 0.019310648493518955
3_6_14_48 90 0.02721365662828241
87 17 0.05534963421776949
32 17 0.0366181522578132
54 82 0.13241793282776365
77 90 0.0006218763371227274
54 07 0.006045034565411391
84 17 0.05953603684875956
82 65 0.010283806963381506
23 18 0.026829860171825856
18 07 0.008913754161782538
90 80 0.06590080753949307
56 42 0.0025898797662580004
76 3_6_14_48 0.018398080162294054
82 10_27 0.0077815895184587935
69_73 87 0.040418038441900284
64 29_36_52_63 0.059856357545178776
10_27 33 0.12776411828646028
70 75_88 0.05541146604248448
3_6_14_48 07 0.03327825510743501
24 84 0.06524176528851808
72_81 90 0.26412403375671795
70 2_12_19 0.006753282084018679
32 42 0.1069619758262453
90 21_26_51_60 0.06722808689997
77 89 0.03510782505554576
16_25_49 54 -0.012714909208870454
87 22_39_58 0.007426849222256667
69_73 64 0.19772534186325422
18 24 0.0027486143628409495
74 29_36_52_63 0.10342356707425532
76 32 0.013648299442770068
32 10_27 0.07365564844690516
87 54 0.07929111025097293
3_6_14_48 74 0.06592772002068935
10_27 61 0.04274322617673622
53 01 0.05881372657352388
24 61 0.022144765980059697
22_39_58 31_55_62 0.014039684586680808
15_34_57 65 0.006575689581993253
89 15_34_57 0.05180127320902376
01 75_88 0.07126037176786253
50 13_43 0.0345698229746685
53 18 0.2690929633288066
89 74 0.036264947267253524
91 29_36_52_63 0.04993390820027643
42 13_43 0.03932605464499186
15_34_57 31_55_62 0.0863578998256032
21_26_51_60 61 0.06467296510871501
30 32 0.020535152468755875
72_81 9_45_59 0.1280163859602172
70 32 0.03928262140890525
72_81 80 0.02370193068692515
22_39_58 32 0.04898996050646079
23 30 0.006383262089293318
37 32 0.013751075298348289
42 41 0.09161538543701567
37 74 0.07153228973349951
82 47 0.14485963495942944
91 10_27 0.005969233949409706
35 75_88 0.026189157627910506
84 33 0.05758847559356457
22_39_58 07 0.012293306257047866
89 90 0.15667876641178857
50 40 -0.02905036579180325
64 31_55_62 0.1144146594001279
21_26_51_60 13_43 0.013630230827396467
77 70 0.01587070593609037
23 69_73 0.1988074236309968
87 41 0.018266535363812196
23 76 0.008085348430543534
37 90 0.03574136511209165
50 89 -0.005263300233052378
75_88 71 0.029151829294606725
22_39_58 13_43 0.03842067301687775
32 91 0.11988432242573988
22_39_58 54 0.03539104855943262
69_73 20 -0.031799186801306834
56 71 0.0225029089231289
17 75_88 0.2126616718274661
72_81 89 0.016298163379506354
22_39_58 4_5_28_38_46 0.14530617704108603
76 16_25_49 0.3555813190319481
69_73 2_12_19 0.0539708104519785
90 47 0.01247349744807393
4_5_28_38_46 8_44 0.038686511933716056
90 71 0.02545390336455986
32 29_36_52_63 0.07681575069866459
9_45_59 80 0.07258494196067186
89 3_6_14_48 0.08331841002288065
77 40 0.05656329141173457
74 10_27 0.03573173377395643
37 8_44 0.007088337805089591
56 67_79_83_85 0.0051753511792723625
76 89 0.0049215318051924325
78 50 -0.060208763695412074
24 66_68_86 0.07414742677996092
01 80 0.001815815307746635
3_6_14_48 8_44 0.040282621534482636
56 35 0.19230578074824606
64 2_12_19 0.004181400453146843
24 91 0.08173839294025592
87 47 0.017892537573072548
29_36_52_63 41 0.027484256655995763
01 17 0.01644828571023781
69_73 24 0.04070577110094774
70 37 0.080982997274933
24 17 0.23053398077206622
53 54 0.08090896921008696
76 56 0.00979590983153859
56 13_43 0.0327306615248877
4_5_28_38_46 71 0.05118022098527013
42 75_88 0.0005704362761790413
66_68_86 84 0.25976027360069953
87 15_34_57 0.09825474684836119
75_88 8_44 0.01824054087757987
77 41 0.050599475527523335
87 65 0.011789111142934848
13_43 80 0.03432355529391187
69_73 53 0.21856531412685534
3_6_14_48 17 0.039224864974282146
23 53 0.1067494815056047
50 29_36_52_63 -0.0074201935238261095
24 80 0.09870662717812576
15_34_57 90 0.10939879360933952
72_81 29_36_52_63 0.0391556208033573
70 91 0.12093161137090713
37 9_45_59 0.03523613713061358
24 35 0.04762120874705644
01 67_79_83_85 0.16836157244548497
37 41 0.04565997545535981
74 90 0.24422516621829432
15_34_57 82 0.0175565896377228
33 11 -0.039336913082501215
77 50 -0.17331655588740344
18 87 0.04317019827478259
77 8_44 0.009318659155559163
70 42 0.12759250016727752
24 50 0.023002614117388208
24 32 0.013775412357226633
20 80 0.06013304606878138
64 87 0.12650333642390138
22_39_58 47 0.06742597622721486
4_5_28_38_46 47 0.1192242724870568
87 16_25_49 -0.005527729646363869
75_88 80 0.12300444451684447
30 29_36_52_63 0.10998540236806521
22_39_58 8_44 0.12237009674638327
54 29_36_52_63 0.010256284789625453
17 33 0.062311424710810526
22_39_58 29_36_52_63 0.021802026098739467
22_39_58 41 0.14016228540397618
32 9_45_59 0.051654784437497686
9_45_59 17 0.07517315771614871
23 24 0.03239001697420271
9_45_59 29_36_52_63 0.005900460244603953
01 54 0.026660361627745932
65 47 0.027169273077748732
10_27 8_44 0.07988841971177207
20 4_5_28_38_46 0.11489692980108757
72_81 74 0.06295428089206068
54 17 0.013833079321395268
10_27 80 0.0644032473523373
66_68_86 20 0.002677816813364157
61 8_44 0.07657782728479161
72_81 3_6_14_48 0.06931358077759639
90 65 0.03629520422325501
35 13_43 0.10426594135415654
82 61 0.02209585874606089
64 01 0.048925719216443855
69_73 66_68_86 0.004449912186906711
69_73 37 0.002451269128402413
71 47 0.010963096714681982
78 15_34_57 0.056497549811404625
9_45_59 47 0.08516779322565107
75_88 4_5_28_38_46 0.05042463798529833
2_12_19 91 0.008514595386142888
23 01 0.006309705846061259
30 37 0.07478993292429319
78 35 -0.04521881317573602
32 8_44 0.031703225063545865
21_26_51_60 47 0.07865622242053696
16_25_49 40 -0.009386630310406777
82 31_55_62 0.09491210419591406
22_39_58 42 0.048389435482985806
66_68_86 2_12_19 0.351683562752908
3_6_14_48 67_79_83_85 0.03840081826359263
72_81 42 0.03462437442896148
17 47 0.0038790656989791446
31_55_62 29_36_52_63 0.15187299178203567
01 70 0.028162748164855693
30 65 0.23274145061565252
70 89 0.01922633402564595
77 74 0.0019836714124591565
33 71 0.02195650345299792
4_5_28_38_46 61 0.14387416576807283
21_26_51_60 71 0.35725227149284056
50 35 0.09866831859386863
67_79_83_85 41 0.023928293694799322
87 74 0.02517393467903994
10_27 9_45_59 0.014240463199064822
42 4_5_28_38_46 0.006600914677975018
10_27 4_5_28_38_46 0.01302719470175152
01 2_12_19 0.009726370175450255
89 32 0.0653762814269224
42 47 0.023106363649258287
71 13_43 0.09775871648516114
37 33 0.013048176665769925
89 07 0.04241682727452803
71 61 0.015189799530778876
16_25_49 47 -0.03332447344502751
33 75_88 0.11696471788923166
87 33 0.022856712735852
11 65 0.006944288930771226
3_6_14_48 61 0.011342708961790161
18 54 0.043067426875018265
24 10_27 0.1177282208110996
50 31_55_62 -0.033178275291179435
4_5_28_38_46 13_43 0.11256428045696934
64 54 0.08672837428482003
72_81 32 0.006516613078938428
70 33 0.0011197025177661435
64 56 0.057084352598171614
87 01 0.0067180151079629
3_6_14_48 32 0.18480198059609754
56 41 0.01753802277081805
82 29_36_52_63 0.03650981072958838
29_36_52_63 07 0.018225862457372184
76 22_39_58 0.0017179088287606389
75_88 13_43 0.030715579682937963
18 01 0.08657615166582924
9_45_59 8_44 0.0025069837925006935
22_39_58 3_6_14_48 0.0371825021366999
35 61 0.03482748597999649
20 8_44 0.12599134345204094
20 11 0.12732438608254104
91 33 0.03359675672609451
67_79_83_85 11 0.019760503738511473
16_25_49 29_36_52_63 -0.03196933994448593
37 22_39_58 0.0025714654688168
24 87 0.010297118431998114
64 53 0.08052438111026372
42 8_44 0.003064964786954126
33 80 0.046470369010385766
30 11 0.24795279659290376
32 61 0.07447767797367089
23 87 0.10049777764177333
24 75_88 0.10504210549648182
18 70 0.0012877773999122456
2_12_19 17 0.014443273879879268
16_25_49 11 -0.01637016090052056
72_81 15_34_57 0.09014829432695756
87 84 0.09633811481032503
70 80 0.07715126205807497
20 13_43 0.15050828628707977
18 17 0.02091157811775504
20 75_88 0.08442813885826186
67_79_83_85 65 0.12701819895309802
29_36_52_63 67_79_83_85 0.06681715334595953
91 9_45_59 0.0023314308083161595
64 82 0.01677886279237472
87 2_12_19 0.03278050609594742
77 3_6_14_48 0.23817228375890204
70 8_44 0.02415850650999003
76 30 0.009229540392623112
07 42 0.06438607772730628
3_6_14_48 29_36_52_63 0.028069430002930267
87 32 0.006889440614300241
01 29_36_52_63 0.1357535819033372
29_36_52_63 47 0.01857190441278448
78 31_55_62 0.28315909089427316
72_81 37 0.03968690328443303
3_6_14_48 56 0.042402411264943624
76 72_81 0.017115302133270716
87 91 0.010172176082009696
74 07 0.012531812149529434
74 9_45_59 0.06513294071241545
54 84 0.0019743457578844377
35 21_26_51_60 0.061095728617259495
74 91 0.11736585774943895
21_26_51_60 4_5_28_38_46 0.038491693551780476
77 22_39_58 0.06483289688214477
37 91 0.012269067074597722
72_81 13_43 -0.013007917326526399
30 22_39_58 0.015729030625010285
23 64 0.02059429615753853
18 2_12_19 0.27697488086369065
07 33 0.003894240665611991
66_68_86 80 0.01842017759569761
53 2_12_19 0.036374616984416644
23 78 -0.02224020699103826
76 50 -0.01566663120940694
91 17 0.13222388915724476
07 40 0.06960047739269805
17 80 0.042556855849773256
78 66_68_86 -0.009683682405830944
89 67_79_83_85 0.021047042278565124
89 56 0.07020386663232195
64 15_34_57 0.012246982969605903
70 17 0.09462953718302072
35 71 0.2564070127139924
20 33 0.011044384946092839
91 75_88 0.09859125356709803
32 56 0.04245354111117585
37 29_36_52_63 0.026186809661789098
