0 598
1849 490
1848 1273
3 1599
4 1838
7 1006
1842 1590
1841 820
10 962
1840 997
1839 807
12 1583
1838 346
13 835
1837 220
14 937
15 210
178 683
968 936
1754 1037
1364 177
707 354
898 139
1619 453
76 349
1574 1793
466 885
1116 150
820 1673
629 1819
1 196
2 877
5 284
1847 1671
6 35
1846 1707
1845 1738
1844 1464
16 1326
1836 1420
1589 895
921 1650
540 148
201 684
433 850
253 767
1002 198
135 1561
589 1384
11 403
1843 1722
1717 669
208 1144
1205 428
513 1121
1235 1254
445 582
658 450
1525 1704
1230 1476
1246 1044
1785 567
1526 564
17 1391
1484 1289
837 668
1448 602
1321 202
630 443
1270 258
765 1726
260 255
809 1266
9 1252
19 678
1098 686
858 848
24 1448
975 736
1104 1431
379 965
142 956
1772 431
539 559
860 1453
335 1600
1736 70
408 1452
1634 1428
103 998
1559 370
965 1806
53 168
971 239
18 1134
872 556
1522 1126
878 1499
1024 291
1550 252
190 1676
532 1529
1641 1382
1351 1014
291 82
939 23
842 273
646 99
1271 927
8 1759
20 515
21 1501
106 1489
1699 80
1068 1229
483 1611
1633 1277
942 660
1395 84
322 492
22 1176
690 1203
384 912
1820 766
1161 1429
51 501
1612 216
1644 17
870 1487
1435 461
1110 549
23 297
374 1744
940 931
899 88
472 225
594 1242
1021 1387
238 1450
38 1695
824 249
944 531
216 85
1147 784
246 296
1293 192
1833 97
25 432
893 553
479 1257
45 1376
1494 1162
345 174
1512 1036
1196 614
26 813
834 1814
1185 1815
1015 1046
849 307
903 1168
795 768
1088 685
27 1165
127 162
612 826
1062 1493
1076 268
451 1434
1029 1843
654 1461
1086 1556
1502 969
1249 1362
102 1300
1636 1610
1687 908
1649 227
58 195
1411 1129
28 1170
29 26
1499 1167
1579 1753
1810 369
299 737
967 1343
173 1351
748 960
1387 596
1103 543
523 231
30 1234
468 1688
637 1330
1727 25
270 459
1123 108
438 638
1712 952
31 483
1831 1537
979 758
1018 530
725 314
1485 930
1326 1296
1209 1332
407 537
848 1274
1055 124
32 1166
1816 540
151 605
591 22
211 1548
1160 2
1821 1756
403 974
1661 833
1331 780
33 485
43 1076
705 236
1534 200
1394 1417
960 919
1492 745
294 1629
969 1846
1043 1805
1679 655
34 735
881 1437
61 1785
1431 1268
1665 584
1584 1702
1802 757
1748 1560
163 448
1236 116
695 729
1008 242
78 1694
342 1357
149 815
609 199
1734 1810
1715 911
305 340
1572 1095
1019 319
1072 1211
1543 1039
715 399
35 1435
36 303
37 1558
624 513
1229 805
931 742
1412 197
341 214
1312 1206
1647 392
1168 63
362 1766
458 277
67 1324
448 1069
897 968
1622 863
319 219
1830 1077
325 1690
461 834
1610 990
1263 175
1334 1059
876 792
1803 406
494 71
1244 991
862 1151
645 1483
39 1055
932 1019
933 1700
1148 48
663 36
622 1307
1709 290
571 915
1261 1402
905 1217
41 47
210 868
310 1157
1102 40
1050 1210
148 437
633 1163
519 1335
284 1212
1729 782
531 964
1439 13
219 1139
40 115
784 1056
1639 440
256 261
111 859
1212 899
1625 427
321 1684
376 444
1166 267
767 14
1357 750
817 1539
1454 1514
1258 1603
302 1733
507 1110
917 1263
1097 132
1129 1067
1038 1715
1624 356
1568 442
183 270
42 1807
44 330
1828 1425
490 1692
336 1292
1114 1131
1458 594
1490 881
814 439
1660 1338
1756 635
923 550
46 1018
1670 681
1747 1278
347 1372
1544 606
1757 708
47 1379
110 411
1418 1604
822 1780
861 1621
296 321
606 1325
129 1845
300 1237
1474 959
138 1301
1742 948
1111 588
548 580
1204 1344
1601 1566
96 378
48 718
949 0
1478 1305
827 1444
487 1477
1521 447
439 689
641 603
1592 72
50 941
1724 1651
390 18
727 274
1095 555
1268 1530
170 1196
370 1497
49 329
1371 795
1755 831
431 1097
1224 74
1174 711
312 1188
821 325
1745 1262
356 672
1014 1220
52 1575
1090 1270
75 694
1106 341
502 725
857 1570
213 961
1819 183
1306 230
545 650
1700 194
791 893
866 977
497 1735
1338 45
623 664
761 858
1283 1563
1287 1390
309 1029
511 818
1557 1347
1363 616
801 299
1817 1741
1237 837
54 569
55 510
189 221
1542 1128
1152 627
1126 1736
1576 335
1590 358
56 731
826 288
1491 1062
474 1243
1675 33
1119 1086
1285 1546
1637 589
375 1407
57 1637
997 873
1073 878
1506 1686
1045 981
1617 243
1415 193
234 1249
393 823
577 1265
1243 484
198 1426
1118 1446
214 1213
1451 1031
509 788
326 44
906 1041
59 691
1407 648
533 1748
749 1441
169 1294
154 20
307 1586
1795 1048
642 1374
833 561
141 140
1289 1553
69 1053
415 7
60 474
735 632
652 864
430 1125
671 1275
333 1199
1613 322
1594 1101
1718 237
1107 845
1084 1481
1173 674
132 1365
66 201
217 1295
1366 714
1732 1693
585 59
63 874
157 1630
1007 92
123 1571
1778 1463
247 1409
1498 1656
1004 1763
1737 1040
193 1764
1571 628
62 1502
64 1098
133 206
385 1399
1799 374
1052 457
951 809
512 1315
65 741
1200 980
383 680
1423 311
124 1276
398 1505
1286 49
1430 1112
1436 1633
1280 226
481 522
248 724
560 400
1618 1469
239 1597
1663 228
632 865
1599 1032
324 926
250 1825
1708 1373
1509 482
536 793
841 748
787 1342
1305 494
331 430
1332 1442
68 493
503 993
1329 1439
486 989
794 904
1226 417
1719 860
1203 347
1304 647
1728 1316
919 205
268 709
1078 944
1691 866
71 1423
619 149
1339 665
220 601
908 641
785 803
72 1393
720 1214
686 259
1784 1302
1789 1670
1580 1308
464 281
454 633
1217 469
685 836
70 1177
1142 1698
1564 1024
1437 499
1681 984
73 1003
218 1488
1349 1035
215 305
301 337
1159 1179
568 1588
516 1088
1245 1189
1628 676
907 1310
1382 39
1124 1066
520 381
74 1418
889 1416
1232 1607
1398 1245
1605 238
1476 1451
308 1061
1386 253
241 634
1295 1057
1381 179
1264 37
760 773
1566 1198
77 733
990 738
1348 345
672 1232
1178 529
631 475
1266 272
338 846
1781 1185
109 1618
611 800
1419 1247
823 1796
79 27
459 821
1031 1290
1442 1133
1672 133
1609 1680
500 473
388 1191
498 1847
726 934
610 1169
557 995
549 677
710 77
287 315
80 1584
100 414
924 424
1067 872
81 1479
275 1414
877 705
1158 975
280 1221
1359 1282
1489 1280
1193 131
1153 401
83 746
272 1160
1631 1745
1731 1516
444 760
84 1640
130 1592
400 134
1408 1832
395 371
371 1007
1234 366
89 110
82 973
85 535
1539 1826
316 1385
934 471
105 838
1054 1520
1352 756
1154 1345
1005 262
1172 130
480 223
86 1754
1036 520
984 1632
941 1341
1215 519
290 625
87 1644
1241 497
900 1562
838 577
783 854
1738 1540
747 1740
473 1311
337 770
1048 1293
1777 1253
116 1010
262 58
1207 1094
1140 263
1783 1643
1760 1617
739 234
1722 1515
896 1000
88 1027
90 1320
955 317
1030 516
1472 1482
1832 163
1773 682
1583 142
93 275
1210 1227
99 1830
850 128
1585 1090
696 1235
1113 1485
613 1614
1798 1823
863 967
976 1508
91 1557
92 90
282 1321
1120 889
158 1291
196 781
153 875
1274 1713
1089 1216
1413 856
1470 1099
729 1368
1558 1567
698 1649
1034 1371
411 1140
638 1504
1194 55
1354 1178
126 1628
1668 61
119 554
588 1761
1483 1419
981 1706
1003 1652
855 1663
1057 87
1046 892
94 1456
95 96
668 309
436 595
298 1576
712 539
1298 166
660 1616
460 355
1010 1087
447 643
966 496
1074 521
391 1207
846 688
462 841
1083 31
97 1383
491 1145
627 312
1066 630
413 1716
417 883
945 477
233 1364
665 613
547 1366
1422 1334
904 1161
703 1509
98 557
1150 171
1510 790
1254 294
713 1589
525 1596
1302 1468
1277 938
782 1
1425 1533
777 1486
1455 1620
804 526
101 986
1358 376
596 1609
288 333
565 1025
529 701
920 992
1071 1841
753 173
224 517
1570 922
1689 949
1782 308
165 1682
884 52
677 876
1053 1319
806 328
1307 1767
1658 342
1678 1314
174 1460
987 1749
414 891
1026 1507
1733 552
435 696
552 843
1079 158
913 64
104 327
205 285
1621 1367
476 1808
750 744
1292 1517
160 62
429 1572
1749 1030
144 287
1383 913
1356 1739
366 906
1143 755
107 438
108 1725
1695 1641
416 903
1187 1774
274 600
1297 1148
1429 278
742 433
401 1043
527 1816
910 942
212 692
1141 870
1546 1824
1291 1259
1707 1701
1582 91
528 1403
1033 1654
380 1261
922 367
807 350
112 323
683 985
732 188
1181 852
1169 726
1586 306
113 839
1688 111
175 1358
1443 180
245 812
1694 1239
168 159
1711 282
188 143
1710 734
469 1664
772 1287
114 811
115 1737
879 706
1092 1050
237 100
425 1626
816 840
1405 1279
1698 538
488 1521
575 1102
1632 1251
691 1410
1669 357
1655 1718
1341 1743
1167 1687
117 1271
1462 541
1322 1195
1157 1672
118 365
377 292
1131 572
818 360
1768 1727
1501 1173
1518 1659
1578 1564
1231 1238
470 316
757 1635
954 1742
1447 78
958 1363
793 362
815 8
563 1106
1677 408
625 1143
854 1180
276 145
874 379
962 1136
873 1840
1310 1354
1523 1070
1739 581
120 1054
121 947
278 1288
328 1103
1648 487
1752 212
155 1008
505 394
1267 331
184 1049
701 772
122 106
314 1677
843 1831
1367 656
988 1731
1208 909
1602 339
792 127
228 318
1743 383
1400 512
974 488
746 462
1505 298
544 1602
566 1606
916 1765
125 1729
991 560
1603 181
1480 620
145 871
1428 1183
836 1844
970 978
176 1549
1242 1256
1162 1223
1273 265
808 739
1477 1689
334 1285
714 1064
925 810
948 1267
259 1708
128 923
1620 1559
762 1513
230 1594
1629 917
1826 1526
875 658
1834 1581
1468 382
1533 1709
927 777
1497 1081
1013 436
1567 1827
131 154
1340 1755
396 799
1432 707
856 1536
603 1135
1094 1631
441 1578
1115 455
369 1484
786 754
716 1113
1716 1244
518 146
134 407
1487 988
409 164
1735 1068
378 384
561 1219
1682 1445
514 1788
136 983
1758 1034
315 208
1540 1750
1788 1494
137 918
556 921
734 104
617 390
578 172
485 1105
437 542
1466 1233
1223 1625
1815 713
615 1798
961 722
1517 1496
752 1092
140 1777
1766 1580
179 1719
926 152
1233 565
1025 1137
1137 1661
946 363
1720 416
676 1063
559 1192
1520 888
1214 721
972 622
865 1776
1333 1789
143 1681
1545 1079
172 728
1186 46
399 156
776 410
277 207
1804 1012
1132 4
1664 716
687 1619
583 855
937 310
553 1746
1475 11
1767 1480
1410 452
231 1455
1327 825
1671 498
1666 1141
352 1116
1070 1636
608 1065
139 518
146 1142
650 1811
812 1678
446 1573
147 112
649 1218
595 645
1135 928
1227 1820
989 1171
240 1839
952 126
1511 1226
1465 1078
150 1281
1812 101
1000 389
427 1473
1753 1835
1656 797
152 190
202 1172
829 1773
1426 1528
892 1013
768 698
604 1381
405 1114
465 1122
463 1152
1222 246
699 209
484 413
1424 608
1569 1104
422 69
1365 157
1369 1568
236 1804
744 1175
1806 182
779 1303
456 654
419 1622
582 1443
156 779
1705 802
1467 302
831 1771
467 445
1626 332
956 646
953 68
679 1665
1353 1299
159 730
1299 67
998 1115
1508 169
1595 19
901 1230
600 1306
864 123
1179 73
1577 1328
655 94
780 1355
161 12
162 1028
688 1492
1440 999
1028 418
1337 466
930 849
1538 250
819 695
1686 1194
457 449
751 1720
285 419
164 575
693 415
771 260
550 1100
728 763
1044 743
166 1052
267 32
167 506
1255 1465
743 235
1192 388
957 1346
579 353
1714 621
1058 398
1615 822
303 590
1457 1732
1787 1518
766 1658
666 1111
1397 161
1117 963
1701 257
171 1710
1099 1042
359 1023
504 1466
1006 1527
232 204
349 862
392 847
681 1204
258 851
724 1834
1417 570
1650 1404
558 976
1308 1792
546 816
365 950
674 896
1704 700
320 1828
1427 1378
996 979
443 1071
1673 929
1133 334
1493 1150
1588 1809
340 34
1315 1005
754 313
177 814
1165 276
1112 1457
1335 1543
667 1511
947 1082
802 1772
1459 1222
813 747
684 783
404 1555
869 81
1744 1595
355 1350
1600 1787
180 480
455 1260
740 1096
830 1724
181 703
639 420
1614 690
501 147
182 1638
1555 642
1623 1723
358 1495
389 1401
1593 1648
1657 887
1421 1360
1807 955
657 155
682 951
1276 1821
580 1421
661 1224
1284 1542
1751 1085
185 421
1690 1038
1265 1544
187 898
543 6
1399 144
894 1478
789 1427
186 932
835 1579
264 251
1532 787
442 344
1823 368
890 1117
1800 1449
1552 996
1554 95
1659 1662
332 579
360 1842
496 566
1597 907
1640 1705
871 563
1269 1471
191 719
643 489
243 548
192 30
592 29
1105 591
803 217
530 229
1253 1408
1702 167
1108 508
194 129
1347 1784
348 511
1324 425
1409 607
1416 1627
618 525
851 56
1438 393
1314 532
195 994
1091 1209
673 920
1323 1197
828 901
197 933
569 534
1360 528
756 1645
564 121
1573 504
567 798
1171 1155
1414 987
1027 762
199 1703
1503 943
888 1813
200 1072
281 832
1279 1400
1824 326
203 1329
1180 1405
1684 458
847 463
351 547
313 1728
1486 1228
1809 587
204 387
1009 1395
1813 304
853 1283
1528 1500
1776 102
206 1646
1282 502
1149 886
758 971
1017 1130
1725 578
1762 1639
1446 481
1296 279
207 1512
1109 771
478 1752
1176 361
636 1045
702 775
1461 604
1611 1697
1385 1475
1320 352
1069 1394
209 946
1775 1380
798 1120
1796 1119
1396 1411
1391 1309
1350 693
708 65
1184 5
1805 1011
1156 653
626 16
1032 76
1642 629
257 1712
406 661
1281 1297
1464 1190
1482 1017
1741 1535
943 28
1536 1356
1125 1323
1016 914
1516 1312
279 1612
1374 1721
883 1413
597 905
1188 1782
769 89
1713 1352
868 675
1530 939
1130 1369
304 191
1764 1747
1096 1298
1064 505
1771 801
635 213
221 1200
1228 1812
778 478
1706 1375
1190 404
1138 657
222 1215
852 120
410 1679
223 1668
1012 1593
1638 1585
1127 879
1272 1388
225 1685
736 1762
226 289
227 1051
1345 153
339 51
229 1760
621 1818
963 619
1606 460
1596 1781
704 434
242 583
508 435
255 1333
1811 794
1336 203
1288 568
1238 884
1080 1551
1379 1091
1654 75
1449 697
918 1201
235 187
283 269
1551 103
880 118
364 523
526 551
1082 764
731 723
859 470
1496 412
1392 1541
1770 1327
1051 1800
1377 186
886 1734
662 639
628 1524
1651 283
1355 765
244 806
1547 1181
593 93
555 524
574 1696
1047 1337
551 1669
522 348
995 1532
717 1269
796 1510
1763 1047
1393 853
721 50
882 176
249 1241
1368 592
251 1601
252 786
426 245
1189 1286
1275 935
1460 732
1042 1829
1653 338
983 42
1495 293
254 1440
1311 1714
387 1146
329 454
1591 1552
1607 1236
1145 1033
1662 972
928 271
323 1377
1144 43
1206 1691
1221 1313
450 1060
1473 1768
261 405
1023 324
1780 1415
800 465
554 125
605 446
825 670
263 83
590 710
1330 1837
1829 612
1199 500
1445 1020
265 343
1225 1392
266 1186
1183 320
616 599
602 57
269 1009
745 232
1683 545
1325 241
775 574
271 1790
1765 659
381 1613
1081 295
1121 1565
273 1574
1524 1605
1313 1467
1060 138
318 940
1692 1849
1519 571
1575 687
1346 1666
902 1016
1779 1322
1303 649
1646 1124
1318 1757
1342 467
1759 1655
1259 1231
1797 1498
653 1624
1300 1205
1375 753
1376 667
286 1523
664 254
1761 585
1041 98
759 397
1786 495
1213 266
1247 644
373 774
1380 882
289 1304
1791 479
541 1436
1257 1462
737 264
382 1074
1220 617
292 247
648 1153
599 1795
1301 1147
293 957
1011 558
420 1802
895 391
1549 1386
295 924
832 184
1075 1187
418 1587
1453 609
985 615
297 1349
891 1538
1139 170
1643 1758
730 336
367 1458
1801 631
1560 240
929 160
1616 1348
386 662
781 712
680 211
1535 759
440 1642
368 1730
1835 451
601 1021
977 958
738 54
1404 1331
718 396
614 1554
659 509
1049 248
1361 1156
493 861
1039 351
306 409
534 491
741 1397
499 1674
993 1001
1548 637
311 651
1370 857
489 86
911 1433
1328 1531
598 1149
1191 562
722 119
1059 224
1674 1545
1726 1454
317 1801
773 618
790 1751
1164 880
978 1359
1793 422
482 900
1825 514
1195 1623
1504 395
477 218
432 256
938 751
1216 507
1513 1447
986 79
576 113
428 441
327 1775
1378 1491
1774 286
1155 808
330 769
1562 1089
1294 624
1456 1786
1260 610
1122 1073
1316 165
1818 1803
1481 791
1471 830
1790 1506
1514 1158
1703 1598
692 954
1769 533
343 53
1553 1547
1604 215
694 1340
515 1250
1740 385
344 1783
346 671
1479 1075
1441 1208
1598 720
572 105
1389 1615
350 1608
402 464
1667 611
1676 1123
788 789
1652 966
912 1353
353 178
354 1202
1680 1084
1100 301
1515 60
935 1591
799 372
1218 673
357 233
982 426
1463 804
573 472
675 1797
361 280
810 1779
363 749
1388 456
1581 1339
1065 1317
763 1022
1198 699
1556 1093
372 1284
1645 10
1077 24
1344 1318
521 1525
797 925
1085 945
845 117
1627 1683
1290 189
506 704
670 1107
570 1004
1565 1667
587 640
719 1184
1792 1127
1630 761
755 359
973 1634
1170 136
471 573
423 429
999 1258
1262 1422
647 817
994 1246
764 1519
394 122
421 527
1746 1432
774 1080
397 796
1814 1653
1001 1109
620 867
839 41
1343 1396
885 897
669 1002
1507 953
915 819
1175 1474
1444 982
412 15
1635 1778
1808 476
1390 468
1827 586
1563 1389
424 114
1134 1770
909 1026
950 486
434 375
1061 824
1317 1657
1197 377
452 141
844 776
1372 679
805 1647
1561 1412
1022 890
537 752
700 1083
1146 828
449 3
1020 778
1730 902
1035 1769
453 652
1750 1154
840 38
535 1424
1202 1430
1063 1660
542 829
584 636
1182 544
1319 1717
1278 1791
475 1225
1697 536
1248 702
1309 1675
1037 503
1239 1472
1608 1138
651 740
1177 785
492 1058
887 970
495 300
733 1108
1420 715
1093 1174
914 1470
1488 546
510 827
1373 1406
517 1164
1529 1240
524 1015
1251 623
711 137
709 1503
538 66
1452 1833
1587 844
1500 364
1384 107
1685 717
1128 1582
1402 1159
1201 910
644 1822
689 423
959 1398
562 663
1136 593
1401 1711
706 402
1723 151
581 222
1240 869
980 727
586 1550
723 666
1219 1459
992 1799
1541 1361
607 1264
1056 1794
964 1836
640 1490
1087 1848
1211 1118
1450 1569
634 185
770 109
656 1817
1151 1438
1362 380
1721 597
867 244
1696 21
678 1534
1527 916
1537 386
1250 9
936 135
1693 1193
697 1699
1163 1522
1040 1182
1252 894
1403 1370
1101 1255
1822 842
1433 576
811 1132
1531 1248
1469 1577
1794 626
1256 1336
1406 1272
1434 373
