01 23_69_73 0.0304920726058461
30 3_6_14_18 0.0350644144863235
8_44 64 0.29045109652278
90 54 0.109356401478247
16_25_49 8_44 0.0195469200355806
37 01 0.0832450968308132
30 17 0.135846192829919
4_5_28_38_46 3_6_14_18 -0.017308112311551
61 17 0.007701669209634
41 65 0.0733832658565732
71 35 0.00948627786674
23_69_73 72_81 0.0963529809689941
34 33 0.0149669742738921
7_32 3_6_14_18 -0.0209557933189198
2_12_19 10_27 0.073814462459781
90 24 0.0083160498461086
82 84 0.0277281221612413
31 85 0.0536961907468975
33 18 0.0794978515606475
34 22_39_58 0.0890867749975922
40 30 0.0262969892732606
88 01 0.0385604454805138
22_39_58 23_69_73 0.0298488087258814
50 13_43 0.0422937851635503
10_27 41 0.0292941993867115
21_26_51_60 18 -0.0069192890730927
71 90 0.0055825578685874
35 18 0.19802176839846
56 17 0.129182777563228
80 53 0.050728104871925
35 42 0.0097049544794014
20 2_12_19 0.130637339189776
37 74 0.0073664739701929
31 8_44 0.0328741331640422
54 70_79_83 0.0246725280733865
82 53 0.0308603968176911
53 84 0.063209874226677
53 4_5_28_38_46 0.0789593777802582
40 72_81 0.0218629247078903
66 3_6_14_18 -0.0503472431033736
62 47 -0.0222145007326536
3_6_14_18 23_69_73 -0.0102336768767535
16_25_49 74 0.010486133880366
71 74 0.0313417877535066
66 29_36_52_63 0.322437426556462
34 7_32 0.195201781911534
77 35 0.0147186011363217
01 7_32 0.027243481319907
10_27 75 0.0256173297624851
13_43 23_69_73 0.0385933655170369
66 30 -0.0053635689138485
16_25_49 35 0.0554632064159324
18 42 0.0264721715107265
77 65 0.0591222592392747
7_32 70_79_83 0.0159879645563426
77 10_27 0.0596838129235043
37 18 0.0368365156256636
80 31 0.149537379207738
34 23_69_73 0.0190679497315285
29_36_52_63 50 0.0422057705468737
24 54 0.0376056606365875
37 50 0.0155362217385898
37 68_86 0.197791978829859
68_86 71 0.219595330229073
2_12_19 24 0.0001321630222784
01 85 0.0092858919424714
78 42 0.0091064988420035
77 13_43 0.0202268492863677
64 84 0.0654274726265675
22_39_58 7_32 0.0217079051575251
30 84 0.0141207337502725
80 82 0.250751169557975
76 21_26_51_60 -0.0398992082717668
22_39_58 77 0.158249475779044
74 35 0.105392183852704
84 70_79_83 0.179343074286116
13_43 89 0.181663986848116
8_44 75 0.0245142788335831
67 2_12_19 0.0284489840960341
22_39_58 72_81 0.0038471961865683
88 47 0.090574387715646
47 65 0.0222574262476825
21_26_51_60 4_5_28_38_46 -0.0215901394426617
61 35 0.0137814255355042
62 56 0.0413277002860891
22_39_58 17 0.0516019099920885
23_69_73 84 0.0135294622355258
80 33 0.0492414580263985
62 87 0.0929892170199608
67 78 0.135058530387363
67 66 -0.0060654130538238
22_39_58 84 0.0450523208268638
50 41 0.143823239427447
85 42 0.0228700000227444
37 85 0.0043377798238704
11 72_81 0.0520621919338529
22_39_58 47 0.0295384776088705
7_32 47 0.0305642312784644
18 24 0.0847955475847759
34 01 0.0392548765929113
85 29_36_52_63 -0.008989785159133
22_39_58 53 0.0268339350488443
16_25_49 78 0.0169157406481733
37 20 0.0018572378665257
13_43 47 0.0252401571080638
66 53 0.16847252095176
01 91 0.0896258073470589
88 17 0.0984737842745134
10_27 17 0.0538732220425277
33 4_5_28_38_46 0.0156045480611237
62 61 0.0282080489803072
4_5_28_38_46 29_36_52_63 0.165391425050862
01 35 0.0138087677315423
50 3_6_14_18 -0.0620699221321517
2_12_19 87 0.0074302072685424
10_27 65 0.0786112292514454
40 20 0.0281781932122571
67 74 0.0036957423953518
8_44 3_6_14_18 0.0534544412685146
71 61 0.115090601101475
66 85 -0.0726954314703535
37 80 0.0174639588182349
31 10_27 0.0481932397046288
88 13_43 0.0462716563585201
53 11 0.0559684167815627
21_26_51_60 15_57 -0.0152384700179242
71 7_32 0.0207507960612014
37 90 0.0337404259477405
33 29_36_52_63 0.134147834644541
62 13_43 -0.0995606646360501
56 61 0.0970223589644383
88 56 0.0436214842868661
37 7_32 0.0472824465954356
20 35 0.0127949618755667
31 20 0.0002591291270171
80 77 0.0141573906755173
66 4_5_28_38_46 0.371604339015379
23_69_73 24 0.105099480976899
50 9_45_55_59 0.100183418284013
50 47 0.0480228013149041
62 40 0.093508208032157
87 65 0.0440450844323146
40 56 0.175426231867995
78 82 0.43606523663635
47 24 0.192149797329562
37 82 0.0010579175227854
67 82 0.0663055428604697
10_27 35 0.0206784067585235
76 10_27 -0.025135298005114
22_39_58 65 0.0328058194717616
21_26_51_60 35 -0.0075427444588686
20 10_27 0.173178593738023
31 53 0.0176163119159581
88 50 0.0672102096649154
85 84 0.0354609034002568
13_43 24 0.129922391214214
3_6_14_18 75 0.147887416509065
40 88 0.0295286351739349
16_25_49 10_27 0.0493143075912745
40 87 0.141509762822293
20 90 0.0005897098571766
31 64 0.13712049437007
76 74 0.291928975093368
85 53 0.115473424189847
37 24 0.0037893861796401
56 54 0.0994040918817008
50 89 0.057402890073141
76 17 0.107127660342416
84 15_57 0.0241288529035535
33 71 0.0026905849329036
8_44 77 0.0017132596094234
7_32 9_45_55_59 0.0119846524349986
13_43 41 0.0655887524891441
56 65 0.0396515638490995
8_44 2_12_19 0.0570940376716526
01 90 0.0800512821537809
67 85 0.137372841529445
35 47 0.066109605444026
88 7_32 0.031499062824274
42 70_79_83 0.179967100481012
77 85 0.0575842246063912
77 47 0.0177062705781248
68_86 91 0.122473132626167
61 50 0.0875149811038559
10_27 87 0.0044610785604506
21_26_51_60 75 0.0380757534919236
4_5_28_38_46 54 0.0266800996200941
91 24 0.0186307864289689
2_12_19 65 0.0805434307242476
80 78 0.0501410297021273
37 91 0.0245633485811745
37 71 0.0322609007940943
89 47 0.0371271502531368
66 64 -0.0095154545502165
7_32 4_5_28_38_46 0.0217244336441236
91 4_5_28_38_46 0.0625725566932376
30 41 0.0176339644648341
34 21_26_51_60 0.401334199303551
33 78 0.0939419871682317
66 15_57 -0.0358286611077888
74 15_57 0.216938236675875
20 7_32 0.0312316069586715
85 15_57 0.033925523942363
56 01 -0.041915454443297
7_32 10_27 0.0428787529370317
68_86 90 0.0968355180860353
35 9_45_55_59 0.0087462807366103
91 61 0.0017278781539764
88 22_39_58 0.0970254414296079
33 85 0.130149303513788
20 65 0.0580318550083095
78 85 0.0843537916552969
3_6_14_18 9_45_55_59 -0.0754803165306283
87 17 0.0035285555176351
82 17 -0.003687883254744
10_27 30 0.0742214600475671
76 4_5_28_38_46 0.0081679480299397
75 54 0.202422935082006
13_43 72_81 0.137824913719147
11 9_45_55_59 0.0382431792963586
40 17 0.0843405259986842
47 54 0.0766869748668459
18 47 0.0205888880871856
89 41 0.006104892497377
22_39_58 30 0.0618602926569446
01 65 0.0381519302801774
89 24 0.282021357394182
88 72_81 0.028384457771692
53 61 0.0305127325028045
20 47 0.09158579953483
68_86 42 0.0028239477211087
74 61 0.0132303964166458
62 71 0.315297683043771
70_79_83 72_81 0.161165367117161
42 15_57 0.0969002192305687
7_32 90 0.0082158468856225
16_25_49 30 0.107607854228451
2_12_19 75 0.0516187711010388
31 78 0.03299327849617
01 13_43 0.0146470774198549
82 18 0.0329967044765723
77 30 0.150120735888417
23_69_73 54 0.0368236994056925
56 75 0.174184512620175
01 47 0.0166558742911214
37 72_81 0.0527403186704469
35 70_79_83 0.034691353176608
21_26_51_60 42 -0.0241821098204699
20 87 0.0214831440149212
78 53 0.0365096918912879
80 22_39_58 0.0058167635593023
62 17 0.042376255652137
7_32 50 0.0220371905999672
91 23_69_73 0.0360011337669251
85 24 0.0021826880610081
50 24 0.0034337493184392
34 24 0.027108232509969
9_45_55_59 23_69_73 0.0032659445143405
16_25_49 90 0.0074718089671275
29_36_52_63 24 0.0263988061962595
8_44 30 0.0363504909583231
53 3_6_14_18 -0.0599038592936585
61 70_79_83 0.0221205784502074
61 90 0.073679085485217
35 13_43 0.0155682145114488
88 65 0.0407388121615156
22_39_58 50 0.0174405752302478
31 82 0.164843279650793
37 29_36_52_63 0.0250197320164478
3_6_14_18 11 -0.122974600411458
11 89 0.0403973783562113
16_25_49 72_81 0.0169902987757534
2_12_19 77 0.207992128841502
67 64 0.0074825985320631
31 77 0.0820069689959764
16_25_49 7_32 0.020694107145365
53 72_81 0.0135011696149462
88 41 0.0064578827007133
21_26_51_60 61 -0.0313710792028489
76 70_79_83 0.0298548420323113
68_86 74 0.0011576980725617
61 42 0.0088299816528893
16_25_49 77 0.170990173568133
61 54 0.130236589687001
29_36_52_63 3_6_14_18 -0.0420664640215952
80 16_25_49 0.0361707542523603
76 75 -0.0089644767146042
40 41 0.0191394619374719
68_86 01 0.193199938202021
34 47 0.0104169725621476
71 54 0.015478815737163
78 74 0.0112619783661056
88 61 0.0549860161615867
66 42 -0.0095257582664727
68_86 65 0.0786098950437001
7_32 35 0.0324596508768456
34 3_6_14_18 -0.012963871633975
76 42 0.0075593072441386
4_5_28_38_46 87 0.0080227460864709
90 65 0.0303103665031155
77 84 0.0293620841314174
30 72_81 0.0272877507214983
90 9_45_55_59 0.0080748592546368
87 41 0.118559078785226
78 84 0.042133635904661
22_39_58 2_12_19 0.003037087165891
68_86 24 0.0264406644225356
33 82 0.0934742924106011
67 8_44 0.0183515249621903
16_25_49 88 0.176954314563719
9_45_55_59 89 0.0528710979024373
85 61 0.0002236504077295
80 8_44 0.154965512305656
67 33 0.1240742067706
34 54 0.002788358211764
64 65 0.0150079923422665
42 23_69_73 0.0569981134519313
23_69_73 89 0.0334496225626452
66 18 0.0108345676901834
01 18 0.0032640346543122
01 24 0.0467117160387563
37 42 0.0410328756787391
20 13_43 0.0165975883205852
30 65 0.0897009550920481
61 15_57 0.0022843073988302
29_36_52_63 18 0.104746860971457
2_12_19 64 0.0479447878997423
22_39_58 13_43 0.049435560539002
