0 863
1699 96
3 410
5 961
1695 52
6 35
1692 506
1690 1108
178 171
1623 1115
407 1232
392 302
1612 916
209 900
785 1083
43 419
874 550
1 181
2 1416
4 1118
1698 190
1697 1004
7 1215
1694 544
9 931
1693 1116
11 666
1566 715
1665 1609
781 341
853 1575
1140 1067
1079 1207
1696 1665
10 814
12 1410
78 890
331 192
1312 1483
439 680
1487 613
432 952
536 581
569 23
1153 1224
1509 1374
233 1292
134 902
367 1159
1470 667
1269 1363
433 1269
275 517
1342 1525
643 1095
1274 1393
56 176
1538 1638
934 1223
8 1372
13 245
15 1667
106 99
839 1565
1619 979
54 1545
1383 948
1607 493
691 484
1419 1284
498 337
14 1267
690 1389
102 75
855 981
269 379
414 148
1559 1034
16 232
17 586
502 51
420 951
552 1420
837 1068
18 462
369 1006
319 536
1497 465
1364 1057
1516 1140
519 546
617 1185
1225 497
1348 1198
153 487
1197 1428
1381 988
893 762
305 513
1182 1677
109 1154
1338 756
278 463
1095 12
1340 42
481 1123
1472 1047
19 1367
20 15
825 1418
1652 213
22 841
1474 1080
1085 326
1107 1641
1573 757
111 786
125 572
346 340
21 1261
23 732
1499 1454
246 1357
1324 1683
256 1340
164 338
861 214
24 470
1240 110
1302 1581
1498 1629
586 352
771 1600
60 1461
25 1650
709 289
688 840
1007 29
783 123
1459 1271
505 868
291 130
589 1376
1217 1248
1256 794
997 603
923 270
75 534
1653 235
218 983
652 1103
788 1438
1564 2
1157 1092
685 1548
1418 1178
76 658
26 1048
27 1072
881 382
698 117
866 1494
376 849
472 1104
1576 1383
355 295
28 76
29 266
294 473
686 1087
1102 353
474 839
752 1237
969 1090
286 770
689 1026
89 1233
813 718
1687 1015
1473 296
1196 149
466 1249
1485 31
30 1332
31 1330
927 891
354 1478
253 1366
69 704
1641 371
507 1582
625 34
402 468
515 1081
32 41
33 1151
1295 1415
1621 601
713 1122
739 288
957 805
438 1573
1605 1485
958 209
1162 668
1628 411
110 1588
693 1024
1299 937
34 1148
35 1137
1043 1632
557 440
1051 1589
1239 876
749 25
486 146
906 306
1284 248
1351 1612
1660 1005
36 1188
293 522
801 43
735 1425
350 1186
518 1242
37 1360
38 424
1575 956
241 664
1622 514
1670 1205
1003 1498
1533 1187
232 1610
271 1302
720 865
521 274
650 215
651 1017
1181 886
966 1627
81 254
388 1295
1046 1536
39 91
40 1572
949 633
149 1169
1649 777
1286 1658
42 688
121 518
1560 1003
676 1405
1483 641
1048 793
132 958
252 47
419 747
1581 199
894 265
671 467
520 1591
1150 980
727 334
1395 984
638 1507
284 78
41 240
44 397
827 567
1309 172
1315 1347
1477 1112
762 188
1406 142
1185 335
491 1471
673 453
654 276
1458 153
384 972
220 1590
812 716
46 1529
852 1424
919 866
819 272
1574 772
700 1656
907 381
637 1084
155 1639
1333 314
45 1419
47 671
48 1162
1209 1199
1327 115
1409 1653
1546 50
936 1086
641 652
49 414
682 597
1129 686
470 161
1112 301
50 600
1465 927
268 1537
1038 54
456 1686
820 901
352 1208
277 1040
1629 261
51 955
473 36
971 474
455 367
697 482
571 1411
1221 425
427 848
52 831
955 430
53 1551
457 1272
1521 554
482 1407
765 273
948 1346
1602 773
972 1303
1141 535
1397 1158
1375 401
1294 987
1201 144
737 113
1366 6
991 1486
1298 1578
55 1468
1044 1055
1285 1228
385 21
1184 1606
634 1680
860 166
1345 1339
1443 441
1532 888
1291 107
669 1139
1030 1320
279 584
904 1214
1399 1020
309 128
621 530
929 1321
412 533
1035 1168
57 1268
58 1246
1200 602
195 1059
503 771
160 1131
280 690
1099 90
310 1144
675 1297
1688 1617
1437 249
59 111
61 226
107 1552
1206 1511
1413 173
793 476
236 1671
1127 759
925 1099
916 1071
892 583
62 752
247 1685
216 1477
529 1442
1272 1126
1290 542
706 1273
910 1244
231 1252
995 131
97 69
64 832
333 1512
235 1458
1593 978
1515 1065
99 634
63 1129
563 1160
1635 236
1416 250
283 18
768 1285
413 1234
970 712
510 225
659 1640
65 1595
66 327
67 291
356 563
1108 1439
1213 39
1422 589
585 763
564 421
480 640
467 443
993 1557
613 682
921 1386
1372 829
1404 1120
301 928
68 456
556 203
1260 55
704 1334
647 1335
645 893
1335 1563
1451 1546
70 347
71 632
990 1229
1615 569
179 305
1528 1445
72 1183
1454 1651
371 105
1251 319
901 369
221 1138
1571 635
351 1291
1098 685
334 1649
1411 710
566 527
1625 1421
204 939
73 1202
74 699
1510 1105
887 398
497 449
655 46
602 1380
1555 736
672 251
77 579
1339 516
1466 727
1168 783
375 221
200 537
944 614
1322 1562
1414 787
79 1029
996 1509
898 1279
888 444
366 187
80 132
889 325
1136 623
864 180
523 826
460 336
911 1564
494 1296
1429 1647
609 1652
1264 823
408 1049
197 1281
684 1094
1138 878
83 798
1388 1033
459 1634
545 523
82 26
84 1378
1192 1000
1561 307
639 310
85 1018
406 1655
1389 472
381 216
127 766
485 1050
528 459
1433 1550
941 1369
201 804
1317 1696
349 1570
522 1167
1059 734
287 720
1424 555
1017 1197
1042 1341
905 377
1502 16
87 687
508 920
1060 941
300 851
403 380
447 642
1094 486
104 358
1041 1307
714 1125
843 675
1462 317
1396 95
780 147
147 911
1585 116
1426 860
1650 1230
424 1524
86 509
1061 748
1205 483
373 967
242 717
288 799
90 374
660 1637
335 4
88 733
91 909
452 936
998 1423
608 1547
1392 1635
198 103
483 72
915 304
1494 963
1390 1193
92 997
699 730
415 1687
696 815
1250 990
1530 975
93 1385
636 1631
626 1400
897 1543
94 202
95 651
1045 611
1254 420
468 315
372 1315
1232 1226
96 255
1306 1274
347 316
177 1666
1231 389
857 354
98 1238
124 65
665 1607
180 1306
1113 1009
259 833
799 754
103 646
389 711
603 1427
423 1464
1271 813
1064 1127
368 1422
815 1064
1534 1045
100 1533
1179 1053
1277 553
154 154
848 426
578 1624
517 287
1645 360
1578 1069
285 57
448 510
170 707
1066 993
1508 837
101 1227
896 418
212 243
730 838
856 728
222 1402
642 1060
1616 957
1253 228
105 120
541 247
1380 691
430 954
1101 1276
1343 1698
731 889
1084 491
1163 256
846 87
1540 212
1148 282
797 38
136 1487
1637 836
108 847
187 853
1015 618
1337 992
1109 145
992 879
1330 277
593 448
1178 200
1115 629
1518 152
244 946
1563 1690
442 253
464 139
842 574
112 588
547 98
858 133
796 706
1441 673
113 976
604 437
440 1046
495 1599
374 1620
1118 362
818 264
1481 824
824 138
738 1388
282 524
114 311
115 217
1080 1408
1120 1476
1678 83
1471 1286
1033 222
142 872
116 1098
1075 363
816 713
1212 469
117 278
1691 281
1341 135
1001 1535
933 819
1320 1174
779 1153
380 241
1398 557
772 175
118 596
1208 1240
1588 1594
1207 234
119 1531
120 531
539 155
574 854
790 1489
506 1523
565 1490
1620 458
1180 1128
1019 101
1646 1440
148 610
240 1038
321 1165
123 511
1263 1265
743 1019
1278 810
1627 758
152 970
122 1175
1448 197
1415 1356
666 1327
873 1616
126 193
1446 1453
512 1488
436 760
1151 280
1440 1209
733 1145
1024 1444
595 1414
909 587
1083 89
490 20
238 1368
128 725
359 285
1475 1325
1513 394
129 778
161 674
500 656
759 898
130 1618
167 92
903 244
723 808
1032 309
526 388
1082 66
131 1395
968 825
298 995
1092 393
1305 502
133 1447
568 1623
1491 126
135 370
1222 330
938 464
1405 1070
1328 1149
729 507
964 160
137 81
1552 1456
616 447
807 501
1456 1474
138 438
217 1134
1249 136
1544 899
140 1576
549 726
208 406
1488 1561
1400 526
139 1475
141 746
940 1161
605 49
649 349
299 185
479 662
1229 331
1135 1371
548 620
1235 263
912 343
1562 361
144 1212
740 1135
1050 1260
1517 1502
143 991
145 519
1596 1322
146 427
1579 106
754 1538
1203 1313
325 559
1644 907
1321 1544
499 1684
1478 359
1464 806
378 73
1154 925
1081 1314
395 1697
1218 612
150 797
883 229
1237 1619
985 561
758 539
1236 384
845 775
1682 1299
1086 1107
795 246
974 1316
1273 844
753 267
1357 1448
1331 275
1582 922
151 788
156 1323
1026 432
1501 499
1013 59
469 870
484 184
157 1431
681 817
1539 820
158 616
1490 790
1122 1373
1681 191
979 292
1028 608
342 780
542 183
817 141
1177 982
159 1351
623 1633
977 795
1514 661
1248 1206
869 1553
1096 435
1512 869
162 1054
1432 700
1047 186
1495 1032
1685 1480
599 998
810 415
618 1644
165 1628
1352 1365
431 1345
1067 1298
776 1435
258 1056
1087 416
410 298
1106 1669
163 1022
166 169
255 910
1111 1645
577 150
1052 1642
1175 1695
223 1694
168 1409
327 324
443 595
1191 48
509 1470
357 1309
1444 1173
532 140
219 1682
169 1455
1577 364
630 1604
708 1508
171 1501
1543 1566
1259 917
1617 237
267 404
954 1236
560 239
172 94
370 689
1215 719
775 1390
1664 1361
173 1430
1283 143
1058 28
550 58
757 74
615 303
1354 940
1241 1681
174 947
982 159
1014 1001
707 812
1100 1114
840 643
175 125
176 1013
1407 403
1146 969
315 1324
358 1479
437 1012
1005 1091
1355 407
635 1446
987 1396
273 650
576 86
1189 376
606 1290
622 1349
181 751
543 208
967 1603
511 1661
1642 345
307 953
344 801
1482 698
463 724
182 109
183 182
1143 573
1431 1398
880 387
555 122
871 858
1647 1518
184 867
185 230
1445 1113
339 1397
588 1200
798 915
186 742
953 1073
942 480
1316 1256
1547 24
1545 857
188 0
1139 1305
189 262
1537 1403
383 33
1164 17
1586 543
190 1555
1198 460
890 1358
1567 179
607 1521
191 764
260 108
1408 590
1479 529
716 582
192 1406
805 1304
227 617
1310 1102
311 827
1347 977
1296 269
477 297
1587 571
1280 918
1453 1412
734 1331
292 1678
194 1432
1557 56
193 761
196 1497
782 604
814 19
1053 776
744 1310
264 104
199 271
877 1180
1334 684
1057 1243
492 1496
1265 745
1376 669
1496 284
202 607
1238 204
435 189
203 855
1036 8
914 1593
1246 494
1507 696
476 1027
1455 490
1142 1520
1144 392
205 37
274 558
702 11
732 881
207 905
937 966
1258 873
1131 1662
1535 914
1583 258
243 672
722 14
908 1527
1365 1353
1610 210
206 84
1188 1043
544 1663
210 973
211 1066
761 1311
809 1417
943 127
1233 1443
928 428
213 1136
1292 357
956 1517
214 621
628 875
1484 575
627 162
711 1493
363 945
1244 744
1332 1326
290 220
1361 412
1282 1460
215 942
951 834
478 822
1358 565
891 1293
870 1352
1325 1504
847 1691
1600 1636
1074 1602
777 859
1055 1605
900 649
1270 417
1155 880
670 964
1204 644
224 1670
429 547
561 1598
784 1201
755 560
1679 1560
226 1282
405 365
297 552
863 224
225 114
228 738
1387 750
1486 541
1165 796
229 1492
683 313
1247 1437
230 1328
540 1689
1666 1499
234 1484
802 1025
767 887
1219 791
1603 1505
1056 615
377 721
306 257
421 933
323 1241
611 1192
237 906
886 892
692 564
1378 885
844 1584
546 53
296 385
973 7
705 10
289 883
694 195
239 852
1011 30
741 1359
1438 300
1423 489
1654 932
302 598
1159 238
1569 570
538 1692
1029 1189
245 1254
426 683
687 1259
262 1152
962 924
1568 929
248 402
1427 466
1401 1239
249 80
504 1220
1500 1337
409 962
1068 1130
1034 1030
250 452
1425 659
1210 165
703 811
251 1010
340 807
1460 921
1680 1528
679 1338
1319 1394
1591 693
1287 605
680 1436
1476 323
254 919
295 434
257 681
717 930
261 1058
1021 1319
1303 461
1194 1245
981 1596
1367 339
1183 792
1556 1031
270 121
513 1467
326 1355
1594 351
263 714
736 431
265 638
939 1204
872 1222
1598 1426
266 318
644 1016
276 346
1386 413
1170 1674
1480 286
1267 913
1519 97
718 1449
465 1348
471 1008
445 782
272 1465
1393 201
1677 391
1669 1157
674 538
1676 1354
1257 1062
1346 71
1549 959
1410 1270
980 1377
1227 206
1511 943
1614 350
1421 1036
281 1195
695 1646
446 556
715 1473
1428 1558
1147 1569
787 639
1152 1079
1420 821
1611 1078
422 1312
1626 9
562 781
575 739
1281 1611
1002 753
1070 1450
1489 328
1434 1196
322 985
390 1384
1307 520
525 861
1262 1336
710 743
1336 1333
1503 548
1657 593
1379 842
769 1329
832 481
1008 405
533 1044
313 129
1435 174
918 67
1126 333
1672 85
318 478
1174 386
1450 471
487 1147
591 495
1226 1283
303 1622
304 512
461 695
1025 119
1370 599
1104 1675
770 1133
1216 1156
341 320
1009 321
899 164
1275 816
1417 475
308 373
746 500
836 100
1172 1541
1266 908
1130 1203
1597 205
1430 1462
1149 897
868 912
411 312
1663 1172
531 231
598 1211
1323 935
751 1002
312 1516
314 223
1613 625
1349 619
365 624
316 1648
317 219
764 1119
1553 211
320 1657
932 390
1449 949
1088 1549
382 631
1520 498
1091 740
324 342
1110 118
1590 1190
1643 1452
952 694
619 1106
1529 1216
1158 1262
653 1672
328 137
959 1643
1054 1688
1195 1482
1609 818
330 591
1359 1035
329 260
1105 1514
567 485
332 1554
1608 1028
1493 1023
336 1534
404 765
867 1318
337 705
338 504
1132 986
1252 198
1554 1379
1506 1181
343 1539
570 1142
1114 1659
1391 293
1570 1061
1089 1526
348 994
345 1191
1463 1155
945 1042
441 1615
353 670
1651 622
1353 628
364 1076
1624 1540
428 856
534 785
454 355
360 170
361 488
362 207
1640 1556
830 1039
425 645
1255 1110
947 1287
1010 1515
1631 665
1659 657
1161 835
1656 944
1684 451
1461 1382
1363 1693
631 1231
1526 1247
994 1399
1592 60
1169 1699
624 637
850 722
1580 809
1023 454
379 1052
829 627
913 372
1199 1184
663 540
1288 163
416 532
1329 1264
1078 457
786 1342
386 299
387 1170
1103 1664
553 864
1012 729
1069 701
1018 1308
580 1585
747 218
1368 1433
583 577
391 525
1121 903
393 196
394 609
396 846
1039 1510
397 1217
1318 1401
821 1021
1689 521
398 723
620 124
399 1253
400 1014
401 974
1186 1077
823 40
453 877
1116 1530
876 1011
1124 1413
1022 1280
745 1141
854 1375
960 368
794 290
417 395
418 423
1063 960
803 1513
1097 749
1551 1463
724 294
640 1007
833 708
826 1213
822 1660
1630 1164
551 769
835 1571
501 1317
1020 1089
978 1532
1027 1088
449 227
434 968
1006 703
950 1166
841 965
1123 32
1403 1469
1531 64
648 1441
629 1668
444 678
1133 653
804 774
1373 436
756 479
450 702
1565 455
1220 1275
1442 1626
451 399
1371 731
664 1679
514 1481
1125 477
988 1614
462 1109
1276 1250
984 268
458 1654
646 1221
559 630
879 578
1668 1177
975 1567
1402 1132
859 1404
1245 1143
1447 1255
600 1263
632 252
1301 896
1073 1451
668 1235
475 654
1243 63
1214 1257
657 70
1289 1101
792 1344
1202 1577
554 566
488 1225
773 803
1639 93
656 383
1360 1093
963 545
489 1075
493 375
831 1146
1344 88
1350 442
1167 409
1065 1457
496 1392
592 1277
1638 1621
1072 322
1362 167
725 1219
1311 1
1160 884
1601 996
1527 636
1385 77
1166 450
1137 926
516 1266
983 1491
530 950
1071 549
748 709
1550 1601
1062 1343
1382 592
1117 1625
1675 1387
1313 242
895 1522
524 1037
527 429
1268 989
926 422
930 178
658 1559
535 1362
728 934
573 871
885 568
537 1111
1223 1289
766 585
1156 580
1076 79
834 408
1016 828
601 1391
849 663
1040 768
1599 679
1230 1364
917 1587
1049 1218
558 697
1128 938
1234 971
1394 13
778 1350
612 1100
999 151
587 1586
961 396
572 551
924 648
965 329
1374 882
610 45
579 1506
581 44
1242 233
582 802
584 741
590 904
1119 874
594 1429
851 378
597 515
806 800
596 1495
931 1124
1524 1579
1504 843
1541 647
614 505
789 446
1436 168
1173 655
1077 1258
750 767
1572 1150
1658 894
1037 1503
633 492
1636 1082
986 1597
1662 5
726 1592
862 496
1000 1466
922 112
1412 1459
1439 784
884 528
661 737
662 1074
667 332
1589 576
976 433
1655 895
1492 1301
677 508
678 1608
1558 68
1548 1041
1661 779
1457 850
1469 1676
1667 660
1525 1500
721 344
701 279
1293 1370
1536 676
989 62
1384 1278
712 1194
719 503
1606 1542
1356 862
1224 1673
1190 27
1145 283
1618 194
1674 1613
760 366
742 923
1467 400
1369 845
1683 1630
1279 157
1261 626
935 156
1308 1171
763 177
774 1574
1300 1097
1505 1096
1297 1300
791 1051
1193 1580
1673 445
1090 61
800 1182
1648 1210
920 1519
946 82
808 594
811 259
1468 1176
1304 439
828 1294
838 3
1686 1251
1523 755
1632 562
865 1179
1134 356
875 308
1228 158
878 830
882 1063
1452 22
902 735
1326 606
1584 999
1093 102
1004 134
1634 1163
1211 1085
1671 1381
1031 1434
1522 789
1595 1568
1171 1472
1377 677
1187 1583
1314 692
1176 348
1604 1121
1542 1288
1633 1117
