0 841
2 370
3 1401
1896 156
5 1758
7 951
1891 1170
1889 711
1888 1245
374 154
737 704
622 1575
1348 562
1267 366
1147 32
110 1171
1786 1790
436 732
1 875
1899 1767
4 580
1898 125
6 1644
1893 1310
11 1647
885 72
455 1356
1178 1452
9 934
1895 1363
12 1306
1892 249
1890 705
1717 1504
710 206
920 1418
603 1348
10 1389
14 117
15 9
1137 903
1290 524
1008 1817
1790 247
1701 709
923 1777
381 369
1098 268
837 498
1839 675
896 1887
1615 493
1640 451
1712 1079
627 306
67 797
1467 1221
1327 1207
13 41
1089 849
255 1455
845 1711
677 1046
1765 1806
515 397
16 1423
18 1525
1289 213
341 1191
19 1365
690 152
256 1690
69 744
1788 484
8 49
17 368
1897 84
20 1714
376 21
1515 171
235 320
780 317
1012 938
344 66
865 1152
650 1750
757 219
1513 1722
534 111
570 349
1114 1035
21 1400
1546 1157
1027 1695
548 421
1029 1730
24 1016
942 182
448 1354
843 1375
960 1153
22 437
23 1130
1203 567
1365 533
1228 1599
25 990
26 1510
1499 587
825 1345
1079 450
1671 1847
1618 18
1436 894
76 469
1181 172
1237 1505
900 1197
939 1229
1654 1853
1683 1493
1744 302
1804 1271
28 1878
1347 1105
427 113
1398 387
86 55
814 1569
173 351
30 898
709 1657
618 230
271 1326
1560 1732
1646 124
1866 707
1295 1166
1091 1465
1200 1206
1534 248
331 1119
32 347
449 1483
954 272
617 46
758 300
1762 1796
1667 1642
1885 1766
1350 463
1871 1765
1734 921
31 101
33 1876
34 1724
57 718
1855 1610
148 414
775 1836
1846 1349
27 1477
29 706
624 1474
1320 218
1655 133
1687 729
96 1007
1494 1833
782 984
281 252
314 1226
161 528
297 17
918 801
863 537
1296 1898
35 1648
208 647
37 1329
38 1060
212 1654
450 467
163 530
1798 1559
39 1873
728 911
665 1549
1482 752
1806 1384
785 1084
36 1369
343 861
721 765
822 1359
40 598
1036 1382
1725 1297
666 640
1553 1039
689 896
1828 1782
1241 581
566 920
1412 824
305 623
1505 258
316 1784
483 1143
41 1428
308 625
1095 139
42 34
43 1824
44 1255
1854 515
70 902
766 1416
258 877
506 432
45 1203
89 1378
312 941
798 325
1462 1686
917 147
230 890
836 947
1716 1762
1141 1124
1555 654
630 1190
267 490
1242 430
633 1181
46 428
47 1093
48 1009
174 1376
49 656
866 511
105 502
873 1011
1139 1633
472 574
50 552
768 333
594 1008
735 1372
1666 1683
1028 571
337 1141
186 1892
1530 356
420 1450
392 985
1510 988
452 602
1544 880
997 1753
463 96
213 102
458 682
1196 189
52 1067
1858 1220
1766 92
310 845
1518 1233
806 371
51 429
54 423
740 1500
1642 227
134 265
1617 1798
1084 1138
55 1285
150 723
270 1057
457 1003
795 618
1875 173
232 1333
1763 1533
53 416
550 627
1463 1044
1358 1391
1886 1694
231 1106
600 1205
1520 293
1572 214
827 1625
466 926
1269 51
1034 1371
56 1707
58 1
968 1446
1057 653
1870 1751
1426 1033
801 57
59 1149
117 215
1703 755
124 908
1423 790
387 151
93 1487
1173 108
1025 95
1549 932
62 308
1102 186
61 1034
395 664
1694 1212
156 883
210 452
899 1238
1177 1335
64 745
1286 288
1656 7
103 989
1285 697
1272 619
65 1864
508 1337
1361 1485
1435 1021
1367 69
1845 1281
66 1100
1081 1092
809 177
948 193
961 1266
60 1267
1408 668
653 389
1747 395
63 1589
68 1054
683 820
1396 1783
1065 464
109 1560
1876 1300
724 1274
217 1309
419 1434
1236 110
1206 1324
1416 1579
1340 1629
71 995
589 191
1807 1503
116 1063
1339 30
966 150
239 554
1735 773
864 1666
1711 738
523 1240
1026 1036
605 793
1374 1080
261 486
72 492
73 578
1071 850
1650 1866
74 1242
1312 1444
1116 1705
770 1283
903 1780
75 566
990 671
1276 516
1038 338
996 1760
850 1325
1785 651
743 1748
77 190
1055 131
1409 722
877 1037
78 1757
1099 1102
1838 870
79 294
1521 603
128 1551
1820 243
1288 1673
1171 507
1879 1651
81 693
1092 1390
82 770
1636 1668
478 495
883 635
1480 78
545 0
1078 112
842 1211
1073 1660
520 1723
80 1754
779 1595
323 357
1883 1298
333 663
912 1223
1264 986
1662 548
1709 279
1302 1541
84 1248
727 1243
1357 33
1719 812
1682 937
1848 203
1240 27
83 994
85 103
1681 1282
1261 1397
1582 1679
1608 1617
243 383
1663 196
607 178
1775 1312
658 1605
1000 19
1104 375
764 1196
90 1412
693 440
1283 1880
1882 1361
279 746
1145 742
1680 1517
763 1667
94 277
321 76
1705 1350
973 311
87 1897
802 1682
1867 565
389 1357
242 1373
352 1580
152 782
510 649
92 1004
1013 1547
1548 1841
327 39
88 1110
91 16
315 945
1076 1222
703 1856
639 477
568 1522
290 88
253 757
1113 650
1814 572
191 298
1614 266
967 1661
485 1687
930 304
1630 89
95 314
615 642
405 837
1305 1183
97 1261
599 976
1194 942
470 175
769 1795
252 1801
722 1821
559 297
99 1256
413 1454
184 1466
1568 263
425 262
408 694
1420 348
1403 1565
1743 1367
326 771
1490 750
1183 1188
645 1596
98 1588
228 1526
1075 391
1410 138
643 264
1082 1815
584 1136
558 1460
368 1816
100 1292
101 1868
102 1386
1545 1107
216 321
354 514
104 928
123 161
1674 1665
334 919
1105 895
1120 1019
706 1684
1121 1085
555 1276
324 295
106 1237
1812 964
909 1637
107 1022
108 1213
840 1688
1429 891
423 307
1220 787
696 1322
155 1791
1292 1871
980 460
807 489
111 673
190 1482
1478 759
112 1875
236 315
215 590
1014 783
956 1301
113 1703
1594 1825
462 443
1207 1135
1782 865
1465 1396
851 731
1558 1502
1418 1172
691 660
804 331
1218 1636
1210 1490
1514 768
115 1263
953 561
1132 73
1830 1692
593 907
285 1851
686 546
490 1249
929 168
1341 68
421 1835
1501 1470
479 1870
114 1884
119 838
771 1201
1809 441
1727 448
1863 867
1660 1338
118 1351
120 1829
278 657
131 1028
1612 499
746 1808
1570 309
528 29
121 674
386 1464
891 234
1047 725
204 550
144 1737
1606 488
122 217
921 1586
1273 831
1551 593
1136 1091
1525 1145
453 1797
473 777
1108 923
791 1307
1773 692
1456 107
340 1544
1713 1604
554 245
616 588
127 1590
125 1734
1620 479
1476 1331
1460 889
949 384
1224 1174
1271 1576
336 1855
1123 558
1279 1353
932 1738
126 1718
129 624
130 1055
348 1168
1537 950
846 413
1853 662
1024 505
468 604
206 1717
482 946
1726 1270
1487 1225
1345 1050
1387 1612
1665 238
1359 48
133 1360
388 962
266 1024
162 1029
132 353
556 1364
412 153
1585 798
135 376
136 1764
137 583
1815 1410
738 1159
1188 390
815 1877
590 1872
971 70
404 1409
1049 1491
139 278
403 1437
1601 1071
142 483
750 220
1016 1472
1472 405
140 551
1690 724
1166 1103
688 1793
141 1532
143 398
1381 678
180 1117
138 1280
751 1447
247 159
289 422
1587 468
1235 613
719 1899
145 1341
146 1601
1833 145
1433 251
147 1406
1135 1426
1375 188
1523 86
1486 478
576 1710
667 90
1268 491
729 536
659 1056
596 983
1864 1626
149 617
969 1291
1849 1552
422 208
1204 1537
151 1527
1649 1144
557 658
582 1104
994 1507
154 553
1689 999
514 1344
777 626
153 1830
1693 1578
280 866
1789 1161
1118 780
1860 1224
1485 1439
1333 134
934 1685
1009 1838
402 67
1884 305
1263 957
882 160
1394 728
1571 1431
157 80
158 289
438 1289
1158 1501
867 1794
833 487
159 1023
1872 396
963 1234
1015 924
1265 1511
160 1334
287 977
610 475
416 1443
1488 1571
1035 35
1144 1038
1088 141
1625 597
1096 1264
1133 121
320 285
829 633
165 226
1722 544
166 122
1803 1506
1064 1058
952 100
1174 971
1112 409
167 1492
1795 933
1033 864
430 1073
409 260
1328 727
1184 344
1652 291
1062 1258
1611 1706
1552 1074
1067 1395
164 914
168 701
169 688
1805 406
1607 1674
359 689
928 925
1399 241
1346 77
170 341
1574 232
1004 1208
171 1827
940 4
1117 667
609 485
176 270
443 1347
1509 104
1309 1713
687 1407
175 579
631 1716
911 1137
608 1392
318 1010
1543 906
705 786
177 12
1232 379
178 776
1686 1160
179 1445
1330 1616
484 61
1217 473
1757 703
792 244
1331 1343
1052 1192
1362 1889
1506 665
1648 648
181 519
736 523
1310 1809
1424 1799
1794 1099
1050 457
264 1278
1641 355
183 1539
685 50
1066 684
172 905
182 1566
1360 853
185 1313
606 1733
1634 1486
543 1720
429 1849
925 99
676 1294
1172 1156
872 1198
1405 781
486 1468
1060 1768
1528 862
755 559
1595 337
1638 1235
447 127
189 318
1511 1473
1810 94
188 1165
197 666
1130 681
187 23
500 1846
353 1832
1115 805
317 1886
1657 834
373 1701
1770 1555
1440 42
1397 900
192 1819
1623 814
941 700
1466 367
1453 1484
194 596
1324 1592
241 512
364 827
1458 943
494 702
707 1231
855 708
979 1268
905 199
248 799
670 1456
1526 1529
292 1287
193 1025
195 1611
586 1308
196 1741
198 1700
435 385
1254 1573
1841 149
199 433
200 1042
756 233
1343 842
962 1303
910 769
1152 892
1378 968
203 1620
1371 1155
901 832
491 611
330 1603
655 261
1529 58
1455 922
201 1430
202 254
360 1471
205 672
1175 290
1421 222
1824 1296
1109 1499
1639 521
1044 1776
619 1739
1385 453
991 303
207 1550
773 810
649 1128
1300 40
1125 1814
1796 301
1692 1558
367 1481
549 388
209 1262
1032 878
1459 116
1597 472
1444 779
538 310
265 825
812 1521
1376 1513
1755 1639
1591 1052
1307 1176
1710 1598
214 235
299 446
976 374
503 280
1832 504
211 1802
1221 762
799 132
1384 1715
834 679
1150 785
1011 1374
219 685
702 1139
647 518
1441 1120
1470 564
218 187
518 1618
489 756
1199 1828
1198 1840
999 1597
1697 846
852 1315
378 982
790 1320
307 1516
222 326
223 1420
1164 192
220 287
221 158
224 207
914 1193
778 1865
226 59
469 584
328 760
1539 1621
1598 772
227 661
838 10
1567 1094
1628 830
547 881
533 62
349 1253
1714 180
225 1399
950 1681
1445 400
229 522
497 1175
1249 354
1685 1747
936 1114
1599 974
1080 568
916 1656
1532 677
1023 1327
1162 860
906 1018
379 1520
1085 1328
234 856
477 157
1443 1469
1159 1867
1257 996
1393 322
565 1479
889 794
1784 958
233 576
393 1051
1679 1385
237 716
495 1804
1388 274
682 1691
1230 644
238 1640
240 1083
1363 1290
884 1543
332 342
1783 761
858 444
621 1112
841 720
862 1151
1496 140
444 164
244 506
245 1087
246 181
1464 1311
1831 1894
1540 339
546 839
1769 600
787 1859
249 956
433 691
1877 608
1017 1746
250 63
1111 1837
1197 1813
926 886
251 319
1303 5
426 224
1605 1893
1678 402
439 56
1589 1319
1432 1839
673 538
254 1677
487 1184
1326 1059
1154 1773
1211 1066
257 1178
504 863
366 1708
951 778
1457 851
931 1779
259 176
418 296
1564 676
465 1823
260 53
380 632
1672 1154
1645 28
1338 410
276 737
1337 1789
262 909
369 696
1857 1077
417 1062
1072 959
1270 854
1255 1187
1413 1498
1635 960
995 135
1122 146
263 1861
1720 1199
1127 1689
269 118
1438 809
1353 1169
723 1302
282 954
375 970
531 1088
1216 1769
1474 1515
635 1013
268 615
1535 508
1042 884
1768 1299
1728 1556
272 501
274 282
848 281
1156 740
1419 1638
1502 1857
868 972
730 64
1325 1756
759 1467
652 695
277 1818
732 26
273 1121
275 47
1724 1332
385 1842
1332 806
1799 1164
1431 802
1792 8
1622 1089
805 1879
1233 1305
1736 804
592 1097
1086 882
283 1451
1531 622
536 817
1202 836
286 1659
817 1379
284 455
1041 775
1742 216
288 873
752 1693
919 1101
1244 1393
542 1072
716 1623
800 1548
1301 256
1022 1246
1746 1581
1425 1778
291 425
1434 1095
293 747
1512 439
1778 612
1179 791
294 1822
695 1031
983 1045
1061 645
335 419
394 1425
1533 1404
295 930
1335 292
1170 609
298 1339
692 1728
1581 471
1484 1538
1750 197
1334 541
1165 1317
296 936
808 1252
301 350
302 1763
828 361
1229 239
1212 1624
1850 1441
1352 717
300 560
304 659
861 1069
390 1770
303 992
1368 751
496 978
661 1845
818 1140
1816 1241
1576 1805
725 823
977 503
424 1064
309 1304
938 267
767 1585
539 362
715 60
306 910
944 1202
1100 420
588 1678
1715 591
1053 1012
788 1564
1189 142
313 403
1644 789
793 949
601 531
1313 734
311 286
411 136
481 1752
1745 1316
744 74
628 166
816 527
957 1744
694 250
1259 669
1627 352
346 1402
1563 714
959 1002
319 201
1708 887
1503 595
1817 1587
1058 360
1161 408
915 766
1772 715
671 1785
322 1709
579 1562
1284 1704
1579 1272
1454 1065
612 6
325 710
356 1217
1040 1026
1373 335
1231 1463
529 163
625 993
1225 334
464 1771
1834 1584
853 1742
1277 1561
1400 394
1446 1394
1702 893
1260 592
329 1891
857 209
338 686
1473 1413
772 200
984 629
339 1774
1395 1321
1801 966
704 343
475 212
342 44
907 967
826 577
1291 482
718 1792
1329 1729
1517 1340
1596 1014
1811 520
1391 373
1110 1698
1586 1323
573 167
1624 1719
347 764
684 22
1428 1209
345 316
1823 169
803 1676
350 1216
1383 1358
351 569
595 606
454 698
1776 655
879 542
1493 1126
821 614
1382 1509
355 1150
357 1862
358 749
1442 365
552 1530
699 1781
1787 1125
700 763
881 324
1176 1440
1274 1518
361 418
1610 1383
1881 829
362 1429
398 517
363 1414
581 712
986 939
365 401
1048 1078
1861 434
525 918
641 1377
583 128
1761 637
1093 1027
371 1070
1037 497
587 93
370 643
502 726
886 31
1760 275
1691 202
372 1826
1191 1775
1097 442
1051 1457
1767 1593
377 1496
1280 1540
474 917
970 1257
414 563
1126 969
1718 85
432 37
1149 1214
734 273
383 1403
1774 1890
1226 526
384 1653
1054 14
382 11
820 1895
1538 1553
1696 1053
733 1424
1856 876
551 879
895 445
749 38
985 792
532 329
1731 1043
1491 52
726 1398
391 753
1208 557
753 466
1522 1346
507 1387
396 556
397 965
1248 1228
1070 276
399 1772
1821 683
1316 1158
400 205
1756 323
575 1288
642 1743
401 1068
813 1432
1349 1442
1392 509
876 1850
406 944
1802 815
784 330
1813 630
407 1118
1167 767
669 1523
1069 1115
1063 1380
1684 1740
410 821
1020 1557
1417 585
1364 1204
869 427
1293 1381
1721 1227
471 980
1193 833
1010 204
415 1524
1090 621
1005 631
572 237
859 1812
459 1811
679 1132
1481 1574
1039 431
904 1702
1670 79
1561 1800
428 1519
1629 601
1318 955
431 570
577 1293
922 855
434 36
1664 913
982 1355
591 540
437 1134
1573 586
1411 1370
1859 835
440 246
1844 1627
1835 1745
637 735
1565 818
1142 1006
441 784
1451 690
1621 940
781 1405
446 1433
1541 1180
442 1185
1566 1419
913 1453
1046 529
1007 816
1740 915
445 952
1637 459
451 803
839 1650
563 1591
894 404
1238 1284
993 1735
1559 221
1389 447
674 98
1739 461
456 872
1554 1336
1675 1047
644 1435
714 634
460 848
1483 1086
998 1497
742 462
461 346
831 105
467 1634
893 393
632 844
1355 869
1777 312
745 155
1791 1129
1695 535
854 670
1021 931
713 1545
898 1000
1741 259
774 1459
1542 1017
1059 1448
1527 130
476 616
947 1147
1336 1655
1297 1108
480 819
1253 636
1780 1020
511 1675
1247 1230
1163 1061
663 935
797 1608
955 345
1852 800
1415 81
988 1863
1779 859
1275 638
1865 1609
488 639
1699 1195
1450 1239
493 885
1006 119
1129 1635
535 1807
1516 271
492 2
540 1572
498 858
1822 1831
499 372
522 494
1372 1247
501 1111
1377 929
1390 109
1250 1122
505 194
1471 195
965 1194
1653 65
897 1712
844 1600
509 1607
878 808
1829 901
620 1844
544 1630
933 1803
512 741
513 1215
541 1554
1738 981
517 739
1748 1318
1557 840
516 1885
521 1075
519 1458
760 628
1018 1015
524 229
1550 599
1306 129
935 242
847 449
634 1736
526 1512
527 174
530 1265
830 1727
1195 1476
1781 1421
1723 736
623 897
1643 1422
537 594
824 916
1651 1210
1437 868
1106 75
1190 547
1842 1081
943 948
626 386
680 426
823 179
1258 1570
1461 1721
553 438
1223 1854
1706 1852
711 1761
1819 975
1187 1494
561 1295
1647 1254
1590 912
560 45
849 852
1808 1563
796 1680
564 1082
835 525
562 680
783 1236
567 573
1282 328
569 1488
656 1041
602 1475
660 1148
571 822
574 1658
1592 1820
1321 137
578 1030
1843 1869
1447 454
604 1874
720 1860
1251 359
1475 1388
580 899
585 620
1825 1834
1213 1189
1245 407
1094 1279
1439 1645
598 1049
1793 1567
1351 424
597 1726
1219 1218
1369 1173
1583 652
1602 1286
974 435
1616 1273
1030 1528
611 223
613 1881
1140 1848
1668 1163
614 299
1707 474
1234 1649
1356 1843
1588 997
1323 1415
1619 340
1169 1663
888 170
1227 795
1868 82
629 496
1759 607
1604 336
1862 1427
1754 198
657 973
636 1546
908 1090
638 1759
640 1514
890 1697
1119 1314
1056 184
1771 143
1298 1076
646 1250
648 991
1427 236
810 162
651 1531
972 871
892 1594
1239 1606
654 1725
794 481
870 963
668 1438
1031 436
664 927
662 1113
1342 115
754 327
765 1142
1407 1508
1507 754
1688 1260
672 1133
675 1664
1500 1652
678 1646
1322 480
1826 1123
681 1542
761 646
1087 87
1380 417
860 807
958 1131
1556 811
1837 465
697 1489
1508 788
698 1888
1751 20
1404 476
701 13
1498 211
1562 1096
708 364
712 998
1168 1662
1068 399
1448 253
717 470
924 1602
1414 1631
1851 1048
1186 532
1386 545
1243 1244
1103 534
1294 1628
1737 888
776 1330
1659 1177
1880 165
731 210
1209 255
1317 713
762 1109
1704 1641
1319 378
739 813
741 1670
1151 1411
1148 358
747 1182
748 1269
1304 363
875 54
1401 381
1847 1127
1001 730
1299 589
1752 1619
874 1786
1262 97
1468 1232
1580 721
1469 1632
1827 1219
786 500
789 1417
1315 687
992 106
1524 1582
1797 1534
1131 539
1676 979
1677 510
1422 240
1818 269
1575 1858
1003 458
811 1259
1146 1162
978 610
1497 857
1101 1896
819 382
975 774
1730 1251
1661 91
1083 412
832 1200
1479 380
927 228
1311 1408
1344 257
1406 699
1749 874
937 549
1449 1615
856 1699
1887 456
1593 123
1370 1749
1869 1787
1214 83
1157 555
1495 719
871 1696
1658 1368
1201 1478
880 283
887 1755
1215 71
902 1040
1138 392
1278 1449
1489 743
1043 582
1894 1179
1222 605
1584 1536
1045 1461
1836 1366
1180 148
1124 1146
1430 1480
945 225
946 826
1603 1614
1354 758
1128 1186
1700 1495
1878 1167
1669 1362
964 904
1477 185
1732 953
1519 183
981 1577
987 1342
989 114
1874 231
1729 1005
1002 1810
1155 1583
1402 43
1077 733
1366 1352
1019 1116
1632 843
1134 284
1160 828
1192 1568
1673 847
1698 120
1547 1613
1266 15
1631 961
1074 3
1633 1882
1246 987
1153 1669
1107 1672
1569 313
1626 144
1840 1883
1143 1277
1733 543
1205 377
1182 415
1185 1671
1758 1462
1252 1032
1492 513
1314 1788
1452 1098
1256 126
1800 1436
1281 24
1287 748
1308 411
1379 1643
1873 1622
1577 25
1609 796
1753 332
1764 1001
1578 1535
1613 641
1504 575
1536 1731
1600 1275
