0 363
1699 608
3 979
5 1223
1695 188
6 1621
1692 555
1691 1593
1690 810
178 730
1623 998
143 1344
407 195
392 544
1612 790
209 966
80 577
43 1664
874 216
1607 1540
1 307
2 882
4 410
1698 1496
1697 999
7 913
1694 380
9 513
1693 411
11 1626
1566 749
1665 158
781 818
853 1693
362 189
1140 1021
1079 344
1696 880
10 650
12 741
78 283
1312 746
439 1040
1487 481
432 1193
536 1016
569 1455
703 1134
1153 229
1687 1173
1509 1252
233 1509
134 404
367 1000
1470 519
1269 1476
8 169
433 668
275 516
1213 413
1342 540
643 1686
1274 916
56 412
904 150
1538 576
934 820
13 1668
15 1031
106 1628
839 316
1619 1460
54 864
1383 709
691 426
1419 348
498 142
14 821
690 616
1554 125
102 936
855 1535
269 266
414 886
1559 640
70 400
696 439
16 1319
17 1567
502 1665
279 784
420 894
552 72
837 1053
1050 281
779 326
18 789
369 252
319 1568
1497 254
1364 1400
756 960
1516 1241
519 1140
617 271
1225 823
1348 1582
153 687
1197 643
1381 1217
19 476
893 1186
305 1337
1182 248
109 689
1338 1175
738 364
278 766
1095 296
1340 1384
481 196
1472 1404
20 146
825 1536
1652 617
22 317
1474 1144
1085 700
1107 515
1573 81
111 1546
125 1327
346 908
21 1132
23 1059
1499 1667
1324 219
256 1418
164 816
861 636
802 1657
24 123
1240 1479
1498 795
771 386
60 632
25 962
709 329
688 236
1007 656
783 428
1459 1387
505 874
291 873
589 946
1217 212
1256 1160
997 40
923 475
75 770
1653 842
218 780
652 1117
788 1420
1564 934
1157 302
685 1256
1418 1034
76 641
27 1681
28 653
881 56
698 1135
1209 1261
866 1611
376 1644
472 1246
1576 679
355 1501
26 755
29 1003
294 759
758 1102
686 207
1102 1669
474 1550
752 549
969 697
286 67
689 301
89 754
813 1295
1473 967
1196 141
466 1560
1485 1207
30 118
31 1382
927 395
354 87
253 871
69 1338
1641 758
507 392
625 1078
402 769
515 1118
32 539
33 193
1295 517
1621 773
713 1632
739 1084
957 1077
438 1199
1605 23
958 807
1162 900
1628 1056
110 407
693 1259
1299 1376
435 684
34 209
35 1378
1043 924
557 1599
1051 760
1239 287
749 1142
486 1027
208 1457
906 1042
1284 111
1351 1522
616 357
1660 1573
36 808
293 194
801 1131
735 1388
350 224
518 1341
37 1423
38 30
1575 884
241 447
1622 584
1670 594
1003 570
1533 1610
232 590
271 1324
1158 557
720 1284
521 1024
650 852
40 929
651 507
1181 654
966 830
81 190
388 504
1046 1635
39 239
949 1303
149 645
1286 1630
42 1296
121 1079
1560 116
1293 1461
378 751
1483 258
1048 185
132 907
252 1189
1581 1115
894 300
671 1330
520 829
1150 1425
727 1050
1395 277
638 1417
284 182
41 1172
44 83
827 218
1309 680
1315 440
1477 338
762 523
1406 1277
1185 646
491 918
673 106
654 1046
1458 625
384 945
220 1015
607 688
812 637
46 144
852 783
919 498
819 1394
1574 27
700 148
907 510
637 629
155 474
1333 181
45 1538
47 1648
48 556
1327 374
1409 1675
1546 243
936 1465
641 1299
49 881
682 1153
1129 1038
470 1335
1112 624
50 1232
188 975
1465 815
268 1018
1408 675
976 988
1038 1577
456 560
820 471
352 984
277 1029
1629 1601
51 1266
473 1023
743 954
971 938
455 1343
697 6
571 742
1221 347
427 791
955 1188
52 1304
53 1340
457 1589
1521 705
482 542
765 901
948 1529
1602 74
972 1399
1141 606
1397 796
1375 1230
1294 1442
1201 1318
737 1511
1366 1360
991 1544
1298 1370
55 1571
1044 1362
1285 449
385 1454
383 1138
1184 346
634 744
860 54
1345 508
1443 734
1532 1674
1291 1352
669 421
1030 738
57 1484
1399 128
309 1379
621 166
929 477
1035 1584
58 321
1200 1345
195 963
503 1255
160 698
280 156
1099 132
310 803
675 393
1688 985
1437 145
59 732
61 1553
107 1448
1206 286
1413 1676
793 753
236 727
1127 1689
925 600
916 1521
892 1574
62 1658
247 1035
216 692
529 1559
1272 52
1290 658
706 662
910 1244
231 865
995 1634
97 1248
333 24
235 62
1593 1504
1515 241
99 1240
63 1356
64 1270
563 391
1635 869
1416 1316
283 819
768 1210
413 345
970 1109
510 1507
659 47
65 1310
66 427
67 890
356 1422
1108 369
1422 642
585 812
564 1280
480 1133
467 133
993 1487
613 319
921 315
1372 246
1404 328
301 1271
68 696
556 70
1260 375
704 267
1123 972
647 589
645 1533
1335 272
1451 1072
71 1367
238 1500
98 1125
1615 1426
179 1323
1528 994
72 664
1326 41
1454 368
1649 249
371 546
1251 849
901 1639
221 149
1571 164
351 1260
1098 1137
334 579
1411 1222
566 736
1625 230
204 536
73 989
74 462
1510 170
887 651
1076 139
497 1682
655 92
602 1121
1555 1613
672 505
1169 1445
77 176
1339 19
1466 379
1168 527
1636 644
91 1389
375 828
200 1005
944 593
1322 902
1414 602
79 997
996 429
898 1052
888 757
366 1443
889 361
1136 1572
864 788
523 1099
460 983
911 1328
494 1322
1429 493
609 701
1264 745
408 853
197 1110
684 1447
1138 186
82 36
83 1100
1388 779
459 980
545 1055
84 690
1192 234
1561 774
639 609
157 1234
85 113
406 389
1389 958
381 171
127 718
485 724
528 1532
1433 1174
941 660
201 1317
1317 672
349 1518
522 482
1059 895
287 587
1424 1512
1017 489
1042 1462
905 1283
1502 1569
87 415
508 846
1060 285
300 1607
403 120
447 131
1094 46
104 1486
1041 1594
714 247
843 1250
1462 1372
1396 715
780 676
147 1369
1585 60
1426 161
1650 355
424 94
86 467
1061 841
1205 1631
373 1308
242 526
288 618
90 192
660 735
335 670
88 855
967 708
452 1048
998 1025
608 817
1392 1269
1280 318
198 1358
483 1530
785 752
915 805
1494 995
1390 13
92 1392
93 562
699 583
415 138
1250 835
1530 274
632 377
1302 398
636 1576
626 58
897 99
94 626
95 335
1045 1351
1254 978
468 534
372 372
1232 1666
96 1195
404 82
1306 1359
347 360
177 1044
1231 910
857 1444
124 1416
665 414
180 1194
1113 926
259 877
161 800
799 1527
103 1403
389 639
603 253
423 1332
1271 1481
1064 280
368 15
815 1067
1534 822
100 1
1179 1076
1277 671
848 1652
578 1192
1586 259
517 108
1645 1239
1578 78
285 322
448 722
170 1566
1501 469
1066 101
1508 137
101 434
1669 1409
896 1231
212 1098
730 1022
856 1001
222 1300
642 1691
1616 969
1253 1082
105 282
210 437
541 915
1380 1446
430 1437
1101 520
1343 750
731 1543
1084 1575
1163 1313
846 1120
1540 567
1148 1164
797 136
136 129
1637 944
108 1638
187 184
1015 500
1337 1431
1109 1438
992 200
1330 232
593 103
1115 409
1518 647
1563 702
442 927
464 211
842 1516
112 1183
980 1151
547 264
858 1309
796 1614
1441 432
113 486
604 739
440 1002
495 612
374 1107
1118 1427
818 870
114 1116
1481 533
824 1185
282 1329
115 1386
555 920
1080 891
1120 551
1678 930
1471 180
1033 119
142 601
116 45
1075 1361
816 1058
1212 260
117 1471
154 1013
1341 1235
1001 706
933 623
1320 1636
118 1289
380 220
1398 603
331 1547
772 798
1208 1032
1588 1469
1207 860
119 384
120 1558
539 1161
574 566
131 537
790 472
506 1197
565 425
1511 1243
1620 177
1180 1450
1019 1656
1646 728
148 257
240 559
321 73
123 1548
1263 1585
1373 222
1278 1505
479 737
1627 38
122 97
1448 1286
1415 1381
666 107
873 1659
126 102
1446 444
512 178
436 331
1151 1087
1440 1663
733 1253
1024 1393
595 1503
909 89
1083 634
490 37
128 1513
359 406
1475 397
1513 305
129 69
500 811
759 1578
130 575
167 1564
903 596
723 1136
1032 888
526 1627
1082 1180
876 1434
419 337
968 919
298 197
1092 1146
1305 657
133 1696
568 1551
1491 1592
135 1401
1655 1449
1222 1105
938 464
1405 568
1328 66
729 84
964 571
137 279
1552 1411
807 50
1456 1274
138 433
217 592
139 1020
1249 762
1544 130
140 341
549 1620
398 778
1488 98
1400 1200
141 1377
940 2
605 573
649 1645
1229 1282
1135 904
548 1292
1235 824
912 1395
832 1106
1562 33
144 109
740 20
1517 273
145 561
1596 431
146 1320
1579 134
754 610
1203 1459
325 1368
1644 1312
1321 140
499 1030
211 1654
1031 1407
1478 1014
1464 152
1154 48
1081 359
891 115
395 854
1218 183
150 953
883 1041
1237 201
985 175
152 876
1236 1191
845 110
1682 1633
151 740
1086 1436
795 309
974 591
1273 227
753 974
1357 1149
1331 1477
1582 1355
677 479
156 340
1026 104
1013 1650
469 1249
484 402
681 492
1539 765
158 1221
1490 1549
1122 777
1681 353
979 666
1028 295
342 1288
542 1047
817 59
1177 1306
917 649
159 244
623 1695
977 1698
1514 607
1248 899
869 574
1096 1458
1512 1687
162 1483
1161 1242
928 167
1432 1562
1047 1587
1495 1054
1685 1171
599 665
810 1321
618 9
165 524
1352 1204
431 1349
1067 912
776 863
258 90
1087 376
410 667
1106 147
163 1258
166 1336
255 964
1111 685
577 1285
1175 1615
223 446
168 419
327 1218
443 1493
1191 845
509 547
1444 284
532 382
219 1470
1002 278
169 499
1577 85
630 1209
708 825
171 1152
1543 454
1259 1009
1617 1623
267 772
954 941
560 801
172 1424
370 652
1215 1688
775 1126
1664 313
173 723
1283 1074
1058 1178
244 614
757 635
615 34
1354 1653
1241 580
174 1364
175 174
982 1385
1014 604
707 1624
1100 933
840 1380
176 856
1407 365
1146 417
315 93
358 51
437 385
1005 1396
1355 1525
635 450
987 563
273 771
1594 1085
576 785
1189 0
606 126
622 767
181 453
543 1485
511 1554
1642 173
307 1649
1053 1555
344 1006
1482 613
463 976
183 487
1143 448
1431 1049
1152 310
182 1063
880 1581
871 1673
1647 420
712 28
184 378
185 151
1445 1419
1519 711
339 470
588 1410
798 1524
186 1579
953 992
942 1331
1316 8
1547 203
1545 16
1139 731
189 153
978 1490
1537 712
1164 381
190 1660
1198 1678
890 91
1567 1220
191 716
260 416
1479 1141
716 121
192 463
805 238
227 622
1310 691
311 1213
1347 1127
449 1169
1296 424
477 620
1587 506
1453 1216
734 143
292 1051
194 1268
1557 1694
196 75
782 545
193 518
814 1398
744 806
264 1347
199 1122
877 371
1334 1619
1057 554
492 959
357 202
1265 996
1376 713
1496 1008
202 1679
1238 124
203 1214
1036 1070
914 460
1246 948
1507 1609
476 497
1455 162
1142 729
1144 1366
205 1468
1520 265
572 1357
274 1402
702 619
732 1537
207 875
937 638
1258 1298
206 973
1131 987
1535 748
1583 792
1006 1080
1550 1439
1654 681
1450 961
722 112
908 851
1365 352
1610 1531
1188 1641
544 298
761 387
809 707
943 1083
1233 250
303 906
213 541
1292 1068
956 971
214 776
628 720
1484 206
627 1672
711 269
363 303
1244 187
1332 1637
290 1492
742 1064
1361 430
1282 1176
215 1346
951 669
417 595
478 1526
1358 1472
870 1520
1325 1147
847 1528
1600 1467
1074 1618
777 223
1055 922
900 1159
1270 858
1155 327
670 898
1204 1162
224 503
458 64
429 1166
561 1228
784 268
755 53
1679 4
226 362
1667 1229
405 383
863 44
225 686
228 531
1387 157
1486 879
1165 304
1344 297
229 565
683 1088
1247 1692
230 370
540 88
1666 215
234 165
767 1065
1219 1156
1603 991
1056 1473
377 294
306 438
421 887
323 418
611 1066
237 1219
886 1262
821 1397
692 1094
1378 231
501 484
844 1297
546 336
296 1475
973 768
705 921
289 756
694 535
239 32
1011 968
741 1662
1438 1155
1423 827
302 399
1159 1464
1569 1311
243 1111
538 694
1029 1428
245 648
426 1552
687 358
246 514
262 1093
962 1158
1568 721
248 1617
1427 1123
1401 485
249 1539
504 42
1500 1233
409 1440
1068 522
1034 1091
250 1062
1425 1095
1210 1290
251 1661
340 866
1460 1463
1680 1206
679 461
1319 837
1591 1257
1287 1139
680 155
1476 1264
254 947
295 291
257 1247
717 168
1371 831
471 480
261 1430
1021 761
1303 1671
1194 1265
1379 914
981 1043
1367 311
1183 868
1556 1033
270 65
513 26
326 986
263 683
736 366
1065 781
266 631
939 1353
872 10
965 1697
1598 11
265 354
644 939
276 1596
1393 1421
1386 1597
1170 29
1480 548
1267 661
718 39
465 1474
445 1677
272 117
1677 491
1307 1491
826 896
586 105
674 1651
1676 1225
1257 627
1370 955
1346 1646
1549 443
1410 333
393 793
1227 889
1091 1583
1614 747
1421 1591
281 263
695 1163
1025 255
446 208
715 1208
1428 1556
1147 114
787 1026
1420 496
1611 1523
422 530
1626 1226
562 1075
575 22
1281 442
1070 1565
1489 905
1434 240
322 1045
390 1374
525 1057
1262 217
710 292
1336 1433
1503 288
1657 1655
769 1435
1008 390
533 61
297 1187
1368 719
313 276
1435 502
918 977
299 813
1126 836
1672 1114
318 763
1174 1432
487 558
591 1238
1226 826
304 1267
461 1670
1104 261
770 1103
1216 839
1009 1405
899 1237
1275 495
1417 678
308 1542
746 405
836 1028
1172 422
1266 445
1130 1227
1597 490
1430 308
1149 1291
868 1354
411 1148
1663 695
531 55
598 1143
1323 1086
751 911
312 320
314 883
1402 1089
1613 95
1349 456
365 1363
316 226
317 323
764 597
1553 843
320 586
932 350
1449 1154
1088 1453
382 867
324 435
1110 1017
1590 1506
1643 343
614 1096
952 809
619 459
1529 993
653 943
328 775
959 205
1054 1071
1195 1586
1609 799
329 1612
330 1157
1359 857
1105 1276
567 782
865 262
332 1684
624 1108
1608 1275
1493 1011
336 925
1308 1390
867 451
337 1039
338 334
341 1097
1132 1350
1252 7
1103 483
1506 951
343 1201
990 21
570 1699
1114 1406
1391 1334
1570 1036
1089 330
348 159
345 572
1463 452
945 457
441 478
833 342
353 928
1651 1466
1353 1408
364 367
747 1092
1624 251
428 163
534 655
454 909
360 1412
361 1606
1640 349
830 1007
425 1429
1255 917
947 465
1010 1373
1659 1545
1656 1339
550 578
1684 179
1461 1498
1363 306
631 538
1526 293
994 1278
1592 1494
850 423
1580 509
1023 1517
924 582
379 1622
829 1198
913 1061
1199 225
663 621
1288 588
416 1629
1329 473
786 897
386 937
387 940
926 1302
553 786
1012 1019
1069 1605
1018 952
580 76
391 256
583 599
1121 1515
792 693
394 511
396 674
1039 704
397 408
1318 1590
1689 1602
620 1104
664 1647
399 1415
400 844
401 488
1186 834
823 466
453 862
1116 1413
1124 1101
1022 950
462 633
1523 1130
745 1224
854 1588
960 1305
794 1557
412 682
418 1281
803 965
1097 850
1551 1179
1027 628
1457 797
724 1519
789 981
640 1508
822 86
1630 1333
551 1165
835 1112
1020 1685
434 96
950 1236
841 1482
1403 764
1531 970
648 982
444 1608
629 1212
1133 1181
804 1113
450 585
1078 135
1565 1150
1220 892
1442 1371
451 564
1683 1534
514 859
1125 1495
988 1451
1276 552
984 1012
646 1205
559 543
760 878
676 1414
879 1563
1668 351
975 630
859 403
1245 1616
1447 237
600 726
1301 714
1073 468
668 31
475 1480
1145 1263
1243 1600
1214 43
1658 1541
1202 204
554 373
1631 1251
488 794
773 725
1639 525
656 436
1360 401
963 903
489 1499
493 1202
831 100
1350 1073
1167 71
496 290
592 1502
1452 1004
1638 1119
1072 213
1362 1314
725 872
1311 1690
1160 14
1601 1145
1527 275
1385 840
1166 512
1137 1177
516 1683
983 63
530 1640
1071 1625
748 1168
1062 1090
1382 324
1117 441
1675 1272
1313 289
895 17
524 339
527 605
1268 1129
930 733
658 49
535 1342
728 1245
573 532
885 1203
537 1642
1223 550
766 396
1156 1124
834 598
1016 838
601 673
849 932
1040 1293
1599 569
1063 1325
1230 228
1049 1294
558 80
1128 77
1234 1488
1394 1196
778 935
612 677
999 663
587 1456
961 528
1374 356
579 802
581 270
1662 1514
1242 1326
582 814
1492 847
584 949
590 388
1119 1307
594 191
851 122
597 710
806 5
596 990
931 1301
1052 221
610 210
1524 861
1504 956
1541 494
1436 455
657 1365
1173 312
1077 172
750 233
1572 1452
1176 804
1037 1561
633 314
986 659
946 127
1178 1441
726 1391
862 717
1686 1060
1000 611
922 615
1412 1375
1439 787
884 521
1314 160
661 154
662 245
667 1184
1589 1604
1289 931
1193 1279
678 923
1558 529
1548 942
1661 299
1469 1510
1525 25
721 1580
701 832
1536 394
989 1478
1384 242
719 325
1606 1211
1356 198
1224 1315
1190 1069
1618 1273
1674 1190
1467 957
1369 1570
1279 1287
1261 57
935 1497
763 501
774 1680
1300 79
1505 1128
1297 699
791 1595
1673 12
1090 743
800 3
1648 68
920 214
1632 1598
808 1254
811 235
1468 1489
1304 1081
828 332
838 553
1542 893
1134 35
875 1215
1228 885
878 1383
882 703
902 848
1187 1182
1584 18
1093 1170
1004 581
1634 1603
1211 1348
1671 1037
1522 199
1377 458
1595 1643
1171 1010
1604 833
1633 1167
