0 1414
1748 1638
3 1070
4 728
1746 779
5 105
1745 530
6 247
1743 276
8 252
1742 1401
9 290
1741 301
10 306
11 1048
12 931
1738 89
1737 1482
15 149
1735 743
178 1741
1375 1260
429 989
1477 1575
440 752
479 244
1215 822
1646 1210
1731 225
1625 1269
1 1354
2 1046
1747 643
7 459
13 1366
16 1390
1572 22
1044 1337
994 679
1458 1435
696 139
1516 320
835 1148
1066 1297
624 600
317 740
81 262
1585 864
627 767
14 1249
1739 1036
17 691
1717 1382
288 911
1274 1016
1596 1246
1198 52
62 294
1254 542
1553 1341
140 198
1143 606
1024 1640
1749 131
1744 1052
566 1693
1068 654
1217 1038
1408 1397
61 51
259 1085
1151 1350
1591 1595
541 553
103 549
18 241
19 852
1098 1348
435 486
222 101
186 1731
1128 621
1255 1473
465 1430
331 1342
1355 881
651 579
1302 1532
558 854
538 1103
1187 1298
1298 238
731 1499
1231 1433
20 427
1740 1485
195 938
1671 160
1256 1621
477 324
513 375
1091 976
689 1739
1449 1050
22 1314
711 772
1205 983
591 1019
94 884
86 192
21 650
106 303
310 988
724 1207
1346 494
281 1582
1061 379
1322 383
690 734
107 1030
460 1449
374 69
121 1011
1631 1301
434 704
1094 907
23 42
370 432
589 1421
356 443
968 1034
988 1422
796 281
1339 122
24 741
1097 1294
264 227
1694 894
219 596
1684 373
1306 835
623 460
25 2
893 135
279 483
897 1519
359 385
779 206
584 412
1392 699
1174 653
753 16
958 1245
567 1510
1455 401
752 1143
528 936
26 340
826 658
1648 588
130 117
421 1377
27 784
1479 39
1692 453
933 248
1554 1333
1568 657
1155 356
781 1598
28 223
1102 1359
1237 1718
344 1615
36 1633
1650 985
705 667
457 499
706 254
636 490
799 436
1145 485
1342 1212
29 1073
1499 402
369 1251
422 1472
509 1550
1045 950
1414 492
1537 1719
95 764
980 1647
1608 1330
30 291
898 15
878 80
1617 197
1236 1542
1239 1619
824 1568
1611 471
31 1292
1132 127
1171 1154
1413 1071
784 593
668 1369
32 1047
291 1678
76 1556
155 1068
129 1277
1177 528
474 231
912 1275
574 271
1111 65
1071 112
576 338
448 1749
644 128
1586 1159
33 609
43 334
698 76
244 1233
1131 161
1363 842
69 909
1008 1054
124 1669
1491 1587
1009 540
34 170
881 394
469 358
167 686
1734 345
1618 514
1001 397
1252 1494
35 979
539 1555
1161 872
722 1628
253 997
341 1303
747 1517
1092 866
930 998
1715 1213
1510 408
53 960
91 185
557 1162
1210 431
135 1607
1511 1345
199 10
1619 1121
1517 491
144 858
777 482
762 1309
37 75
431 24
1325 147
364 1012
423 773
654 1040
1427 12
38 1338
1641 1059
1627 1574
628 670
1574 968
198 946
650 1039
765 1092
230 1149
951 1502
395 878
785 1201
648 575
783 85
163 1515
173 264
1371 1009
1323 188
316 1352
1599 1328
902 1132
1005 209
1025 676
1315 282
250 47
209 1181
1136 1492
512 1613
805 366
978 1372
1268 1508
1113 1572
408 1196
175 302
40 678
41 871
42 1676
911 278
909 1007
1023 0
996 905
1387 304
201 1240
520 816
122 841
1204 1432
764 20
238 1353
39 801
1320 285
552 1455
1672 1311
608 150
1284 421
44 577
1575 1142
1073 1698
957 554
797 90
266 335
45 1732
1561 61
1639 777
82 1171
47 1267
60 45
794 646
1250 1057
365 584
1189 882
319 1723
1352 1174
46 1357
191 19
876 447
236 781
467 1376
1486 363
1157 1664
330 369
1588 1700
1060 566
210 360
376 1355
223 1496
301 357
1089 1133
1686 1522
565 644
98 1102
48 1404
120 627
1182 1017
1184 934
1703 166
1573 1403
1562 1340
1316 1257
594 1192
1725 180
49 1194
50 981
1655 332
1096 1639
631 614
692 925
179 860
336 1490
1259 986
51 1559
1405 21
587 975
1664 1271
1021 362
605 384
1442 543
52 1665
853 1606
920 5
1690 159
1406 1534
1069 1688
1598 1381
1651 1310
200 107
354 744
1126 500
1476 694
548 196
405 249
1195 164
1333 1179
172 1724
246 484
840 873
1666 1710
156 649
54 270
699 1165
550 1637
688 218
1386 969
207 955
1465 18
1660 745
1230 662
55 796
189 1614
208 1591
938 761
193 1203
1497 632
1225 825
1283 1590
1399 1531
646 1305
669 353
170 616
323 1061
471 563
57 844
997 626
742 313
817 1087
1450 1331
185 1175
656 1032
287 1234
946 1655
56 142
58 1104
1481 1237
1712 132
393 628
634 1727
521 1505
1434 511
1141 1317
1354 1119
803 314
1359 293
1326 1045
1440 840
1152 1244
233 798
905 395
1328 974
758 498
1084 1055
59 330
1622 41
964 297
1329 1072
892 1021
842 1138
1441 331
248 467
867 620
478 258
386 564
728 1533
1043 261
767 1711
926 623
932 156
1437 923
426 253
719 25
861 863
754 327
1258 1733
1404 1096
455 283
138 40
1583 733
642 1095
273 756
363 87
635 201
116 870
63 876
377 137
237 849
1361 1141
176 1671
488 1202
798 108
150 1268
1670 1423
640 1051
710 1360
64 1066
1578 703
214 1256
461 786
378 1124
929 1689
1163 1020
901 1643
360 651
65 177
1200 146
251 845
1438 930
572 272
1033 700
66 982
883 1483
309 1232
532 163
745 171
462 1088
1196 971
1422 456
352 1261
1335 219
1645 1326
67 1634
780 317
953 1278
730 100
712 1511
497 680
320 466
83 1547
269 834
603 958
442 697
1451 213
411 349
1160 1581
680 26
1602 532
68 718
334 748
1159 1042
1290 1479
1425 1406
841 738
70 638
1466 710
231 963
1310 187
71 613
290 7
162 604
164 829
1653 847
470 820
72 167
709 1079
962 1029
1039 1740
686 967
691 145
1549 435
73 235
542 655
665 1033
990 1242
1539 899
811 267
74 574
480 1078
708 1384
1153 1702
1722 631
1087 205
390 1135
339 298
298 116
1411 454
1058 1588
1615 1439
547 1002
75 1336
239 949
1530 1010
1665 280
1223 695
1708 602
896 583
1330 768
1609 1735
1520 1058
1124 890
1314 452
1138 1113
335 999
1706 370
1628 54
1558 501
1146 1434
491 104
1327 527
879 1117
77 897
79 1264
1612 706
1519 723
1563 1712
297 634
78 1730
196 1493
1685 720
1107 398
830 1564
522 956
424 1565
832 1001
918 399
910 1128
998 831
1656 1627
776 115
1305 1227
1168 1596
1082 1158
863 607
818 615
80 422
577 257
503 1230
515 1217
1065 547
786 308
1108 633
387 1134
924 693
615 347
970 526
1636 368
375 457
723 605
485 1497
314 1558
1224 390
570 34
1267 1214
85 1391
1243 1612
1403 1116
177 1443
1212 462
99 1120
160 531
263 1573
148 1465
84 837
889 669
1379 465
392 1319
943 1318
1286 1388
1264 1699
1443 182
87 945
410 1064
267 953
397 824
88 1642
1105 571
89 1690
727 1408
1194 119
286 1127
1710 178
873 1583
90 765
1262 434
1698 67
679 910
306 1600
1104 1363
595 696
516 228
568 663
1607 1
1018 1289
159 612
174 523
1279 473
433 1204
154 1107
1688 932
672 1500
697 1247
1109 1570
1202 6
1116 509
1232 400
152 1412
92 1316
510 1223
258 372
1190 200
847 230
966 502
736 1504
1269 722
350 954
518 652
1280 682
1079 833
1304 224
670 843
675 92
836 1604
991 1280
1642 640
1600 763
1488 1272
1436 1140
1582 533
756 814
1112 1670
136 1715
93 433
96 776
660 1197
454 233
999 1229
1303 1236
974 169
1460 689
663 355
967 857
1324 415
380 1323
740 1501
1296 624
1080 1008
97 129
1150 789
372 1675
1362 589
285 1484
453 948
713 736
766 1453
1209 1525
517 1025
325 721
1683 181
1350 134
1081 416
472 388
101 449
544 832
975 769
1110 1308
1498 1387
100 1448
102 1368
406 417
304 350
1695 1452
133 1334
771 207
202 804
849 488
125 1101
940 805
1547 1168
1647 505
146 489
104 806
346 1276
562 50
333 512
1551 1100
1050 495
884 439
105 719
1644 1199
1446 705
1658 94
1697 903
361 1222
717 1685
400 611
1523 1389
1503 590
1026 560
1593 898
486 1258
127 770
1616 73
147 1589
450 99
1115 446
1675 48
260 1161
657 55
1418 1325
1277 86
683 1476
1542 1302
944 186
108 1077
1579 8
816 136
857 217
556 851
449 148
734 1106
1176 1720
109 1537
110 49
211 539
844 846
1253 497
427 311
1444 310
111 1611
739 1419
1633 1636
1248 645
1211 475
112 1692
1343 1266
1199 901
806 378
1412 325
888 1080
707 295
1534 1521
1457 175
995 309
388 735
302 1099
1191 404
1358 1044
113 326
114 685
1711 1167
188 961
1580 389
1011 568
1526 1523
1022 1450
1613 1645
115 46
952 1187
1592 426
1213 44
1183 1024
265 62
1485 371
1569 1185
305 902
703 346
322 342
490 1296
368 1566
674 1622
925 1442
1285 751
226 1375
773 215
296 1241
637 970
1632 506
782 1744
117 1265
118 510
119 785
1059 1407
1509 32
382 1705
1723 1346
278 121
221 487
819 315
823 1663
960 1436
274 1717
827 1172
315 753
1496 1409
1014 1516
934 1579
507 336
169 1474
123 1226
921 289
452 126
1652 520
1624 125
1123 1190
1581 1238
814 1003
750 226
1072 1262
1245 72
292 1160
1541 396
126 1644
1500 391
391 576
466 1576
977 1248
1483 493
1144 1405
1478 255
280 647
128 782
1218 1569
1221 1528
300 1599
1370 292
1382 862
561 517
1464 1300
791 470
1452 665
1724 944
1158 1413
1474 1461
464 1060
332 191
694 775
131 1349
1103 585
891 472
1020 778
338 451
402 321
597 354
1410 78
599 1114
463 110
1555 1571
132 1464
1487 1746
1732 1477
1709 978
638 729
1713 1460
973 1136
1336 14
1424 1487
1070 1641
1395 1417
585 562
1701 739
321 1679
808 1193
1185 1263
1149 424
1214 1457
398 1646
1365 519
1590 1468
1663 1527
846 1444
134 598
1383 1074
956 1722
217 1650
241 1709
1074 1420
659 537
1407 1549
262 1545
1623 1681
666 1115
1208 1554
1433 1562
139 964
1349 1661
1428 1446
677 1580
775 904
815 1592
704 174
837 783
1241 1471
985 1274
789 1322
592 995
1531 712
1192 344
831 1631
1078 1069
141 1374
403 240
1594 1459
658 1742
682 93
137 411
437 1618
1052 1290
700 27
1514 1651
880 1716
142 610
890 1551
1122 1475
1368 1512
1233 1056
143 1164
145 33
355 130
1307 1013
313 581
396 513
804 1424
549 392
289 672
981 813
1007 659
586 1488
972 1609
1353 794
1164 641
649 1399
487 279
1518 1216
1135 544
942 222
563 867
1445 635
1565 266
807 1373
149 914
802 28
1272 38
1002 1183
444 732
519 608
445 1544
639 1198
505 795
606 591
268 83
282 469
1275 1696
417 1004
476 423
1638 677
151 59
1076 103
653 1553
415 172
907 63
1595 990
1331 601
1679 1324
153 625
916 9
1630 1295
1064 1131
1357 1027
1295 746
1165 1215
1447 1648
833 1335
157 35
714 1112
1614 1529
158 972
1705 118
1388 478
1055 1151
871 1726
1461 212
459 664
1170 214
1040 155
345 229
979 714
1364 555
1378 522
183 1220
1507 1228
906 1137
687 1200
1401 210
256 284
681 642
877 507
1249 450
725 120
212 629
948 545
1423 322
347 1356
759 504
1289 1122
161 917
1669 648
165 1557
343 1184
600 1287
848 1383
166 716
1036 684
855 966
1463 619
414 637
611 1674
499 1018
1532 1538
404 82
168 1312
318 31
1048 1697
1501 1707
1140 1701
1429 771
272 1062
443 1491
633 1379
1265 810
923 1189
1603 1541
1162 91
546 157
1106 809
1031 1255
787 906
860 286
171 727
850 1597
412 818
1179 168
1470 943
1235 1736
1142 220
1017 179
735 1695
1046 1667
607 374
328 916
1536 1668
1597 892
1222 887
1577 1714
409 622
1543 1218
1041 673
580 922
612 1279
770 300
399 461
1468 1111
1680 853
1489 1283
1654 569
899 428
936 957
180 1486
1000 429
1426 13
181 211
886 594
598 173
667 29
872 1347
829 730
540 1291
358 630
1515 1654
792 1385
327 380
312 1402
1475 409
560 1745
294 1410
184 339
795 165
1430 750
647 1704
182 1456
261 1182
1246 980
526 1145
1226 474
373 138
187 828
543 1224
1203 328
1154 438
931 1089
895 1653
626 1660
436 296
812 1584
456 307
894 940
928 323
190 521
954 1091
192 1053
1492 668
904 1658
353 755
1288 318
1687 1371
308 1125
194 1358
695 839
432 1478
1301 1426
197 617
1462 337
720 260
235 1365
947 1351
420 1601
1016 53
1482 1393
1147 891
1484 1152
1167 603
1054 1632
419 364
1273 1507
529 102
1015 68
1240 1394
1062 1635
203 690
733 1386
813 232
760 36
1467 1313
984 548
1019 838
1454 1231
204 1610
205 880
206 1023
1219 66
1282 788
1037 567
965 1235
1095 1221
1493 908
955 1481
601 534
664 1364
324 508
224 268
993 1076
757 698
1216 586
1571 1063
617 518
458 817
1693 636
1251 1535
1448 1470
1559 929
1704 1747
407 524
213 299
858 994
1728 440
482 1625
545 1239
1012 419
468 1343
1287 578
865 992
1601 799
215 1253
1188 535
937 762
788 23
216 737
843 836
737 1315
1494 1503
583 1243
1120 84
500 1178
1244 711
1610 725
1421 757
218 236
220 1150
869 1370
1544 189
852 1195
950 1163
1394 158
270 941
1180 928
652 1147
851 410
1366 1144
1396 124
225 96
276 947
1668 152
619 1285
430 1321
870 1691
536 1067
227 381
1718 1304
475 1094
828 516
1299 1398
629 70
295 1362
228 879
229 1662
283 639
438 683
1435 942
1156 1451
578 1180
1720 1153
1083 1593
481 559
630 1188
1525 1126
1385 790
1409 939
1432 203
1229 1270
1139 538
820 274
232 95
234 243
809 987
1030 1552
864 921
418 661
1696 476
874 1282
1367 984
838 747
242 194
394 913
625 259
240 1616
729 1022
1077 1109
801 1344
534 1035
1341 546
243 1509
919 1728
1207 204
1691 993
992 202
1309 536
245 692
1063 973
900 88
1042 458
1347 1703
379 815
1134 265
982 251
778 1186
247 1526
1356 1118
249 1327
1527 1561
1714 1415
511 1603
496 1543
362 856
1311 962
551 1037
1629 1252
1338 113
1402 1518
1471 1546
252 1586
254 1425
1506 1049
525 275
1056 1014
255 1378
504 352
554 393
257 183
1522 463
385 153
1193 1729
501 924
284 1656
1719 11
1513 933
1010 830
1114 1130
389 348
533 807
1380 184
1057 715
1508 287
1169 430
271 886
307 246
761 896
1546 1006
1521 1620
1088 1437
342 1495
885 573
277 479
913 1530
1049 343
275 98
1266 1339
575 1748
987 1005
1682 445
1220 151
1727 919
1397 823
1657 1630
1313 1411
882 1157
1369 848
1649 382
367 123
1173 1361
299 797
983 288
941 361
494 895
293 977
1391 273
1659 133
1093 1540
531 1567
748 1332
1270 1721
1067 1602
676 1392
903 572
1317 819
741 1454
1206 766
357 1514
1389 237
602 387
715 1329
1293 893
1415 1577
524 792
1667 1734
571 1209
685 1708
1495 1082
1626 561
1637 1211
746 927
1294 341
718 143
1234 811
732 1031
1201 587
495 1594
1004 60
721 1250
1564 1146
303 1447
1707 1176
1318 1706
1119 1657
1278 97
825 912
922 242
1013 1155
1733 1694
416 1123
834 193
684 448
1640 666
701 965
1620 1440
311 883
381 874
498 376
1661 1396
1032 592
915 1081
751 1489
483 1524
1681 702
743 30
1381 821
1453 405
1456 1286
523 1166
976 1469
1137 1299
613 726
1238 660
1297 717
1677 1445
1121 552
610 468
425 529
1431 885
326 1065
772 877
1129 1105
596 141
1459 1462
768 570
329 1539
1390 996
616 850
693 1284
969 1624
1548 1563
1166 952
1473 1428
559 1139
1312 57
859 1548
337 1395
1689 900
793 675
1051 199
473 859
1605 918
641 56
1376 1026
1398 951
340 1666
1550 1687
1006 58
579 503
1351 1281
961 1652
845 758
348 731
1038 367
349 74
643 1623
1337 774
527 64
351 595
744 926
1291 351
971 464
1281 162
590 263
1360 580
1186 618
1101 709
573 79
1034 1617
1505 1467
1587 713
383 414
1086 1737
366 1090
963 754
1726 480
1730 386
1393 1626
1557 875
1384 937
439 1498
1263 1206
769 333
949 1097
1127 329
908 515
588 1431
749 1084
1321 759
371 1466
1533 868
986 1560
1700 687
514 1400
875 1273
839 1743
1292 1098
441 1129
945 1254
581 808
569 1110
384 221
1125 915
738 1225
1118 1513
1729 861
716 176
1635 935
1003 418
1545 1506
1673 688
555 1000
1439 558
1099 403
1504 109
1027 1672
401 406
620 1320
1053 140
1524 1677
662 791
428 888
1133 1208
413 1169
1540 1093
678 1293
702 1156
1334 1480
1308 250
1716 234
530 1427
492 81
1606 855
1117 787
1373 565
661 1738
446 377
1197 556
447 1608
1566 800
1242 674
451 1682
645 1418
671 442
1662 656
1634 1306
868 420
755 827
1417 1441
927 802
822 1463
1556 37
553 144
1560 1219
989 1307
1538 1683
856 216
1529 4
582 496
484 425
1674 671
1340 1043
1172 889
489 1684
1678 256
1090 1438
493 319
1319 1170
1589 1083
1227 597
502 17
1736 1605
506 701
508 780
1469 481
1535 742
1181 269
1512 154
618 551
821 1288
854 71
1420 1041
673 1713
1567 1686
621 407
1377 557
1400 920
535 991
564 312
537 1725
609 1075
1257 1673
614 1416
1344 826
1100 550
1490 437
866 869
1276 455
862 359
1148 277
1604 111
1374 1659
1472 1191
593 708
939 707
1332 959
604 239
726 316
1178 1173
622 305
1130 582
887 1177
1261 1629
1416 190
632 1259
800 477
1552 1680
1372 812
1570 1578
1576 749
1584 1520
655 1028
1345 1458
935 365
1699 3
1502 803
1676 681
810 1015
1271 77
1419 208
1029 865
763 114
1528 245
1480 1649
1035 106
1621 43
917 599
1228 1086
774 541
1260 1585
1085 1108
790 724
1175 195
1300 760
1643 441
914 1536
959 1205
1721 413
1702 444
1247 1429
1028 1367
1047 1380
1075 525
1348 793
