10620 11023
10972 10978
9952 10132
11244 11392
11021 10724
10317 10977
10694 9738
10892 10816
11337 10461
9760 10567
11373 10669
11360 10654
10966 9717
10036 10351
11494 11469
10931 10091
10604 11485
10044 11176
11457 10199
10093 9984
11324 11207
10276 10480
11356 9839
10194 11463
10804 10141
10445 10512
10449 10282
9966 10579
10567 9880
10287 10241
10239 10557
9729 10792
10147 10757
10242 11461
9965 11046
10198 11280
10999 11016
9931 10919
10178 10823
10314 10411
10727 11532
10457 11246
10780 10079
10862 10378
10405 10325
10783 11274
11167 11086
10354 10598
10410 10885
9963 11129
10977 10973
9938 10099
11152 11146
10370 11202
10742 10468
9838 10032
10768 10913
10515 9789
10730 11471
10474 10432
10221 10941
10031 9832
11123 10152
11394 10455
10290 11264
9980 10304
10864 11245
10471 10733
10843 11058
10081 9771
10151 10174
11536 10075
11470 11433
10695 10780
9781 10559
10057 11331
10867 9729
10519 11330
10450 10747
11212 11289
10452 9811
10597 9853
11171 10774
10601 10182
11516 10939
11057 9827
11358 9826
10115 11009
11137 10198
10243 11390
10769 10544
11007 11222
9964 9730
10698 10031
10288 9990
9759 11154
10759 10312
10856 10848
11288 10529
11028 11035
11268 11379
9987 11333
11053 11072
11485 10606
11008 11029
10898 10460
10168 11008
10446 10050
10064 11299
11357 10616
11359 11157
10224 10185
11440 10433
11243 10024
10987 10558
11049 10728
10319 11403
11228 10778
11363 10834
9732 10108
10919 10960
10749 9751
10802 11266
10071 10717
9774 9888
10251 10982
10602 9972
11472 10253
9799 11522
11121 9859
11377 11239
10885 10045
11253 10039
10109 11375
10949 9796
9879 10516
10884 10205
9954 9830
10649 11457
9813 10734
10225 9933
10997 11491
10708 10448
10959 10268
10212 10184
10076 10416
10015 9753
9830 10693
10077 10806
10578 10864
11347 9716
10975 10014
11108 9977
11374 11394
10414 10594
10941 10786
10557 9805
11508 10006
10187 10338
10554 11317
10826 10008
11446 10895
10779 9849
10564 9852
10214 10861
10593 11314
10947 11088
10848 11215
10881 11372
11277 11293
10847 11365
10591 10063
11122 10991
10875 10573
10828 9939
9842 9930
10756 10662
10979 11355
10005 11049
11191 10036
11001 10915
10896 10965
11433 10181
11247 10393
11392 10699
9770 9924
11488 11412
9923 11386
10827 10547
11461 9792
11109 10949
10035 11048
10264 10737
10427 10966
10811 10299
11376 11187
10443 10087
9833 10022
10270 10849
10832 10603
11261 10167
10331 11366
10025 11070
11195 10363
10739 10269
10195 10536
10312 11121
11250 10911
10763 10672
10733 10236
10185 11434
10426 10443
10820 10500
10451 11452
11489 11388
9835 10094
10332 10839
10634 11163
11170 10884
10420 11311
10958 11343
9828 10068
10633 11195
11252 10086
9791 10019
10735 11458
9859 10570
10612 10295
9897 10909
9771 10720
9887 10706
10865 10453
9941 10029
10606 9891
11445 10391
10174 11114
9903 11377
10138 11126
11415 10999
10126 10170
10377 11210
11147 10821
10400 11133
11384 10993
11395 10053
10440 11285
9746 10255
10801 10273
9910 10258
9924 10034
10004 10114
10853 11170
11452 9854
10645 11525
10110 11130
11221 10218
10024 10211
10241 10303
10467 10574
10815 10296
10895 10384
11314 11325
10465 10288
9735 9920
10021 10582
10844 9936
9992 11438
10475 10428
10324 11446
11427 9956
10948 10266
11521 9757
11224 10352
10360 11451
10927 10081
10691 9735
11366 10739
10863 10903
10391 10709
11060 10077
10622 11235
10262 10880
10059 11347
10897 10867
10617 10084
9870 11277
10073 11286
9818 10017
9804 9953
10418 9770
11361 10357
11127 9980
11177 11524
11153 10395
11263 10344
10923 10531
11370 10373
10911 9748
11303 9828
9750 10591
9898 10410
9840 10156
9740 11473
10970 10711
11048 10482
10925 10223
11478 11501
11014 10697
11029 11407
10993 10785
10156 9815
11075 10160
10673 9996
10508 10343
10566 11499
10436 9779
10199 11424
11399 11351
10785 11466
11463 10499
10432 10543
10950 10317
10402 10397
11383 10097
10134 10502
10477 11477
10957 11260
10891 9732
10903 10150
10175 9881
10890 11120
10392 10952
10006 10164
10130 10998
10181 10336
11006 10052
10304 10047
9776 10201
11432 9873
9765 10538
11144 10133
10805 9863
10651 9919
10201 9773
11149 11482
10149 11430
10563 9899
10930 10657
9829 11253
10380 10608
11338 11470
11160 10830
10924 11162
10813 10920
10030 10721
10793 10546
10732 10319
10663 9869
10653 10297
11092 10026
10968 10555
11487 10586
9872 9885
11417 11051
11391 9819
9718 10113
10592 11122
10309 11194
11258 10691
11030 9851
10767 10438
10154 11284
11141 11227
10587 10936
10693 11050
10766 10665
10607 10827
11027 9758
10671 11410
10163 10059
10565 10341
11058 9812
11237 11160
10969 11014
10709 10988
9725 9725
10726 10486
9850 11516
10812 9829
9763 10090
10494 10964
11061 10127
10840 10788
9864 11385
10978 9949
10192 10997
9995 11515
10954 9746
10316 10708
10213 10908
9721 11083
10556 10291
9915 11173
11410 11119
10207 11478
10635 10348
10839 11350
11233 9867
10544 10566
10323 11150
11372 10065
10961 10795
10121 9916
9871 10856
11322 11115
9808 9740
10007 10139
10525 10136
11040 11214
11110 10862
11181 11288
11299 10829
11033 10204
10599 11113
10367 10589
9947 11358
11335 11057
10034 11435
11044 9810
11246 10732
9775 10414
10778 10004
10744 11102
10806 11074
11259 11223
11106 10362
10810 10505
11133 11011
10491 10640
10272 10328
10029 11117
10703 10702
10860 10398
10484 9727
10437 10238
11523 10797
10613 10320
11496 9992
11326 10649
9839 10473
9757 10267
10487 10725
11173 11190
10505 10489
11416 10783
10765 11087
9955 10528
9930 10203
10546 10467
10722 11226
10904 10142
11015 9961
9841 11401
10746 11108
11012 10349
9861 10387
10343 11359
10495 11069
9899 11059
10217 11182
11169 9736
10507 10318
10616 11475
11381 11279
10988 11540
10983 11508
9951 10252
11336 9825
10796 10632
10358 10766
10907 10278
11294 11116
10822 10564
10087 10840
11455 11340
10171 11535
10197 10948
10041 10753
10984 11504
11074 9733
10366 9927
10809 9907
9723 10705
10678 11097
11387 10242
10374 10003
9731 10561
11101 11530
10346 10002
10282 10355
10814 10563
10456 11505
11222 10812
10585 10306
10128 9769
9877 10285
9858 10138
10781 10931
10588 10009
11124 10888
10791 11211
10008 10891
10236 9759
10447 10855
9901 10280
10550 10450
11079 10750
11506 9908
11300 11506
11186 10600
10526 9994
9736 10332
10152 10996
10533 11098
10915 10552
10706 10607
10000 11188
10060 10051
10001 9976
10307 10809
10162 11423
10321 10924
10159 10521
9943 10165
10469 9981
10561 10743
11316 10701
10431 10485
10478 10696
10049 10146
11055 11068
9816 9837
10859 10093
10204 11073
10866 10704
10670 10970
10555 10776
10528 11255
9761 10323
10275 10216
10701 11326
11447 10066
11041 11301
9907 10135
9779 10076
10771 9932
11068 10005
10472 10459
9936 10437
10274 10364
10524 10082
11066 10470
11439 10394
10784 11397
10032 10137
10490 10377
10295 10674
10339 10597
10689 10249
11274 10927
9795 10951
11197 9802
11174 9838
10206 10462
10062 11275
11511 11269
11062 11488
10237 10016
10842 10525
10470 10471
10409 10070
10868 9991
10146 9989
10729 11465
11269 11032
11471 9806
10114 10424
9853 10979
10873 10726
10444 10599
11323 10409
9959 11445
10870 9744
11426 9948
10482 9944
10095 10626
10569 10533
10473 9874
10570 11107
10397 10309
10816 9808
11502 10956
10357 11044
9991 10601
9786 10385
9874 10571
10493 11441
11158 11179
10922 10458
10105 11196
10909 10321
10455 11261
9968 10365
10589 11231
10172 11061
10398 10843
10755 10302
11517 11045
11036 11324
11241 10197
9755 11060
10967 9774
11257 10307
11072 10058
10113 9897
11332 10727
10096 11054
10461 11093
10381 10239
10186 10994
10734 11420
9798 10935
11420 11026
10182 11399
10220 11517
10100 9951
11000 10902
10387 10088
10144 10751
10542 10892
10835 9923
10662 11346
11143 9906
11468 9843
9837 9959
10886 11128
10070 9995
10355 10622
11281 10716
10854 11200
11207 10440
10303 9866
11078 9986
11466 10054
9773 10929
10111 9950
10240 11460
10365 10456
10279 10532
10256 9820
10289 10648
10981 10833
9922 10421
10584 10814
11013 10853
11234 10096
11423 9955
10434 11442
10351 10270
9993 11166
10416 11053
11093 11111
10681 10466
9957 10836
11083 10418
9856 10027
11266 10405
10308 9887
11087 10820
10266 9742
11128 10686
10618 9799
11051 10430
10699 10995
10672 11402
11231 10454
10265 11263
11139 9745
11225 10386
11130 10250
11084 10259
9769 11310
11464 10967
9902 10629
11379 10877
10155 10508
10296 11312
10575 9975
10097 10441
10937 10390
10088 11322
10888 10407
9716 11101
9985 10522
11046 9898
10807 10381
10516 10061
10423 9979
10066 9809
11520 10083
9738 10587
10417 9750
11073 10401
10118 9934
11190 10358
10704 10342
10576 10756
11120 10064
10180 11414
10680 11034
11308 10755
11346 9905
11333 10754
10637 10166
10944 9724
10091 10247
10205 10822
10656 9946
9719 10689
9912 10240
10422 10980
10464 9872
10394 11395
10325 11040
10665 10475
11530 11357
10535 10213
11505 10831
10052 10452
11443 10412
9940 9760
11365 9719
11251 11327
11486 9970
11208 10256
10179 11500
10027 10496
10837 11109
9881 11141
10386 11384
10614 11248
10963 10469
11344 10539
10361 11440
10773 10331
10688 10353
10724 11468
10562 10540
9962 10214
11211 10078
10476 10791
9809 10781
11513 10773
10770 11486
11200 10916
10928 10158
9855 10925
9815 10526
10700 10627
11175 10527
10322 9931
10479 11095
10532 10577
10429 11037
11165 10619
10725 10782
10022 11225
10753 10810
11260 10001
10379 11149
10173 10769
10257 10796
11140 10957
10165 11123
9989 10515
11264 10808
11161 10938
11497 11177
11529 10379
9722 10971
11287 11251
11354 11369
10752 9841
10363 9850
11422 10572
11180 10276
11204 11002
10502 11143
9976 11103
9821 10290
10486 9876
11527 10807
11201 10897
10468 10687
10301 10763
10880 10987
10741 10802
11351 10292
11216 10541
10108 9945
11533 10944
10285 11152
9797 10514
10541 10975
9805 10457
10683 9797
10053 10163
11166 10376
11238 10246
11539 10845
11184 10498
9752 10436
10075 10429
10116 10423
10686 9749
11232 10189
10581 10018
11230 11066
10574 10859
10382 9824
9926 11161
10902 9890
9846 10420
10142 9787
11305 10382
10640 11518
10583 11237
9847 10439
10485 11425
9909 10934
9788 11127
10019 11449
11248 10361
9893 11198
10020 10524
10992 9795
10202 11533
10462 10195
10376 10667
10825 10813
10982 10149
11291 11467
9960 10311
10935 10219
10079 9962
10713 10369
9767 11031
10259 9793
11071 10954
10887 10172
11343 11184
10448 10333
10738 11021
11168 10194
10415 9840
10080 10901
10026 10535
10117 11303
9981 9963
11362 10360
9934 11038
10219 10173
10641 11230
9928 10263
9785 9883
10938 11389
11436 9755
10122 9909
11397 9966
10750 11512
10605 10646
11063 11142
10421 11232
10250 10033
10518 10842
10067 9842
10946 11309
10687 10339
11462 10046
11304 11265
10302 11201
10373 10947
11537 11258
9949 10746
11145 11400
10994 11497
10692 10825
10799 10596
10164 9767
10690 11464
10560 9870
10974 9997
10834 10742
9742 11228
11538 9788
10603 9943
10003 10875
10249 10071
10334 11507
11522 10103
10594 10107
9751 11373
9950 9912
11481 9816
10160 10126
11352 9761
9778 10779
10150 10192
10721 10790
10677 10846
10347 11140
11295 10345
10715 10900
10433 11159
10819 10537
10280 11252
11052 10826
11016 9921
9824 11268
10065 9875
10845 10575
11272 10731
10058 10637
9875 10584
11070 10111
10246 11283
10010 11307
10795 10095
11154 11432
9843 11030
10660 10490
10193 11278
10231 11493
9762 11335
10292 10212
9998 11472
10829 11323
10211 10620
10342 10476
11425 9918
10568 9814
10760 11376
10460 11212
11255 9998
10268 10217
10621 10366
10960 10463
9734 10613
10137 10392
11178 10023
10964 10886
10833 11151
11507 9864
11311 10226
9865 10863
11355 10943
11117 11007
10936 10847
9820 11224
10906 11071
10349 10057
10552 11510
11512 10134
11031 9889
9979 10623
11236 11305
10018 10618
10235 10080
11479 10768
11025 11315
10831 10115
10776 10434
11330 10446
10293 11436
10611 11316
10269 9903
10055 10417
9873 10346
10017 11378
11293 11019
10441 10932
11088 10663
9911 11427
10929 10611
10016 11015
11284 11236
11150 9781
11483 10474
11042 10207
11089 10073
11504 9723
11146 11197
9921 10710
10668 11290
11285 11138
11378 10403
10404 11443
10789 10658
9782 11360
11187 10419
11005 9884
10600 10752
11196 10612
9857 10869
11162 9782
9884 11081
11105 10449
9827 10554
11451 11168
10054 10060
11098 10761
10333 10286
10529 10400
10170 10656
11484 9739
9971 9971
10348 10122
11441 11169
9812 11536
9852 10327
10406 10356
10536 9728
10534 9877
11129 10426
9983 10545
9728 10661
11099 11241
11315 10817
11409 10666
10050 10447
9753 10030
9766 11155
10045 10041
10615 11145
10232 11527
11126 11417
10356 9790
10976 10852
9854 10415
11032 9801
11442 10123
11429 11005
10537 10492
10882 10617
11100 9718
11438 11353
9802 10906
9972 9777
10547 10069
10463 11520
9730 10056
11380 9928
10124 11298
11382 11084
10648 10092
10527 11006
11473 9925
11477 10025
11217 9722
10338 10643
9860 9734
11214 10322
10362 11396
9978 9941
11350 9922
9876 10298
11515 10805
10996 10334
11317 10110
10364 9860
11345 10048
11510 11171
9994 10308
10728 9856
10736 11091
10190 9798
10879 11013
10350 10335
9888 9772
11480 10671
11307 10700
11192 10723
10926 10749
11306 10124
10226 10644
10530 9861
11034 11203
10345 10305
9890 10677
10531 10119
10442 10488
11499 9902
10407 11295
10674 9858
10590 10634
10664 9763
10572 9947
10072 11371
11532 9862
10273 10175
11454 10380
10818 11356
10208 9965
10619 9752
11407 10767
10033 9818
9792 11247
10009 10260
10850 10159
10306 10520
11501 10413
10774 11270
10101 9940
10667 10177
9724 10694
11449 10193
11138 10868
10646 10590
10228 11538
9918 10685
11408 11492
11385 11391
10277 10264
11213 10896
11283 11489
9826 10171
11334 10872
10543 11281
11227 10652
11490 10653
11183 10274
11245 10007
10320 10641
10717 11297
10238 10762
9953 11165
11353 9775
10191 11496
9866 9987
11114 9958
10140 11250
10596 11529
10914 10281
9917 10850
9834 9804
9919 11531
10488 10020
10696 9831
10489 9778
10510 10222
9973 11267
11188 10301
9920 9865
11215 9937
10788 10161
9743 10645
10632 10953
10627 10010
10038 10765
11037 10478
10786 9785
11434 10324
11103 10350
10132 10928
10298 10670
10823 11220
10040 11448
11325 11363
10037 9871
10731 11134
11198 10828
10216 10408
11404 9721
9796 9780
11469 10698
11091 9988
9811 10789
10063 11075
9956 11300
10669 10878
10369 11374
10952 11183
9814 10347
11102 10483
10384 10484
11290 10261
10328 10736
10481 10330
10995 10976
10046 11100
9982 10735
10608 11484
10247 10772
10511 10118
10609 11106
10480 11191
9990 11148
10336 11490
11482 10588
10685 10147
11218 11514
11003 10375
11412 10178
10851 10804
11386 10287
10852 10832
10846 9846
10222 9768
10800 9844
10161 11001
9810 10116
9848 10803
11185 10021
10878 10602
11424 11393
11229 10680
11393 10923
11524 11422
10512 11078
11086 10289
11047 10990
10125 10898
11342 10530
10378 10930
9772 10179
11418 10715
9889 11110
11157 9915
9868 11124
10233 9978
10764 11004
9768 10511
11319 11229
11320 9993
10500 11352
11400 10865
10636 10422
10326 9848
11135 9985
11271 11362
11430 9892
9819 9974
10413 10745
11023 10576
10540 10251
10872 11139
10666 11020
10630 11447
10916 10837
11054 11158
10545 10388
10203 10232
11104 11216
10385 10534
11265 11055
10496 10237
11059 11204
10965 11018
9784 10316
11270 10883
9880 11132
11096 11418
11018 10243
10086 11462
11134 10035
9895 10389
10048 10933
9942 10553
11467 10799
10023 10841
11375 11429
11296 10326
10466 10764
11368 9910
9851 10851
10792 11276
10658 10151
10107 9821
10901 9960
10412 10937
10582 10655
10261 9845
9932 11408
10389 10605
9975 11096
10028 11320
9790 10630
9844 10479
10934 11027
10772 10760
10855 10681
10652 11104
10260 10592
10629 10055
11239 10887
11136 9901
10644 10962
10951 11291
9801 10042
10626 10493
10523 10130
10720 10229
9946 10228
10830 10914
9780 10894
10047 10784
10962 11135
11010 11147
10390 10992
10177 10406
9997 10719
9789 10633
11050 10275
9869 11112
10068 10145
9822 11537
10598 10190
10123 10000
10372 11523
11164 10879
10395 9762
9793 11380
9883 11367
9944 10835
11155 11332
11081 11494
10945 10593
10002 11036
10782 10227
11509 11099
9908 11404
10318 11444
9916 10272
10740 10523
10430 10038
10659 10635
11419 11426
10719 10102
10917 10337
11163 11336
10971 11022
11279 11189
10411 10445
11276 10444
11112 10664
10145 11487
10078 10109
10094 10972
10684 11153
10311 10615
10253 10882
10933 10684
10861 10946
11282 11382
10408 10729
9836 11338
11460 10072
9945 11063
9727 10692
10990 10374
10375 10890
11035 10370
11004 11287
10998 10481
10654 11481
9948 10984
10103 11175
11107 11528
11421 10300
9974 10866
11458 10578
10871 11079
10787 10067
10133 11319
11389 10963
10263 10404
10754 11387
11115 10542
11206 11012
11405 10959
10229 10140
11514 10040
10723 11415
11097 11344
10577 10870
11022 10186
10953 10819
10498 9926
10135 10707
11069 10801
10558 9857
11503 10206
10737 10277
10014 10969
10702 11089
10932 9776
10371 9765
10657 9786
11202 11217
11131 11238
10571 11502
11310 11208
10920 9835
10158 10917
10710 10881
10291 9954
11002 10974
10549 11033
10712 10958
11119 11479
10056 11271
10337 11416
10539 11186
10762 10659
9927 10793
10085 11136
11019 9911
11531 10562
10341 9973
11435 10399
11159 9878
10141 10811
11396 10074
9969 10556
10940 11234
10271 10639
11312 11082
10797 11010
10705 11450
9749 10464
10424 11354
10399 9983
11254 10402
10876 9895
9758 10125
11401 10549
11095 11000
9905 11306
9748 9957
11223 11483
10184 10800
9939 10854
11118 11174
11390 10673
9906 11334
11465 10477
10956 10560
10497 9968
10639 10713
9832 10293
10042 10945
9925 10744
11267 10621
10991 9836
10794 10180
10136 10815
10335 11257
11493 10703
10099 11180
11020 10262
10403 11233
11182 11003
10102 10860
9961 10220
9937 11456
11540 10690
10299 10722
10227 9964
11492 10940
10908 10062
11289 10235
10849 9894
11301 10585
10520 10265
11226 10983
10697 11272
11456 10472
10166 10279
11235 9834
11321 11519
10522 11439
11189 10105
10039 9833
11220 10233
10297 10614
10913 10208
11219 10044
10167 11067
9733 11294
10327 11511
10082 10507
10747 10794
10223 10509
10745 11296
10419 10770
11045 11118
11475 10257
10743 9879
10483 10100
9787 10904
10098 10442
10808 11041
10761 10955
11172 10183
10438 11480
10573 11273
10509 11047
10625 11337
11491 10519
9831 10625
10458 10730
10189 11178
11371 11513
9996 10518
10817 11219
11340 10367
10139 11503
11367 10907
9777 9731
11448 10104
11142 10740
11444 11206
9984 10121
11176 9743
10506 11137
10836 11042
10973 11539
10396 11383
9744 9855
10090 10950
9958 10221
9892 10098
11111 11052
9862 10583
10061 11025
10643 11131
10790 10876
11026 10497
9878 9822
11402 9741
10877 11370
10439 11509
10559 11521
11210 11167
9977 11454
9806 11213
11151 10968
10841 10604
10980 10678
10939 10683
10084 10427
11369 10245
10286 10117
10255 10085
11525 10741
11298 10049
10388 10491
10267 10225
10905 11185
10281 11304
11038 10495
10707 11409
10661 10818
9933 10844
10258 10465
10183 10636
9863 11105
10092 10688
10894 11368
9739 11244
10278 11421
10453 11172
9825 11381
11339 10981
10623 9813
11388 11192
11067 10550
11518 10651
11500 11345
10352 10372
10051 10660
10716 9938
10869 10396
10248 11321
10330 10162
11082 11164
11148 11259
10499 10431
10900 10155
11519 10871
10074 11218
11011 10771
11403 9917
10119 10568
11528 11092
10454 9784
11292 11221
11273 10494
10803 11308
10711 10037
11309 10154
10821 11262
9891 11292
11116 10368
10655 10187
10401 10961
10586 10668
9970 10028
10083 11455
10758 10015
10069 10712
10344 10581
11535 11254
11194 9893
10757 11062
11132 9847
10300 11474
10459 10873
11450 11361
11113 10271
10305 10738
11203 10451
11327 10787
10368 10609
10538 10565
10245 11028
10553 10510
11331 9982
10751 10128
10514 11339
11297 10569
10218 10284
10943 10314
10104 11144
11179 9952
10579 10487
11275 10926
9988 11342
9867 10922
10353 11181
11009 9942
11286 10202
9986 11282
9741 9969
9845 10224
11280 9791
10492 10231
10955 10905
9894 10695
9717 10354
10127 10144
10883 11243
9885 10759
10428 9868
11414 10248
10393 10191
11474 10168
11278 10758
9849 9766
10252 10101
10284 11419
9745 10371
11262 11405
10521 10506
