0 1401
1849 1544
1848 1278
3 1557
4 11
1845 635
6 1006
1844 8
1843 1540
9 66
1841 1137
1840 744
11 1071
1839 243
178 1609
1032 1690
1760 451
1398 762
1715 887
917 808
1638 339
1596 475
1207 915
841 805
1 1663
2 1072
5 558
1846 355
8 1506
1842 1568
1591 1214
923 254
1194 1542
542 781
1173 1395
1813 141
455 326
1847 803
12 695
1717 869
968 606
18 248
1815 1326
1182 225
1254 696
1308 1331
7 942
14 1810
1713 1762
1081 85
1338 1697
778 623
1289 1055
786 431
1192 1527
10 973
13 618
15 1581
16 998
513 430
26 569
1107 578
1056 1221
148 748
1780 69
25 1366
877 1327
1757 1324
1656 221
445 1270
1526 1786
1030 1537
1170 718
196 1817
739 1740
1556 84
385 335
552 877
799 666
1662 1559
1443 985
313 673
961 1720
17 660
106 1480
858 230
1701 1564
488 1425
1364 1064
1641 1180
954 826
985 1429
19 1237
690 814
386 1244
872 1543
1235 1301
57 30
1635 909
506 1020
1631 471
300 1248
374 101
1484 531
909 494
1721 922
610 481
349 1483
1257 1732
259 365
952 456
20 1371
947 1051
379 967
837 41
611 679
759 121
21 114
22 1302
893 1652
940 285
878 394
830 1536
1515 263
23 1025
834 1523
824 1089
1068 148
1550 1146
1618 1102
876 868
922 965
24 1313
1497 1830
479 1193
1820 902
617 399
539 68
1079 1206
1093 137
1614 1249
648 138
1089 272
1161 1191
1262 1143
117 793
1655 864
308 1489
896 901
1675 366
1499 1213
127 1666
1005 1400
948 1358
1818 1133
119 264
797 825
770 359
1410 565
1122 664
795 1454
654 989
470 1264
641 592
1833 1109
1579 312
982 1486
1021 1370
730 1397
1493 1338
201 1376
27 742
29 1168
291 1103
1015 1627
157 477
596 1584
1525 342
1253 916
1679 64
343 994
28 119
30 935
43 787
705 1726
1502 1600
972 1077
991 1484
881 1265
68 357
1449 1346
433 890
1823 1519
1534 1612
363 999
1116 308
880 1003
1796 136
31 613
32 643
33 611
1580 910
1036 267
76 1388
624 297
1236 1099
695 327
299 1442
1730 723
335 734
1247 500
951 1471
34 1815
35 1340
1314 940
1649 412
305 923
474 52
85 175
1002 1455
321 1784
330 1134
466 1021
630 1029
103 1347
515 1433
1265 120
260 691
36 682
1168 1813
934 1121
1024 1009
631 1639
408 486
1280 1107
1559 735
37 694
210 1336
155 464
1625 1797
1750 1359
1351 160
1464 1408
39 1424
933 649
788 407
1647 152
118 634
870 705
397 1692
1187 736
40 390
310 45
512 784
927 400
1115 1686
1395 1618
1058 1391
1643 1383
38 1192
41 604
1830 997
1644 928
1136 1357
42 1773
817 1758
1454 1451
1148 1589
818 1306
898 1392
1359 273
216 1715
1770 1074
45 1687
1749 1083
490 238
1102 797
477 1292
719 518
164 871
44 190
1458 712
112 1027
1263 162
452 811
173 414
849 1247
844 310
1670 1594
131 56
302 1058
1476 410
1258 816
663 1731
527 1250
1129 860
1228 1287
451 1565
46 427
955 1373
1050 529
1326 370
846 1448
508 1296
1542 347
47 122
138 938
256 1839
1687 1569
1373 1422
1191 1256
1727 1456
862 622
1724 737
347 479
82 316
1123 489
1665 530
1471 209
1331 1032
407 409
235 549
50 1699
1755 1521
801 130
941 876
458 719
53 340
64 418
1821 397
1362 1754
1209 262
294 880
783 234
48 1374
49 1356
1544 1412
314 469
1076 1682
520 617
1571 408
1748 483
855 1379
52 775
189 1725
1418 76
1709 218
725 1039
1597 1428
51 54
1283 274
1287 1368
1683 1034
633 1067
1246 949
594 1716
1143 1123
54 1234
1478 455
1531 62
55 1075
1417 1590
236 749
398 1435
204 364
1124 1608
727 568
229 1622
56 393
1700 0
758 1636
176 1197
1014 1621
1660 1504
483 720
850 1114
1803 1474
971 1611
163 498
1743 386
58 194
390 1386
735 577
1407 1818
826 683
847 993
571 654
692 200
1720 53
1110 1593
1090 1563
1179 1490
1587 490
1389 1475
1754 90
531 1555
60 1805
159 445
1295 1684
1783 1136
252 624
1512 892
1375 740
1568 294
214 728
61 317
1594 1238
135 896
387 1070
1243 484
1379 1499
1390 1463
1200 385
123 980
487 1753
533 1493
1073 1240
1033 480
406 1111
1447 1502
59 800
62 25
63 1575
1286 857
102 1325
1224 721
615 278
1301 1701
239 858
1006 233
637 383
312 125
65 982
250 1100
1710 330
1430 27
1729 140
642 1713
809 983
352 642
66 1479
1799 57
977 1345
652 1688
548 448
861 939
885 291
1152 900
439 582
1100 1381
942 1420
503 1712
1357 1394
821 874
807 1704
67 48
1203 628
108 1380
983 402
1806 1625
1811 639
502 482
1745 952
664 144
589 932
1509 371
1455 1019
271 802
69 978
70 566
220 1845
244 250
1639 601
1172 203
536 701
497 1361
1266 334
261 893
71 1674
773 1273
1623 1177
1494 1160
1363 1279
340 957
329 1182
73 516
241 1062
1385 888
1277 108
1451 476
661 526
1126 1798
1637 1196
72 1205
74 253
990 191
1350 367
1545 986
939 962
1196 1601
75 29
338 1556
629 590
619 240
1285 24
362 866
1439 1170
1098 1604
449 875
1349 1176
1498 813
77 1562
500 1281
889 1671
215 847
1142 1008
626 759
217 295
459 1231
1232 1261
169 1558
275 1577
814 963
388 632
601 1827
1557 277
333 1561
79 424
80 975
672 423
584 791
1650 881
81 1269
1636 112
1128 536
1442 600
1781 1293
405 1746
1436 256
1211 232
1004 1733
1431 753
417 106
394 1597
78 535
1672 1272
120 563
1370 689
1178 648
966 387
1027 77
919 1647
726 510
1609 561
1584 850
1681 1048
1474 1437
83 560
84 446
415 1658
1539 1709
686 544
1329 1824
447 846
860 1603
1264 269
1564 1728
1241 381
1599 1635
486 1198
86 1510
87 1095
1738 671
1838 964
472 1187
1794 519
1305 1284
1602 224
953 470
1140 319
95 1673
1212 540
101 849
1761 1307
984 1377
1593 633
760 1106
324 323
1131 1140
219 1079
430 821
268 823
88 1308
1097 1500
516 298
180 1337
284 1643
1130 1751
568 580
171 1011
1292 1769
89 1005
90 324
731 328
110 745
718 627
432 377
91 770
158 275
124 1282
747 863
900 848
597 641
1003 1587
874 920
600 853
1470 629
473 1047
733 1078
1628 950
460 542
1012 96
1157 1091
411 1210
868 1342
92 171
94 1626
967 210
491 1694
1785 1538
418 872
422 532
211 1145
254 630
567 799
93 1053
1150 574
1051 217
1271 258
557 1735
713 1619
627 305
1066 1389
1668 879
530 1130
1302 360
767 1803
1558 303
109 1452
710 798
798 1126
1519 453
98 1683
494 1037
272 1522
549 768
899 1446
96 1633
97 1242
99 1574
226 1741
1648 1189
550 165
1387 767
668 293
100 917
1358 984
1510 1771
1611 1434
1736 508
816 478
1259 1068
1054 1243
270 1158
1242 439
945 1094
326 729
1046 1022
1078 1778
519 1610
932 117
207 829
160 116
165 1253
149 703
1426 1069
924 1300
104 548
105 885
1697 764
421 670
1193 1218
288 522
281 524
1310 953
337 416
1452 1750
429 1441
744 313
403 211
529 822
1483 1749
696 1828
1185 159
929 10
436 1236
213 1059
987 820
1074 972
290 1274
401 1033
1798 288
828 1757
107 760
1343 147
1214 810
1141 1132
734 908
1546 1586
1576 1216
1789 839
1408 1657
1383 1511
1147 1525
944 571
1034 1426
613 1444
266 1286
1175 731
111 95
1711 1280
188 344
1435 378
414 747
1688 925
1095 1252
782 388
298 1259
565 1518
835 1042
1298 229
1366 533
1328 1165
528 239
1831 17
113 852
114 931
115 1309
116 1524
1504 247
1462 741
1299 505
665 149
377 1088
237 1650
716 33
864 1491
981 905
278 1179
1307 1656
1669 1629
753 1432
1779 897
1588 1638
510 213
205 241
921 164
1733 23
914 672
1344 411
1624 1438
384 677
973 36
126 968
750 1031
1658 167
121 1513
122 1591
1356 168
1355 1330
1677 368
166 1598
181 960
827 1665
357 473
125 1266
1620 1788
328 1450
1566 1517
251 1844
970 991
1832 1468
892 143
988 1700
1445 268
575 525
678 60
1342 44
566 1469
588 1505
410 465
1707 788
128 332
1400 547
461 457
1694 373
1169 562
130 1312
1487 929
1312 946
1737 1343
129 338
132 434
563 1567
1716 688
1533 1723
409 1061
469 1119
1405 75
133 40
457 1310
1578 94
1491 129
134 419
453 1203
792 1404
958 31
136 603
137 374
815 795
485 435
194 1276
1267 131
1025 1268
997 1254
1735 934
1367 34
151 21
139 1706
1766 1550
140 605
147 579
141 572
1772 401
279 1251
1138 1752
1678 527
143 1084
1137 1488
1333 746
762 1520
228 1208
1473 1028
1091 1012
144 1001
1804 1582
1612 1724
518 827
142 1041
145 1661
649 640
1237 318
1026 828
1208 304
1685 1440
1603 1315
146 487
1135 1174
1422 1545
246 1616
969 1050
1273 491
396 523
595 1320
1695 570
381 1018
1413 1660
283 955
1771 1801
1380 186
1812 1112
650 773
1434 170
935 596
1013 1257
150 1416
1634 1535
427 1470
591 636
1120 1294
1682 1204
1240 1406
376 1116
1371 1363
812 1734
463 1599
1613 301
974 899
464 1063
153 236
1000 933
789 406
791 1148
152 259
154 1783
1768 488
478 792
1094 959
1705 172
476 1443
1540 873
1479 9
540 1175
681 779
419 1288
856 99
404 1793
1268 348
1505 1449
156 1014
514 139
1052 39
903 1035
1747 1128
1217 1802
1450 146
926 947
297 1768
946 1580
688 1199
276 1668
1045 585
380 653
190 1833
632 392
170 1498
687 1098
175 1413
1619 237
1671 528
790 380
943 361
865 1195
161 47
162 169
1521 1696
831 1239
172 1572
1064 1311
269 1847
1353 1226
647 1570
399 1514
1666 1467
1278 581
1060 105
1621 988
413 1729
1062 450
1466 904
749 1747
446 80
1828 189
368 954
1117 556
728 71
682 458
768 1056
1132 15
1421 867
167 700
168 1258
1732 1355
683 564
545 1328
1511 612
258 1745
1423 692
1321 1304
454 1596
1216 1318
1114 504
703 1066
1739 463
699 1764
1726 1780
249 223
443 436
1629 1263
766 1776
303 1730
1146 276
1606 208
484 837
1622 830
1019 854
525 756
1154 1334
345 761
462 944
1626 1289
729 891
1334 127
174 420
1543 18
1440 132
441 1743
543 182
1134 776
370 1756
669 537
1467 82
359 126
511 987
740 645
1119 307
177 969
802 207
1589 686
1337 417
1561 192
537 1620
1788 976
976 1002
179 1348
676 815
1673 620
660 1482
1574 599
560 1167
1508 1476
1827 265
819 1539
304 86
702 1737
182 979
389 1418
1686 287
693 1834
1306 1653
183 1722
184 4
1315 443
1181 841
185 782
1690 46
901 911
546 1081
465 831
186 1166
890 1677
331 598
781 460
1573 1766
187 1846
779 157
1040 495
915 766
1776 1241
317 1795
1661 128
1632 1495
467 1333
1369 1792
1165 173
504 1378
822 1515
232 554
1162 1841
643 111
1105 1431
1800 1178
355 1529
956 181
670 912
316 551
787 587
191 509
192 1631
1324 1387
1411 429
1420 785
1518 545
989 1147
674 180
754 1076
193 1233
937 615
320 1262
496 1317
1381 1669
195 1040
296 1662
583 70
957 661
1414 1209
1029 183
1061 1415
1429 231
1007 428
197 201
198 1770
618 142
287 1007
1807 1461
437 801
200 1791
752 13
523 245
673 349
1703 1781
199 37
351 202
318 1139
202 898
1180 699
1274 502
894 739
657 513
1276 214
203 1637
1284 87
1151 655
1009 835
1784 372
1465 1840
1109 206
1088 260
1409 662
206 1113
1782 5
1099 1122
1532 79
1742 1464
1345 266
866 833
1777 676
1567 198
208 283
886 220
1640 1030
1725 743
979 616
569 1472
852 362
209 951
1184 774
918 1800
1472 1220
1482 1628
1501 492
212 1419
1642 1664
1043 889
1149 1246
1391 1809
289 1385
851 812
263 1707
1188 398
771 1465
704 1822
572 1759
1438 1685
839 680
1427 1548
1092 669
635 1492
1297 1118
1663 452
1758 658
218 1124
1270 765
1261 1421
1433 517
248 1399
794 290
544 593
1530 595
636 586
1279 421
998 806
391 49
222 521
996 1036
221 251
1506 684
853 413
1486 1624
224 1352
736 631
1604 550
223 573
339 1748
592 1705
1008 289
1296 927
227 1105
1793 738
1461 961
724 320
264 1046
225 945
675 906
341 422
1313 894
1309 1215
230 851
1041 668
1764 442
493 602
1403 163
1696 914
1080 1645
1059 878
1523 467
231 1560
906 1509
1554 1085
233 358
912 732
1816 156
1096 1153
1016 257
234 281
1693 1052
1441 1439
1281 474
364 1016
1190 1110
1774 1224
1547 840
1654 646
238 1821
582 51
1744 1207
1346 1173
240 1578
242 758
1127 222
576 844
243 43
425 315
438 81
262 1341
820 763
1335 704
1718 836
621 996
1017 1298
1734 325
245 212
1406 6
741 943
963 1212
360 1807
1572 154
884 444
832 651
247 1814
448 204
793 1823
426 28
776 1314
1048 73
1388 1702
829 109
1336 1184
1825 1322
1238 1478
480 415
845 1073
1392 396
253 1201
1106 1775
1680 750
765 637
1230 1152
332 300
916 538
559 299
255 1566
1607 1457
1460 657
928 1670
1575 1708
257 279
1741 501
1221 404
1495 1092
578 1365
554 1808
1145 461
1218 1117
634 1163
1393 280
599 751
1347 512
1824 1186
570 687
605 67
608 1436
959 1695
489 818
658 937
1691 205
573 1672
1330 1010
1352 707
1118 1125
717 22
751 286
507 123
785 1836
265 1015
590 1260
574 252
1459 1049
267 690
1689 1651
603 543
1183 1727
1712 459
327 1087
1653 948
395 1640
1082 514
285 1553
659 652
350 1144
1376 674
679 667
1446 546
522 187
273 515
1317 179
1826 1714
1365 107
848 1430
1323 1679
748 638
1215 886
274 449
1503 1194
1121 541
1667 1044
1496 12
277 1
1646 1842
1759 32
712 1190
1529 1267
803 883
416 1689
800 755
280 343
1318 134
701 1607
1354 1765
879 42
1087 824
371 1057
1432 1576
1829 1129
1490 1445
282 98
908 226
1565 1245
577 1721
1651 1414
286 832
962 725
602 113
450 903
1791 1447
775 1375
1325 1349
1010 956
882 1082
925 1360
883 675
292 1693
842 1736
1028 856
1834 1024
293 1711
1722 1816
1560 1185
1615 246
1659 777
902 709
666 1183
295 1156
342 309
1189 1141
653 834
1702 104
1664 1767
1822 919
361 115
1031 91
1605 706
1424 185
1322 1487
1537 819
1795 1004
1837 608
348 1602
301 678
609 1229
1368 559
1752 1295
836 1155
420 714
1220 1744
306 698
1229 1641
1108 591
1698 433
1598 1549
738 553
383 757
737 974
307 1552
995 1291
1617 331
309 1718
1023 576
1049 870
843 1080
1601 346
498 306
372 1526
1065 588
1223 1473
838 403
1386 1382
311 1507
769 1782
1549 1812
1231 845
1210 438
1516 884
1339 384
367 769
1437 507
1167 971
722 647
1249 1054
1657 426
315 727
1020 249
711 145
319 215
1361 907
547 228
680 1384
440 432
761 783
358 1541
322 1409
1778 1642
1125 1222
993 447
1551 621
323 1351
905 1138
325 1508
1378 708
746 1023
1055 466
1773 966
1053 804
1581 1676
551 376
622 754
1548 333
949 861
1282 193
344 161
1340 1632
598 1255
1069 713
1809 92
999 178
1384 1579
334 733
756 1477
581 1528
336 995
656 389
1311 391
1111 369
1327 352
698 717
691 1297
1719 61
1234 1097
1144 311
708 1275
1195 534
1377 261
564 375
1527 936
481 2
346 219
804 437
1676 1417
392 1497
1412 1849
1790 663
1805 1181
492 1573
780 1354
930 1634
428 1369
1260 1761
796 1283
1269 752
365 650
579 1613
685 990
1044 1362
1627 786
1360 970
1213 227
353 681
1463 322
378 1277
628 1344
354 555
356 1332
1394 656
863 1290
614 1402
1714 722
1156 78
1396 1675
1416 626
366 150
1600 425
700 1299
1555 441
1294 74
402 557
369 589
1590 1161
1541 1501
541 794
1645 155
606 665
1570 88
375 1785
1186 1217
1303 485
1113 697
1480 118
1520 511
965 1838
373 1532
1569 1407
1300 462
1139 314
1084 520
382 110
1797 1162
684 1405
931 89
1592 843
810 1831
813 1649
755 354
1456 1646
763 607
587 730
561 539
1070 789
1769 63
1399 321
393 1321
1133 1017
534 807
1802 1232
1159 1667
1293 594
400 1691
1001 1606
1708 981
875 771
1198 1485
1746 1835
412 363
1562 644
1104 1512
1814 100
1692 1453
655 1819
1401 1459
950 1481
645 188
871 1832
1485 702
1786 50
524 382
1751 1680
677 1547
468 1108
1226 1150
1072 583
423 270
424 1154
1535 1554
1444 710
897 1738
1489 862
1513 1777
1586 941
556 1000
960 597
895 1804
431 1739
434 1826
521 65
435 353
1808 1060
1374 282
1158 1546
482 38
1042 356
442 1157
1233 1799
1272 575
1767 1458
1160 135
444 1403
1275 977
1699 567
1163 772
1706 153
1202 1806
1528 19
978 1223
1067 472
1684 1423
456 1038
1022 619
1341 924
1071 497
532 1303
639 1045
772 83
1204 97
1585 1149
1488 1372
1583 1329
1630 124
471 1796
1704 1127
1252 1462
1536 351
1419 1398
475 992
1047 1494
743 1794
764 244
907 1551
1304 913
1792 255
1112 1588
1171 711
1205 166
499 1820
1245 685
1553 93
904 930
1348 1811
777 197
867 726
495 1595
616 859
580 496
742 1787
913 1774
501 1843
1083 552
1608 796
505 16
509 1466
840 1779
1177 1013
1775 1719
920 102
774 1605
1255 1623
517 1350
936 1630
707 1101
651 1503
593 1615
526 1200
1404 1427
1037 1364
994 345
1633 499
715 133
662 1755
1475 921
535 235
538 26
553 1790
1035 926
646 1367
911 454
1402 609
555 1339
825 440
1835 395
1239 1227
1582 1228
1077 1323
558 216
623 7
562 1703
1731 1742
1415 55
1197 1171
1552 1760
1063 72
1723 1533
1753 1534
612 1319
980 1585
1538 1135
1244 1617
585 1169
586 1211
706 809
823 1614
1595 1096
1457 1120
1166 271
1164 693
1428 199
604 817
1810 1644
859 1335
723 177
806 716
1222 1460
833 3
1477 882
607 780
964 1202
805 1172
891 1648
1320 1093
1522 195
992 1142
620 855
1756 1411
694 659
625 790
1469 778
1039 1396
745 336
667 584
1219 350
638 1710
808 405
640 337
1372 292
644 493
1728 1681
1652 1043
1153 1353
1332 1531
1011 1825
869 1115
1787 1090
1765 1789
671 1530
857 176
975 1316
1468 468
1248 1086
1382 1410
1801 1390
1563 174
689 1393
1018 329
1425 1655
697 1164
1836 1698
1762 958
709 1516
721 1772
1250 1305
714 151
1290 1763
720 715
1075 1131
1481 302
873 838
732 1026
1616 1583
1085 35
1288 842
1086 341
1176 58
1319 506
757 1188
854 724
1517 1285
1291 1159
1201 284
1256 1225
938 1717
1101 1571
1524 1848
784 503
1206 296
1500 1654
1610 158
1199 59
811 1230
1103 1678
1057 1829
1227 1065
1507 20
1740 103
1492 865
910 1592
1038 196
887 14
888 1271
1155 379
1448 1235
986 625
1817 242
1251 1104
1674 918
1763 610
1453 895
1174 184
1819 1219
1577 1151
1225 1496
1514 1837
1316 1659
1397 614
