614 580
79 70
143 149
584 1429
412 1411
691 1341
859 200
221 519
817 1614
1319 1384
1340 574
1064 1851
1127 56
662 326
341 1542
1094 1543
1725 627
819 1211
1527 1061
1014 1592
425 16
1409 199
1451 1882
602 439
1466 195
1158 1298
1512 423
1051 1802
1199 1063
718 983
1800 1874
1209 355
1049 1301
284 1229
827 1341
1134 548
1669 1192
5 1390
214 695
1196 254
844 1863
568 769
844 744
793 1773
161 1092
1549 1211
1577 739
1719 1055
113 1822
1868 703
712 744
788 590
355 1624
762 918
534 1727
1694 179
890 178
1625 409
649 1043
1759 743
608 819
333 1155
1047 1386
1153 284
181 1847
1359 1719
939 280
1823 1142
893 626
346 494
879 270
462 716
600 1254
1022 1122
357 1876
221 1517
554 1625
1647 1593
815 1485
145 1750
438 1030
157 106
58 266
223 1613
582 447
589 1205
66 1076
1428 941
212 320
1755 1105
47 1706
1059 675
330 721
6 1495
903 314
461 990
773 858
1305 1850
488 910
1861 793
7 474
1462 1880
1407 1004
366 157
693 1129
1458 463
1001 1179
1083 827
10 1473
49 1249
1537 1137
588 1518
1188 1222
1406 1865
7 758
880 1660
1629 251
742 1296
284 1189
569 476
1800 1711
1171 808
1354 1181
224 1121
1145 1359
313 649
1336 1591
1105 42
826 229
368 1138
927 1849
631 356
905 465
1345 719
538 825
1103 999
680 864
1060 1072
99 553
1021 1615
1112 452
336 109
765 1248
1806 177
1386 463
1837 1521
841 940
1141 18
1248 565
1651 911
621 555
1466 801
43 1157
1839 620
678 1650
1144 750
1466 305
111 1864
834 745
599 184
471 1348
1791 969
1438 395
921 170
757 1323
566 196
485 1784
951 711
852 1525
1143 553
994 800
273 605
684 57
1650 1880
1347 1580
730 312
762 496
835 1118
766 1140
96 945
1669 1659
379 347
1715 695
591 1237
723 1162
887 535
1801 241
334 676
1207 984
783 724
1391 1145
1811 424
40 1104
1464 749
1378 1652
294 306
58 1868
1693 207
176 1531
647 1355
742 589
1301 803
584 1209
707 1872
1882 1146
1608 1455
1483 217
288 249
441 668
484 991
170 425
496 594
996 1519
1054 560
1285 797
794 793
1728 1240
645 414
784 723
1024 528
1344 1890
1410 1504
481 843
1852 913
437 1683
1299 939
1273 1612
426 165
868 551
1558 988
669 392
1651 42
1794 1630
1418 1469
562 1386
248 631
1012 1123
762 524
1226 92
517 1817
1471 1230
1221 1583
382 1489
1836 1605
867 1569
930 1635
56 585
1222 323
1794 1441
1644 571
103 266
149 59
1456 1582
1542 305
214 15
602 1330
1506 693
1474 678
1675 1728
1851 891
1076 1553
91 1620
41 1681
1854 34
229 233
1726 1252
437 1679
725 343
1425 1475
1048 1652
1421 1685
320 1789
506 1544
26 233
1403 1230
1808 838
581 1234
192 929
1329 1266
315 1571
1005 909
16 610
777 1693
1057 589
905 142
196 1149
442 864
1042 1377
136 231
206 1685
1285 789
6 535
949 371
733 1131
1134 1561
1665 1761
74 1020
841 30
473 1179
799 759
312 529
1547 614
765 850
339 888
1439 197
238 1882
1283 1186
146 1446
1264 324
1753 233
1047 708
1245 345
732 1147
962 219
1379 112
889 1536
1276 763
1042 1630
1085 674
1355 155
155 136
1354 935
1095 1525
417 11
1288 1469
1092 458
1238 520
653 1185
90 1538
1391 1430
943 55
1733 324
663 1587
381 1194
1820 1399
686 1825
401 1034
1125 1788
753 907
1378 1571
438 834
1258 880
467 1115
1053 1723
787 1260
1008 1176
782 327
808 1283
88 460
1039 1723
1292 64
1576 157
1785 1865
1008 1758
1326 208
781 703
31 1167
719 1166
141 1472
1463 1221
1532 67
1058 0
37 534
1022 1576
1116 346
1219 1484
473 1244
4 976
1619 548
1787 27
586 114
756 1262
1591 751
1177 1133
1657 87
1731 295
1602 1099
1745 377
1744 986
685 1652
263 1786
1700 1384
1763 472
63 1281
437 691
503 120
1744 1084
1142 1537
642 455
1199 1665
908 203
149 77
557 134
261 169
299 1380
1786 507
865 1867
1858 1044
1127 1680
557 805
838 142
678 1554
460 402
1808 1604
1625 1450
64 1099
1078 804
1838 326
245 1299
1456 1394
1056 539
1136 128
767 1818
1491 862
575 1187
1263 1689
711 1623
221 1292
429 930
1377 1641
224 1753
1230 320
1015 1362
821 519
1623 927
987 42
1577 590
1323 1694
1332 865
891 1231
417 540
974 751
1365 973
265 1717
985 440
36 1889
1474 1462
1144 493
33 1154
1799 1736
1490 523
1625 1041
1572 1068
1749 584
798 193
1182 342
371 850
295 1301
1567 1601
824 155
774 201
13 386
1221 537
1862 74
1544 1411
1258 1677
638 24
1436 192
1788 1677
652 1840
1522 1604
711 179
1166 1150
218 720
1791 915
978 90
694 750
1645 1867
978 1282
1374 1077
1509 884
522 589
1024 1646
941 235
144 756
1574 34
854 845
1585 63
1502 1615
1356 83
1098 1369
71 978
30 347
255 262
457 1162
320 1866
134 28
1186 1237
1754 874
689 1372
1709 1168
1125 1172
643 325
961 1501
58 445
1773 1009
859 1226
1695 891
1283 184
1801 203
567 1482
1481 1157
558 1643
599 894
111 1637
49 1768
1068 1218
995 782
1783 1879
1450 1097
752 49
957 664
1748 228
64 706
134 967
1701 169
674 1418
1128 1866
950 281
1839 300
261 1422
1311 802
1571 986
1295 1027
1489 53
639 1864
902 1760
87 270
1401 784
1268 616
1251 1705
1064 1576
1481 1009
826 1561
601 1338
1625 940
166 1881
1243 438
1545 79
670 1191
582 103
1013 479
958 758
1881 957
240 525
1721 1461
646 147
1254 432
1148 1692
153 688
1321 1810
1531 1045
560 1798
52 1824
1844 718
791 313
380 1633
1846 1505
585 1343
289 1717
926 357
699 1715
265 1705
1382 721
215 356
1855 1301
762 448
35 822
732 91
1586 1410
852 872
1872 789
1392 1800
1305 1498
241 1253
1504 665
1430 1849
894 384
363 1589
1761 1806
117 1704
1255 1818
1033 1622
262 244
1851 1510
1210 886
523 404
1240 1062
1025 1460
1665 904
1824 1839
501 1088
1501 736
1078 483
102 1617
894 1779
967 47
513 1296
1787 1592
590 1233
489 1169
1841 487
1178 1724
51 1858
1440 666
649 1083
1517 244
687 599
1000 771
298 385
1481 1081
1802 382
465 1565
200 768
1787 447
303 1161
273 948
1640 949
1199 613
67 1441
1294 1157
916 1029
1671 261
590 1302
785 430
496 1832
1755 1272
566 841
65 1589
320 587
322 1413
1761 1309
222 429
857 34
1540 325
930 560
1223 421
763 447
423 1874
1459 1529
1069 901
1546 1544
1579 1039
1424 1263
1514 1316
1470 409
748 1376
1883 938
1218 676
1676 268
1890 912
537 1030
1623 1718
1893 1567
1225 115
1741 1242
856 981
646 754
91 948
299 1628
1778 1839
774 277
1106 750
77 1683
653 394
1589 999
992 1617
1725 1407
1772 578
1135 1619
463 1495
76 1770
1686 1106
515 1023
1710 584
1755 1104
1807 450
910 1629
672 112
442 374
75 1391
104 1034
432 491
885 1466
12 1073
278 1070
1727 354
1059 264
1882 606
344 1328
1594 351
372 109
1884 1423
1024 1701
332 1568
1280 1706
1121 1288
1568 1839
74 1505
324 780
1334 987
237 1581
877 382
15 1581
1664 1693
144 155
1674 1300
135 1874
1607 1274
1118 166
629 1877
1632 1634
402 1393
603 11
1654 1460
1181 648
1625 1298
1664 1303
696 1473
975 1716
717 954
1111 1790
1301 1594
952 1168
1333 429
1271 820
603 634
1771 1660
1464 134
788 1404
647 895
1076 1773
281 1297
281 1891
968 1564
498 948
165 474
1818 5
1448 401
831 711
1087 672
1015 1472
1275 1198
474 1326
901 1504
1318 189
896 619
1665 1653
411 770
786 1170
871 1375
1005 220
174 565
1661 570
1181 776
1197 159
264 298
617 898
316 1812
335 103
749 1109
933 1403
713 333
155 139
370 1446
1589 953
1166 1364
1058 1495
1811 906
204 1460
1141 531
19 979
597 1895
324 1509
1187 280
524 1387
520 968
1120 76
592 1407
885 1769
1572 988
1701 495
1151 1133
1414 1331
319 1349
1877 1871
1735 1835
1371 956
227 41
1109 484
1309 1152
1736 697
354 1099
1517 1464
1444 823
1264 1318
1866 587
1702 1662
870 853
921 1678
73 1880
475 1791
29 97
1352 78
238 291
729 498
124 1230
1027 642
226 1685
653 374
186 1251
258 836
757 565
797 1219
1659 106
1567 865
1848 1360
296 259
1080 809
459 683
786 1196
1422 1828
308 1624
1126 469
717 677
661 528
1722 801
844 465
1647 354
1081 1847
323 328
1341 857
93 318
51 1532
407 1462
766 1417
1665 1104
1387 1843
389 1533
644 1586
1794 1227
991 1466
687 1283
863 1630
1437 2
423 594
778 802
974 492
858 418
1073 25
741 1259
1400 522
767 722
1391 995
802 1079
62 866
630 1392
1285 1011
623 1245
109 380
729 1194
1754 666
1086 668
1285 1840
1565 1875
721 160
621 1538
133 10
1819 918
1818 1472
779 1717
1308 1304
854 126
1213 1835
369 1082
1551 477
1436 979
9 804
1291 1579
125 78
183 177
1147 614
1168 523
1637 83
412 172
1752 1695
141 1894
1318 1409
311 11
108 1111
124 346
1671 1726
1210 1843
1562 767
915 1463
83 1300
1323 1648
714 1579
35 904
613 32
252 801
1758 837
322 306
1082 763
331 644
22 905
147 874
92 923
875 1796
1655 688
236 1179
710 1137
1451 1893
862 1003
524 518
1078 1160
371 400
412 259
868 86
1618 1304
712 1504
247 1244
517 1648
113 126
731 1743
700 759
953 999
336 353
340 1136
1675 1240
1140 970
1686 1580
930 1017
1155 198
1637 1186
1249 880
950 52
1273 1309
694 1837
1825 620
375 683
490 1302
400 1073
1324 1703
317 1472
1651 810
683 864
386 1858
601 1756
1690 20
138 932
754 206
796 293
1477 1628
500 1750
229 12
959 747
1815 108
913 1609
174 1707
1397 1336
642 151
168 1033
226 11
88 952
241 573
899 1024
512 996
492 1763
1534 1819
1798 25
563 733
1349 604
1878 1448
871 542
119 586
319 1261
1788 1851
292 89
234 979
1638 293
608 1857
883 959
816 39
1165 1726
776 488
399 425
1591 708
641 762
699 1289
1838 1836
774 660
1759 215
940 1065
1113 90
406 293
293 1018
55 1263
1329 1819
250 413
1003 769
1367 1361
1644 1354
613 1493
781 628
1742 504
1336 1607
267 1380
1053 759
1548 1404
204 472
1331 1167
1748 536
221 76
989 748
1284 687
570 1810
1480 147
518 610
520 1712
479 420
1459 576
577 1639
1669 1247
657 855
1527 1174
835 166
445 1673
455 903
1256 726
505 1563
588 1498
36 650
531 228
1114 1815
38 131
665 60
866 649
1442 1282
271 808
492 274
704 1827
297 715
796 1835
1762 225
467 893
520 582
1655 1772
807 239
646 183
793 767
1802 1551
807 1095
1241 930
1535 1177
346 1427
1756 558
1753 1745
876 1026
32 1638
488 1066
279 1321
1594 594
981 160
115 1702
230 1601
381 1374
1821 1606
294 935
848 1357
1520 1899
1691 22
1812 721
1366 120
1662 1108
1859 813
433 1899
1208 687
1347 1395
916 1729
1802 1061
1046 178
1865 86
915 549
131 806
1371 1326
980 1613
375 705
1366 234
88 539
537 834
1191 906
518 1454
354 1272
369 1261
1510 382
513 1370
1407 256
210 1543
1898 1486
195 56
980 232
170 682
1297 527
1507 168
511 837
1324 168
228 1856
1215 1772
1876 325
1577 133
1129 1101
1182 1339
192 1400
1004 116
972 938
1448 204
687 1420
852 1450
638 1281
1127 359
1748 1625
1340 435
1192 1717
1830 475
1108 1044
1727 1755
251 715
999 643
1327 1263
955 554
819 1577
1494 1019
1291 362
528 432
614 1623
1506 1358
1890 774
1057 436
1737 667
954 1871
1257 614
1473 892
1105 874
1321 1761
590 1318
834 782
888 745
1184 1709
1725 1163
1099 1000
1811 1281
0 211
1523 570
1154 1839
657 1194
1257 1329
206 1430
845 1162
103 42
709 1878
283 1791
1731 1601
1770 843
1708 1085
1793 1091
728 58
1432 1587
93 277
821 1488
163 766
904 308
486 553
1301 1583
255 1892
1694 1627
3 1636
531 1740
1570 1694
406 1088
455 1797
1742 1167
111 1656
1486 98
1087 1598
1738 1820
1463 944
1430 1739
1427 105
1130 717
1086 1861
782 1503
244 334
70 873
1488 1049
1461 1148
1728 800
1174 1296
881 118
1008 302
550 895
742 302
195 926
316 1794
1893 1505
1710 1274
1072 759
1035 563
1137 772
1456 795
1370 776
1009 722
1246 233
1653 1500
621 1681
1668 1624
324 884
525 249
1575 910
690 179
1794 1177
625 19
977 63
557 1552
592 551
1629 1679
657 437
1249 1174
22 1321
608 1607
372 846
457 1607
1874 1419
1730 1015
1247 850
525 593
1052 421
110 1568
479 1390
1368 385
276 729
810 1533
1074 1695
901 338
1311 711
1449 410
1419 1346
20 1079
1555 527
1075 407
399 170
1563 687
575 1423
1718 4
1203 729
1587 401
764 1173
1602 1755
187 1738
1706 1338
1507 1658
43 684
1266 1703
1359 785
1737 139
1672 1278
523 1540
1476 332
738 324
1410 171
1581 452
745 1768
1610 561
1386 1840
1538 1020
691 1684
199 1332
962 872
763 935
422 1231
1612 1666
1038 393
434 710
1022 1342
1186 553
1334 102
562 764
1884 1484
203 189
762 870
621 951
4 1131
419 563
1420 1864
707 1195
1153 1520
1098 1241
381 1196
1757 332
1387 1840
1187 1147
122 1458
1340 1107
1056 383
453 260
1697 350
729 1620
1523 133
1121 581
1377 1651
1487 942
1275 1325
434 1097
1248 1287
841 635
1493 1877
621 937
1057 259
33 1451
1044 234
1877 548
1322 1640
812 1713
1539 690
1257 980
1603 1472
904 445
983 1855
1885 359
921 870
182 414
1029 1131
1292 335
934 988
228 1389
275 1252
465 1848
1897 436
1051 1544
658 129
1263 890
1539 942
50 1534
1043 519
1898 1142
1241 648
1186 1598
312 1182
1423 729
1315 1198
101 845
1227 1
1111 171
1599 1064
56 878
457 1752
123 1414
214 1566
28 914
1456 482
985 286
1705 1412
1789 398
766 1746
1059 1893
1674 1446
1030 270
1288 203
1096 292
1402 1187
345 195
562 1762
268 463
1074 295
874 361
90 1643
810 327
1172 1788
533 1188
722 1427
0 98
265 746
1074 1516
1102 79
293 1188
1017 1899
1805 1211
1655 487
909 1090
590 546
1384 1513
635 983
1875 1152
246 1109
469 1551
471 1794
1793 639
674 519
1651 1284
130 1796
904 1704
419 1312
1270 646
905 1396
199 353
366 1308
1672 215
745 1320
325 799
1586 1417
71 1039
1545 1395
96 765
877 477
96 696
1804 1802
561 703
1661 1758
604 33
506 360
944 251
7 1485
1753 847
1801 1189
1806 1152
707 635
1103 369
447 618
616 688
1100 955
1426 1534
824 274
1052 1030
349 1306
1896 865
229 1073
1006 827
1683 1331
418 1346
13 1224
410 726
648 936
893 217
150 551
543 1643
1022 985
55 801
655 731
457 1041
1436 809
531 18
317 151
1097 1335
1671 1572
646 901
33 568
1399 325
1061 984
430 73
1386 1515
502 856
1856 678
1855 1437
901 802
1283 1637
1889 1842
822 475
1798 46
783 979
1447 838
1782 1668
323 1561
381 1177
703 1570
1214 455
1121 1446
881 31
386 783
1558 97
1881 286
679 930
1134 1692
1179 1441
1564 1275
812 693
1397 1607
290 1291
1745 507
395 1554
912 875
226 1781
1502 1291
1414 969
887 1
1600 939
1722 181
810 21
1088 1533
1537 211
112 398
567 236
392 281
406 117
973 1364
1061 36
872 748
1608 1599
1299 1777
268 772
123 1830
38 1627
1161 1801
1601 324
787 1477
879 1847
152 350
1541 271
970 1826
1478 265
458 79
712 778
1621 1233
1788 1141
1625 1735
1630 1365
718 1437
951 1264
1746 1715
673 723
433 1871
95 110
366 1345
1426 614
1703 1033
240 116
1609 795
1384 730
917 805
1264 372
1510 212
1273 513
1130 1805
1056 1489
1456 302
1679 940
1100 1323
1052 15
1397 628
883 534
465 515
1452 452
619 704
1728 760
1056 1293
159 482
1494 369
1886 456
934 136
1567 1016
1714 197
233 1105
834 1349
1810 974
1200 909
573 943
450 939
530 1623
389 1232
1386 1110
1143 1594
939 1605
1101 24
647 29
239 440
1459 1805
510 1359
1867 1447
761 496
81 606
1157 667
101 1891
692 926
1385 1002
1334 966
138 608
1179 307
622 977
1875 1531
684 197
849 1529
1794 1205
196 740
1752 1286
1431 1703
869 1110
612 466
1077 738
1200 1537
1379 800
681 1207
1312 1392
148 893
175 1105
1634 792
1383 1021
435 991
82 851
821 655
390 1204
125 912
992 523
477 1493
1078 1287
814 142
176 1449
541 235
193 420
1599 1818
67 1794
665 802
1642 1812
959 1156
1702 1736
1608 1008
456 1117
1381 1540
906 745
1685 435
1414 1035
1660 1775
872 873
36 984
85 59
942 797
1736 1676
1661 835
198 85
1704 1136
790 746
323 462
239 1631
708 751
430 618
1585 187
242 1474
1648 1324
947 359
30 562
475 663
374 997
684 658
123 376
1310 560
1608 1125
1539 1798
1852 975
596 1390
1857 3
1674 302
1320 940
532 322
1349 1200
1200 626
901 1205
572 562
1648 361
1646 275
420 1538
836 1301
203 41
1441 535
335 706
1781 687
238 1278
1400 870
1311 1217
515 363
1879 1081
1267 1010
550 1507
1323 930
746 944
713 1585
1460 1496
1094 1873
1312 1436
534 533
1450 707
230 1264
1296 560
526 65
1549 1101
499 264
1550 1402
1807 208
1882 1654
193 1574
586 423
249 1086
161 1248
1786 1471
1806 1045
1039 919
1081 1480
825 795
200 267
723 1484
1172 1341
986 348
607 754
14 364
486 1895
1539 1596
1015 241
164 700
529 690
25 1331
1657 1433
230 1871
209 603
1205 426
243 45
1416 1441
1678 1799
1301 423
340 848
210 1281
733 299
59 46
631 1624
946 1642
923 1613
1310 1335
82 528
359 1832
164 786
1426 640
366 898
1019 1123
683 1882
385 991
798 300
151 943
278 1592
1124 1821
595 135
337 1738
912 652
109 1425
1116 1663
856 855
249 283
603 282
442 1640
675 975
280 1839
465 1595
1689 1466
1726 1068
1129 347
359 1593
499 903
329 745
396 1836
1251 618
846 979
1556 1069
907 62
1140 898
1458 1546
1846 1738
1477 1147
1612 1283
818 231
952 829
131 1231
711 760
1598 114
1361 1873
1134 1774
803 724
1475 551
1829 1049
670 623
1510 1061
562 1146
976 1847
1132 957
1836 1520
1303 1150
1522 1411
365 1007
1440 244
380 1452
1691 20
1385 371
972 1337
871 1491
1782 934
170 518
1797 1872
1581 937
364 1831
430 692
382 844
376 283
1434 52
1021 446
938 1796
794 237
342 1747
702 1052
1853 874
1044 654
552 850
828 776
1583 990
1227 21
220 1277
378 274
1482 1078
86 494
1089 446
694 1633
799 409
246 932
1812 522
1741 741
21 887
105 1884
1543 364
965 510
158 1417
1661 769
321 301
1150 699
1787 459
627 1234
409 1516
85 1683
1549 160
449 633
406 1737
672 1413
900 1182
1348 716
390 386
237 1893
691 558
1695 1829
617 163
894 127
1330 1211
967 368
182 1774
1136 1460
1728 503
142 1164
176 1875
1875 647
1245 938
985 1254
1373 424
781 1418
1668 1572
245 60
166 204
230 273
951 1420
458 1545
1297 1891
554 1759
374 1267
599 111
1806 183
975 898
1330 471
459 763
1848 1129
468 1737
805 1116
1586 611
701 192
207 1371
3 1898
649 494
717 564
342 497
1133 429
1328 198
1578 1287
486 1616
423 1639
292 66
13 1570
809 448
1056 365
141 1644
483 935
614 1534
893 230
1515 82
994 985
1875 1045
1833 1116
688 159
853 327
1517 334
1792 604
1013 1143
1129 122
587 1285
1840 1843
1842 944
833 1043
527 151
1188 1287
1285 1518
509 334
965 1189
20 802
1344 1250
844 400
290 864
1143 1784
1651 288
1524 1285
914 1497
1739 261
1803 1038
1126 1551
8 1644
72 1593
875 652
1844 67
1608 484
1156 780
409 1829
1421 598
839 1551
1035 1134
830 1066
902 411
284 332
1228 300
1193 1360
258 1561
4 491
613 977
1194 715
1287 1738
1494 886
1864 666
971 1614
910 571
970 1410
1412 858
1379 1495
1486 211
1328 149
474 1271
782 881
947 1080
1167 504
413 1232
1195 1397
243 831
391 121
1843 992
325 104
1281 1603
176 816
1825 855
1815 1662
1790 500
1788 531
1309 616
1363 1374
969 1645
1222 1134
1330 919
1064 1748
895 860
551 935
473 1667
464 1412
1104 771
1722 482
502 1460
545 1401
995 1685
1090 1209
1207 1061
671 912
1504 704
1634 1708
1367 1324
1324 1666
604 301
589 1742
945 24
4 168
982 147
253 1735
268 1658
1236 457
662 1742
1280 601
75 84
1354 559
589 1106
1435 1338
1670 856
748 1686
1518 789
1124 453
870 399
1399 1034
70 881
1737 298
561 1868
675 49
536 1711
7 837
428 1025
651 1099
19 618
1056 1889
1815 872
1775 1212
1856 1321
583 901
707 107
20 924
17 1634
1033 594
1599 1176
203 1805
504 231
124 480
465 735
1788 228
1636 1537
927 1729
1545 881
19 1217
542 16
676 1797
1860 1129
1676 962
705 694
259 569
1700 1490
300 906
23 131
1851 56
1479 1784
249 570
1 1380
886 282
283 372
1062 325
54 1571
1533 1362
594 1595
630 624
932 2
810 123
3 253
402 420
117 1666
75 182
1783 567
79 566
1332 516
84 1756
1642 753
746 1250
568 918
1250 1866
1802 839
674 221
1476 87
1741 1645
787 1132
192 352
342 565
925 7
1126 245
511 1807
68 1842
693 1713
1363 838
82 1252
1152 374
845 1895
661 364
1873 377
174 1256
1540 1353
1791 85
1236 801
1687 646
1389 51
766 1185
937 282
1355 888
1899 488
1356 1186
728 897
438 1165
1883 1348
1814 1867
1708 939
1710 880
1819 680
1262 97
672 1219
934 1726
543 1132
970 1299
1602 1105
562 987
393 277
635 1661
66 1293
696 1169
413 564
1773 1775
1335 261
726 733
1353 87
140 1343
225 1169
1060 1575
1588 1518
1320 1867
1050 38
1510 546
596 1297
1290 862
377 126
1033 1381
601 1590
419 863
497 559
229 30
1692 233
341 1193
1454 1655
913 210
918 1630
901 607
486 723
1476 720
1639 594
1406 700
250 163
1598 38
462 530
458 70
894 586
1200 604
957 1119
1493 1542
1071 1743
1337 1424
1788 374
1770 1213
1379 1093
1135 714
794 219
227 48
1343 1780
889 838
103 1201
1663 914
557 304
1212 1301
432 1210
749 859
1468 1015
650 1863
1626 1554
1314 1247
1296 77
1705 1739
1730 44
192 431
1298 1844
1866 1487
287 1296
1610 728
1832 1887
1412 645
1290 1672
1457 1825
857 367
1630 818
264 1852
10 992
1262 1283
183 1450
625 1530
483 1474
915 1135
897 561
1104 637
338 120
1580 1215
440 893
1134 1771
879 1286
1654 1798
1110 453
1803 1054
770 966
471 1732
1720 1658
1431 909
1897 284
1280 948
552 965
1234 635
1686 993
199 64
557 334
255 1784
478 502
1174 940
558 1252
342 1070
681 526
502 1146
228 1747
883 718
609 270
899 1496
226 458
1528 77
577 179
1290 1326
1079 1897
303 258
1274 529
753 1079
569 68
1359 473
1779 1447
1310 361
1069 445
1273 855
774 330
269 160
1125 632
331 862
326 339
285 147
365 11
283 1135
1267 1475
1756 599
1022 356
835 974
1724 1038
84 64
298 1262
1588 1117
741 1276
1344 746
1576 1303
878 585
1878 401
1246 353
926 395
960 1823
1209 34
1489 465
1220 1438
1265 1707
615 1633
1585 1142
146 361
559 156
925 486
222 1181
1226 1798
48 546
1800 1777
1495 1265
238 212
228 1517
1241 1181
727 131
1032 726
1069 936
138 482
1038 870
164 1004
854 1646
819 32
1205 715
93 1676
1017 648
469 1802
1442 1039
1396 125
854 745
358 669
1120 1189
516 252
958 923
1439 401
1866 876
216 1025
1256 924
318 1355
999 184
649 437
1171 1392
1524 1759
958 445
862 1294
291 1280
1825 1081
543 1563
1147 1547
1009 1191
142 384
1454 105
750 588
197 478
1563 271
1576 970
1165 208
705 1270
484 1362
1340 1226
1582 1817
48 1104
820 1670
728 1271
966 1422
35 1070
792 1121
1367 1792
1841 1167
1120 123
1563 131
511 758
245 1078
848 128
873 857
673 1417
1092 943
446 219
1287 1148
1812 3
1268 1180
578 1439
1712 1112
761 1600
769 1394
427 465
1595 1346
92 1490
1484 276
1156 1569
1401 1524
303 1710
243 1478
50 1345
836 1049
1041 598
1838 197
1431 1726
259 1235
202 1398
737 1770
1678 425
539 154
1836 1079
1013 743
6 988
1706 769
349 1243
791 1477
1263 1084
1453 1120
144 1423
961 1639
355 63
589 986
365 1202
1431 592
20 899
39 174
845 110
1456 893
1306 438
1304 493
1291 1733
975 191
1552 1610
704 1073
1821 429
1360 229
847 856
1384 368
596 1603
1849 1266
850 1250
674 691
1710 341
1002 318
1435 1298
40 1600
1807 1202
290 1502
55 890
728 1259
172 483
536 551
151 116
1554 106
152 1216
1636 1787
127 102
1191 575
882 582
91 1026
754 717
314 1605
138 1567
259 430
1260 866
1273 172
1162 1810
29 666
800 676
717 1799
1087 631
1873 1024
358 811
418 1383
815 37
389 1341
1461 1561
1868 34
141 140
247 889
1884 459
444 803
951 903
418 1117
111 184
649 1196
1018 83
108 1389
1268 1516
1378 1802
1635 1575
1654 1094
1125 1886
1270 451
1179 1151
714 1239
1774 1368
1560 1205
1324 1507
1399 270
1712 1705
1676 1389
1616 980
530 1628
1861 1135
1325 1198
546 42
1325 667
478 1136
1795 1492
1669 949
1275 142
718 1896
411 120
1585 933
1340 769
435 1871
767 1009
1044 1170
520 176
211 1783
188 1191
798 1050
722 876
311 1362
1726 135
1832 870
271 1656
236 1363
1702 1815
37 144
1557 64
386 1427
417 578
1490 641
388 302
592 1719
1574 1745
925 821
360 348
1084 447
1495 120
554 1740
1217 784
197 696
719 1027
564 795
1400 1678
1880 106
1834 1720
155 231
509 557
1621 1534
1517 609
907 1812
493 1230
1784 1520
1285 1884
57 274
128 1025
1164 1874
900 904
590 981
338 800
375 421
98 117
627 1305
1624 6
171 1133
59 1798
316 1285
837 1600
583 831
1144 432
1381 1353
195 242
1115 356
798 74
1710 324
972 236
1484 1508
653 679
138 1538
308 334
1362 289
1353 1658
391 1357
743 1252
1247 1033
1519 1480
1049 423
1164 1666
1696 277
1142 796
205 1165
1615 1372
1685 372
425 610
89 219
1555 1818
770 1553
817 1114
1282 1732
892 1617
1566 699
1676 811
1200 1090
878 329
1484 1388
427 508
966 1469
815 749
425 1705
1800 1832
846 1362
37 808
1362 1592
1464 1860
1619 216
1197 544
1499 966
359 1038
332 473
698 1809
1723 990
943 759
1056 1876
1895 1315
1308 1630
734 185
1117 146
614 605
1804 877
1063 804
1557 817
1320 149
412 1392
727 133
691 1582
313 1056
161 1021
1040 251
647 1603
1848 1353
215 1415
1542 1142
1637 666
862 569
1228 855
143 119
237 553
1883 1703
1218 318
625 1856
652 277
1137 435
914 278
934 1606
428 1132
1597 488
1368 639
1890 1474
1665 1085
1495 1501
495 46
1276 223
554 139
373 306
130 1270
1382 1658
445 1839
1525 141
681 1056
1599 1125
1298 784
1777 214
1754 606
691 1418
749 478
52 595
644 970
525 283
462 471
1667 1116
744 826
106 857
270 1066
992 368
1684 1267
966 1497
167 120
1134 640
904 757
1770 1416
483 395
288 772
609 830
950 614
1410 1083
1650 1253
1869 965
380 15
847 986
659 894
34 1362
612 1252
72 1615
810 1086
1785 700
1331 818
919 806
1057 1235
1579 1394
440 99
985 1776
888 1249
1489 154
1625 18
525 1414
213 1017
825 386
1652 681
1302 953
933 1805
1759 449
1377 798
1865 44
844 295
503 353
1347 862
1383 1116
723 457
426 1758
1709 1365
1584 1483
895 168
1418 0
1307 685
1650 389
1274 600
56 1526
1700 641
1104 105
1020 1867
841 315
19 800
1284 544
109 651
1740 1224
630 641
1844 48
1655 1682
293 1078
456 1677
1733 1039
1863 917
1573 1629
1550 708
153 1219
1038 987
449 1547
245 559
889 142
604 1782
764 599
635 1883
1058 284
272 1245
1540 731
206 995
557 153
1130 10
1190 1813
887 837
401 1543
1247 1057
896 988
543 1379
294 1674
1153 1395
929 235
1834 1819
647 1297
1142 180
1437 1106
324 1569
1851 1740
591 1300
1423 1666
1435 839
1097 726
1452 603
490 363
442 638
1449 1152
558 327
1572 636
533 1282
663 733
94 1690
1566 1746
954 701
1849 906
900 246
810 769
1463 438
564 1691
363 1173
1147 1375
1130 129
354 40
1090 52
548 1233
1713 897
1429 248
1607 1591
1509 1871
1147 530
719 1012
520 616
491 1563
806 1592
1163 1478
1260 791
411 1762
628 274
1647 884
568 273
1413 1572
600 1881
45 484
1573 851
1363 1134
1027 1291
430 189
1145 1562
33 1560
1886 531
1577 1441
1458 869
333 912
1741 1171
1075 878
1412 773
1213 815
1689 1613
82 116
1501 388
997 1091
757 76
1570 1405
1141 391
1726 1558
861 1497
174 1726
512 789
1030 115
1559 1728
1354 1241
167 786
19 1606
175 1000
1580 594
1547 489
1897 1026
594 724
1742 254
847 1255
943 1276
1493 1577
1582 1770
310 197
267 996
691 718
1665 365
215 818
628 1591
229 1546
1803 1812
496 448
490 424
771 1351
860 368
899 571
657 1085
885 1613
42 887
135 1558
531 641
924 1079
1369 828
1247 1602
1255 647
1660 1065
1112 282
773 1499
441 1350
1518 797
1770 1411
1080 352
1664 1777
1618 1116
648 1581
993 1215
995 1104
1015 527
1670 981
1851 625
356 0
840 690
621 800
154 1027
1543 1701
716 1675
1569 1074
1524 1271
510 1256
513 71
133 550
1449 1309
1173 808
842 1094
779 1098
436 1792
1664 275
1759 1278
1748 1107
859 158
1636 1486
728 1560
950 1813
118 936
96 776
973 470
115 1797
153 1072
1342 875
1258 270
1784 1897
1410 157
1771 1511
1347 1024
976 505
268 466
1509 199
706 865
430 801
196 54
81 1674
179 664
1235 972
611 366
393 257
673 1895
756 91
1206 775
1547 1183
1659 1432
1704 1404
590 230
1348 1643
945 1669
274 451
975 713
1012 1099
1128 1192
900 1043
1516 444
988 1758
1618 1719
1763 113
1677 1004
655 933
1693 1846
212 1254
1286 295
1369 189
1338 1745
1115 950
211 117
1442 829
133 1627
1257 640
632 1597
385 763
908 1189
800 150
909 582
1091 1355
1255 638
1666 696
1643 1559
1177 426
1876 1353
1041 29
1768 880
1403 1443
234 1088
1505 1317
1082 257
481 510
1202 1605
766 245
246 1540
707 869
602 1807
1856 1272
264 1017
319 1749
1242 1082
1389 340
752 1355
1202 1622
164 316
1020 507
1124 74
1716 853
1337 1749
349 538
204 899
371 1002
84 1391
1662 989
1440 334
224 1245
713 315
224 627
488 1040
1070 1789
1187 273
1422 225
1004 1865
270 1286
1223 394
1405 300
387 63
1120 1119
1563 1173
931 1478
635 719
235 41
1129 1458
1674 532
94 1354
1765 1737
792 1163
1233 1156
1085 1002
193 1397
304 965
1087 1118
1518 102
1321 1163
377 661
1584 1898
792 1696
726 66
669 1272
1207 1411
1453 1058
1885 416
633 372
1123 695
511 982
894 1237
543 678
1881 735
28 1219
1857 268
602 1217
325 1743
1191 1593
649 1373
1749 909
1451 1054
13 58
1041 245
707 268
983 1539
1228 1255
1432 1374
1110 274
1164 10
1135 605
897 396
402 1679
645 878
794 89
1881 1694
382 623
353 805
60 800
91 1257
107 828
294 1031
711 1077
356 9
242 407
1584 1636
948 1547
1542 0
198 1296
1286 1695
1135 702
1802 477
1048 1506
837 1271
236 1860
1681 1743
971 1096
524 1347
766 950
67 1220
369 1019
1453 1607
1482 1461
1635 1597
1095 135
1641 675
1606 223
516 42
267 318
1294 1593
396 1868
731 1072
1010 571
939 1498
1880 1049
15 1112
1793 55
201 277
503 504
1207 1493
167 2
1463 537
1777 1607
1467 1611
1025 502
288 593
1227 207
888 1629
1793 943
170 788
778 14
796 1317
635 307
657 1021
1348 1796
1491 184
320 916
435 232
803 1639
1548 1579
118 1583
597 845
975 564
1503 1378
131 1411
1686 1075
493 1416
1549 13
422 423
1008 361
740 219
1447 727
1362 150
647 116
444 1583
633 8
725 1280
516 637
571 49
1318 867
1510 603
1764 734
542 271
1469 805
1511 1444
467 52
111 1639
1802 1527
1233 1601
665 924
244 815
1773 479
347 1701
1248 1482
953 659
1035 952
1537 755
479 706
444 1622
72 386
67 1843
714 1699
530 1229
72 533
889 1544
1371 1369
1148 129
436 319
379 69
34 1122
580 1159
20 778
255 1236
1542 1638
482 387
1824 1744
263 1676
1806 1612
622 960
277 773
1808 142
1351 932
487 1615
1113 1187
1525 124
1282 1883
560 1444
601 861
1314 765
1086 822
1651 123
905 137
313 657
1130 1852
1883 395
1026 404
1416 141
253 1533
294 701
698 1258
1418 108
1258 953
569 1362
1169 523
952 408
1665 657
1575 1629
376 1086
215 1468
76 1464
1554 501
983 582
1531 1309
384 302
1069 264
440 148
1610 783
1249 1679
932 914
925 152
1580 1180
1450 1334
1091 1606
1659 997
1166 1012
742 143
1876 1743
624 770
1483 964
1099 1071
1746 1757
1715 347
750 414
1203 61
689 1291
1256 1734
216 230
867 324
1095 346
123 35
862 301
410 1088
662 287
612 930
1886 982
1222 1124
1735 211
1358 1896
31 841
276 1508
1287 182
392 1708
505 1519
1537 666
433 1775
1666 470
1256 68
1182 75
1425 1122
1142 1807
667 1331
1578 1783
1175 1473
1160 1366
947 1369
905 708
1861 521
31 1146
459 498
1787 117
228 781
197 864
1312 745
78 508
383 1232
1141 1435
983 513
1178 940
703 606
185 1675
747 643
149 918
204 1404
353 1292
707 333
227 287
1440 1759
660 1251
73 395
1299 275
641 876
1101 1635
463 1881
1213 60
1175 101
1784 59
1360 1372
728 715
1498 918
1726 619
1231 1628
1490 1178
53 329
1203 482
894 1656
7 450
557 1627
1851 531
373 884
44 1127
1024 275
697 748
1639 194
1246 1730
1363 516
1322 519
190 1072
679 1597
83 1186
581 164
810 1830
658 197
1577 1188
750 565
6 1428
1354 107
834 759
1012 997
727 1874
831 1892
840 209
1752 1516
1312 1848
1631 699
997 493
450 314
911 193
471 716
386 1005
1110 1693
549 337
134 1458
466 1831
157 1504
1517 575
513 1039
962 1686
1891 1793
308 1246
991 885
847 799
1717 935
1200 15
296 624
1108 1028
832 1557
468 1275
993 1268
206 916
243 265
440 1483
943 894
1767 520
1226 445
1352 277
1098 679
424 1173
1648 1561
1835 1482
1267 282
275 1831
435 172
668 1017
742 1271
1158 19
978 678
1861 1463
1313 1181
1243 1221
859 1394
1334 582
682 481
100 1192
270 1723
1306 481
576 1269
1224 1103
956 360
1277 727
790 442
17 279
207 535
1733 1548
919 1611
532 1664
372 1292
829 462
1528 1265
604 1434
418 1666
882 1579
663 373
556 1760
904 674
1082 87
1716 1397
1651 249
1203 1316
1281 596
1327 411
995 1545
1514 1018
756 498
1837 1362
1602 1272
769 7
863 254
1435 1822
1881 1541
1090 1434
1153 1379
1603 801
1894 587
96 1192
1701 1831
1438 1249
1319 1513
1898 796
1302 892
944 851
742 850
928 1179
531 545
291 161
681 1717
42 1351
1686 914
276 1257
1189 1349
430 195
1883 185
1629 1820
1083 653
1611 716
1723 1752
672 307
1834 684
1791 1741
251 1768
166 1544
400 296
862 1799
697 1472
1185 1776
1613 305
55 1380
801 388
1562 89
911 33
152 1
1742 818
753 1442
80 1892
163 210
556 1536
784 1229
810 601
1800 761
1828 1071
402 1112
1199 313
114 889
774 1821
487 95
1431 1357
1085 239
1801 909
1599 628
194 724
1427 797
1030 705
1819 57
557 749
362 55
1646 612
915 969
747 87
55 116
866 1043
1273 1257
633 1766
1139 1110
1304 922
830 409
368 1540
135 168
344 1771
70 1680
1290 1278
1177 207
581 1288
476 150
467 1782
767 1647
642 216
1765 488
1122 1717
249 663
637 1719
339 403
1592 609
660 464
1349 1721
1835 686
512 473
56 395
883 793
1775 46
1091 1279
384 146
1672 1182
1056 272
196 232
1714 838
241 1390
1552 534
1534 310
700 946
1632 17
499 883
1871 1554
1667 1437
652 1679
864 1136
382 335
1541 886
646 163
1348 1495
1582 1213
913 852
930 828
919 570
88 1203
13 766
1313 156
602 1535
1572 896
163 191
1561 229
360 305
1713 703
1458 914
32 1636
1330 1526
1752 295
580 1714
866 1614
1293 335
1383 1007
1036 1753
209 217
975 1632
548 1621
1330 443
1695 1594
1665 1304
220 127
1214 951
51 514
1199 1260
420 1451
810 1655
1610 396
1724 192
517 1440
1318 1016
1574 1827
1751 1262
746 113
1432 1077
856 300
429 648
891 422
731 1053
641 1166
1162 674
1414 475
1524 1311
1700 1513
477 65
32 1711
611 277
912 201
1731 959
349 825
324 1533
1418 1626
267 936
524 1520
838 1411
510 1838
1379 1728
25 863
303 1847
824 1878
1397 1317
247 986
602 1311
858 910
621 82
1559 503
503 455
1336 570
665 1838
761 809
1409 838
575 1261
504 452
443 1109
145 487
1689 178
1786 570
1620 1834
229 1797
529 840
1149 1063
1352 330
1696 1036
105 1402
320 1266
1308 1372
667 1173
1640 1669
498 605
735 1483
1609 1737
1197 487
1190 1434
1151 171
771 266
1122 1354
1172 1048
1791 1351
1416 647
1137 1835
736 384
1817 1213
1230 497
641 1800
376 1149
236 328
1799 418
1481 1765
212 501
1480 1747
2 1416
1249 198
1677 455
635 30
332 265
1002 589
1366 800
136 424
898 213
331 598
1672 560
1608 146
1776 1371
1735 1062
1857 1577
1503 841
266 1667
1869 688
25 918
544 411
583 651
954 1189
1428 1218
559 429
1053 1470
1102 881
1700 1504
1042 1120
1158 1217
331 752
272 345
1809 446
1524 358
630 1513
238 1816
156 1369
1245 1594
1871 1650
439 884
697 1108
1522 895
176 1732
127 1473
595 1668
1659 94
996 1231
1182 215
1706 458
366 1299
1601 780
30 285
1726 181
0 197
969 521
1265 1062
1887 1491
1191 1325
106 1681
833 657
1806 1366
1657 912
1367 1746
1146 1404
387 370
1409 372
1704 553
373 521
522 1169
436 258
1582 68
360 143
1477 455
1562 1076
198 560
1404 899
1731 1264
577 1132
837 1208
555 1297
1615 287
662 791
794 43
635 788
1677 625
373 1463
937 1633
805 1099
375 130
413 713
897 1668
1242 1490
1210 1794
191 971
1051 1584
1229 451
1021 718
143 1438
1712 916
879 141
207 769
1407 425
1693 214
1819 1439
979 8
1436 1447
1636 1137
931 1893
345 1458
1240 1892
481 83
1429 840
1308 1697
843 722
875 1412
1805 919
1202 1271
566 1197
255 1136
132 1154
1794 1357
1049 1512
1383 986
742 1
790 756
783 962
416 79
1454 1290
635 562
495 1831
1282 90
233 12
586 1277
723 1272
1885 947
681 382
977 1066
1404 1873
45 1446
1852 754
1614 458
1493 977
87 1752
1859 44
118 339
1200 1115
960 1898
428 131
264 1338
558 1102
758 314
682 1883
16 1183
1306 1216
135 704
1433 464
1124 858
1046 515
1668 135
1083 1428
1776 216
1167 403
1335 377
435 1466
1282 1786
239 757
1019 630
1022 381
331 361
885 172
448 524
20 1164
407 351
286 548
1383 1295
887 106
46 380
183 1807
1835 1721
1734 1839
1041 331
1664 1012
466 1210
904 1322
1171 1527
1424 1646
620 1811
545 1524
494 1635
1322 517
771 894
1716 1771
316 1324
137 1840
1811 1320
499 258
980 801
45 1344
1454 640
1263 385
841 768
1216 1250
1401 19
121 1220
804 1132
1145 1293
75 206
1536 1544
1045 1649
1156 336
400 624
1679 1328
1525 588
884 1688
1890 1027
1606 763
1853 530
1207 1523
263 959
1470 1695
487 544
767 1191
1471 1621
1577 1823
657 737
259 485
1036 114
898 1504
1744 981
427 1128
1671 1156
1214 470
435 1711
946 753
1037 1752
1175 597
428 600
41 747
648 24
532 626
1391 558
1431 1406
1724 199
121 25
290 1027
1109 890
1074 1488
1152 100
1480 1563
1226 1573
550 1324
787 1459
220 1626
134 630
1202 820
1826 1308
139 104
436 1367
408 622
972 1432
1814 348
519 1582
207 1003
1298 681
1396 364
697 269
734 1495
906 1297
549 1508
775 982
173 991
1121 592
544 1088
1472 424
1608 698
1138 1014
791 866
1697 1267
143 1037
1736 1597
380 818
479 1325
1671 934
663 741
1320 1473
1641 690
960 1584
1450 381
494 1101
1138 806
1435 885
363 1262
762 128
996 1695
1641 1461
377 82
1164 168
636 1218
1387 1210
588 1894
538 711
303 1189
1411 1769
1318 1738
306 560
299 814
864 478
1408 739
248 1115
1017 24
1655 64
231 615
173 931
1581 973
93 1736
686 1403
1291 714
65 38
1231 1874
952 1255
833 1434
512 1087
1131 1530
277 1778
1522 1324
464 1499
855 317
1554 1870
117 1482
1477 664
383 1533
754 1029
978 443
1634 471
364 910
1209 813
372 354
730 1065
1682 330
440 548
475 1692
1065 918
400 589
1676 1443
1564 528
471 857
1194 1341
762 281
1404 1460
829 1282
650 465
599 1420
1106 281
682 1759
998 159
1791 1310
638 596
732 1508
1190 1542
681 556
253 0
581 1305
329 1679
1265 80
970 965
847 1825
752 525
686 1078
337 498
218 1039
330 476
1655 1197
225 154
1534 131
1110 1012
960 3
1736 1252
249 822
1334 1469
1258 464
450 1033
1654 1763
1645 1057
286 227
1792 1429
379 1746
1034 1074
907 1443
1126 1232
727 814
1629 1768
1196 155
1372 1699
1755 1544
676 811
815 1479
1469 418
621 120
1275 666
787 313
629 1448
853 16
1450 50
1568 265
1000 1155
1392 312
1594 803
1054 1174
1820 1328
1694 148
964 590
804 1076
726 336
774 652
402 1577
945 1247
1151 207
770 237
97 119
272 149
14 1710
1695 409
250 1456
1003 7
1721 1222
280 976
613 144
153 1054
728 247
1176 606
1164 895
1099 1272
821 1041
662 62
525 1035
287 824
1437 1663
410 179
1759 1466
1440 37
434 1784
685 1240
443 1764
881 1539
30 1562
738 1618
134 160
661 1831
569 8
890 639
1802 877
983 1896
1539 961
1690 424
279 1431
1287 867
1732 1795
1326 1271
1568 637
853 871
1851 926
1549 386
1086 373
1782 1413
1363 1695
20 511
1746 695
754 155
31 1051
1824 856
1226 53
272 1765
1276 1689
129 478
294 361
1244 1229
1559 1528
695 849
1620 1547
1500 1607
1270 617
1825 1405
719 1110
1241 1720
1122 1711
1704 1448
217 899
805 1292
55 1276
1257 606
79 685
1198 1195
1619 1795
483 56
830 295
48 1795
1814 1158
1776 489
1659 1057
743 891
1834 121
540 1202
576 1216
864 824
1090 950
192 921
1497 480
778 117
780 651
1086 283
1223 705
1571 877
1289 906
1222 786
1403 471
47 601
1767 1245
1701 466
1048 739
1422 651
1775 918
412 1854
1444 25
811 1432
1000 1828
1677 696
1060 22
544 1739
1176 532
129 848
1560 568
1833 2
890 1138
1358 1370
1447 889
1060 202
1571 839
1042 331
138 1498
1461 178
1823 588
1852 1330
183 1612
1487 189
543 167
1515 275
506 1886
1082 1673
125 1216
1382 67
1029 459
1265 690
397 1036
1764 1160
545 19
243 40
849 1269
1857 1461
293 391
1864 1637
444 961
1270 499
1653 1745
1303 588
208 1498
1032 1745
1504 9
1549 861
713 902
1267 615
163 655
1093 1758
1601 1569
1785 358
302 606
385 1689
633 626
1022 644
643 87
845 1198
1606 785
600 577
1310 438
517 670
1817 308
244 1730
1863 968
1314 1659
699 1757
26 1199
1618 614
99 889
1078 236
272 1799
215 75
1188 1461
921 504
1260 313
42 1359
1879 1831
1400 1518
558 780
336 1569
441 1035
1418 42
1204 33
301 52
853 1684
993 153
796 98
487 1203
944 1629
772 1123
303 284
946 418
619 636
138 622
1593 1325
973 996
1000 987
1607 507
298 420
349 1424
186 912
557 1506
143 395
1100 1601
1582 1621
456 1823
1512 1874
388 147
131 1164
122 562
184 388
1684 1697
1486 535
164 358
1611 1776
1796 621
1116 493
117 686
47 1685
350 1567
1616 1691
1365 929
1243 53
1812 1242
896 1428
1449 644
1076 1191
89 1293
1627 1703
1369 1899
1648 24
1770 1079
564 1185
1163 1288
734 1559
554 1340
1690 357
1789 1518
1402 1173
1683 1167
582 1596
275 364
1503 1680
764 1302
667 420
1687 685
425 29
547 377
1280 729
1035 668
297 501
816 917
1633 282
1405 555
1120 388
1085 1322
639 1091
1270 264
46 444
603 452
1657 774
247 658
1748 260
879 1058
157 1810
225 1027
1317 1717
332 990
1696 627
680 129
1620 640
1595 384
597 255
1761 801
1172 422
1381 1399
1610 1143
1158 673
347 1757
405 692
705 818
381 1586
1673 523
1559 1495
812 534
1114 1628
1788 1080
1054 344
1772 1514
1071 476
751 600
826 1179
394 1578
1550 570
1400 524
262 91
1487 1457
1840 1159
748 1790
1275 798
1224 958
1552 533
488 1355
698 532
1487 541
758 1271
1280 161
517 253
1507 523
1840 1357
533 577
366 1619
158 1576
439 845
89 1773
1569 805
176 1132
713 1133
1697 231
1780 846
217 1621
241 385
1602 1828
69 24
1754 1455
499 1559
1513 1171
82 461
319 275
1682 186
1714 151
1306 852
1849 1839
12 463
200 1068
1301 1874
517 197
634 162
934 6
376 1035
1055 895
1840 1179
605 1534
234 569
1073 1139
203 1190
615 11
934 1328
1107 1802
1430 1026
61 233
1513 641
692 73
1297 1472
488 329
1406 1096
713 1616
157 1640
1547 1834
1600 1326
469 1061
1364 976
650 742
1834 310
971 397
1092 442
345 856
1690 383
1871 140
1223 375
1816 916
666 1050
106 389
1675 1366
520 345
1293 793
1444 149
366 1826
913 954
291 967
1206 277
444 1049
794 764
1199 1823
664 148
1330 863
976 508
1520 1395
1663 2
980 172
911 1443
575 337
381 50
888 49
794 1553
1020 1786
1298 673
1290 1155
1737 1560
1339 1489
470 523
236 1461
87 1034
1784 574
952 734
338 1265
95 1328
747 1592
1617 1353
206 1521
124 1091
1869 540
1881 1233
1633 491
1193 1301
1443 74
1786 1661
315 1551
631 338
135 450
978 1164
1604 1769
399 1119
1326 1202
1627 1411
1583 594
423 990
1036 1749
776 1752
946 772
840 492
598 1087
1507 127
1110 978
1461 1774
758 939
1073 1664
323 826
182 1134
45 746
1035 915
540 961
911 1560
720 919
1491 542
208 1356
36 272
496 1500
130 1556
972 20
1058 1072
1825 300
589 1235
1068 318
876 102
1525 497
1583 388
679 648
197 23
1813 1782
1539 71
948 803
784 382
28 1116
713 157
989 1686
1713 396
1214 811
34 476
1192 1057
861 1111
249 929
407 609
767 1650
1221 1113
1301 1639
345 1187
949 765
300 269
194 1346
1898 771
790 394
715 1296
1338 1102
1454 16
778 436
808 634
1779 1656
1895 262
611 1173
442 1108
553 1346
1087 249
1546 463
334 134
438 61
1596 628
773 751
61 1577
1282 1446
942 1029
1311 1880
762 411
1772 159
63 1287
223 785
420 591
1032 159
936 888
636 1251
1167 603
753 1841
1493 1729
1030 1884
1256 1304
938 1160
1243 1786
1486 796
3 1735
1203 977
1221 375
928 1805
755 1578
1664 843
781 906
208 1605
1414 915
1323 1817
655 15
1245 819
1494 1833
1115 1095
152 1445
1155 838
152 404
611 1821
1481 1191
1778 966
1629 1399
967 1182
179 1516
208 314
1596 720
1727 1794
327 1854
419 1844
1506 1647
327 660
202 1257
101 821
252 246
1795 959
1374 292
1172 114
1625 606
600 629
716 53
87 444
656 1046
456 1065
675 1295
1523 1471
734 1796
228 1107
53 1382
1564 1309
850 1869
1141 1340
1885 763
1444 1775
966 633
1645 1853
762 431
1665 1109
1504 653
244 794
389 1751
696 168
221 301
474 450
1331 1630
127 404
210 1546
28 1101
309 6
273 1547
835 1621
449 779
1065 1196
1789 1011
1890 186
1069 413
710 1256
9 491
1804 839
17 1691
784 1239
751 735
785 1658
341 1663
1876 104
1242 1810
824 1882
1471 1106
444 351
675 901
544 1203
639 435
1366 1265
1542 63
960 1692
1680 1063
1477 140
1762 539
629 1119
226 813
1323 76
883 693
1290 454
167 1811
158 259
37 1466
1113 1254
1406 524
688 1750
243 1879
899 1646
315 681
1528 1214
1417 1308
1495 1240
485 20
37 1482
1372 582
829 1604
293 721
62 392
386 1224
1499 645
1435 291
737 76
525 956
60 802
478 1654
1381 643
522 56
1175 719
725 1415
108 1293
1776 48
118 488
89 1076
1895 1236
433 1462
1289 45
1545 566
1280 1177
1419 594
1674 1327
507 1591
1052 130
186 1522
1132 179
900 951
1445 610
1800 1097
1424 1617
246 1719
782 566
403 136
1552 415
238 1182
1756 458
543 734
1529 1344
461 370
1113 1492
1364 190
599 1283
245 1826
1843 1177
979 476
1072 1752
1325 1443
444 1231
759 836
1730 336
119 553
94 1588
8 1475
831 468
374 100
572 1386
1551 526
318 1114
823 422
669 649
1833 932
1310 1695
206 1391
1552 812
1861 427
1510 526
1860 229
566 1378
1314 1104
583 1634
1367 258
1830 306
81 1248
1104 1155
168 1026
863 403
1287 1134
246 1424
870 406
1477 649
777 847
1076 1765
1395 1361
1665 900
1408 1088
1057 624
556 623
1066 759
1402 1261
475 915
1438 1375
921 431
1823 695
1093 21
855 160
450 1208
905 335
912 78
62 1199
1485 1271
1706 1590
1493 1699
949 869
611 1834
630 1178
1363 956
1208 1202
1310 1626
136 282
995 856
1736 579
784 1895
840 751
178 232
1853 1223
532 1258
1736 963
1045 1450
1616 1060
1285 398
114 38
224 1137
834 978
1199 635
247 139
392 451
627 256
970 157
1618 246
1175 1582
575 1388
405 777
7 1394
726 890
1137 211
1898 1137
836 1874
1741 438
249 534
989 1203
339 851
881 685
783 220
1535 765
35 1414
478 1878
991 147
1753 51
945 874
561 783
128 502
1352 658
73 1462
1023 1076
579 1335
1687 1059
1422 1766
1861 306
379 1469
280 1488
1762 1422
1152 1586
693 897
1873 940
1645 1306
1238 304
1435 1311
535 7
1777 1764
1678 518
188 656
1821 1778
466 169
1266 745
1269 912
850 200
1543 1818
298 798
46 155
326 944
1690 1032
1156 997
861 327
1326 1605
448 393
137 1332
1526 827
288 376
648 69
63 0
1298 19
304 1235
254 1364
532 1886
1437 342
124 1031
713 1629
1737 1485
1350 313
663 1220
1846 943
16 492
1428 1736
1532 609
117 1188
1585 1636
1813 409
1436 352
973 235
1796 1427
304 589
1275 568
798 1653
1634 1696
430 143
742 94
394 1669
1349 1047
369 1319
482 300
88 1768
726 60
1891 116
566 54
392 509
764 687
1421 1042
1015 1818
1818 1603
1058 205
796 1578
1041 420
720 462
304 172
1176 698
850 1393
1069 1664
492 339
276 1496
78 317
154 543
457 1505
1583 1419
27 770
1840 1177
1157 33
1020 435
23 1522
919 1282
1839 1405
508 1173
1043 382
1697 100
771 1544
1684 213
452 4
1487 1884
1304 1663
1785 1407
722 894
82 495
1606 1627
6 636
390 1444
512 1377
1008 1754
75 601
1420 184
813 1815
1187 498
1673 1312
913 717
38 1324
449 154
1150 1123
691 654
725 1013
1765 1647
611 1410
818 615
664 227
1107 84
709 502
538 862
178 885
1677 1460
1457 549
736 285
518 481
1751 953
954 795
39 1045
1698 333
905 1785
137 256
1037 585
584 1427
499 617
1714 824
13 1296
670 1508
1561 1047
117 293
611 779
1441 1
37 1147
1528 1420
1614 737
1197 88
1897 303
1824 847
352 1151
1284 1197
420 1443
1309 644
558 861
275 1492
1366 1214
806 1876
1700 600
1894 112
1007 994
1648 1769
677 473
278 1525
1770 105
1319 1178
1035 521
1780 1088
1392 730
134 1859
708 1810
452 996
347 929
555 1555
519 683
765 552
1770 1765
1810 1116
1162 412
376 153
648 615
1061 1899
1710 1792
1396 1250
105 132
372 780
1503 196
356 1668
1506 883
650 394
504 136
695 878
1706 50
1138 1381
1744 906
1692 1047
1631 1213
1056 382
225 1615
556 272
662 1097
1761 1875
820 1598
1014 41
1141 773
1034 461
482 320
1498 132
1890 1342
716 167
1442 573
1141 625
171 887
1821 1595
1785 1361
678 827
311 846
1019 1362
619 1225
1678 1797
384 922
1560 193
551 156
1058 325
39 414
1344 333
568 1701
654 417
791 3
1289 1444
1755 1828
415 714
1003 615
1139 1259
1037 1071
1247 742
1427 808
1641 1388
1419 1628
531 1546
1370 493
827 1237
977 739
84 1706
1368 648
374 211
1728 831
609 759
1856 1217
1128 345
1058 503
519 1817
1717 1098
537 421
788 1411
994 718
854 1470
1097 924
240 288
413 1209
1378 51
907 669
1624 9
1692 365
276 337
196 204
360 926
545 348
324 1409
275 1747
462 451
169 573
863 786
1147 1037
1493 125
959 435
160 241
760 237
1110 257
54 600
1139 1433
57 129
646 1509
848 1448
944 329
294 1100
1046 197
1602 865
673 1854
825 705
1000 1201
765 742
175 4
284 203
527 1026
167 1773
1315 1421
976 891
55 385
780 1099
851 1054
1888 1096
1019 539
1007 1021
652 773
345 1564
436 99
1336 1474
1839 1228
1248 1721
1745 1793
1884 1388
766 611
1377 382
932 493
1817 974
1542 1451
259 1690
1128 82
1242 1281
442 1385
611 790
521 1135
369 709
1009 1325
369 357
98 406
619 1433
280 1405
298 1275
845 152
1531 1682
1027 1372
1327 1232
928 1045
993 1044
1058 611
1327 966
862 215
1344 671
872 1686
1309 177
1353 325
1213 1048
1580 1376
1131 491
43 468
220 712
201 1210
1835 117
979 34
842 751
75 1129
614 609
555 647
36 520
31 1293
708 172
441 1414
1851 583
249 250
1180 1536
1895 1042
1028 1044
1832 248
901 398
66 793
1147 1257
979 270
1018 184
1054 1328
1568 1879
457 879
1423 1071
1525 346
424 1302
1203 868
1496 1024
489 325
720 1001
1508 273
864 274
59 786
788 1621
773 411
288 315
812 72
868 1354
1603 768
1592 1399
273 1329
458 1397
1440 749
1820 1296
2 141
795 1691
941 1661
1865 556
1724 416
407 1037
250 459
1455 1504
376 212
158 1826
793 350
220 412
170 889
1221 1165
1528 80
983 541
486 1266
136 1633
1456 17
688 180
825 1030
1750 95
1654 1404
1754 448
332 1459
1268 1376
1701 1492
1250 774
745 1174
112 942
1448 1094
1888 1432
1665 929
789 549
1145 219
1719 1438
506 870
825 834
1685 327
694 731
1276 131
1176 730
1077 1089
553 889
1309 1612
1532 500
1019 460
1795 546
1580 848
1092 582
1718 1729
1688 1475
549 1423
826 122
536 1313
1338 79
1198 420
974 690
1008 1367
1405 1255
314 1824
16 112
1594 1874
1254 1253
790 268
1582 1606
1881 1254
741 82
1148 1134
1824 270
222 1369
654 1655
789 269
1658 325
846 34
245 157
1036 1607
1814 1774
1698 692
1770 1517
764 1262
402 977
1774 30
1491 659
1872 1077
1474 433
1892 903
1025 1146
792 137
465 621
1876 87
1075 56
1613 1438
818 1365
1284 88
1815 775
1533 34
1404 1622
1249 715
1616 540
1223 739
1021 922
677 254
1621 470
1371 1847
910 851
257 1846
459 1187
1860 1561
1198 1186
1462 1650
871 454
928 183
556 490
1137 707
1579 978
1064 1258
619 980
1549 63
605 1834
1174 344
1345 1308
1702 108
1610 1713
1894 1518
1216 1342
1849 680
1675 503
1760 1875
1854 631
1027 1358
586 1300
58 1318
1320 1511
235 1720
1401 597
682 610
409 1049
861 1503
454 1894
1040 851
1042 1651
946 832
945 1635
1687 656
500 487
1592 1072
1239 978
791 1399
1518 1011
1881 1837
992 1138
1501 461
365 798
780 763
657 1322
1211 1764
1324 10
1464 488
1484 1187
1558 1497
788 555
1001 128
1632 714
957 964
837 1326
640 927
163 1632
322 625
264 1606
1305 1312
1500 1808
795 1820
1632 1060
1263 536
1414 157
173 1409
173 1252
116 890
1807 820
1886 807
1123 1715
688 569
62 1700
1632 918
1886 812
179 440
673 1508
1304 1437
879 380
1641 1645
225 1766
826 1129
1850 892
99 1447
390 5
1441 1133
150 868
512 1470
509 958
329 982
753 392
1372 679
445 452
1772 88
158 1345
510 20
129 709
394 1697
509 244
137 1305
826 233
1123 1034
1551 877
842 529
1178 1312
554 593
190 764
612 275
70 1782
407 1626
710 732
995 558
1660 1798
1588 510
1746 1808
123 1807
322 1740
1784 1583
608 102
546 867
49 715
1314 1002
645 966
659 83
416 544
1681 357
1858 914
1572 200
896 200
569 34
1865 923
1099 605
0 406
1712 1564
1075 1283
1893 1500
1175 363
96 1191
794 1293
84 458
684 1229
1656 1598
1565 1309
1163 1406
1693 1012
276 1371
500 1255
1830 1472
1835 1196
43 1647
360 692
651 1332
121 1794
758 1067
1676 1560
661 961
1254 1776
365 338
1834 1183
882 348
164 867
431 914
1069 675
1538 1460
1411 10
326 1355
534 12
64 1332
321 757
1357 1177
707 1681
285 874
1722 138
770 261
325 830
743 1182
1185 945
517 1722
1608 982
1409 780
1269 232
916 1011
1092 666
1279 1689
197 451
294 893
414 1525
545 1168
383 857
1364 1081
504 1581
1760 776
1468 1371
1373 881
1584 1537
808 687
91 489
17 1321
1614 379
122 12
1436 898
1126 66
396 1627
448 1445
1872 1089
125 774
412 1171
671 473
979 1425
1840 1794
800 1707
151 1793
762 1049
159 1010
1312 1629
616 578
1892 1096
221 1018
1531 183
1640 100
741 1766
746 1352
1245 838
578 138
133 1666
1570 1005
304 972
511 474
432 1387
1276 484
1863 154
1125 955
1754 273
1036 1888
278 1894
247 1034
718 357
151 29
161 1863
1579 848
934 135
1373 70
255 992
1288 167
220 923
920 333
823 786
501 930
907 662
1376 654
305 634
1469 1422
211 1578
1699 1579
1316 138
1612 1140
888 1679
864 1122
5 1472
857 285
804 290
1209 1776
1011 491
1062 676
601 1555
58 966
1352 1705
244 1262
1085 1553
941 813
1758 535
1478 45
479 33
1652 1056
849 1046
185 178
349 1128
551 1333
1229 340
1175 673
1396 172
704 872
1305 857
48 590
1895 152
621 1265
1199 866
1142 1137
1027 718
1251 1833
1055 1411
1211 1794
912 21
111 97
463 495
1814 439
1534 247
373 569
1366 1276
1063 1527
1503 1051
43 1765
40 643
1462 1526
1415 1749
364 1394
307 1093
425 1454
1077 1145
669 1199
1137 1578
294 922
690 957
834 1353
1848 1550
222 156
955 961
392 1460
1026 892
1366 80
1541 148
235 1364
231 11
598 618
1500 348
1061 93
1279 447
443 899
1434 1831
1022 50
1591 1118
314 1670
1829 444
522 999
1530 491
1470 295
861 1388
1106 124
1654 1496
568 963
641 1080
1873 82
232 305
640 1244
1817 350
288 901
602 1432
54 1371
1806 1273
992 1026
519 1037
1209 956
1484 1630
828 326
602 1583
1409 1509
459 273
44 5
1090 631
62 1342
1713 783
1417 1480
1288 1576
202 1772
1171 947
262 1315
1862 1161
1740 1131
191 1691
1727 1332
396 453
902 1319
627 1288
611 1169
1688 1332
1649 766
845 723
78 1705
1750 1316
1477 437
1494 100
66 219
475 668
58 318
84 1786
674 1817
369 902
1343 571
378 709
1382 886
41 325
139 1452
545 1426
1752 409
1713 622
645 418
1569 1485
537 1223
1894 1789
47 1092
439 255
655 351
675 210
1461 1129
1112 937
121 1151
420 508
438 537
111 1186
1259 1734
1007 718
1782 122
944 768
1150 1566
952 1390
524 1887
1320 880
1259 1566
909 1201
31 1126
130 1709
454 967
1068 1225
418 633
1469 1313
1273 1152
1365 541
1521 1717
447 1112
1078 1666
239 737
796 406
434 1836
49 1174
149 1798
458 1338
1571 1772
1090 1132
1186 1867
1524 1534
195 1474
144 1388
1747 1563
1008 1147
1736 139
123 393
879 1120
1882 1840
1670 1824
808 114
984 1003
950 129
210 43
888 715
1470 422
1533 68
353 1727
124 565
7 1208
598 1604
237 1294
507 1274
500 536
1789 112
916 942
507 570
963 1336
832 669
1489 650
293 1721
45 918
1329 640
515 1096
1627 10
445 1863
1280 9
1409 805
620 638
455 1892
287 680
1602 1104
429 1597
1750 540
1104 1000
558 1338
1240 80
1030 1687
509 656
1213 1387
1603 1109
33 1574
1362 648
1089 605
812 783
1749 429
1582 308
624 665
18 1158
1449 1045
1853 130
392 866
702 1842
970 1539
535 1516
1111 620
1018 894
968 515
306 387
527 1589
1073 1147
140 1088
31 1525
1388 1187
1264 336
1467 368
1622 594
1520 1862
1185 1619
918 46
294 1200
1363 182
1209 356
557 37
1172 889
1027 994
1612 1024
981 555
358 662
262 806
947 762
266 28
841 746
1750 586
788 216
49 1679
1772 585
659 1779
1740 1346
334 37
1298 1579
132 1033
1112 973
1224 1009
714 241
201 55
65 1889
980 348
98 193
909 1115
1215 1197
165 1320
507 842
1753 1670
788 217
1422 154
1045 183
858 645
1095 64
853 610
1235 665
13 1226
291 1220
1788 322
1011 1884
354 865
914 1525
670 272
1203 1781
1032 284
1052 1016
1792 909
158 1299
1114 108
1213 1374
1313 86
151 1368
983 489
280 1744
1254 286
271 363
1580 287
1529 746
84 1685
409 1512
263 1736
755 293
1331 380
917 1810
1506 1552
1111 51
1307 70
832 1296
1358 851
852 954
442 1267
780 1332
438 892
1671 169
1089 237
1763 547
703 1494
17 309
1381 1681
900 1085
865 459
1579 218
330 652
1040 1629
137 1004
1655 1488
1133 165
1725 164
1 961
1013 215
1415 1706
1489 272
504 1112
1301 351
1061 382
1260 777
1244 1729
999 1637
468 1765
580 1266
694 1059
956 1326
168 127
1494 1226
1300 1808
994 1291
1588 665
1455 632
1138 1617
385 1380
1692 789
21 535
1826 1684
1161 1200
137 581
1597 1286
797 144
1417 1684
1081 1530
1529 1707
1175 1077
640 684
465 968
746 1342
1653 74
561 1127
728 1652
1372 1399
1744 1228
1168 1857
265 1698
1866 85
1052 1184
1786 1131
25 591
1743 1286
214 917
1710 53
22 11
1068 1114
1027 156
905 740
256 26
686 1721
334 849
400 1588
1668 1840
1291 1839
667 33
511 1600
1096 1522
480 1518
883 1262
1863 1760
1011 1423
1268 1617
625 1435
1642 662
436 303
1790 1180
1270 1265
886 67
882 1831
237 219
241 1837
466 1405
966 964
297 1485
968 712
882 71
1005 1082
484 435
1445 454
811 997
883 72
1615 882
1129 707
1003 956
791 1482
1234 931
332 868
1296 1065
100 1314
107 494
1270 161
867 1156
1398 1411
1600 1208
827 1594
335 1105
1590 1545
1767 984
768 1249
1392 869
1454 1278
1852 222
1083 1072
173 704
593 1771
704 318
665 1836
62 649
474 1485
949 1053
614 1014
1402 337
329 1738
407 83
1319 1893
16 159
245 1410
411 285
1469 1383
282 235
374 1192
1286 891
1204 128
689 1844
809 665
71 1442
1565 116
218 658
809 1038
350 298
397 751
445 923
484 1380
441 1026
879 1651
877 185
252 771
295 1516
1679 880
1859 534
956 1600
1754 1446
447 360
1226 604
88 159
764 162
554 1141
547 612
1552 1723
650 736
152 1236
899 527
1315 1120
1749 1750
1072 830
1316 707
1613 172
482 1577
834 705
266 1704
1856 382
146 370
1006 140
180 391
714 1733
361 922
756 1620
1743 1470
177 766
218 1330
1256 60
1013 1250
546 324
839 1602
1465 1435
218 829
1636 98
1572 760
1845 1605
562 268
1499 1762
968 1640
1491 1759
337 1496
1376 1772
1648 1770
1476 1209
284 1792
6 1558
41 1049
728 703
250 975
1345 898
622 1601
156 776
1584 1529
737 691
1755 516
65 623
33 1873
356 73
373 741
1443 1574
1845 304
59 1055
455 175
1435 1814
257 1715
1754 527
809 524
1220 1357
1225 941
1575 944
1094 1496
1399 1743
904 530
755 1368
1772 957
949 772
1229 129
1880 501
1603 527
334 14
618 1516
996 1131
1310 537
1599 874
1470 1286
53 621
754 701
168 1169
514 500
1032 505
966 1034
577 957
821 1453
43 1481
287 77
695 1568
169 67
27 453
995 861
1184 1059
1642 26
785 1613
148 1776
890 1420
1726 200
1664 559
1337 478
1734 132
991 232
352 1832
1684 799
1439 1729
1615 362
3 1142
157 1119
955 433
32 937
1477 1063
29 116
1011 785
1650 1628
382 1767
1261 756
530 343
1184 1270
1514 460
493 141
1636 211
1650 189
1125 468
1052 725
242 433
166 428
989 514
725 161
1224 1436
787 203
791 649
291 1339
719 1664
931 1736
1690 710
29 573
531 775
1138 357
338 594
1568 1478
647 596
152 879
1031 606
1116 1855
725 1787
424 162
1740 18
1282 1764
1774 1360
768 1629
256 362
1561 233
693 544
658 378
713 712
942 922
1813 1668
1121 1472
1388 276
216 217
222 1098
286 1119
457 1538
516 1155
1151 1441
1284 1750
287 1714
320 1518
1742 380
500 688
1597 118
1121 1753
1259 217
1730 1635
1420 659
453 23
945 1002
554 57
249 1414
1633 11
181 1131
827 501
1083 96
1156 884
126 466
194 736
716 1274
722 1275
135 32
1482 1363
1352 1124
850 266
420 1397
728 386
447 1466
1697 945
526 984
975 763
1475 1711
782 1307
202 1121
1453 1162
923 1151
691 831
969 470
460 1241
76 490
1428 267
1734 596
1565 23
1855 21
1461 328
682 887
688 540
690 629
728 396
437 221
829 1467
1324 1164
220 1551
1112 1581
1648 557
1311 925
1373 544
995 1338
1219 208
188 695
1494 1420
807 552
630 1885
1817 557
1202 939
1370 71
1845 1784
676 760
1157 1720
623 1181
1649 1070
984 395
496 921
568 1447
719 1447
1176 1172
798 1196
52 1497
1085 437
1445 425
57 1146
47 40
960 253
1722 964
917 332
1571 681
613 1585
1520 1519
759 1074
289 803
1502 360
988 1722
493 1666
531 756
65 1327
1389 1096
877 1146
613 680
757 185
579 1302
66 492
172 348
338 407
706 1272
983 1847
1410 1308
1431 1288
1289 547
1753 394
1756 1088
1530 1747
1824 1228
962 1883
1322 1439
1004 26
1228 555
1867 889
1294 1773
489 1177
1561 707
64 1272
386 194
458 1373
157 374
1421 1377
1070 1894
367 1475
1833 1255
1325 1560
1811 647
212 378
502 1094
1244 113
661 275
1713 13
322 781
1653 1397
1317 1591
725 1371
1638 1386
931 1218
708 1274
1781 808
307 207
688 1070
463 719
951 1892
614 873
663 915
968 928
24 944
32 3
433 678
1640 1208
1029 1423
1578 1188
556 520
1714 378
1403 1805
529 600
1368 484
325 270
959 873
1467 1001
460 387
719 307
1739 260
1071 1343
40 398
723 446
47 836
269 1818
1425 814
495 1210
237 943
438 205
1441 769
1058 834
659 1595
568 735
1393 1167
174 245
1286 759
1299 1684
585 1880
81 1754
741 1159
1635 189
1687 1803
1359 1855
491 505
1561 385
1051 1126
1746 332
739 960
517 1517
410 1586
33 440
1239 933
607 127
1847 508
1012 875
1370 720
818 15
1535 262
1777 894
1099 1828
1891 890
308 557
1055 1666
547 126
1887 542
350 1191
215 1261
1439 680
200 1736
200 173
471 90
79 1503
1347 16
1168 1117
973 11
1806 490
874 922
1488 295
1245 744
1073 1012
1681 1658
1183 1711
660 362
1208 1326
542 43
1322 1213
690 1509
440 217
1209 1671
824 478
101 1643
1255 1811
26 1186
645 747
514 1580
760 1096
525 1413
1145 89
1683 786
681 65
1380 763
323 1692
703 763
17 1015
351 1874
1757 243
153 500
82 1820
746 1462
486 1315
1404 1646
654 688
326 910
743 206
1383 462
48 1899
766 1826
762 352
1370 1399
884 40
1706 74
1194 1262
761 431
610 429
1161 909
1141 781
1325 911
123 593
1566 1715
467 950
1400 600
354 1822
898 442
1838 1153
859 1538
1441 1343
793 1070
491 508
278 588
1436 489
1823 1584
904 737
1862 1367
1845 371
1536 1324
1705 858
757 1418
1527 877
53 1359
1431 1452
1702 1589
417 1514
191 369
1803 413
1626 1526
1207 1767
203 1472
316 753
585 140
953 184
1666 127
553 606
1896 513
1739 1623
610 967
337 99
1196 1630
1715 332
32 253
1391 1590
1335 418
1352 1354
1244 680
1088 1837
1510 984
650 1760
213 1815
1655 145
1252 1387
985 1088
1416 565
409 961
1566 332
47 1828
936 1010
302 361
1453 512
979 289
1416 1070
1224 783
555 1818
1234 1128
872 1580
1039 933
1267 1192
153 1284
941 1206
1097 665
116 1091
1069 629
71 720
430 407
486 424
1346 146
1180 1514
1853 559
441 1865
1796 1675
1312 416
1800 223
626 620
1504 1816
1021 1844
823 1196
714 71
458 420
1412 411
314 1734
757 221
508 424
1243 1668
675 413
549 732
1426 343
754 1456
1389 1858
397 905
1775 786
356 1624
53 1528
179 1423
519 1213
1262 659
154 994
681 1510
1250 912
1586 366
741 349
865 637
420 1893
635 1546
1268 1215
377 1492
1250 660
431 1445
839 1510
561 1195
570 1118
1280 1415
486 1695
1792 991
1189 1333
1724 1532
1163 1407
1107 1567
1007 415
1698 920
1310 1306
265 1396
1394 1326
1155 1031
729 891
694 264
1345 1684
219 1076
104 1053
315 877
1450 1576
337 948
395 878
1214 831
1119 893
1680 1804
1858 1532
383 569
1126 681
1281 281
644 1193
341 909
14 1161
1861 1741
1136 204
72 1224
1143 1329
353 354
648 189
537 375
1849 1819
331 931
839 1207
956 1575
1557 750
906 1555
1574 1397
1061 65
1165 834
831 1283
693 1549
1709 694
1395 258
1891 55
1615 642
173 115
1562 1481
567 1721
30 1546
322 913
228 1340
630 339
1119 626
1663 414
651 354
6 200
608 43
1439 683
1109 1536
674 226
1712 305
1620 530
376 371
1369 1597
1676 813
1848 1528
130 1069
1826 726
675 717
830 1488
113 1024
353 1099
47 1756
1495 536
97 591
1813 310
554 940
1064 1788
1067 1605
492 1694
187 796
1455 1851
345 1622
1688 1099
273 343
1162 1651
717 1719
372 805
101 457
1208 314
14 914
1142 187
1325 1390
1646 528
1741 1243
1130 264
1792 1193
1061 1032
1067 1839
1788 748
1729 197
1599 843
579 1382
207 1605
1811 317
482 1493
1674 1125
215 84
144 1627
781 787
3 1823
796 714
1789 1457
1733 1239
1609 787
1046 746
1209 52
81 503
535 1468
816 198
488 944
1048 244
1679 1320
1103 1743
109 1509
1579 1239
682 862
50 1847
1318 678
694 1556
904 1882
521 272
1845 868
1691 792
1510 36
709 1654
1310 1843
278 480
132 1824
363 687
1584 0
751 209
1506 1730
182 8
550 1627
1821 1412
248 1443
1087 35
1085 542
698 868
1078 1134
1236 262
1038 1860
642 1291
55 1084
1443 1653
963 1500
1890 1682
789 797
1441 207
32 1823
1076 767
580 1819
1213 37
1675 120
92 1781
1301 1622
1145 740
1803 901
623 100
1596 1332
112 1518
333 1890
279 511
1065 823
128 1094
1242 1019
1861 454
622 1585
195 1037
592 1718
1623 1819
1430 458
574 847
1139 1166
1351 1833
714 1539
12 528
26 546
126 528
1221 1836
631 1555
215 1280
1741 1364
224 1725
1485 208
272 650
1551 608
1889 768
1511 25
1420 111
231 996
250 1609
137 1234
31 1841
1512 961
924 1395
1043 129
286 148
1657 1352
1007 1302
1851 781
68 150
787 1193
1823 1537
846 569
704 1167
918 894
1017 1635
1009 1703
448 335
1467 1643
1120 1651
839 1379
1003 837
1709 1059
892 747
1189 1749
714 74
793 468
478 403
479 798
1093 165
230 1233
1695 1049
1498 1824
1838 1014
1770 1476
475 969
636 173
1747 424
198 880
346 1843
854 314
971 22
325 1053
1350 80
446 1562
248 355
348 1075
313 900
1364 1530
27 1656
809 921
1761 1273
1152 90
1673 1490
1063 1253
1744 1811
982 874
1821 773
1206 1815
1797 535
1471 1591
128 1117
754 1529
1689 223
237 793
1297 643
1459 1124
755 1721
692 367
925 558
1875 1742
1783 917
1211 462
1656 891
678 106
924 1783
799 1723
907 1675
1893 1020
186 209
663 1641
1731 738
1314 1192
1684 1541
1797 1432
1062 1888
1608 1446
1831 1210
705 237
173 1225
1676 1111
740 736
713 1716
1770 1443
387 1542
226 1590
352 1822
209 820
411 260
1504 587
1665 866
1881 440
486 1236
730 1724
1498 1825
237 1293
1096 1562
1317 840
1817 244
589 434
1350 915
1092 1430
227 1399
1469 154
190 424
1865 608
518 542
546 580
1607 1523
1657 1251
1804 444
503 1076
1812 1477
32 1734
276 91
478 1025
1378 65
1709 617
416 1800
1527 535
1790 1028
1412 1335
865 1755
579 775
1064 1042
1378 1144
1642 316
1008 1495
458 1854
1160 1675
1564 39
72 24
1423 459
311 1313
573 1793
1709 815
1621 1156
1524 929
489 801
1160 1840
450 1271
894 83
1896 1733
17 202
122 1546
395 678
1051 433
360 430
1626 1375
668 393
1696 1121
1674 379
519 509
1754 632
1639 1419
1273 183
1858 346
1447 1050
394 1488
447 980
290 1615
1355 851
1719 282
1818 910
1490 947
947 416
778 479
1498 574
721 1357
182 468
223 447
1115 1413
476 367
1430 558
1057 173
440 1196
714 1595
649 904
492 885
1379 1528
223 980
1703 1769
845 1041
1540 643
586 1447
1741 1845
1322 1770
46 403
1048 1382
1867 1277
371 1201
1581 929
828 609
741 1645
1746 559
743 84
1260 1786
731 609
739 253
18 602
1101 118
1542 253
156 368
1415 169
1231 1501
286 1483
136 1581
563 463
1787 293
1407 561
552 589
415 1592
1120 1805
1006 1880
1195 963
1330 1113
185 8
490 808
858 1762
1593 298
760 794
1134 1596
1898 1735
1585 1898
1279 763
629 440
397 655
496 393
1455 1258
603 136
354 1602
489 1623
1731 1016
225 1381
1276 435
1173 953
1350 306
822 663
685 452
1792 584
636 1016
81 361
1340 1876
758 357
898 1083
937 235
898 789
1254 1541
541 996
827 383
1228 1689
850 94
1313 1333
1896 1699
275 432
943 484
1226 1351
1461 1860
1332 1595
1327 539
133 1324
1244 57
870 1887
1048 308
776 118
857 1723
456 1788
762 921
1754 668
690 1132
457 512
256 662
758 1208
1677 1340
1265 1106
644 1793
734 1781
1484 732
1806 1450
762 1832
751 484
657 894
610 1013
1652 1527
95 138
1688 175
1312 1171
308 1361
1063 469
909 1190
933 1516
900 674
1608 1419
1258 1172
1768 198
124 1894
1898 187
1270 1803
1588 1256
1380 1689
1464 227
700 832
1113 1764
977 3
1428 1745
721 1205
701 17
1051 1149
1213 1517
2 1031
262 879
1137 406
725 215
958 92
1005 1242
787 1846
672 1323
380 1589
1066 1516
169 886
1796 167
477 480
1721 863
871 610
268 1303
1881 926
1237 1300
856 906
115 1114
1205 149
1315 1042
996 491
1252 1210
518 1044
1041 710
1372 856
1374 66
1020 351
716 1569
499 675
1180 145
249 428
1019 563
581 256
1574 1538
1302 1751
1088 383
490 302
379 1054
1517 920
556 1245
1684 442
632 1258
1740 1170
457 1120
1796 1528
1398 1036
1422 1021
1233 736
471 543
1554 827
1042 1850
602 1524
987 771
1732 53
1889 844
602 597
1785 164
210 1731
1881 664
51 1580
1457 1049
641 192
402 777
375 466
1315 1012
603 929
1383 225
58 1026
1708 1043
723 1236
1409 1292
1555 596
724 370
210 191
642 1402
1768 1444
742 400
36 1489
1376 417
1414 561
1107 1298
1885 1800
554 1276
1312 1515
1599 1635
1619 230
89 1819
134 812
1291 1604
1149 315
289 1122
931 1702
1114 1736
15 615
1023 1562
1305 1083
1721 1134
286 830
1014 1681
45 576
636 263
1493 298
1879 849
1064 805
779 86
1176 1735
179 1093
1408 1823
1016 1156
269 1281
604 1813
1535 1832
1803 1130
89 1294
576 1682
1058 727
851 1679
174 1140
300 638
172 801
810 288
1401 439
1474 1871
389 234
1593 667
885 692
962 372
862 743
687 1018
1323 519
1872 760
197 848
300 1811
985 179
902 1505
1713 1760
1258 1748
618 1075
633 1007
255 205
306 1827
822 1604
1790 1766
1247 1715
367 779
1768 149
1048 447
774 1793
1682 307
668 345
780 40
1422 848
941 1114
1117 874
1501 1117
1404 104
305 430
1861 137
1031 384
1471 570
1359 1351
405 613
1079 919
1254 957
300 1015
1046 1890
313 1477
1783 612
1403 1211
1305 662
815 1859
798 1574
5 1891
1238 441
319 1189
434 1256
786 1630
1457 1029
870 682
1655 633
893 788
446 661
615 282
1792 1639
322 1005
1580 73
752 968
1291 1808
608 622
470 41
1408 307
1303 1846
185 1528
1537 1787
1766 609
723 1885
975 954
1142 1636
86 559
869 1546
217 590
1534 287
1747 409
185 1522
1149 278
1856 1207
104 799
689 553
1884 1261
574 1839
1760 712
1572 1774
1653 1827
1477 1112
140 1301
607 654
689 1034
79 836
1335 354
1318 372
878 736
1682 494
908 604
1687 617
1362 868
842 1274
277 1499
861 1373
1113 471
933 462
86 930
705 646
183 381
210 1224
1286 1829
1631 509
1501 1419
152 1042
176 1417
1497 1525
267 1114
1325 148
541 1131
178 785
851 571
1812 669
501 389
1043 1418
672 1335
1690 972
632 1886
841 90
1563 363
799 830
871 1732
1061 683
1331 1452
1104 136
1653 121
174 85
1526 1554
472 377
1149 1571
300 1555
630 739
1620 1555
1087 589
1165 1687
117 835
602 854
1429 1813
361 1446
1496 661
494 776
1476 1132
625 1158
513 1324
372 1351
1675 1523
70 1602
1465 747
277 459
191 179
1218 941
1336 1253
245 1300
1672 711
1899 1573
627 285
1193 1429
1443 570
191 397
637 1878
1281 29
656 746
646 913
53 1605
261 225
428 1880
142 1604
368 357
588 1816
992 1014
1411 1507
1528 621
1502 1896
459 732
34 1842
1612 644
52 333
1070 1866
281 1472
868 222
1858 690
743 403
355 1787
958 1262
615 4
642 1540
1034 830
415 472
1128 1245
652 1412
810 35
1484 1261
1653 1020
807 288
382 1481
932 414
1586 766
822 1350
329 49
1383 513
1496 82
1855 1512
663 1564
682 758
1513 947
191 1571
987 252
842 428
651 299
1760 468
200 263
391 182
1065 1393
321 904
1258 1886
1454 1759
1418 167
755 684
1263 116
642 1699
1430 1338
1695 1512
293 1248
1292 1181
249 1471
1590 861
1160 338
827 140
671 1342
1681 643
717 975
1355 910
572 929
746 912
201 1026
1643 586
1224 369
1156 337
721 1177
728 1701
879 1496
1054 880
1825 1744
93 513
1711 1181
657 1043
552 799
1764 446
1434 356
1080 219
1127 1104
1802 869
1670 1744
1405 906
493 1525
1609 701
282 491
52 417
1160 167
526 1889
1841 1571
698 456
693 68
733 276
248 227
1727 64
1402 1249
239 672
700 171
1325 33
1279 785
1586 0
796 686
364 886
1582 1440
1833 1855
832 787
1735 1593
1048 1011
1428 339
59 1065
1651 376
1086 1791
512 752
520 297
998 138
1649 611
1761 1050
1121 1785
291 215
1772 540
626 1567
258 1136
150 1644
997 1144
1052 825
70 1361
652 1723
1278 75
1618 1351
1689 763
1181 494
1107 565
1541 1622
1350 668
1645 867
72 984
1298 1461
1728 193
455 1011
1531 1555
327 841
1712 683
446 1293
1080 1566
424 1781
1603 5
842 1357
412 1490
459 1508
652 1739
1048 815
1432 1145
662 787
522 624
1593 479
696 1769
1614 670
1796 53
923 1855
1142 483
567 1723
746 1890
1226 902
792 592
399 898
572 1295
984 414
1681 1353
322 453
1106 1525
981 300
1776 227
1019 1538
565 346
397 1398
252 820
1737 1198
969 1286
1708 1732
1373 924
805 354
1356 591
523 368
1259 1850
1527 173
902 827
759 1516
1862 1710
910 1040
1118 209
1721 1860
1590 782
1212 1630
932 1425
1797 1388
373 1741
1157 298
1162 598
1542 1636
722 1198
1131 190
304 296
168 1473
404 747
904 672
260 418
1546 1139
1306 1817
497 346
844 1442
334 1749
1870 106
1215 218
356 1623
381 1805
1217 845
1455 955
1695 422
1872 818
1367 341
656 1529
1705 1821
730 1491
1108 1088
238 967
1665 1614
322 1625
158 1670
1093 769
526 670
595 1624
1386 1444
1237 114
81 632
1245 48
1674 579
760 1587
516 677
341 1801
95 482
1669 1516
268 451
1465 1856
968 176
670 1726
1385 945
1343 311
2 1525
664 788
832 392
1211 1611
1532 1327
1467 1294
474 1807
536 1717
1646 126
1855 1144
1241 429
394 1134
26 305
1199 817
1314 605
421 1407
738 678
1539 1805
847 855
1651 35
220 1019
1041 1087
356 1702
1079 631
618 73
153 1750
1580 136
336 1509
1183 927
340 1650
417 32
1259 241
1487 1518
214 91
1788 1625
224 1785
792 831
1462 1194
461 1117
1289 1145
1098 107
1103 1034
1315 598
1415 292
1020 1633
1 165
761 1832
443 555
1633 1131
414 497
1195 1020
98 1578
694 1011
1749 594
1099 1755
1423 1508
914 342
1431 1132
923 1384
364 1382
661 432
1565 1531
955 1748
503 1214
1677 531
1398 770
1429 1864
24 339
1030 1079
1018 1864
1323 1582
1009 1487
1744 1255
321 1085
618 926
57 864
202 1321
375 161
1013 206
410 381
1607 1317
576 1519
485 1836
843 699
847 620
1689 1622
184 83
1899 1575
1369 1101
1614 904
598 525
470 1169
438 980
556 1843
65 670
1868 902
1841 1804
760 1077
1679 1768
1079 1395
63 314
719 1850
19 285
1359 1833
451 891
1715 523
1846 383
1298 1419
739 684
405 1493
540 544
943 1263
55 484
1800 496
869 1633
436 341
164 1505
1148 344
1296 1775
238 918
1278 766
512 1623
944 910
215 206
1508 948
808 1262
1348 1488
1216 774
1144 1525
887 769
1855 2
739 659
315 477
1309 174
1377 831
1534 684
932 278
532 642
294 608
1378 469
274 502
1035 1757
1383 1027
1150 1757
1640 96
1352 1374
1092 1727
1898 1636
336 780
953 1356
1335 966
1122 1212
1471 529
514 1215
288 163
255 849
775 1343
558 1545
1369 648
742 304
1263 1380
1431 605
1885 236
95 405
1243 205
750 1515
1692 707
1412 498
556 174
844 159
506 791
1759 1672
842 679
1565 928
1428 318
1565 816
722 1593
811 1892
1473 1033
975 795
1163 1234
324 372
1283 591
1674 1176
75 317
508 1781
1792 1480
1272 987
1452 136
1639 1595
1313 935
1071 1880
1028 1825
809 393
234 34
1719 932
1464 12
1118 212
112 797
694 1130
1082 1384
1571 1652
116 1380
1721 1516
779 1313
476 868
506 518
863 380
230 546
337 55
362 1733
1646 82
1749 497
83 119
1095 1284
891 423
150 1313
16 725
941 1402
351 803
1510 1442
562 569
1645 1541
755 567
1591 842
1558 1225
1483 590
4 181
1001 1660
223 360
1646 69
1845 296
25 380
47 435
1282 462
131 747
1219 575
681 638
1732 1883
1675 1062
1445 1290
1319 57
1574 1336
1181 1369
511 643
341 208
190 1480
374 552
607 713
978 1805
1812 392
99 23
1398 1121
486 447
32 1735
1704 1146
1731 336
463 1110
634 982
1765 1688
1346 606
1531 326
1839 986
1268 635
242 1075
1256 20
559 1369
790 157
597 1236
358 832
295 422
1815 891
1789 587
1390 299
1732 779
1058 810
345 1356
1357 307
1339 995
51 916
206 47
411 1037
1899 1010
161 80
751 1132
639 178
998 63
849 1396
374 113
83 99
1639 736
1091 785
593 257
492 1132
795 1882
1590 1854
258 1186
1347 1247
1150 1746
870 393
1613 692
1641 741
824 127
231 541
850 1235
1768 560
52 1624
1610 1294
489 973
26 669
843 1566
12 594
1235 1032
338 1728
716 185
1793 1101
1567 1156
1443 41
980 618
589 1336
702 239
1685 1373
1141 1316
1738 768
1290 291
1217 673
978 997
1534 856
1392 359
1862 1374
949 94
1291 1358
921 724
327 677
39 381
1552 1479
1238 249
401 1024
217 1795
1279 435
725 1092
66 1789
646 1852
174 1410
1195 1505
1183 1819
892 1381
477 526
1691 1215
509 308
207 887
182 424
1528 338
869 1693
1123 214
722 1204
219 398
92 1319
1455 1810
1225 1702
1776 548
1160 185
309 448
379 699
673 1042
14 908
632 1447
1309 1352
555 241
1309 1045
882 676
1780 1232
1152 1045
1526 585
400 259
1334 260
658 478
401 1646
1063 96
1247 1009
651 805
855 638
1531 1612
776 24
1020 1505
196 311
6 1010
1352 201
338 1011
1442 933
653 739
467 356
1025 643
264 1328
1113 1805
391 1078
848 1654
1483 216
944 1355
693 1080
1360 1047
98 755
841 1200
872 51
475 403
761 393
1052 1111
234 311
1041 912
951 1707
1458 1139
1195 69
995 1854
841 39
1419 724
148 1619
245 790
1756 25
1240 1214
27 1462
485 665
87 1723
714 1300
1125 1144
629 1483
1120 1142
157 1308
996 235
350 1773
1709 758
923 412
334 1479
1756 1076
1288 256
1361 1189
1253 569
205 1557
1401 673
1897 1862
1373 1503
656 1098
726 924
1497 1070
773 156
484 1084
679 189
1561 1458
310 680
681 113
411 1334
1087 1321
1337 802
1461 1186
901 858
1194 1780
42 473
538 375
1743 799
983 49
1549 1610
1497 1595
918 591
362 582
1783 1188
148 1119
186 1342
1476 1671
602 323
726 1079
1383 365
125 1352
805 175
261 633
381 1067
222 494
1179 1220
840 974
243 1765
1719 1663
352 1400
1830 1035
1434 155
1880 389
1554 140
650 788
185 800
1406 1276
1172 1677
269 1015
1429 1209
433 1626
1408 977
593 668
182 1521
263 579
1755 1000
1417 790
908 1145
191 17
1043 691
1117 361
198 1771
921 652
702 375
1076 350
182 572
318 1206
1869 155
773 891
827 1343
949 1057
145 167
211 667
900 657
1176 1788
1621 1186
885 232
26 787
227 548
538 1052
121 1177
496 170
1543 528
140 1232
1609 1060
94 259
34 150
1597 944
1648 815
713 242
1697 1722
670 844
790 1341
601 467
260 261
214 1698
1410 366
763 980
1008 1455
1648 509
0 1478
1125 456
1538 1745
815 859
1098 461
434 20
1417 898
1269 1890
1103 257
783 1005
1418 920
1756 1545
1059 227
872 97
612 495
1484 756
687 1695
273 614
95 1587
1137 1783
219 1773
282 1720
1725 1234
1865 1642
1677 830
460 138
978 1467
1650 857
1462 1554
1800 1080
639 41
589 1588
386 1570
1793 890
1804 1073
1660 25
197 129
1356 1300
327 1341
316 1199
509 1587
101 486
79 196
496 295
120 80
322 1698
1538 1317
1063 1804
1323 1559
13 1090
466 1252
1303 121
954 191
1378 1627
330 1433
810 28
1656 1237
271 1420
711 66
1579 1330
1509 1346
365 1615
1785 581
114 727
321 1703
1441 171
166 985
1119 217
1545 1607
695 1879
1779 119
1077 446
443 1883
471 1015
1868 1226
653 1385
1368 55
240 123
1236 538
1756 995
1229 274
595 934
542 951
1349 777
617 852
1782 1704
1755 1201
476 8
955 563
1577 1585
213 1697
839 681
1854 79
744 928
1474 878
561 370
975 1616
310 976
966 34
1448 502
855 1015
181 976
650 712
541 452
879 1203
538 421
258 1749
94 965
1370 860
1719 1870
54 1802
218 919
1413 418
1008 384
923 47
139 1365
729 855
1056 36
666 1237
1632 1024
1804 681
216 1474
1722 1168
1103 220
108 615
737 1631
1062 1872
1008 491
1327 1469
1396 330
839 1688
1043 1829
1696 592
171 1003
35 404
282 1364
1076 43
648 1635
412 877
331 1056
593 1768
1652 1802
747 1658
919 1467
69 944
677 28
1809 1587
991 305
1023 1581
1167 155
1016 324
513 142
758 450
1538 1336
1039 1113
1048 37
1003 936
266 473
345 1565
1859 1479
1480 1751
1377 525
469 681
1642 1557
1606 178
313 628
614 1834
1177 171
993 500
1104 987
193 1451
564 17
1665 833
802 864
1776 626
421 1059
30 1386
583 646
50 158
837 474
1571 588
1739 645
636 500
1122 868
453 1334
721 426
1179 1227
1677 413
1853 1415
1619 626
1173 1018
1508 1620
820 559
1680 685
1489 182
1552 693
986 269
870 1347
164 1079
1707 1809
809 399
381 366
627 1406
220 916
432 1179
972 726
1766 1844
419 1700
177 634
1043 1483
1578 1482
1277 1808
1754 698
947 192
1549 725
418 1393
1165 1635
1459 265
1455 259
1233 1318
520 356
43 1773
1363 1411
506 1064
880 953
180 1248
1875 177
37 859
45 1164
167 1240
269 198
613 1360
1090 355
1255 1169
774 1251
321 177
1126 1527
1476 1115
1540 1681
77 59
2 1106
390 187
884 780
969 1463
194 285
204 1094
788 168
762 1762
331 123
1077 560
45 333
386 422
1555 241
664 1483
902 980
855 1555
526 1183
1395 1078
1612 1393
1350 1305
923 1513
1297 118
1040 1594
967 168
943 1470
1586 1259
61 612
1172 205
1672 1415
1215 1655
1723 1074
1180 88
744 176
338 1198
472 15
208 574
1872 83
603 1628
1670 1825
1251 943
1532 145
1403 829
1097 1256
1616 701
390 1875
1691 224
709 1136
1093 1133
128 1146
1722 789
1603 1390
406 755
1570 1450
472 1424
1605 847
836 423
250 913
605 1329
1217 821
786 1742
713 1691
9 167
680 1717
1879 919
1114 1681
1300 889
259 1813
1400 1333
1187 1508
1472 29
1860 323
1398 3
1686 656
170 16
632 1788
1486 1137
463 1664
1826 1249
130 705
770 645
1755 103
54 435
1812 875
1093 171
1190 950
537 1184
1124 1778
1218 697
216 1731
618 242
571 344
124 1473
784 597
163 399
1600 1271
334 1552
571 1174
949 350
916 1341
1528 503
665 104
965 710
8 367
1832 1607
1719 1144
1306 537
597 152
1841 785
1266 1714
1538 1505
1338 566
739 951
1683 1212
1854 685
1259 843
737 1418
818 541
802 591
558 927
1187 1257
300 855
1617 41
11 996
669 62
1164 876
1081 505
1307 1680
899 299
475 1833
1307 858
851 49
1284 1257
691 1817
1184 705
380 403
30 12
752 288
1124 1739
1723 370
545 1158
496 785
88 1722
964 1196
551 86
464 67
209 690
1827 1500
773 1485
723 1041
1712 948
1472 1263
1591 1810
915 1310
1084 585
1824 1405
75 1339
1890 78
1092 1756
1097 733
1180 487
834 1270
1366 1240
1175 144
912 774
205 628
1442 443
949 552
365 689
270 1074
1314 949
224 592
106 1232
643 1592
1608 80
1688 1272
1227 1093
1724 272
1716 397
838 1522
666 1447
198 97
1457 144
879 752
1814 783
1676 432
466 432
1036 581
255 866
1644 551
213 96
954 17
1322 1817
1444 1660
562 1139
668 521
1658 270
367 1521
120 676
875 1705
1718 247
265 756
1374 760
709 1025
496 1010
1756 1055
1225 186
1368 943
1800 1622
223 435
636 372
1453 1806
165 837
1374 1587
835 1154
153 1772
1520 341
1141 384
892 643
950 1413
938 1704
266 1359
1371 1807
1869 1301
1430 861
378 340
135 1001
868 424
827 1780
1570 1695
644 1006
94 1235
930 1112
183 766
1559 1379
1641 1384
704 1530
421 1184
1118 1646
1103 1019
1634 22
1235 434
902 1168
498 1547
1671 1668
1740 1856
760 292
477 36
1277 131
461 388
231 929
584 1193
115 93
1312 802
1056 1422
142 550
174 242
689 1899
1030 423
324 175
1789 1487
557 815
1358 882
207 511
2 1426
1339 1092
177 1612
1068 267
1857 1498
1827 1607
1849 310
1281 5
696 470
1150 1715
1841 1149
564 191
1246 883
1490 1513
1825 1228
212 600
690 1881
1315 1058
740 643
1784 1778
557 1464
947 1436
1869 1718
1344 1396
240 319
505 508
964 1619
842 1810
841 1330
1862 1404
1859 327
1133 7
1158 854
611 970
859 693
330 1119
207 1864
1830 1791
454 1182
1320 198
1312 953
724 982
847 1598
603 615
1670 986
238 297
1099 1105
1033 368
191 117
1746 1568
373 427
20 1143
129 128
1789 789
1788 297
921 1332
1167 1112
480 1427
702 438
665 1337
1198 568
1190 1647
1008 606
1375 1533
990 724
983 1402
989 997
531 1856
854 1535
774 1433
1278 1890
1862 319
970 1083
1581 282
145 1284
1567 959
1242 923
569 1425
816 1531
1130 287
1801 271
61 186
563 858
53 167
1473 404
811 515
1170 231
1216 330
299 890
1456 767
1260 817
416 761
226 1338
737 1322
1810 1881
1750 578
1631 1648
1415 1590
499 146
1581 4
1214 1797
817 672
358 114
1264 731
45 1698
1080 1400
1010 1629
1234 1642
1530 508
924 1375
492 1446
271 1751
1305 1812
1451 963
533 728
698 1788
1652 1551
596 241
1771 59
1309 183
572 325
970 1684
710 991
1217 1579
1003 1742
1660 863
1104 890
518 1759
1127 1055
1269 1250
1152 1372
1051 1150
526 556
1313 1711
338 986
352 1704
754 1632
427 1221
1257 605
710 659
1673 630
230 1318
1504 1719
1587 1023
862 1013
1613 1622
1525 1563
398 549
1846 1746
1252 1159
1132 735
1614 1672
1291 513
1676 989
592 1483
1508 1112
756 1147
898 1743
216 590
1570 1523
1019 1297
1434 1413
895 10
236 1692
1762 1383
1412 1327
1625 781
738 1409
1390 251
331 817
672 517
413 1710
1168 1670
1666 860
1559 80
1455 1172
450 1253
1442 919
1051 315
1452 1639
628 1550
1076 468
493 942
1194 1343
902 1673
301 355
496 1215
1431 906
751 1169
1757 351
292 219
410 1140
1237 1447
1833 28
1723 1286
1122 1842
1059 765
953 83
1094 1646
1058 598
438 825
37 1859
1409 109
785 980
363 953
1361 1801
1276 1606
913 1330
1874 1639
221 1213
1316 1168
1708 657
1624 24
844 968
1513 1382
96 371
181 1720
1087 1238
1043 672
1126 1649
469 937
148 1015
907 1278
328 776
1265 1797
1412 1011
1855 136
1465 169
1882 1448
1238 783
1311 845
560 59
332 127
723 879
552 759
1059 1803
880 1296
892 806
1502 1372
440 227
652 1821
385 435
1710 319
644 1858
1843 876
1332 335
71 1403
368 404
1377 1494
1814 600
205 750
1860 591
864 1704
1699 218
989 1108
1682 1250
584 1090
1557 866
1745 1320
376 1242
70 1051
662 516
24 888
1871 106
1008 336
260 89
1870 1232
587 1011
580 1742
1387 121
1222 1848
1838 924
622 1834
503 48
336 1292
1874 736
769 1485
965 982
1872 711
522 961
1489 345
1290 326
371 296
1472 1368
401 1424
1847 190
1669 1190
390 786
884 1006
1234 231
1380 447
268 1231
174 1586
1800 809
452 1633
254 541
720 1805
897 1142
1387 1382
854 1649
1661 628
1280 721
1573 329
1047 30
1016 884
926 242
701 795
1394 1271
781 1259
450 1734
832 1504
1608 1176
575 756
1899 118
1201 894
1673 1596
1736 775
1858 1580
375 1130
895 1666
1696 1569
1608 874
1669 850
682 1661
536 491
1708 900
567 1145
245 970
460 61
1540 1658
128 1654
1066 1074
682 600
1126 1702
797 1423
122 869
214 609
1170 15
1706 558
1721 323
1195 1893
431 1347
740 529
375 286
778 823
1616 1634
1531 410
1456 191
1297 828
1336 1471
1493 1857
641 1484
712 777
139 1169
1537 796
753 313
1258 456
678 1880
1516 1301
904 221
1507 470
946 953
278 1328
286 893
1641 1834
643 1399
1337 1573
1643 727
1599 1131
1636 1354
1536 38
741 754
1012 1850
1214 932
1373 1307
1748 1216
112 789
1356 1237
983 1699
228 1870
184 591
52 1095
1441 1003
506 165
935 1241
1201 252
1570 296
586 1050
48 474
357 1592
881 1806
1067 132
1231 803
103 82
1270 583
692 1474
712 860
782 939
474 758
1362 1122
1506 134
1065 1212
1495 1528
832 519
1467 1883
715 1174
1683 1196
1588 429
1576 1285
811 1794
1481 1647
281 873
1728 1214
81 449
1525 320
1160 1528
1135 72
650 520
1791 1135
154 1766
1215 1180
280 986
339 329
1828 1105
1893 541
903 41
62 658
1495 1366
642 605
1786 628
700 1807
1608 384
334 749
1746 1289
337 1620
657 280
1770 37
1564 1806
1292 1727
1779 1237
327 573
400 94
571 1320
464 1739
840 1118
125 1682
1381 747
979 68
1801 1190
128 1878
1042 930
331 1231
1229 824
1571 526
974 85
92 1673
1695 1301
1574 1117
1856 673
279 224
1120 1661
1036 1305
1677 1652
592 1004
1064 414
1290 692
1186 1656
405 482
185 167
732 8
1532 1044
1192 1073
531 1465
847 1744
1844 1601
1452 929
673 925
610 238
1590 1624
310 1229
208 132
1642 371
715 1679
1321 1736
1337 1667
258 188
1375 1880
69 910
771 1719
851 715
132 1744
1405 160
1005 763
849 333
699 1138
1878 1404
1544 38
1732 1160
1096 129
510 1337
1024 82
1757 1698
997 121
722 1037
323 572
1233 546
427 1306
1417 1692
1342 201
901 717
1394 1807
1096 136
939 820
869 1073
973 181
1605 1734
327 31
635 1404
730 273
576 1046
1406 894
745 1328
378 851
905 1867
971 1501
1252 721
161 1620
1191 910
1324 895
15 1452
177 1022
1083 479
1813 934
1158 1893
88 1423
731 1034
414 588
1778 1679
1659 850
564 1147
1561 1774
97 1864
1511 149
71 1113
255 235
1553 350
663 80
1541 664
1414 521
577 735
1830 533
294 1176
505 490
989 1250
1830 401
1112 1633
1458 268
531 824
660 609
1060 269
712 928
369 445
1555 317
356 1546
527 29
159 460
407 1277
1140 529
1436 555
935 222
530 1253
835 1591
1131 1720
811 1809
537 1845
902 563
816 1152
922 606
1838 802
1371 758
1572 173
1177 1324
196 315
188 1568
73 878
725 93
261 365
1266 658
1109 1368
93 587
1853 1165
103 1618
508 808
399 518
877 1061
1013 1003
1558 931
1275 1560
96 1845
1311 784
1362 1425
1597 1573
787 392
429 1017
454 1672
1440 1730
507 1550
130 694
1298 597
873 1533
362 1596
1479 72
1429 1476
1886 1854
377 118
1666 1033
928 1449
629 286
1674 1754
1213 808
740 1293
522 296
1328 1660
281 29
611 1684
1670 1228
506 456
1732 1796
1806 1531
1383 1439
978 1764
894 1637
666 1300
528 1252
823 1393
718 1701
660 652
872 1526
1085 1323
1545 214
1092 601
1558 267
1717 551
201 287
1612 50
1567 1318
1517 254
1118 492
179 629
408 1877
1712 1799
387 622
769 1296
786 254
1160 1796
581 946
767 43
439 725
591 119
1033 1169
1153 1367
1034 1066
1614 119
853 1491
1757 1208
1356 1864
510 726
756 729
502 472
648 1597
328 1458
109 780
1862 436
1686 1268
1796 185
305 348
1181 1101
845 1453
1546 1166
1192 742
103 637
289 1425
1351 190
878 106
1429 1876
667 1653
1749 1335
133 1055
1187 1426
558 948
1450 1314
521 1231
1861 679
1482 1287
537 1165
552 114
910 1249
290 69
1607 708
185 1379
1740 1435
1751 591
1602 335
482 408
1713 982
337 273
1479 1610
1482 1721
1718 1266
416 1876
617 646
1662 1111
253 1537
686 1261
1025 204
1693 1021
1714 658
120 831
572 1850
193 1893
1351 1855
1750 88
1739 1466
1617 747
1465 1175
967 1783
319 1324
870 1772
712 591
1610 1317
1555 1297
822 488
221 1631
269 1031
1711 1241
1449 1451
337 606
1261 856
1764 639
547 1543
108 1108
1707 1474
1108 993
1491 16
1150 449
447 348
1725 581
776 1575
492 354
657 524
226 340
436 1650
1086 1580
1189 604
349 1221
806 643
1696 1406
1892 1088
454 1013
426 887
1006 1650
1509 353
328 122
951 298
1649 1140
1571 477
1159 147
1616 1169
580 1729
1692 1360
772 963
1466 692
1084 223
40 1688
144 930
415 718
557 1246
1422 449
635 1139
1586 1140
1445 518
1861 1497
970 898
985 1877
947 312
1376 153
409 423
1043 1678
1256 733
1194 827
164 832
1779 666
1206 574
1292 706
1680 1139
1093 618
272 520
1429 835
1698 156
898 1308
1751 162
823 1683
1532 1156
402 15
417 1284
853 1699
1087 525
109 111
438 1853
1765 1195
936 910
1129 562
549 222
1130 292
227 1795
1567 867
1160 107
60 733
1632 564
609 1470
167 338
1886 1544
765 371
1747 1173
1727 706
1524 758
86 1369
980 692
1193 1181
975 1174
1715 1478
521 1277
158 611
1631 244
91 1547
470 1617
424 1169
465 176
1174 560
676 1872
100 944
1101 189
1527 530
926 73
583 1044
725 206
1693 257
955 1426
602 468
1135 1855
646 250
646 1380
1640 374
1378 1026
1120 220
1114 579
1368 1122
667 1195
80 951
10 696
1318 320
1885 1478
746 1894
1288 394
1778 1335
548 217
1062 80
1261 155
1744 555
1433 450
1734 620
321 737
1075 1626
296 1235
1105 340
62 791
1850 1715
218 91
369 1703
1480 1781
123 1195
1005 1103
1405 855
1206 1263
1599 903
1806 1039
1554 1194
576 333
1748 1102
1247 1820
158 970
611 1417
636 931
1317 842
386 1420
44 390
1002 94
1152 183
716 1379
966 225
1147 498
376 441
177 644
213 100
863 1742
453 1335
736 724
1042 1457
371 1869
1486 180
934 528
77 1622
1815 1111
1183 551
1404 764
1414 1711
1019 923
924 1367
1143 1880
1084 385
39 451
188 243
1490 1364
1155 1497
1888 1797
1374 794
1434 1433
1830 668
1340 514
393 55
1148 1146
1548 1039
109 155
1023 1293
1385 1192
938 1276
470 1026
793 715
1671 360
1717 1320
1200 453
86 429
1175 291
704 1114
110 61
1643 932
691 1631
1427 1011
907 1260
1266 247
713 279
1114 729
604 842
1277 889
1548 1239
763 172
624 972
1757 695
617 190
1398 48
252 1719
454 1662
8 1362
1372 1518
1102 1619
970 1544
650 345
1358 714
940 149
1097 616
618 801
106 1343
612 85
1363 1461
1349 1090
1096 422
18 1524
1160 53
1593 1620
1830 961
956 1208
938 1379
1471 974
1198 1451
779 222
220 1272
408 1372
419 345
1835 1783
61 977
466 973
1754 506
1674 1457
1162 1335
514 153
1321 1753
1645 1052
791 160
579 697
1550 1274
1726 6
1495 473
790 1604
1107 467
1000 103
275 1780
312 1002
1428 931
1324 696
1439 1159
291 743
800 831
1673 931
1292 495
482 884
748 808
1692 1561
498 530
834 1709
852 1849
423 1594
1242 106
1523 1591
1424 275
291 1013
1214 1707
1701 432
971 1696
1238 810
641 359
1489 1889
738 867
651 1602
1140 790
952 136
736 147
1423 1484
909 1159
920 576
977 235
237 1076
348 143
1855 1663
315 1281
926 483
160 1283
1172 1340
942 575
393 977
174 470
601 1728
1039 1847
250 717
63 1142
526 1056
1504 1820
846 476
1247 765
27 1151
910 1738
1625 1158
1453 1236
1688 1602
392 1084
344 823
1064 955
68 868
668 292
1037 678
670 1489
160 1555
1866 1011
338 1355
46 1196
1675 1727
1497 278
1288 231
1578 1078
533 1868
1686 569
1859 1549
1024 126
1860 233
1587 1866
279 309
1741 1306
183 410
610 291
1419 736
1393 786
428 1881
1388 1147
321 1043
310 683
1675 800
524 732
1421 1756
1009 1173
1410 1733
1827 1523
1236 331
1303 1777
1491 1078
1001 1611
934 619
1492 1501
1809 1096
386 1429
960 32
881 61
421 1709
748 167
1672 725
1806 1309
1813 478
363 1302
1464 626
693 72
200 1195
1898 98
1746 1459
38 142
1829 351
1817 110
1034 1488
1066 1286
1167 139
1853 421
1222 848
250 1658
1125 1851
1415 206
849 690
1616 392
712 1806
1632 379
1107 76
1708 437
1347 628
349 1052
804 1295
261 449
817 1848
89 43
937 996
35 1086
890 1276
471 734
1417 1504
1816 876
1897 720
1573 571
1638 257
1183 580
879 1238
1627 1666
1028 803
624 1220
1361 1161
297 1807
9 200
1624 1850
877 568
1879 1529
1648 1464
296 680
129 461
313 1256
1794 1151
995 458
654 1023
308 1730
896 6
921 189
345 937
867 1409
741 702
1623 1183
1280 1092
1862 341
797 1029
1667 932
804 1212
668 1689
1808 133
1813 1233
1158 49
395 585
525 475
413 369
994 1358
432 1843
1065 1798
126 715
1684 394
1893 1574
148 1483
527 1793
1036 592
399 853
1091 885
632 1139
89 1703
917 379
665 1468
1420 1356
1601 1156
1890 1867
1140 245
241 1891
684 287
630 1849
1782 1095
535 1485
1360 233
387 124
1820 1771
362 1833
158 245
318 695
765 1057
268 1110
1208 132
1310 1724
983 1291
1362 1521
1134 1360
897 370
1770 308
1528 800
18 1311
1856 1559
1162 1652
1563 1302
1615 1297
928 177
1897 1537
174 158
735 148
711 1096
1029 1484
1895 1118
544 219
1035 969
683 824
1669 552
265 1329
374 23
1338 1545
1376 616
1769 168
1561 848
369 419
296 940
1433 1821
119 889
457 1267
233 1073
181 1081
1639 724
391 573
1299 1607
371 1828
1572 1558
1331 139
160 1297
968 1531
1321 1121
1373 1854
1761 738
531 982
927 247
1398 224
1250 1433
477 1128
1485 638
1219 1029
170 542
134 859
630 508
448 871
825 375
10 876
892 41
621 80
1340 708
565 232
1750 998
577 985
370 147
584 666
481 1278
1662 1858
1698 785
1130 913
985 664
1714 1660
793 59
441 530
783 445
261 1383
1383 154
73 433
1577 3
64 1688
54 604
530 1718
1179 367
977 32
1687 1852
702 205
956 1807
1821 724
409 1594
998 882
971 859
790 1640
1155 28
1414 416
495 432
413 210
1821 15
925 826
570 677
825 421
1477 657
443 1244
230 1219
1191 1232
1182 677
1718 684
623 1548
558 1032
1249 1320
44 72
964 48
811 1096
1341 1232
427 1780
596 1109
90 1611
1132 664
812 44
1504 394
1099 175
713 17
785 305
1181 930
1475 779
912 1705
900 619
969 1239
1510 794
1103 923
1370 933
920 1396
1170 139
1780 1277
321 1614
334 1506
770 89
1793 1747
1128 1863
1531 1353
42 1884
35 414
1749 1558
1646 661
677 246
1759 41
597 659
479 1451
1815 1353
449 1502
159 1447
1277 838
854 597
1361 1858
1114 1274
633 1502
293 567
1340 956
694 499
1820 880
359 761
1314 365
1285 1075
952 1623
1259 1123
1798 1703
1347 1113
1045 410
1892 1587
1473 1169
290 1844
1678 853
86 1098
30 869
726 1304
1569 40
256 946
510 710
366 1684
1004 832
1621 1731
1020 1607
1148 1360
1103 1118
473 1304
1553 722
141 565
936 851
1546 1664
433 1526
626 942
127 1033
1731 867
1001 1843
1533 1521
1489 704
916 1884
1579 1403
712 899
1010 1040
852 785
1489 520
1733 1579
26 907
432 67
898 394
1843 1794
506 1455
1532 1279
1667 1427
1812 108
1186 666
343 1357
441 475
1354 1098
1388 1511
1333 559
622 1577
454 481
1027 882
1791 1861
1682 1352
1234 1173
1569 199
1670 1405
1258 1167
649 1085
489 1718
1218 575
959 336
853 182
968 744
1590 1373
1508 1147
381 1638
1668 896
815 556
1785 1385
703 92
1408 32
683 986
1290 481
417 487
1344 351
923 1112
1084 1689
173 1029
929 181
378 129
196 1804
1148 826
1859 812
1468 956
1333 679
987 637
1726 1572
1340 1712
628 1523
1175 439
1851 554
1878 885
1238 206
705 213
1708 321
1542 391
1883 1796
1892 1583
858 1327
704 267
1 1468
712 1875
35 256
987 1155
322 489
1869 1588
1853 375
762 809
638 1811
994 1844
308 1552
1791 1512
453 591
399 1887
1512 1419
1668 1396
969 1135
526 1489
633 1295
846 1743
1106 1497
1040 888
1283 38
471 1883
247 1807
1632 954
295 1049
418 449
1303 1123
1430 1597
133 1703
462 1495
1871 1870
1861 1270
1586 1826
694 617
26 1474
1068 115
714 626
228 931
1 535
663 681
378 683
1076 1016
1087 240
703 1187
27 320
68 1521
330 875
1148 1682
167 1728
765 522
1201 473
1687 1302
1879 1396
1125 503
639 1276
1321 1036
499 995
1778 858
1329 1822
1415 1430
1574 74
132 847
850 1568
630 1805
1506 1772
1499 1327
439 264
1840 121
1895 1421
1165 1184
1038 720
1191 1198
1852 1361
461 982
1508 1174
1724 761
1610 1720
700 1824
257 214
1775 823
506 1176
55 1091
1374 1096
183 1583
664 964
549 1769
0 591
31 800
1511 1393
1892 1432
1412 453
1163 1475
524 170
1057 350
1517 37
821 262
1324 1473
191 202
597 100
480 1866
1417 1083
1122 551
1057 94
1184 1256
790 374
811 1294
601 1685
378 1425
404 892
1790 654
930 69
1148 1643
550 1411
439 486
1519 271
1416 1497
1367 908
1765 1204
253 43
94 510
694 646
1070 587
233 562
1415 226
775 51
1141 1891
688 544
78 201
729 1630
947 761
1280 75
1376 1655
958 902
754 191
1061 1296
1863 1564
1513 416
415 1291
311 68
519 520
1648 308
784 1483
602 784
946 1531
1115 132
931 263
1449 39
1111 993
177 381
30 1166
1807 1498
733 1897
533 1224
367 1842
1126 1571
1805 1764
563 1392
27 1778
1485 235
1865 1462
504 1452
305 692
1098 559
398 105
1774 707
659 97
941 775
230 1425
1645 702
1015 1281
1266 1229
1622 1628
988 1218
707 935
1455 891
436 1161
801 73
1278 1013
1816 1518
1234 260
1726 896
1319 1885
227 873
1425 1717
1796 1728
1745 1523
119 1598
1193 1200
1044 133
1893 1827
1305 1642
777 1621
183 85
383 873
1448 1404
1082 613
1783 1874
1229 21
674 1631
1703 102
1715 1879
835 535
1516 1231
1380 178
684 104
1038 66
179 1254
113 1462
1017 118
190 1781
1738 571
74 1441
1800 921
1595 461
442 100
102 523
1025 873
716 1160
1505 1336
1856 1158
752 912
1687 1716
655 1403
1564 816
1427 789
1271 1498
1879 576
1056 155
296 495
1610 13
1589 1018
807 1062
1266 684
795 1321
1061 831
1150 1846
1263 1276
633 1098
879 331
8 1521
1305 416
551 1313
569 1521
1189 248
822 37
138 1493
1737 193
165 305
705 50
1086 1035
6 389
566 1568
954 713
955 1266
337 922
588 1285
47 84
949 304
1113 1282
933 1211
1385 1157
1643 856
941 579
1176 195
1562 219
77 1399
1481 1136
1644 344
1663 1106
832 453
1669 765
1476 631
1568 450
950 209
888 1738
299 1689
1102 1848
1461 335
1256 665
75 1092
324 199
1802 681
1615 1530
774 64
1773 1157
1782 329
961 803
1810 166
977 885
1307 830
1371 474
1821 1327
1457 1388
706 1530
1338 595
1082 419
1129 325
1074 422
1852 210
753 662
650 176
624 1346
1134 229
1358 1539
111 1356
1069 1336
1280 47
1206 1204
260 966
376 1414
503 981
1187 91
576 1105
704 1428
1433 1251
347 45
173 1594
1799 968
1478 1344
102 892
485 924
800 1210
563 1699
942 1402
1778 1018
56 433
1760 865
327 185
588 1357
310 287
294 1599
879 435
1752 891
1366 503
408 99
1395 303
354 1688
258 341
1153 14
456 469
723 1421
15 999
131 1703
971 483
975 1456
1887 213
1406 1892
1287 1626
989 447
156 1301
325 87
213 571
607 446
698 1125
277 555
1120 1238
913 319
1349 248
872 514
744 1761
1535 1084
564 1383
1288 1642
177 689
676 828
1643 1379
1599 632
1482 1848
1567 1233
839 179
1176 1638
63 98
28 997
212 1541
287 197
699 243
1405 1555
67 1177
373 1101
428 690
1229 683
1104 103
327 1503
2 124
50 1833
1220 1177
1090 1782
421 1556
204 1496
288 247
639 1279
549 276
465 712
1212 1196
587 942
1464 1329
1871 1194
1379 1366
1884 732
1372 628
1004 1305
1826 909
626 1233
1044 1215
536 1098
1506 388
1286 1516
1803 1724
1593 1249
1326 1658
760 1145
28 1144
1063 453
58 369
1836 1897
994 1896
523 1381
888 251
1537 1825
323 1360
200 1522
1276 178
745 1679
1787 406
992 892
1258 683
1192 949
26 1443
1418 1822
400 304
401 547
167 1366
189 24
391 307
975 334
1801 1200
555 1281
352 140
1303 64
778 1153
663 1791
1806 508
85 918
1448 1025
1757 1480
716 351
790 858
269 1811
1534 1849
1248 1250
1043 674
1125 1822
1146 1460
233 1155
253 98
592 1234
1171 1885
83 104
1164 1473
237 740
1064 1677
1751 1420
512 331
1801 1881
1176 942
1636 796
61 55
1119 1795
1677 1510
685 1026
1015 281
1546 1439
740 838
1393 1331
1418 1846
1281 151
1667 1106
1211 1001
1871 1071
1397 935
164 1865
664 1473
257 917
961 594
1529 1396
1480 1302
1828 1618
866 882
1601 353
1614 672
1836 1153
899 472
1745 25
1004 256
581 281
561 1570
1163 1282
193 74
260 1122
1002 1659
1371 1747
1609 1662
587 1037
1191 298
89 1423
590 738
1472 648
403 1112
132 856
20 347
489 1329
434 726
391 1650
258 59
1706 1836
1498 1734
446 1145
504 922
784 845
756 1187
1306 740
1140 1826
1144 914
1288 1234
814 1544
1774 1047
32 343
1414 668
1579 1596
583 1069
1715 1289
441 822
1138 747
534 351
541 181
1417 936
1494 790
1377 249
1495 1098
1118 953
1807 1208
196 645
1058 721
769 956
1141 228
592 581
233 635
1731 1409
1539 1275
339 1575
1468 1485
1246 814
1890 2
155 1365
1691 279
817 1193
1722 608
819 1585
901 1101
588 480
771 1820
663 1730
1128 1572
1769 1473
1147 729
1316 608
1389 514
1865 832
463 1014
1707 1374
749 1859
1631 1582
51 41
772 917
1426 937
1345 213
1246 812
1211 886
1550 880
1189 909
1766 1027
455 515
1608 780
1337 1099
1146 401
1298 1213
913 241
1095 21
1713 386
1465 545
1582 576
1877 964
630 1274
1809 1077
1321 775
537 705
531 1340
1844 714
1014 1540
11 4
861 1307
1690 1136
902 92
1330 251
1180 1283
294 31
1157 342
491 1747
1135 741
2 1497
1881 1231
984 844
12 476
427 1853
1693 843
758 1639
1892 246
692 433
1145 767
1625 1322
1526 678
12 1139
462 1467
1234 1835
255 486
1182 1081
1810 546
936 1781
908 1348
39 1519
682 544
1117 1031
1562 237
272 939
1767 623
895 1703
699 188
1688 320
1342 78
576 536
581 1407
1035 1780
1673 412
454 725
1379 167
652 503
1577 253
132 280
821 457
631 595
697 872
176 1211
359 448
1199 791
1309 1649
1826 1345
375 627
235 1530
212 1694
345 176
707 1547
1325 1483
544 194
1542 528
1138 1592
1232 476
1554 389
303 14
1196 15
1271 1154
803 736
347 265
852 552
1022 1140
9 1558
1576 1410
1138 41
355 631
1614 691
1184 1556
255 1830
1565 746
1230 1789
1613 1781
1553 1009
515 1277
1095 1572
425 1290
924 714
124 389
1391 328
1083 374
1881 1034
1600 208
613 838
1261 459
1000 42
258 1189
274 1448
90 1257
199 1219
522 1588
1793 1276
1209 1024
936 944
1868 1570
51 385
863 1170
1375 1462
958 1242
1353 270
1612 1109
185 338
607 1609
841 933
632 1498
1349 1320
1057 1200
805 1602
1297 5
938 357
1700 1178
885 801
727 1055
638 281
326 936
1410 653
23 1055
1221 631
687 634
672 914
1039 677
187 755
2 750
1777 1884
908 1749
919 1355
318 1736
481 1280
627 1337
1060 563
1360 707
1865 26
735 179
1596 829
252 1618
42 252
1535 1861
797 370
861 1680
6 931
931 1676
839 877
1292 1332
1782 52
1854 1680
337 1508
958 1796
123 525
1298 1059
946 1168
1105 1618
1396 388
575 459
1008 539
101 700
88 544
986 855
1018 1283
706 830
26 1892
716 1559
125 1250
1868 92
992 1381
1361 342
539 225
1005 214
1239 937
639 1689
1475 536
913 975
1520 1361
799 1470
1854 5
1122 1658
186 1536
719 1150
24 329
671 875
1802 1207
1442 978
836 444
750 141
1185 1845
1006 585
404 1617
1172 322
25 1212
1258 994
186 875
831 129
1333 1098
767 1773
138 61
767 468
178 763
415 983
1319 1171
801 692
1188 236
702 877
126 430
27 767
1030 988
252 1155
200 34
1314 945
5 1263
1538 628
1756 861
1472 1390
1156 324
905 103
829 800
1304 1416
165 769
1460 547
1213 1466
1121 440
665 1131
79 31
1549 72
924 195
1692 635
545 1311
914 414
1829 423
307 1133
1628 1595
1052 375
193 1195
1012 917
1509 1727
1107 1814
1869 677
9 45
1268 153
1389 1686
884 162
1311 249
1551 1527
952 387
245 366
511 7
592 137
58 276
647 241
1424 1701
1136 620
224 1431
571 1054
1875 20
1284 686
1563 1751
1707 1264
81 146
660 1412
523 747
869 1139
646 1699
1504 1523
1464 1730
1143 903
203 1429
680 370
555 160
1343 234
115 318
1481 1084
828 1101
889 38
180 1578
1040 329
1690 726
1817 1048
653 213
583 1471
100 1845
1311 109
749 883
1065 1683
1630 254
900 833
1275 508
653 442
47 995
1037 1375
390 688
201 299
406 1835
48 1233
1865 946
289 1644
38 895
1855 1472
1005 1023
1353 1399
1865 700
1219 459
1112 929
172 926
1128 623
385 223
213 1385
25 982
1335 1422
1730 1479
1862 724
416 809
1455 1886
1079 1710
1771 77
1718 287
1234 1296
1282 1348
1846 415
260 1501
262 1571
739 1542
386 414
18 1042
45 656
946 62
617 1130
173 1562
1764 29
1634 658
1607 1550
833 757
120 68
354 706
1652 1388
1063 1802
1005 369
1794 21
964 216
1044 997
146 922
1810 472
1047 292
1121 870
395 1462
1684 1183
1092 1590
1067 961
1008 210
1362 1644
1651 1520
1475 1354
619 489
1672 967
1733 1355
417 998
1799 956
233 1047
661 495
494 1369
1019 1490
926 389
126 661
303 908
960 1142
99 1598
208 1670
1172 456
666 1598
1252 495
400 924
1328 1723
342 1497
539 804
722 479
193 1878
1003 1468
1212 46
328 1129
802 1367
1549 750
