0 1537
1748 149
3 1555
4 964
1746 1392
5 1647
6 1133
1743 245
8 220
1742 1714
9 714
1741 841
11 1486
1739 1710
12 343
13 294
1737 1264
14 904
15 1646
1735 684
178 11
1375 1621
228 868
429 1320
1477 26
440 43
479 671
1215 53
1731 218
1625 92
1 56
2 787
1749 793
1747 153
7 1610
10 613
1740 711
16 473
1572 286
1044 227
994 956
1458 67
696 935
1516 751
835 687
1066 454
624 1590
81 630
1585 892
627 1388
1745 877
1738 72
17 1144
1717 978
288 1492
1274 829
1596 1259
1198 1000
62 686
1254 1367
1553 1297
1603 942
140 866
1143 791
1024 1531
1744 1282
566 1325
1068 859
1217 1049
1408 1655
61 917
259 858
1151 519
1591 1533
541 256
103 1149
1231 737
18 1028
1098 1697
435 517
222 1731
186 508
1128 610
1255 886
465 1499
331 34
1355 1548
651 347
1302 655
538 1452
1187 1298
1298 1387
731 369
19 1383
20 449
195 115
1671 1386
1256 314
477 763
513 1689
1091 80
689 1018
1449 1745
22 940
711 1206
1205 1456
591 1313
94 1309
86 1547
21 1226
106 1627
310 1294
724 1339
1346 394
281 1369
1061 670
1322 919
690 1337
107 1542
460 481
374 22
121 1131
434 302
1094 247
23 262
370 444
589 805
356 1351
968 1188
988 855
796 349
1339 1286
24 1061
1670 909
1097 748
264 1667
1694 821
219 647
1684 558
1306 1515
623 696
25 374
279 2
897 91
359 416
779 1628
584 252
1392 1167
1174 1265
753 1333
958 1272
567 10
1455 1624
752 930
528 1003
26 1603
826 1577
1648 616
130 1241
421 1505
27 226
1479 1035
933 49
1554 201
1568 1296
1363 1328
1155 200
781 127
1102 988
1237 605
344 467
36 1711
1650 1180
600 1722
705 110
457 1208
706 1439
636 1423
799 511
1145 1087
28 274
29 515
1499 723
1175 552
369 464
422 1037
509 1266
1045 693
1414 1494
1537 1540
95 1056
980 996
1159 304
1608 547
30 32
898 15
878 832
1617 812
1236 450
1239 135
824 781
1611 193
31 949
1132 361
1171 1475
1413 1111
49 614
784 1682
668 1247
32 1529
291 1662
76 566
155 1616
129 826
1177 1290
474 1565
912 1719
574 214
1111 1253
1071 1474
576 1143
448 391
644 1160
1713 1528
1586 1451
33 291
43 658
698 1378
244 233
1131 1268
69 1687
1008 161
124 1729
1491 1468
1009 1344
34 809
881 1567
469 470
167 1064
1734 1384
407 1260
1618 1059
1001 1357
1252 1020
35 577
539 1330
1161 1225
253 1436
341 1511
851 1377
747 196
1092 1011
930 41
920 1509
1715 669
1510 168
53 777
91 679
557 800
1210 1739
135 1681
1511 1124
199 324
1619 993
1517 242
144 390
777 1097
762 1523
37 617
431 490
1325 1630
364 13
423 249
54 637
1427 1641
38 736
1641 796
1297 57
1627 1653
628 851
1574 638
198 1576
650 878
765 1626
230 1088
951 924
395 1680
785 1694
648 1491
783 995
163 47
173 1434
1371 1132
1323 902
722 1659
316 1445
1599 266
902 493
40 373
1005 113
1025 351
488 622
1315 284
250 1740
41 66
209 806
1136 963
512 1679
805 1584
978 119
1268 1368
1113 0
408 521
175 544
42 918
911 657
909 1484
1023 1156
996 20
1387 145
201 1485
520 740
122 528
354 778
764 635
238 1479
39 910
1320 546
552 1194
1672 1338
608 365
1284 1708
1575 189
1073 1408
957 1619
797 1171
266 387
44 1575
45 55
1561 501
1639 1174
1053 1086
82 118
47 958
60 282
794 1231
1250 492
1454 1237
893 1390
1189 861
319 727
1352 422
46 1557
191 1744
876 1578
236 331
467 221
1486 1067
1157 1027
330 1471
1588 448
1060 36
210 767
376 1585
1541 1106
223 823
301 681
1089 970
1686 989
565 1512
98 1428
48 894
120 410
1182 358
1703 561
1573 957
1562 618
1316 305
594 272
1725 621
50 1730
1655 1493
1096 106
631 1683
727 1119
692 982
179 749
336 327
1259 1411
1543 678
1405 5
587 1104
1664 1211
1021 159
605 1640
1442 1425
52 460
853 1376
1690 865
1406 1464
1069 1327
1598 900
1651 1466
200 923
1126 1218
1476 1556
548 88
51 397
405 1307
1195 1120
1333 417
172 1246
629 937
246 1121
840 1062
1666 103
156 572
699 1099
307 24
550 653
688 1151
1386 1010
207 312
1465 604
718 1129
1660 1070
1230 1349
55 1107
208 543
1344 1238
938 1322
193 289
1497 857
1225 184
1283 1514
1399 74
646 1669
669 1085
323 1013
471 685
57 1703
997 141
742 873
817 1650
1450 338
185 38
656 913
1463 1038
287 379
946 531
56 1312
58 1065
1711 1649
1481 1414
1712 548
393 1601
634 363
521 650
1434 93
1141 1398
1354 1331
1359 1352
1326 512
87 1146
1440 1652
1152 692
233 1223
905 465
1328 893
1084 1673
59 1109
1622 1469
964 366
1329 872
892 1457
842 25
1441 405
248 1532
867 1161
478 279
386 931
728 1654
1043 1004
767 1573
926 870
932 1136
1437 197
426 1015
719 437
861 84
754 42
1258 1394
1404 1250
455 789
138 570
1583 946
642 1256
273 154
363 1334
635 1315
116 967
63 596
377 579
237 1516
176 1213
798 477
183 776
150 1665
640 326
710 1158
64 820
1578 1355
214 1636
461 1695
378 389
929 747
1163 345
901 1192
360 1691
65 1412
251 148
1438 395
572 443
1033 1566
66 827
1286 1430
883 939
309 1684
532 1481
745 447
462 1066
1196 1204
1422 472
1335 557
1645 399
67 125
780 406
953 1564
730 1455
497 1279
320 664
83 337
269 921
399 1648
603 1438
442 571
1451 494
1160 534
680 1554
1602 1664
1484 1700
68 597
334 377
1290 527
1425 792
1461 915
841 1747
70 862
1466 770
1310 1116
71 1720
290 469
162 847
164 1676
1653 195
470 136
72 137
709 1098
962 190
686 632
691 901
1549 1117
549 1222
73 1379
542 912
665 775
990 971
1539 1502
811 1562
74 1147
480 396
708 317
317 1258
1153 954
1692 46
1722 738
914 1353
390 599
339 1186
298 504
1411 1500
1058 436
1615 903
535 468
547 1137
75 1735
239 1692
1665 403
1206 934
1223 250
1708 1488
896 356
1330 1195
1609 1506
1520 287
1124 1184
1314 1605
1138 702
335 779
869 160
1706 799
1628 503
1558 1450
1146 656
491 744
1327 1240
879 928
77 1336
79 746
663 808
1519 1007
1563 407
297 607
78 186
196 677
1685 1427
654 114
1107 1530
830 1274
522 1221
931 860
424 863
832 509
910 1402
998 699
1656 1068
275 914
776 626
295 414
1168 1207
1082 1677
863 1040
803 540
818 265
80 636
503 179
515 1465
1065 1609
786 480
1108 1009
387 973
924 367
615 1706
970 1612
1636 263
723 1033
485 1287
314 941
1224 1089
1267 1666
85 1623
1243 208
1403 1255
177 1674
1212 1234
99 1595
160 1570
263 667
84 908
889 268
1379 1196
1260 824
392 518
943 715
1264 587
1443 1217
410 296
267 1101
397 178
88 1437
365 628
89 23
1194 745
286 78
1710 1280
873 244
90 994
1262 619
1698 1112
679 1
306 1364
1104 1046
595 381
516 1459
568 1023
1607 77
159 1441
174 750
1279 1348
433 1130
154 1743
1612 1045
148 884
1688 739
672 565
697 1058
1109 1324
1202 52
1116 1574
1232 1172
152 716
92 539
510 526
258 500
1190 985
847 1638
966 760
736 545
1032 672
1269 537
350 1190
518 63
1280 810
1079 972
1304 166
670 385
437 452
675 116
836 1092
991 568
1642 654
1600 530
954 634
1488 828
1436 1236
93 315
756 1449
1112 700
136 1418
96 1002
660 783
454 848
999 835
1303 69
974 155
1460 1433
1324 1593
380 968
740 353
1296 459
1080 152
97 701
1150 283
372 722
1362 1637
285 1041
858 1701
766 721
1209 1199
517 683
325 1563
1683 1360
1350 662
1081 175
472 1095
1118 1019
101 411
544 510
975 1620
1110 1524
1498 840
875 890
570 273
100 845
102 1025
406 830
304 1135
1695 856
1184 111
133 1400
771 1182
202 1005
849 1075
940 758
1547 1281
1647 478
146 1444
104 706
346 86
562 1093
333 1179
1050 879
884 948
105 676
1644 1551
1446 983
1658 898
1697 1043
361 947
717 962
1523 1340
1503 485
1026 1257
1593 210
486 35
127 307
243 762
1616 21
147 1406
450 651
1115 222
1334 1696
1675 1742
657 836
1418 1185
1277 1244
683 1267
1542 1501
944 413
108 95
1579 120
816 1252
857 585
556 1645
449 1278
734 724
1176 1611
109 1699
110 818
211 661
844 652
1253 1568
427 1521
1444 64
111 150
739 1362
1633 1303
1248 1668
1211 533
112 209
1343 251
1199 1031
806 887
888 1289
707 16
1534 1453
1721 1716
1457 1288
995 1473
388 1522
302 1698
1191 105
1358 646
113 532
114 60
188 1187
1580 867
1011 39
1022 140
1613 1198
115 1726
952 1292
1592 1371
1213 133
1183 1380
1087 999
265 1606
1569 1326
305 336
703 1006
322 1375
490 1370
368 666
674 803
925 1678
1285 1024
226 499
773 697
296 765
637 1365
1632 668
782 907
118 281
119 434
1342 313
170 278
117 1395
1509 1304
382 17
1723 1538
278 567
221 1435
819 1458
823 1675
960 1725
315 300
1496 180
1014 1122
934 814
507 911
169 100
123 1202
921 1321
452 581
1227 322
1652 89
1624 290
1123 269
1581 880
814 146
750 1072
1072 1071
125 1261
1245 211
1412 484
292 1096
126 1311
1500 598
391 1285
257 952
466 1271
977 173
1483 1123
1144 564
1478 372
280 790
128 71
1620 691
1218 1115
1221 1413
300 560
1382 191
561 794
1464 659
791 217
1452 132
1724 1209
1158 992
1474 1373
464 1732
332 853
694 491
1103 554
891 1579
1020 205
338 280
402 1746
189 429
131 488
597 418
1410 756
400 40
599 627
463 402
1555 54
1361 451
132 771
1487 109
1732 445
1709 254
1292 590
638 1519
973 112
1336 1215
1424 649
1070 1216
1395 1042
585 734
1701 612
321 1214
808 811
1185 457
1149 131
1214 502
398 1181
1365 709
1590 569
1663 834
846 1026
134 1155
1383 1686
956 87
217 922
241 104
1074 388
659 187
1407 1580
262 595
1623 951
666 769
1208 288
1433 690
139 1343
1349 1335
1428 600
677 1094
775 1021
815 609
704 864
837 976
1241 9
985 991
789 83
592 1734
1531 680
1192 933
831 1442
1078 428
141 743
403 849
1594 936
1019 1589
658 362
682 355
137 1713
700 27
1039 495
1514 588
880 1091
890 463
256 177
1122 174
358 1462
1368 398
1233 1079
143 75
145 45
355 375
1307 1230
313 359
573 204
396 325
804 435
289 1084
981 754
1007 1284
142 1546
1646 1300
586 344
972 423
1353 1022
1164 1495
649 764
487 843
1518 1596
1135 181
942 94
563 780
1445 881
1565 1385
411 1200
807 431
149 1074
1203 1359
802 541
1272 1254
1002 1126
444 1404
519 1549
1669 203
445 96
639 1030
505 1741
606 1275
268 698
282 1635
1275 524
417 479
476 421
1638 309
151 1001
1076 675
653 822
415 143
907 773
1595 59
1331 259
1679 352
560 871
153 733
916 798
1630 76
1064 430
1357 1076
1295 1125
602 663
1165 277
1447 732
833 1661
157 461
714 876
1614 525
158 426
1705 960
1388 1503
1055 376
871 276
459 757
967 1183
1040 1063
979 1629
1364 1594
1378 1480
161 230
1507 1582
906 223
687 1693
1401 321
681 441
877 303
1249 1232
725 852
212 674
948 1560
1423 306
347 1417
1289 797
759 673
165 31
343 562
848 713
166 1487
1036 1498
345 432
855 124
414 1403
499 1345
1532 1053
404 1581
168 1715
1048 151
1501 232
1140 1128
1429 833
272 267
443 1443
633 412
1265 424
923 759
1162 1212
1571 1366
546 788
1106 594
1031 975
787 1389
860 121
171 505
850 1544
412 1152
1179 593
1470 1347
1235 1604
1142 257
1017 1736
735 1201
1046 516
947 977
607 183
1216 574
328 1543
1536 1660
1597 371
1222 1504
1577 1672
894 1189
482 228
409 7
1041 816
580 98
612 785
1439 1175
577 1341
770 1422
1468 340
1567 229
1680 1597
1489 438
1654 660
899 1527
936 1235
983 6
1000 694
1426 708
181 1507
886 1227
598 955
667 311
872 1541
829 1159
540 29
180 1177
1515 932
792 1396
327 786
312 171
1475 536
294 1157
453 1310
184 156
274 368
795 1416
1430 1513
647 102
182 938
261 1463
526 689
1226 555
373 784
187 346
543 1545
1154 165
895 648
626 986
1276 707
436 1263
1351 126
247 409
812 206
456 1431
928 486
190 1424
553 1166
192 1448
1492 920
904 1291
1105 1724
353 393
1288 730
1687 925
813 37
308 1447
194 1118
695 442
918 583
432 945
1301 107
197 246
1462 1083
720 705
235 987
420 1069
1309 1139
1016 19
1482 215
1147 1078
1167 1113
1054 360
419 213
1273 752
529 1571
1015 466
1240 1034
1062 817
203 874
733 1295
1689 489
760 563
1467 802
984 33
204 1233
205 1077
206 258
1219 1399
1282 1145
1037 1090
1095 1162
1493 640
955 1749
601 357
664 1657
324 1572
224 1477
993 1625
757 1239
617 813
458 427
1693 475
1251 240
1448 28
1370 556
1559 1552
1704 1517
213 589
1728 1012
545 1269
1012 316
1059 1644
468 615
1287 85
865 1148
1601 1205
215 1055
1188 984
937 1454
788 1460
216 1483
843 550
737 1651
1494 710
583 415
1120 882
1170 182
500 1105
1244 889
1610 292
1421 1008
218 1642
220 553
1544 1688
852 703
950 383
1394 625
270 1391
821 825
1180 966
652 370
1396 1262
225 329
276 68
1668 380
619 1138
430 1197
870 1518
536 147
227 804
1718 320
475 1170
413 1539
260 1658
1299 1319
229 1559
283 1690
438 774
1435 1100
1156 1301
828 293
578 538
1720 382
1083 980
231 838
232 342
481 1178
630 1014
1525 1308
1385 807
1409 419
1432 420
1139 341
234 1276
809 1169
1030 61
864 717
418 1358
1696 433
1485 1420
874 1029
1367 1048
838 1632
611 224
394 1482
625 1467
240 875
242 270
729 1316
1077 400
801 392
534 1219
1341 301
919 1407
1207 1613
1691 378
992 961
245 1191
1063 514
900 1314
1042 1073
1347 741
379 404
1134 1142
982 927
778 164
1393 1273
1356 1618
249 1534
1527 573
769 1114
1714 644
511 1602
496 271
1526 761
362 819
1311 602
1629 883
1338 185
1402 1165
1471 891
252 639
254 839
1506 1082
525 1685
1056 12
255 1363
504 79
554 1472
1522 559
385 142
1193 1426
501 551
284 471
1535 950
1719 580
1513 1476
1010 535
1114 969
533 1318
1566 248
1380 1293
1057 348
1508 440
1169 298
271 906
761 1060
1521 1670
1088 1748
342 1323
885 487
277 1203
913 611
1049 117
575 606
987 1153
1086 319
1682 1401
1220 782
1727 1496
1397 1583
1657 608
1313 1717
882 333
1369 453
1649 1245
367 719
1173 1110
299 620
941 506
494 1490
293 959
1391 603
1659 753
1093 1163
531 170
748 1016
1270 97
1067 831
676 138
903 1168
551 1440
1317 897
741 1470
357 1489
1389 167
715 1150
1716 1615
1293 522
1415 1478
1246 844
524 645
1667 253
571 682
685 73
1495 1140
1626 631
758 837
1200 44
1637 1561
746 1520
1294 476
713 944
1234 896
1312 575
1204 974
1129 474
1201 234
495 1102
1004 219
721 123
1564 207
303 576
866 846
1707 529
1318 1712
1278 65
825 1409
1398 236
922 1421
1013 139
1733 766
1006 1536
416 712
834 1631
684 30
1640 965
701 1598
311 99
381 643
1018 1374
1661 225
915 1305
1321 1600
751 1050
483 981
1681 122
743 458
1381 194
1229 1057
1453 275
1456 1705
523 943
558 815
976 456
1137 1108
318 549
613 408
1238 633
1677 238
1121 169
1052 1558
643 188
610 241
1319 578
673 1497
425 1052
1431 1361
326 801
772 1032
596 1210
1459 425
768 297
375 997
1390 1446
329 198
616 51
693 895
969 742
1548 998
1166 1550
1473 507
389 1141
559 731
859 1727
337 542
793 1663
473 1047
1605 237
641 90
1376 842
340 641
827 1382
1550 70
1551 1224
579 735
961 498
845 162
348 869
349 1617
1038 235
1729 1080
1337 212
755 14
351 582
527 728
352 665
744 1622
1291 1415
1582 439
971 1704
1281 1081
590 1270
1360 202
1186 264
1101 318
1034 1656
1505 1229
1587 1354
383 979
1726 334
366 1242
1730 1634
1557 157
1384 1051
439 308
1263 8
949 18
1127 523
908 62
588 1709
371 1350
749 1342
986 1733
1700 718
514 255
839 386
441 642
945 1372
581 1525
569 496
384 629
1125 482
738 1302
887 704
716 108
1635 354
1003 101
1673 520
555 1553
712 483
1099 128
1504 1633
1027 134
401 1535
620 299
963 1317
1631 1718
1524 1419
662 1599
428 231
1133 364
1540 624
678 1249
702 1429
1546 1588
1308 1737
1257 455
530 1277
492 1608
1606 726
1117 1569
1373 885
661 243
446 497
1197 323
447 623
1242 192
1545 1723
451 905
645 586
671 725
1662 144
1533 199
1634 1054
868 1039
1417 285
927 1728
822 4
854 1134
1556 1381
1560 446
989 1329
1538 1243
856 1306
1529 1614
582 929
484 82
1674 916
1340 260
1530 332
1172 1738
1366 768
1678 1707
489 462
1374 1299
1090 1283
493 953
1589 1607
498 1393
965 1154
655 1461
502 1017
1736 1410
506 330
508 601
1035 1510
1051 1405
1552 350
1469 899
1181 48
1528 1228
1512 384
618 1332
1420 130
1075 172
621 592
1377 216
1400 926
564 584
935 1508
537 1176
609 1173
1266 888
614 990
1100 1248
1490 1643
862 339
1305 163
1148 1397
1604 1592
1472 854
593 129
939 1356
1332 261
604 50
726 513
1178 328
622 795
1130 176
1261 1587
1416 239
632 1702
800 1044
1372 1639
1570 3
1576 58
1584 158
1345 695
1119 335
1699 688
1676 1251
810 1721
1271 729
1419 1220
1029 310
763 1586
1480 1103
732 755
1047 1591
1621 81
917 295
774 1346
1085 1671
790 720
820 1127
1300 850
1643 591
959 401
1502 1164
1348 1036
1702 1432
1247 1193
1228 1526
1028 772
