0 1164
2 1260
3 1315
4 458
5 1112
1895 1666
6 723
1894 964
7 1243
1893 1391
1892 1368
1891 1489
10 1028
374 1159
1640 25
67 803
620 919
1345 927
710 762
1266 602
1594 1797
108 843
1 276
1899 963
1898 1697
1896 1396
8 1762
9 1801
1014 1864
885 647
455 1474
1871 328
1790 1115
1701 1648
11 114
12 642
1717 10
1407 1298
168 1517
1170 1014
1286 1433
1008 1559
1712 1803
919 1133
783 1683
1290 1847
1085 342
845 711
920 1343
1897 1240
13 988
14 440
1098 1881
837 1223
1839 1431
896 1279
1026 1324
1137 599
1614 212
1089 1238
367 736
1326 429
1445 1265
909 952
341 355
252 805
1167 300
15 833
106 1835
1289 21
364 1092
1476 120
746 1742
780 155
671 41
16 693
690 523
256 1385
1788 570
92 582
17 1690
376 1397
69 383
1661 56
1523 177
701 1317
1513 669
233 289
356 568
1150 991
1779 403
570 1843
18 1153
19 1185
344 643
865 1634
1410 1047
755 503
1027 860
1855 614
650 1031
1618 897
532 1607
526 1400
21 1191
838 1796
1546 1842
1687 633
546 1005
22 461
1223 96
1503 668
942 1167
448 922
827 902
841 414
1073 666
1436 225
20 362
23 1209
1079 1811
1054 1528
1760 111
1398 867
1237 665
24 475
1499 51
923 866
826 1608
1652 309
1669 1583
1683 169
431 1036
752 555
76 1120
1768 1007
519 171
1181 921
1654 159
1883 59
1852 559
814 1461
25 1158
939 850
562 1556
1327 1412
271 269
758 322
134 630
291 268
1781 1716
1889 909
1347 214
427 1663
331 522
84 249
1316 304
28 670
1856 772
709 974
1775 1061
1533 1603
1667 1520
1558 1095
26 1414
27 684
1866 836
1295 1819
1091 1271
1309 1731
1531 727
541 907
354 1105
29 16
954 1858
775 1598
1759 108
1846 1730
30 905
617 807
1415 960
784 23
96 1292
31 962
32 402
459 1312
57 151
148 133
1522 257
952 479
33 47
624 1168
1320 1446
1655 636
387 144
34 547
1641 1086
906 1561
281 823
161 430
297 13
1453 1192
450 1577
641 12
35 1542
421 472
666 1044
911 733
36 1492
212 1706
652 1615
1795 1498
37 84
1805 1515
272 977
1887 341
728 1794
719 93
1044 1081
258 1395
819 526
1505 1746
316 1355
1278 981
38 688
39 949
1036 730
683 1668
1725 758
305 831
917 569
40 1253
1828 1490
1241 717
566 841
1412 382
696 1567
1107 1359
1439 1374
41 501
308 611
1462 1447
42 979
1854 1002
70 1723
351 1234
174 605
298 1712
505 651
89 1079
262 1720
1440 305
312 1871
766 1880
1584 1139
227 1493
633 1857
349 973
43 856
44 1754
1716 1295
833 1145
470 1637
45 428
162 1268
409 769
268 883
1823 1326
105 251
392 1773
46 1625
1379 1111
346 1825
630 1824
834 500
213 32
47 1042
866 466
928 679
420 463
1122 686
1138 431
48 1652
768 259
592 265
1662 1049
894 1839
1516 183
187 1065
1530 740
1366 947
310 1718
1363 274
554 855
484 140
1508 339
49 46
50 822
1544 593
191 710
997 1780
463 1423
1348 1626
1617 205
1858 1316
1766 1800
1517 615
1642 1109
1007 1836
805 198
51 846
52 285
612 91
940 83
133 1218
264 652
53 312
1380 50
150 573
740 1325
458 1236
795 349
957 401
1873 583
1886 1193
229 1129
548 1895
1695 1574
466 1793
54 863
1358 1494
598 1100
1682 698
801 416
1518 746
55 1393
56 1233
739 1480
1732 154
874 317
1029 1822
1058 374
1870 1048
1423 967
1055 150
1424 1776
117 824
1258 1586
1704 1198
125 1020
1304 76
522 185
1040 345
1429 514
1703 858
58 67
59 170
93 327
595 1226
1171 1125
156 889
1022 816
246 581
228 1669
395 928
1272 1353
61 675
1200 89
429 278
1692 1770
1361 1641
1367 1383
62 538
102 1500
1396 1702
1284 1003
60 809
63 519
253 1241
1656 188
508 1099
1323 75
1433 798
1636 641
1842 1734
64 1471
186 1715
247 1593
809 1878
948 560
1416 644
65 1152
574 250
1408 1357
1081 480
1496 179
993 53
724 571
66 1270
1062 1717
551 1066
1876 1276
790 1455
803 550
1023 1059
1475 1336
1480 1057
1735 1323
68 1733
419 587
1236 1831
1339 1496
1204 0
1337 408
589 1080
98 216
1196 467
236 1437
732 163
240 625
1807 1709
605 432
1853 689
1372 1506
1849 344
71 1838
1303 1390
523 700
1727 789
1069 331
72 371
1509 1540
1116 1208
1770 1533
771 129
900 1695
1785 498
73 1738
990 1581
377 213
1276 704
1814 363
996 1333
1113 1656
494 1432
413 1289
877 243
372 45
128 35
1336 1456
75 1872
1409 1682
1838 103
1711 1670
1030 1477
1547 134
74 654
77 827
1099 1781
1521 1837
347 690
78 1509
275 691
967 1069
330 1084
1285 672
1092 1309
1820 1511
883 994
915 1225
1071 515
79 459
80 936
194 252
1763 1375
984 926
543 1352
1075 1094
81 1296
478 80
779 1513
254 701
1318 776
889 1178
417 1863
970 1068
1331 1866
1261 334
1845 1505
83 541
1114 361
1848 920
658 1388
1264 73
1215 941
333 755
763 1789
82 1235
727 1576
1357 725
1719 29
1502 1182
1175 1173
1681 705
1832 1186
835 369
1579 286
1605 520
267 1406
1705 1518
85 1082
138 891
1388 1612
608 760
1009 567
242 173
1771 1246
1103 1006
86 695
87 152
88 153
1097 530
693 731
1283 564
1663 535
1145 623
1678 1698
1013 77
320 1535
802 422
279 354
1867 656
1184 1051
665 1882
90 946
1520 1420
1015 1032
315 64
1076 995
703 1073
930 871
112 396
1630 284
91 1557
660 604
1305 1102
1111 200
769 224
1769 1510
1812 1448
564 1889
189 673
485 1548
568 410
1152 1522
1018 1484
408 48
94 1763
615 1177
406 497
507 1297
475 1642
95 1482
713 149
599 525
1192 1523
159 1704
1302 694
1553 433
642 1328
720 1251
184 814
1568 68
1012 138
426 174
1220 412
1387 1275
708 1284
1417 872
97 661
1743 1507
326 853
1490 1201
1183 1245
607 117
643 1425
1426 702
99 1348
447 1585
100 248
1082 1344
1377 391
556 1027
101 738
216 1677
1422 1127
123 903
1674 1249
250 262
332 1418
103 1056
160 1724
1105 1667
294 558
1072 778
1102 572
1119 813
442 894
1121 1749
553 1644
104 1429
214 306
1657 1386
1066 97
153 1654
300 1711
107 1550
1624 561
918 1290
980 1821
1786 375
109 1630
190 43
1478 1560
1353 788
1680 864
110 931
843 1347
215 99
956 438
530 1708
799 591
1172 549
111 787
307 28
462 1097
350 1468
1218 1673
540 338
1782 1558
1463 574
520 935
1830 204
1392 1175
1209 1532
1512 898
113 512
114 1701
1132 1740
528 992
285 1335
461 610
1033 332
656 618
144 1107
684 411
1809 1686
1863 1512
115 865
116 357
457 373
1341 266
1216 1278
1570 1788
1609 1555
157 1230
152 1103
278 1444
1612 273
681 295
1177 137
1659 728
961 1408
1330 879
1498 1674
118 1741
119 60
386 36
891 491
1047 1090
1090 1848
1604 1472
120 1040
921 627
1525 585
324 1123
121 1277
1273 1685
1549 777
1006 944
791 544
1133 1752
122 1384
1001 113
1108 715
451 1266
473 607
1300 119
1271 473
1713 1566
949 748
525 1617
614 167
124 923
1620 419
340 1267
336 128
1221 1214
836 487
126 987
1460 263
1494 1160
468 1327
1435 1526
932 667
1384 30
912 1830
846 904
127 533
1629 494
206 877
129 1280
1391 483
348 379
1535 735
561 510
266 1417
130 1596
1024 308
131 493
1487 376
132 1172
698 517
259 834
1864 619
1359 724
158 896
1585 421
412 1242
388 1025
1188 57
645 1590
135 236
404 122
136 15
1815 1426
738 1016
303 230
1752 621
137 806
815 804
971 1356
639 1691
1025 1664
389 1332
590 496
1049 1459
139 645
403 1846
533 186
1601 324
140 1161
1470 1372
141 294
1690 1743
750 566
1166 676
289 1739
142 104
237 182
178 1569
143 1283
549 1659
596 1486
537 1565
1235 1157
205 1200
717 98
1486 441
649 1727
145 1661
146 578
1376 785
147 726
667 1729
1268 302
657 201
1245 1890
1862 1525
969 579
1551 1867
1829 297
422 1096
945 1117
616 65
211 106
280 768
994 434
582 1165
536 1594
777 336
1043 1331
1647 420
149 1237
557 802
514 1478
580 1841
1789 1176
756 1725
151 1286
1693 1504
1744 1227
1689 209
1115 1274
154 455
1485 210
1333 680
688 1203
1479 870
933 1658
155 1380
1394 1624
179 543
1232 378
438 175
1104 1293
1155 1894
182 148
1730 1798
692 1346
1180 1692
963 1377
1639 439
1016 993
610 1122
695 929
1262 1879
1541 1421
287 351
207 1101
414 609
503 1070
411 296
1088 282
166 1850
1645 1620
358 862
1625 932
1096 1502
722 628
1328 1083
1064 1255
1722 1252
1500 1362
960 545
1611 219
1109 1719
163 1440
164 1108
165 110
428 1744
1691 1210
1597 74
167 1745
261 281
1607 1826
606 532
968 1775
357 1373
1199 1154
1397 1530
169 492
534 783
1573 917
594 37
1738 1436
943 985
938 826
1355 1563
705 1403
1239 584
1257 1460
170 542
1117 1034
176 484
506 1411
965 195
171 1131
172 1599
443 1221
609 1291
559 193
1307 109
173 792
1301 1592
317 940
1217 147
712 1254
363 1039
1543 1700
1038 1635
180 1631
515 468
1291 737
1231 319
1757 976
175 589
1686 1627
1050 82
177 1207
1746 997
1208 215
822 899
1360 1572
1214 527
1349 1632
1465 102
792 191
736 384
1310 825
1147 659
1792 718
1144 1179
685 478
1063 425
1515 1759
844 546
181 460
183 1765
863 1299
486 107
1884 1156
847 893
675 759
1511 869
185 34
1473 1318
322 270
872 1553
1403 482
1313 1809
232 707
318 454
196 246
446 70
188 732
953 1823
500 22
371 1062
1374 233
1646 181
1338 1104
1821 1212
1267 199
855 17
1623 394
941 1893
1450 1024
1373 1606
192 1552
1324 908
193 116
479 751
492 1143
329 33
979 62
669 287
195 1854
905 435
1707 90
702 1000
1414 606
435 942
1548 1757
197 1453
1255 1035
379 446
1378 1392
773 1135
1340 753
198 26
200 1011
425 85
910 1605
1791 943
491 389
1580 404
1529 847
201 1767
1371 1163
676 1766
902 88
655 1247
1421 390
199 861
1824 1501
248 1407
202 516
203 1616
360 1772
1191 264
991 1250
1385 1549
464 945
204 1785
870 1868
1783 445
1638 685
1201 320
619 1055
848 1779
1796 521
538 81
476 548
1123 1445
621 1137
208 1211
209 829
210 1363
1032 649
572 1483
1094 135
1459 1322
1444 275
811 247
1591 292
691 1244
1708 875
733 1818
976 340
299 1595
1581 486
1010 1672
587 1760
366 1888
1637 857
290 1714
618 1098
218 734
647 1008
217 1689
489 1869
1198 1442
1441 852
999 596
1164 1545
219 810
220 1604
852 657
378 258
788 1402
1675 692
778 1650
221 978
222 301
853 398
1688 310
224 385
328 507
737 720
295 1693
1404 1660
1536 1424
223 868
225 1859
339 1413
1566 800
1627 5
950 1529
1432 1899
226 158
1588 1544
1776 638
495 1897
410 953
659 876
230 145
555 1619
231 1786
1080 207
916 9
1606 775
1159 597
1666 1371
884 1302
477 1844
1443 1647
1671 1205
234 722
565 586
441 1662
393 1649
887 231
235 1398
1677 1851
1653 1892
1100 131
369 112
342 1769
888 1151
311 1376
238 288
992 1259
977 488
239 1369
859 650
1125 1570
313 1300
1186 842
862 197
436 348
241 1422
742 1732
1468 793
679 1303
1665 562
243 983
1067 1601
244 1688
1095 92
1831 915
711 1114
1464 598
319 217
545 754
1694 998
1556 563
1888 1665
444 1531
1083 346
245 164
433 888
1860 849
1136 1886
1878 397
1484 1026
1197 1810
654 682
927 1687
490 1015
1149 696
249 1319
1635 1141
1319 392
439 1791
1590 78
986 671
1430 1089
1154 1023
251 658
677 184
1454 1575
575 388
1495 1329
653 1891
487 255
951 683
1457 631
255 1256
504 8
1564 709
1747 1013
1129 42
257 130
1051 878
380 1591
782 238
1672 938
418 1071
1297 1476
284 1213
1660 1126
260 415
578 835
858 1795
274 1004
1110 1588
415 335
1229 980
1270 873
1810 721
263 1600
1399 608
1633 1703
1458 260
265 600
995 1261
583 1301
723 1043
1178 228
375 1694
1126 890
584 972
1317 261
1664 820
1745 1074
1205 848
1728 1875
270 1124
1528 592
1534 1162
362 1272
1325 767
1041 1707
1078 613
269 1497
334 126
1446 1748
273 1573
1156 1610
1466 791
1419 1827
1501 55
465 1621
731 450
787 969
813 794
1332 1450
757 178
1724 955
383 1828
1060 1216
277 1571
1799 1058
1431 1050
989 951
1233 1584
864 226
751 1538
1077 69
1263 234
1381 386
1737 118
276 761
1383 799
1195 1067
282 1321
1837 1457
1684 1609
817 1342
283 1017
1742 253
706 142
603 1021
1242 1054
286 1536
1755 1365
714 1285
1019 901
1787 407
288 1146
800 1310
597 1726
816 1370
1803 1001
1569 1792
493 1579
812 719
1778 1799
1734 948
292 71
1176 1282
745 637
327 54
1173 125
335 1
981 11
1880 1394
576 1361
1084 1633
1131 1516
293 31
1615 629
1335 1184
1020 1628
1582 1206
296 1747
937 1467
1843 1458
1780 1188
400 1287
1840 1454
808 6
828 232
1715 326
1210 239
861 1231
1731 1834
301 1676
302 509
1576 395
1368 1320
496 784
1869 272
661 970
1405 577
1526 1132
304 986
807 1222
1477 595
760 406
1622 1196
1065 534
936 934
306 1401
796 537
767 72
1158 372
1101 1618
1706 634
1189 911
586 1862
1052 1174
1124 244
744 187
309 499
1370 166
1428 1190
1765 1465
481 782
1811 337
646 529
1086 557
1879 329
625 1106
1128 352
959 321
1234 766
314 471
511 1473
1563 1547
1772 1076
1212 594
345 105
1162 1671
670 744
1784 750
1571 1305
1277 456
1269 1169
1577 1721
1506 20
321 781
323 1337
842 818
1037 954
325 449
1230 551
626 895
1567 19
1773 881
480 1638
1005 52
1260 86
1447 1382
1413 427
1593 1149
857 1147
635 1527
1835 1113
1575 423
1595 884
602 1224
729 220
944 222
741 39
983 811
772 399
337 1435
338 900
1395 617
1800 1134
1321 490
704 267
1676 1790
907 1587
591 1750
824 168
343 1898
1586 885
972 161
1736 1077
1364 1639
1352 830
1472 481
1882 1817
352 1415
1493 1232
821 808
353 1354
879 162
1382 1499
1246 699
434 1629
699 1508
1296 616
550 1033
806 457
355 452
700 838
881 1653
359 1778
725 1258
1017 1815
1868 1144
397 240
1351 790
361 1705
781 1764
1334 495
1061 959
1504 453
830 1041
579 989
1552 681
365 1349
1859 40
524 1487
1519 1060
1365 124
1748 1199
581 588
1420 1756
1851 646
886 469
1202 552
373 912
368 24
370 1273
502 1651
890 189
1767 303
1227 442
474 1093
1438 999
1488 756
776 1010
840 930
749 1622
1143 708
482 280
430 531
1774 400
381 66
1467 1187
382 1539
1226 1195
975 982
531 1150
577 370
384 172
818 624
1696 1248
753 1294
1538 966
897 914
1631 712
601 743
385 1679
1456 1675
747 714
1425 283
895 505
1406 465
1491 1281
391 365
1329 364
390 536
1252 1722
394 1713
1390 1758
423 1643
1070 245
1248 1239
1265 293
1819 603
1756 812
1817 143
396 749
1881 1052
398 63
399 1338
922 961
401 745
629 61
402 1580
1298 165
558 1009
1299 797
1802 1064
1813 424
405 1119
1714 801
407 1777
673 444
850 575
1228 958
1670 713
797 1019
1386 1462
1292 1645
1287 299
1649 1389
1294 368
1847 316
1193 1812
1448 1449
1185 1699
1259 1307
416 477
924 1678
1583 413
1039 1443
1046 196
678 1404
1619 1288
904 1463
1562 1680
1668 1640
424 27
1561 918
1194 1537
1250 663
798 886
611 405
1877 290
539 1399
432 632
1279 377
982 1189
1481 418
437 1475
1857 101
1844 840
1833 1451
1163 1751
1644 1075
716 1306
1139 1452
440 1896
1281 100
1449 859
1699 1022
1011 752
1702 2
966 554
1343 1441
873 221
1418 635
445 965
651 1877
563 223
449 1183
1057 1304
839 313
898 1257
718 1217
452 333
1750 1358
1434 837
1389 1816
453 1551
454 1728
903 1360
674 747
1739 1845
1157 237
1034 1314
1554 786
820 1813
1673 1514
456 640
644 975
469 660
1471 291
460 1771
1346 506
1247 706
829 971
1559 1783
893 1215
1474 1782
632 330
1311 939
1777 677
1587 1110
1021 1439
962 639
1616 556
1306 956
471 1063
467 1180
472 1434
925 1045
1598 298
1542 476
1059 1012
1741 1860
947 1636
1253 360
1141 739
1411 874
510 1072
664 950
794 1479
785 160
1806 502
483 136
689 1887
726 1481
964 626
985 697
488 1091
1275 1181
1697 180
931 1853
1497 819
1238 773
1056 1787
1885 1030
1000 87
1679 1037
1028 664
497 58
1400 796
498 655
499 139
501 1564
973 880
1251 1427
1720 387
1723 854
542 1876
509 157
1003 764
774 1710
544 1428
512 1469
1545 132
513 1829
880 366
1797 957
552 674
1482 1582
1557 1381
1243 524
516 350
517 235
547 1330
585 202
1127 757
1161 528
518 1568
1168 612
622 1197
1148 229
521 1038
1658 1657
764 1611
527 910
715 1784
1621 1116
1733 539
529 1623
593 741
804 127
1762 774
567 44
1401 437
1142 190
793 1814
832 211
1651 1138
535 1735
1834 1419
1130 996
1560 307
1106 770
1437 1543
1249 1521
663 18
1836 1438
1451 1130
823 426
730 1378
1461 1578
987 1681
1628 121
1709 984
1140 839
1798 1884
770 94
759 115
560 653
849 1053
1207 95
1452 553
569 906
875 817
571 815
1048 742
721 1345
573 882
1532 254
1808 1220
1118 79
636 1491
1841 1865
1280 1118
604 1840
1179 141
1240 1696
1825 146
1685 1768
1510 1194
1527 462
1826 678
1442 1140
1402 347
588 311
1211 485
1818 851
998 1087
868 565
1793 1524
1865 1263
1190 7
1626 256
600 1562
1890 1614
1369 192
1282 1470
1599 176
1721 1228
935 1849
1764 359
1288 779
613 763
1356 1148
1169 1589
1507 323
1874 821
623 1204
789 380
627 356
628 203
1749 832
680 933
631 1873
1872 1166
694 795
634 367
1074 924
908 844
637 1262
638 1340
640 1334
1314 381
810 601
1427 1128
1004 1308
648 49
955 1269
762 1379
1315 1085
668 436
662 1136
754 156
1342 1142
1804 620
707 1264
1362 1485
672 1655
1322 1761
1165 518
1274 968
761 1202
1135 580
1610 703
1093 990
1550 1852
851 277
1174 443
876 1820
1045 218
682 241
1489 409
686 470
1087 1755
687 208
1827 590
958 828
878 4
1537 343
697 1046
1634 513
1068 194
734 1341
1572 1883
1244 393
882 242
1650 1870
735 916
748 314
1602 1804
1540 1313
1350 14
1483 716
988 1802
1224 279
743 1602
1710 511
1134 771
1153 315
765 451
1053 1736
854 1466
1344 1018
856 1495
1726 1646
786 1171
1794 576
1042 227
929 1350
1524 1416
1354 206
978 1229
926 1367
1206 1753
1600 1806
974 913
1758 1856
831 687
825 1339
1375 464
1740 1405
1632 417
860 271
869 1874
1700 765
867 1519
1219 1155
871 1774
1603 1088
1120 1387
1539 1541
1514 1861
892 1808
1574 447
1469 1366
1222 1488
1146 1597
899 622
901 1805
1151 1364
913 1078
946 508
1761 1855
914 504
1203 1534
1293 1832
1455 1311
934 123
1225 1613
1822 1170
1589 1029
1729 3
1002 1409
1213 892
1031 1219
1698 887
1608 1737
1160 1121
1035 1807
1492 937
1850 358
1718 729
1308 474
1643 1503
1112 38
1875 318
1565 1554
1578 780
1801 845
1182 540
1187 448
1393 1410
1592 648
1254 1684
1256 925
1312 1430
1861 1546
1751 1885
1754 489
1555 662
1596 1464
1613 325
1648 1351
1753 353
1816 1833
