0 370
5 162
1695 679
6 838
1691 1192
1690 52
143 1290
1612 136
209 1286
785 307
1 1432
2 409
3 368
4 1619
1698 1140
1697 283
9 715
1693 832
11 210
1566 1139
781 1613
853 1679
1079 366
7 1114
10 875
1694 1037
12 202
78 941
331 527
1312 493
439 727
1487 261
432 1557
1696 331
233 839
134 1133
367 1603
1470 1553
1269 231
8 413
433 593
275 1646
1342 851
1274 1473
904 1600
1383 1119
1607 348
691 1565
498 1318
14 1626
1554 961
102 1554
414 347
70 1016
1699 589
17 1257
502 1629
837 1145
1050 1372
319 1563
1364 399
617 1134
1225 99
153 1073
1197 1574
13 868
18 485
893 1224
1182 687
109 1294
738 1223
278 434
1340 1305
15 557
19 1051
22 1544
1474 359
1085 401
1573 279
111 1641
346 996
16 469
21 1276
1499 406
1324 854
256 656
164 1342
802 841
20 653
24 1487
1240 553
1498 65
586 131
771 315
60 483
25 901
709 830
1007 1335
783 1457
1459 518
505 1056
23 1492
291 1174
589 134
1217 59
997 1021
269 254
75 649
652 617
1157 801
26 1089
881 662
698 188
1209 724
376 919
355 1152
474 590
969 842
286 410
1687 1439
1473 333
1196 1075
466 1011
29 1363
30 1217
927 537
253 733
69 1322
27 47
28 768
31 408
1641 911
507 1095
625 569
402 1081
33 583
1295 1281
713 36
739 1628
957 165
438 982
958 203
392 1195
435 1191
34 1178
35 1052
1043 1027
557 552
1239 1669
749 1579
486 591
1351 396
1660 11
293 303
1151 1634
801 511
420 1507
1575 235
241 1674
1622 1062
1670 716
1003 1331
1533 1505
232 963
37 18
720 1338
521 420
36 1630
38 197
1181 263
966 1353
81 153
32 1334
39 1538
40 1605
949 243
1293 343
1048 1422
132 180
43 874
419 1413
671 689
1150 284
638 1407
284 181
44 1104
491 234
384 87
812 108
919 816
907 1535
1333 50
45 928
1327 377
1409 110
1546 1455
936 1060
641 804
42 1500
46 1237
49 314
1129 355
1465 1150
268 4
352 1524
41 686
47 190
571 856
1221 845
50 174
52 756
53 1265
1521 1545
482 1673
948 1315
972 402
1397 639
1375 1329
1294 1610
1201 3
48 390
51 570
1044 217
455 1697
1285 810
54 750
55 1028
56 1606
385 891
727 820
1184 1548
634 682
1345 149
1443 31
57 1568
279 690
1399 28
1564 1261
929 1131
654 353
1035 398
58 1165
195 1376
280 418
1099 936
310 1022
1437 1163
61 1611
107 1187
1413 864
1127 361
925 1527
59 1295
216 55
1272 1443
910 711
231 91
235 259
64 268
1416 73
283 595
768 952
706 427
510 897
67 421
1102 445
356 380
1108 680
66 332
480 367
110 813
62 1541
1162 700
921 1227
301 1219
704 72
1335 411
1451 1198
65 758
68 1164
71 1173
990 971
155 60
98 349
179 1382
63 1254
1326 1313
1649 140
351 1003
1098 1403
1411 1587
89 587
566 133
204 1298
887 717
655 1222
1169 109
73 510
76 352
1477 582
1466 383
1168 1239
74 79
77 973
91 486
375 1474
200 1304
944 1181
1322 205
72 788
79 1536
898 44
888 598
889 13
523 1251
80 1001
911 292
1429 806
408 416
996 157
197 51
1560 81
684 498
82 381
83 1398
1388 559
545 1543
1192 1190
157 358
84 892
85 1277
1389 719
381 1070
127 623
485 1105
528 1366
349 1502
522 791
287 519
1424 1447
1017 1503
1042 688
905 186
87 1690
403 369
536 172
1483 1339
104 675
1404 1287
1396 1687
1585 1522
1650 960
424 1653
1061 1180
242 741
660 148
335 1231
198 311
86 1310
88 861
915 712
1494 1038
1206 1033
1688 762
92 229
93 532
699 240
415 774
632 1068
1302 604
626 139
94 507
95 672
1045 1340
90 985
468 1216
96 1171
97 1267
404 714
1306 474
177 1461
1231 636
665 1635
1113 282
259 334
799 1467
103 1006
423 90
368 935
1260 597
1534 32
160 257
1179 704
1458 746
1277 475
154 1210
1586 694
520 833
448 863
170 211
1501 812
1066 1656
101 252
1669 155
896 1400
212 734
99 1650
642 944
1253 1657
105 799
210 953
780 1324
1380 1404
779 818
430 1032
731 977
1084 1049
846 1493
100 1170
106 958
797 1253
136 946
1625 1437
1637 392
187 1118
1015 382
1337 1000
897 1480
1330 645
593 200
1115 835
1563 1242
464 1515
788 342
112 523
858 1359
1441 1483
108 1158
113 374
495 1007
374 463
115 74
555 618
1080 786
1120 784
1471 1274
1652 783
114 1355
116 1551
1075 546
816 176
1212 164
1001 256
452 129
933 1262
118 335
288 1151
380 1127
1398 975
117 1101
1208 1199
1692 428
1588 1336
1207 602
119 1024
539 613
131 1314
790 1326
604 173
506 640
565 745
1511 924
1180 755
1019 356
240 739
123 452
1263 798
743 926
1373 297
120 473
1278 389
479 1383
1627 1088
148 1147
121 178
124 64
1448 285
1415 340
666 1106
122 1689
125 1055
126 1660
1446 843
436 1009
909 26
1578 621
128 1683
1475 646
1513 142
129 1291
161 1576
500 1497
759 1445
167 122
556 1575
526 1103
130 930
848 1126
1271 468
793 594
968 1385
1305 232
133 1179
1655 1303
938 1486
1405 759
729 764
137 1078
1552 668
616 1696
135 1076
217 732
139 323
737 1564
140 1250
398 25
208 857
138 1370
940 1573
299 1341
1135 1194
548 137
1562 872
144 1347
141 840
142 1397
1596 1434
145 456
1517 683
1203 96
325 752
499 869
1540 1031
1031 126
1464 1567
378 424
1081 808
891 879
395 1478
146 763
149 1273
1510 1368
883 1666
1237 1111
985 605
147 277
758 1566
152 1144
1163 572
150 77
151 1039
305 1430
1472 105
974 577
1273 116
1357 1639
1331 1356
677 1463
156 35
602 1354
484 132
681 159
1490 1120
979 1205
158 1369
542 778
817 218
1177 273
1248 329
869 1035
1512 1456
1161 16
928 981
238 301
1432 991
162 1598
236 17
618 708
608 913
431 1092
1419 491
776 330
258 846
995 893
1106 236
163 629
166 1555
1111 230
577 1681
1092 1423
1052 823
223 1358
165 1048
168 103
1141 1637
159 168
443 1512
509 57
357 324
219 1149
169 169
1543 697
954 934
347 737
560 827
172 1094
1215 415
1395 731
775 1454
1664 1330
1283 1499
550 450
244 726
757 1266
1354 1532
1014 787
1100 1160
840 548
171 49
175 994
176 196
1146 160
173 1182
358 1676
1030 1469
437 781
1005 1448
1298 68
635 30
987 299
955 757
174 967
1582 385
220 433
277 1452
515 360
178 439
180 248
606 1593
622 1082
1593 696
181 1429
371 1395
511 1263
307 1289
1053 1496
1482 1570
463 1612
183 384
1431 222
880 782
298 309
184 776
1096 517
588 1586
185 71
186 1093
1547 322
1545 310
407 1572
605 744
1139 917
182 614
189 1229
1229 1325
978 500
967 773
772 651
383 847
188 317
1515 939
1516 161
1164 925
1497 1100
1198 1518
1567 288
607 441
191 42
1408 970
716 291
192 1442
857 628
227 1132
1392 1098
1310 657
1321 904
1347 1184
449 1521
1587 1002
1453 1228
292 27
190 789
1557 1509
1581 667
196 912
459 887
782 676
193 760
1290 1259
194 247
744 834
906 1665
264 550
877 1142
359 1067
813 889
1057 855
1628 923
852 1054
492 264
201 1371
1376 501
1496 430
1343 795
199 1475
1060 1041
202 1466
1036 171
914 1346
1246 942
1241 900
476 1069
1455 1045
1142 1477
1144 1377
856 266
1520 120
572 836
1140 1293
274 652
547 596
1033 1602
702 1215
207 1620
937 1301
1258 829
205 815
1583 723
1006 1627
203 1063
722 156
825 1482
908 1599
327 1206
206 1099
544 100
211 1108
809 1157
1233 170
303 931
213 346
517 707
956 785
214 914
628 1614
1484 529
627 1431
711 461
1332 1249
290 907
1299 95
1361 280
636 870
215 141
478 1058
870 698
1325 1129
847 1275
689 220
339 489
1074 37
777 1136
221 968
900 848
218 206
222 207
1270 592
670 563
1204 375
224 135
429 1417
561 950
784 1470
1087 1558
805 992
226 918
1667 535
297 1243
688 1408
1645 1087
1486 1441
225 940
1528 403
1082 1240
1247 1373
639 545
1200 1225
230 837
1047 1525
285 873
540 566
229 339
1440 568
234 702
1358 1642
1616 1588
1056 423
377 1589
237 853
886 828
821 1582
692 1236
1334 1197
1378 1631
501 459
228 98
1387 281
296 1221
973 376
705 466
1316 1597
694 379
239 674
1011 199
344 414
1535 1414
1654 1351
302 504
243 275
245 1440
426 1306
970 354
687 306
262 1647
1059 703
477 80
871 215
247 193
1500 826
249 316
1574 1091
1491 305
1425 1540
1210 1226
703 1270
246 422
251 1201
340 1685
1460 705
1680 1421
1191 665
578 508
1591 1539
252 578
1476 1107
250 89
254 1172
1296 327
257 487
503 151
1371 484
248 540
255 41
260 1506
1183 1061
261 536
270 1381
513 1561
263 584
679 1233
265 444
1238 633
1653 1677
1598 520
267 560
644 821
276 295
795 1691
1393 7
1386 1168
1170 1537
1480 1520
824 76
1478 14
471 921
266 1384
271 1074
1185 296
1677 1401
472 685
272 1608
1307 1283
1286 245
273 78
669 811
1267 387
674 534
1676 228
1549 1121
1227 1248
1614 949
366 1090
281 677
695 1379
282 1109
1025 1528
730 521
715 632
1152 1207
740 554
1420 670
890 249
1083 1394
422 251
289 227
1454 63
575 1438
1281 1699
1002 969
1629 426
1070 144
1489 39
981 29
1434 318
322 1086
390 650
980 1
1262 1246
1503 499
623 654
1508 395
294 1533
769 154
388 516
832 993
533 221
1368 1485
923 1167
295 1682
1126 1621
447 455
1218 1670
1174 647
1450 505
1226 1450
300 819
1647 449
304 1659
1250 1343
770 1096
1009 1053
306 538
1417 850
1355 163
308 287
309 1302
1576 1357
1172 1595
1621 922
1130 1337
1597 34
1430 69
868 1419
411 0
311 213
1663 1153
598 710
313 1546
751 111
1402 533
1613 506
315 125
1603 1428
1235 1652
372 1389
316 1012
1256 515
317 867
318 1458
1254 860
1553 1451
314 1328
320 1498
673 966
651 1162
1219 1460
843 22
312 631
321 83
1449 620
942 947
323 344
1091 1516
440 250
645 502
1346 1426
1590 802
1643 1547
839 75
324 270
326 673
614 1596
952 1399
1529 906
1158 1513
653 1530
328 1609
1054 637
1195 198
1609 480
329 372
330 1692
1539 1663
1359 19
567 319
865 896
1068 1446
332 681
334 1166
1401 274
1308 514
1216 2
338 56
1131 1155
615 12
333 1622
337 138
845 195
1556 1036
672 1125
1132 865
1252 513
1266 565
336 278
341 1618
1506 549
690 1391
543 526
570 53
1114 1601
1391 1617
1008 1664
1426 807
365 512
894 1655
343 242
342 1230
1089 1415
348 471
820 225
733 1688
619 1282
345 458
945 1476
1423 885
441 899
833 326
1407 1348
350 179
1379 93
1317 1418
353 1130
469 1661
1651 1013
1428 194
1104 1175
354 260
1620 999
360 192
1095 1244
1292 528
361 1034
675 1465
1619 224
1640 1020
425 304
814 1299
362 1644
1010 1345
959 184
1631 822
364 1042
932 1549
1684 1272
1461 1317
363 983
631 21
370 1010
977 772
994 978
1592 1531
369 1146
855 588
1236 965
624 470
373 404
850 1332
1122 611
913 1196
1509 345
663 490
1624 539
1288 1154
1485 1128
1561 740
1370 1018
1329 1319
382 1392
1189 890
1456 130
387 1375
1165 1260
386 1015
1103 1514
379 1406
553 84
874 1396
1617 1079
391 233
583 692
393 626
1121 1649
394 638
792 531
396 1562
1039 1444
659 1071
409 551
1318 547
1577 1156
664 143
389 294
399 1161
697 624
1341 669
1153 988
397 1542
1186 92
1610 45
823 671
400 948
714 124
1116 1077
876 606
405 397
406 1362
401 86
953 150
810 1084
1138 255
962 1390
745 564
410 478
1418 1115
960 114
794 23
412 1638
421 571
442 1204
413 884
939 1189
418 351
1338 658
1319 1059
1666 1297
416 730
417 412
1502 1046
803 1311
1051 1247
649 308
1551 943
1571 1468
1027 216
1457 1110
724 980
789 118
918 1517
640 1183
427 66
428 362
1518 1484
822 378
1630 1284
1644 800
971 286
835 779
1526 1636
487 40
434 1040
643 1501
1422 748
841 771
754 648
1123 1643
1403 898
1257 1552
518 1323
444 293
815 664
1349 1420
481 765
1105 1080
446 525
1133 1640
445 1604
450 543
1635 894
1220 54
1199 567
1442 1268
451 877
453 858
941 43
901 986
1255 1577
473 1271
988 432
1276 1065
454 1309
984 1269
1232 10
457 1312
458 46
646 454
1064 239
461 1658
760 524
460 419
462 1378
603 1671
456 67
796 253
1668 859
975 492
859 655
1245 805
465 371
467 880
600 585
1656 997
648 363
532 104
470 1258
1381 1083
620 106
475 101
1672 793
1284 1651
657 609
1658 754
483 1255
1280 407
991 1025
554 634
1639 1241
1046 451
490 1581
1360 503
963 1352
1605 976
488 1344
493 530
629 1057
489 927
831 191
512 1137
494 1510
592 1583
1452 509
496 882
1072 341
1362 1047
497 338
1109 325
1249 1177
982 1667
686 1580
1601 496
912 448
551 1462
504 1350
993 1064
1580 24
1222 1393
1623 1333
516 1569
983 580
708 1550
752 1185
1012 866
508 1008
530 465
1071 603
748 107
1410 446
1062 573
514 738
650 1645
1537 1425
1678 1453
1382 1632
1117 1320
1646 393
1569 265
1313 488
519 1668
895 1672
524 1361
525 1117
1107 97
1268 1218
527 182
529 1280
531 699
599 1256
1024 1680
700 938
753 541
728 1491
885 581
1055 443
534 127
538 612
1223 391
537 1116
1481 916
863 974
541 467
1143 58
535 477
1156 1308
1438 562
630 1044
1076 146
903 1213
693 574
1682 824
601 425
899 208
741 1471
1353 814
546 388
549 619
685 920
934 955
1230 1014
552 1698
1214 720
827 775
1243 721
917 337
1049 1571
558 1504
559 495
1433 1678
1394 442
564 212
778 995
562 725
563 1594
587 743
568 678
569 766
961 1694
573 431
1213 373
574 1494
576 625
864 5
580 204
1097 336
579 365
581 1214
1544 276
1242 945
1040 238
582 1585
747 1122
1124 1238
584 271
585 1578
1309 85
590 70
609 429
1659 1526
591 695
1149 666
1086 290
1094 1023
594 1112
1365 1464
595 749
596 729
597 644
1323 796
1488 825
931 1590
1301 909
610 987
1504 119
1541 435
612 400
1065 417
611 929
613 908
992 258
1436 175
1188 289
1447 1316
750 1029
621 61
1173 1529
1037 979
1315 394
844 1113
633 1449
637 522
676 1424
1662 1141
1178 350
1020 237
726 223
862 1662
1686 937
1367 972
892 601
647 38
1000 713
1555 1307
1689 1625
1013 48
1412 751
998 600
1594 933
1058 616
1038 903
1400 660
1166 1410
1314 320
658 809
656 962
661 761
662 1523
1021 1409
710 1300
667 1066
1202 185
1289 701
1147 1427
976 895
668 1279
826 476
1492 561
1193 615
1073 684
1077 831
746 1232
678 1436
1558 1005
1548 1684
682 189
683 312
830 1220
854 622
1469 1490
680 888
834 659
1681 1388
873 272
696 954
701 246
1205 1235
1160 1481
1034 464
1311 300
707 1433
1536 852
786 1416
989 244
922 115
1524 226
1137 990
1530 642
712 481
725 555
718 1030
943 1615
1336 472
719 117
721 586
1366 1686
717 158
723 313
1606 1584
1356 167
1444 607
1224 123
1190 1489
1615 152
1026 183
732 405
734 1004
735 1472
736 219
1145 641
1674 462
742 722
1602 1288
807 1693
1657 951
964 479
1618 542
1369 1511
761 1193
756 1479
755 1072
1579 214
762 661
935 777
763 33
764 964
765 437
766 736
767 1208
1352 1592
1525 883
849 1519
773 902
1101 959
774 1211
1479 984
1297 209
1507 1085
791 742
787 1050
819 770
1514 956
798 267
1372 718
1303 187
1344 1365
920 1278
1661 128
800 1234
804 630
1505 747
806 1380
1572 794
808 20
811 321
1683 886
1155 82
1665 627
818 1560
1638 1364
829 1026
828 575
1559 1654
836 1402
838 610
842 998
1542 1202
1523 599
1119 1675
1067 1169
924 1143
851 62
1028 1607
860 663
861 792
867 915
866 9
1148 436
872 1616
1304 1327
1642 1176
1228 1296
875 844
879 1200
999 1203
882 113
926 438
878 453
884 1386
1384 790
1029 1556
1531 1624
1611 1102
1527 706
902 1245
1187 328
1244 544
916 497
1125 6
1136 576
1264 735
930 1019
1414 298
947 957
946 364
951 1405
1421 905
950 1292
1626 753
1673 1508
1093 102
1385 849
965 989
1374 1135
1427 728
986 112
1634 145
1167 1321
1004 1097
1300 1349
1134 147
1016 876
1018 447
1023 88
1175 1360
1022 910
1211 1534
1671 201
1032 803
1090 94
1522 1648
1041 1264
1600 1159
1632 241
1377 780
1063 440
1636 1623
1069 121
1595 1043
1110 1188
1078 1387
1363 1412
1088 262
1439 817
1350 302
1112 1495
1118 608
1279 1411
1435 1367
1128 1591
1171 1435
1154 482
1463 579
1159 1123
1538 177
1176 1459
1550 1138
1194 643
1570 556
1599 1148
1390 166
1339 1633
1328 8
1234 1017
1532 1695
1251 1212
1259 932
1265 457
1261 357
1275 797
1282 494
1287 871
1291 558
1675 862
1320 881
1565 1285
1348 769
1406 1559
1584 15
1679 691
1445 635
1462 1209
1467 709
1468 460
1519 878
1493 1186
1495 269
1604 1374
1568 1252
1589 386
1633 693
1608 1488
1648 1124
1685 767
