10620 9850
10972 11209
9952 11242
10036 10451
10287 10834
10968 9761
10977 9752
11244 10436
10239 10102
11021 11026
11408 10699
11099 10542
10317 11395
10412 11241
11410 10325
10555 10926
10130 10330
10915 10628
10039 10335
11144 10769
10312 10217
10694 10111
11482 11483
11257 10642
11386 11502
10154 9722
10892 9920
9898 11511
11337 11254
9760 10142
11373 10812
10713 10026
10054 11097
9865 11304
10471 10197
11360 9825
11469 10855
10646 10077
9924 10260
10966 9914
9923 11277
10906 10020
11494 10171
10324 10118
11387 10063
11427 9958
10172 10313
10931 10771
11357 11035
11098 11216
10604 10708
9856 9758
10221 10980
10044 10751
11394 10317
11322 11065
10496 9754
10354 9894
11457 10174
10093 10933
11440 11220
10081 10146
10308 11493
10151 10668
11128 11037
11324 10681
11463 11229
11470 11303
10276 10255
11356 11458
9732 10829
10450 10282
10194 11340
10452 9979
10001 9884
10804 11279
9735 11070
10445 11320
10038 10231
11061 10806
9859 10627
11171 10177
10449 10866
10380 11389
10192 10580
9966 11529
10071 11155
11439 10151
10732 11401
11208 9908
10179 11504
10866 10801
10243 10947
9972 10065
10613 10728
10885 10623
10567 11262
10075 10180
10950 11463
9771 10498
10690 10270
9729 10998
11068 11300
10589 11200
10335 11455
10147 10113
11095 10338
9767 10414
10062 10682
10019 11399
10770 9719
10889 11110
11052 9892
10242 10290
10816 10391
9965 10758
11420 10971
10198 9749
10999 11337
10114 10655
9718 11349
10404 11149
9776 10616
10993 9820
10096 10747
9931 10637
10178 10478
11138 11275
10418 10678
10916 10953
10695 10018
10812 11448
10867 10878
11074 10316
9778 10109
10763 9926
10717 10934
10809 10409
11134 10319
10072 10955
9835 10960
11392 11476
11303 11223
10527 10604
11038 11181
10261 11189
10693 10651
10314 10546
9915 10547
10493 9741
10936 10914
10502 10046
10742 11486
10768 9799
10727 10175
11455 11413
10457 10176
10897 10589
10780 11105
10034 9893
10862 11245
9781 10554
10300 10640
10405 10945
10783 10314
11167 11480
9991 9773
11206 11091
10251 9965
11331 11271
11219 11449
10244 10607
11007 11264
11008 10186
11323 10825
10212 10938
10410 10948
10644 9830
9963 11494
11255 11341
9938 9718
11152 10713
9830 9874
10370 10757
11173 11060
9838 10292
11332 11118
10323 10656
11224 11450
10077 10671
10907 10832
10064 10857
11157 9995
9809 11360
11471 11083
10515 10736
10730 10593
11372 10872
10400 10081
10474 9891
10427 9950
9837 10189
10031 9885
11123 10929
10288 10045
9805 9769
10290 11069
9980 10351
10355 11163
11341 11173
10684 10957
10864 10070
10440 10782
10755 10015
10890 10252
10581 11164
9793 10916
10843 11133
11200 11447
10170 11335
10006 10023
10182 10454
10789 10722
11154 11394
10820 10618
11536 10575
10801 11151
10992 10462
10073 10295
10451 9968
9765 10334
9945 9846
9858 10488
10195 10847
10532 10911
10197 11236
9861 11217
9775 10706
10660 10877
10588 11276
10461 9750
10201 10460
10057 10387
10519 11485
9813 11527
10772 10039
11212 9876
10306 11020
11376 10781
11000 11193
10597 10956
11030 11206
11263 10009
10556 9723
11380 10365
10033 11125
11133 10099
11512 11121
10634 10457
10601 10208
9995 10395
10971 9973
10571 10539
11516 11342
10813 11124
11185 9796
10409 10904
11057 10988
11358 10684
10841 11263
10295 10721
10566 10535
10115 11512
11137 10028
11141 9817
11227 11117
10546 10376
10769 11139
10332 10340
11461 11122
9951 9999
9734 10000
10970 10079
10024 10144
11377 10220
10475 10631
10264 10729
9964 11269
11014 11302
10698 10412
9871 11253
9759 10004
10759 10894
10856 11533
10439 10800
10913 10882
11049 9778
10319 10367
11288 11285
11127 11330
11028 11453
11268 10555
9987 11538
11053 11452
11485 10415
10482 10438
10415 10695
10602 10332
10829 10126
9799 9866
11121 11000
10898 11075
10884 11013
11526 10730
9958 10786
10207 10663
10168 11086
10446 10136
10800 10499
10607 10717
10109 10195
10066 9753
10134 10939
11143 11334
10495 10067
11359 11123
10086 10337
10903 10777
11448 11180
10224 9947
11213 11497
10568 11081
9782 11165
11078 9975
11243 10053
10987 10168
9947 10362
11228 11469
10309 11192
11363 11232
11258 9851
11202 9727
10744 10995
10806 9795
11250 10792
10383 10119
10919 10620
10749 10274
10802 10594
10930 10880
10954 11465
9774 10985
11472 10250
10606 10613
11010 9943
11326 11156
9723 10630
11253 10727
10331 10321
10949 11371
9879 9781
10796 11211
10003 10903
10961 9998
10557 11365
9818 9821
9954 11004
10042 10703
11075 9862
10649 10859
10923 11356
11503 11516
10543 10288
10052 10278
10021 10899
10225 9782
10074 11204
9941 11532
11174 10249
10997 9915
11362 10951
10708 10973
10487 10936
10959 11071
10126 9735
10049 10303
10549 10548
10076 11331
10015 9880
10725 10347
9716 10167
11170 9838
10108 10537
10374 11324
10782 9744
9846 10563
10835 10944
10516 10071
10737 9966
10578 9823
10360 10536
10022 10865
11347 9991
10282 10371
10989 10182
10975 10244
11108 10163
11374 11357
10257 9984
10927 9826
10414 10075
11384 10503
11385 10669
11132 10327
10397 11008
10941 10576
11366 10369
10745 10486
10964 10032
11508 11506
10187 11243
10554 10874
10301 11087
9960 10793
11391 10588
10165 10188
10826 11424
11502 10770
10822 10236
10167 10421
11446 11230
11060 10541
10779 11328
10564 10709
9852 10222
10214 10968
10753 10564
10593 10320
11022 10155
10262 10591
10947 11225
9956 9794
11079 10114
11460 11050
10617 11488
9870 11040
10848 10962
10881 10596
10710 10807
11277 10324
10111 11252
11036 11383
10847 10307
9804 10254
10205 9733
10107 11364
10040 10279
10591 11400
11122 9798
10448 10082
10778 11515
11032 10485
11177 10008
11149 11428
10875 10804
10828 10509
10953 9746
9842 10867
11124 9822
9918 10194
9992 10368
10756 11072
10563 9896
10979 10228
11106 9996
9903 10561
10005 11012
10202 9731
11191 10049
11370 11420
11001 11505
9917 10545
10738 11310
10911 10011
10840 10815
11272 10100
10896 9986
11433 9829
11247 10633
11334 10021
11378 10017
11422 11089
10085 11007
11406 11321
11492 11227
9802 11076
10110 9916
9770 11136
11488 11158
9979 11390
10827 11317
9748 10917
9840 11224
11109 11108
9740 9789
11496 11215
10035 10970
11407 11106
11048 10839
11421 10659
10333 10258
10417 9774
10957 10602
10605 9747
11290 10707
10216 11454
10811 10192
11114 10802
11379 9836
10443 10159
9833 11184
10447 10752
11050 11392
10784 10257
10270 10417
10832 11212
11261 10253
10185 9777
9895 10225
10271 9728
11233 10540
10442 10850
10025 9841
10347 10614
11314 10919
11110 11315
11031 11443
11195 9987
10204 9949
10599 10048
10739 9772
10080 10950
10733 10396
9950 10691
11147 11417
10426 10456
10671 10893
9975 10597
9828 9721
11029 10506
11020 10300
10002 10871
11489 11222
9829 9717
10177 10264
10137 10364
10395 9937
10191 9784
10904 10790
10420 10991
10958 11134
9816 9804
10392 11531
11033 11427
10633 10981
11252 10269
11211 10723
9791 10634
10735 10322
10004 11418
11153 10156
10030 10459
11382 10742
9953 10473
10431 10741
10612 9857
9993 9962
9897 10897
9887 10447
10865 10868
9977 11473
11445 10468
10174 10405
10138 10108
11415 9787
10839 11267
10377 9840
11383 10248
9919 10437
10055 10068
11395 9865
9959 10718
10724 10430
10795 9889
9746 10041
11316 9775
9910 9745
11238 11381
9866 10885
10933 10097
9721 11203
10853 11154
11452 10038
10573 10357
10909 10101
10914 11114
10645 11305
9766 11297
11221 10952
10241 9793
10891 10374
10063 10012
11507 11238
11389 10256
10467 10074
10815 9853
10895 10199
11182 9888
11403 11422
10010 10200
10304 11472
10711 11039
10465 10386
10844 10670
10718 10112
9928 11537
11055 10912
10948 10116
10384 9724
11521 9974
11399 10277
10570 11144
10361 11415
10691 9808
11019 9989
10246 11053
11145 9845
10269 11138
10922 10927
10863 10346
10629 10710
10391 10226
10229 11043
10622 11067
11340 10910
10421 10261
10929 11432
9974 9963
10059 11199
11361 10776
10651 11530
9926 10617
10590 10848
11497 10203
10596 11333
9722 10598
11160 9936
9750 10774
11287 9887
10092 9792
10925 10461
11179 10754
11478 11171
11015 10361
11525 9738
11166 11141
10678 10746
11012 11210
10156 11322
11246 10636
10253 10423
10240 10785
10149 11332
10673 11034
10018 10745
11168 11470
11165 10377
10508 10310
10436 10043
9724 11468
10199 11412
11419 9967
9949 11438
10785 10675
10233 10389
10432 10773
10402 10644
10173 10549
10766 10432
11537 11282
11307 9960
10575 10573
10988 9977
9934 10532
11178 10293
11520 9886
11192 10891
10477 11487
11417 10373
9932 10784
10628 10240
10175 11120
11232 11218
11354 10042
10814 10941
10181 9909
11308 10822
11006 10380
9916 10281
10592 10685
10407 11116
11432 9970
9877 11082
9751 10143
11129 10233
9962 11344
10632 10442
9850 10427
11051 9730
10805 11295
10842 11170
10364 10276
10369 10560
11162 9801
10791 10794
10279 10312
9731 11308
10767 10896
11101 11461
11338 10096
11175 10271
10924 10844
10786 10788
11089 10073
11217 9923
10793 10600
10550 9873
11269 11373
10663 11294
10206 11336
10653 10193
11336 10169
10587 10446
11092 11182
9839 10005
11131 10662
10473 10094
11355 10650
10855 11244
11487 10323
11126 11042
9872 10490
10687 10649
11434 9959
11237 10259
10658 10835
9889 9951
10406 11235
10674 10819
11335 10772
11047 11353
10023 10873
9927 10969
11442 10345
11315 10886
9864 9883
11477 10814
9883 10232
9803 11129
9788 9748
11027 11274
10775 11161
10163 10484
10565 10849
11058 9855
10334 10827
11465 11030
10969 11178
10709 11055
9725 11239
10379 10040
10726 11113
11464 10400
11018 11393
10338 11068
9873 10862
11284 11090
11241 10210
11426 10698
11005 10716
9763 11387
10494 9765
10981 10440
11456 10198
9756 11198
10978 10418
10153 11491
10155 9868
9825 10760
9790 10407
10316 11103
10408 11411
10799 10439
10490 10512
10476 11405
9874 11345
11291 11234
10873 10497
10213 11266
10454 10711
9757 10268
10729 10920
10444 11526
11532 11018
10079 10888
10750 10280
10362 10517
10721 9860
10696 9877
10942 11481
10635 9780
10544 11135
10094 10397
10263 11397
9817 9770
10652 11080
10559 11028
11186 10384
10460 10127
11248 10297
10928 10027
9772 11369
10121 10052
10268 11127
9808 11280
11164 10061
10526 11278
9736 11370
10007 10846
10525 10410
11040 10062
11181 10553
9798 11311
10152 10895
11299 10318
10976 10458
11466 10513
9880 11306
10367 10515
10326 10738
10000 10626
11388 10735
11044 11293
9733 11160
10320 9726
10105 10003
10598 9813
10371 10964
10060 11057
10275 10019
11447 10578
11041 11439
11259 10652
10307 9859
10162 10150
9826 11021
10810 11101
9922 10103
11239 10982
11231 10092
9907 10411
10716 11436
10491 10907
10272 10543
10238 10007
10029 10519
9779 11024
9810 11314
11443 10712
10703 10810
11240 11052
10860 9837
10484 11064
10437 10622
10900 9806
11523 10918
10372 10783
10017 11318
9913 10333
10983 11407
10545 9779
10159 11237
10014 11092
10630 11187
11088 9978
10603 10482
10505 9833
11416 10104
10373 11352
10765 10501
11368 10646
9955 10328
11274 11226
11139 10363
9930 9819
10065 9906
10722 10766
10419 11456
10211 10753
10539 10393
9841 9895
10746 11250
10193 10179
10343 10480
10478 11191
11130 10086
9899 10308
11468 10354
10217 11112
10887 9831
10090 10759
10123 9725
10492 10245
10681 10587
10823 10521
11169 11177
10507 10076
10070 9905
10616 10694
11381 11249
9990 9812
11197 10229
10293 10603
11538 10702
11413 11128
10537 10705
10088 10181
10560 10024
10561 10524
9853 10355
10366 9990
10358 10932
10441 10816
10286 9776
10541 9939
11294 10876
10087 10466
11342 9844
10171 10791
10041 10221
10984 10817
9762 10502
9820 11462
10255 10906
9780 10444
10084 10997
11393 9881
10533 10574
10503 11414
10336 10285
9819 10207
11013 10565
11234 11006
10882 10401
10648 10974
11216 9907
10346 11419
10807 9816
10723 10733
10472 9742
10285 11284
10662 10382
10382 10170
11418 11396
11517 10688
10456 11248
11222 10166
9902 10487
10585 10463
11115 10683
10128 10029
10781 11041
10850 9875
11467 9759
10530 10419
9754 10986
10518 11434
10664 11265
10008 10958
9929 11153
10236 9757
11405 10128
9901 9805
9881 10577
9784 10606
11506 10383
11300 9921
11207 10935
10719 10558
10528 10674
10706 11146
10535 10584
10321 10223
10416 10516
9943 10467
10278 10657
10469 10635
11289 10385
11305 11169
11397 10287
11475 10664
10859 11257
10330 11268
10870 11501
10728 10550
10385 11288
9849 11205
10670 11098
11158 10087
10260 11137
10061 10797
10558 10379
9761 11186
10223 10122
10701 10831
11093 10304
10771 10525
9936 9898
10103 10212
10274 10489
10994 9929
10524 9791
11066 10016
10280 10799
10124 11423
10032 10326
10158 10583
9909 10475
10608 11441
9738 10993
10940 9904
10339 11408
10707 11338
10689 10080
10047 9828
9795 11343
9752 11464
10714 11425
11511 11535
10142 9878
10097 11172
11062 10690
10945 11015
10901 10477
10237 10621
11135 11517
10470 11162
10325 11316
10736 10309
10868 11367
10146 10826
10641 11038
9848 10510
9957 11047
9968 10470
10113 11061
10144 9918
9769 11378
10095 10568
11105 10940
10569 11329
11409 9911
10594 11283
9983 11219
11161 10115
10917 10060
10256 11084
10357 10495
10584 9869
11215 10496
9786 10854
10542 9767
10886 11031
11180 9861
10289 11431
10455 11498
10700 10841
9814 10530
10129 11032
10398 10001
10857 10093
10235 10989
10654 10085
9755 10030
10100 9976
10967 10206
10292 11107
11072 11099
9812 10483
11344 10992
9971 10311
10381 9890
10082 10892
10186 10034
10818 10185
10734 10057
10220 10767
11159 11398
10387 11093
10483 10381
9985 9810
10037 9992
11513 10450
9920 11054
10577 10858
11254 10704
10281 11496
11190 10864
11096 11510
11450 11409
10704 9824
10463 10010
11281 10943
10854 11059
11067 11509
11016 10605
10303 11010
11189 11429
9946 11433
9773 11088
10615 10408
10536 10961
10453 11016
9854 10219
10760 11539
10365 10162
10665 11514
11113 9832
11423 11475
10434 10514
10534 9935
10351 11377
11365 11102
10488 9818
10640 11327
11136 10472
10294 9944
10522 9783
11083 10592
11266 10666
11296 10272
10429 10538
10424 11307
10963 10639
11073 10987
11087 10851
10266 10031
11500 11005
11279 10051
10500 10533
11499 11027
11176 10845
10618 9858
10699 11478
10705 10305
10672 11202
10265 10211
11225 10266
10403 11380
10849 10569
10411 9827
11084 10449
11034 10129
10396 10508
11333 11168
9999 9797
10296 10570
11453 11190
10937 9811
10322 11500
10888 11525
10702 10131
10582 11063
11046 11174
10135 9803
9914 11011
10423 10404
11118 9848
9911 10677
9797 10828
11311 11518
10118 10356
11425 10344
10657 10887
10489 10838
11042 10215
10277 9934
11196 10123
10754 10035
9996 10843
10552 10725
9905 10165
10899 10133
11490 10821
10595 10224
10576 10930
9824 11482
9893 10471
11120 10544
10180 10923
10680 11046
11346 9964
10637 10370
10808 10218
10430 10025
9892 11045
10944 10697
10506 11176
10091 11528
10104 10135
11245 10653
10341 9867
9720 10429
11306 10977
10656 10358
11301 11445
10345 10818
9719 9930
11345 10551
9912 11183
10422 10298
10464 10557
10394 11157
10389 11152
10574 10890
11150 11272
11530 10692
10176 10059
10399 10294
11002 9785
9940 10331
9862 10420
10058 11366
11519 10491
11493 11292
10790 11104
11435 11058
10190 11446
10531 10881
11251 9729
11486 9948
11081 9980
10583 11426
10027 11312
9935 11096
10682 11014
10222 9942
10837 11299
10352 10523
10386 9899
11267 10265
10614 11256
10375 9969
11504 10476
9855 10648
9998 10764
10752 9743
10116 10965
10902 10556
10773 10504
10688 10088
10562 10107
10363 10204
9989 10238
11285 11358
9815 9814
10438 9864
10479 10426
11390 11540
10845 10647
11260 10999
10342 9847
10586 11132
11140 10148
11265 11323
10053 10050
10101 10360
11264 11522
11449 9972
10122 10329
11242 11289
11529 10898
11505 11379
10825 10299
11146 10768
10861 10534
10876 10090
11454 10740
11204 11460
9976 9737
10313 10289
9834 11309
9821 10714
10486 10237
11527 11536
11201 10701
10466 11194
11256 9751
10468 10214
10026 11255
10883 11142
9811 10434
9925 11048
11183 10054
10880 10879
10741 10378
10894 9924
11351 11386
11533 9760
10247 10474
10683 9912
10743 10121
9745 10852
11539 10247
11184 9843
11003 9938
11325 10263
10540 10586
10686 11077
10529 10813
10299 10178
11230 9982
9801 10805
9982 10913
10259 9756
9747 10590
10661 10925
10020 10315
9789 10147
10731 10967
9847 10352
10485 10749
11063 11131
10078 10492
9869 11508
10990 11347
10830 11421
11540 9983
11375 11325
10462 11100
10852 11490
10376 11301
10982 11246
11220 11130
10935 9945
10067 11175
11481 10341
10677 11354
10946 11231
11071 10762
10215 10139
11343 10743
11349 10161
10117 10089
10952 10632
9981 9931
10692 10173
11509 10125
10219 10002
11187 11355
10600 9766
11510 10869
11070 10047
9785 10213
9796 11066
10016 10739
10938 9834
11436 9897
10798 10153
11223 10302
10250 11260
10481 10737
10803 10638
11462 10183
9728 11150
11304 11444
10302 11208
10846 9913
10132 10064
10164 10715
9827 10667
10747 11474
10045 11416
10974 9863
10834 10140
9742 11062
10089 10190
10249 9940
11522 11376
10926 10808
10956 10234
10160 9732
11352 9790
11501 11044
10150 9932
11156 9900
11484 10157
11295 10615
10715 11240
10433 10562
10819 11519
10139 10837
9843 10775
11097 9925
9875 9941
11194 9762
9876 10149
11273 10375
10267 9954
11401 10518
11163 10275
10871 11290
10231 9997
11330 11388
11023 10145
11348 10645
9844 11078
10291 11148
9973 9946
11214 10424
10621 10069
10960 11033
9997 10531
10996 10201
10833 10976
11479 10994
11441 11056
10230 10291
10009 10789
11483 11029
11117 11451
10208 10348
10349 10014
10141 10455
9832 11261
11236 9870
11431 10700
11025 10286
9939 10641
10831 11094
10776 10629
11429 9928
10611 11410
10145 11167
9888 11403
11293 10824
9906 11319
10619 11023
9921 10158
10668 10582
9807 10284
9727 10262
11444 10883
10631 10403
10435 10975
10102 10795
10356 10230
11056 9768
9978 10013
9937 10202
10245 10390
9857 9961
9884 10154
10234 10055
11451 10734
10348 10796
11318 11074
11086 10972
10667 10856
10998 10689
10943 10901
10666 10946
10393 10372
11283 9957
10050 10138
9753 10954
9822 11159
10232 10860
11480 10505
10905 9802
10609 11213
10547 10044
11100 9763
11438 11196
10048 10343
9749 9807
11350 11247
9730 9788
9860 10388
11218 11495
10378 10609
11473 10359
11491 11402
10792 11025
10161 11147
10777 10493
10553 10811
11515 11523
11310 10058
9831 9872
11017 10469
10458 11492
11317 10863
9764 10875
9994 10527
11148 11296
10879 10296
10350 10660
10872 10687
11226 10724
10390 11521
10610 10823
10226 10928
9890 11009
11229 10306
9868 10870
9988 9953
10655 10453
11271 10959
10028 10528
10572 11228
10273 11363
10774 10909
9792 10095
11404 10696
10685 10853
9984 11214
10761 9839
10228 10581
11498 10572
11249 11375
10284 10209
9878 10251
9777 10809
10011 9955
10459 10301
9783 10006
10189 10585
11353 11251
10013 10205
10712 10443
10140 10990
10659 11326
10510 11201
11188 9901
9942 10406
10788 11499
11321 10083
9743 10520
10627 11471
11037 10098
11103 10022
10298 11166
11198 11313
10120 10643
11076 11351
10068 9739
10401 10924
11119 10494
10083 10124
11091 10134
10012 10120
11102 9815
10669 10464
9904 11273
10328 11145
10995 9755
10327 10673
9908 11207
10046 10091
11282 11361
10794 11382
11069 10884
10511 10665
9967 11359
10480 11368
10169 11507
11313 10105
10626 11467
11412 10661
10851 10779
9717 9988
9969 10084
11524 9981
10878 11051
11424 10601
10512 10273
10131 10465
11367 9956
9823 10978
10125 9734
10962 11374
10551 11346
9768 11079
11458 11019
10764 11430
10184 10765
10893 10448
11319 10243
11004 10833
10337 10431
10939 9902
11320 10579
11043 11109
11045 10402
11400 9903
10636 11188
11199 11197
11430 10191
10413 11287
10501 11073
11411 10353
11080 10392
9961 10241
11155 11372
10340 11002
10934 11126
10258 11513
11059 10915
10980 10227
10248 9917
11054 10612
10203 10756
11104 10435
11082 11111
10965 10342
11278 11442
11276 10611
9845 10726
11270 10763
10504 10610
10740 10246
9851 9994
11396 10778
10762 9971
11112 11489
10318 10425
10136 10836
10623 10398
10951 11085
11111 10422
10523 10239
10720 10445
11011 10350
10908 11457
10283 10336
10133 9927
10043 10900
9886 11350
9787 11391
11107 10160
11094 11001
9944 10110
11172 10283
10647 10679
10368 10078
10148 10132
10254 11385
9741 10672
10787 10732
10200 10719
11339 11339
10497 10942
10311 11143
10757 11477
9836 10066
9948 11440
11035 11017
10580 10507
10821 10526
11205 11115
11402 10433
10388 10141
11514 10619
10520 11003
10991 9800
10920 11049
10329 10731
10498 10566
10877 10172
10932 9985
10858 9854
11329 9879
11039 10787
9863 10130
9726 11406
11476 10750
10548 9809
10521 10106
10099 10720
11090 9922
11364 11348
9806 11291
10538 10599
10056 11022
11531 9835
10425 9720
11312 10983
10797 9842
11009 10608
11116 10037
11193 11185
9758 10571
10836 11435
10912 9849
10639 10658
10069 11140
11398 10036
10824 10798
10209 9764
10112 11270
10985 10979
10817 11179
10297 10072
10210 10235
10227 10216
10166 10744
10127 9786
10697 10686
11275 10366
11235 9856
10758 10761
10315 10905
11309 11233
10643 10529
11142 9852
11371 11195
10517 11520
10353 10481
10098 10680
10509 10137
10625 10963
10838 10984
11495 10949
9891 10902
11125 10033
11085 9716
11077 10842
10973 10937
9744 11503
11024 11534
11026 10184
10499 11286
9900 10780
11280 11384
11210 10416
11151 10861
11369 10840
10986 10693
10310 10625
10218 10267
11298 10559
11535 10349
11328 10152
11262 9993
10183 9736
9933 10428
10869 10056
9794 9919
9739 9871
9867 11479
10344 11259
10143 10908
11518 10755
11528 10803
11286 10595
9896 11362
10106 9771
11474 10500
10119 10552
10650 9740
10675 10511
11292 9910
10188 10624
11302 10966
10679 11258
9970 9952
10252 11036
11428 10654
11065 10394
10910 11221
11064 10187
10305 10479
11203 11466
11327 10117
9800 10996
10157 10889
10751 10820
10514 10441
11297 11119
10579 10452
10642 10931
11209 10922
10638 10242
9986 10567
10955 11298
10874 10399
10918 11524
9894 10522
10428 11095
10513 10413
9885 10339
10359 9933
11414 11281
10624 10830
9737 11484
11534 10164
10051 11404
