0 712
2 764
1998 32
3 1372
1997 1535
4 466
1996 1383
1995 1890
6 879
1994 1899
7 1905
1993 1884
8 1891
1991 72
10 1596
1990 1855
178 851
375 311
1398 1258
952 745
859 1266
37 967
767 324
1045 166
593 979
1344 1648
1582 1327
1 569
5 834
9 183
11 265
1603 1992
1237 546
800 965
289 425
1049 968
1384 277
174 151
1999 8
1717 1459
1422 1449
79 1081
1089 1292
245 1490
750 566
12 819
13 870
49 35
960 1506
586 747
157 601
1527 1947
14 986
1098 1533
1766 991
734 146
865 878
1466 1829
1294 280
252 429
123 245
886 308
411 1241
654 266
15 657
1812 340
1286 1706
565 1651
658 1069
107 1373
1088 508
1242 1015
1665 323
232 1690
16 1337
106 1555
104 1698
821 516
1150 849
335 1508
470 1154
1437 1190
17 1733
690 130
257 1964
1900 478
1547 15
28 1670
1137 1810
377 153
949 692
35 1782
1667 765
290 1354
1103 1934
1728 38
1852 1736
410 1831
1712 994
1111 1411
464 1767
18 985
1478 1518
703 264
188 225
1913 1046
19 115
20 1827
1855 1414
236 1847
1646 5
25 1467
1167 408
1948 192
21 1977
841 1181
941 527
43 126
233 1732
1783 1004
1972 416
1223 1086
1510 298
540 1461
112 1019
384 983
342 608
893 1415
22 548
23 286
847 817
725 188
1353 1324
896 1543
970 1140
784 1685
24 1169
1499 1755
1989 480
762 355
575 557
1332 1851
1262 1438
1757 1244
1082 1781
1987 1380
262 1163
1334 1445
26 1128
738 1103
778 269
226 1815
998 31
301 1705
27 376
291 258
1708 1149
1509 328
1649 163
91 1544
1409 813
552 1768
1856 346
711 1037
1615 936
353 291
691 1529
1863 1801
1866 1646
818 959
722 1385
320 1927
698 1946
731 299
953 788
1194 1816
29 901
30 1657
1791 1885
494 157
1431 1061
1215 1361
31 523
1371 1420
1087 1780
906 438
740 1984
284 1281
1836 1299
32 111
436 720
1689 725
1419 625
1112 1262
373 1901
1693 1286
33 842
624 1551
1326 1365
1661 1802
220 1096
704 1245
907 1158
1195 1640
1169 982
1641 422
192 836
1825 826
1961 751
1037 576
1126 1958
139 1321
923 201
1007 904
1251 660
811 1547
1011 1013
1226 1105
1068 202
36 669
212 795
795 307
1526 1570
1418 850
888 387
1034 609
48 1982
1156 638
1488 1059
1781 1878
1522 1247
227 1834
1127 21
1932 531
1629 919
308 580
1922 165
514 553
34 1235
38 703
39 1352
525 1697
679 196
684 250
1771 654
1828 1160
1094 1455
1252 1025
443 1249
607 1080
769 710
672 1068
40 347
41 984
1638 1576
82 61
1013 1147
42 1586
1980 37
1944 937
1831 498
92 1789
173 885
1363 1307
1263 1783
781 1677
1640 1225
254 106
44 1122
93 1089
582 1167
242 933
279 1184
1244 872
45 48
455 1683
807 295
1385 184
1752 1382
441 114
543 336
1614 1051
46 1443
869 645
596 1049
1451 92
1179 809
465 1785
1622 288
1619 713
47 1639
389 1833
181 228
322 1020
1276 1563
1173 26
198 1041
752 1914
533 218
741 559
1928 1874
1158 412
1897 1334
1494 874
1810 1666
838 1339
1596 841
50 1256
1544 1894
885 28
1891 1539
938 1673
1278 70
1975 219
1690 1972
1974 1911
619 1183
1612 1603
51 1930
52 883
1720 66
53 623
997 1746
1302 1583
1696 1863
1701 0
625 571
745 1224
1467 1974
1895 831
1642 57
1085 1060
1656 144
80 1926
137 886
1178 1121
1025 807
848 268
55 945
1687 448
1724 1139
96 333
1973 709
1243 1087
1012 1608
755 1031
54 87
56 1157
393 732
742 1353
1659 23
196 1485
957 1021
1731 999
1686 495
1317 1057
57 1766
878 1979
868 1473
721 1447
810 705
1516 360
1400 100
381 1124
753 421
58 621
77 1285
894 1151
1877 407
366 1709
758 582
59 843
258 1296
1744 390
760 1398
259 1588
60 1243
1879 520
1200 794
1035 1751
317 1026
1285 918
850 313
1351 1876
61 310
1573 1309
132 943
611 1143
1876 1870
62 1708
63 1202
253 74
379 1955
1898 1682
936 1206
1147 404
199 798
477 52
474 1720
616 270
1216 595
64 1217
65 1126
66 40
481 752
1788 294
1271 152
67 129
1849 1066
627 42
1247 837
805 861
1180 185
1378 1826
1813 1477
1830 760
573 4
68 749
69 1393
589 579
1858 1209
1685 118
1515 501
554 461
191 445
1009 1665
1323 1320
1181 282
1377 1804
70 1222
71 628
1776 1525
86 1469
72 1991
1233 925
1433 884
1610 1877
520 27
1234 51
948 524
1307 1440
88 789
321 1208
1052 1306
73 1835
990 970
341 1261
642 754
881 135
1490 1621
74 186
913 1568
1977 1990
75 723
1095 1474
246 1213
1152 1016
1868 1811
1184 1942
756 175
1597 1837
76 847
1805 1752
772 1710
1227 1048
1379 1773
713 1277
1843 607
1413 189
78 1358
275 33
1475 1413
1779 1591
521 1330
1010 1742
1703 687
1749 230
1580 661
336 24
877 1932
1148 1917
1636 1653
943 194
1934 685
1356 1195
1511 697
167 1501
81 452
1676 612
1802 771
1981 1023
889 903
418 1207
1000 1254
83 1257
1401 604
1264 1954
1219 1107
548 240
263 619
85 549
727 1821
1113 1384
459 1236
1125 1637
368 457
473 944
84 1238
1962 1271
1842 1840
1521 1454
1078 570
256 434
1001 1692
1027 256
1838 515
154 1792
1145 484
352 827
1283 162
429 1579
1288 1534
87 1198
1097 1567
608 1859
1834 772
1513 1669
1417 552
1738 1795
917 1141
1976 1073
1627 455
1735 1035
1926 790
90 107
1506 1363
1672 1656
966 1786
1472 439
89 778
736 840
916 104
1172 1776
183 489
1818 396
1524 1599
660 818
1917 1817
1919 823
1193 906
1236 1812
142 577
1426 1779
967 1900
879 1882
551 337
874 1308
141 691
146 802
707 263
1971 320
299 1514
95 960
1044 895
692 1272
747 410
1539 1759
94 796
1662 1280
1955 731
1428 1772
414 1177
1408 364
890 1405
1084 1620
1129 137
207 1369
1546 423
839 815
1881 1758
97 535
98 882
1670 1722
1067 522
1246 1893
1529 472
640 300
1943 1496
99 1116
359 1359
570 634
744 348
442 629
1229 177
1086 512
101 1868
1727 1355
1940 1739
799 1366
1793 785
100 766
1381 698
944 369
102 260
1623 1684
798 602
880 992
1745 857
1240 1132
103 1814
160 430
1710 1573
1871 1047
1657 941
445 108
364 409
621 1479
147 656
1189 972
897 564
912 824
1790 365
105 1963
214 1540
1954 110
1399 1950
469 226
836 1119
1128 716
428 254
1254 1836
858 528
1569 1155
1224 46
435 1010
1055 1719
1161 1284
1648 677
1549 50
1600 1823
648 875
813 683
1118 257
1425 393
108 1953
109 170
1799 761
1046 491
853 1332
273 1849
425 1078
218 1094
296 449
985 1565
1066 259
110 1662
111 1108
1383 673
502 235
962 1738
1541 1824
1457 1319
793 54
860 715
113 1747
1104 739
536 1897
749 1436
114 174
244 1571
360 1857
801 1712
733 873
1778 544
567 302
338 799
125 482
701 1491
1107 1557
1637 536
115 1969
1691 769
842 1594
1339 468
939 388
585 1856
116 1270
117 1675
791 1043
269 243
1564 1179
118 1341
278 456
776 1731
1370 325
345 864
846 1881
119 1989
387 75
729 1601
991 1723
715 567
1705 12
934 1912
120 1289
921 1172
1404 1980
238 1763
1755 699
121 331
1114 1941
1140 998
369 1943
892 910
122 267
1591 929
155 770
669 578
1688 1965
981 1509
706 1288
124 467
1217 541
138 1391
1851 711
1537 379
1620 1269
1483 671
1221 1113
814 1658
1920 1333
1784 1232
126 800
1225 1303
1651 908
448 187
127 1482
665 330
1023 1793
600 1970
726 514
1574 1679
576 1889
605 109
1774 1728
561 272
1758 954
128 1602
895 1029
1930 1869
1176 1418
1250 1150
1386 594
130 326
1024 1145
1199 1805
815 606
303 1343
1523 496
129 574
1487 1011
1773 1898
1552 946
486 1940
751 329
1175 60
131 1961
613 1212
1444 1674
1367 889
133 179
316 957
1570 1632
134 980
556 1660
324 665
1306 1664
908 590
135 172
328 659
476 499
1432 1230
1748 1203
136 305
1815 1799
851 156
1967 952
298 492
1345 1246
978 125
1880 846
148 777
1782 1347
1390 1494
403 915
922 893
649 124
1706 627
716 1726
1910 881
770 920
475 1439
1017 1581
1060 568
1699 1093
564 1313
835 1987
1982 828
140 158
305 1791
728 1118
1504 510
1931 1887
549 1102
501 73
1832 341
1220 806
277 1211
1935 1537
1239 1771
1739 1575
1753 1295
1081 1671
216 839
1249 234
1062 39
143 1577
144 1523
1004 1437
1135 1569
1083 562
1021 45
145 1012
1318 477
423 613
331 734
200 1641
1421 485
151 444
675 1611
1588 740
1942 583
968 68
149 278
1951 565
1228 640
150 1030
1324 1787
1939 1466
1287 681
954 1505
169 1162
420 1988
444 1054
152 1221
1186 1297
153 1318
1057 1109
383 1574
1492 1593
557 30
1102 132
1517 585
1586 1410
1886 554
243 102
260 97
1554 1279
156 1629
780 838
1157 812
1149 160
969 1908
694 1018
462 309
857 1097
1872 344
1860 801
1682 1498
194 637
1453 506
963 447
1674 714
1026 894
1484 1830
1794 1165
488 1377
1854 690
159 1435
1806 1618
478 1220
376 668
1458 400
158 1740
161 1550
645 653
1760 1921
975 939
1595 887
1625 1627
560 220
1465 176
162 1480
1551 253
221 658
1177 869
1763 343
163 1604
164 859
1532 1663
1256 1902
592 1404
165 167
1803 441
875 112
1924 592
433 1532
1461 917
166 214
261 995
350 833
1058 529
636 1488
1946 1422
702 349
1203 1939
1820 1077
1811 205
1885 816
1144 11
1598 181
168 1630
406 1090
1491 581
1497 1406
1222 1144
977 1612
528 147
1321 1749
547 1442
493 1813
171 1392
1338 1995
1036 284
1653 530
1840 993
1500 1368
1792 366
202 744
170 563
1945 199
223 543
1402 987
837 436
172 1822
545 1828
826 1644
971 1906
1543 555
271 866
1555 757
175 374
370 120
374 704
558 122
176 727
995 1197
761 1275
1563 1700
504 1595
177 382
1823 1166
1630 1497
1697 274
1655 1423
1801 85
827 672
863 1370
635 469
314 1504
1988 1134
179 1152
915 1716
1562 1326
180 641
1893 1402
1136 1478
911 1854
816 1409
285 610
286 1645
1299 1619
182 417
1473 750
606 1522
1912 923
1141 43
1397 395
898 22
1800 1311
1380 1452
1445 1117
512 370
1389 1114
184 500
1480 526
615 1276
1301 1558
993 871
559 684
1032 599
185 1654
186 238
1968 942
1202 1909
187 1790
779 741
861 655
628 1975
1683 136
817 1008
355 547
516 1456
189 829
1006 1503
1572 1056
1786 1846
1732 1545
1889 215
1785 1219
190 1928
1296 1071
700 651
1857 961
1153 743
872 1744
193 1450
313 1952
1214 1430
1824 437
204 877
862 1033
1833 29
195 453
1559 626
951 622
201 597
1796 1693
1780 1315
395 1400
1031 69
197 236
919 616
759 1062
1110 470
1073 1342
354 1994
610 1809
1909 962
1827 356
1958 90
825 1425
905 1462
1936 1615
365 1797
1033 1521
651 84
933 1872
1587 1024
1352 605
505 406
1633 405
980 1617
203 1335
983 1304
824 791
683 1390
671 1610
424 949
1767 935
1960 411
205 454
1109 1695
340 611
958 1925
792 951
532 1764
763 956
686 1168
206 921
280 1205
1916 1598
1713 1605
208 1510
623 927
209 1115
1485 1374
1970 14
1581 1314
1507 79
1609 1931
371 1072
300 1005
484 287
538 134
1300 1904
1423 1873
211 1691
287 1967
1442 36
639 1130
210 1135
647 717
577 1668
499 1634
1260 391
831 389
213 1416
1188 1971
1056 1428
1602 728
641 1966
1741 755
992 1387
531 1616
787 832
1355 1336
215 1997
217 911
790 1045
1589 127
219 533
518 1883
490 586
796 1500
1952 1560
852 476
1096 1715
788 912
1268 675
222 1
534 1194
1030 315
272 285
1205 94
1449 598
1476 1017
926 1100
574 1287
1387 856
229 1451
224 1138
339 424
471 534
1584 540
225 1737
1305 7
964 814
1048 916
947 1919
1862 1631
1174 1748
1303 1362
845 1255
228 1022
399 614
1253 464
1183 860
1218 119
982 782
1647 1655
1772 138
1388 101
925 55
230 1647
467 537
247 1323
927 1082
231 1424
1080 630
920 1487
1272 354
662 335
318 78
463 1981
234 1085
1454 204
274 1845
1821 1750
1206 1394
235 1260
1119 722
1412 279
1358 383
1015 1507
329 1441
594 1696
988 1734
309 845
1155 865
237 351
1369 774
1459 20
1429 1672
1903 1922
638 239
1503 1064
239 93
240 180
583 76
1312 16
241 252
1645 481
900 418
468 414
1275 1412
972 1538
1684 600
1530 1528
903 1993
1558 855
1762 1156
783 1853
1761 1274
1420 1582
1396 91
866 1417
1477 679
1719 1483
976 1346
1907 1572
248 371
1038 1860
400 275
677 1242
891 803
1966 255
1816 1192
249 368
1694 139
1743 361
250 1633
426 283
1325 897
1611 804
351 1446
251 663
737 1001
1721 1686
844 1388
1826 440
1047 81
302 161
1829 475
297 381
407 787
255 1050
1754 1231
378 1886
1054 1777
1716 775
719 719
1978 1032
1315 1042
595 304
380 596
267 1704
1870 58
1040 1349
578 504
1984 618
1395 1502
999 121
637 358
1279 694
676 931
1869 1564
1322 689
546 1178
601 670
503 907
1486 978
1918 297
1844 633
1258 971
264 380
265 133
388 1403
266 1127
307 793
1168 386
705 96
1902 164
268 1305
282 1638
1681 505
356 507
1441 17
979 686
994 701
542 338
1798 1340
270 858
1963 213
1212 1267
367 964
1008 113
956 1553
603 363
1455 1200
479 1444
1992 1864
276 1223
1663 905
1531 932
1340 1379
626 1592
1590 1865
1362 1578
746 261
315 797
1718 1290
579 776
480 1058
1577 473
281 1226
876 1761
1122 62
1196 1009
693 1159
1436 1291
1213 1895
1372 742
1533 1076
283 767
1041 289
1933 542
1723 1753
764 758
1607 318
599 465
1964 1371
712 509
644 1735
843 1765
688 617
1065 1174
288 643
292 463
1671 726
597 1053
1424 224
571 1996
1474 171
294 98
293 538
1341 221
295 1376
1201 1986
1550 1133
918 753
937 1419
1297 1215
1463 1251
1108 1511
1626 587
828 853
1456 1476
945 773
310 868
323 707
409 573
1368 969
1768 603
408 955
325 419
1965 293
1016 556
1775 71
1878 642
1644 18
306 974
1079 1825
867 1345
346 1839
304 1188
438 1622
883 1585
431 1951
1875 1146
506 433
1950 1253
1043 1101
1737 1680
856 867
1333 1699
496 558
1337 584
491 1561
1759 1983
311 41
312 458
720 977
1311 246
766 1472
482 462
1652 44
1704 763
1750 1531
1613 1175
511 1524
1197 1204
1403 620
659 401
1534 233
319 1702
673 1378
513 1725
914 953
1154 1769
326 1216
580 1915
1894 290
1020 1841
1407 1301
397 938
1817 352
1850 650
451 301
1956 222
1115 350
723 820
1261 1052
487 1556
1074 958
398 1310
754 1796
327 1110
924 1034
630 1006
330 392
1101 892
1867 1433
332 494
1051 1807
1267 1268
1447 1962
1628 1237
333 460
929 1123
1440 1999
1540 593
334 9
1231 1661
602 976
1631 145
757 1092
588 746
666 735
1561 1431
1471 216
337 1918
617 1923
1859 680
446 1263
650 342
1722 1711
343 981
1711 1173
344 403
1479 296
681 1541
1309 930
1567 1913
1131 209
1702 378
1280 56
363 561
347 636
1734 589
1501 65
802 1842
348 1489
1204 203
386 511
855 876
349 1427
1092 1429
1733 1396
1566 244
1075 1924
909 678
1901 730
1616 227
959 1920
1841 1131
1819 666
887 1762
357 934
358 780
1846 786
1117 517
1211 1718
1266 1070
1069 1329
1508 155
524 384
587 117
663 1210
1050 142
1460 128
1077 1745
361 682
1929 1559
362 140
1439 700
598 736
497 1798
417 1546
1452 649
1443 1949
996 503
526 474
643 1091
449 1265
1164 891
1350 1495
1949 377
832 451
1450 159
372 1689
1519 1003
1847 1448
507 1678
1959 902
1837 975
932 357
1106 667
510 1259
709 197
1329 737
508 1743
1915 443
1512 900
901 1248
1983 319
1528 1088
1822 1910
382 420
1342 729
385 854
1556 1185
1366 1589
1003 1453
1360 1395
1668 1325
517 1754
735 316
390 924
830 276
391 1879
392 223
1241 733
1100 1978
674 77
1789 1136
823 1492
1270 1027
394 385
396 631
1905 768
1726 169
1777 1364
1698 880
1808 80
1865 1520
1787 217
1090 339
401 928
1121 1044
631 1721
864 525
1319 1228
402 190
1138 450
1448 1850
1105 1526
1795 1193
569 1142
794 427
1255 1458
404 792
775 1513
1624 990
1985 532
743 1036
405 825
1715 664
1887 648
440 1399
412 10
1364 353
685 1189
413 1512
1349 718
1374 1808
415 1493
1679 1407
730 909
833 193
498 662
416 1099
1835 948
1495 479
1005 1218
419 1788
1979 1229
421 327
450 808
1542 1171
572 1580
422 973
1747 1187
849 1344
1248 359
1142 1300
427 1516
1797 896
687 2
1678 322
1669 195
804 759
1634 1201
430 488
1514 1164
432 1936
1769 1067
434 1659
1257 211
1770 963
437 1760
930 1401
1123 1642
809 1098
439 1937
1427 1880
1245 988
870 1803
1029 1471
812 1676
714 1367
1331 1985
1468 646
447 1120
652 696
950 1075
541 1896
1947 1357
1986 1628
1070 1818
452 738
453 154
1498 1794
1192 426
454 1250
456 572
553 615
622 83
1874 1600
1730 1227
457 1757
1481 229
460 247
1864 34
1518 1386
708 442
973 428
458 702
461 1083
485 830
1274 989
765 1252
1906 1968
884 890
1594 518
466 1351
1361 1800
1064 848
871 1687
940 1623
472 1587
633 1935
668 1381
1575 1956
1277 1774
1579 811
1725 372
661 292
1209 1536
1022 1866
1565 1499
785 1465
1941 1515
1273 212
483 635
1892 1273
523 844
1171 1095
739 1283
1259 688
489 1331
1393 413
1284 1317
492 367
1238 182
1585 303
495 1862
1908 1014
1814 1028
519 373
984 748
500 64
1133 1104
1736 1063
529 1650
1165 1590
1232 1714
1911 519
1904 1784
544 148
1014 1153
1039 997
509 674
530 676
1583 248
782 513
1617 1161
1061 208
515 1778
563 1397
1746 1530
1293 273
1604 1408
1927 1278
522 852
1162 1701
935 560
1406 1871
1063 1186
527 1562
609 1933
670 86
697 1350
1680 545
1666 1626
1505 1688
1394 432
535 1944
1593 1519
1553 105
537 88
539 922
1210 1614
634 67
1376 241
808 321
1635 435
584 1464
1343 1625
550 756
1493 1667
680 1074
1335 708
1143 1039
1354 1084
555 863
1059 1298
568 459
1765 116
1414 1703
710 1360
1411 168
1464 141
1348 502
562 1584
566 1170
1292 95
1187 103
1281 624
1938 1694
1365 1176
1675 647
1848 375
1151 1643
1658 1636
803 1129
806 1475
946 446
942 1548
1502 1892
612 1348
1435 1486
581 486
789 334
1282 1432
590 784
591 996
820 1055
773 362
1295 940
1130 1597
786 1609
604 1426
840 822
1182 1470
1545 206
1535 1606
1548 1907
1146 6
1751 821
768 497
1921 1294
614 271
1159 1552
1654 1484
904 1819
1269 191
1489 312
664 1148
618 1264
1496 950
620 1756
1482 644
1290 431
629 1180
1430 399
1328 1137
1882 898
1520 1481
1163 1239
1632 1328
632 1302
656 131
1953 53
974 123
653 1460
1890 1820
1316 200
1888 314
1357 1613
646 332
1446 1848
1336 588
1028 281
1538 1861
655 198
1139 1607
1327 242
657 13
699 639
1664 490
1845 810
1099 1730
667 178
1330 1000
1166 1832
1375 1112
1695 899
1438 1468
873 1554
1599 1375
678 397
1462 835
931 89
682 1234
1601 575
822 783
1839 1806
1560 1843
989 1214
774 210
1160 781
732 173
1470 251
1434 779
689 1199
928 1844
1346 3
718 1775
695 1929
696 1770
1308 521
1314 1457
1557 762
1742 1916
1643 1838
717 1973
724 1960
1925 1196
1969 550
910 493
987 1527
1873 1106
1134 1566
1310 1976
1673 1282
1650 693
1883 1888
1807 1233
965 966
829 345
1170 306
748 1312
1571 551
1809 471
797 1945
1120 721
1576 1040
1608 82
1116 591
1606 63
1923 706
1764 231
1707 59
1230 1729
1304 415
771 1002
854 1649
1568 1938
777 805
1382 1389
1914 1681
961 1356
1373 262
1410 1293
1093 1182
1416 914
1639 143
1391 1867
1208 149
1677 207
1265 1421
1896 1191
1469 1707
1359 483
819 99
1714 47
1124 398
1578 1517
834 652
1592 1007
1536 695
1207 1079
1002 1903
882 1434
1132 317
899 1111
1660 724
902 947
1071 237
1392 1125
1053 402
955 1727
1899 1957
1525 1717
1756 1724
1740 1998
1019 913
1291 1316
1853 632
986 1713
1605 1038
1313 1240
1700 1858
1076 1322
1018 150
1072 1463
1861 487
1185 25
1884 888
1042 1338
1198 394
1298 232
1415 49
1235 1549
1091 1948
1320 1852
1289 539
1618 249
1804 1624
1190 926
1191 19
1709 1542
1347 862
1692 1635
1405 1741
1957 1065
1621 1652
1729 1875
1937 1959
