0 873
1749 498
1748 1429
4 1713
5 526
1745 1644
1744 567
1743 1433
10 1389
178 1199
1465 852
739 832
237 730
951 425
1678 1546
843 250
1498 109
408 263
462 1258
502 681
1240 237
1 931
2 604
3 52
1747 626
1746 209
7 598
8 911
9 646
1742 838
1741 70
1576 896
999 875
701 1442
1552 1716
1585 444
858 195
966 717
6 691
12 1072
1717 636
292 84
1280 1294
1691 987
845 601
162 1581
11 1318
457 1204
1285 1579
1074 1166
1053 652
137 1168
25 445
82 576
142 501
13 988
1098 1712
435 352
1375 1001
192 537
1134 1561
1262 470
1488 766
1540 1549
476 187
900 1426
344 1547
1374 478
581 945
874 1622
562 1702
14 1176
15 924
1044 1637
1395 1259
1265 180
524 1303
1155 1633
1055 328
206 1421
1135 9
106 939
19 451
479 1345
731 1091
207 144
1360 963
965 834
747 1698
16 171
17 690
690 407
464 647
1226 872
456 985
18 1383
370 1184
1458 1451
1679 1167
1316 1554
510 1140
986 430
1109 1053
1013 132
195 437
1103 1215
1596 458
1170 285
461 134
1574 255
893 909
279 1439
310 1575
566 1284
1217 1490
1412 118
1127 666
1229 1157
20 256
21 1683
828 1013
107 1293
222 1705
1516 1329
341 580
1675 490
22 1347
1483 258
541 1495
1198 1247
944 492
1575 776
1589 1412
511 743
227 390
23 1084
1244 297
1408 1312
48 441
1664 1584
617 1280
24 828
1499 1576
1161 67
1183 1524
382 97
429 643
526 452
1407 1231
1436 467
589 204
629 1585
885 631
477 49
83 621
626 1262
26 1145
65 575
1670 1669
1138 1016
1177 602
61 1638
1254 633
291 1734
76 1542
1102 1160
897 248
135 327
485 1198
923 1386
585 386
1094 321
941 1522
28 713
43 1307
700 499
251 1158
1377 1237
27 345
881 459
264 1431
482 694
1091 105
188 997
647 1470
29 1086
30 1356
359 645
1694 299
873 569
1117 1351
31 189
1715 1087
155 1092
1571 1603
147 462
121 100
1532 1006
898 1652
379 805
75 135
1066 1050
33 582
1641 1075
1300 1530
1631 35
633 975
1553 749
672 1361
1603 614
32 685
34 344
399 1594
794 26
185 342
779 368
1390 1152
62 86
35 1617
1510 1543
1010 1540
1038 167
503 973
651 669
1302 364
36 32
209 1481
568 958
689 246
1293 268
37 908
539 583
1031 1267
213 1721
531 272
144 989
38 1684
53 515
91 545
1131 781
840 1468
1334 287
422 1501
1693 1025
39 1718
1079 1132
431 1021
40 300
1136 584
1646 865
1061 786
722 152
49 1619
1738 1496
103 396
675 229
911 42
67 1352
785 1187
557 951
805 546
584 1582
1174 1041
753 324
918 330
41 555
42 227
1508 892
214 913
380 683
1547 523
512 843
1210 1207
314 518
1111 1363
1707 1406
1363 944
1561 194
909 1627
1190 1646
1239 835
705 1355
706 121
1600 920
638 910
198 1105
1045 245
1537 1244
44 213
46 1070
1359 1376
592 1225
957 1641
163 47
1008 1298
1236 235
45 824
47 637
855 578
922 289
1060 1309
996 1178
1417 362
496 858
1619 1065
377 463
455 871
1208 1448
1347 801
576 831
268 1688
1387 0
928 1497
221 1509
69 448
1487 1186
743 1612
50 890
189 456
407 1153
1734 1413
1305 124
608 83
120 338
807 1636
249 61
253 101
52 234
997 111
1655 1472
1096 841
199 993
51 1232
699 874
1405 753
641 1300
824 974
223 51
532 929
1445 907
728 1407
1113 1338
423 657
1376 589
54 404
1690 524
1165 1697
1250 923
930 851
55 275
727 688
982 29
1348 849
128 900
917 901
56 207
386 1625
730 1397
307 554
1315 1463
1455 1038
863 1094
1711 542
208 1285
1325 236
1414 1368
466 976
692 1682
978 1419
296 822
659 1017
58 276
241 1587
1367 193
170 703
183 1405
495 677
405 814
281 925
664 1279
59 1736
1622 1588
218 893
465 1047
688 1175
552 613
60 521
1200 1002
1712 1227
1344 570
1069 1745
797 1277
1286 1327
87 1290
1386 547
549 88
57 21
964 1340
938 1674
723 443
365 1661
1454 905
520 1326
248 232
1578 1028
1043 607
90 857
1051 110
421 1667
625 312
467 210
1473 1551
346 1626
63 447
64 599
334 1265
754 480
1440 769
1301 1589
175 1726
565 15
1184 366
483 1063
1703 1357
66 1220
780 179
378 440
929 1068
1680 319
272 806
1029 1127
1050 1261
233 1349
1021 418
711 1172
716 93
883 486
396 1480
767 1676
1651 398
194 170
200 1185
68 718
383 941
487 424
1163 1707
356 1533
719 998
172 1409
1120 471
70 1118
361 358
321 1566
1011 1694
1083 90
239 1162
709 78
1497 706
1225 817
1399 1007
72 313
990 982
442 1208
1420 125
1615 1505
933 552
246 1306
1333 731
1160 930
323 671
71 697
335 1733
1713 729
1450 387
1579 721
1384 24
73 421
74 950
1722 431
1159 1499
309 1665
1141 927
196 413
542 183
1452 1263
1125 455
434 284
468 432
77 119
275 1728
914 69
962 1687
1100 1165
886 402
932 556
1130 1120
138 1458
642 790
78 141
1636 1417
288 1401
1520 663
734 1425
290 1691
337 673
79 1679
869 102
564 95
1195 1662
620 674
1423 1380
901 1360
86 104
80 1283
81 474
889 1061
1271 821
410 953
1685 333
1274 166
745 1560
1264 1045
480 1366
1197 632
1065 1556
776 1629
1206 1671
269 48
411 1011
85 846
577 162
1708 412
315 1724
1461 785
618 720
84 1180
439 177
161 1701
160 885
1628 305
1709 280
1466 1000
695 1471
720 65
1393 1264
262 494
364 1564
973 1332
1365 291
295 1286
1612 1093
758 174
1148 734
342 1609
88 558
357 1392
832 701
535 710
1326 244
89 648
267 1719
371 53
1004 117
1663 868
1627 18
515 1526
1168 1256
660 1055
454 1402
1001 777
1310 410
1379 579
1411 388
92 340
967 1390
1032 894
661 809
751 1621
1320 495
93 756
1150 197
376 1373
1373 962
392 1059
308 1348
713 798
968 1054
555 1388
847 732
286 1106
1227 804
1146 1538
1269 1288
679 1331
1092 1611
1519 502
1563 308
95 765
437 880
1306 496
993 322
830 1483
1132 625
94 374
406 172
1582 215
792 879
1706 1276
145 382
534 516
96 27
97 1428
98 487
125 356
1223 1396
1661 650
1104 1586
1521 803
1616 1427
350 1268
339 1270
1324 840
1562 773
1477 106
786 1313
903 1111
99 884
1068 891
605 13
969 303
1665 1569
354 394
100 30
101 351
724 1440
836 1374
231 968
102 548
940 1222
247 768
154 1657
394 912
943 504
1216 1511
1140 1377
1428 60
694 1703
358 94
820 1150
561 531
974 949
1105 915
1573 96
1682 517
104 108
105 1197
127 1039
1451 385
762 692
1710 334
1343 1362
1202 1680
654 479
810 623
1422 640
906 760
516 1064
108 1653
1728 519
1099 1692
340 1708
1468 75
544 644
1020 698
109 797
260 581
1587 653
393 1558
110 1240
857 434
841 1190
1234 341
111 85
691 1477
425 771
718 689
112 1717
1534 1506
844 1489
1352 1741
113 1078
1277 1394
1296 1139
796 563
446 50
114 1521
1290 73
1460 1272
305 1128
959 947
790 1743
517 359
1560 609
395 149
116 296
278 1146
697 1005
818 57
648 1239
493 1714
1658 1602
838 1079
1517 1126
1037 1555
1073 560
117 960
921 895
1406 1649
538 116
211 1567
1238 1073
644 1520
771 1336
449 1095
115 228
118 624
119 1353
1129 288
1591 722
839 446
146 99
1507 1605
1059 709
322 488
300 898
817 877
1149 1109
1489 1403
1526 143
1523 205
1446 46
1581 540
1620 845
274 37
1592 399
450 184
1005 140
122 541
124 1504
1542 220
1527 1658
1740 428
123 761
665 1008
1456 882
226 1370
1176 770
126 1233
597 1640
1421 550
242 1324
1047 596
1024 1112
1255 221
1724 355
514 190
1081 301
1509 1517
129 243
491 1089
686 64
131 265
556 642
812 948
1192 1060
177 605
1087 980
1283 1257
215 1449
591 696
1358 1367
1479 922
130 680
132 842
134 1067
1644 1159
1660 201
1342 251
133 461
136 1137
1248 1464
800 1104
609 225
1097 1512
403 1142
1014 994
1171 147
328 196
1075 481
139 454
892 816
400 127
414 635
140 1711
837 39
327 1301
1346 1508
1594 1574
1424 723
1652 965
1245 1135
141 326
156 178
1186 1591
143 759
649 1443
550 1710
256 1049
1115 1598
509 1117
1539 241
574 1693
1349 513
1218 618
985 417
508 310
1382 1066
169 1647
1307 1216
1341 1123
148 1151
1617 76
942 588
201 1423
1449 564
149 1456
1203 274
586 1737
1327 587
670 377
1666 745
1640 1432
463 1319
150 737
151 966
802 436
1196 1482
721 1056
1070 867
153 1260
1705 844
306 1097
1623 883
289 411
884 54
823 17
1214 1722
152 253
1181 1488
1314 435
1383 1528
981 1194
1295 957
673 591
353 1729
459 1620
1511 1322
979 442
814 1200
775 1212
157 1
683 1144
916 1673
1275 943
1541 655
1531 476
602 1133
1372 278
653 1600
518 186
1444 672
1019 311
657 1217
831 222
158 426
784 1696
826 347
1496 115
658 25
1544 667
1696 629
1625 571
343 292
1368 156
159 664
877 752
349 1299
1230 1154
880 1036
687 1487
573 812
1249 818
1471 707
1353 861
164 157
1505 1234
631 371
294 695
165 191
1036 1660
1272 1608
1608 1510
1180 1536
1565 1341
166 778
1241 218
787 946
804 1731
167 1531
783 981
971 1486
1364 592
1723 294
445 1557
168 665
1182 1292
1491 267
243 1310
1028 1245
303 1631
752 860
970 128
703 1690
443 182
1549 619
171 1378
1583 597
674 984
1543 1304
1470 176
1052 964
1297 1223
173 595
746 1539
1025 1686
424 1182
935 5
1232 3
1493 996
174 325
1672 1149
611 855
1388 1074
1235 935
1429 314
904 1164
1378 1358
1040 169
176 813
627 1459
1194 1077
835 339
949 670
803 8
725 373
179 240
347 995
513 508
770 1654
1634 606
1268 1320
759 700
180 1493
606 876
899 1515
186 660
1318 1725
181 1645
543 414
600 897
872 978
636 1420
619 1311
870 1342
1022 153
182 1335
936 1214
580 1296
1362 198
1673 1108
499 142
184 1229
1453 1666
440 1461
1017 28
1313 1516
894 87
261 1030
302 1398
795 1124
1669 1465
560 839
402 1466
1518 1131
187 1365
953 1254
815 549
1613 639
1185 764
765 130
1253 1246
190 1438
1481 348
1572 864
1256 651
1403 1177
1046 472
1172 772
191 510
265 1235
1259 810
1154 1460
193 1404
1688 899
1082 449
1018 1519
1153 532
864 862
1667 378
426 1183
616 420
197 242
1462 206
1261 323
1475 914
1270 199
1224 1369
1258 1266
202 585
1095 1210
1054 1181
1503 401
373 807
203 497
757 1098
980 1447
470 1170
859 439
235 38
368 1119
301 1282
1273 380
498 1022
926 990
740 1395
204 192
205 1578
490 1100
924 1379
486 702
813 1523
622 397
1033 739
507 1492
1692 568
404 829
1492 742
210 7
1188 1138
960 269
212 422
972 1129
1726 1101
1494 1018
311 1372
760 71
313 14
1448 1467
860 733
1442 273
630 79
523 34
545 304
1501 972
887 536
216 350
1287 375
1385 1469
955 1635
217 80
852 917
367 1700
219 468
615 159
1166 400
1416 208
733 850
220 1607
1401 353
912 1221
1695 1550
1078 1253
958 1058
583 638
316 1189
682 1414
601 505
460 1634
976 529
652 415
224 493
952 603
270 1275
225 1618
1237 113
834 726
737 641
704 750
1080 33
1546 136
540 1476
228 1040
1430 686
821 628
1247 1031
1222 654
1133 1350
950 1113
1704 165
229 103
230 212
1049 318
1012 19
1371 955
925 393
1366 260
336 500
1231 354
232 704
1478 1422
788 888
234 991
236 281
1432 129
896 799
1569 107
714 1033
854 409
500 933
1464 744
419 956
741 1529
736 783
1048 866
1107 528
1394 796
481 1364
773 869
240 62
1114 1344
1514 780
238 1441
388 553
1145 1655
276 55
1677 2
433 1552
1370 574
1323 659
1654 1537
1158 188
1718 332
244 315
1721 808
1684 1042
245 238
919 427
927 1446
1330 983
1246 741
994 1744
352 1297
1720 376
1447 316
1345 164
1731 1354
1653 827
387 1325
988 1715
504 482
1299 185
1584 1125
558 298
1002 820
1063 714
1530 1659
250 307
1580 89
418 754
1431 916
252 1730
1629 715
1312 1192
525 1029
1209 719
1126 986
255 1251
578 1553
1335 133
319 819
254 1080
257 44
548 1085
551 151
1538 1243
258 787
1329 433
1006 1502
259 1035
1586 837
1402 725
363 506
389 1116
501 1738
263 1400
533 1583
1504 239
1056 160
908 1541
1076 214
1548 1385
266 514
1535 262
448 293
628 612
1484 20
284 63
1404 1485
320 43
277 1281
708 365
285 848
522 1226
878 1173
756 1613
452 1387
593 1685
369 1727
282 477
1057 788
432 971
650 1090
599 383
702 1211
273 887
1554 634
895 859
271 740
1500 36
420 1082
1686 329
1502 1037
1015 716
1426 881
1086 1122
355 1478
1588 1195
1354 999
1009 693
280 1034
1041 6
954 1747
324 1742
1607 379
913 1076
317 942
505 712
782 1317
1116 264
1144 1218
283 662
1088 918
1727 22
1169 1219
1649 211
1219 1236
287 403
1331 1573
1039 1343
1674 856
1162 1103
1173 1416
1495 1500
1626 1250
991 450
1391 1723
497 175
1303 520
299 620
293 1494
312 977
1308 525
1555 533
1443 1099
1716 1241
676 539
646 146
1389 363
409 395
603 775
1110 1648
1687 381
1156 1577
297 791
1522 921
1151 1675
298 1534
1337 1418
850 758
1737 122
1506 1706
304 1193
1263 757
1659 1424
1072 1462
1191 1709
712 1308
1598 751
1328 1171
774 1339
1042 283
761 938
427 961
571 1597
890 1484
488 1606
1381 16
1719 658
1485 31
1668 416
318 1624
1683 763
1204 1230
1147 1568
1119 1273
853 369
1434 708
848 1136
1278 551
989 473
397 562
1398 139
325 1623
326 959
1413 678
1211 1643
537 230
416 1444
360 954
1284 878
381 271
1317 131
330 1156
438 405
329 611
331 544
1332 1015
332 466
666 936
768 1314
333 81
984 811
1433 306
1221 527
905 792
995 699
956 1121
1409 1704
1630 736
613 1437
338 1663
1610 282
1023 1334
1207 802
983 616
1108 1599
1199 503
345 295
572 1179
735 372
348 343
946 216
1550 1206
1472 1163
351 1287
1463 746
643 622
1459 1525
374 154
1700 903
1351 1678
1291 1102
1106 1616
595 1559
1260 475
624 1224
1457 1720
907 391
362 1651
789 1110
1152 1323
715 1043
366 679
1599 469
587 656
632 74
1729 1071
610 902
684 1746
473 286
1179 682
372 863
588 511
910 1749
1624 163
1435 203
375 926
1533 360
945 826
590 507
1281 392
1338 727
749 460
1205 1019
1656 349
1735 1130
1034 1096
458 82
977 1248
1490 1580
1566 1565
915 77
668 491
384 559
385 1062
1564 1474
1606 1252
1577 1393
1298 1436
1137 1271
471 784
390 522
1590 1740
1397 815
1512 932
1288 247
391 1615
1410 1161
1121 419
693 919
799 91
698 123
1482 1269
1071 969
1639 168
1551 148
742 992
1084 40
494 1572
398 92
401 1012
920 465
842 795
1282 223
882 1445
1427 406
1439 1188
1476 1115
640 830
1118 590
412 1592
1220 779
528 1278
472 485
413 1408
1233 1249
1701 483
415 1010
766 543
1699 1057
656 1083
417 1274
791 853
1007 56
1311 676
1676 1453
825 126
1212 1514
1524 1027
1645 937
681 1571
547 1570
428 1454
827 906
1139 1513
430 738
1635 1337
1392 1201
707 1507
987 800
1026 1475
546 608
764 317
530 266
1601 610
436 231
1215 615
1614 1020
441 261
1124 259
1611 561
934 1411
444 928
806 336
1657 249
447 573
594 98
1513 823
451 870
1339 1381
750 233
453 594
1035 904
1662 331
1242 538
663 557
563 453
755 1562
862 200
851 1014
1418 705
575 1051
645 257
469 68
963 724
506 489
867 687
474 1399
475 464
478 1656
1000 967
875 181
717 1213
879 290
484 112
1340 1384
808 484
1556 970
489 535
1142 762
1425 1107
811 793
948 1004
902 534
492 1532
998 277
1267 1527
1157 270
1289 408
1309 1739
1609 1141
1467 1032
1396 335
1400 1639
1189 1689
809 1088
1067 1255
1077 1590
596 1479
732 23
1558 934
1090 836
1016 1601
1593 72
1648 1695
1528 1148
729 1642
1736 1632
849 217
781 1681
1689 1548
1243 10
582 1155
1545 1614
519 1375
772 627
1441 1024
521 158
1085 825
1093 66
527 1291
1525 309
529 138
612 1595
861 1147
1725 572
1143 346
536 1677
798 747
1319 302
1602 509
829 120
621 1081
671 1305
1251 1134
1027 1026
769 1491
553 1203
554 600
833 789
559 384
871 1410
937 1191
1089 1732
1112 45
639 1668
567 512
569 11
570 224
1276 1371
1369 1455
1568 1498
635 886
1605 649
1697 155
1322 1003
579 979
1304 1435
1123 1346
1650 1628
1193 767
846 617
1642 389
819 1544
1164 1333
992 202
598 952
685 41
1637 1174
1632 593
604 1046
726 226
1437 1169
1101 4
1228 1630
607 530
1618 1650
1419 1450
667 1202
1257 1664
614 367
1739 889
778 423
623 630
816 1328
891 1052
1714 137
888 755
655 1699
634 577
738 774
1122 711
637 161
1438 114
793 1610
1570 254
1698 357
876 1048
866 1672
1062 1315
939 1009
1638 675
1681 1069
662 1238
1733 1330
1515 58
669 1604
822 1143
677 748
678 1670
680 1473
1279 1518
865 1391
696 1452
1557 429
1294 684
1567 1382
1030 668
1356 150
975 661
1597 586
1474 1415
710 847
1201 1359
856 1735
1529 1295
1559 1228
744 794
1671 1023
748 1209
1357 59
1003 1316
763 1114
1178 252
947 337
1536 1593
1730 1563
777 1321
1187 12
1595 728
1064 1748
1355 361
801 219
1350 1535
1175 145
1647 565
868 782
1336 1196
1486 438
1732 1205
1643 279
1167 1302
1058 173
1469 1289
1213 1044
931 457
1702 940
961 566
1480 370
1292 320
1380 1545
1266 854
1415 1596
1252 833
1621 1503
1128 1430
1321 1434
1361 1457
1604 735
1633 1242
