0 477
1849 1033
1848 1533
3 536
4 1838
7 1427
8 1491
1842 629
1841 122
10 1617
1840 168
12 91
1838 354
13 367
1837 720
15 144
178 1050
968 1711
1754 978
1364 914
707 455
898 810
1619 952
76 1278
1574 443
466 1774
1116 909
820 604
629 813
1 791
2 126
5 83
1847 1439
6 595
1846 37
1845 113
1844 1760
1839 1096
1836 1209
1589 1251
921 1616
540 1315
201 284
253 1623
1002 158
135 1258
589 326
11 470
1843 689
14 33
16 99
1717 1456
208 1225
1205 1669
513 653
1235 596
445 998
658 616
1525 1335
1230 760
1246 1787
1785 1486
1526 351
9 1016
17 652
1484 462
837 902
1448 484
1321 1459
630 1493
1270 986
765 1392
260 79
809 1403
19 1527
1098 464
858 1055
24 837
975 1449
1104 1748
379 53
142 780
1772 312
539 1804
860 368
335 1421
1736 73
408 1201
103 1629
1559 159
965 1755
53 679
971 1698
18 250
872 805
1522 140
878 56
1024 1810
1550 842
190 1206
1641 1463
1351 1384
291 1398
939 502
842 1172
646 472
1271 1300
20 1120
21 1716
106 541
1699 1676
1068 874
483 84
1633 1158
942 1412
1395 257
22 920
690 1066
384 1539
1820 901
1161 1662
51 268
1612 1681
1644 558
870 112
1435 185
1110 1293
374 9
940 734
899 1263
1706 81
472 601
594 1593
1021 341
238 1585
38 1654
23 453
824 903
944 634
216 1291
1147 928
246 40
1293 480
1833 111
25 300
893 1438
479 703
811 1122
45 146
1494 418
345 648
1512 1468
1196 750
26 1738
834 911
1185 1555
1015 1827
849 1720
795 1074
1088 1289
27 458
1495 1369
127 1437
612 740
1062 771
1076 1675
451 404
1029 619
654 1434
1086 16
1502 1642
102 719
1636 881
1687 1721
1649 1220
58 876
255 686
1411 235
28 199
29 1568
1499 1652
1579 1185
1810 757
299 586
967 1758
173 1453
748 1134
1387 939
1103 1043
903 677
523 496
30 147
468 1154
637 879
1727 273
270 811
1123 498
438 1546
1712 94
31 1426
1831 1395
979 936
1018 209
725 673
1485 991
1326 166
1209 1350
407 486
848 1202
1055 1668
32 1280
1816 1454
151 201
591 1765
211 1161
1821 1793
403 5
1331 46
33 808
43 60
705 164
1534 1233
1394 1029
1492 956
294 1776
969 340
1043 71
1679 1303
34 1094
881 1845
61 883
1431 285
1665 1613
1584 215
1802 1785
1748 49
163 651
1236 828
695 1739
1008 1049
78 1622
180 955
342 981
1768 859
149 1405
609 302
1734 1648
1715 1813
305 967
1572 1195
1019 1179
1072 370
1543 325
715 1211
35 1059
36 1410
37 899
624 724
1229 1003
931 513
1412 840
341 1343
1312 1290
1647 59
1168 266
362 1673
458 247
67 865
448 1327
897 1360
1622 1281
319 1754
1830 1558
325 1639
461 1630
1610 1093
1263 1015
876 1781
1803 1092
494 1216
1244 176
862 304
645 908
39 128
932 1362
933 660
1148 32
663 1543
622 1338
1709 827
571 624
1261 205
905 1048
41 434
210 623
310 1564
1102 822
1050 223
148 793
633 256
519 282
284 1025
1729 1163
531 181
1439 1166
219 1071
40 640
784 13
1639 738
256 1341
111 1627
1625 499
321 766
376 796
1166 238
767 463
1357 1814
817 85
1454 1117
1258 15
302 274
507 86
500 1598
917 1620
1097 1749
1129 1706
1038 1803
1624 585
1568 1489
183 1572
42 1106
44 192
1828 1123
490 835
336 692
1587 753
1033 664
1114 1297
1458 625
1490 23
1660 1584
1756 50
923 511
46 227
1670 303
347 725
1544 1133
1757 492
47 1266
110 1474
1418 279
822 1651
861 1046
296 352
606 1325
129 416
300 1357
1474 322
138 1844
1742 1152
1111 1723
548 1051
1204 131
1601 1298
96 1823
48 755
949 631
1478 578
827 489
487 0
1521 1109
439 1317
641 662
1592 945
50 706
1724 1634
390 1789
727 473
1095 252
1268 872
170 922
370 1042
49 1012
1371 834
1755 1208
431 590
1224 1495
1174 864
312 1624
821 1386
1745 1529
356 852
52 1610
75 1507
1106 611
502 891
857 1041
271 630
213 1667
1819 1647
1306 1485
545 1026
1700 559
791 1828
866 603
497 1465
1338 1807
761 45
1283 1548
309 1505
511 345
1557 1301
1363 858
801 844
1817 452
1237 1086
54 854
55 569
189 657
847 173
1542 1771
1152 1484
1126 1824
1576 538
1590 1345
1014 562
1090 1150
56 1736
826 335
1491 543
474 717
1675 1053
1119 451
1285 509
1637 1534
375 102
57 1169
997 1843
1073 307
1506 997
1617 314
1415 1024
234 1255
577 460
1243 851
198 1799
1118 1687
214 814
1451 332
509 582
326 422
906 1391
59 943
1407 726
533 573
749 336
169 1693
154 1501
307 1643
1795 1008
642 1515
833 343
141 1699
1289 772
69 88
415 1190
60 485
735 972
652 402
430 792
671 7
333 1285
1613 1509
1718 1686
1107 1228
1006 261
1084 1313
1173 1820
132 1822
66 1462
217 423
1366 344
1045 1112
585 467
63 253
157 449
1007 1013
123 1040
1778 154
247 701
1498 579
1004 411
1737 1052
193 1645
1571 756
64 1222
133 1591
385 1252
1799 1272
1052 400
951 1636
512 1098
65 1385
1200 1597
383 594
1423 743
124 260
398 317
1180 773
62 1219
1286 534
1436 482
1280 442
481 334
248 431
560 830
1618 22
239 918
1663 254
632 1588
1599 934
324 1794
250 1347
1708 1242
1509 583
536 1713
841 143
787 330
1305 1452
331 1155
1332 328
68 1103
503 1380
1109 645
1329 1107
486 1476
794 1191
1226 1164
1719 784
1203 202
1304 777
1728 713
919 860
268 47
1078 960
1691 515
71 1695
619 1128
1339 246
220 1283
908 1436
785 1734
1791 1277
720 993
686 1724
1784 1091
1789 1607
1580 1664
464 1340
454 529
1217 1544
685 177
70 206
1142 1729
1564 116
1437 1826
73 1373
218 118
1349 1550
215 790
301 747
1159 1010
568 1287
516 1319
1245 1019
1628 896
907 457
1382 869
1124 127
72 1473
74 277
889 843
1398 1148
1605 1510
308 1259
1386 296
241 1573
1295 1829
1381 72
1264 944
760 1407
1566 700
77 135
990 770
449 966
1348 1333
672 1229
1178 428
631 587
338 524
1781 311
109 1196
611 1295
1419 1307
823 495
79 1234
459 547
1031 849
1442 324
1672 775
1609 1832
814 1536
388 612
498 52
726 647
1476 684
610 65
557 363
710 1722
287 432
80 6
100 984
924 469
1067 1311
81 913
275 338
877 615
1158 1236
280 160
1359 1372
1489 1522
1193 1680
1153 204
83 1492
1631 975
1731 1183
444 1320
84 239
130 1487
1408 1212
395 1477
1234 403
89 75
82 778
85 1178
1539 348
316 390
934 556
105 863
1054 1352
1352 1004
1154 910
1005 861
1172 620
480 1248
86 441
1036 1470
984 839
941 1140
1215 1132
290 1684
87 283
1241 1030
900 316
838 1811
783 1364
1738 308
747 818
473 1231
337 531
1048 505
1777 374
262 309
1207 1769
1140 1451
1783 1267
1760 961
739 912
1722 825
896 656
88 893
90 1323
955 417
1030 28
1472 1682
1773 1081
1583 1404
93 1243
1210 1118
99 1600
850 405
1585 1009
696 406
1113 576
613 1124
1798 1064
863 78
976 1532
91 142
92 1153
282 152
1120 461
158 396
196 271
153 1235
1274 1326
1089 1751
729 592
1558 748
698 930
1034 55
411 696
638 1448
1194 241
1354 1586
126 306
236 1115
1668 221
119 1316
588 561
1483 674
981 323
1003 134
855 1411
1057 1224
1046 1773
94 1294
95 1576
668 1419
436 74
298 1802
712 269
1298 293
660 1609
460 621
1010 675
447 1708
966 1777
1074 1365
391 1553
846 1478
462 1237
1083 1753
97 826
491 539
627 1397
1066 493
413 1657
417 1581
945 618
1346 194
233 973
665 1472
547 550
1422 68
904 1831
703 401
98 1199
1150 356
1510 1321
1254 1788
713 1138
525 1260
1302 707
1277 1089
782 1007
1425 494
777 870
1455 331
804 1067
101 365
1358 327
596 34
288 921
565 1082
529 786
920 1450
1071 2
753 716
224 982
1570 1432
1689 522
165 1481
884 817
677 557
1053 1084
806 172
1307 916
1658 1746
1678 1842
987 1387
414 1500
1026 1694
1733 487
435 1566
552 437
1079 857
913 1244
792 1177
104 1743
205 812
1621 609
476 985
750 1023
1292 1782
160 977
429 950
1749 1356
1383 153
1356 1603
366 1354
107 512
108 563
1695 957
416 1480
1187 1707
274 953
1297 1520
1429 951
1445 1072
1782 613
742 877
401 107
527 988
910 169
212 1001
1141 1712
1546 1796
1291 291
528 27
380 1514
922 819
807 1709
112 228
1343 1002
1212 61
683 151
732 690
1181 1156
393 940
1169 758
1586 1257
113 174
1688 1034
175 1101
1443 1355
245 210
1694 614
168 1250
272 721
1711 1835
188 1632
1710 704
469 100
772 1759
115 1732
879 376
1092 884
425 682
816 150
1405 1488
1698 1028
488 638
1632 553
114 1766
116 1070
691 1817
1655 1469
1341 385
1167 980
117 519
1462 280
1322 655
1232 475
1157 1149
118 1402
377 1592
1131 633
818 1552
1501 446
1518 1556
1578 66
1231 1162
757 255
954 21
1447 1075
958 1562
793 610
815 1165
1677 1139
625 799
854 191
276 270
874 1045
962 1702
873 1349
1310 1744
1523 1036
1739 1197
120 1204
121 149
278 189
328 67
1648 106
1752 1819
155 408
505 212
1267 1725
184 230
701 379
122 581
314 10
843 668
1367 989
988 723
970 1215
1602 1614
228 886
1743 523
1400 641
575 1181
974 1768
746 412
544 1329
566 598
916 691
125 483
991 155
1603 979
1480 1151
145 82
1428 1561
836 237
176 1062
1242 286
1162 1286
1273 398
808 377
1477 1422
334 97
714 836
925 526
948 1342
259 219
128 1599
1620 661
762 424
230 1324
1629 1575
1826 1839
875 1378
1834 386
453 992
1468 946
1533 318
927 1210
662 1733
1497 57
1013 736
1567 1085
131 544
1340 1305
396 1670
1432 965
856 1818
603 132
1094 1038
441 1526
1115 658
369 670
786 297
716 905
1716 224
1208 1797
518 1083
134 681
1487 141
409 1174
1735 763
378 898
561 1441
1634 1656
1682 89
514 873
136 1276
1758 17
315 355
1540 1274
1788 39
137 1511
556 848
734 145
617 1714
1505 942
578 1612
485 1775
437 1060
1466 1517
1223 1282
1815 1057
615 208
961 1697
1517 1512
752 1547
140 540
1766 108
179 1268
926 1767
1233 195
1025 1239
1137 1545
946 767
1720 288
676 729
559 938
1520 1763
1214 117
972 90
865 685
1333 919
143 699
1545 806
172 1186
1186 43
399 845
776 528
277 1037
1804 359
1132 1528
1664 1100
687 1261
583 1611
937 1217
553 301
1475 366
1767 1457
549 347
1410 1508
231 508
1327 708
1671 1336
1666 4
1070 1540
608 76
139 447
144 148
146 1569
650 14
812 762
446 1730
147 1570
649 381
595 80
1135 393
1227 820
989 58
240 570
952 137
1511 218
1465 1770
150 476
1000 313
358 272
427 1198
1753 933
1656 520
152 1644
202 1809
829 1840
1426 436
892 1728
768 1339
604 1764
1430 165
405 1399
463 602
586 1279
1222 1170
699 1641
484 900
1424 976
422 1461
1365 518
1369 855
1747 1348
744 1458
1806 694
779 1090
456 25
419 1464
582 1254
156 240
1705 1104
1467 430
467 1498
1626 44
956 1671
953 1061
679 1690
1353 1379
1188 1502
1299 1830
998 425
1508 1353
1595 501
600 1097
864 226
1577 445
655 1108
780 20
162 794
688 163
1440 1337
1028 718
1337 897
159 136
930 833
1538 19
1812 1230
819 866
1686 1737
457 1159
751 1504
285 391
164 426
693 12
771 1044
550 1679
728 669
1044 440
161 1116
166 1088
267 787
167 342
1255 95
743 542
1192 776
957 1299
1714 1131
1058 671
1615 765
303 1388
1457 1565
1787 1099
1397 1423
1117 1816
1701 994
171 768
1099 593
359 287
504 759
232 361
349 880
392 481
258 606
724 1121
1417 123
1650 962
558 1621
1308 1601
546 693
433 364
174 1530
365 114
674 1780
1704 1683
320 1137
1427 1537
996 478
443 932
1673 1762
1133 48
1493 1414
1588 369
340 394
1315 1370
754 698
177 1130
722 1232
1165 1022
1112 850
1335 532
667 1587
947 1790
802 1018
1459 1678
813 1361
684 1497
404 101
869 207
1179 1665
317 1241
355 1296
455 1756
740 184
830 1417
181 35
639 892
1614 995
501 1772
182 456
1555 739
1623 1783
389 1265
915 1193
1593 1538
1657 1516
1421 1650
682 838
1276 1604
1661 225
580 1095
661 1455
1284 929
1751 51
185 358
1690 1288
1265 415
187 1594
543 554
1399 1240
894 1400
789 517
186 203
835 1113
264 974
1532 124
442 1331
1823 186
890 821
1800 1014
1554 471
1659 1635
1093 183
332 110
360 1619
496 1846
1597 742
1640 1521
871 947
1269 663
367 299
643 1144
243 503
192 353
592 564
1105 433
803 244
530 802
1253 846
1702 265
1108 232
191 8
194 925
1347 889
348 1595
1324 1752
1409 346
1416 397
618 1825
851 96
1438 468
1314 1579
195 211
1091 157
673 1551
1323 105
828 1701
197 1496
1807 138
569 454
465 54
1360 1322
756 964
1573 999
567 565
1414 474
1027 214
985 1351
199 1175
1503 407
888 1658
200 1020
281 1812
1290 622
1824 1726
203 175
1684 1160
351 1602
313 320
1486 1741
1809 1703
204 1292
1009 856
1813 572
853 635
1528 636
1776 715
206 680
1149 1273
758 749
1017 1719
1725 1157
1814 448
1762 779
1446 782
1296 1691
982 339
207 774
478 263
1176 384
636 1127
702 801
1461 644
1611 1649
1385 1247
1320 1306
1069 251
209 18
798 1638
1796 926
1396 1625
1391 1663
1350 242
708 26
1184 1615
1805 575
1662 521
626 577
1032 450
1642 1747
257 733
1470 650
406 1227
1281 969
1464 399
1482 1549
1741 1194
1536 375
1125 29
1016 1420
1516 1058
279 1180
1374 1847
883 1560
597 382
769 1836
1713 1574
868 1
1530 31
304 890
1764 807
1096 963
1064 798
1771 741
635 1499
1441 527
1228 200
1413 709
778 1168
242 1110
1190 867
1138 588
222 310
852 435
410 1005
221 290
223 1344
1012 646
1638 1626
1127 1416
1272 1757
225 627
736 746
226 847
227 1700
1345 62
339 1430
229 1805
621 292
963 389
1606 264
1596 337
704 970
508 1431
1811 298
1336 894
1288 196
1238 1167
1080 506
1654 959
1449 1396
918 295
235 249
283 236
237 1435
1551 93
880 1740
364 785
526 413
1082 1031
731 537
859 139
1496 1383
1392 937
1770 1304
1377 1017
886 1382
1744 1079
628 574
1651 1503
1355 213
244 797
1547 1136
593 360
555 1779
574 1559
1047 815
551 30
522 983
995 1444
717 607
796 1523
1763 1262
1393 1056
882 649
249 803
1368 1269
251 305
1171 1284
400 1375
252 555
426 1270
1189 104
1275 1710
1460 92
1042 1685
1653 678
1143 161
983 1518
254 465
1311 243
387 1409
329 1358
1591 1143
1607 702
1100 727
1145 1834
928 262
323 1314
1144 949
1206 315
1221 816
1473 248
261 1065
1023 188
1780 1524
800 459
1282 490
554 1801
605 728
825 349
263 1063
590 1142
1330 530
1829 180
1199 1443
265 687
520 1318
721 1368
1225 1394
266 220
1183 371
616 1376
602 276
766 744
1683 841
1325 198
775 1806
269 259
1765 1000
381 764
1081 395
1121 275
273 1837
1524 1076
1313 710
1060 584
318 350
1692 1393
1519 549
1575 667
657 730
902 1506
1779 1176
1303 996
1646 497
322 990
450 1653
1318 1479
1342 1328
1259 1173
1797 781
653 421
1300 466
1375 1264
371 600
1376 548
286 1021
664 1849
1761 41
1041 608
759 1135
1786 1413
1213 958
1379 427
1247 1605
373 1418
1380 1577
541 1578
1257 1310
289 64
382 42
1220 1205
292 987
648 639
599 1367
1301 605
293 1778
1693 804
1011 1390
420 831
943 1519
1832 1401
895 1808
1549 1145
295 1078
832 1494
1075 1618
418 1447
1453 643
297 233
891 179
1139 1571
1643 1408
730 69
1051 1833
1801 504
1560 754
929 695
1616 665
386 77
781 1359
680 566
1535 380
440 887
368 1715
1835 676
601 516
977 267
738 1371
1404 1815
718 1114
614 1490
659 823
1049 829
1361 1429
493 109
1039 1171
306 491
534 1821
741 1011
499 868
564 1182
1279 654
993 824
1548 278
311 1126
1370 705
489 1735
911 1253
1328 533
598 632
1334 597
1191 129
1059 1446
1759 617
1726 98
773 546
790 1513
1164 1563
1793 1727
482 1674
666 545
1825 783
1195 1531
1504 1750
477 1069
432 1249
938 712
1216 414
1513 1475
986 500
576 659
428 567
327 1554
788 1047
1378 444
1774 1467
1155 1207
330 1466
1562 187
1294 1054
1260 568
1122 321
1450 1192
1316 1129
1818 121
1481 388
1471 115
1669 514
563 1482
1790 1119
1514 599
1703 927
692 410
1769 119
343 931
1553 420
1604 924
694 1415
515 552
1740 862
344 761
346 580
1479 234
1598 1631
572 935
1156 120
1389 1795
350 971
402 1275
352 1245
1667 409
1676 697
912 1200
353 1583
354 1006
1680 1535
1515 1428
935 1580
799 941
1218 258
1250 510
357 70
1608 1672
1463 438
573 871
675 1346
1681 1440
361 968
810 1309
363 1366
1388 1628
1600 333
1065 1330
763 1792
1198 888
1556 1302
372 1221
1645 1689
1077 38
1344 289
521 1731
1085 1213
845 642
506 1188
670 1791
570 1146
1565 535
587 419
719 711
1792 1800
1160 1841
1630 24
755 373
973 1525
1170 1567
471 525
423 954
999 1646
647 1590
994 731
764 217
394 133
421 1608
774 1087
397 1374
1130 1238
579 1363
1001 1704
620 103
1652 1223
839 1077
885 1445
669 917
1507 1425
960 507
1175 1246
1444 1761
412 125
1635 683
1569 378
1808 628
1390 329
1827 800
1563 1184
424 1696
1732 1102
1134 1125
909 319
1456 589
950 162
434 167
1061 1111
1317 372
1262 178
1197 193
1707 1187
452 637
681 1541
844 1218
1372 1655
805 882
1561 429
1022 1203
537 1073
700 1147
1146 789
1020 1677
1730 735
1035 231
1266 688
840 362
470 1312
535 1105
1202 1214
532 904
1063 281
542 3
584 229
1182 1786
1319 1389
1278 1718
1697 87
475 216
1248 156
1309 560
1037 923
1239 1424
651 626
737 714
1177 1717
492 832
495 1692
733 1332
1582 1032
1420 1637
914 1226
1488 1798
510 1606
1674 1661
1373 1784
901 392
517 875
831 1742
524 197
1251 36
711 1745
709 1483
1287 722
538 439
1452 1406
1500 788
1384 745
1685 795
1552 1557
1529 752
1128 853
1402 63
1201 479
887 1035
644 551
689 1141
959 387
562 1688
623 907
1136 732
1401 1433
706 885
1723 1381
1249 571
581 1460
1240 488
980 357
1594 591
723 1596
745 915
1219 170
1541 190
607 1308
1775 182
1746 383
1056 1334
964 672
1627 1256
640 1589
1087 1660
1581 1848
1211 906
634 1705
770 1659
656 1442
1151 1542
1362 1027
1721 245
867 222
1696 1189
678 1068
1527 294
1537 948
936 1039
697 809
978 11
1040 130
797 1633
1163 878
1252 737
1403 1640
1101 666
1822 171
1433 1271
1531 1471
1469 1666
1750 1582
1794 751
1256 769
992 1377
1406 1080
1434 895
