0 1116
1849 533
2 1094
1848 181
3 1842
1847 247
1846 642
5 1592
1845 583
1844 241
7 1214
8 1590
1842 510
9 266
1841 1470
10 949
1840 318
178 482
973 1093
1766 800
226 481
922 1228
1643 1347
1602 1734
490 1139
1 474
4 716
1843 1308
1592 1282
1032 1430
924 122
544 104
62 189
768 894
1527 1644
275 150
859 1335
6 741
11 1015
12 1251
1717 1069
211 1020
1208 1160
1461 1336
1398 1739
992 1283
1258 1547
968 1806
1194 1268
1329 76
991 1206
1340 786
520 541
1207 582
1295 999
14 135
1098 798
28 1659
981 360
1110 227
155 1570
1786 676
880 1424
1715 1368
1762 1349
1661 1131
15 1741
1529 208
1036 426
203 1638
1081 1578
1813 1737
556 271
455 1583
106 1406
1703 91
513 34
18 15
492 477
1240 630
1647 1636
958 947
25 1224
1182 1064
778 438
16 808
690 92
858 1730
387 744
1173 1270
1556 239
1636 1435
445 1613
17 1097
374 1040
1056 187
1815 248
914 1161
1723 872
488 1588
612 593
263 1101
13 747
19 553
872 108
950 1095
1713 1701
506 921
385 1337
799 407
893 509
638 617
835 934
300 1359
20 303
834 1294
940 195
1235 1677
739 1343
611 1346
1257 368
927 87
21 527
22 598
1498 246
824 1221
1484 1008
1364 1715
624 1673
1034 1374
1082 1510
1095 1157
349 1245
23 1830
479 292
1092 1284
379 729
1635 1832
1265 988
118 346
1660 417
1499 302
1008 1711
878 486
954 1722
1824 1380
1126 1443
774 1419
876 1281
1128 1226
24 1332
127 174
1185 1612
472 1589
1068 453
837 1371
1618 1077
26 508
1834 411
654 1285
985 1670
1024 1300
1820 1580
737 1058
658 268
119 1175
1614 249
291 879
1579 1714
1550 991
164 1538
603 562
428 1653
1685 1601
43 1568
705 435
539 158
976 1657
201 395
797 1287
27 1464
29 837
1161 463
75 1172
1525 902
1451 1811
1608 1227
1827 19
30 36
1832 615
205 1196
367 763
31 696
1534 154
1586 965
1039 774
1253 549
1502 912
1732 124
32 206
33 834
1641 1720
1315 397
1650 273
1236 710
476 1044
1015 1432
433 1783
89 975
34 185
305 86
322 997
695 1208
337 423
1624 1257
35 746
935 544
637 1799
76 1155
1286 629
210 1530
1168 674
162 291
335 1725
1002 284
543 529
36 219
37 1431
794 561
1653 275
125 537
38 740
519 139
299 1785
932 1786
630 1587
1063 719
1649 345
39 1671
1828 444
310 851
933 1505
926 1710
408 1413
40 941
1497 545
1021 1482
1773 1041
817 1525
484 776
967 1572
1395 589
41 399
113 980
1454 456
848 903
1644 1034
42 1401
1458 750
132 1295
303 669
1830 1428
1756 1090
531 899
1134 373
44 1744
1670 951
1148 296
961 1708
216 1763
851 1702
45 973
1102 1220
399 1558
648 959
46 1823
1374 1618
435 1262
898 1480
1193 467
173 864
849 1604
47 660
138 547
78 1425
1125 970
1477 305
1724 41
1263 66
946 59
1326 42
68 649
1366 1053
1687 969
48 1028
49 258
1544 336
318 1726
663 948
526 458
1573 117
1160 190
827 1259
50 251
189 1665
1755 1768
302 938
1050 9
1558 439
458 812
486 1453
1689 781
256 375
1334 1241
1665 479
466 983
1146 1789
1209 107
997 234
1283 10
545 1414
500 188
351 501
1709 670
53 1237
1821 1082
52 898
1418 1376
1287 425
238 484
402 1491
586 1779
347 1253
1130 260
633 662
230 1025
533 1167
51 1384
54 380
764 379
725 299
179 1396
55 1152
1799 313
1076 1456
853 1650
1246 1004
594 714
166 1446
56 1113
390 332
336 666
446 255
57 505
870 1801
1407 1422
1722 1146
1113 404
1186 859
1394 503
1759 873
160 431
1010 406
1296 1471
1514 1199
1379 1197
1764 850
971 1016
59 777
136 0
388 175
727 1444
1382 1567
1803 1487
1396 1475
58 1415
1200 568
1594 348
826 369
1700 374
571 1812
589 1269
1587 738
61 1068
239 706
847 1383
644 1024
320 839
1224 1418
1625 900
60 1087
63 1162
250 46
1712 1581
1491 109
553 677
1129 1100
813 203
64 836
487 531
984 1236
1121 1772
65 1117
1430 347
1243 1788
1750 1109
66 1133
1663 876
1006 452
1073 785
1152 24
1363 1575
942 513
110 646
875 770
102 1550
732 651
1809 1027
1814 1793
861 1451
1203 538
503 1661
548 371
1705 765
67 823
69 1492
222 1761
248 690
1729 16
642 574
316 401
1175 874
540 1614
70 1351
780 1168
652 603
1627 1695
866 1194
344 74
333 866
241 1619
1388 914
1280 1080
1421 1669
665 1535
312 686
71 1685
72 1760
990 1299
1351 576
1547 1532
1509 293
899 862
1201 937
73 1205
338 633
497 1595
635 639
74 1754
449 1828
502 1018
1639 855
628 893
1285 376
77 987
459 309
629 693
814 915
1349 929
585 522
906 1847
889 70
139 1140
412 822
217 1370
1216 1156
1437 1261
169 611
79 1836
325 156
619 577
121 916
846 245
1376 214
1181 1461
81 557
1158 1192
215 1439
1304 635
951 684
80 1289
82 126
415 1436
1142 1678
83 1059
1264 1323
919 356
1442 1222
686 311
1436 1622
84 428
1210 1703
204 1325
1539 790
672 349
1564 1060
85 556
1042 1314
1485 1552
1781 1621
1584 1233
1798 1202
86 1345
1838 469
783 847
96 1596
1213 940
103 323
1765 1463
1672 242
1599 1074
1136 1658
1097 269
516 1610
1140 294
181 1111
285 1585
1123 475
1738 793
736 1537
1137 1472
726 30
760 1292
175 47
1298 217
1783 99
114 1239
321 1191
1609 1050
722 1810
841 454
436 1312
1305 778
87 166
88 614
128 1770
219 144
879 1817
90 1499
324 1006
660 1798
460 1021
1012 409
1470 451
158 58
1476 1699
568 357
220 1369
91 176
491 792
236 1246
422 1654
429 701
1365 827
258 1531
1580 1122
92 1469
93 1048
1150 1723
1785 703
1057 1688
1273 680
1486 1176
94 694
713 967
447 111
955 225
534 1276
731 1820
95 421
1302 1029
627 306
747 1477
1445 1373
1066 394
900 57
495 420
944 607
1096 95
97 1265
227 1201
1652 1459
554 992
473 1749
557 816
1782 1800
1668 1458
1617 1255
850 1576
821 743
1262 773
945 1185
109 944
98 1267
1358 1288
271 1736
489 130
1248 26
1079 1136
966 1634
567 1177
1760 559
272 737
549 250
937 580
99 1488
100 204
101 1303
209 1797
1629 1767
485 768
196 1546
1494 1474
1758 378
1510 142
153 821
1054 186
1359 1649
391 1135
1698 1524
425 1056
289 512
1313 1495
104 335
745 492
405 1728
668 1693
934 103
105 605
212 957
1033 413
1736 935
1483 1712
1049 844
107 1617
1343 590
1215 1200
1074 890
1141 1831
1662 1153
1153 82
696 595
270 446
108 1164
1711 1833
188 1615
1408 883
1546 1103
1438 840
1277 1656
213 907
290 592
683 1291
1423 1215
440 1560
691 1766
1589 1066
1688 197
348 259
551 50
1053 1829
782 1364
1089 1073
613 1322
840 990
112 370
1335 326
565 1075
1797 1260
111 1631
987 1824
1545 274
1505 129
1291 201
298 1317
1003 383
115 464
563 665
1462 71
1206 1386
869 1409
292 282
116 572
278 471
377 731
1674 1387
1831 310
1780 608
1590 958
517 1313
117 1778
921 648
1739 802
856 813
1350 14
384 476
237 578
528 1178
1220 1608
151 1385
120 1809
126 116
994 1529
1307 495
772 881
122 909
314 1513
185 1051
1174 1839
832 182
1620 1190
1710 1719
750 359
414 976
363 644
255 1003
124 1217
895 1705
1356 98
868 1302
993 932
123 382
1471 884
970 567
1669 498
680 1515
1520 516
816 782
411 207
1447 1112
1106 971
1131 102
1655 1091
1566 1729
465 1182
566 1501
1677 596
1360 448
129 963
1487 1706
1519 331
1745 1132
818 298
130 355
1642 726
328 33
1443 145
131 372
1761 63
1373 1036
1716 819
1312 632
641 564
133 226
409 237
461 1158
315 1193
454 1498
1533 736
1400 1758
986 918
134 1166
135 794
815 1717
1242 905
792 276
195 1746
1768 924
1025 1099
1748 653
575 679
494 1254
137 1794
403 1209
615 101
874 1437
1078 708
1267 728
1593 1338
280 5
1145 1827
1680 771
1772 650
141 136
240 1652
1339 184
140 1129
142 173
522 709
143 573
649 362
1735 1497
462 1503
1612 365
1690 1775
1135 801
1230 1204
1237 253
1804 1350
253 254
972 772
228 1210
400 1542
144 229
1422 1731
762 1163
1414 1043
1384 191
287 84
1455 1395
1775 377
1603 1054
145 228
146 352
595 497
842 1457
1440 1732
912 1037
346 13
147 985
148 1403
1812 224
1007 946
246 831
1428 1398
957 125
149 695
342 1235
1377 1083
1120 624
1695 1496
881 1757
150 1816
427 120
1410 1574
757 756
1026 48
650 891
1214 1065
1478 1187
482 1512
1682 1381
1115 1290
1474 196
376 1489
152 626
154 1334
1480 403
682 1577
863 618
941 1052
1613 339
1272 994
1381 194
1522 1165
1531 317
904 875
419 1504
812 1442
1540 1005
301 1573
156 391
157 1727
688 697
953 581
1048 1733
1144 1803
1000 526
197 784
639 1180
1561 555
1837 325
259 1628
463 539
170 385
518 424
795 1563
948 100
550 1127
161 843
380 1528
651 1310
159 1039
617 846
687 1481
1055 1150
1747 330
977 1408
1671 1598
172 1010
163 40
1061 1814
1472 1148
1482 799
165 487
1790 858
1829 842
370 1571
1062 699
684 1647
583 1818
1619 1844
306 1356
1666 202
352 865
734 1277
1521 1449
831 1548
573 205
1324 1382
860 1377
168 408
1195 620
1353 1298
749 761
728 904
600 835
710 1790
254 1641
1731 1151
1511 1049
167 936
443 610
864 658
1610 1070
1628 1584
171 1042
1155 1144
413 1642
469 1566
1543 443
525 1301
1517 392
604 1755
547 1599
670 1802
1473 625
699 1784
744 1740
1122 6
766 1319
511 667
729 1327
174 643
1094 911
1626 1462
1567 141
441 1627
1192 1549
334 1696
406 1353
176 1738
802 1076
679 1556
358 1426
1788 79
561 52
1615 880
1513 28
1684 982
276 897
1099 1366
1337 1748
706 1774
1320 1655
359 1557
605 628
180 320
389 1679
655 922
182 308
1415 720
1317 1483
1184 1055
177 1607
902 1762
1333 1600
828 384
819 138
1686 1787
890 89
1673 1511
546 231
785 20
1016 21
693 1211
184 599
779 1493
1468 867
1046 363
186 520
326 1541
1493 127
183 718
187 211
1165 400
579 1700
493 989
674 659
190 1357
1412 1632
643 466
508 815
1105 528
1117 1022
191 1119
192 301
915 1545
296 422
1800 1305
1585 857
1632 1078
708 584
584 1286
960 896
956 147
1029 702
1064 1500
1656 381
1369 685
193 68
294 442
588 236
194 1057
1293 972
989 233
752 853
903 1427
1149 1011
1708 1030
199 319
496 3
317 828
198 1602
200 1520
949 663
1281 1562
1835 1329
362 1473
1180 661
763 575
1807 1138
894 485
1675 1120
478 1843
202 705
523 1154
1347 1686
1787 93
1109 1623
618 462
1188 281
307 1478
1088 542
1091 1125
720 1667
1778 22
1810 1683
673 7
206 868
887 436
304 90
1308 995
952 137
1409 1023
983 1694
1172 979
1323 1704
857 612
208 1423
569 1780
1532 931
207 1320
1300 414
1805 1782
430 54
1640 1014
1393 222
243 954
707 1795
576 1716
974 523
943 1240
1753 585
214 80
838 586
1725 199
1043 634
1435 1460
1171 536
1297 164
852 1102
798 682
1427 1171
218 769
636 53
839 1231
279 1098
1727 1104
947 506
221 114
1391 1063
1506 597
339 1630
597 216
1270 177
1385 1639
998 106
223 1110
224 1243
822 415
225 1273
877 1071
740 1447
1530 1244
678 8
268 1721
355 37
552 964
1721 437
910 4
1044 654
751 1123
791 926
1080 895
1060 1372
1611 956
229 852
231 1000
735 906
232 1813
1456 1555
233 1796
1570 1554
1501 1564
234 322
530 1559
341 304
1554 692
1500 1629
235 570
364 721
1238 622
1551 1838
1553 870
1401 755
811 215
1523 687
598 1735
1441 1296
1189 678
264 1378
1816 1229
918 1522
1190 1118
1352 1084
886 1412
247 1045
796 787
1139 78
1744 803
1004 1379
1638 277
242 1684
529 1742
1020 1252
244 151
1654 978
288 688
1127 1147
245 869
360 1249
621 230
457 830
283 1315
426 280
1282 1219
1488 441
249 986
1276 775
1572 519
1314 683
1600 286
481 179
1058 1062
1596 811
251 1454
1392 887
1449 805
769 25
504 243
1371 565
1336 112
252 1399
1591 289
1245 998
448 1420
808 1523
1577 440
1607 1348
888 1170
928 826
1802 1533
257 535
578 927
1221 307
1460 1743
1399 459
1331 908
574 366
1023 854
962 1324
754 1616
656 1819
260 278
261 168
608 85
1345 637
1199 656
631 1625
1691 69
262 733
1355 1212
1823 238
1299 56
1792 1643
1196 1527
790 1603
1330 388
758 457
265 1724
266 75
829 361
1306 760
1779 925
1178 1707
807 264
1808 480
1465 283
267 1106
1481 524
1104 364
1310 1846
331 525
269 627
590 218
1784 165
354 499
507 1448
1706 1274
1535 1514
1380 31
1452 29
659 1624
1699 81
273 1411
274 1141
345 530
1183 329
1133 1186
1027 491
1361 732
1763 157
1059 1718
420 1771
748 1242
277 316
1646 72
1503 263
395 1009
1328 433
1318 1593
1038 657
882 223
1090 1263
371 1341
1819 1410
907 920
1424 1521
281 886
676 616
1683 1354
1495 1690
282 358
1041 1648
913 759
381 885
284 113
701 1375
581 171
1496 338
1404 1609
1571 953
1789 961
803 1393
483 461
286 128
653 1256
775 591
787 1416
1791 739
885 788
1429 110
931 1232
442 43
1325 1367
1693 984
450 343
397 17
1565 1342
1037 493
901 1689
293 1765
1432 753
1030 472
1826 232
295 860
368 1143
1651 1421
297 1769
1538 1805
1294 715
883 1835
572 478
1702 543
1795 960
1433 606
616 1307
559 652
1582 797
1368 833
1420 735
332 1485
664 62
537 432
609 1362
1752 11
1111 490
514 1032
1229 32
1604 631
995 1007
741 1516
1387 1565
538 1017
759 27
308 146
1370 1038
724 1250
844 1134
753 1484
309 1001
632 832
1072 49
1162 240
996 270
1051 213
1726 711
738 950
1342 838
788 507
311 594
1170 566
1549 1195
1231 861
313 65
823 1781
1256 952
1467 295
498 410
1516 252
1605 261
1013 551
1290 734
1011 38
1560 993
319 962
1743 856
1271 1540
1490 1536
1284 1278
477 901
323 1019
1657 1266
592 314
610 824
1411 563
622 742
1378 460
1301 1360
905 1248
327 1526
1413 200
329 1804
1737 588
1623 841
1344 1404
1548 534
330 140
602 340
666 1328
756 64
480 1198
718 820
692 1792
1697 418
340 1173
1108 550
1479 367
1254 1450
805 698
401 871
1241 977
1119 1114
917 1777
396 1807
1266 1808
1311 265
343 817
930 257
1622 845
369 1697
1244 1081
350 143
1633 1115
515 517
1269 892
1218 1569
353 910
1450 1561
1463 1361
378 1306
700 354
1309 134
356 353
357 1429
685 1594
1390 511
417 1089
1719 1452
361 1764
1588 1333
1085 863
421 783
1156 1035
365 1682
1118 1597
1169 489
867 1130
366 1159
675 552
1260 1238
1416 681
1383 1365
1645 1465
607 933
372 757
524 193
1667 393
1187 1311
541 162
373 324
1728 398
1659 1389
1694 159
375 430
1084 285
1801 312
1634 1640
382 604
423 1188
1138 767
383 1033
755 153
965 1841
1597 119
1261 209
599 689
911 647
1223 917
386 752
1740 621
1793 560
1741 333
418 1791
1431 796
587 1750
404 473
1769 1218
393 1637
392 1279
394 169
1774 434
999 1124
1701 1
845 97
398 636
1389 160
1070 23
1167 1849
1776 1687
1100 198
570 1675
939 724
1466 795
536 1088
1367 1445
1751 390
1292 279
407 1837
1757 1747
601 1264
1362 402
1568 1207
410 1145
1332 1392
1107 1666
1575 675
884 1304
1595 1400
416 789
1676 923
862 386
1177 825
645 623
606 1390
1019 88
532 1128
424 1213
1226 518
1811 829
897 1745
677 579
843 83
1754 212
560 77
431 878
1159 235
432 244
535 39
1069 818
667 554
434 1698
1375 749
810 148
437 804
438 1773
1512 1105
1157 94
801 751
439 61
464 1046
1630 51
891 764
704 1358
444 673
1219 287
596 945
1047 930
909 465
1233 35
1017 416
781 514
1707 1247
979 1579
451 1635
452 1061
773 548
1252 210
777 389
453 267
1279 73
761 1672
1234 609
1239 1407
456 483
1489 546
1341 131
1552 1189
703 468
1191 1179
746 1586
1202 1086
1067 1121
1274 691
776 1321
1071 1434
1116 450
1767 1402
1022 123
467 1680
468 1293
1578 351
471 704
1255 748
1166 262
470 1108
1319 668
474 1753
1537 613
475 779
1563 1331
1217 1662
564 1486
1419 256
1746 1611
1839 1821
1426 163
1794 272
558 152
582 1184
1542 1433
830 540
1403 1107
1354 1626
662 996
1322 1174
855 132
1112 1676
1348 1494
1014 1388
1770 1339
742 849
916 1663
499 928
1637 1280
501 745
1648 712
1083 172
640 449
647 445
929 1633
505 713
836 180
509 1405
1075 1539
925 115
510 1216
512 810
1018 167
712 220
1528 1438
521 1553
1065 1606
1681 429
1518 966
593 1502
1205 758
1515 1519
527 1506
721 178
1228 806
1303 121
1555 447
1386 889
1035 1645
1679 809
542 1318
555 133
730 1085
1678 494
723 1092
711 601
1143 405
1696 1466
896 502
1536 1297
982 1012
1154 1822
1796 671
1576 707
562 1397
809 1691
920 1845
959 18
1197 1751
1132 981
1704 334
733 641
577 170
1771 587
580 67
1559 327
767 619
1742 919
1124 1518
591 1417
1448 664
978 1271
1289 942
1457 1352
1164 387
1464 1468
1103 723
1225 1455
964 1709
1581 315
614 500
1009 155
698 1776
620 600
1212 149
1562 655
623 602
789 1309
1077 1169
1179 1826
625 1031
626 1544
1227 1582
716 45
786 1258
1204 221
969 791
634 1759
1444 730
1114 1840
1598 1142
1163 762
770 1534
1557 1508
646 521
1524 419
1040 396
936 1230
1147 722
1526 344
1459 1660
1822 754
657 161
661 814
1825 1149
1446 1391
669 44
1806 1756
671 807
975 192
1249 328
681 882
1372 1848
689 1467
1247 939
694 640
1734 412
1541 290
697 118
1833 974
806 96
702 55
1357 569
719 1651
1507 1543
709 1340
714 532
1288 1223
715 1137
717 297
833 780
800 321
1052 1674
1606 1605
1086 888
1469 1476
1346 1551
1616 766
923 1394
743 1183
1251 848
1397 60
1250 1620
1176 288
765 727
793 1692
771 470
1101 1275
892 1834
784 1363
1087 183
1817 913
1733 1181
1730 1126
804 1825
1232 1479
1268 1440
1278 700
1492 427
1028 955
820 342
825 1664
1475 1225
873 1096
1402 1326
1818 515
854 1272
1005 1681
908 337
865 1013
1275 1591
1621 571
1508 488
871 1441
1211 504
1338 672
1777 1234
1718 1668
1453 1316
938 12
1417 725
963 2
980 1509
988 943
1749 1355
1631 1079
1151 1203
1425 1646
1601 1026
1001 1072
1031 350
1569 638
1406 1002
1045 1517
1720 1047
1405 455
1093 968
1439 105
1198 300
1259 1815
1222 1507
1583 1330
1574 1067
1836 341
1664 1713
1321 558
1504 496
1434 717
1658 877
1316 1752
1327 1344
1692 1490
1714 645
