0 1752
1849 55
2 1684
3 175
1847 9
1846 1654
5 866
1845 544
1844 749
7 1351
1843 941
8 528
9 925
1841 1465
1840 429
178 1009
973 663
1766 1272
226 1439
922 1702
1643 1336
1602 1143
1 206
4 709
10 245
1592 785
1032 770
924 1805
544 1596
62 1152
768 895
1527 1074
275 1558
859 657
6 1458
1848 376
11 115
12 1342
1842 322
1717 775
211 667
1208 426
1461 50
1398 1742
992 126
1258 1709
968 72
1329 694
991 820
1340 162
1207 1590
1295 646
13 1694
14 1112
1098 1070
28 494
981 223
1110 1801
155 1829
1786 109
880 1238
1715 1404
1762 701
1661 538
15 169
1529 564
1036 1769
203 213
1081 481
1813 963
556 1319
455 805
106 485
1703 1583
513 1542
18 93
492 1624
1240 1036
1647 329
958 39
25 445
1182 225
778 553
16 1708
690 1157
858 1221
387 447
63 1108
1173 679
1556 847
1636 1224
445 947
17 157
374 1137
1056 1446
1815 191
914 652
1723 1608
488 506
612 867
263 542
19 1730
950 557
1713 65
506 691
385 1092
893 1167
1058 120
638 902
835 1818
300 1681
20 165
834 1153
940 1483
1235 490
739 836
611 1078
1257 131
927 1277
21 854
22 1338
1498 1470
824 723
1484 1139
1364 1410
624 693
1034 707
1095 1661
349 827
23 435
479 212
1092 439
379 257
1635 1830
1265 209
118 1413
1660 1615
1499 1534
1008 1718
878 149
954 1797
1824 486
707 1589
1126 1665
774 145
876 274
1128 454
24 582
127 1188
1185 897
472 884
1068 1513
647 972
837 111
1618 761
26 1607
1834 634
985 956
1024 1745
1820 889
737 961
658 214
119 713
1614 252
27 230
291 344
1579 1392
1550 220
164 1714
603 1207
428 609
1685 1250
43 299
705 1569
539 1743
976 898
201 1365
797 1344
29 907
881 347
75 617
1451 26
1608 159
1827 293
30 1046
1832 677
205 1163
367 1713
31 125
1534 1367
1586 829
1039 1091
1253 288
1502 419
1732 599
32 24
33 391
1641 957
1315 1106
1650 1532
1236 739
476 1720
1015 572
433 1535
34 604
305 1640
322 1368
695 88
473 1541
1624 868
896 1599
35 351
935 1461
637 965
76 22
1286 1067
210 1527
1168 56
162 729
335 1216
1002 1611
543 1585
36 1550
37 219
794 885
1653 457
125 568
38 394
519 655
299 1848
932 309
1120 1060
630 619
1063 731
1649 1715
39 644
1828 1052
310 420
933 1619
926 444
408 1102
40 292
1497 970
1021 1479
1773 156
817 53
1751 1521
484 286
1395 30
167 1376
41 769
113 123
1454 648
848 988
1644 1341
42 763
1458 23
132 886
303 680
1478 1098
490 1247
1830 757
1756 282
44 502
1670 375
1148 887
961 686
216 294
851 894
45 1503
1102 1229
399 226
362 832
648 256
46 767
1374 799
435 1834
898 272
849 812
47 1166
862 173
89 1726
78 491
1125 334
1477 1425
1724 1677
1263 896
806 1454
946 110
1326 388
68 132
1366 1237
1687 1505
48 1040
49 1402
1544 94
318 870
663 313
526 977
1573 1334
1160 151
50 1632
189 1222
1050 1591
1558 52
458 1267
486 1071
1689 1841
256 1630
1334 639
1665 1093
466 1707
1146 382
1209 1633
52 1265
997 1393
545 397
500 1438
351 1553
1709 178
53 595
1821 1688
51 512
1418 406
1287 1422
238 479
402 849
586 415
347 1343
1130 167
533 1121
54 1104
1283 33
764 1691
725 1637
179 1593
55 570
1799 842
1076 163
853 1660
1246 1063
594 826
166 1809
56 1284
390 235
735 433
1014 360
1771 1346
336 689
446 1759
57 724
870 1266
1407 1447
1722 1065
1113 423
1186 1603
145 545
1759 999
160 11
1010 1729
1296 908
1787 431
1514 1320
1379 566
1764 1299
971 590
59 966
136 493
388 1279
727 0
1396 436
58 1571
60 1099
1200 1716
826 1197
1700 1016
571 1580
61 987
589 852
1587 1056
239 150
123 1390
644 1013
320 1618
1224 1333
1620 1101
250 658
1712 998
553 586
1129 1617
813 1232
64 1516
487 1374
984 789
1121 99
65 1754
1430 536
1243 1813
1750 1080
66 44
1663 34
1006 522
1073 1064
1152 1283
1363 389
942 1308
110 277
875 127
102 1252
732 579
1809 472
1814 416
861 492
1203 872
503 1459
1457 603
1705 1472
67 1646
69 404
222 1832
248 311
1729 1529
642 1041
316 1087
1175 477
70 873
780 1400
652 387
1627 858
866 608
1161 1288
344 137
333 1579
241 74
1388 543
1280 1685
665 1682
312 991
71 459
990 312
1351 710
1547 1723
1509 1501
899 1360
1201 1133
73 1241
338 705
497 1054
635 265
74 759
72 943
449 1582
502 645
1639 1698
628 555
939 725
1285 1382
77 1576
459 560
629 926
1349 529
585 1648
1656 300
889 1522
139 1206
412 1601
1216 674
1437 1429
169 521
79 1690
877 1846
325 241
619 760
121 751
846 1231
1181 1260
80 1223
81 21
1158 1836
215 259
1304 1803
951 1507
82 249
415 636
1142 1398
83 489
1264 706
919 1198
1442 77
686 1353
1436 964
1004 414
84 1042
1210 623
204 395
672 243
1564 421
85 1406
1241 1560
1042 700
1485 43
1781 18
1584 1538
1798 1306
86 379
1838 234
783 106
96 1371
1213 1191
103 1211
1765 1233
1672 1274
1599 1823
1136 1094
1097 1620
516 1230
1140 611
181 1737
285 618
1123 621
1738 108
736 1434
1137 659
726 1122
760 949
175 996
1298 728
1783 1746
114 1817
321 1419
1609 734
722 31
841 1082
436 78
87 846
88 425
128 1489
879 1202
90 1689
324 569
660 1768
460 134
1012 690
1470 336
158 1077
1476 507
568 1775
220 1268
91 1824
967 102
491 1672
236 1751
422 1242
429 773
1365 1700
258 1763
1580 1156
92 496
93 359
1150 874
1785 1014
1057 1394
1273 931
1486 189
94 1048
713 358
447 1134
955 948
534 488
731 746
95 979
627 129
1445 1179
1066 719
900 41
495 1383
944 281
1096 1449
97 119
411 675
1652 903
554 254
557 1263
1782 986
1668 398
1617 1722
850 1328
821 1667
1262 411
945 1008
109 1639
98 975
1358 1258
271 1749
489 1519
1248 1132
100 303
1079 1725
966 577
1760 771
272 777
937 647
99 821
101 549
1629 1616
485 188
196 409
1494 985
1758 736
1510 1138
153 1019
1054 741
1359 1614
391 487
1698 1448
425 251
289 1584
1313 1696
405 1462
531 1578
668 859
934 551
104 1302
105 361
212 1612
1033 1760
1736 508
1483 310
1049 400
107 1825
1343 1815
1215 527
1194 803
1074 37
337 1647
1141 1084
1662 1294
1153 181
696 1686
270 1026
1711 174
188 210
1408 984
1546 823
1438 1079
1277 1699
290 571
108 187
683 384
882 1423
1423 1004
288 246
440 1407
691 614
1589 715
1688 182
348 1111
551 698
1053 298
782 199
1089 381
613 1548
840 116
112 290
1335 1378
565 922
111 1668
979 1116
987 651
1545 1050
1505 860
1291 1095
138 732
1305 501
298 635
1003 168
115 1105
563 1518
1462 372
1383 1631
1206 876
869 1059
292 1373
116 29
278 184
377 1669
1674 891
1831 1201
1780 338
1590 1536
517 284
209 483
117 514
921 474
1739 97
856 788
384 408
237 1355
528 1182
1220 1194
151 208
120 46
126 605
994 1243
772 28
314 305
185 962
1174 279
832 205
1710 1350
750 67
414 117
363 203
255 850
124 1474
895 909
1356 1193
868 1812
993 1354
122 546
1471 745
970 1118
680 819
1520 797
816 250
1447 377
1106 1426
1131 316
1594 101
1655 1652
1566 1649
465 755
566 1676
1677 153
1360 592
129 730
1487 726
1519 1291
1745 1753
818 640
130 136
564 1457
1642 1323
588 1627
328 16
1443 1551
131 596
1761 578
1373 980
1716 1183
1312 1452
641 1124
133 278
409 906
461 722
315 1236
454 148
1533 1187
1400 64
986 1081
469 1493
134 1467
135 1794
815 1643
1242 185
792 1264
195 47
1768 1364
339 321
1025 105
1748 1020
575 1537
494 519
615 211
814 1697
874 1317
1078 1403
1267 768
1593 1184
140 1432
280 180
1145 350
1680 1322
1772 500
1367 1313
137 80
141 989
549 525
240 1777
1339 1845
142 367
302 1733
522 863
143 727
649 98
1735 190
462 1430
1612 862
1690 1469
1135 1610
1237 1421
1804 817
253 1819
972 1218
228 346
400 464
144 1524
1422 1414
762 772
1414 547
1384 124
287 1781
1455 1348
1775 530
1603 670
146 654
595 1727
842 1369
1440 1485
912 113
346 1739
147 1736
148 287
1007 1511
246 1285
598 1581
1428 1315
957 616
149 950
342 737
1377 742
150 1044
427 1326
1410 1149
757 992
1026 932
650 935
1214 1257
463 1018
482 349
1682 1325
1474 410
376 264
152 750
154 1574
1480 1311
682 49
863 1115
941 1555
1613 1728
1272 801
1381 953
540 1055
1302 934
1522 1552
1531 1598
419 1209
812 1772
1456 1460
1540 952
156 1397
157 355
688 363
953 1835
283 192
1048 202
1144 503
1000 1205
639 85
1561 1621
1837 1160
259 1049
170 822
518 714
795 442
948 1278
1625 1200
550 1573
1116 1276
1576 1088
161 1796
380 215
651 766
159 201
687 638
1747 1811
1217 1839
977 289
1671 1488
172 468
163 1228
1472 1380
1482 32
165 82
1790 354
370 534
1062 1307
684 348
1619 1162
306 1514
1666 1773
352 69
734 216
1521 835
831 66
573 63
860 598
168 450
1195 802
1353 25
749 865
710 7
254 1594
1731 673
1511 871
443 782
864 448
1149 917
1610 1586
1628 60
171 463
1155 1021
1114 716
413 87
1543 1239
525 1144
1517 834
604 573
547 476
670 1151
1473 1546
699 669
744 330
173 27
1122 1100
766 1765
511 96
729 1625
174 461
1094 588
1626 744
1567 692
441 845
1192 458
334 1738
406 1023
176 1444
802 273
679 587
358 12
1788 475
561 434
1615 1692
1513 960
1684 1793
276 1780
1099 143
1337 665
706 1271
177 809
1320 413
359 114
605 390
180 1636
606 662
389 1158
655 402
182 1762
1193 1110
1415 1035
1317 843
1184 1687
902 140
1333 1389
828 1642
819 661
1686 1656
890 1712
740 1154
1673 1602
546 1549
1016 857
184 1408
779 370
1468 1399
1046 15
186 471
326 314
1493 1125
183 304
187 473
827 1473
1165 341
579 1235
493 824
674 904
190 1740
1324 1117
643 1645
1525 816
508 13
1105 1770
1117 1068
504 930
191 1208
192 1455
296 1587
1800 200
1585 1361
1632 920
584 1293
960 997
956 615
1029 1174
1064 1255
1369 515
193 1837
1429 869
294 1057
1132 1012
728 576
1293 141
989 194
194 335
198 567
752 342
903 800
1708 1441
199 787
496 403
317 1366
949 297
1281 1785
1835 95
197 1384
200 364
1180 735
763 597
1807 622
894 1420
1675 1301
478 1847
202 326
523 4
1347 1487
1009 526
1188 1496
307 1340
1421 176
1088 1767
1091 280
720 1597
657 668
1778 482
1810 924
673 976
1412 959
206 183
304 955
1308 401
952 253
1409 581
983 1613
1172 844
1323 1724
857 373
208 1484
569 1789
923 1843
1532 1655
207 460
1300 91
1805 738
430 1680
284 1345
1393 1634
293 452
243 1755
576 263
213 112
974 237
943 1651
1753 828
214 1520
838 1248
1043 1076
1171 929
548 780
217 774
1297 386
759 469
218 1412
798 958
1427 79
636 1436
839 54
219 1675
1727 936
947 260
221 1159
1391 428
1506 362
223 1456
597 221
1270 808
1385 1287
998 1490
224 981
822 1706
225 1058
1530 128
678 1828
268 227
355 704
227 45
847 1468
1350 585
1721 513
910 1786
1044 1363
751 84
281 627
791 467
1060 818
1611 1147
229 8
230 232
906 38
231 1562
232 1512
1695 1032
1640 1820
233 1783
1570 1497
1501 1131
234 1212
1623 752
530 1506
341 550
1554 877
1500 455
235 552
364 1704
1238 1523
1551 1838
1553 35
1401 978
811 1300
1523 1622
1441 531
1189 1292
1816 711
918 666
1190 1136
1352 1113
886 1261
247 919
796 1790
1139 1804
1744 1379
1638 229
242 1435
264 480
1020 283
745 1416
244 383
438 584
1654 1791
1127 1826
245 1477
887 1565
360 971
963 1090
621 1415
457 1659
426 453
1282 1710
1394 1164
833 518
1488 1806
249 517
1829 697
1572 179
1314 520
1600 1015
481 1339
1596 1219
251 1337
1392 1748
1449 1030
769 630
1371 840
471 901
1336 594
252 1195
1230 247
1591 1644
1245 207
448 583
808 778
1577 217
1607 563
1742 1003
928 754
1802 1215
257 1721
578 1370
1221 796
1460 1335
1399 505
1331 319
574 589
1023 339
499 1069
962 1498
693 983
260 905
754 412
656 1508
608 607
1345 1275
261 1628
1199 765
631 913
1691 921
262 1155
1355 783
1823 1168
1299 631
1792 1129
790 70
1330 591
758 786
799 1130
265 446
266 1
829 6
1306 147
1779 1396
1178 1314
807 806
1465 1827
267 1169
1481 841
1104 593
279 451
1310 242
331 343
269 1600
1784 130
354 541
1706 1816
1380 5
1452 1567
659 554
1699 1270
273 831
345 1075
915 1225
1183 1022
1133 1764
274 1253
1027 1451
1361 76
1763 83
1535 602
1059 683
420 1401
748 1254
277 160
1646 1150
1515 1705
1503 170
395 938
1328 1741
1038 814
1090 1161
1332 497
1819 19
907 625
1424 695
676 240
1683 681
1495 910
282 946
1041 703
913 154
381 580
701 864
581 438
1404 995
1789 916
803 228
483 606
286 1606
653 1170
787 368
885 848
931 810
442 511
1325 939
1693 90
450 795
397 851
1565 548
1037 792
901 1476
1432 323
1030 1103
1826 524
295 927
368 1011
1031 1203
1651 1028
297 539
1538 1362
1294 1663
883 378
572 374
1795 1290
616 1800
559 466
1582 285
1368 1256
1420 837
301 1500
332 171
1338 718
664 899
537 1491
609 838
836 743
1111 307
514 1810
1229 1653
386 198
1604 424
995 255
741 1280
1387 881
538 1251
1370 1554
724 1213
308 275
309 535
632 1107
1072 1842
996 10
1051 62
480 1650
1726 1792
738 427
1342 610
788 1795
311 781
1170 75
1549 1007
1231 1683
753 784
823 1670
1256 1034
1601 1045
1467 122
498 1544
1516 649
1605 440
1812 1089
313 1417
1013 385
1290 839
1011 915
1560 1771
319 1443
1271 1114
1490 222
1284 1073
477 103
323 430
1657 332
592 1575
610 928
1411 262
1557 1545
1055 443
622 1120
1378 1566
1301 261
905 994
1822 1561
327 830
1413 825
329 559
1737 1226
1344 1450
1548 1356
330 624
602 1831
666 509
1435 236
692 1761
1697 1494
340 671
1479 1347
1254 762
805 1281
401 660
1119 1693
917 1096
1307 462
396 1678
1266 1424
1311 1750
343 1259
930 1405
1622 266
392 393
1678 1556
369 1671
1244 1039
350 417
583 1227
1288 1433
1633 684
515 1526
1269 1808
353 720
1450 331
1463 807
378 1395
1719 499
700 1776
852 392
1147 556
1309 1135
356 540
685 1220
1390 804
357 1321
633 1695
417 161
618 1515
361 1481
1588 345
1085 575
421 633
1156 1031
403 61
365 561
1797 138
1118 1027
1169 59
867 186
366 1540
675 1097
1260 982
1218 1381
1416 911
371 196
1645 764
607 432
756 231
372 918
524 1833
1101 1486
1196 269
1667 40
1187 1480
541 317
373 1701
1728 1463
1694 36
375 967
1084 626
1801 1109
1634 1482
382 1043
383 1298
423 73
1138 1171
755 1192
965 1409
1597 1289
1669 1711
1261 1033
599 1840
911 291
1223 405
1740 702
1793 601
418 1269
1431 1180
587 1572
404 1528
1769 990
393 295
394 1127
1774 942
999 271
1491 357
1701 510
845 1234
398 81
1389 1375
1070 1464
1167 1592
1776 945
626 1385
1109 1787
1100 1635
570 1849
1466 48
536 523
1292 1778
1757 753
407 1217
1159 1172
1362 1782
1568 57
1082 224
1818 380
410 1062
1001 672
1107 533
1743 14
1575 142
884 1245
1595 1731
416 756
1676 1442
1382 1025
1177 969
708 793
645 1431
1019 1005
532 1204
424 365
1226 158
1318 1185
1811 1140
897 1747
677 267
843 641
1754 296
468 204
560 270
1528 139
431 1126
432 1189
535 1282
1069 933
667 133
434 1358
1375 107
810 1543
437 1377
1512 1492
1157 484
801 1029
439 1066
464 233
1630 320
891 1525
704 1799
1115 853
600 1629
444 923
1219 1440
596 937
1047 1719
909 328
1233 1286
781 1177
1707 1051
451 1357
452 164
773 1499
1252 352
777 642
453 1002
1279 740
761 1784
1234 628
1239 1123
456 632
1489 1186
1341 1037
1552 1165
703 1533
1191 1638
746 470
1202 1559
1067 1732
1274 1176
776 1006
1022 565
1376 1664
467 1504
1752 883
1578 1475
1255 465
1166 302
470 197
1319 51
474 600
1725 1038
1537 1330
1563 369
475 1662
785 1427
1419 1305
1746 1324
1839 656
1426 882
1794 1445
582 1146
1403 1623
1354 238
662 1666
1322 1359
855 1531
1112 779
1348 1604
520 333
742 1595
916 276
1637 1605
501 993
1648 1478
640 708
505 104
929 1547
507 1735
509 89
1507 875
1075 574
510 1509
512 337
1606 721
1018 306
712 629
601 17
521 356
1065 900
1080 890
1681 1083
1518 1798
593 1674
925 1181
527 437
529 699
721 92
1228 1053
1303 1352
1555 1017
1386 1273
1679 1510
542 1641
555 1178
730 1312
723 268
711 1766
1143 717
1696 951
552 495
1536 325
982 1196
1154 733
844 676
1796 815
558 366
623 1145
562 118
1417 1001
718 1141
809 407
567 1349
830 1391
1035 422
959 1249
1704 1734
577 1297
1250 892
733 790
580 1844
767 1240
590 1568
1124 155
1755 177
591 135
1803 687
1741 1774
1448 1175
978 340
1289 1304
1659 1564
1464 1679
1103 1061
1225 308
1164 1822
964 861
1581 244
614 1173
617 643
698 562
620 912
1562 1418
789 195
1077 1821
625 880
1227 1466
716 1517
786 650
1496 1673
1204 396
969 1085
634 371
1559 301
1444 1453
1598 318
1163 1387
770 399
646 968
1524 1530
1040 1570
936 1296
1571 558
1526 973
1162 1210
654 146
1459 1502
661 888
872 1303
1825 1000
1446 353
669 144
1806 324
671 71
975 954
1249 1199
681 172
1767 1437
1372 1807
689 678
1247 1148
694 1756
1734 1310
1541 193
697 315
1833 1495
1212 3
702 1657
1357 1757
719 712
709 121
1770 613
714 878
715 218
717 516
800 166
920 974
1052 664
1086 1626
1469 1295
1346 1318
1616 418
743 1609
747 537
1251 1388
1702 879
1397 856
1017 1411
1176 1331
1134 258
854 1190
765 1788
793 1010
771 748
775 42
892 813
784 1471
1179 833
1087 58
1817 1316
1733 1563
1730 1539
804 1024
1276 1814
1232 504
1268 653
1278 1142
1108 1128
1492 1372
1028 1244
820 1428
825 1588
873 152
1402 944
1405 1214
1005 1327
1197 620
908 1262
1475 68
865 685
1275 688
1621 1386
1508 637
871 1557
1539 1802
1211 239
888 612
1433 1744
904 1577
1777 86
1808 456
938 100
1093 1658
1071 1717
1061 1246
980 2
988 449
1718 798
1749 758
1631 1758
1151 248
1425 1332
1569 682
1045 498
1453 1309
1321 20
1542 794
1791 441
1720 1047
1083 1703
1439 1329
1198 696
1259 940
1222 914
1406 1086
1583 1779
1574 776
1836 811
1327 893
1664 855
1205 478
1504 747
1434 791
1658 1072
1692 1119
1316 327
1714 532
