37 47 0.14016228540397618
16_25_49 84 0.06032129661294297
30 70 0.0012877773999122456
67_79_83_85 53 0.23817228375890204
3_6_14_48 91 0.11988432242573988
22_39_58 90 -0.02905036579180325
9_45_59 84 0.02545390336455986
9_45_59 75_88 0.06590080753949307
32 42 0.0327306615248877
53 54 0.03840081826359263
41 54 0.021695984220133732
69_73 31_55_62 0.07657782728479161
77 4_5_28_38_46 0.006600914677975018
21_26_51_60 71 0.006575689581993253
18 67_79_83_85 -0.03850100182204232
89 15_34_57 0.004449912186906711
76 16_25_49 0.3555813190319481
82 84 0.2564070127139924
17 23 0.2126616718274661
29_36_52_63 8_44 0.01857190441278448
10_27 69_73 0.04274322617673622
65 77 0.12366024313921753
22_39_58 47 -0.039408942215621925
91 07 0.0019245783248260406
20 17 0.013833079321395268
42 8_44 0.1591205000127104
01 29_36_52_63 0.1357535819033372
91 13_43 0.0023314308083161595
33 31_55_62 0.04878103664468629
54 11 0.019760503738511473
35 61 0.08052438111026372
72_81 69_73 0.06467296510871501
69_73 75_88 0.015856525447381246
65 75_88 0.06013304606878138
21_26_51_60 41 0.04638563783783048
78 22_39_58 -0.060208763695412074
40 47 0.018266535363812196
41 29_36_52_63 0.10342356707425532
24 40 0.010297118431998114
15_34_57 87 0.25976027360069953
78 66_68_86 0.28315909089427316
76 80 0.017115302133270716
65 11 0.12732438608254104
13_43 17 0.07517315771614871
24 74 -0.00356490968182671
24 3_6_14_48 0.013775412357226633
76 32 0.00979590983153859
30 01 0.08657615166582924
82 69_73 0.03482748597999649
22_39_58 82 0.09866831859386863
32 84 0.0225029089231289
40 91 0.010172176082009696
35 74 0.01677886279237472
61 30 0.2690929633288066
76 37 0.0017179088287606389
74 66_68_86 0.09491210419591406
35 20 0.08672837428482003
89 24 0.04070577110094774
2_12_19 17 0.014443273879879268
67_79_83_85 41 0.0019836714124591565
56 29_36_52_63 0.10998540236806521
30 40 0.04317019827478259
50 21_26_51_60 0.05180127320902376
65 31_55_62 0.12599134345204094
77 47 0.09161538543701567
53 84 0.003974187037514638
67_79_83_85 37 0.06483289688214477
53 32 0.042402411264943624
30 2_12_19 0.27697488086369065
70 33 0.0011197025177661435
17 33 0.062311424710810526
74 71 0.010283806963381506
4_5_28_38_46 31_55_62 0.038686511933716056
37 53 0.0371825021366999
23 42 0.030715579682937963
18 56 0.006383262089293318
80 3_6_14_48 0.006516613078938428
53 9_45_59 0.02721365662828241
53 31_55_62 0.040282621534482636
41 07 0.012531812149529434
70 23 0.05541146604248448
53 3_6_14_48 0.18480198059609754
50 41 0.036264947267253524
61 2_12_19 0.036374616984416644
07 71 0.028093661768787755
18 89 0.1988074236309968
18 76 0.008085348430543534
74 90 0.01737471663208916
16_25_49 29_36_52_63 -0.03196933994448593
50 07 0.04241682727452803
35 56 0.050371720257410366
50 32 0.07020386663232195
87 17 0.05953603684875956
9_45_59 8_44 0.01247349744807393
76 70 0.10144716606874368
13_43 29_36_52_63 0.005900460244603953
37 8_44 0.06742597622721486
30 24 0.0027486143628409495
89 64 0.002451269128402413
17 75_88 0.042556855849773256
78 21_26_51_60 0.056497549811404625
74 10_27 0.0077815895184587935
77 23 0.0005704362761790413
50 53 0.08331841002288065
24 17 0.23053398077206622
40 71 0.011789111142934848
23 4_5_28_38_46 0.05042463798529833
53 74 0.005451914102413171
4_5_28_38_46 69_73 0.14387416576807283
37 91 0.011621099949192523
22_39_58 66_68_86 -0.033178275291179435
01 23 0.07126037176786253
18 30 0.026829860171825856
20 74 0.13241793282776365
65 42 0.15050828628707977
76 3_6_14_48 0.013648299442770068
89 30 0.28732431540542325
24 69_73 0.022144765980059697
70 77 0.12759250016727752
70 65 0.06526432897151949
64 90 0.014281992411919665
53 07 0.03327825510743501
35 21_26_51_60 0.012246982969605903
24 33 0.08532129997634397
40 3_6_14_48 0.006889440614300241
22_39_58 29_36_52_63 -0.0074201935238261095
16_25_49 8_44 -0.03332447344502751
35 2_12_19 0.004181400453146843
80 42 -0.013007917326526399
24 15_34_57 0.07414742677996092
30 87 0.16492897883546895
78 15_34_57 -0.009683682405830944
4_5_28_38_46 42 0.11256428045696934
29_36_52_63 54 0.06681715334595953
65 33 0.011044384946092839
40 37 0.007426849222256667
11 71 0.006944288930771226
01 20 0.026660361627745932
67_79_83_85 90 0.05656329141173457
42 75_88 0.03432355529391187
89 40 0.040418038441900284
18 61 0.1067494815056047
37 66_68_86 0.014039684586680808
40 16_25_49 -0.005527729646363869
22_39_58 23 0.012377049157371384
64 47 0.04565997545535981
70 75_88 0.07715126205807497
24 75_88 0.09870662717812576
70 91 0.12093161137090713
65 72_81 0.02366209353525637
74 8_44 0.14485963495942944
33 11 -0.039336913082501215
01 87 0.022678238141486198
56 11 0.24795279659290376
01 54 0.16836157244548497
80 77 0.03462437442896148
40 2_12_19 0.03278050609594742
40 87 0.09633811481032503
2_12_19 91 0.008514595386142888
35 29_36_52_63 0.059856357545178776
91 77 0.1674603584242199
40 8_44 0.017892537573072548
71 8_44 0.027169273077748732
24 87 0.06524176528851808
32 8_44 0.17293186197430147
17 8_44 0.0038790656989791446
50 3_6_14_48 0.0653762814269224
53 17 0.039224864974282146
18 24 0.03239001697420271
33 23 0.11696471788923166
16_25_49 90 -0.009386630310406777
72_81 84 0.35725227149284056
15_34_57 75_88 0.01842017759569761
91 23 0.09859125356709803
64 91 0.012269067074597722
32 77 0.0025898797662580004
82 72_81 0.061095728617259495
37 4_5_28_38_46 0.14530617704108603
9_45_59 71 0.03629520422325501
31_55_62 75_88 0.05807109373891825
20 29_36_52_63 0.010256284789625453
61 20 0.08090896921008696
35 30 0.029672007783994737
89 65 -0.031799186801306834
84 8_44 0.010963096714681982
78 74 0.2829438952539415
3_6_14_48 32 0.04245354111117585
65 4_5_28_38_46 0.11489692980108757
74 11 0.023522999266148117
18 01 0.006309705846061259
56 3_6_14_48 0.020535152468755875
89 61 0.21856531412685534
8_44 47 0.10432447517986676
70 3_6_14_48 0.03928262140890525
20 8_44 0.016456393992311975
22_39_58 50 -0.005263300233052378
32 47 0.01753802277081805
64 9_45_59 0.03574136511209165
07 90 0.06960047739269805
20 07 0.006045034565411391
16_25_49 20 -0.012714909208870454
24 10_27 0.1177282208110996
80 50 0.016298163379506354
67_79_83_85 50 0.03510782505554576
33 84 0.02195650345299792
72_81 8_44 0.07865622242053696
53 69_73 0.011342708961790161
74 69_73 0.02209585874606089
40 21_26_51_60 0.09825474684836119
07 33 0.003894240665611991
77 42 0.03932605464499186
10_27 87 0.00723507236960071
16_25_49 11 -0.01637016090052056
41 91 0.11736585774943895
77 8_44 0.023106363649258287
84 42 0.09775871648516114
37 31_55_62 0.12237009674638327
3_6_14_48 31_55_62 0.031703225063545865
84 69_73 0.015189799530778876
70 50 0.01922633402564595
41 10_27 0.03573173377395643
80 29_36_52_63 0.0391556208033573
64 33 0.013048176665769925
20 66_68_86 0.15406265097540983
40 01 0.0067180151079629
47 90 0.05448620919098714
72_81 4_5_28_38_46 0.038491693551780476
32 54 0.0051753511792723625
56 64 0.07478993292429319
15_34_57 65 0.002677816813364157
24 23 0.10504210549648182
3_6_14_48 77 0.1069619758262453
53 29_36_52_63 0.028069430002930267
66_68_86 29_36_52_63 0.15187299178203567
4_5_28_38_46 8_44 0.1192242724870568
50 9_45_59 0.15667876641178857
3_6_14_48 29_36_52_63 0.07681575069866459
35 01 0.048925719216443855
87 33 0.05758847559356457
37 42 0.03842067301687775
80 13_43 0.1280163859602172
67_79_83_85 31_55_62 0.009318659155559163
61 29_36_52_63 0.02255992712727766
67_79_83_85 22_39_58 -0.17331655588740344
21_26_51_60 9_45_59 0.10939879360933952
10_27 13_43 0.014240463199064822
41 9_45_59 0.24422516621829432
54 71 0.12701819895309802
76 50 0.0049215318051924325
23 75_88 0.12300444451684447
2_12_19 87 0.05563735915646652
56 37 0.015729030625010285
74 29_36_52_63 0.03650981072958838
3_6_14_48 17 0.0366181522578132
13_43 75_88 0.07258494196067186
53 41 0.06592772002068935
91 29_36_52_63 0.04993390820027643
10_27 33 0.12776411828646028
54 07 0.08271214451489256
70 31_55_62 0.02415850650999003
37 07 0.012293306257047866
24 82 0.04762120874705644
35 40 0.12650333642390138
77 31_55_62 0.003064964786954126
33 75_88 0.046470369010385766
56 71 0.23274145061565252
15_34_57 2_12_19 0.351683562752908
18 40 0.10049777764177333
24 22_39_58 0.023002614117388208
30 20 0.043067426875018265
10_27 4_5_28_38_46 0.01302719470175152
70 64 0.080982997274933
64 29_36_52_63 0.026186809661789098
40 20 0.07929111025097293
80 75_88 0.02370193068692515
10_27 31_55_62 0.07988841971177207
30 07 0.008913754161782538
9_45_59 72_81 0.06722808689997
29_36_52_63 07 0.018225862457372184
35 32 0.057084352598171614
40 17 0.05534963421776949
01 75_88 0.001815815307746635
80 53 0.06931358077759639
76 22_39_58 -0.01566663120940694
32 13_43 0.08858036622274029
67_79_83_85 47 0.050599475527523335
70 2_12_19 0.006753282084018679
89 35 0.19772534186325422
64 37 0.0025714654688168
21_26_51_60 74 0.0175565896377228
76 56 0.009229540392623112
40 33 0.022856712735852
13_43 31_55_62 0.0025069837925006935
13_43 77 0.23340972790629994
82 42 0.10426594135415654
91 10_27 0.005969233949409706
9_45_59 13_43 0.0809132997077314
72_81 42 0.013630230827396467
01 2_12_19 0.009726370175450255
37 29_36_52_63 0.021802026098739467
64 13_43 0.03523613713061358
24 91 0.08173839294025592
18 35 0.02059429615753853
30 17 0.02091157811775504
65 23 0.08442813885826186
61 01 0.05881372657352388
18 78 -0.02224020699103826
76 53 0.018398080162294054
29_36_52_63 47 0.027484256655995763
4_5_28_38_46 84 0.05118022098527013
78 82 -0.04521881317573602
3_6_14_48 10_27 0.07365564844690516
3_6_14_48 69_73 0.07447767797367089
35 66_68_86 0.1144146594001279
80 21_26_51_60 0.09014829432695756
91 33 0.03359675672609451
10_27 75_88 0.0644032473523373
29_36_52_63 71 0.03191082634539426
15_34_57 69_73 0.007637294096429875
22_39_58 42 0.0345698229746685
