0 1537
1748 1203
3 597
4 728
1746 779
5 346
1745 702
1743 801
8 1421
1742 778
9 1614
1741 1653
10 223
11 679
1739 848
12 1475
1738 88
13 553
1737 981
14 948
15 10
1735 917
178 822
1375 1575
228 752
429 698
1477 1634
440 53
479 1610
1215 736
1646 1354
1731 860
1625 1605
1 916
2 500
1749 523
1747 711
7 641
1740 1698
16 619
1572 1663
1044 442
994 1100
1458 498
696 681
1516 663
835 1214
1066 1083
624 767
317 871
81 725
1585 73
627 391
17 175
1717 191
288 667
1274 52
1596 1619
1198 990
62 323
1254 1627
1553 942
1603 721
140 1218
1143 1241
1024 206
1744 423
566 1051
1068 1088
1408 1543
259 1228
1151 1209
1591 445
541 1417
103 1514
1231 321
6 216
18 1291
19 717
1098 1683
435 479
222 1181
186 1121
1128 1000
1255 1499
465 881
331 1473
1355 1289
651 508
1302 1221
558 538
538 1204
1187 369
1298 1590
731 449
20 1526
195 1344
1671 177
1256 1047
513 203
689 387
1113 1640
1449 81
22 146
711 1520
1205 483
94 904
86 235
106 104
310 182
724 628
1346 1495
281 796
1061 418
1322 1086
21 1600
690 625
107 351
460 683
374 1720
121 22
1631 69
434 1457
1094 436
23 241
370 1669
589 408
356 1276
968 865
1091 611
988 1729
796 67
1339 21
24 201
1670 299
1097 1389
264 950
1694 705
219 743
1684 540
1306 994
623 121
25 1731
893 91
279 1057
897 79
359 1311
779 1482
584 923
1392 550
1174 444
753 1749
958 507
567 930
1455 1390
752 1553
528 1577
26 693
826 775
1648 1557
130 490
421 1528
27 784
1692 238
933 1150
1554 248
1568 629
1363 243
1155 1091
781 1651
28 1541
1102 1359
1237 1394
344 1615
36 110
457 1407
706 612
636 759
799 1393
1145 952
1342 1430
29 615
1499 85
1175 1073
369 561
422 1219
509 1148
1045 969
1414 843
1537 692
95 1471
980 354
1159 771
1608 1708
30 291
898 1737
878 295
1617 1351
1236 1115
1239 135
824 1363
1611 57
31 749
61 400
1413 312
49 1071
784 1604
668 277
32 1674
291 484
76 868
155 1744
129 147
1177 528
474 290
912 1565
574 385
1111 572
1071 1253
576 1382
448 140
644 1072
1713 1461
1586 621
33 1425
43 76
698 403
244 161
1131 842
69 42
1008 353
124 906
1491 755
1009 1468
34 170
881 1432
469 1567
167 549
1734 1357
407 1505
1618 410
1001 213
1252 1295
35 1158
539 1439
1161 869
722 742
253 96
341 1511
851 609
747 832
1092 188
930 512
920 782
1715 1463
1510 318
53 762
91 568
557 1576
1210 11
135 915
1511 1558
199 955
1517 664
144 1335
777 547
762 1670
37 1503
431 224
364 1485
423 1064
54 12
654 379
1427 674
38 1297
1641 1079
1297 988
1627 56
628 1549
1574 851
650 1732
765 1178
230 878
951 1415
395 1508
785 485
648 1680
783 264
163 1009
173 1534
1371 1189
1323 1328
316 61
1599 1025
902 367
40 1445
1005 82
1025 502
488 1226
1315 302
250 744
41 1416
209 554
1136 1747
512 1645
805 1343
978 428
1268 560
408 1699
175 773
42 890
911 0
909 905
1023 1110
996 695
1387 260
201 231
122 477
354 731
1204 358
238 1048
39 97
1320 1455
552 1042
608 710
1284 421
44 1168
1575 1106
1073 1262
957 496
797 873
266 1138
45 694
1561 1408
1639 1517
1053 1413
82 723
47 45
60 646
794 504
1250 584
365 272
1454 226
1189 1174
319 417
1352 6
46 492
876 781
236 329
467 635
1486 587
1157 422
330 1127
1588 1024
1060 1438
376 465
1541 1059
223 494
301 620
1089 251
1686 644
565 1102
98 455
48 624
120 1031
1182 382
1184 1249
1703 1224
1573 856
1562 1377
1316 1208
594 894
1725 89
50 142
1655 1620
1096 1639
631 1400
727 1213
179 443
336 537
1259 949
1543 1037
51 724
1405 1081
587 1676
1664 900
605 1548
1442 792
52 1530
853 416
1690 5
1406 1018
1069 1633
1598 154
1651 1013
200 162
1126 374
1476 1550
548 1012
405 591
1195 297
1333 1341
172 70
629 1162
246 1144
840 1560
1666 1710
156 286
699 1233
307 1705
550 1207
688 741
1386 215
207 976
1465 1015
718 1231
1660 1422
1230 401
55 1339
189 415
208 1591
1344 501
938 327
193 622
1497 1234
1283 973
1399 666
646 998
669 187
170 1137
471 690
57 313
997 857
742 795
817 137
185 1087
656 639
1463 1085
287 1278
946 1716
56 1655
58 1531
1711 306
1481 1237
1712 1474
393 1641
634 1521
521 1337
1434 992
1141 1629
1354 746
803 970
1359 1682
87 1414
1440 1666
1152 468
233 640
905 230
1328 660
758 1318
1084 1679
59 1157
1622 1268
964 1519
1329 934
892 1664
842 1124
1441 1255
248 236
867 1099
478 510
386 1420
728 769
1043 886
767 707
926 623
932 699
426 404
719 722
861 25
754 776
1258 1654
1404 1129
455 1096
138 276
1583 978
642 1301
273 1273
363 954
635 943
116 996
63 1325
237 46
1361 704
176 406
798 1141
183 1671
150 1109
640 520
710 209
64 345
1578 326
214 845
461 1458
378 113
929 1256
1163 80
901 1609
360 425
65 1370
1200 839
1438 331
572 570
1033 202
66 337
1286 747
883 414
309 985
532 729
745 1123
462 1116
1196 648
1422 633
352 1719
1645 579
67 184
780 726
953 219
712 87
497 1242
320 1516
83 1294
269 101
399 557
603 68
442 1652
1451 133
411 495
1160 958
680 672
1602 1493
1225 473
1484 315
68 26
334 1196
1290 715
1425 1313
1461 242
841 1692
1466 1069
231 441
1310 1103
71 214
290 971
162 1515
164 311
1653 1
470 1369
70 770
72 1190
962 438
1039 167
686 518
691 1271
1549 20
549 1303
73 1019
542 19
665 456
990 1570
1539 309
811 1117
74 1222
377 1443
480 574
708 139
1153 1034
1722 1348
914 631
1087 1016
390 355
339 298
298 63
1411 1112
1058 330
1615 1635
535 972
547 338
75 963
239 254
1530 750
1665 626
1206 1391
1223 1728
1708 1453
896 14
1330 1058
1609 1192
1520 823
1124 1136
1138 136
335 356
869 307
1706 551
1628 1434
1558 849
1146 1376
491 1601
1327 897
879 1260
77 799
79 924
1612 1712
1519 634
1563 590
297 529
78 812
196 1292
1685 685
1107 585
830 396
522 1618
931 607
424 222
832 1433
918 38
910 1191
998 1678
1656 288
275 1478
776 171
1305 1065
295 509
1168 362
1082 1230
863 566
818 535
80 1217
577 499
503 240
515 613
1065 979
786 872
1108 1243
387 636
924 605
615 193
970 1706
1636 390
375 34
723 1709
485 1220
314 77
1224 1202
570 392
85 352
1403 545
177 1657
1212 1703
99 718
160 1074
263 669
148 1128
84 1172
889 1637
1379 1331
1260 1345
392 181
943 986
1264 1275
1443 83
410 824
267 675
397 1067
88 1406
1105 1068
89 1479
1194 1726
286 15
1710 642
873 1574
90 23
1262 497
1698 424
679 836
306 1131
1104 1572
595 1396
516 999
568 1646
1607 1378
1018 1046
159 684
174 772
1279 122
433 196
154 932
1688 452
672 1702
697 632
1109 1743
1202 1045
1116 1644
1232 111
152 1562
92 1665
510 1296
258 1126
1190 650
847 1374
966 1545
736 1161
1032 526
1269 583
350 815
518 151
1280 733
1079 1559
1304 152
670 1490
437 350
675 1578
836 1419
991 586
1642 1036
1600 1056
954 1496
1488 64
1436 1092
93 1279
1582 910
756 530
1112 233
136 229
96 1236
660 278
454 1449
999 658
1303 657
974 519
1460 173
663 166
967 696
1324 1008
380 129
740 262
1296 486
1080 968
97 804
1150 1040
372 966
1362 1006
285 828
453 902
713 571
858 1041
1209 1070
517 1201
325 112
1683 1277
1350 522
1081 366
472 1540
1118 1023
101 1282
544 141
975 807
1110 1032
1498 1483
875 766
100 1465
102 700
406 150
304 349
1695 250
133 1656
771 1135
202 582
849 108
125 1459
940 50
1547 1315
1647 935
146 524
104 1587
346 861
562 1444
333 706
1551 106
1050 1173
884 1179
105 78
1644 347
1446 293
1658 961
1697 936
361 898
717 1404
400 947
1523 665
1503 489
1026 1403
1593 1257
486 98
127 539
243 55
1616 37
147 310
450 405
1115 1355
1334 435
520 234
1675 1742
260 1436
657 1701
1418 1120
1277 99
683 1501
1542 536
944 95
1579 1725
816 35
857 1424
556 603
449 866
734 281
1176 1611
109 810
110 1108
211 661
844 270
1253 933
427 1380
1444 1200
108 901
111 713
1437 1324
739 1366
1633 1535
1248 805
1211 462
112 787
1343 1003
1199 165
806 7
1412 709
888 676
707 1492
1534 859
1721 525
1457 516
995 1446
388 656
302 712
1191 319
1358 558
114 719
188 44
1580 1603
1011 1596
1526 1263
1022 1487
1613 316
113 125
115 1513
952 967
1243 1606
1592 1622
1213 1442
1183 1398
265 1735
1485 617
1569 659
305 786
703 493
322 1143
490 1532
368 92
1479 951
674 1149
925 32
1285 1595
226 1322
773 434
296 143
637 119
1632 1336
782 1642
117 627
118 1529
119 753
1059 1299
1509 1044
382 1675
1723 336
278 280
221 829
819 880
823 921
960 1387
274 304
827 258
315 381
1496 1125
1014 265
934 90
507 1039
169 1484
123 1052
921 562
452 1227
1227 576
1652 800
1624 211
1123 1021
1581 51
814 1714
750 1426
1072 322
1245 1022
292 1029
126 1323
1500 169
391 614
257 453
466 790
977 962
1483 1539
1144 1334
1478 49
280 153
128 1588
1620 1352
591 956
1218 846
1221 599
300 325
1370 1077
1382 1373
561 1555
1464 1476
791 1563
1452 1506
1724 1579
1158 984
1474 466
332 1746
694 1375
131 41
1103 820
891 454
1020 488
338 317
402 332
597 1427
1410 671
599 940
463 109
1555 505
132 1062
1487 383
1732 830
1709 1248
1292 440
638 1164
973 1216
1336 919
1424 734
1070 1272
1395 808
585 914
1701 457
321 131
808 1035
1185 1075
1149 542
1214 738
398 922
1365 1593
1132 1568
1590 1573
1663 964
846 1119
134 333
1383 1721
956 373
217 114
241 159
1074 785
659 982
1407 1717
262 107
1623 1211
666 399
1208 344
1433 1094
139 1598
1349 862
1428 1139
677 1381
775 9
815 93
704 1225
837 407
1241 841
985 27
789 200
592 678
1531 1314
1192 1647
831 899
141 1186
403 1527
1594 1368
1019 1586
658 130
682 732
137 1700
1052 689
700 402
1514 84
880 1688
142 197
890 1185
256 991
1122 896
358 60
1368 768
1233 1399
143 279
145 1467
355 1350
1307 1098
313 867
573 116
396 266
289 1546
981 1300
1007 28
586 654
972 1580
1353 1293
1164 608
487 788
1518 1274
1135 983
942 86
563 1451
1445 469
1565 481
807 1667
149 364
1203 1383
802 59
1002 103
444 62
519 246
1669 237
445 811
639 464
505 974
606 1229
268 1741
282 476
1275 244
417 1673
476 357
1207 1477
1638 1648
151 953
1076 1252
653 1488
415 1197
907 1122
1595 368
1331 478
1679 1151
560 1281
153 1170
916 1240
1630 929
1064 155
1357 225
1295 653
602 716
1165 1107
1447 761
833 764
157 701
714 1033
1614 1060
158 1338
1388 273
1055 1723
871 1026
459 48
1170 652
1040 324
345 115
979 534
1364 511
1378 831
161 763
906 395
687 1101
1401 1182
681 757
877 1395
1249 569
725 1004
1507 847
212 220
1423 305
347 1538
759 1607
1289 1556
165 1053
343 610
600 31
848 1050
166 1626
1036 463
855 100
414 730
611 1491
499 148
1532 1502
404 365
168 123
318 1715
1450 1076
1501 578
1140 186
1429 157
443 1194
633 1105
1265 412
923 1305
1162 343
1571 889
546 1090
1106 1188
1031 179
787 1498
860 1270
171 1631
1672 268
850 218
412 892
1179 604
1470 1691
1235 989
1142 1245
1017 1552
735 1312
1046 174
947 126
607 1163
1216 1111
328 853
1536 1283
1597 514
1222 1687
1577 957
894 467
482 178
409 2
1041 816
580 1316
1272 783
612 1175
1439 394
770 269
1468 1402
1567 475
1680 1597
1489 413
1654 1460
1267 1134
899 1235
936 1745
1619 791
180 339
983 687
1000 1014
1426 965
181 834
886 120
667 1159
872 29
829 474
540 1583
1515 821
792 1636
327 1672
312 1668
1475 301
294 72
795 1660
1430 1569
647 1372
184 1193
705 1695
261 471
1246 521
526 1113
182 1504
1226 668
373 1551
187 645
543 600
1154 163
1217 1171
895 806
626 588
1276 814
436 409
1351 204
247 673
812 127
456 638
928 559
190 1078
191 920
553 1360
192 300
804 1152
1492 1160
353 703
1288 431
813 833
308 544
194 1290
695 737
730 384
432 460
1301 207
197 1435
198 36
1462 885
720 1195
235 1385
420 1298
1309 1287
1016 592
1482 911
1147 532
1167 1251
1054 567
419 546
1273 292
529 1730
1015 1481
464 809
1240 602
203 1589
733 563
1689 1002
760 43
1467 256
984 1367
204 1269
205 185
206 1145
1219 908
1282 1571
1037 360
965 1625
1095 748
1493 575
955 1740
601 228
664 1215
324 1239
224 1288
993 427
757 870
210 1696
1078 1342
617 556
458 618
1693 144
1251 589
1448 1704
1559 670
1704 40
213 1658
1728 314
545 160
1012 939
468 1205
1287 459
865 760
215 876
1188 740
937 1500
788 189
216 172
843 65
737 907
1705 987
1494 261
583 192
1120 1264
500 1581
1244 124
1610 1582
1421 928
218 1232
220 1183
1544 439
1325 1650
852 1649
950 1707
1394 1280
270 370
821 595
1180 616
652 1310
1366 1080
1396 491
225 447
276 1518
1668 450
619 1307
430 1602
870 1494
536 1722
227 361
1718 643
475 458
828 548
413 774
1299 598
477 432
229 882
283 1302
438 117
1435 980
1156 1030
578 1169
1720 1261
1083 819
232 1308
481 149
630 1167
1525 720
1385 341
1409 895
1432 389
1229 259
1139 1523
820 388
234 697
1048 564
809 1733
323 1450
1030 925
864 601
418 1309
1650 1689
1696 102
1335 852
874 727
1367 1020
838 267
242 205
394 1184
625 217
240 1011
729 66
1077 348
801 995
534 945
1341 1146
919 1561
1691 531
992 168
1063 1142
900 854
1042 691
1347 1054
245 1001
379 1412
1134 145
982 284
778 1713
1393 1466
1356 533
249 1566
1527 1509
1714 1165
511 780
496 393
362 1447
251 1724
1311 606
1062 581
551 515
1338 918
1471 1739
252 1554
254 1685
1506 1332
525 793
1056 289
255 180
504 1659
554 946
1522 1544
385 580
1193 840
501 1223
284 1166
1535 303
1719 426
1513 903
1010 1038
1114 429
389 239
533 1401
1566 565
1380 24
1508 1748
1169 1599
271 487
761 802
1521 864
1088 1632
342 282
885 1411
272 1486
277 877
913 1285
1049 221
1266 798
575 797
904 17
987 884
1086 294
1682 1624
1220 363
1727 875
1397 662
1657 1469
1313 1472
882 959
1649 334
367 1392
1173 883
1629 637
299 420
941 1362
494 789
293 176
1391 503
1659 1329
1093 893
531 1470
748 1489
1270 1734
1067 285
676 1206
903 275
1317 257
741 844
357 1662
1389 253
715 1594
1716 377
1293 1140
1415 1405
524 677
1667 47
571 794
685 1628
1495 1638
1626 1542
1637 335
746 342
1294 380
1234 912
1312 1409
732 1155
1129 1694
1201 827
495 938
1004 448
721 1365
1564 419
303 1440
866 745
1707 630
1318 376
1119 1244
1278 1623
825 517
1398 1536
1057 1027
922 1133
948 30
1013 506
1006 1333
834 1379
684 1677
1640 655
701 1180
311 593
381 756
498 105
1661 573
915 1320
1314 993
1321 308
751 1010
709 818
483 1055
1681 397
743 1349
1381 247
1453 375
1456 74
523 909
1137 1265
613 1284
976 274
1238 1612
1677 1358
1121 134
643 283
610 997
1319 1238
673 1410
425 838
1431 1304
326 1210
772 1319
596 931
768 58
329 1697
616 765
693 156
969 1154
1166 1711
1473 1082
559 649
859 960
337 758
793 1187
1051 1049
473 480
1605 398
641 1621
1376 461
340 1104
1550 926
1402 340
579 128
649 470
961 1212
845 735
348 1736
349 686
1038 879
1729 1617
1337 1462
755 372
351 1423
527 13
744 1340
971 1258
1281 708
590 386
1360 1317
1101 371
1034 1693
1587 1118
383 941
366 1547
963 1097
1726 1456
1730 863
1557 751
1384 1084
439 1364
1263 71
769 451
949 927
1127 714
1505 1512
371 813
588 8
749 18
1533 1681
986 1198
1700 132
514 472
1548 296
1171 825
441 1497
945 252
581 754
569 183
384 1584
1125 232
738 1356
887 1386
716 482
1635 651
1003 1428
1545 944
1673 552
1390 975
1099 39
1504 1254
1027 1661
401 977
1687 1437
620 1132
1524 1522
662 1397
428 1093
1133 430
766 1480
1540 1005
678 1156
702 54
692 835
416 1507
1601 1429
1546 1686
1308 1738
1257 1361
530 1418
492 1608
1606 1130
1117 1592
1373 271
661 1616
446 680
447 287
1242 1306
451 190
645 118
671 1441
1662 1007
1634 212
868 777
1417 199
927 1147
822 682
1556 858
854 1448
1197 4
555 1063
1560 1321
1538 446
856 1043
1529 263
582 1684
484 158
1340 1286
1021 1454
1172 1630
489 227
1678 1464
1374 1585
1090 596
493 1564
1589 320
655 1718
908 817
502 411
1186 433
1736 1347
506 543
508 164
1035 1017
1552 891
1469 1089
1181 1095
1528 1510
1512 1690
618 437
1420 1267
1075 594
621 1028
1377 887
1400 1326
564 826
935 688
537 837
609 937
1459 138
614 359
1100 1114
1490 1176
862 1727
1148 1199
1604 1153
598 739
1472 1643
1369 75
593 1371
939 1266
989 1613
1332 555
604 1177
726 245
1326 1246
622 1259
1130 513
1261 328
1416 647
632 378
800 1384
1372 1330
1570 1247
1576 16
1584 1250
1345 3
1178 803
1699 1388
1502 194
1676 1327
810 208
1271 210
1419 888
1029 874
1480 913
1733 1346
1047 33
763 1452
764 527
1621 541
917 1066
1228 577
774 1061
1085 195
790 198
839 1533
1300 850
1643 94
959 1524
1348 1353
1702 855
1247 1525
1674 255
1028 249
1291 1431
