0 1569
1949 1158
1948 1349
3 609
1947 1556
4 1774
6 1863
1944 441
7 1004
8 1257
1942 1522
9 1196
10 577
1940 976
178 1642
374 1018
1358 18
1517 1119
1424 1504
330 1372
1060 694
935 218
1682 1239
1 617
2 1609
1945 1301
1943 974
11 1584
1941 658
1599 642
844 1324
750 1881
685 15
1630 1388
5 392
12 128
1717 476
123 714
1129 1567
1360 999
587 1269
1946 1548
326 803
1119 421
547 10
836 1710
1267 341
545 472
1908 1912
13 503
1098 629
1804 814
835 1536
816 1681
947 1884
429 1161
1450 512
950 768
371 753
1179 361
995 342
1491 665
1005 533
14 272
15 84
1902 486
1365 1472
781 745
1115 283
1911 1936
1761 527
16 914
106 1570
1291 59
98 808
463 1139
232 37
161 431
1308 449
537 1941
813 812
690 606
76 400
301 1013
643 1006
1921 197
1665 1583
1205 1743
262 85
817 1505
17 681
18 1794
376 686
1105 1861
492 1036
1305 404
1929 622
1451 1551
19 1177
1141 135
785 823
1876 810
1855 173
1408 328
1936 379
242 1928
575 1481
20 1561
21 790
838 1391
683 351
170 1817
1223 959
277 1195
576 1516
590 1843
1671 1199
22 482
23 553
929 1927
1689 1608
393 1610
845 1457
1554 551
1077 386
24 321
1499 1390
698 1080
1488 1236
1016 1453
1463 394
99 1513
25 1022
240 86
215 377
387 1867
1653 1809
26 802
820 189
860 683
390 286
1157 1034
751 314
27 1737
291 1155
1746 1917
1767 245
256 268
712 1098
1772 1209
1701 741
939 804
28 1118
1856 1120
709 309
377 159
1695 246
1639 880
1294 99
555 273
29 751
1866 165
962 1365
313 1735
948 56
1024 570
1246 269
756 1270
422 1458
1476 1038
1555 311
442 876
31 660
532 1622
1048 1810
32 167
779 1258
1807 1699
363 104
1067 670
1314 177
1722 1665
665 111
1470 483
30 145
624 509
1322 928
1657 1811
306 153
570 1387
1831 1878
1441 1498
350 1047
797 1773
33 1892
1641 1002
236 839
127 792
1285 668
1171 1003
1627 1593
480 1408
1634 1818
35 1290
1917 100
855 1352
482 14
444 1572
211 1563
1472 1288
1840 1295
345 646
536 1531
34 927
212 1133
136 151
1680 1528
118 1419
1735 196
1493 1934
1420 405
1642 121
316 1252
1423 819
1490 1335
569 576
1193 1300
1512 443
36 1768
37 891
38 1670
473 1190
965 1296
172 1092
510 307
311 1116
901 463
39 1893
761 1786
1773 326
1828 352
1333 935
567 772
1597 1223
297 1482
858 1661
909 929
1110 1268
41 1506
1676 1193
1915 267
137 529
1595 1131
1354 424
42 1542
1435 1521
609 1218
508 1585
1020 540
1114 152
173 780
44 1776
217 12
1402 44
1713 1298
1509 726
1419 1592
525 657
1886 920
546 1160
254 579
43 1254
1896 708
386 712
705 276
734 155
1752 1714
218 372
94 1224
133 661
40 256
45 857
46 719
315 1233
1345 590
184 410
689 448
47 1205
866 1383
468 120
757 1845
1606 1689
782 526
207 907
621 750
807 1230
485 1386
1297 124
382 1720
524 1781
940 202
1774 756
695 530
149 879
1139 895
615 1359
792 55
57 1132
999 384
100 647
1155 1491
1576 949
915 1752
1467 1229
152 418
1505 369
48 528
49 1485
50 1334
1544 30
191 934
1853 1096
1140 1015
51 220
139 1664
1351 25
1269 1016
1872 292
1458 103
1538 652
255 947
52 325
53 474
997 1083
1341 248
769 198
325 144
1814 1782
815 993
786 732
1668 1166
1888 1846
518 254
54 672
1656 1143
295 1424
158 1426
222 54
338 171
696 1439
1366 1001
55 663
1725 1562
1925 1331
344 1695
1353 204
56 1299
392 1909
739 1379
1237 1321
1697 664
1073 825
584 1544
1887 191
1813 1762
875 1702
1422 1871
1381 1840
722 1595
842 1297
931 1729
1747 265
1556 335
744 508
723 1800
1094 870
889 1594
841 571
72 1010
1217 723
1624 4
650 1662
1096 1042
1736 523
708 216
1099 1777
982 1280
1327 134
59 1208
302 106
1462 1754
500 264
515 636
1487 1201
646 1130
58 989
60 115
1029 1940
362 1142
1200 559
1757 722
1194 1678
1486 50
1280 930
1734 951
61 1350
62 1578
1286 466
534 215
1841 1225
959 437
953 1084
253 872
1159 374
168 336
1184 1700
1394 119
491 1445
1163 638
64 334
1478 991
638 1463
777 94
923 333
65 1778
574 849
905 1825
1001 1676
1248 1076
528 1626
1756 236
63 1008
66 1937
151 484
775 1219
175 864
1654 67
540 1653
710 172
385 521
1080 1174
1284 549
1146 1923
1151 35
1347 69
68 1651
1744 979
954 1243
960 1319
67 261
69 1168
589 1211
1937 1749
884 1691
1837 487
450 902
755 1164
1895 48
1218 1510
70 742
176 1717
1125 616
433 1862
1124 1100
1868 883
1616 1602
1521 62
438 869
1224 1346
862 893
859 650
1061 548
1696 1860
1272 1869
1690 58
1107 0
676 389
613 1256
1299 419
563 1009
71 692
73 715
990 834
341 284
963 1605
1827 1698
74 1726
956 542
1920 408
1608 492
994 1674
75 867
332 1086
1507 550
117 1037
1660 709
1715 1792
649 1124
606 409
93 1069
1659 1113
919 1866
520 470
77 1872
78 1374
275 903
554 1844
908 734
79 682
1052 435
691 704
596 1217
647 1249
886 1911
628 1402
1649 53
766 516
1533 1363
1636 1701
1307 502
1778 232
1557 63
1884 200
788 984
509 737
177 1476
80 764
81 582
795 624
1033 1902
299 608
607 1696
417 1921
503 475
677 1181
335 1255
83 1246
1629 853
1607 93
653 442
249 1134
1185 1908
82 1040
84 1898
1216 1451
116 1613
928 349
487 1231
1759 532
727 758
1233 1637
1596 359
112 1039
85 1918
1134 1341
1880 234
1602 278
183 320
548 759
1320 1835
1017 588
86 863
1838 1275
519 890
198 395
476 787
883 1655
1529 507
771 693
1346 1864
87 1240
1097 403
92 1398
651 1895
1802 1250
298 415
129 252
1709 1241
1938 31
1247 1397
88 1220
89 1803
608 1913
1816 620
1645 1523
333 1099
122 1328
455 1671
1712 185
1188 1748
993 1302
1854 1396
90 1418
996 1935
369 399
1801 1501
1770 1857
179 413
1121 1571
91 939
660 511
666 667
159 525
1763 306
967 1244
389 46
1330 1690
1122 1758
595 1342
101 1547
1150 57
533 223
228 1469
273 830
1776 643
220 338
95 1207
713 983
1412 1095
427 1905
687 1157
942 534
601 596
96 909
1302 1633
353 458
97 1094
413 725
293 1041
1050 1859
1243 1430
1065 795
1882 637
1132 1261
874 158
1317 397
514 401
397 1537
227 695
354 1552
285 123
403 1449
1189 1044
187 19
1083 1546
142 1278
434 1121
1092 205
180 1109
1465 794
261 1306
1691 1915
1745 110
1296 1234
991 1582
1116 962
688 985
1391 388
425 1362
1553 481
1580 689
102 1897
160 420
1706 1925
162 1532
892 644
267 1247
787 820
664 884
1900 904
234 730
241 836
105 1604
214 499
949 82
1144 1020
1380 1621
659 1085
103 736
104 1679
1388 28
630 455
1362 469
1594 1771
107 970
1221 1228
654 881
1646 1534
1849 1639
110 1557
108 1560
1871 430
1587 1260
941 313
809 515
190 612
1274 356
109 520
802 1922
592 126
314 1459
197 1630
111 140
1082 754
1625 294
113 1104
1180 1783
633 91
1397 1282
878 39
1135 233
1069 407
966 142
702 1305
114 1519
115 1820
566 1873
1009 258
462 1423
290 1308
446 1392
1730 1149
395 1533
1088 433
320 1338
339 987
1809 856
157 1197
1789 1680
1791 1487
163 717
517 179
1810 303
839 889
1396 211
278 1056
1371 1823
1489 75
1022 957
1007 1725
1045 1281
1760 1242
119 539
952 1489
811 1614
1111 1433
876 1336
1930 209
1275 1688
120 800
921 1591
1421 1176
237 434
486 760
1292 330
1812 1686
121 1645
1495 1380
1389 1274
1278 898
1805 343
830 149
740 174
1443 698
124 1730
1590 1841
193 578
238 960
1620 828
943 821
169 1579
125 972
126 1931
1264 1643
1852 1746
790 992
418 495
1176 363
1820 1189
1570 641
1932 1425
1707 1848
130 1347
479 1744
1817 611
128 1162
1769 339
714 297
656 440
1399 451
1186 1431
1436 1938
1390 1926
1833 1828
131 735
132 1389
1829 690
1869 1882
134 1473
556 705
1506 1656
368 1029
603 238
736 429
1618 855
1633 531
247 847
1426 1322
1815 1708
741 491
933 1587
1438 781
1235 122
1546 1191
135 1623
1875 950
467 882
803 1784
138 585
1025 199
847 318
1070 1789
891 1428
1262 806
1534 1760
141 826
798 1807
1848 982
140 1221
305 522
1466 923
481 1763
1796 88
760 510
549 615
196 733
565 1150
1415 1685
205 1154
143 788
144 1890
1236 241
1379 605
913 1711
1277 1147
464 1444
1589 1381
145 1184
1477 1071
1253 1248
1623 301
1337 260
1203 776
1197 467
814 453
147 669
495 1170
704 1409
148 1123
364 627
1008 107
881 239
1581 607
658 1627
1910 1461
284 799
1034 500
1677 1115
1637 315
150 322
379 1916
410 1060
1640 625
1271 1180
146 74
435 133
477 1077
370 1033
1714 96
1923 937
850 423
1541 36
424 587
153 783
1310 1477
1416 490
738 865
154 288
600 844
1407 782
516 1378
155 195
1705 1468
1378 623
346 49
1270 713
1014 676
946 203
156 1112
541 1851
824 1944
319 1657
1702 186
869 1023
1355 614
692 842
1762 1854
983 1858
360 60
1783 40
890 945
1800 1831
292 594
977 858
1256 1210
1026 1323
250 885
233 1102
553 230
436 896
1687 1625
1694 480
182 114
1461 919
1316 1724
1095 494
1847 1446
469 156
321 610
1591 1635
164 728
1527 724
1376 1659
834 137
885 809
732 97
1799 1438
199 340
957 755
975 980
1406 1285
166 1126
1703 1855
1573 154
288 29
1519 1479
873 700
165 468
167 911
474 547
1178 38
1502 536
903 22
1858 271
475 1488
1692 680
1743 1411
1066 251
1363 1135
729 1311
799 1367
880 621
171 543
1023 1723
1078 1597
443 1836
605 671
693 633
1323 831
1739 1165
294 942
588 1101
870 958
1130 1467
1543 479
1199 1137
174 975
1460 358
900 1054
1672 716
1158 1525
419 966
831 1652
1891 201
791 1819
1112 168
501 347
279 649
328 1503
1899 940
1893 293
672 1437
181 1304
821 1549
1044 1850
512 1373
577 744
822 524
426 1732
1667 1738
404 213
543 1865
895 412
192 1059
1562 563
343 922
1475 779
564 21
1195 1204
808 1615
1279 1793
185 95
186 1919
1586 1612
1935 535
879 894
188 1641
521 990
1359 331
725 771
1411 640
189 688
248 632
1335 1535
1259 584
1273 1163
1334 838
409 1200
1006 141
1782 813
1318 1339
1898 8
439 1384
1165 1553
1413 586
1324 677
1156 187
625 1455
1764 948
399 402
282 691
452 908
1469 477
936 1292
1055 952
337 1376
1242 496
1600 1719
449 1238
1621 1849
1056 1833
194 1654
195 17
1874 1175
1417 1005
865 747
381 1650
1383 1327
1037 926
1862 337
200 1904
1027 1227
1075 801
774 113
472 461
1257 164
616 1289
1860 845
355 1251
636 308
1484 1611
1885 835
1579 1575
720 1946
201 1235
202 1914
204 1731
209 1474
1432 1264
1109 944
1787 1213
772 630
1474 1769
203 1493
206 558
887 305
562 955
752 924
1106 971
208 840
331 1606
1480 304
323 1017
796 87
758 933
1032 244
1039 295
1250 366
1811 1877
287 504
1795 1117
1173 1947
1453 279
1249 1
210 1371
263 382
622 1090
1049 13
1768 873
213 1704
1021 1932
618 1907
1215 687
1803 143
440 11
639 32
1338 701
1145 1899
1830 1529
1563 1456
358 603
216 1222
1494 1253
366 1405
1071 184
619 1842
759 1432
1473 1554
1410 538
1229 1942
1638 1791
1548 1185
219 1759
489 721
246 130
987 1369
852 552
579 832
1865 969
221 785
1093 1706
1731 109
1516 1648
223 1543
336 1088
384 1801
235 815
224 1153
657 905
1251 291
225 312
1673 1805
1401 381
226 537
1303 862
405 994
1138 52
229 282
728 789
1148 1395
1266 1577
465 639
511 1555
851 1896
1268 148
231 287
917 1427
1392 139
1442 932
494 851
1244 1450
1437 1051
906 1263
1567 20
230 83
1319 901
1500 1751
716 648
679 546
415 791
1708 1125
1531 98
1514 1179
1011 1734
414 332
1234 1097
1418 1753
642 1007
1781 746
1168 9
1321 731
239 1512
502 591
731 1183
804 1943
551 555
1102 81
1658 567
1230 157
1220 1530
1822 1273
347 1173
1289 370
1939 859
243 16
1372 1329
244 912
245 645
776 275
872 345
1797 1741
1325 1885
645 1647
1031 427
1118 457
1051 1603
1931 998
1258 886
818 344
907 906
1551 1309
981 956
459 346
1617 368
1181 1887
1727 619
912 573
251 1669
252 1910
544 1808
329 1526
488 1279
1089 1035
461 1675
745 1345
1074 300
1928 875
1254 675
1750 1739
406 580
1172 460
1301 878
257 1568
557 1271
1919 1063
258 108
1766 1182
259 769
380 748
707 1634
260 1399
578 1198
1912 1066
1777 169
1582 1520
1572 965
1622 160
317 310
498 1888
1191 360
1926 1138
264 42
684 1484
586 938
1427 76
1688 1106
265 659
1655 1144
411 1788
470 1065
307 1145
749 673
922 229
1137 162
1227 1733
266 973
268 72
784 1620
269 848
531 393
1167 1075
805 602
270 1616
1515 1103
271 1901
1369 1464
1117 436
701 1632
1584 1245
272 941
896 1694
735 554
620 118
1934 1617
686 302
505 574
423 572
1295 1414
1700 1538
1498 696
1879 1403
274 1682
276 5
1076 1879
1228 1070
1152 931
700 1011
1836 47
1693 1470
1542 1933
1454 417
1352 1062
1287 1903
1384 465
1108 348
694 414
1431 1045
373 1663
828 1673
280 6
753 166
281 89
1015 210
1711 1355
1282 1385
986 1755
1588 1058
283 1813
583 350
1564 1722
1914 212
1041 1827
1522 897
992 180
1142 235
1792 1894
1497 739
286 1320
1748 1394
1728 1640
1177 1693
1569 1565
1532 398
1202 1852
675 1756
327 954
289 1876
361 597
833 444
1405 656
484 655
1675 1830
681 866
1084 1448
1245 1277
800 598
1615 250
303 917
1545 1312
538 1064
1552 1618
372 1078
1040 916
1276 1081
1927 837
296 1354
937 445
1162 1799
680 450
1241 1607
352 146
437 1886
300 752
1592 1108
1002 1590
310 116
1710 843
1520 871
493 773
408 23
837 899
827 1159
1368 391
304 1048
1120 1452
1149 1757
668 1364
448 1105
1136 367
1128 564
342 1576
764 1636
1161 1400
504 1856
1374 1093
308 1687
309 1012
550 1151
1753 1821
1085 206
1164 925
1370 1600
539 1417
1143 569
312 1259
1604 1598
763 702
1260 175
1457 1067
428 1072
634 221
857 79
1755 685
1786 1644
970 1883
1483 1129
1857 2
631 1599
1826 1171
318 544
721 1796
669 1348
894 280
1036 1511
1030 1314
674 1262
1788 270
1889 762
1340 1713
1404 1499
863 1559
322 290
1559 807
1000 131
1447 1745
861 1580
1678 416
324 242
1806 1032
899 498
1231 222
973 1111
1169 182
1601 64
1651 1486
853 1052
1724 778
888 720
673 634
1409 1588
783 1357
1348 1939
599 1727
340 1900
1387 1026
652 918
1877 473
635 163
1328 981
602 1082
365 150
334 626
801 968
1698 281
1226 432
1818 357
1843 566
930 24
897 1646
998 1870
573 1596
1123 1930
490 1122
1741 711
1823 1055
1894 1815
1479 439
1456 249
1647 274
911 1709
640 1829
780 678
1481 1167
1367 362
348 1053
349 829
974 1074
1104 396
678 817
1382 1340
1742 600
765 1441
1174 581
1903 378
938 1375
351 1539
964 946
1213 1524
1681 877
356 194
357 259
1047 1172
1364 41
924 1031
359 1566
951 1483
746 1761
594 556
610 1203
1339 592
513 1740
1821 1206
1686 1638
699 850
1834 749
1482 557
968 317
383 125
367 1806
641 1287
840 841
1429 1502
742 105
1863 684
1933 1422
497 501
471 364
985 628
682 561
1511 568
1313 1337
1192 1780
1300 1330
1611 997
1019 1187
726 1410
806 1401
375 662
1881 519
561 380
644 1333
1386 464
1663 1318
1068 718
378 1889
670 316
1699 727
1513 1127
1561 1046
552 1705
902 887
1526 80
719 68
388 562
1356 1573
1771 1027
1907 1785
1425 285
1309 353
1683 178
1780 1024
1504 1412
1842 1068
1793 1775
1079 1508
1081 1030
391 765
1004 1156
1361 1514
920 1721
441 385
396 1454
1536 1442
398 61
1846 996
1086 324
718 1832
394 706
420 613
400 447
401 910
629 1945
1566 1188
1057 263
1046 1073
402 240
1219 1949
1375 207
715 936
457 1874
1825 1545
529 738
407 497
478 774
560 1816
893 1366
1614 1049
976 1541
412 1014
416 1660
1883 255
1298 816
1901 1716
1779 1186
1010 1658
421 977
1471 365
733 1920
1444 943
1452 560
932 1924
1147 1214
1732 1742
430 1496
431 961
843 888
432 1216
979 1772
1204 766
767 1416
1628 257
747 1421
1445 1628
1160 1475
1612 117
1662 354
1721 1868
1100 27
1187 225
1644 1500
848 761
571 237
1719 90
447 1050
445 1316
1377 1466
661 1683
1183 1798
1209 1110
703 1586
812 651
1909 219
1190 1736
898 1667
648 1814
1723 786
451 967
1720 355
1198 138
453 666
1400 1404
454 811
593 136
730 1313
988 833
456 1684
832 422
458 26
1685 319
1679 777
460 1420
1918 900
507 707
706 1837
1537 1307
877 327
466 454
1357 1779
1342 1353
1265 1152
794 181
770 1495
1819 1266
1288 604
971 1574
978 33
823 1540
1311 1194
1058 892
1154 506
1428 1293
483 373
1459 1343
944 517
1873 1436
604 1413
1331 1140
1238 1079
754 266
854 488
1350 631
496 514
1652 796
1398 214
1101 822
984 818
522 1465
1916 92
1670 915
499 852
585 1351
1175 824
623 228
506 147
1315 1891
1332 1497
748 66
637 471
1064 1692
1737 296
1784 462
1613 1377
1835 1114
1808 1192
1733 601
1153 1284
1758 132
1870 45
1864 1286
1385 1325
1832 1146
1528 874
916 1619
523 541
1306 70
1508 376
663 1447
526 978
527 1802
1336 1460
1892 1718
972 77
1062 654
530 1107
1373 1356
864 1527
1619 183
535 425
1583 1303
1859 1393
1503 1838
1839 101
1133 127
542 406
1239 921
1674 1215
1603 1517
927 1558
1922 73
1329 298
611 1061
1610 1226
980 1550
1593 1332
1395 805
1059 1443
1904 599
1510 1707
1433 387
1598 1429
1012 1317
1087 1834
1222 854
558 176
626 1795
559 112
1440 793
849 1790
1430 208
1212 1283
1550 329
598 7
1439 161
568 383
627 371
969 729
572 740
671 1310
1525 964
612 65
778 1370
1785 71
580 1715
581 456
871 1824
582 1202
1126 1136
1240 253
1166 231
1906 262
1201 426
1448 770
1518 1025
591 51
667 193
1207 1853
597 995
867 513
1878 1847
1414 565
1090 1672
961 428
1924 1601
1844 1518
743 635
1574 986
1434 1326
958 485
614 1728
1349 43
617 1267
1585 1021
825 489
789 1697
1631 1265
1524 1358
632 1507
1635 1875
737 797
1650 1666
1726 593
1897 1677
918 674
1455 247
1063 653
711 710
904 390
793 459
655 1407
1704 438
1798 1764
1263 618
914 1509
1664 217
1790 1766
1225 188
1182 1812
662 1515
1530 3
1775 493
1684 699
1765 703
1255 1272
1575 102
1304 860
1501 1480
1558 1649
697 518
1091 1787
1252 583
1485 1212
1013 1406
945 1804
773 375
717 1382
925 299
1196 743
1293 1564
724 1091
1072 775
1038 1629
1054 190
1393 827
1540 1797
1449 1880
819 226
1632 1178
1214 1237
1609 411
934 1435
1890 1434
1283 1462
762 446
1751 679
1605 1747
768 1344
1568 1471
1547 868
1740 1294
1281 1906
1738 953
1468 192
926 505
1850 963
1028 1767
910 1839
810 1631
1669 1826
1794 798
1043 1169
826 913
1626 129
829 1415
1496 1492
1261 1315
1208 1712
1343 757
846 861
1464 1581
1211 988
1103 34
856 1043
1648 1368
868 243
1867 1028
1913 1624
1666 1141
882 846
1539 1148
1661 1822
1851 78
1127 1057
1565 1770
1210 1232
989 1360
1824 1668
1170 1948
1042 589
955 697
1845 1765
1729 323
1535 1089
1643 595
1446 1478
1403 784
1003 1589
1905 1276
1326 1000
1206 170
1018 1490
1035 1703
1131 1361
1718 1291
1861 545
1113 227
1053 277
1754 1929
1571 1087
1749 1750
1577 478
1560 224
1492 575
1578 767
1549 452
1290 1440
1523 1494
1232 289
1312 763
1344 1128
1716 1019
