0 213
1898 1468
3 1657
6 568
7 1397
8 1757
9 844
10 1724
1889 1863
13 600
14 687
15 967
1885 541
178 359
1407 475
1633 461
1254 1265
260 1730
1744 754
421 329
1804 1092
152 832
1 787
2 1488
5 1238
1897 1165
1894 1103
1890 1131
1887 923
884 716
1661 691
1523 403
1150 1638
878 1392
814 297
1321 307
112 1885
1899 747
1892 1357
16 1887
1717 65
837 452
1168 284
1265 1323
908 822
134 398
1765 726
4 438
1896 582
17 607
18 1344
1888 843
1594 1076
1281 99
1079 927
1618 1566
905 432
1047 807
19 154
1835 487
893 394
69 1496
1873 1648
1607 1330
1687 1562
1314 1342
1388 1326
12 45
256 1274
1442 24
1410 1098
245 1783
1436 751
354 1195
1247 1823
1749 89
1734 1198
364 1415
1368 1775
1893 149
21 1747
1891 1625
106 1624
650 56
357 910
740 375
1398 192
1237 1486
1846 405
657 1574
1743 138
1775 861
11 1563
20 1570
1781 1121
96 1343
1895 476
22 1590
23 840
1181 125
351 1140
1852 371
1296 1093
184 806
24 1146
862 1470
742 1200
758 300
208 350
1588 540
99 459
776 662
1855 1388
942 895
1768 198
1347 424
1883 377
331 547
1038 578
679 1652
25 309
76 981
618 1809
271 1692
1533 1598
647 1763
569 907
1223 87
1502 989
1091 1593
440 1351
822 952
1453 1836
1755 1029
1553 1479
1214 1423
1185 185
1435 554
920 98
1664 61
483 171
1831 1244
475 1204
1837 924
29 492
30 42
512 1849
148 346
775 1363
1095 496
605 1070
27 1607
28 1268
31 703
954 186
897 644
936 549
617 314
1295 625
1778 816
1882 529
419 1801
1301 1838
1359 237
1686 193
1856 116
449 437
57 601
1771 1792
1555 682
1164 352
1250 1780
1493 1417
1866 1749
1192 974
652 1474
1302 152
1157 157
451 962
1460 1313
1544 1009
1751 679
459 784
1869 1232
1335 710
1498 1190
32 385
36 1510
1406 304
1330 1352
779 826
499 1130
1642 1267
26 576
33 1078
35 865
906 1511
1516 1643
272 1278
1721 361
535 18
877 550
384 786
728 1321
1044 1021
743 1179
377 415
37 1676
1641 1074
154 1834
1445 469
636 206
1413 897
458 762
94 1772
849 1687
39 792
40 874
415 1141
174 456
1788 184
34 1292
38 717
212 1756
1284 414
566 734
1836 1843
633 1393
1782 148
1334 1819
1158 857
41 759
1798 102
890 602
1874 1347
42 1660
1241 1573
766 274
335 666
1823 1862
1242 1615
392 1068
813 1707
43 1211
312 498
673 1289
44 71
1716 1168
689 947
1101 25
1122 916
1428 1334
466 1523
1709 372
409 1018
768 338
300 783
1671 497
801 1827
1361 1791
1070 57
45 1426
46 1032
68 960
1530 144
420 484
496 367
219 69
1391 1031
162 1260
1437 1803
463 656
1549 1003
1363 287
47 1373
49 1335
826 978
87 1735
1127 1694
1408 727
1617 982
1551 1453
1708 1091
1860 996
1378 363
343 1499
1272 1079
1736 1207
622 1345
1764 1054
50 1434
866 1230
919 668
1762 1472
387 140
1669 1404
48 1437
51 349
52 527
53 1744
1565 1535
727 1282
1015 708
320 711
974 936
1858 1561
1357 660
1497 1534
1423 683
1342 240
907 129
640 115
455 1833
531 1830
1510 236
938 1445
55 466
827 51
126 1258
1054 266
568 1853
997 1671
1358 969
146 1728
264 399
948 1564
395 8
222 892
1735 887
1138 1337
54 750
58 330
542 525
546 480
1367 1436
261 1180
56 1203
690 1650
224 1845
593 1386
1396 950
732 178
851 1518
1282 254
1487 126
1400 223
59 729
739 940
1729 1654
246 1797
508 1553
186 1056
176 707
1255 393
110 1560
60 1633
61 230
874 812
1800 1126
1051 1578
247 1090
1043 282
1446 434
62 440
63 1127
427 799
1700 902
120 1101
1496 1659
1298 130
724 906
242 573
429 587
91 163
1165 1576
64 984
1081 1647
803 1185
993 890
746 1877
1842 341
705 1506
65 1802
66 728
1200 1522
1236 1786
1339 296
1336 1627
1647 1186
194 1173
885 1389
1629 1884
67 345
1286 830
1141 317
460 1067
1023 55
1196 655
1171 257
1879 112
253 790
1026 75
1630 1152
461 911
1829 1616
1727 77
1650 659
1073 705
315 1644
1876 704
1853 238
1489 460
1785 0
1071 524
637 426
1731 226
1276 465
850 580
537 1622
114 474
344 696
71 594
494 651
912 1421
200 1781
700 1099
73 1538
1198 353
128 623
1322 954
444 290
74 1720
589 311
130 419
958 516
1480 222
229 1294
1695 167
1839 1039
72 49
75 853
1521 585
597 1822
1366 746
70 782
1055 1442
1063 1263
1205 68
764 1044
77 896
1506 1816
1766 542
1099 1542
1269 1049
1705 1455
616 775
1376 613
990 1768
341 605
239 327
462 1734
994 74
1111 472
254 1322
446 1411
79 1233
1098 1555
410 722
367 1144
1261 1825
478 733
1614 1498
78 493
1682 1314
342 1206
763 1569
275 1234
1848 299
325 1332
1259 78
481 1398
81 740
82 1761
1090 917
1114 457
333 904
1832 449
267 263
470 34
1830 1250
1424 1176
798 1896
84 1631
1636 1695
970 1519
1662 22
187 1320
1758 1381
352 318
830 819
559 1866
504 1312
564 848
80 928
83 233
86 715
1145 780
770 1773
1303 1753
1867 1367
889 520
417 1271
1631 1675
397 490
88 1691
1663 943
1520 939
1013 1605
165 477
571 795
479 439
85 1219
89 575
279 1387
703 1239
1426 891
90 1704
802 990
769 1620
1495 777
1222 1493
930 1279
1572 951
1598 337
92 1820
1838 1000
519 941
507 1236
1305 1541
1097 1883
1673 860
959 563
324 1645
1833 986
93 1209
381 160
656 1824
484 639
1297 898
95 401
1387 27
1183 588
105 197
405 308
1884 1406
695 373
524 1708
97 342
660 1197
615 767
1012 1106
1763 1497
1806 1653
175 536
807 124
550 357
98 1729
1677 632
1524 1362
307 692
961 894
100 1831
713 315
835 417
591 44
378 738
583 785
584 64
706 964
1418 1249
1854 987
101 1375
102 858
413 1034
250 59
1121 374
735 514
1740 1015
1483 511
608 201
520 1571
1752 1536
103 23
104 133
226 688
1066 1713
1429 1581
629 634
345 1122
1370 523
1542 1100
1807 797
1417 1301
107 1248
326 781
160 1307
1701 1600
1812 1272
956 1075
1172 761
1107 1255
1268 1401
1528 442
790 1418
439 920
1326 1269
539 1680
1567 1475
1020 134
340 189
108 259
109 324
214 801
1027 1355
799 914
111 619
215 1799
832 28
1640 1740
408 155
1219 1291
1478 334
1059 533
1809 867
1456 617
1450 85
113 552
236 1006
1621 645
285 1359
971 67
1773 1369
918 1112
712 564
1652 1447
1547 1169
1341 501
297 878
1143 1042
1317 234
115 294
540 1583
1011 1370
1279 1431
1078 766
116 1552
305 1115
457 1547
836 96
609 1033
117 725
953 1579
1036 212
204 1368
1349 1304
118 933
795 1013
1659 211
1675 805
791 945
1197 697
846 39
131 1286
1123 406
206 629
482 467
1525 1081
678 1641
1271 752
476 915
915 798
1087 388
1783 176
554 839
145 1473
1712 510
121 1040
122 1240
278 1084
1605 831
737 1808
1323 137
386 1264
473 1341
888 521
1229 421
1494 250
1592 1525
1792 1494
119 1875
734 1365
124 320
125 1558
1270 1223
1118 1876
127 190
348 764
992 1784
437 433
1083 730
1793 1739
750 1589
1596 30
868 661
123 833
1264 451
883 918
129 1045
1706 1656
561 70
635 1063
516 1280
600 1057
574 486
1620 934
1475 1698
1579 706
847 1308
1110 1242
1587 1022
336 1891
665 1059
525 1464
996 47
923 445
274 1196
231 1618
511 743
738 302
1188 495
1024 32
1710 436
1156 850
1372 386
156 12
132 735
133 503
136 328
137 209
697 972
1601 610
590 1159
151 1262
495 723
556 1505
641 975
1499 1767
1064 1710
138 1157
1656 1339
1454 1712
140 977
1815 912
295 107
1747 1854
289 1874
596 1371
1486 1001
1556 1107
1124 1346
139 1226
1868 279
533 846
135 141
1025 1062
1381 1458
711 120
602 1731
141 1350
142 128
1690 650
1287 418
1245 1184
143 1327
833 1634
144 1089
674 1779
1034 1028
283 145
1503 1655
232 930
280 535
777 1325
170 957
147 1629
745 256
528 1860
1144 603
149 680
1035 1804
1084 348
991 1832
150 1408
536 1533
1599 1495
393 1027
1135 1585
1320 694
411 1782
385 1717
227 347
721 1441
937 1109
1638 1733
1845 1661
1689 870
1822 631
414 1299
179 675
153 1137
1195 827
1318 1567
1067 275
670 218
155 551
1252 955
949 10
1346 36
157 701
944 1732
1639 1298
1488 1752
389 339
503 1023
1583 1617
477 1077
1484 709
963 1191
922 673
158 1065
424 1509
1590 382
1552 293
1041 276
161 1117
864 1118
1148 383
1803 123
1325 504
220 1161
692 241
614 1847
159 985
163 672
1009 909
1096 774
1534 559
1622 1428
164 888
1722 215
960 721
1262 1220
400 1376
1558 1465
1174 272
1093 1683
1440 1296
225 1882
1033 1711
1841 1154
1625 1764
952 1548
1612 908
1221 1158
166 1413
167 331
168 505
1452 1502
717 621
928 789
1805 557
423 1793
230 526
957 1545
1649 387
1217 1741
180 196
185 880
1577 1666
169 992
1509 548
171 699
172 109
943 365
515 1208
1386 531
753 143
173 1142
585 488
1725 856
1746 845
1810 1202
733 1596
548 366
177 1476
443 1477
551 637
1115 530
630 1758
910 560
1292 1565
311 1640
349 1283
207 1651
1784 1167
1543 1469
685 91
365 53
394 1149
755 903
181 221
1253 825
182 1225
1193 1259
292 669
762 1302
301 208
191 1132
1207 804
1337 876
1526 539
183 268
1787 995
902 1850
722 1053
1056 35
291 82
346 1050
964 1524
789 1537
188 305
606 1500
500 1870
502 1446
1821 312
1877 537
855 219
1373 1588
290 1879
666 1237
1187 191
1568 1252
189 788
190 1886
1472 21
1082 599
1519 13
430 1110
1711 228
1379 859
432 1311
699 609
1352 471
1548 1865
1086 779
1707 429
192 922
196 43
962 195
1443 92
514 1626
193 1440
195 1855
197 443
1529 877
1847 1851
486 1821
1610 712
1405 686
976 1315
240 1686
1824 1457
669 889
572 770
646 168
752 556
1414 1372
1175 1787
1779 1490
202 1364
1371 1858
198 479
199 513
1191 1770
1886 298
287 1628
201 1899
1385 509
760 698
203 612
1146 938
1574 1492
1415 278
360 170
1112 229
675 973
1459 1163
702 1193
858 769
445 1487
1597 1743
1470 517
587 325
882 395
510 1873
209 1047
210 1818
1109 450
870 919
941 142
1307 1668
299 1156
1767 1546
211 1111
1010 1336
778 1433
472 1356
1291 626
1676 1531
1477 127
1591 1102
1039 1526
1285 1348
704 618
205 362
1032 322
800 1390
1431 1594
965 1777
716 837
216 937
999 562
1654 1557
1133 1383
1697 135
213 1679
774 654
1422 1087
1383 674
218 174
914 1504
624 944
781 731
1611 811
217 1840
1375 648
1338 866
639 1844
403 1012
366 961
945 227
1147 1215
1002 1400
1199 1880
547 1539
1404 321
1875 422
530 7
1412 1175
782 2
1432 231
581 52
223 1427
1670 17
308 855
221 1872
328 1690
1029 404
838 108
426 158
931 1890
228 652
359 1606
1757 202
1257 1677
946 1420
534 150
1052 577
1789 220
1559 1340
1350 343
671 869
570 838
1153 271
688 448
1416 14
330 1587
715 959
726 1297
396 1461
1235 1245
1399 1354
234 1514
1772 485
379 979
1584 351
1578 204
1403 1592
233 1277
383 1529
235 574
1080 1066
565 224
552 1273
1694 73
332 29
1263 794
313 1454
815 1338
237 1893
238 1261
438 1424
881 58
1476 216
909 667
1324 1726
492 431
362 332
1216 1164
241 1549
243 164
1362 396
1182 1290
244 264
1186 447
373 905
852 1795
613 913
1730 758
316 519
756 1241
644 248
845 649
248 162
339 646
436 994
249 1247
1635 1835
1154 1829
1031 84
1703 100
1796 579
1072 1188
772 998
1738 15
433 265
1134 633
1550 1108
265 1306
251 1894
1194 1778
1212 802
1564 813
304 847
951 1275
1608 778
1603 1399
1348 1452
252 478
1106 245
1645 1402
1215 262
402 1213
418 86
1560 636
668 748
258 581
1213 824
369 340
257 1293
1795 1394
1739 1377
255 397
1745 110
1672 402
363 1409
1541 267
1728 515
844 991
917 62
259 1324
262 1231
557 1463
375 1174
723 441
1465 638
577 1597
380 1353
1050 355
981 1378
925 714
578 427
266 323
1438 1443
1319 677
1849 1246
263 1083
1267 1878
805 1221
268 1046
664 737
841 1685
1628 261
269 842
575 384
867 1503
1600 1637
1505 430
1466 139
797 980
1624 1798
319 1036
270 1699
273 732
927 630
1742 1134
1203 409
619 1432
471 1170
1527 106
1061 1789
592 678
1512 482
787 681
573 1478
1817 313
276 823
327 1550
1019 1349
1425 1513
829 595
751 993
817 1556
854 921
302 76
780 1002
281 1243
1113 79
676 1116
277 1395
1354 901
422 755
1606 1016
282 1759
284 473
1226 1253
1022 1145
1178 40
286 273
1522 194
1433 700
694 1619
1678 1754
812 1138
848 246
824 1
1756 814
372 1318
1774 724
1411 1745
880 1736
1623 1869
469 1085
294 1572
1797 553
627 988
293 1212
1719 1037
861 1672
1535 1024
611 1201
808 1796
1790 9
288 606
296 101
1220 379
298 177
682 545
1840 1333
1089 872
318 63
687 1642
975 1751
562 94
1249 333
1119 834
661 1143
549 249
1313 1582
1455 1800
490 615
303 1276
1345 1612
493 1737
1401 1104
1715 1025
323 444
1204 1205
1065 1852
1834 1256
1058 37
1340 283
306 1508
355 815
642 622
1593 828
1759 161
1189 1069
804 685
506 1603
309 1228
900 620
1511 1599
709 1086
474 1826
310 1439
744 1125
1289 1709
425 1864
1449 291
621 616
612 1305
788 166
707 1391
714 1052
314 642
1094 289
1699 381
1040 1702
1515 1507
786 598
1421 1038
1125 1501
1881 1071
1277 370
643 1192
1448 1331
933 253
1575 376
1573 20
1260 1210
317 702
350 640
1468 165
1068 693
321 31
1627 756
322 181
1155 684
1274 1366
579 1310
1102 1257
329 1300
1794 1422
831 217
1136 566
794 1010
625 1684
1228 868
645 1480
456 1460
1561 1227
823 316
853 1303
1333 1150
1780 453
334 1309
729 1892
1595 5
940 884
1463 1721
1444 1527
1688 389
1234 765
388 506
337 719
1439 1544
338 670
1811 1790
1696 1613
406 1530
693 569
939 1491
603 561
1491 1669
1332 147
911 1011
972 117
1562 435
353 862
1210 1416
1602 286
819 739
595 132
973 182
447 114
1776 1630
1176 1867
1501 1004
1586 1670
529 744
347 604
765 1438
1655 1742
859 791
1723 1543
1539 41
879 336
1667 319
1243 1270
1878 1841
434 1060
1000 1360
448 900
1665 1693
356 586
725 883
1008 647
1609 122
358 1451
1231 1183
1490 136
1441 1812
544 1048
1166 1697
1017 411
1761 1285
428 1673
1828 303
1865 584
1537 528
361 886
983 611
1288 1171
1037 1532
1660 1540
1126 1817
368 412
886 657
834 1609
1149 1577
370 499
1748 1485
1315 532
1170 1088
371 1430
1202 173
558 749
1844 489
896 624
929 1113
374 829
376 689
1753 269
1467 1718
1536 1723
998 1410
1770 1035
985 159
599 119
1538 1162
1310 1251
382 243
1485 1805
1648 1623
601 854
1360 1178
719 1868
563 1828
1076 306
648 803
1684 1568
895 131
969 1678
1085 1700
710 1414
747 1722
1248 88
876 1218
543 614
390 1859
391 1701
1390 546
1395 773
588 1216
924 1072
1632 718
1049 175
1218 676
442 392
784 864
1201 1591
869 1681
532 1008
398 38
399 95
401 1328
1570 1471
1514 172
480 946
1813 90
1351 1055
488 534
628 502
1554 1147
404 935
1045 971
468 111
1393 1407
1859 1856
1643 1020
407 720
1492 1646
1802 1665
1615 391
1014 800
820 255
594 757
1566 72
412 1058
1580 252
1005 1727
783 104
1420 428
1380 796
1364 1224
761 1848
416 464
1018 567
843 1897
1718 608
1328 1584
1471 1043
1457 1755
1576 1898
1088 1762
582 1133
1293 1611
523 1155
1163 180
947 1014
431 1199
1331 413
659 508
1374 1403
1169 423
825 753
435 1662
1309 54
821 1281
1681 1861
604 232
1870 380
1581 207
871 929
1001 470
1458 1124
1545 653
1419 1481
441 390
1006 1329
1702 1482
1389 368
1693 93
1786 1095
1132 1520
1732 1217
513 817
450 590
452 1459
995 970
691 285
757 446
454 1837
773 1703
453 258
921 335
1232 151
698 103
464 408
1864 292
465 1639
1179 821
736 1871
1474 1716
1021 882
1616 835
467 1182
1434 66
759 203
649 690
1741 593
1698 326
875 1412
1637 179
1184 1807
491 358
1057 156
651 849
1327 1580
1724 1575
505 1769
485 1771
785 1435
1238 1810
1799 494
1246 1788
487 1405
1100 277
1760 1705
1626 571
489 643
541 875
767 60
806 1715
1294 199
828 1064
1862 1194
497 555
894 810
916 33
498 793
526 1026
872 118
984 1030
522 1151
1808 1189
501 1105
1679 665
1129 280
555 205
1092 1358
586 871
1653 627
986 592
1863 879
509 113
1464 1153
865 1123
1473 1385
1713 1466
977 1317
1128 713
1130 455
518 852
1120 948
517 1746
1137 1528
1030 1096
1167 572
521 1094
842 589
1644 820
620 1082
527 1136
610 1706
1103 522
1691 1361
1104 1005
538 214
1273 1521
818 745
1451 1551
1239 1073
545 841
1177 597
1355 1456
1826 899
580 1725
634 239
1646 11
683 1166
796 1177
1278 591
1843 1610
1244 1658
730 80
553 121
696 763
1139 1374
701 183
899 97
1850 836
1173 1738
1290 771
560 1806
567 1172
857 1516
626 1425
655 1601
1518 565
1394 260
1258 1750
1447 81
1814 378
809 1614
576 1467
1585 966
1280 809
1209 808
1225 295
607 1748
1003 1287
1240 1214
898 407
684 1450
1683 1554
1557 1139
1504 462
1060 1235
1818 105
1531 1462
1726 873
1880 1559
887 1384
966 1061
1069 1889
708 364
1409 468
1028 19
979 1379
1619 1815
1666 1649
598 1632
1369 200
1004 1602
935 481
677 187
1159 1120
1507 1517
987 1881
1714 1811
891 1785
623 1608
839 1846
1161 760
1075 818
631 153
1108 146
1816 596
632 997
1256 893
638 1813
1311 301
1754 1484
1427 976
1482 1586
653 1288
654 558
810 310
748 1160
658 48
980 1515
754 463
1657 1765
662 235
663 244
667 247
1513 538
968 1254
1500 1636
672 1689
1233 26
1546 932
680 1128
1733 225
681 356
686 1135
1046 1097
1048 1839
1680 483
1462 270
1508 169
1872 410
1871 965
913 1080
967 420
982 46
873 281
1316 210
1685 641
718 288
1275 6
720 1595
1769 628
1343 1129
904 1682
1777 953
1651 1664
1356 671
1750 1663
731 851
934 931
1365 425
741 968
1720 188
1382 1888
1668 416
1344 543
1300 1222
749 741
1151 1449
1227 958
1563 507
1007 1229
771 1444
793 664
1571 695
1827 772
1016 1187
1481 1051
792 1774
978 768
1077 1382
1384 885
1613 635
811 369
1569 242
988 1674
1377 491
816 926
1162 1295
1819 1316
903 1489
1206 360
1042 1119
1469 1114
840 512
1053 1714
856 1007
1692 1667
863 949
860 983
1801 1041
1479 583
1540 963
1329 1604
1266 1814
892 1483
1105 50
1582 1017
901 400
1283 518
1116 458
1461 1688
926 1319
1820 1842
932 1181
1430 251
1299 925
955 83
1152 454
1737 1429
1825 1857
950 16
1517 1396
1634 3
1211 1766
1402 1266
1140 863
1704 570
989 1512
1589 956
1851 344
1074 1719
1117 1148
1230 1794
1160 544
1251 776
1397 1284
1353 500
1062 1419
1658 354
1131 4
1312 1621
1532 942
1180 1895
1208 658
1142 1019
1306 736
1190 1635
1604 742
1224 1760
1791 999
1304 663
1308 881
1857 1448
1392 1776
1674 1696
1861 1380
