10620 10430
10972 10257
9952 10274
10036 10992
10287 10022
10314 10948
10968 10379
10977 10340
11244 10945
10239 10215
11021 10407
11408 10256
11099 10924
10317 9754
10412 11449
11410 10998
10555 11397
10130 11246
10915 10589
10039 11227
11144 11202
10312 9970
10694 10352
11482 10579
11257 10193
11386 9921
10154 11241
10892 11044
9898 10037
11337 10047
9760 10695
11373 9728
10713 10026
10054 11140
9865 10195
10471 9946
11360 11063
11469 10323
10646 9849
9924 10582
10966 10710
9923 10094
10906 10939
11494 10928
10324 10891
11387 9717
11427 10349
10172 9736
10931 10884
11357 11245
11098 10008
10604 9758
9856 9987
10221 10157
10044 11099
11394 10422
11322 10850
10496 11136
10354 10764
11457 10576
10093 9825
11440 10165
10081 11338
10308 9839
10151 10942
11128 10168
11324 11229
11463 11392
11470 9762
10276 10854
11356 10602
9732 11375
10450 10506
10194 9850
10452 9884
10001 11015
10804 10477
9735 11043
10445 10718
10038 11217
11061 10627
9859 10177
11171 10179
10449 11507
10380 10549
10192 10650
9966 11205
10071 10308
11439 10102
10732 9784
11208 10799
10179 10820
10866 11306
10243 10705
9972 10528
10613 10289
10885 10933
10567 10374
10075 11324
10950 10498
9771 11320
10690 10080
9729 11119
11068 9793
10589 11455
10335 10146
10147 11464
11095 11538
9767 10027
10062 11179
10019 11243
10770 10086
10889 10233
11052 10288
10242 10636
10816 11051
9965 10634
11420 11183
10198 9898
10999 10784
10114 11388
9718 9807
10404 11430
9776 11107
10993 10084
10096 11522
9931 11025
10178 11454
11138 10775
10418 9853
10916 10105
10695 9905
10812 10391
10867 11292
11074 10912
9778 9832
10763 11510
10717 11516
10809 10913
11134 10189
10072 11033
9835 10316
11392 10798
11303 11098
10527 11242
11038 10351
10261 10823
10693 11141
9915 10547
10493 11489
10936 10719
10502 10944
10742 10531
10768 10829
10727 9730
11455 10293
10457 11416
10897 11068
10780 11203
10034 10595
10862 9990
9781 9988
10300 10167
10405 11431
10783 10693
11167 9833
9991 10011
11206 10487
11358 10816
10251 11485
11331 10101
11219 10800
10455 10053
10244 10656
11007 11529
11008 11371
11323 10278
10212 9938
10410 10906
10644 9980
9963 10114
11255 11373
9938 10089
11152 9753
9830 11104
10370 10654
11173 11091
9838 11433
11332 9954
10323 10398
11224 11316
10077 10210
10907 11512
10064 10471
11157 11064
9809 10402
11471 11254
10515 11037
10730 11440
11372 10752
10400 10881
10474 10107
10427 10158
9837 10173
10031 10574
11123 10995
10288 11476
9805 10434
10290 10707
9980 9830
10355 10415
11341 11010
10684 9913
10864 11196
10440 10111
10755 10953
10890 10418
10581 10556
9793 11023
10843 10743
11200 9822
10170 11175
10006 9930
10182 10044
10789 11499
11154 9794
10820 9727
11536 10065
10801 11057
10992 10060
10073 10343
10451 10997
9765 11346
9945 10621
9858 11090
10195 10980
10532 11089
11129 11210
10197 10877
9861 11429
9775 11361
10660 10559
10588 9959
10461 11452
10201 11199
10057 10915
10519 11034
9813 10489
10772 10511
11212 11193
10306 10687
11376 11206
11000 10230
10597 11326
11030 11412
11263 11125
10556 10720
11380 10122
10033 10457
11133 9828
11512 11502
10634 10476
10601 11081
9995 11353
10971 10641
10571 10935
11516 11308
10813 9977
11185 10355
10409 11000
11057 10901
10841 11442
10295 11380
10566 10406
10115 9770
11137 10381
11141 10642
11227 9936
10546 10305
10769 9738
10332 10875
11461 10367
9951 11478
9734 11147
10970 9934
10024 10265
11377 10454
10475 10067
10264 10188
9964 10317
11014 10255
10698 10240
9871 11076
9759 9745
10759 10446
10856 10758
10439 11074
10913 10619
11049 11102
10319 11047
11288 11423
11127 11410
11028 10533
11268 10711
9987 10436
11053 10002
11485 10837
10482 10916
10415 10546
10602 11164
10829 11238
9799 11212
11121 11411
10898 11535
10884 11471
11526 10318
9958 11269
10207 11086
10168 10565
10446 11262
10800 10763
10607 9945
10109 10930
10066 11271
10134 10313
11143 10303
10495 9837
11359 11176
10086 10777
10903 10016
11448 10416
10224 9992
11213 11251
10568 10934
9782 10009
11078 11035
11243 9958
10987 11534
9947 11360
11228 10108
10309 10163
11363 9994
11258 11022
11202 11438
10744 10456
10806 10385
11250 10951
10383 10620
10919 9811
10749 10558
10802 11399
10930 10116
10954 11301
9774 10965
11472 9972
10606 10442
11010 10624
11326 10444
9723 10727
11253 9910
10331 11093
10949 9781
9879 10138
10796 11359
10003 11310
10961 10978
10557 10392
9818 10918
9954 11013
10042 10648
11075 11305
10649 10276
10923 9995
11503 10031
10543 11484
10052 11393
10021 11213
10225 10651
10074 11425
9941 10399
11174 9915
10997 10395
11362 10366
10708 10936
10487 10932
10959 10804
10126 11067
10049 10548
10549 10251
10076 10976
10015 10347
10725 11365
9716 10370
11170 10426
10108 11128
10374 9744
10782 10985
9846 11062
10835 9966
10516 10192
10737 11456
10578 10655
10360 10616
10022 9991
11347 11084
10282 10170
10989 11219
10975 11508
11108 10931
11374 10018
10257 10307
10927 10567
10414 11520
11384 11428
11385 10622
11132 10244
10397 10899
10941 10364
11366 10142
10745 10326
10964 11339
11508 9782
10187 10110
10554 10214
10301 9857
9960 9861
11391 10333
10165 10512
10826 10019
11502 10213
10822 11340
10167 10299
11446 10441
11060 10145
10779 10226
10564 10736
9852 10314
10214 11060
10753 10661
10593 10070
11022 10040
10262 11453
10947 11383
9956 10999
11079 11050
11460 11058
10617 11328
9870 10551
10848 11497
10881 10747
10710 11494
11277 10852
10111 9917
11036 9810
10847 10254
9804 11291
10205 11032
10107 9911
10040 10315
10591 9867
11122 9812
10448 10148
10778 9847
11032 10263
11177 10152
11149 10001
10875 11504
10828 9862
10953 10812
9842 10186
11124 10450
9918 11333
9992 9755
10756 9896
10563 10228
10979 11474
11106 9791
9903 11166
10005 10294
10202 10959
11191 10818
11370 9965
11001 10893
9917 10238
10738 10433
10911 10132
10840 10587
11272 11264
10896 10638
11433 10310
11247 10633
11334 10543
11378 11523
11422 10859
10085 10455
11406 10530
11492 11137
9802 10894
10110 10990
9770 10346
11488 10541
9979 10095
10827 10922
9748 10411
9840 11332
11109 10989
9740 10329
11496 10127
10035 9951
11407 10419
11048 10563
11421 10839
10333 10659
10417 10387
10957 10482
10605 9926
11290 11101
10216 11019
10811 10380
11114 10919
11379 10757
10443 11071
9833 11349
10447 9855
11050 9835
10784 11108
10270 11421
10832 10519
11261 10327
10185 9777
9895 10052
10271 10389
11233 11214
10442 11115
10025 10048
10347 11524
11314 11250
11110 9955
11031 10232
11195 11028
10204 9904
10599 10373
10739 11248
10080 10075
10733 11168
9950 10876
11147 11192
10426 10940
10671 11319
9975 10306
9828 10497
11029 10500
11020 10300
10002 11163
11489 10870
9829 10483
10177 11377
10137 11201
10395 9937
10191 9908
10904 10136
10420 10337
10958 10809
9816 11036
10392 11531
11033 11387
10633 10125
11252 10284
11211 11216
9791 10033
10735 9897
10004 10285
11153 10144
10030 10459
11382 10742
9953 11131
10431 10880
10612 11221
9993 11424
9897 10897
9887 10443
10865 10237
9977 11473
11445 11256
10174 10405
10138 9716
11415 9787
10839 10722
10377 10827
9920 10248
11383 10229
9919 10068
10055 10054
11395 10112
9959 10637
10724 10658
10795 11342
9746 11129
11316 10311
9910 11298
11238 10613
9866 11087
10933 10171
9721 10182
10853 10445
11452 10594
10573 11265
10909 10216
10914 10681
10645 9982
9766 10369
11221 10890
10241 11170
10891 10686
10063 9746
11507 11409
11389 10021
10467 11146
10815 11450
10895 10061
11182 11334
11403 10729
10010 10954
10304 10787
10711 10321
10465 10728
10844 11270
10718 9974
9928 11222
11055 10222
10948 10508
10384 10929
11521 10575
11399 10039
10570 10174
10361 10513
10691 10526
11019 11268
10246 9725
11145 10178
10269 11374
10922 9877
10863 10848
10629 10460
10391 11045
10229 10858
10622 11065
11340 11038
10680 10955
10421 9743
10929 10410
9974 11381
10059 10831
11361 10625
10651 11079
9926 10617
10590 10203
11497 10673
10596 11401
9722 9761
11160 10774
9750 9993
11287 9957
9888 9775
10092 11042
10925 9859
11179 11521
11478 11225
11015 10115
11525 10539
11166 11017
10678 11394
11012 9929
10156 11046
11246 10808
10253 11173
10240 10623
10149 10941
10673 11463
10018 11415
11168 11300
11165 9827
10508 10286
10436 9747
9724 9967
10199 9834
11419 10760
9949 10464
10785 10492
10233 10212
10432 10126
10402 10199
10173 11282
10766 10554
11537 9721
11307 9887
10575 9858
10988 10630
9934 11350
11178 9766
11520 10872
11192 9986
10477 10447
11417 10678
9932 11354
10628 11218
10175 9818
11232 11132
11354 10100
10814 10826
10181 10449
11308 10973
11006 10685
9916 10258
10592 10679
10407 10669
11432 11172
9877 9724
9751 10946
9962 10271
10632 10400
9850 9803
11051 10614
10805 10725
10842 11470
10364 11275
10369 11230
11162 10794
10791 11144
10279 10175
9731 10840
10767 10769
11101 10993
11338 10185
11175 10304
10924 10375
10786 10801
11089 10966
11217 11187
10793 11498
10550 9760
11269 10217
10663 10761
10206 10982
10653 10169
11336 10207
10587 10467
11092 11106
9839 10868
11131 11447
10473 10119
11355 10977
10855 9838
11487 9798
11126 10484
9872 10042
10687 9919
11434 10981
11237 10782
10658 10332
9889 11235
10406 10626
10674 10057
11335 10190
11047 10664
10023 11506
9927 11483
11442 10357
11315 10046
9864 9932
11477 10043
9883 10592
9803 9979
9788 11368
11027 11105
10775 11515
10163 10281
10565 11234
11058 11488
10334 11376
10463 11537
11465 10844
10969 10810
10709 10205
9725 10365
10379 10730
10726 10834
11464 9729
11018 10862
10338 10882
9873 10252
11284 9964
11241 10562
11426 10324
11005 10073
9763 10684
10494 11420
10981 10569
11456 11138
9756 10773
10978 10012
10153 10453
10155 10181
9825 11103
9790 11528
10316 10759
10408 10273
10799 10272
10490 11120
10476 9819
9874 10721
11291 9940
10873 11403
10213 10499
10454 10920
9757 10898
10729 10709
10444 10937
11532 11321
10079 10517
10750 10792
10362 11006
10721 11188
10696 10788
10942 11413
10635 11385
10544 10469
10094 9802
10263 9961
9817 11288
10652 9928
10559 10917
11186 10297
10460 10689
11248 11369
10928 11503
9772 10319
10121 11280
10268 10670
9808 11278
11164 10202
10526 10372
9736 11323
10007 9767
10525 10553
11040 11118
11181 11389
9798 9973
10152 10458
11299 10501
10976 10341
11466 9809
9880 11001
10367 10267
10326 11211
10000 11436
11388 10590
11044 9726
9733 9879
10320 10201
10105 11366
10598 10813
10371 10062
10060 10516
10275 10071
11447 10635
11041 11061
11259 11501
10307 10239
10162 10791
9826 10223
10810 10376
9922 9722
11239 10403
11231 11293
9907 11224
10716 10923
10491 10268
10272 10461
10238 11443
10029 10025
9779 10712
9810 11041
11443 10889
10703 10474
11240 10910
10860 10629
10484 9806
10437 10952
10900 10783
11523 11318
10372 11048
10017 11496
9913 10716
10983 11126
10545 10206
10159 10219
10014 9978
10630 11053
11088 11379
10603 10702
10505 10160
11416 10424
10373 11469
10765 10328
11368 11226
9955 10688
11274 10503
11139 11514
9930 10785
10065 11426
10722 9852
10419 10393
10211 11261
10539 10744
9841 11208
10746 10480
10193 10005
10343 10495
10478 10081
11130 10496
9899 11112
11468 9948
10217 9871
10887 10334
10090 10245
10123 10663
10492 10521
10681 10778
10823 10049
11169 10754
10507 10312
10070 11003
10616 10280
11381 10863
9990 10545
11197 9886
10293 10151
11538 11039
11413 10628
10537 9734
10088 9785
10560 10290
10561 11169
9853 11116
10366 10242
10358 10404
10441 10135
10286 10861
10541 10041
11294 11441
10087 10842
11342 9856
10171 10817
10041 10502
10984 10803
9762 9923
9820 10873
10255 9941
9780 10236
10084 11462
11393 9821
10533 10807
10503 11526
10336 9788
9819 11232
11013 10514
11234 10045
10882 9826
11493 11165
10648 10420
11216 10739
10346 9752
10807 10726
10723 10472
10472 10843
10285 11396
10662 10715
10382 9817
11418 10166
11517 11362
10456 10359
11222 11082
9902 9907
10585 10598
11115 11097
10128 10698
10781 11274
10850 10986
11467 11487
10530 10586
9754 10904
10518 10735
10664 9874
10008 11517
9929 11123
10236 9985
11405 9774
9901 10806
9881 10524
9784 11220
11506 10438
11300 11237
11207 11151
10719 9983
10528 10235
10706 9846
10535 10063
10321 11311
10416 10750
9943 10330
10278 10090
10469 10287
11289 10781
11305 11482
11397 11127
11475 11352
10859 10786
10330 11049
10870 10821
10728 11357
10385 10358
9849 10566
10670 10797
11158 10463
10260 9939
10061 11182
10558 9808
9761 10892
10223 11008
10701 10118
11093 11467
10771 11252
9936 9796
10103 10155
10274 10296
10994 11299
10524 11486
11066 10024
10280 10356
10124 9776
10032 11267
10158 11021
9909 10279
10608 10599
9738 10671
10940 10683
10339 10969
10707 9797
10689 9860
10047 9878
9795 10283
9752 9771
10714 9888
11511 10988
10142 10342
10097 10723
11062 10805
10945 10724
10901 9947
10237 9823
11135 11391
10470 10527
10325 11527
10736 9889
10868 10097
10146 10038
10641 9842
9848 11247
9957 10224
9968 10124
10113 11329
10144 9914
9769 11283
10095 11331
11105 10295
10569 9733
11409 10849
10594 10134
9983 10974
11161 11322
10917 10704
10256 11095
10357 11314
10584 10532
11215 10534
9786 10131
10542 10409
10886 10585
11180 10448
10289 10452
10700 11457
9814 11347
10129 11378
10398 10004
10857 11204
10235 10793
10654 10956
9755 11408
10100 11072
10967 11536
10292 11459
11072 9890
9812 10154
11344 10034
9971 10832
10381 10588
10082 11162
10186 11398
10818 10260
10734 10292
10220 10491
11159 11124
10387 9732
10483 11054
9985 10536
10037 11190
11513 11109
10577 11341
11254 10600
10281 10113
11190 11490
11096 10895
11450 10943
10704 11059
11281 10692
10854 10417
11067 11472
11016 11276
10303 11272
11189 10983
9946 10153
9773 10796
10615 11281
10536 11509
10453 11533
9854 10275
10760 11364
10365 10141
10665 9943
11113 10751
11423 10583
10434 10970
10534 9989
10351 10961
11365 10871
10488 11493
10640 9944
11136 9783
10294 10814
10522 10677
11083 11239
11266 10869
11296 10432
10429 10639
10424 11078
10963 10851
11073 10427
11087 10338
10266 11404
11500 9820
11279 11477
10500 11080
11499 9765
11176 11287
10618 9815
10699 11363
10705 11139
10672 10963
10265 11030
11225 9968
10403 10164
10849 11171
10411 10886
11084 10149
11034 10253
10396 10423
11333 10384
9999 11513
10296 9843
11453 11073
10937 10092
10878 11367
10322 10368
10888 10074
10702 11315
10582 10350
11046 9718
10135 10470
9914 10666
10423 11149
11118 11518
9911 9844
9797 10344
11311 10478
10118 10838
11425 9891
10657 10766
10489 9899
11042 9740
10277 10581
11196 10076
10754 9960
9996 10133
10552 10580
9905 10903
10899 10749
11490 10694
10595 9865
10576 10362
9824 11075
9893 10322
11120 10475
10180 11152
11346 11273
10637 11233
10808 11400
10430 10120
9892 11279
10944 10481
10506 10888
10091 10550
10104 10833
11245 11083
10341 10968
9720 10088
11306 10865
10656 11344
11301 10765
10345 9768
9719 9925
11345 10298
9912 10003
10422 10907
10464 11255
10394 10440
10389 10911
10574 9981
11150 10680
11530 10488
10176 11070
10399 9723
11505 10191
11002 10397
9940 9922
9862 10675
10058 10435
11519 11027
10790 10822
11435 9870
10190 10690
10531 9836
11251 9805
11486 11018
11081 11312
10583 10577
10027 10264
9935 9942
10682 10525
10222 10099
10837 10746
10352 10699
10386 10466
11267 10874
10614 9790
10375 10336
11504 11026
9855 11540
9998 10697
10752 10597
10116 10610
10902 11197
10773 9804
10688 11031
10562 11231
10363 11185
9989 10542
11285 10023
9815 9950
10438 11249
10479 10647
11390 10198
10845 10731
11260 11384
10342 11024
10586 11007
11140 10050
11265 10737
10053 10249
10101 10243
11264 9789
11449 10535
10122 9799
11242 10811
11529 10529
10825 10768
11146 11113
10861 11130
10876 10740
11454 9956
11204 11156
9976 10584
10313 11309
9834 10339
9821 11511
10486 11154
11527 11158
11201 9875
10466 9916
11256 10564
10468 10644
10026 11142
10883 10665
9811 10035
9925 10713
11183 10143
10880 10609
10741 10646
10894 11257
11351 11337
11533 11372
10247 10345
10683 11186
10743 10462
9745 11351
11539 10139
11184 9963
11003 10696
11325 10845
10540 11077
10686 10971
10529 9931
10299 9801
11230 9962
9801 10856
9982 11005
10259 10059
9747 11160
10661 10378
10020 10335
9789 10857
10731 10682
9847 10383
10485 11336
11063 11468
10078 10745
9869 10360
10990 11407
10830 9769
11540 11184
11375 11100
10462 9996
10852 9720
10376 11525
10982 9841
11220 10451
10935 9731
10067 10091
11481 11417
10677 10162
10946 10762
11071 10819
10215 10247
11343 10161
11349 9742
10117 11432
10952 10096
9981 9949
10692 10962
11509 11029
10219 11092
11187 10909
10600 10056
11510 10608
11070 10490
9785 10771
9796 10204
10016 9976
10938 10612
11436 10494
10798 11304
11223 10479
10250 10835
10481 11209
10803 9885
11462 10394
9728 11444
11304 10732
10302 10437
10846 10077
10132 11491
10164 10667
9827 10106
10747 10014
10045 9863
10974 10140
10834 9795
9742 11519
10089 10176
10249 10772
11522 10180
10926 10234
10956 11356
10160 9756
11352 9880
11501 11178
10150 9900
11156 9800
11484 11189
11295 10029
10715 10902
10433 11002
10819 9935
10139 9883
9843 10883
11097 10225
9875 10087
11194 11012
9876 10386
11273 10557
10267 10128
11401 10320
11163 10957
10871 10991
10231 11466
11330 10611
11023 10573
11348 10568
9844 11148
10291 11016
9973 11266
11214 10069
10621 9816
10960 10790
9997 10660
10996 11040
10833 10701
11479 11056
11441 11348
10230 10006
10009 9975
11483 11451
11117 10348
10208 10017
10349 11215
10141 10270
9832 11460
11236 9786
11431 10561
11025 11135
9939 11094
10831 10269
10776 10465
11429 10412
10611 11167
10145 10815
11293 10824
9906 11004
10619 10231
9921 10994
10668 10878
9807 9851
9727 10593
11444 10468
10631 10672
10435 10282
10102 11395
10356 11479
11056 11458
9978 10013
9937 9903
10245 10504
9857 11155
9884 11386
10234 9920
11451 9971
10348 10949
11318 10867
11086 10972
10667 9759
10998 9909
10943 10714
10666 11481
10393 10860
11283 10325
10050 11445
9753 10802
9822 10082
10232 9779
11480 10159
10905 11406
10609 11448
10547 10221
11100 9873
11438 10657
10048 10211
9749 10668
11350 10896
9730 9864
9860 10388
11218 11495
10378 10905
11473 9933
11491 11402
10792 11236
10161 10733
10777 10493
10553 11290
11515 11240
11310 11505
9831 11355
11017 10706
10458 10085
11317 11145
9764 11177
9994 11303
11148 10522
10879 10396
10350 10197
10872 10855
11226 10055
10390 11055
10610 10887
10226 10652
9890 11009
11229 9813
9868 11289
9988 10030
10655 9773
11271 10708
10028 9881
10572 10987
10273 11228
10774 10853
9792 9848
11404 11532
10685 9866
9984 10291
10761 10653
10228 10755
11498 10028
11249 10830
10284 10209
9878 11358
9777 10717
10011 10505
10459 10187
9783 11200
10189 10382
11353 11435
10013 10847
10712 11114
10140 10078
10659 10606
10510 10486
11188 10518
9942 11434
10788 11500
11321 10083
9743 10520
10627 11157
11037 10098
11103 10578
10298 10925
11198 11313
10120 10643
11076 10741
10068 9739
10401 10767
11119 11284
10083 10103
11091 10109
10012 11198
11102 10363
10669 11345
9904 11194
10328 10691
10995 10129
10327 10156
9908 11405
10046 9892
11282 10421
10794 11153
11069 11121
10511 9854
9967 11143
10480 10603
10169 10241
11313 10000
10626 9902
11412 10259
10851 11446
9717 9868
9969 10984
11524 10117
11424 9751
10512 11133
10131 10572
11367 10010
9823 10262
10125 9763
10962 11461
10551 10975
9768 9893
11458 10947
10764 10570
10184 10428
10893 11088
11319 10591
11004 10866
10337 9997
10939 11382
11320 10662
11043 11297
11045 9748
11400 11419
10636 10979
11199 10510
11430 10507
10413 10137
10501 10596
11411 10429
11080 10353
9961 10958
11155 10645
11205 10515
10340 11530
10934 10473
10258 11159
11059 10130
10980 10227
10248 11370
11054 9953
10203 9918
11104 10631
11082 11111
10965 11390
11278 11335
11276 10776
9845 11465
11270 9778
10504 10390
10740 10361
9851 9764
11396 11122
10762 10967
11112 11020
10318 10425
10136 10836
10623 11180
10951 11085
11111 9719
10523 11244
10720 9735
11011 10879
10908 10354
10283 9780
10133 10674
10043 10703
9886 9749
9787 10301
11107 10926
11094 11191
9944 11492
11172 10908
10647 11302
10368 10485
10148 10302
10254 10414
9741 10618
10787 11439
10200 9901
11339 10200
10497 10079
11459 10066
10311 9927
10757 10607
9836 10093
9948 9831
11035 10123
10580 9772
10821 11418
11402 11295
10388 10208
11514 9906
10520 11539
10991 11327
10920 10439
10329 10020
10498 10841
10877 11427
10932 10734
10858 10615
11329 10331
11039 9741
9863 10555
9726 11422
11476 9757
10548 10064
10521 10051
10099 10523
11090 11259
11364 11330
9806 10408
10538 11195
10056 10753
11531 10072
10425 10104
11312 10900
10797 10828
11009 11066
11116 10220
11193 10571
9758 10601
10836 10058
10912 11475
10639 9872
10069 11260
11398 10036
10824 10938
10209 11317
10112 9845
10985 10756
10817 9750
10297 11134
10210 10700
10227 10605
10166 11258
10127 11161
10697 11325
11275 10537
11235 10604
10758 9984
10315 11480
11309 9895
10643 10540
11142 10779
11371 11110
10517 11307
10353 11223
10098 9824
10509 9829
10625 11296
10838 11294
11495 11253
9891 9998
11125 11263
11085 10015
11077 10632
10973 9999
9744 10649
11024 9737
11026 10184
10499 11286
9900 10780
11280 10927
11210 11207
11151 10825
11369 10738
10986 10261
10310 10509
10218 9876
11298 10544
11535 11117
11328 10007
11262 10431
10183 10121
9933 9894
10869 10538
9794 10377
9739 11014
9867 10996
10344 10371
10143 11011
11518 10864
11528 10250
11286 10552
9896 11174
10051 10950
10106 10266
11474 10277
10119 9840
10650 11069
10675 10795
11292 11414
10188 9924
11302 10309
10679 9952
9970 11277
10252 9814
11428 9912
11065 10914
10910 10964
11064 11285
10305 11181
11203 11343
11327 10960
9800 10770
10157 10789
10751 10560
10514 10401
11297 10194
10579 10172
10642 10246
11209 11052
10638 10885
9986 10218
10955 11150
10874 9969
10918 10640
9894 10147
10428 10413
10513 10032
9885 10183
10359 11096
11414 9869
10624 10150
9737 10846
11534 9792
