01 15_57
4_5_28_38_46 2_12_19
11 24
16_25_49 30
20 23_69_73
31 68_86
7_32 74
29_36_52_63 66
37 84
47 53
3_6_14_18 9_45_55_59
21_26_51_60 8_44
22_39_58 21_26_51_60
24 01
33 31
35 3_6_14_18
71 18
77 37
84 22_39_58
85 89
87 88
40 40
50 4_5_28_38_46
53 7_32
62 72_81
64 90
68_86 78
23_69_73 29_36_52_63
75 76
82 82
8_44 62
9_45_55_59 35
10_27 80
34 56
54 87
56 91
65 16_25_49
66 20
67 71
72_81 42
90 65
2_12_19 33
41 17
18 64
42 70_79_83
61 13_43
78 47
13_43 10_27
88 34
89 50
15_57 41
17 85
30 77
76 67
80 54
74 75
91 11
70_79_83 61
