0 1694
2 426
1998 1204
3 1683
1997 1331
4 679
1996 789
1994 1502
1993 747
1992 1692
9 1561
1991 1978
10 1446
1990 611
1989 1317
1988 384
178 1775
375 1435
1393 1445
107 533
252 506
470 1818
853 726
1712 1448
29 1015
757 473
582 592
1332 450
1569 1532
59 1556
723 306
1130 1966
1 1281
5 822
1995 445
11 148
13 1768
1603 1062
1237 10
800 1298
289 984
821 1143
1088 636
1137 1263
1378 1273
1089 1410
1999 1973
8 102
12 263
1717 154
1422 638
79 1906
1466 1665
28 1420
410 1192
235 1842
889 1691
6 1155
14 1908
15 1932
49 1137
565 1386
1667 1662
173 700
955 773
579 1458
145 303
1514 730
7 1941
16 1116
1098 746
1766 750
864 259
1289 1606
117 270
875 1350
1082 1501
642 1888
1185 598
17 693
1812 603
1284 1626
656 1588
970 227
400 466
906 1939
1562 955
1347 707
18 619
106 1301
232 520
102 1171
233 833
1145 1878
25 990
1194 35
817 709
690 82
257 329
1900 495
1542 904
896 860
1938 1809
19 658
20 354
377 897
949 1954
725 1543
384 519
287 659
1722 1569
1846 741
301 388
1863 364
1100 1977
21 881
1478 485
703 1564
1901 714
22 1199
1855 358
1646 879
1334 1467
1940 1586
250 1689
23 516
841 1513
941 1058
1007 368
1960 1788
24 699
1223 20
540 316
320 249
334 218
846 379
1348 1107
774 987
283 1545
1499 1279
761 1315
573 1092
1327 685
1257 1967
1431 640
704 163
1746 566
1975 1551
411 1067
26 25
1509 815
260 125
740 722
1169 111
1068 1688
1791 1916
27 1723
737 155
777 1985
221 1158
993 829
494 1870
291 1497
1708 1326
86 891
907 1791
1398 1546
672 187
1856 1722
711 513
1612 848
1419 732
349 1228
688 1016
888 1110
1593 788
1719 487
830 96
30 307
31 1422
1866 454
818 415
722 1971
1037 786
692 1945
721 1902
942 1091
436 1224
1172 1792
1204 1379
960 972
509 1223
406 1383
1371 1327
1522 1794
276 145
684 1610
1824 1239
1936 1911
32 76
33 1210
34 1527
1684 1243
1418 1251
1107 204
1915 575
364 1924
1929 347
624 710
1326 1101
1661 876
220 1324
1781 190
1189 1565
1614 548
1486 1562
36 242
1641 681
192 153
1820 782
1956 1121
1121 1283
1948 121
133 878
917 1033
1622 816
1238 1023
811 403
1220 491
640 1512
212 1030
795 966
1521 1100
279 1424
543 1851
1386 909
1022 490
489 399
70 1071
35 19
37 372
38 1872
48 139
1944 272
1151 173
1483 653
781 1761
217 1544
1115 1245
1920 1256
1390 1074
39 192
40 1271
1649 695
1629 1883
305 718
242 1849
1910 1427
502 470
41 819
82 483
188 1964
1760 591
1738 805
1828 22
1094 1373
1251 796
441 875
601 866
1582 1088
43 301
1638 512
953 69
1967 965
1179 1238
1494 1942
1002 759
848 1885
42 820
44 873
1980 943
93 1724
1276 1608
1721 1493
45 11
92 188
1363 1366
807 169
1258 948
1633 1009
246 797
1085 1036
1086 958
46 1372
580 571
1278 411
1178 1477
1231 872
278 359
564 167
47 863
1243 1927
1385 1975
1752 89
619 1064
433 460
1317 21
869 420
1158 1034
591 1347
1446 350
1895 1490
365 63
455 1479
1606 1855
826 720
1821 1081
50 1130
389 724
1891 1174
177 61
318 898
1167 1481
1877 1531
343 672
850 0
1383 1798
533 281
741 826
1925 1764
1893 196
1799 126
827 1024
1876 84
1583 565
52 1126
1544 1002
885 238
934 1983
1879 1537
53 590
1690 1254
1969 439
1731 692
745 1253
998 1389
1321 1351
51 1815
54 1780
1516 540
1715 1960
139 1439
1553 1250
55 467
997 1979
1302 1771
196 410
1691 449
1696 1581
620 1520
1462 237
1635 160
56 605
1656 1896
957 413
1014 144
57 408
1687 1408
1718 855
90 1709
1830 43
743 1040
1916 271
351 760
559 1393
58 613
393 1731
742 1515
1659 1309
1680 1751
1043 207
408 292
878 171
867 371
718 498
1624 1226
1395 75
317 1028
371 304
1377 27
1796 1489
60 159
77 1277
1541 1880
891 209
1849 1455
356 94
929 1891
581 177
258 1832
1744 226
247 464
1859 1661
61 40
62 1231
1573 254
1001 324
1693 1175
1200 1777
1898 1910
1030 1492
1280 348
1338 1918
346 1550
1286 219
127 559
1052 4
600 1623
64 1769
65 407
253 1797
379 1170
1813 130
1247 416
930 1150
1141 864
191 1295
881 1407
1070 1729
63 868
66 631
477 859
469 1416
611 1990
88 678
1297 1364
67 1718
1515 1068
637 389
1701 312
805 284
68 584
1307 1836
472 1484
1774 1566
877 334
627 764
1234 870
794 1591
1263 1657
159 398
1180 1103
1977 1988
698 527
1779 1060
561 1897
1673 778
733 1806
69 792
71 1146
589 754
550 24
184 42
1642 858
1413 202
72 387
1009 1634
1312 1920
1783 168
1152 1415
655 684
1049 1783
73 1536
74 616
1233 986
1433 366
1607 1685
518 612
943 1348
1475 279
1511 1881
313 165
75 922
990 355
341 1418
713 1430
1802 1463
1476 1232
174 1913
76 1211
952 120
913 1597
1580 1031
1000 1655
1288 1595
1095 1323
772 1472
1862 147
368 647
105 1821
78 128
1184 504
1592 13
1926 727
1805 1776
1837 1868
991 1225
275 618
1819 1001
80 1186
1010 1442
1703 1672
1676 716
328 1530
414 1676
1136 1148
988 969
1160 535
81 676
1636 367
1932 1848
459 451
1351 1861
1078 1108
1513 293
966 1642
157 1905
1567 494
1628 1333
83 164
438 374
1125 1494
1627 1680
84 894
418 16
263 1738
236 827
142 314
1460 510
85 1509
137 1376
874 1082
1428 477
1556 903
1264 338
1219 1648
548 711
1881 1584
357 563
87 721
727 579
1109 1786
1473 73
1818 906
747 1294
461 1858
89 1304
1962 1398
1842 1401
1518 105
248 1419
1016 932
1411 12
1838 928
520 205
154 690
350 1681
1919 1909
183 1341
1277 688
409 1423
486 208
1097 141
608 1248
1266 1259
299 1583
1826 538
1406 1773
944 576
109 776
91 1269
1735 1249
707 1671
1972 1099
290 1144
1546 1142
1981 615
1229 1765
1557 1042
1506 1947
1672 799
1459 1077
736 1730
915 1222
879 1417
1468 733
959 1084
660 1496
1912 1404
1005 448
605 614
1182 349
1225 296
1414 968
1535 1188
94 1118
967 1958
1529 361
546 1374
1129 1285
442 1839
858 1624
95 1388
96 1478
1150 101
141 558
144 1469
570 572
1965 790
97 978
847 1976
1044 547
1727 285
686 288
1472 100
1425 1647
1526 260
1924 210
1067 1176
1745 441
1655 1172
912 1827
1943 1032
281 1276
98 1233
99 534
1405 812
473 373
798 869
1079 962
199 1894
829 206
273 400
1670 54
101 1675
1242 1619
880 1598
897 282
1933 573
813 1200
445 1703
359 781
739 1726
860 769
1777 58
100 183
1379 1755
789 945
103 1699
1381 1628
1382 524
1871 345
1568 1321
1399 110
735 1666
1046 809
1066 1385
1623 1860
873 1603
104 689
160 1491
1710 257
1353 1534
1652 1227
1161 1570
985 1912
585 428
621 1949
147 1538
1776 1066
1954 665
1156 1390
1610 1214
460 1589
1076 1195
836 291
424 363
213 901
435 268
815 277
963 1363
1170 525
108 823
1549 55
1600 1574
643 344
1457 109
1778 283
1033 698
123 625
1192 1465
110 1161
111 1089
112 162
758 1216
852 1428
1339 502
753 1402
987 1112
113 476
425 1747
218 740
296 1229
1705 669
1682 419
1536 1678
842 694
782 1523
1784 537
1986 737
1057 459
115 992
464 1892
791 918
1092 1708
526 77
1259 1329
114 180
116 1592
244 1617
1517 1282
360 1937
1564 5
796 203
730 124
1537 335
567 1059
336 286
120 1005
696 1890
241 489
1524 663
1101 1048
1758 1242
156 1194
118 1829
776 1215
1686 189
928 1265
724 920
629 133
119 1185
1793 539
227 1449
261 1160
1558 184
576 1352
1365 1191
405 1008
1175 501
937 36
387 1541
728 801
1217 660
710 1485
923 393
1367 624
1314 1369
122 1025
921 913
230 1789
1173 1553
121 1437
1113 432
1135 1359
726 336
1484 1757
124 1018
1591 557
155 667
664 622
1651 910
1674 933
951 595
125 880
1775 131
150 107
1467 437
1930 290
132 585
1444 1457
1840 1899
1171 1344
1620 1752
1221 1637
814 941
755 115
303 1898
1176 1471
1914 794
694 977
633 602
182 310
126 1585
1552 752
978 1164
607 704
1023 1816
895 1847
595 30
1748 273
1869 327
297 1853
128 475
130 1774
1162 627
1725 515
1768 1345
908 526
654 1151
1496 1133
129 697
1143 887
1120 944
1245 763
269 37
352 523
1024 405
1199 1284
1660 1943
1451 500
1250 1179
784 745
1487 929
1773 1314
476 235
748 1915
1982 412
1062 556
134 731
613 942
792 497
148 600
298 108
1931 1514
1482 1981
916 610
316 552
1782 6
1935 295
1215 1579
135 1874
136 1946
556 1429
324 116
649 1844
1301 1487
1771 1739
1961 1524
1421 1604
1315 830
475 1395
1706 836
1427 749
245 1247
277 1414
968 91
1987 768
131 543
138 433
1815 1128
1723 442
1017 1528
1340 1756
1021 396
361 1078
712 530
568 1710
1880 392
922 851
200 1632
140 386
1025 1270
207 1687
1753 127
1004 536
706 1070
1138 970
767 522
1055 1117
1939 1725
1688 668
143 222
1847 1140
1886 865
1493 1658
1045 996
771 1076
549 521
499 1125
804 33
1852 780
367 1500
1239 60
1734 7
208 1721
1402 588
1985 1035
146 252
423 240
420 594
975 1339
490 1802
674 44
1894 250
1080 975
954 423
1586 83
1448 686
1984 560
1742 1609
1318 652
1027 1220
1228 289
326 1456
933 1782
1183 1300
1806 1576
307 645
149 723
151 1086
675 322
1387 1504
1949 884
1287 1864
868 149
1854 50
1827 570
1324 1607
1453 331
926 1286
152 1316
1157 1994
1554 436
165 453
1186 832
376 1711
969 90
153 1459
1619 973
857 356
488 1980
1461 1375
1492 960
557 330
1102 1483
347 380
478 1320
249 1011
231 471
1350 339
1146 1653
1177 758
1653 34
542 1682
780 1184
560 1187
1598 1255
571 1831
462 549
1222 882
962 1166
322 1287
1872 683
1677 465
187 78
676 39
158 1600
161 1526
1026 1869
1946 677
1789 1673
1637 224
243 1936
554 1006
1144 1461
837 1938
1795 1138
645 993
1209 715
1788 215
1792 1633
964 1889
1581 1378
1352 212
162 1781
164 703
1625 1823
1452 1007
751 1510
163 440
1551 430
1417 1177
1252 425
1885 1834
1500 390
583 580
333 762
832 417
167 1944
1803 378
1918 1613
398 753
166 1293
1489 176
335 1044
1539 564
348 1397
631 455
1942 951
699 1153
1279 1453
1888 1754
168 1555
1203 854
1811 1073
314 1737
714 806
1048 925
169 1862
170 47
271 982
193 995
1491 1403
1697 382
965 351
1072 321
171 195
172 756
524 1843
1630 1475
481 1132
1036 1719
479 391
1835 456
1955 1808
190 844
443 276
1945 835
1823 56
1389 64
1736 287
1851 258
175 269
545 1812
374 1244
1299 1992
715 691
176 1381
1543 981
876 418
482 1670
370 905
911 86
547 1355
1132 1010
995 275
512 712
492 261
372 1758
179 1387
1380 849
432 931
626 1261
516 1594
1976 435
206 1620
180 67
181 232
904 1065
1548 1667
1576 1105
1739 1013
1458 317
1577 1274
274 1955
1119 1495
861 1887
1720 1454
606 852
1908 505
198 151
1391 1650
1061 1334
898 994
1800 1770
1439 1127
1890 1466
310 1599
185 821
186 297
1480 961
615 1212
535 1928
551 1113
871 1368
465 1934
1968 1156
1928 150
331 1820
395 1740
1197 1660
779 687
1786 630
622 1047
1669 1163
1764 1085
1857 1845
353 248
1073 409
189 1748
1006 1096
1572 998
1958 1019
1424 1873
1713 1020
1084 1922
925 1997
1296 1795
894 1712
1149 567
1479 278
980 682
194 1717
1909 376
195 1867
1559 664
1210 1923
1110 847
671 134
1644 1332
939 1593
610 311
1829 1209
505 1919
984 1154
1275 182
197 337
501 1935
1019 705
971 92
919 1618
824 181
1507 939
201 1940
354 1917
1114 9
1749 244
202 874
825 357
902 599
1767 1674
203 886
983 1865
958 1165
267 1335
1050 1542
1081 1399
831 1778
204 553
1202 1677
1423 791
340 1468
678 934
1685 1202
992 508
1970 191
994 1431
1370 255
1256 1122
977 937
205 1299
1313 17
1087 1152
532 952
763 1799
1442 1630
683 604
504 1207
209 1807
1699 1669
210 1612
617 953
1415 1961
750 185
1485 239
539 343
1602 1236
396 983
1032 889
300 914
538 1358
1298 725
587 236
211 1022
403 214
854 1679
214 1582
647 554
497 550
265 117
229 15
215 62
1741 1580
1589 486
1255 617
790 1240
1188 696
1051 1631
1597 1991
762 828
216 811
641 938
531 810
786 582
1343 221
471 1567
219 48
534 114
632 1441
1218 1811
1733 1480
1303 568
222 655
373 1766
223 1230
1096 228
788 890
644 1837
1147 220
225 766
272 1380
1443 927
463 97
731 1426
914 719
574 845
738 328
947 997
628 340
1550 1841
1388 1476
1570 1886
1155 633
883 1656
855 1713
228 496
1305 1833
999 245
1429 650
224 369
1260 1260
1168 1803
835 1801
226 264
394 45
419 1201
304 1014
1772 839
1523 462
1091 555
793 1787
467 113
851 1950
768 1340
1056 1639
920 963
1268 1346
1281 52
638 1963
940 1684
262 132
383 883
234 421
1445 478
658 394
306 230
1195 1578
700 1521
1283 1568
1454 1759
237 1690
594 146
238 1114
1407 1629
511 179
981 493
239 656
1015 1720
329 621
1903 985
427 899
1832 912
285 1857
1369 1436
251 1749
1153 735
1887 1392
1615 1762
1761 1659
280 122
1966 1104
1850 1646
240 370
1645 1640
899 72
456 803
1262 1319
886 1668
976 1984
311 708
1519 596
407 1549
1545 1318
523 991
1825 1641
1728 531
866 1377
701 1141
783 1698
1860 1053
1897 1925
1683 1516
1420 1763
927 853
1477 1995
1716 1903
1465 129
426 1830
950 1087
378 807
466 1037
1694 856
1743 1627
1040 1814
1325 1396
1611 1767
948 319
734 532
887 241
844 1587
255 919
1798 1996
1060 152
254 1735
1412 551
525 1734
759 744
256 1003
865 447
292 957
819 406
1844 818
266 1614
1755 713
834 639
1816 1933
1754 1275
1983 1707
498 1696
259 1518
558 1052
1711 1017
1870 1615
388 838
1574 1605
537 1412
778 1135
1974 66
1512 1234
380 896
1322 1394
1361 1929
578 1930
1497 1882
264 353
1902 1258
1174 1590
342 1931
979 1291
1632 954
1647 1050
268 1190
1917 785
705 578
1282 1552
1008 542
270 480
282 702
1681 1563
1435 1649
484 1349
972 1854
1510 561
614 1460
428 1021
1663 601
1201 861
1207 1645
1213 923
302 1219
1187 1621
1578 1206
667 1330
451 1901
434 1090
945 346
1654 422
680 888
603 1804
1449 1744
909 717
1034 1145
1372 1356
1525 333
634 1895
1584 81
1790 1447
1337 1169
666 1644
1770 1742
527 1038
764 472
401 1362
651 1577
1505 1695
870 443
1029 545
648 1622
1122 1203
286 1714
1190 1705
843 1297
646 31
1724 1601
1436 671
1520 1819
1041 1
1254 1384
1678 1560
284 1237
288 29
1596 59
1833 32
1118 632
599 784
339 1474
1054 976
402 444
702 1866
1817 1120
1858 383
1396 1310
293 1951
787 1828
1447 841
1671 294
588 1986
294 1278
530 1221
1469 739
295 1382
1226 1106
1108 377
1785 1800
1090 999
1341 51
1762 118
1271 1027
1236 65
1463 1859
1401 80
1077 1354
1621 626
1759 302
828 1728
1456 503
1474 587
1588 1343
1953 104
900 1080
1438 936
1794 1959
1873 795
513 1517
1356 1785
308 402
521 216
309 112
1950 138
1737 1039
430 332
1345 1519
506 770
1941 1571
693 842
312 23
639 213
845 1704
496 1109
840 1686
1300 1529
766 1139
474 1835
315 895
602 193
1154 137
1750 427
1889 1406
440 755
1608 635
458 940
390 581
319 1434
1726 1700
673 223
862 544
635 106
1020 1337
321 767
323 509
431 528
659 661
493 1241
397 1267
754 771
1640 309
325 1533
327 1488
439 1736
1571 738
746 225
717 1115
893 1741
487 1159
1563 434
1631 1098
330 1914
882 136
1244 123
924 1308
1362 1193
1404 1149
528 200
457 793
630 463
332 1305
444 1173
760 648
1409 1850
1163 742
1714 488
1662 1353
337 1168
1440 57
1964 837
563 1421
363 414
802 924
338 446
1561 541
1471 135
650 1616
1501 967
1540 1876
1319 1810
552 1296
1504 824
1330 1208
1126 1838
446 947
344 38
345 1482
657 170
1618 1111
661 1790
681 1948
1333 87
450 362
1309 1342
1865 143
1455 274
369 157
1075 877
1063 1119
382 1554
849 482
1923 1196
1853 199
1841 1425
1927 1989
1616 907
355 1965
381 893
839 1875
1127 1540
1508 593
663 1525
1959 1438
1609 1072
483 1313
358 1083
1566 1701
544 280
1212 831
1605 1573
449 915
413 1029
1111 1575
1069 623
775 518
575 1400
1666 1134
598 757
1159 1506
362 871
1342 1635
1355 320
366 2
1241 46
1905 479
1426 175
1047 256
1839 706
932 673
514 911
1804 1972
716 1715
1595 1968
1822 140
1843 1045
1106 1095
1560 1893
1366 28
510 1643
503 1444
1527 1602
1973 674
1265 1817
1128 174
1270 921
385 1063
892 1181
386 1547
517 1336
1360 900
1892 1124
1906 1131
1003 1041
770 1264
1232 26
391 988
392 1004
890 1443
1105 119
823 775
399 583
1808 1288
863 1079
404 1413
1868 1257
569 971
1384 1970
1104 70
1809 1793
468 736
1400 1745
1349 326
416 1451
412 1409
810 1432
833 217
1320 166
1364 608
1214 980
679 867
415 751
1679 885
417 1879
956 1535
1142 492
421 908
668 1182
1133 666
1634 156
1848 1486
422 323
612 734
1797 1907
1165 1856
769 774
448 1852
1747 1813
1952 1956
429 161
1123 1952
1971 628
623 1779
809 1636
1488 1325
903 385
1769 381
812 1302
437 251
618 964
1590 1365
1979 902
1528 452
1285 586
946 1522
695 1470
1834 247
447 1046
709 1246
652 1884
536 1262
1937 808
720 946
1368 360
1227 1840
452 1697
597 1167
856 1440
453 1056
1531 1733
553 1654
931 1405
454 1061
1148 1652
973 1625
1481 1051
765 813
1035 1097
732 365
1099 1559
1874 850
1065 804
1864 95
1246 649
485 243
816 1716
1963 469
1430 862
785 1102
1064 834
1579 1784
1807 514
1269 41
1604 431
1392 1727
508 68
670 814
1704 93
799 1693
744 229
1575 1307
1311 98
480 1904
1191 499
1306 71
593 233
1951 651
1261 468
1028 597
1878 1266
1011 158
491 1093
1585 1926
1814 424
519 1433
1074 457
495 675
1904 1962
529 103
500 201
1273 1957
636 1411
1134 1129
1224 1824
507 1147
1911 629
901 779
729 375
1408 1450
1617 313
1230 299
515 1049
801 787
1293 1272
1787 1123
1913 529
522 262
884 1217
584 1596
935 1651
1018 846
1012 458
1038 99
1707 315
697 956
1740 589
1039 186
1323 1473
1376 1328
989 662
806 606
1331 1198
1272 1218
1291 1993
1751 642
541 1750
996 14
1335 231
1698 728
1613 1753
1565 308
1329 930
1354 484
1196 1511
555 772
1765 1360
1206 1921
1059 1743
596 342
1730 1338
756 267
562 18
1294 1452
1810 569
566 654
1437 562
1290 1877
572 1367
1675 318
1394 49
1658 840
1502 1183
577 748
1205 1026
1131 1213
1181 646
719 729
1922 1054
586 1825
1240 1498
1397 1178
590 950
592 1638
773 1999
1112 395
1757 194
604 1462
1083 404
1533 178
616 1000
1166 1162
609 1371
1013 974
685 892
1534 1987
1648 609
936 634
905 607
1639 85
1139 637
625 761
1328 641
1882 1055
1867 1312
1432 172
1358 1197
653 1094
1780 1760
662 574
1503 1539
1346 1558
1208 234
1441 3
1875 1974
1664 474
1336 1822
1304 74
1599 1871
1538 1499
986 198
1450 1136
687 1969
1732 1548
1274 701
665 1306
669 926
1375 79
1934 325
677 1953
1695 438
1490 935
1884 783
682 1205
1601 88
822 142
1555 643
1957 1322
1470 265
689 461
691 1507
708 857
1547 620
1883 1772
1253 305
1042 1012
1198 1796
1310 1057
1495 1370
1292 743
910 1357
1594 1508
1211 1235
1308 777
1103 507
1899 1280
820 1252
872 511
1403 341
1116 1746
749 765
752 989
1845 680
797 352
918 843
1836 298
1373 1826
1700 1982
1124 1464
1416 1292
1947 429
1410 1557
808 246
1896 1505
1668 1706
1532 517
803 1189
1907 1664
1031 1361
1235 211
1249 1503
1374 1043
974 1900
1359 1732
1267 825
982 300
1316 1805
1587 657
838 959
1692 1702
859 800
1921 53
1140 1998
1689 1180
1053 577
938 1290
1665 1391
1650 1303
1164 546
1831 253
1763 1268
1756 916
961 266
1498 401
1193 1846
1978 917
1801 1157
1861 802
1093 1289
1058 8
1071 798
1434 1863
1295 817
1216 670
1117 644
1729 1075
1626 197
1464 949
1709 1069
1344 481
1530 1311
1248 1572
1702 1611
1657 1663
1357 979
1643 397
