0 1260
2 578
3 1557
1897 230
4 927
1896 1648
5 1020
6 1538
1894 1417
7 101
9 1230
1891 626
1889 396
1888 1670
178 526
374 940
1640 8
737 1032
622 1797
1348 1255
1267 407
1596 243
1147 222
110 1090
1786 985
436 1544
529 1740
1 1603
1899 104
1898 1262
1895 1504
1893 318
10 1660
11 1633
1890 321
13 1521
1597 1889
1014 694
885 43
455 1899
1178 1196
1875 1881
1495 1432
8 393
12 1027
1892 684
1717 847
1407 373
168 1126
1170 632
1286 1492
710 1811
920 1644
603 358
1000 1645
14 1554
15 994
1137 1838
783 449
1290 1491
1008 142
1087 392
1790 1053
1701 30
923 805
381 258
16 1357
1098 1844
837 1110
1839 376
896 1177
1026 1305
1880 469
1615 1570
1712 782
627 864
67 874
1467 1035
1327 106
17 686
1594 190
1445 525
908 218
1089 633
255 971
845 1125
677 536
1261 111
1765 996
515 1488
18 155
106 1792
1289 1219
363 1277
1476 1636
341 571
748 615
389 473
1759 811
19 1220
256 1575
69 1761
1167 932
20 1390
376 416
1410 320
1661 53
703 1588
1515 1672
235 1867
358 1398
367 880
1781 16
780 744
1012 833
21 453
344 1047
865 712
650 1459
1265 763
1523 1111
757 211
92 658
766 1031
22 73
1855 1814
534 506
570 721
1114 1827
838 433
1546 1637
1027 1391
548 57
1586 1052
1029 675
1223 70
1503 698
942 477
448 746
829 50
843 1864
1150 1541
526 244
960 1708
23 1821
24 1655
1056 1376
1762 649
1365 785
1498 39
1228 212
25 1701
26 1709
1499 72
1768 928
825 1873
1653 862
1079 487
1671 268
1618 640
1436 1274
432 672
754 1071
76 1115
518 1789
1181 500
1687 326
1237 788
1294 559
900 1103
939 130
562 531
1654 984
1683 627
1073 1095
1744 1760
1804 1596
28 1606
291 1043
1347 313
427 949
1883 1265
1398 1282
1852 1748
86 816
814 1314
1319 1216
173 1439
27 1378
30 153
1856 343
709 1448
1774 1755
618 1483
271 666
134 869
1560 926
1646 329
1772 1621
29 301
1866 1286
1295 494
1091 1747
1312 13
1534 892
331 502
1047 786
31 1067
32 1605
449 1831
954 1162
617 1614
758 825
1667 1381
1885 778
1350 923
1871 1619
1415 768
786 1642
541 1438
354 20
690 404
1734 206
33 233
34 131
459 1568
57 446
148 1669
1524 1762
775 890
1533 544
955 1280
1846 1092
624 1207
1320 21
1655 828
387 465
96 123
1494 596
782 1316
1641 1446
906 276
281 514
314 875
161 1411
297 439
1453 264
643 1495
918 345
863 1523
1296 401
35 775
877 1893
423 1080
914 1578
208 730
1588 602
36 400
37 613
38 1632
212 1237
1844 240
450 1399
163 336
1798 691
1017 176
39 64
728 1087
665 198
1482 260
1806 126
902 903
647 745
785 697
40 1268
683 86
343 1169
721 103
822 1810
689 308
1281 1706
1036 548
841 838
1725 1243
272 848
1553 1429
1828 1000
1241 289
566 1384
1412 917
695 1767
305 978
1044 1175
1109 151
652 980
1505 1232
1441 1806
316 139
1422 904
483 622
41 1393
308 1379
1887 947
1685 540
1095 1653
42 723
43 77
1854 1224
70 1163
258 1394
506 835
45 802
89 1278
262 574
1439 1097
312 954
798 877
1585 316
1462 460
917 1444
230 231
836 36
44 1234
1716 991
832 1573
351 1583
298 1896
472 1489
103 1542
1141 1395
1555 1387
162 1634
409 216
630 1454
267 1880
1242 1758
633 1470
349 550
1157 118
451 556
46 747
47 1888
48 823
1379 156
346 1462
834 1291
1823 1182
941 1535
174 1004
49 1085
866 1029
928 146
1770 1214
105 479
873 590
1139 374
50 1487
768 936
594 1212
735 1060
1666 1081
1028 1192
1518 1425
337 1546
186 822
1530 87
311 719
420 863
392 1184
485 662
1510 1560
452 223
1088 1722
52 1460
1544 1676
191 560
997 1122
463 1503
1366 624
213 402
894 1200
458 1173
1196 1400
51 1312
53 861
1858 1604
1766 237
310 369
1122 1458
554 563
806 1787
54 1113
612 83
740 361
1642 380
1617 1333
1084 798
55 1739
150 870
270 1597
457 84
795 1423
957 1704
940 1799
232 1691
1763 228
550 573
1697 458
1463 1018
1358 1199
231 317
600 1617
1007 0
1684 1785
1520 1362
1572 82
1502 372
739 440
1732 1143
827 251
193 445
264 1248
466 820
286 951
1269 1476
56 1025
58 944
874 629
968 1129
1057 1768
1870 659
1426 1213
801 931
662 432
1361 1313
59 472
117 1070
1257 140
1703 1607
124 683
1423 1317
1306 1377
1041 278
1431 213
1705 1330
219 1839
61 197
93 163
595 1534
228 977
1173 501
1054 409
1025 417
1549 1058
60 886
62 1365
246 1626
1102 1012
1200 1228
429 224
1800 67
395 1426
1694 1062
156 1057
210 1516
899 527
1177 900
63 145
64 1033
1656 1151
1816 1815
522 814
1285 1496
1272 381
65 648
253 631
508 274
300 167
1435 277
1367 1285
471 677
1845 845
66 1750
1081 209
247 152
809 1673
948 1687
1323 1447
961 690
574 562
1408 1531
546 168
653 71
68 1257
1396 1245
1065 389
553 119
109 461
130 682
361 592
1876 1683
790 1658
993 1176
724 482
1477 1528
217 543
419 1598
1236 279
803 938
1206 267
1416 1078
1340 1630
71 422
589 273
1807 1561
116 266
1339 1600
99 470
966 1273
1023 1076
239 727
1735 607
864 976
1711 377
72 1059
240 1753
523 1847
605 1102
1055 1082
1374 1830
1851 1654
261 352
962 203
73 1576
1303 1737
1071 1019
1650 1174
732 1858
74 1385
1508 344
1116 1751
1769 1370
770 655
1278 1714
1727 831
1853 333
903 1479
176 1301
75 1311
990 1284
377 25
1276 355
1038 1860
996 1211
1113 27
850 707
1785 841
743 65
77 639
413 397
1409 202
1814 1854
78 410
1099 1611
1838 425
494 255
746 174
79 1372
967 979
1521 642
1030 1756
128 1150
1336 1463
1647 1340
275 1453
1820 160
332 895
1547 191
1288 1833
1171 1652
1879 1865
81 911
1092 1096
542 1218
80 1823
1636 424
478 280
883 1887
1480 334
545 182
1078 611
842 796
520 1759
580 555
82 1360
779 415
1321 821
323 637
83 1296
889 1329
417 726
970 1886
984 754
414 1127
85 687
333 1112
254 1221
912 1828
1264 498
1215 1862
1662 105
1709 245
1302 915
84 1171
727 448
1357 1549
1719 1106
1682 584
1848 1892
1240 1849
88 773
1681 770
1582 37
1608 982
87 1309
519 858
138 532
243 26
1388 883
1663 386
607 1552
1832 1745
1775 113
658 859
1104 1079
764 1735
90 189
1097 552
693 269
1283 76
1882 612
279 1437
1145 1144
1680 993
763 1246
421 1428
94 1802
321 11
616 810
973 322
802 379
1867 430
242 889
352 170
666 96
500 1108
462 1511
152 421
510 341
1788 129
1013 294
1548 353
327 33
91 1327
1015 1698
315 418
1076 99
1184 1834
422 1591
660 1543
639 1812
568 1871
290 740
1771 759
1614 323
95 1258
930 997
1021 32
1630 1158
615 405
405 546
507 1156
1305 1770
477 535
564 1293
97 164
713 504
599 1247
1194 929
470 1730
1205 876
393 214
1072 1631
98 94
769 1005
252 1348
644 80
722 930
559 644
184 1686
1568 1251
425 1685
1220 1279
408 570
1420 1358
1403 1829
100 595
1743 141
326 200
1490 1566
1183 1203
1387 992
609 24
670 1186
645 115
1631 291
447 1145
835 625
1075 1292
159 1705
165 61
1313 467
101 1419
102 1009
1082 720
584 1149
353 1288
1380 1266
558 1641
368 229
1545 1445
250 1775
216 1469
1243 40
104 1133
123 55
1674 14
334 331
160 1539
1105 108
293 1319
1271 704
1120 739
706 1072
442 1098
1121 478
555 741
324 1331
214 1064
1812 1622
909 1562
1297 1275
107 158
108 623
1657 587
840 238
1429 1795
696 1271
155 28
1292 1766
1623 97
980 1721
807 286
1077 414
190 1879
1478 1320
1353 1639
111 1507
112 1662
236 144
215 1404
956 1711
113 568
307 799
530 1406
461 357
540 420
1207 1572
799 183
1465 968
851 1089
1558 201
1418 981
731 897
115 1146
691 495
804 1733
1218 1253
1210 564
1514 817
953 261
1132 1866
1830 340
1172 1345
1326 54
593 837
285 1725
1033 385
686 569
1392 1267
929 100
1101 948
1341 689
1611 22
1501 1374
479 1608
114 1187
119 1022
157 1524
1216 1178
771 1202
1809 1464
1863 1500
1660 1723
118 1895
120 503
278 1822
131 1764
1612 1707
681 1859
1570 1585
528 1682
1333 508
121 1509
386 1188
891 1430
204 6
144 173
1606 651
122 881
921 485
1090 842
1659 195
741 1084
430 1281
1273 888
1551 1083
1136 1180
1001 297
1525 742
453 135
473 588
1108 884
1006 221
791 1003
1773 1420
1456 755
126 645
340 790
1713 1878
642 1324
125 934
1620 493
1460 634
949 1338
1300 1117
1224 1876
1143 35
127 769
1304 138
336 1809
158 1461
1123 246
1279 1796
606 1772
932 1777
1386 1167
166 1436
129 1649
1629 196
525 1412
1391 154
348 12
1537 1533
846 758
140 865
1024 1389
468 1114
206 844
482 1433
1726 965
132 1183
1487 1298
1345 1609
1164 652
561 1718
1665 777
698 481
1359 1536
133 1743
135 738
1864 641
388 1681
266 1601
136 1222
556 262
412 731
646 945
1377 356
1840 668
852 1526
137 496
1815 609
738 1564
303 1373
1754 169
1188 1520
1511 180
815 109
971 456
404 41
931 1388
139 701
1049 765
141 537
403 1793
533 52
1601 483
142 575
750 1119
1016 792
1472 1813
143 893
1166 1367
688 1571
1381 1804
549 1515
751 700
289 711
1395 1259
538 1719
1587 1307
1235 781
719 839
145 972
146 134
147 66
649 1138
1833 967
1433 1843
1135 462
1375 935
205 1493
1486 1518
576 161
402 1732
667 728
1268 235
659 270
596 1261
149 751
969 891
1849 673
1829 963
151 1594
1204 306
1245 7
582 558
1649 1506
557 1742
994 505
641 1788
153 220
154 937
1689 1856
514 1088
536 1001
777 314
1043 1118
1693 1303
280 753
1789 1386
1118 1781
1860 1754
1485 1295
934 1131
1009 576
1884 1680
1263 1401
882 390
1394 518
1479 342
1571 1416
438 1236
179 1024
1158 1657
867 706
1819 1235
1733 394
692 772
1639 42
833 239
1872 428
1180 539
963 1679
697 749
182 1014
1034 1287
287 371
610 577
416 312
1488 1825
1035 1194
661 1172
1144 117
1707 1086
360 794
1625 1166
1096 1055
1133 346
411 18
320 1185
1722 1435
1803 298
164 1790
1064 1137
952 854
1500 1610
503 1044
1174 1465
1112 1836
167 1120
1795 1195
1834 1694
1328 310
1318 1249
1062 1519
1552 674
1067 898
169 1403
1805 1270
1607 538
359 491
1199 92
1440 1466
1399 1857
1346 797
170 920
1574 1592
1262 1875
1741 1863
907 1363
1004 1590
171 443
943 307
1260 784
1117 620
1475 507
443 804
1509 541
1309 964
1239 122
687 604
172 657
175 581
911 793
608 305
1301 725
318 1409
1564 1030
1543 771
705 1529
177 834
370 774
712 752
1232 1337
1686 950
180 4
1233 1819
1330 110
484 1674
1217 1422
1291 1002
1757 1170
1211 667
792 1497
1331 851
1052 1231
1159 88
1362 1525
1468 1
1506 1744
1670 1776
1648 692
181 79
736 1835
1310 1341
1424 1692
1794 1713
1050 787
183 1553
685 1593
1746 1159
1066 766
1360 492
185 9
1634 368
543 1769
847 75
925 717
676 1418
1473 227
322 1579
778 551
872 1780
1405 256
1060 91
1315 722
1528 259
755 1485
1595 102
1638 779
188 1157
189 1308
1810 58
187 23
197 583
1130 1623
715 608
1115 17
317 1656
373 1408
192 162
1373 1741
1338 521
1397 1427
1821 1517
1466 187
194 939
1324 647
241 127
979 925
299 1238
364 832
1458 283
707 15
855 1783
1626 664
1032 703
905 1650
248 387
1873 292
1526 474
292 1482
195 179
704 395
1142 1712
586 1290
196 232
198 653
1414 128
435 1229
1254 1105
1841 767
199 1891
200 1343
756 148
714 499
1343 1700
910 529
1791 1618
1152 605
1583 281
1378 1380
203 1209
1371 1318
901 1473
491 468
330 1816
202 1026
655 1153
1529 486
1455 1824
201 217
590 617
1175 513
1421 1217
1824 1599
207 1240
870 718
1783 1675
1203 1074
1191 589
1782 873
619 1455
848 1749
1385 1323
991 136
1020 1101
209 337
773 1397
486 335
965 1042
1125 606
623 434
1796 1250
1692 411
1048 1344
1138 383
211 272
572 398
1459 1530
1444 444
265 1693
812 1779
1376 1731
1447 1490
1755 818
1591 1537
1307 824
1710 1205
733 849
749 1242
1778 1481
976 1091
859 1514
1221 1148
587 582
1010 215
1886 517
218 1846
366 327
1752 257
1011 47
1645 815
702 756
1470 914
858 484
220 1368
489 908
1198 1794
999 1021
378 95
222 1643
223 1832
1677 1130
221 282
224 714
225 1015
1690 1128
226 1512
469 1366
328 112
295 1861
1539 757
1598 177
339 800
1567 899
1628 708
547 959
227 958
950 750
1776 826
1192 1877
1432 98
1404 1472
229 419
497 1415
919 1011
861 554
1249 56
1022 512
789 1471
936 1141
1176 49
1599 1147
233 1890
1080 528
916 1510
1516 1782
481 1241
1532 1852
1162 628
379 962
1085 913
234 1226
884 1152
1443 302
1792 619
1393 293
565 671
441 435
830 5
1784 1375
237 81
1461 872
1679 303
1103 437
581 375
495 1349
682 186
1230 1774
238 1883
1363 1885
1652 809
621 304
1186 616
862 1142
313 860
886 594
273 413
680 1502
1384 348
1496 975
245 1450
347 530
444 1870
244 93
742 69
1831 1068
1540 31
787 1210
1556 1842
383 715
249 566
433 399
1877 791
319 476
711 533
1484 901
1111 1720
1197 1039
926 1501
1083 1689
251 591
426 868
1678 1550
439 423
1589 1037
1635 147
844 62
577 74
673 846
1214 665
398 1424
487 249
1154 1478
257 1853
504 699
635 654
1747 663
951 650
1550 1837
1457 1684
259 516
1051 1073
382 1602
418 457
391 309
465 363
260 1736
380 1625
1672 45
578 966
276 1724
1337 1499
369 248
1857 1016
263 1355
1110 1431
1229 1100
1270 181
1255 597
1413 1475
1730 175
995 459
583 1328
268 601
1720 670
269 59
1438 1347
723 598
282 905
1317 803
375 10
531 524
1745 1354
1182 885
1474 1786
1535 1898
1042 29
362 489
1728 1659
274 284
1156 1484
1576 1189
868 427
730 121
813 830
1325 1874
759 1798
1724 534
1600 1332
385 159
1332 1505
277 1326
1799 242
1622 1013
805 1364
629 1410
1736 185
1107 919
592 941
1512 1121
1086 143
283 827
1383 957
1531 1206
1837 488
1688 1757
1274 1678
1202 879
284 265
817 702
1742 660
288 403
752 955
1244 1545
716 366
800 408
818 1629
1425 1695
1019 1124
492 1197
1434 998
1179 1351
294 447
946 1855
983 599
1061 922
335 1276
394 324
1464 912
1335 1651
296 943
1581 157
1750 359
1334 1116
1165 680
937 1547
1843 285
301 1352
808 565
679 150
302 887
828 1322
1212 1677
1850 1577
1352 515
304 983
575 1359
516 709
656 1715
390 579
1368 475
1761 776
496 646
1869 1818
725 1522
977 1239
762 1567
424 226
309 918
938 1778
1063 406
796 288
767 896
539 1392
493 1620
306 184
944 1252
1100 1201
588 241
1715 1726
1053 1532
788 295
1124 497
1189 956
1370 1165
1644 1556
793 463
601 969
744 290
1234 789
628 311
816 867
694 1304
1127 1807
1259 1161
1627 125
511 464
1563 254
797 630
959 365
355 194
1708 1254
1817 1808
1058 1099
1161 1628
915 906
1282 1773
671 1805
1593 1696
579 946
684 1734
1573 990
1284 1801
1277 1513
1579 388
1454 736
325 523
1637 219
356 1310
1040 1486
350 705
1231 988
625 1882
1225 519
1669 178
464 1181
329 1848
853 1452
1825 1565
1400 1434
1446 1563
480 1346
1702 1191
1248 1868
1554 124
1577 1540
857 330
614 1763
602 580
1835 1334
338 1451
772 1729
1862 300
729 1093
1578 1559
1811 436
406 545
1801 1405
1513 1028
342 1586
1676 2
475 1109
1126 171
718 172
1329 263
794 1665
345 480
1517 370
1602 542
573 866
1624 1315
1428 132
1813 412
1364 1065
1354 1555
454 603
1696 1613
879 953
1493 1048
821 1049
1382 762
1507 961
357 236
1609 878
1442 1356
434 511
552 1155
699 509
1787 1850
998 1727
1604 1498
700 1339
881 561
428 328
1610 1297
1881 360
781 1396
1504 1283
1868 210
986 960
365 1414
524 1421
1861 1494
1748 107
371 520
1093 1663
1037 688
372 921
502 454
678 1449
1760 643
892 1803
1691 1647
1258 299
1767 51
1280 610
474 349
1718 451
1149 85
734 1233
1148 1612
981 970
384 1061
1419 442
820 1350
897 857
1538 391
1389 567
551 1294
895 942
985 137
532 466
1731 354
1491 1263
726 547
1208 60
753 1023
1522 1051
396 734
397 1139
1390 347
1070 1872
399 696
1316 1791
400 1069
1756 933
401 271
1411 974
1298 795
1349 315
560 924
1299 871
876 319
1802 1045
784 250
669 1132
1069 1440
407 44
1351 1382
410 234
1714 999
1417 1244
1287 90
1469 1066
869 1771
1293 1034
415 1010
1721 973
1616 1336
1448 89
1580 855
1193 351
1185 852
1859 1302
924 1300
537 438
1005 1154
1481 801
1018 1702
1039 1204
904 995
1562 1075
1740 1299
1561 38
1450 614
431 1582
1308 1306
1094 593
922 1036
1059 1697
437 733
1664 1041
982 1104
591 760
440 1840
637 429
1565 1289
1163 296
1451 1664
1621 275
446 1884
1541 856
1566 724
913 713
445 253
1046 1624
651 1587
760 743
839 510
563 199
1238 1668
456 78
1559 1215
544 1646
674 1690
1739 909
823 188
1675 737
460 636
1246 1845
1699 1820
638 522
1483 1063
1187 1527
467 638
831 441
893 1077
632 656
745 1558
1247 1223
1311 853
1355 764
1777 350
1590 1046
964 1800
1695 676
854 1038
898 1190
1427 987
774 1050
1542 1227
1527 1198
476 1894
947 1467
1749 1225
1253 783
1780 557
512 807
1536 1164
663 1817
1437 1269
488 1107
988 471
1779 553
1275 1193
654 1160
1865 1457
490 813
1753 1007
1129 1371
535 1765
1878 287
498 1094
1822 681
499 1716
501 1353
1372 836
1068 1008
1250 325
505 549
1471 1551
1002 882
509 1688
878 679
620 1869
933 426
513 819
1738 1441
517 635
1797 902
1557 1717
880 1595
1168 364
521 1666
1128 431
1584 1640
935 68
634 120
527 618
1195 1134
569 1616
1723 166
1643 1179
1401 114
824 1508
1651 1703
1106 843
1190 1752
1842 133
1497 63
1449 1574
664 1638
626 1017
1706 450
987 339
1140 952
849 840
1808 1784
1209 1897
1452 1474
567 1040
571 669
1673 1272
1592 1548
765 829
1519 685
636 116
604 48
720 1468
1251 1589
585 1584
1213 1135
1826 710
1836 729
1492 1627
597 1851
1818 585
871 1635
598 1361
1219 732
1369 252
1668 362
974 1710
611 850
613 1841
826 149
1356 735
1619 916
1169 208
888 1826
1227 806
1874 165
657 207
631 452
1226 1569
1074 384
640 1402
1252 1671
890 1140
1119 600
648 661
810 621
1793 247
811 1056
972 490
668 1369
1031 716
1342 204
1751 808
672 1006
675 332
1322 1136
1155 989
761 1699
1489 1480
1045 695
860 1581
958 1123
701 1580
708 1667
717 1728
1402 812
1737 894
1134 19
776 910
1764 572
1430 1477
1704 986
975 1321
1151 1256
747 455
1160 46
1146 3
875 1054
1153 761
1575 1342
1847 1746
1827 378
992 1264
1131 193
1605 1443
1003 1456
978 1413
819 1335
1201 367
927 34
1344 205
1406 1442
856 1615
1603 1407
1658 693
887 780
1758 748
1222 1738
945 225
1700 678
1314 586
989 1661
1729 1208
1632 907
1698 1168
1266 192
1256 382
1633 1383
1569 1325
1613 338
