0 642
2 695
1947 1119
4 652
1946 107
1944 609
7 352
1943 1231
8 1763
1942 719
9 1392
10 559
11 565
12 1169
13 611
1937 1844
1936 1899
1935 1617
178 867
374 1898
1902 251
1509 1160
317 1248
1046 1528
916 1536
1661 1889
1582 1427
1123 211
1075 1088
1 1607
3 477
1948 728
6 480
1945 1216
1940 613
14 180
1938 1675
15 1900
1598 1050
839 1385
98 41
370 353
463 109
1617 591
454 11
1542 711
1151 830
1949 1304
1717 1865
120 69
1124 1632
643 1443
1921 342
568 1222
797 1478
806 329
161 667
1104 1138
1829 225
16 1027
18 576
1105 1577
1110 1716
825 1726
480 70
525 755
1885 1684
39 898
358 1813
982 1291
1098 1754
1799 988
811 834
941 1238
1441 144
393 696
359 1010
1165 1107
1048 435
976 1075
985 993
838 65
1575 577
5 1631
17 1407
19 470
429 1780
1359 1594
775 1819
1016 519
751 896
1899 1012
1772 1493
1470 818
812 805
1319 1665
24 168
1798 283
1426 493
1779 753
1438 1933
1745 1187
20 259
106 141
1291 1603
76 1383
226 1326
1299 998
1653 1464
529 1188
1193 1521
1274 104
592 55
298 617
1657 1672
1017 1647
1355 679
866 246
21 1045
22 1312
23 299
376 1329
1141 1092
1689 1376
484 1932
1296 145
1918 949
90 776
345 1437
1430 1030
1408 675
780 302
1294 267
422 554
1067 1223
995 840
318 1775
222 1838
101 148
683 1193
25 1325
1855 796
215 195
962 569
313 1713
1722 779
230 1901
1490 1782
663 1124
125 373
1816 1812
26 817
1876 192
756 439
149 661
1223 600
1505 791
564 682
578 780
1627 653
254 215
273 1070
1335 1885
28 443
923 1640
1639 562
363 263
837 124
1545 1828
1840 1393
218 1460
743 970
928 498
1129 790
29 772
1499 1253
692 1005
1479 961
1454 88
1595 938
704 994
1399 429
1577 877
27 1315
381 774
118 676
1423 388
51 1911
1225 645
562 581
815 1535
854 789
482 801
380 1269
1148 1846
444 331
919 96
1845 337
1363 1674
30 1036
31 958
291 106
377 1152
1741 1058
779 43
1759 221
246 825
702 864
1773 807
1684 1644
1416 1638
1091 515
33 1578
1856 638
709 1126
316 1164
547 1789
909 301
443 1221
54 1931
1287 1334
611 1690
699 732
32 973
34 1623
1866 1657
965 669
297 869
937 1369
1010 1735
873 1064
79 1737
1037 491
174 85
1114 1049
1460 89
1534 393
865 927
1453 707
1269 463
584 1523
136 1509
1237 1516
1020 592
520 1202
1774 1348
255 22
242 182
324 980
396 965
163 369
1429 495
35 1669
36 1102
1915 1494
1305 1001
652 332
1467 657
100 319
1215 1576
259 1564
37 249
624 14
1322 37
1656 1750
473 471
301 1233
508 1864
511 900
1300 1309
1641 1199
1917 894
233 747
1932 663
117 428
1276 278
375 199
1160 1372
1613 1792
1752 1190
413 1490
1666 1041
38 1569
850 761
734 1017
203 1761
516 1810
1444 1359
587 294
1671 967
133 1555
207 23
1714 1743
889 1055
1398 1948
1755 1420
901 300
339 366
40 1081
42 186
1435 855
609 837
1633 1007
184 305
696 143
550 1295
337 1397
1612 1080
1385 1715
43 1122
1713 1105
162 1776
782 375
502 172
1576 1686
519 320
290 1218
881 551
950 1353
1757 381
1896 766
386 52
1297 824
1883 582
198 731
1468 1294
41 1430
45 1094
1828 86
1327 872
847 797
1089 1853
1280 765
777 1401
44 549
1345 1247
1853 1292
127 1014
1458 1500
518 1235
1472 460
1333 979
46 1641
47 1466
468 1220
1487 178
156 160
1163 47
794 1003
48 640
214 722
1397 1566
1410 885
1874 1589
533 1505
637 1567
1640 1875
613 1117
49 237
792 494
73 996
1606 497
322 1757
691 1896
1515 760
50 1497
315 1596
130 1416
295 35
997 339
1608 1002
1723 1021
107 628
1044 1467
1157 1290
1381 558
744 1712
678 1706
1736 371
1636 1157
82 1944
1230 1820
52 1593
485 1428
747 787
1597 202
788 91
1422 1459
1238 655
964 811
321 846
615 618
769 1751
705 1648
515 1890
1118 1770
1286 659
1795 12
465 231
952 843
1811 295
53 1749
650 950
91 531
1146 1066
816 1925
135 947
197 1604
1019 1067
252 883
55 800
1544 890
191 1156
1697 1937
1131 1090
1696 552
746 95
1880 1818
56 129
1073 1557
1029 1391
129 1408
1342 1613
362 75
959 68
813 1909
455 1370
722 396
1863 1831
1218 646
599 919
548 1651
185 1178
1164 1504
58 842
845 1213
1336 1159
319 318
1806 174
534 1702
776 281
1658 921
105 121
1254 1741
1278 330
1033 264
57 1543
1462 81
500 1006
1159 1548
330 409
151 1320
1178 1539
59 1801
60 891
690 1847
1720 522
1914 290
332 1922
1332 1008
1120 1938
893 1328
61 1241
392 334
739 146
1692 1719
1001 135
1284 1176
1792 963
820 1587
875 1230
841 1882
944 1913
836 1814
924 1118
1547 0
1351 1390
421 1364
1875 296
849 523
62 1579
71 1650
1212 158
830 623
1618 1803
1868 272
350 586
689 526
1078 1800
299 812
1512 1051
1061 723
177 1406
627 349
700 887
1823 149
63 1168
64 392
65 908
905 1797
884 1417
450 273
878 208
1414 45
194 1704
66 1053
1200 1602
1125 1276
1185 1162
1477 382
449 212
1701 1636
1122 1108
862 982
287 1322
1833 1280
1649 123
934 1809
1387 1816
517 1887
68 359
253 548
1478 406
1744 1561
676 1867
994 1840
1173 1209
1382 598
478 118
1445 525
217 399
1204 944
1009 19
69 1318
236 1324
628 544
767 363
112 1610
943 905
1748 743
142 977
155 1717
67 686
70 150
574 1798
1502 420
388 1482
891 630
540 1129
438 213
761 1489
1346 1738
154 1703
1819 1530
977 44
532 954
1719 990
72 827
1882 1822
1400 708
1888 1804
554 1063
886 1742
1130 1558
1247 169
1675 595
146 1103
852 1585
953 1415
963 1492
647 1403
1884 1047
940 1546
1622 1914
590 1449
74 1560
589 394
1920 1154
1507 928
748 93
414 189
1264 633
399 1356
1760 461
1307 1018
75 1597
423 1175
596 1355
1113 1924
1599 1409
1500 594
1121 389
475 636
684 913
320 1860
1660 1531
649 1321
1778 1242
851 1725
1646 26
498 1411
1267 1357
600 508
773 1225
276 1068
1390 38
78 924
341 1425
677 368
335 1405
1250 1612
1716 1891
528 152
653 931
249 17
582 794
1032 738
1375 737
1841 247
77 1111
80 1855
327 1019
487 1701
183 255
594 1559
503 1177
1707 1381
1242 604
521 456
925 1614
81 1830
1340 478
476 948
1080 945
83 156
275 752
888 759
752 1802
323 1633
1473 1615
84 15
1047 1626
179 1025
1511 1426
1401 717
560 713
1848 851
85 799
795 501
1645 593
1548 1659
1801 163
874 1226
491 625
1391 1484
89 1335
1862 715
1188 304
1099 608
385 1927
1910 516
1243 786
1076 415
1673 1874
417 1011
1629 580
369 748
595 101
996 59
1903 1013
954 754
1442 1542
87 1308
139 383
1776 67
601 100
989 1698
1827 981
86 1837
88 472
1216 1876
113 596
608 1584
1712 1232
859 1084
1341 639
688 1538
1781 1365
727 564
1226 253
1588 1210
1596 861
666 433
687 28
1747 769
535 1685
1182 1217
92 878
1838 966
1394 1234
195 644
470 1945
877 622
227 1699
1517 1554
187 829
697 541
241 1646
93 1785
1097 865
1330 344
1797 1857
1317 560
1065 1319
1463 132
659 232
1643 1077
523 844
1239 32
210 1048
1412 1101
514 538
169 934
1116 61
827 419
333 1096
1775 1361
1352 714
94 547
1189 705
110 1311
1832 1778
772 1384
96 744
389 1773
990 983
1553 1224
1758 1061
267 1731
1881 1410
906 620
1873 685
95 1628
97 1758
660 1570
153 848
970 404
1513 286
1742 1039
967 1132
425 1258
758 103
1109 1848
755 819
99 374
1150 1377
1690 1307
223 989
209 1182
713 1366
261 1677
931 184
1625 1198
1897 90
366 514
437 252
1302 354
340 500
1303 234
946 1581
102 932
1040 405
1234 216
1691 1886
955 1722
1464 492
1686 116
103 1454
232 179
834 303
314 1161
268 111
1062 1278
680 57
104 1380
180 671
400 333
1900 520
895 171
915 1279
828 489
1083 1507
949 1821
1388 584
159 1373
1826 209
1236 838
1814 476
1459 1023
1683 117
980 468
1439 1795
1155 340
1837 806
1069 1759
1559 619
1172 1389
160 1423
1705 1893
1812 1880
768 666
1682 39
793 423
717 464
753 1180
1261 1104
108 1746
109 1834
229 1793
1506 325
1389 1170
960 94
1735 672
506 876
1365 1873
902 1244
432 1479
111 788
622 1341
1347 1402
1573 362
1927 773
360 414
819 1114
921 550
1221 579
1871 1250
1022 698
799 832
1421 1744
1292 1293
1437 1442
237 481
190 561
1268 1374
1298 1787
1404 130
774 1696
114 348
115 1863
1180 5
929 204
1930 1905
714 108
1443 545
1450 257
116 1480
212 266
467 907
1791 1166
1651 859
1538 720
402 1204
1088 31
1371 1192
623 1768
796 615
1710 358
1489 850
119 726
1603 1301
1761 1902
566 1337
1495 697
280 350
382 1752
479 484
616 1445
199 183
121 1503
173 1338
1259 937
1102 98
645 1447
122 114
157 1572
1788 656
740 200
505 3
822 1714
123 802
278 250
1184 1256
802 387
1031 881
124 1375
1805 1351
1360 282
1695 140
1642 882
474 1943
1436 51
1497 986
1176 134
524 899
1579 997
760 1121
737 1260
1257 1286
541 413
1558 1904
1290 815
1094 1700
1186 1774
1364 718
1807 1637
239 131
344 1630
1045 279
270 785
128 1517
1869 291
710 1463
1192 450
137 922
247 1621
176 1923
1584 1695
145 1271
1258 1246
126 1229
1620 991
603 884
158 1429
131 1747
1235 1707
771 1682
325 1452
1731 1720
665 903
606 1363
1167 1488
1808 20
1115 740
200 254
132 858
803 384
1070 1671
1253 681
765 454
1277 873
969 33
1053 866
1260 863
1318 345
798 1727
1594 147
1024 1419
1809 1330
1455 372
1768 1522
682 1398
1003 1149
134 1777
736 1020
869 507
481 1211
1415 241
1637 610
1824 1939
1554 327
1804 1281
558 1214
1890 502
1368 680
679 1786
1198 665
138 1171
556 933
365 1878
695 509
296 1317
610 1771
1766 445
992 1471
140 1131
814 284
403 64
141 926
1815 1435
927 521
1466 1711
1537 1042
1581 1446
1025 1100
667 407
565 1044
457 42
1431 328
196 1054
1665 871
1149 1433
143 1000
1568 1836
885 849
1677 1859
1541 692
1344 1653
617 1624
144 917
1379 730
1924 1032
986 201
240 1592
913 648
305 651
1591 444
1702 1212
1295 164
604 953
147 285
148 1862
549 504
1623 1605
1093 322
1694 56
1353 529
908 952
1407 902
1014 985
452 483
150 1942
379 1526
1939 385
1135 911
477 236
1196 1511
1337 542
1263 923
1860 1533
390 449
1852 1125
152 479
1762 99
510 97
391 603
685 770
1252 1174
435 1052
1698 727
983 1388
496 1336
250 751
1378 1004
1140 1110
656 1451
238 1941
294 1422
887 1208
1241 391
406 424
536 1465
1652 271
1783 187
1304 1227
719 126
1328 1678
1913 1141
436 175
1751 1525
260 1895
749 1921
932 1498
1085 370
445 793
855 1839
1567 570
286 1872
1095 1691
501 1153
431 1609
1516 113
1872 400
282 54
430 434
1071 1347
312 1272
1026 632
703 654
612 448
164 207
165 459
553 1888
1323 647
213 768
166 355
1703 1487
1449 1562
1911 269
809 935
693 1207
1825 1946
1030 403
1108 1046
1619 1553
167 40
168 1514
1527 120
1369 803
871 1524
170 314
951 1128
870 80
633 1421
171 1123
1734 1499
419 1343
1266 1815
1580 852
807 1565
1171 1155
787 1586
1616 115
1562 1245
348 203
1145 1601
1822 1095
1023 1689
1043 956
172 9
605 1189
353 155
1681 540
245 458
791 1062
1096 712
860 310
1199 356
1433 1851
1158 1438
821 1673
570 92
1672 1134
1891 1368
1090 1116
1715 1660
1718 1458
351 1028
1864 455
175 313
1667 1072
999 261
1916 238
1249 976
1147 820
1334 1512
1413 1089
1056 390
1229 833
835 1283
1474 1732
181 1734
1411 218
784 233
182 467
957 809
725 206
1101 198
914 1693
1621 784
1068 161
1711 193
971 1870
1050 1299
279 767
1006 1534
1060 1191
1878 1796
258 1300
1560 992
1893 893
1578 1441
1057 16
1144 1146
248 177
625 1884
636 918
1607 1881
186 583
409 10
494 188
720 297
1887 987
188 1456
817 1582
1376 1627
1630 1382
1708 1237
1420 1352
189 530
543 1694
284 1825
1678 616
724 875
1475 1799
1898 418
355 288
1901 1432
1905 66
1156 1091
1926 1354
868 749
1432 277
224 77
192 897
193 416
216 453
1005 862
1733 533
1055 971
283 1265
1600 689
1765 1031
1106 1439
1324 691
427 1145
288 1228
1419 1035
394 1371
274 823
440 1520
1457 1379
343 808
1227 1655
898 734
936 588
1383 50
894 411
1440 1824
442 451
1676 537
1889 1097
1395 741
1251 1495
201 513
844 1588
462 1306
942 1345
1728 1059
1635 377
204 915
354 1082
1865 1024
202 102
1484 244
864 1037
790 1076
626 243
205 1333
464 1257
1821 1413
618 1915
401 260
911 1087
206 1575
1039 703
1021 1827
1103 601
469 1367
208 1340
1049 1266
1563 1556
1859 1056
1786 417
1465 1349
1583 395
1782 1736
572 1303
263 1396
619 376
879 1652
235 307
745 1692
1285 1501
863 658
712 1549
1207 270
1343 1906
211 912
1726 687
785 1869
1373 1200
461 909
1931 1106
1493 964
1255 813
1338 447
1638 1201
552 1327
789 48
219 1127
1206 317
428 1940
1831 219
639 960
357 1608
384 1144
507 1444
220 27
1494 412
716 1009
221 629
1854 634
1526 181
292 1688
251 248
489 906
512 880
234 999
1483 7
225 1167
571 1264
824 1619
561 524
1785 920
1861 1183
228 641
1813 1515
1469 482
733 1399
1839 709
456 1868
1392 1314
492 795
231 1718
1168 585
1288 49
1325 1400
1409 746
1709 566
493 220
642 1310
1011 721
804 955
411 599
764 1462
1680 1745
1027 1574
1418 702
1245 895
1504 1769
1655 1580
896 587
890 1203
912 1268
1132 1662
917 239
1384 725
763 1195
956 1313
1615 1069
1372 736
686 1262
1519 674
1312 1275
1654 36
1503 1550
671 771
1727 690
1154 943
1523 280
800 511
588 1026
1233 292
331 437
243 1502
711 1670
244 575
1611 1496
1800 21
1275 557
555 1697
1721 306
459 29
439 326
538 1811
1674 975
1810 1470
1289 668
546 1344
576 162
1209 1387
329 347
935 756
1704 821
1525 128
661 1079
349 1254
918 1739
981 430
522 1143
1551 1252
1628 1140
1220 1866
1072 1093
1308 1282
1907 1065
433 845
1092 1595
1919 1590
1112 1158
1041 1185
1183 6
707 336
1084 621
426 1598
1321 916
1679 1
256 30
1170 274
458 360
257 573
651 1483
805 694
1529 704
1197 506
1367 745
1879 1510
1424 1656
1137 1918
1063 1928
726 210
1928 1755
410 159
367 874
1858 1910
1749 1929
398 76
262 166
557 205
630 1163
395 153
346 710
1273 1073
264 650
1610 1477
922 1784
1756 1085
1556 1112
266 228
1447 567
573 724
265 427
1452 1903
581 1807
872 1664
269 79
1687 110
1175 1600
307 227
1434 119
1557 1663
271 1179
272 571
1934 486
1152 361
1647 1643
531 1296
1314 1781
453 1086
1228 1346
907 1513
1572 341
1354 729
1224 510
585 1705
858 379
1565 142
277 1206
681 1920
285 1236
1564 781
1326 879
1522 465
1688 1205
1482 1532
1427 936
829 308
781 1016
597 1424
635 505
1540 854
281 1331
634 364
1087 701
1521 1270
1491 1360
1609 984
1222 757
1217 496
361 942
801 1676
975 324
632 224
1738 441
1066 426
583 1098
1700 1683
1271 1930
483 1394
972 614
1739 910
1377 605
607 173
289 1563
1202 1251
1179 626
1908 1040
668 262
303 1854
448 678
1552 969
1008 87
352 401
412 315
904 814
293 1791
715 287
1162 662
694 1508
1767 929
1894 1849
669 78
1895 777
1740 1350
471 1043
876 1916
1386 742
728 1130
662 1728
580 136
300 1298
880 452
408 311
364 1879
938 699
961 438
302 1485
998 968
310 1184
1847 1071
1520 1173
1569 1033
304 312
1753 1115
1232 536
1128 706
1161 84
1265 503
1136 13
1849 1639
867 1841
1601 408
730 1892
488 1194
674 1529
306 1540
1763 1196
309 1057
900 853
1231 534
308 716
342 914
721 816
979 684
1406 398
311 397
675 673
415 421
577 338
759 1668
1632 1661
441 1599
856 167
968 1606
1533 422
842 2
701 889
1650 1762
897 1378
1370 763
495 1788
1857 904
527 1783
1634 1760
1587 214
1570 1527
1169 1259
1000 1805
1929 1823
621 847
1750 568
658 1316
1448 828
371 1708
591 1186
930 1434
579 1078
1787 946
326 1634
1693 1142
1374 1240
328 635
861 1790
1107 750
1670 1756
486 574
1543 125
1624 1649
1724 157
783 1395
1451 758
1818 783
1309 1541
1592 700
1820 1473
853 739
334 962
1350 1667
336 1060
1396 1453
1706 1109
1174 475
338 925
1550 137
602 1573
1190 1136
1456 1219
373 242
1912 240
993 1622
1117 1681
1737 485
1366 196
1796 127
1777 518
1279 276
1081 436
1082 229
545 1267
347 1137
446 660
857 316
754 1767
1362 1418
1339 670
356 1545
1177 222
698 1436
472 1342
537 1287
1530 556
1585 1635
673 60
1802 517
757 764
1604 446
567 1448
368 637
778 357
593 1537
1571 223
1471 1474
1644 378
654 1015
499 1148
1933 1181
372 53
641 1629
832 1877
672 563
1315 512
644 1139
1153 1832
1077 1083
378 1135
1589 1297
1052 488
1699 1583
1461 1457
1925 1679
770 888
1771 1323
1546 139
1281 457
1561 1733
1402 1645
1301 940
1064 782
383 860
1793 1468
1004 474
387 528
1877 1450
490 1766
1486 1288
1059 185
948 293
1313 798
569 1654
1834 1239
420 602
708 1215
823 1894
1349 487
1028 1658
1425 1826
1086 1666
1492 197
920 868
397 105
1789 83
1262 1835
1428 1642
1659 1332
1194 1772
1566 367
1743 499
1754 590
404 138
1846 810
405 1414
629 688
1007 1547
407 1753
1213 1620
1835 72
648 1099
1780 1147
1614 826
926 886
1842 335
1126 1845
526 442
1248 425
1051 870
416 1935
638 735
966 71
418 74
1380 841
1329 1934
903 1074
958 1486
1283 235
1836 1897
424 265
1922 268
848 995
1282 1552
1079 275
831 289
1586 1461
434 1120
1663 693
843 154
1358 974
1909 892
1830 612
762 1729
1074 440
1662 8
640 1165
1508 1908
1166 1829
1851 1455
447 1625
1211 122
509 1491
1685 959
1784 1551
706 62
451 63
1331 1339
575 1764
598 804
1488 1289
1403 191
460 957
978 775
1648 1431
1203 1571
466 1506
987 1883
1357 1302
738 386
1574 18
723 972
1535 176
1201 1871
1514 365
750 1919
1142 1273
1602 466
1034 1687
1015 1861
1476 1794
1214 901
899 1709
1119 1917
1528 1151
657 170
497 245
833 73
1481 778
984 1936
504 627
1246 1261
1867 380
1941 1843
586 857
786 1710
1664 1197
542 1172
513 1748
729 1806
1013 25
974 1765
1769 822
1524 1284
1219 1263
1870 951
988 473
731 624
892 462
883 1591
1306 1150
742 1285
530 4
1892 1611
670 607
539 1912
544 836
1498 1243
1042 683
1531 165
735 1833
1038 46
1133 431
732 1469
551 762
1631 606
1904 643
1496 1386
1311 597
1143 217
559 1034
563 733
991 1133
1590 58
1393 112
933 535
826 555
1181 1926
1626 532
973 1249
1906 1277
1240 792
1536 469
766 1305
1293 1476
1729 321
1510 1412
1191 258
1803 1723
1138 1817
741 930
1405 1730
614 578
620 978
1054 1544
1256 1568
1208 1255
1100 1618
631 230
1668 1842
1187 1481
1035 256
1012 432
1850 346
1244 190
646 589
1532 1022
1790 939
945 490
655 1113
1139 133
664 1858
1549 402
1320 1362
1501 1856
1361 1850
1134 1721
1730 1475
840 631
1356 82
1843 1779
1746 664
1270 835
1348 543
882 194
1485 856
1310 649
718 1518
1770 839
1764 1472
1480 1947
1593 151
1272 1038
1555 539
1002 553
1605 343
1886 677
1923 1029
1127 572
1036 1404
1111 1519
1794 410
910 1274
1844 34
808 1808
1669 309
810 941
818 1949
1417 323
1205 298
846 24
1725 831
1539 1440
1732 527
1210 351
939 226
947 1724
1446 1852
1058 1358
1018 1616
1518 1680
1195 1907
1817 546
1316 1740
