0 952
3 1249
5 683
1695 1300
6 238
1692 1574
1691 1030
178 1530
143 289
80 1588
43 138
874 345
1607 403
1 673
4 588
1698 1345
7 247
1694 717
1693 1280
11 166
1566 1307
1665 1382
1079 687
2 770
1697 808
1696 1128
10 1482
12 399
78 1073
331 869
1312 820
439 1486
1487 174
536 78
569 1420
1699 1039
703 840
1153 1227
1509 383
233 949
134 95
367 559
1269 1673
275 355
643 998
1274 1559
1612 308
904 1475
934 1463
839 866
498 1310
8 498
13 1644
690 1167
1554 997
102 580
269 1210
70 822
9 743
17 468
279 353
420 1430
552 91
837 1524
1050 1600
779 644
319 1571
1497 1132
1516 1296
1348 1107
1381 484
16 386
19 1033
893 34
305 532
109 1550
1338 1594
14 675
15 455
278 30
1095 704
1340 312
481 1022
18 361
1652 1447
1085 1119
125 1269
346 1056
21 1002
22 439
1324 1103
256 892
802 642
23 540
24 427
1498 771
60 905
25 1127
688 379
1007 604
1459 1305
1217 854
1256 1194
997 1699
20 45
75 594
1653 1679
218 850
1225 420
652 293
788 1366
685 591
76 996
26 1122
27 671
881 248
698 531
1209 1619
376 947
472 1605
355 1126
29 1277
294 1244
758 1029
474 20
752 583
689 1576
89 585
813 46
1687 1443
1485 1260
30 68
31 764
354 993
253 1446
28 1114
1641 250
507 1158
402 179
32 1562
1621 444
739 1139
33 525
958 224
1162 999
1628 548
1299 375
34 1072
35 335
557 989
1051 535
749 1570
486 1693
208 192
36 1357
293 1177
1151 1615
350 1184
518 713
38 514
1575 957
241 526
1622 1362
1003 1105
1533 319
232 1363
271 1151
1158 567
720 1123
521 1528
651 1075
1181 837
966 928
81 1441
388 971
1046 742
39 1417
149 387
969 1681
1649 1506
1286 1201
121 877
1560 1293
676 1669
1293 342
378 1603
132 908
252 887
419 164
671 848
1150 290
727 819
1395 1552
638 209
284 58
37 871
41 344
1309 963
1315 870
44 595
1185 1041
1351 881
654 1560
384 1
607 637
812 1623
46 1100
852 184
919 491
819 1013
1574 701
907 1193
1333 258
48 875
1546 1234
936 253
47 207
49 867
1107 1624
1129 1607
470 315
40 1370
50 1327
188 1698
1465 1640
268 1521
976 1090
1038 662
456 512
820 746
352 614
277 618
1629 733
51 1485
473 1495
455 304
697 1687
571 1198
1221 1435
42 1349
955 1398
52 1131
53 543
457 1461
482 41
765 931
972 1271
54 828
1294 1394
1201 516
737 1553
1298 1676
45 1641
1044 976
1285 51
385 734
383 1102
1184 1502
55 384
56 413
1345 1476
1443 1611
634 611
1291 897
669 1656
57 397
1399 1501
309 620
929 832
1035 703
58 220
160 1016
61 1573
1413 243
793 340
236 617
1127 795
925 171
892 128
59 630
216 558
529 786
1272 24
231 72
995 1355
97 276
64 460
235 380
1593 241
1515 1018
107 1354
99 504
563 114
1635 1331
283 910
768 446
63 1348
413 1291
970 607
510 745
659 509
62 35
66 480
67 956
1102 1051
356 1338
1213 1049
65 521
585 1547
617 1232
480 1636
110 378
467 465
613 779
1372 1159
1404 517
68 982
556 1279
1260 977
704 155
1123 40
647 1181
645 934
1335 901
1451 1508
71 1160
990 1203
238 667
155 1086
98 576
1326 147
371 1412
901 1460
221 485
1571 393
351 1314
72 855
334 735
1411 760
566 1230
204 254
73 476
1510 431
887 1692
1076 959
497 499
280 1187
655 320
602 1604
853 472
69 1467
77 438
1477 230
1339 1380
200 528
944 797
1322 522
74 1480
366 1283
709 800
889 776
864 581
523 953
1429 922
197 205
79 1551
82 1343
83 1581
1388 843
545 1253
1192 117
639 31
157 392
84 19
85 1083
1389 313
381 1563
1433 508
941 454
1317 698
349 1590
522 782
1424 664
1042 1568
1502 533
87 1633
1060 407
300 85
403 1484
1094 1223
1483 966
714 227
1396 236
780 1504
147 425
1585 223
424 711
86 311
1205 487
373 1567
288 419
90 803
660 561
335 1272
242 1630
88 1558
91 77
967 65
608 1457
1392 87
1280 362
198 1652
483 602
301 766
915 1432
1206 619
1390 1109
1688 1445
93 1342
415 739
1250 608
1530 861
632 972
92 33
1302 1384
636 337
626 616
897 421
1466 787
95 1213
1254 1642
468 1062
372 168
1232 1108
1264 1372
96 1657
177 280
164 575
857 161
180 25
161 1248
94 66
389 398
603 946
423 757
1064 275
368 688
1169 263
815 1580
1277 494
848 845
1586 125
517 1085
1578 796
520 249
448 1322
170 36
1501 737
1508 1251
101 729
896 400
1409 1288
730 1689
100 876
856 648
222 1040
642 582
1616 64
1253 151
103 663
105 1255
541 791
1380 1536
430 1399
1343 402
1650 1578
731 1602
1084 1468
1163 1241
1540 453
1148 833
104 1274
106 1031
797 596
589 898
136 55
1625 1006
1637 670
108 1092
1670 610
1337 1289
992 486
1178 1421
1043 513
244 788
464 1028
112 762
980 409
547 1646
796 1252
113 266
1454 708
818 1415
738 1670
282 350
111 672
115 1179
555 1303
1080 1389
1678 885
1471 1228
1033 1003
114 1396
1212 744
116 1144
921 818
154 716
1341 1211
1001 1216
933 536
1320 1360
1327 678
117 715
118 571
380 259
1398 1498
1208 1664
1207 404
119 15
539 348
790 1416
565 1341
1511 799
1620 550
1019 150
1646 47
120 1319
123 1434
1263 1188
124 381
479 450
1627 909
152 122
122 992
1448 1259
666 1477
1446 1261
512 811
436 234
1440 810
733 129
126 471
1024 370
595 824
1083 410
490 158
128 11
359 298
1271 339
1513 67
500 1089
130 267
903 1392
723 1472
129 815
1032 429
526 842
1082 1077
127 1628
876 148
968 969
131 1596
133 423
568 1173
135 721
938 1527
1405 1265
1328 239
964 710
909 955
137 336
858 1340
1552 679
807 793
138 826
1249 285
549 102
398 1442
1488 1359
1400 1135
139 132
140 1336
141 1688
605 1497
1092 549
649 888
299 579
824 1535
1472 1572
1135 1597
548 428
1235 1365
1562 149
1098 1060
145 92
1596 1098
142 137
146 473
1579 1014
1517 1438
754 754
1203 469
325 495
1644 118
1321 1011
499 573
1478 83
1464 1206
144 1068
1113 1466
1154 18
593 1318
891 961
1218 1226
148 1671
883 1145
1237 658
150 565
1397 1185
1236 1057
845 1407
1682 714
151 1516
1086 302
974 621
1168 1566
753 1625
1331 59
1582 474
677 539
153 1218
1013 1175
156 456
1539 134
158 506
310 316
898 1312
1681 937
1470 948
979 274
948 625
342 556
817 1464
1177 731
1588 806
159 511
1514 1112
1248 178
1458 252
1096 1406
781 1146
162 1238
1047 140
599 805
691 424
165 216
431 1663
1067 251
258 765
911 1556
410 1005
166 725
167 287
577 785
785 1290
1052 1454
1175 1444
327 1364
509 906
996 432
168 1684
1577 113
630 1298
708 1237
171 1561
1259 170
954 1149
560 1315
172 809
957 1256
1215 401
1664 477
163 1174
169 1515
1283 640
1058 643
550 352
615 1333
1354 1425
175 1661
982 813
1100 829
174 332
176 851
1407 1133
650 283
1146 564
173 960
1030 1538
437 1358
1005 623
635 1197
987 593
273 712
1594 1297
220 613
1189 1054
179 827
606 390
622 987
181 405
543 211
511 915
307 1219
1053 980
344 986
1482 659
463 1397
182 1087
183 1025
1152 357
880 1426
871 84
712 510
298 1258
184 886
185 1540
339 774
588 39
798 1225
186 1313
953 1490
942 1478
783 365
1316 1156
187 1026
1547 1121
1545 661
407 106
1139 1325
189 127
1229 1514
978 1532
772 523
1164 482
190 93
1567 309
191 652
1479 373
192 1143
1414 1095
805 1101
1347 80
449 182
477 426
1587 475
1066 1096
734 1418
292 443
1557 1150
196 157
459 457
782 814
193 1019
195 1431
814 76
1290 1351
906 1243
877 1539
1334 1027
194 1533
492 1632
201 1471
357 555
1265 1164
1406 783
542 841
1376 1240
1496 356
433 1320
199 736
202 1134
757 1153
1036 612
914 1268
1660 913
1507 554
1241 702
476 172
1142 1036
1144 177
1520 119
572 1076
274 1324
732 1163
207 990
206 552
1535 70
1583 726
1006 1176
203 563
205 1334
722 1166
908 942
1365 868
544 730
1305 300
209 1634
210 1665
761 1352
943 156
1233 1609
928 1050
219 440
211 650
1239 231
1292 245
213 919
956 27
214 294
628 264
711 1266
363 741
1244 1053
1332 13
290 924
1617 749
212 447
742 367
1361 722
1282 1317
809 985
1296 286
215 1183
951 900
417 1404
478 193
1358 173
870 975
847 674
1600 916
1055 130
1306 152
223 981
900 542
1120 246
1270 1129
670 1685
1204 214
217 865
224 1424
458 1683
502 1503
561 458
784 600
755 99
1679 939
226 772
227 1456
1667 500
405 968
937 203
228 812
1141 303
1645 1339
1486 497
225 724
1344 991
1528 895
683 1479
1247 391
1200 1639
230 501
285 86
229 1321
1666 943
1196 261
1219 6
1462 2
377 62
1342 1276
421 185
323 970
234 839
237 1413
886 1304
821 194
860 213
501 296
1387 496
973 1543
705 1154
289 1361
239 12
240 935
508 338
741 1658
302 1239
538 1008
243 964
426 1046
687 1093
245 1082
962 1323
1568 1598
1278 572
1059 271
247 1388
248 100
1427 1613
1401 1376
759 847
1500 686
246 1270
1081 163
1068 97
1034 1437
250 1554
1425 1209
1210 1282
1460 1620
1191 81
679 758
1319 1410
251 728
315 988
1287 43
249 183
254 1627
485 42
255 436
257 1622
546 1585
503 1220
717 1373
1371 201
471 1308
827 1182
261 493
1303 872
1061 188
260 1575
1194 1592
1379 1459
981 1379
1367 1618
1183 615
270 700
259 307
262 599
513 159
286 1202
736 330
263 649
1422 1411
1238 545
266 1032
939 1378
872 633
965 626
264 1162
267 89
644 139
795 0
1480 1414
1519 1428
465 590
272 37
1677 278
265 1371
1307 103
540 1337
840 1180
586 368
1267 371
674 451
1257 310
432 1648
1410 780
276 794
1227 925
1041 1686
1091 256
1614 651
1364 61
340 1204
1421 109
281 324
695 1451
1157 789
1025 1651
715 1332
916 1577
1147 755
787 269
1087 1275
740 346
1564 1067
1420 218
1014 225
665 1614
287 120
1611 697
562 635
575 547
1002 693
1489 1262
390 778
525 74
1262 1035
710 1267
1336 1409
1503 1519
1657 305
291 17
769 242
843 1178
832 131
533 1492
296 798
297 1125
313 874
452 1038
1435 763
918 10
1126 38
1672 1207
491 53
318 463
392 846
1174 769
1450 1344
1226 105
1690 16
1647 1525
303 1065
304 341
295 111
1370 907
770 445
341 343
1009 1113
1275 682
1045 950
306 1212
1417 200
1108 1452
1366 1637
308 237
746 1520
1576 1429
836 1599
1172 1138
1130 784
1597 657
1149 696
311 665
1669 1295
598 995
1323 79
314 1010
1349 965
312 1369
1111 835
1180 437
1603 927
985 1141
365 1155
316 1215
764 879
317 351
1553 1074
320 654
673 433
321 587
322 270
1408 196
1386 1078
382 1629
358 1047
440 1329
1110 73
1346 538
461 1285
1590 314
1643 1199
324 481
952 382
619 327
1057 1052
328 825
959 1682
1054 691
1609 882
326 422
329 941
330 292
1473 849
1359 29
332 1172
333 1626
624 222
1608 1595
1308 1231
991 1427
404 1493
867 1526
337 169
408 759
336 115
338 49
1131 1094
863 636
672 1116
1266 1301
1103 98
1506 853
343 1079
570 569
1114 1233
1391 1192
1008 235
1680 676
894 775
1570 1511
1089 1099
627 1375
345 804
1463 186
945 773
1423 1691
833 257
353 858
469 326
348 240
1428 1124
1104 777
1353 197
1624 1395
428 121
347 1546
454 136
435 609
1481 1470
360 1104
361 1368
675 366
362 1513
1640 1390
830 228
364 1118
1255 1601
947 195
1010 1254
438 1169
1631 1217
1659 767
1656 852
369 1496
949 823
1684 408
1461 1593
1363 584
1526 951
370 1190
977 1059
994 1659
855 551
374 1037
532 732
850 1422
1580 1555
1023 1529
375 1044
379 1393
1122 1287
829 448
913 1263
663 1645
611 929
1288 1386
1561 1587
1329 666
567 1330
1078 1140
786 376
1642 301
578 1004
1456 388
386 1675
926 288
387 707
1056 23
553 1097
1069 1564
1018 110
580 1001
604 534
391 208
1121 1423
394 1401
792 718
393 603
395 859
1039 321
397 1591
1318 295
664 306
396 268
400 291
401 1569
1186 273
1610 96
399 1649
771 902
932 945
453 1080
1124 1487
1022 1246
873 527
462 1509
1523 1697
406 331
1138 44
409 873
1273 363
1418 747
960 1402
411 1286
412 219
442 1584
1434 669
414 689
1115 1021
1251 622
1021 768
706 914
1063 817
416 781
418 524
803 75
1097 1643
1551 655
422 187
724 1500
789 415
425 660
1048 1678
1330 1111
640 930
747 553
427 932
1518 911
826 1278
1613 277
429 1152
551 1186
1626 176
1474 1667
1105 1385
971 601
641 1281
869 505
888 1189
1027 752
434 560
950 750
653 126
841 1545
506 146
1499 890
441 1647
1368 1583
1531 452
1598 479
443 1328
444 1507
1623 756
445 1499
1133 1205
804 1403
447 1522
1373 1273
756 22
446 1462
1565 727
1220 1455
1199 1012
1442 1350
450 860
451 1436
1683 1009
505 1063
1375 442
707 1294
692 395
514 1170
1125 1381
988 1142
1276 1306
1165 175
1355 1000
646 1505
559 1391
1455 1247
460 641
760 1115
466 1048
1402 459
859 646
600 1433
1569 260
1073 167
475 1518
775 82
1284 1257
648 217
1573 116
1070 984
1214 1055
657 748
1289 142
1658 221
1202 899
484 570
583 435
1668 1542
487 723
984 416
1015 52
554 417
773 297
1437 912
656 50
1360 1440
489 1137
488 699
493 323
629 322
696 1208
528 1064
1075 1408
494 503
1065 836
496 751
495 153
1452 883
1072 4
831 232
1011 144
702 1439
725 1672
1109 1023
1311 834
1160 180
1161 1165
686 369
1601 88
1527 605
912 1654
1240 1662
504 1084
1166 1541
993 1606
1310 1696
1170 1400
1137 329
699 864
1222 354
516 3
1012 1635
530 1690
1071 1045
748 831
1550 1196
1062 1130
1675 807
745 69
515 1473
519 1200
895 821
524 464
527 1326
531 690
930 199
700 578
535 962
1438 108
728 1557
573 1136
885 1242
537 1448
1476 557
1313 154
1223 1666
534 414
923 1229
1143 740
1156 244
1544 677
834 856
1016 958
899 347
1246 994
849 1221
1040 978
1268 141
1512 1236
1491 1081
1230 628
1521 1638
1028 54
558 562
1128 568
1234 1680
1020 1042
1639 1157
778 334
564 566
917 145
999 598
587 210
961 1235
694 917
631 1316
1245 936
576 629
1592 720
616 507
579 705
610 632
835 470
574 1677
684 418
1662 520
1431 933
581 489
1630 944
1492 692
582 1091
584 191
1119 364
592 1449
591 1106
594 284
590 920
851 90
597 165
806 681
596 884
601 466
1216 1117
975 880
854 202
1383 918
1524 645
609 434
1504 1523
1541 1512
612 753
614 461
618 577
1188 281
905 396
1447 979
621 133
620 467
623 627
1572 71
1176 973
625 325
681 1120
1173 586
658 1668
1074 372
1037 1367
1101 1161
1636 606
946 56
844 891
633 94
637 1660
750 529
693 967
776 792
1654 389
862 974
1555 668
1689 1387
1412 101
1439 802
1314 631
910 135
661 272
662 1374
842 738
1099 954
1132 1650
667 1191
668 359
1655 1458
678 360
1558 1195
1548 903
680 1517
822 1309
713 412
1494 189
1490 1608
682 1694
1457 1017
1469 104
1525 938
721 541
1449 1383
701 1224
1536 441
989 449
922 592
1484 492
810 28
716 1469
718 1168
1606 680
719 896
1385 328
726 1024
1356 1537
1444 838
729 358
1581 983
1224 462
1190 143
1615 14
735 1494
1145 9
1618 262
1116 1347
1602 229
743 862
744 1302
1281 537
751 1148
1369 112
1140 1589
963 656
1362 515
1279 483
1556 1631
1261 21
935 695
762 761
763 1335
1197 1066
766 647
767 279
1026 1655
1352 1034
940 1617
774 265
1300 1544
1619 684
777 597
1106 1284
1559 1419
1297 63
791 1015
1673 160
1090 1612
794 333
800 894
1648 889
1436 7
801 1043
799 544
1049 638
868 1088
1661 226
808 1020
811 206
1155 124
890 857
1468 1621
816 1610
823 377
1304 1616
1638 318
825 624
828 57
1676 634
838 706
1394 1489
879 190
1542 1531
846 1695
1632 1222
1674 1548
1179 430
924 162
1651 32
861 1110
1017 921
865 1510
1134 317
866 1070
875 255
1663 8
1228 1356
882 844
878 790
884 1214
902 1264
1357 123
1182 1058
1195 530
920 394
1430 490
1167 1481
1493 1061
1136 709
927 1474
931 385
983 1483
1584 181
1432 374
1093 639
1467 1549
986 1674
998 1171
1000 518
1258 198
1325 1147
1004 1565
1426 589
1378 1299
1393 1491
1211 1292
1029 574
1031 215
1605 1405
1522 212
1242 1453
1384 1488
1117 107
1377 1245
1231 502
1563 1377
1595 48
1077 1071
1171 1069
1441 349
1088 1007
1350 830
1416 926
1112 282
1532 801
1118 299
1187 1534
1686 233
1589 204
1671 5
1159 1586
1538 1346
1193 406
1198 1579
1243 1250
1599 653
1604 478
1252 1311
1419 694
1505 685
1475 1465
1295 546
1301 940
1374 893
1382 904
1415 1582
1403 26
1633 60
1529 411
1537 816
1445 1353
1453 1653
1591 878
1495 1450
1634 863
1534 488
1543 923
1549 519
1685 719
