0 1033
2 825
3 703
1997 824
1996 412
1995 493
1994 925
7 1692
1993 793
8 677
9 982
1991 1357
10 1385
12 957
1988 82
13 1342
14 880
1986 1312
1985 465
178 953
375 1713
565 1234
1393 1941
107 157
1088 700
850 83
27 973
756 1191
580 616
1331 491
1569 1657
693 1214
1127 1480
353 1012
1745 1348
1 123
1999 732
4 109
1998 10
5 1072
1992 1492
11 585
1987 1270
16 1459
1603 1360
1237 609
800 1760
288 1938
821 575
1167 1961
1375 614
1082 1320
1086 918
42 1659
557 988
6 1180
15 864
1717 870
79 149
1089 189
28 16
232 152
300 979
1712 894
1235 1541
18 1846
49 860
35 851
1667 1040
173 1205
955 558
576 1252
970 799
144 762
1514 1382
1608 1176
1049 1355
1741 950
388 1497
1664 892
17 731
1990 1374
19 976
1098 967
1765 252
863 958
1289 1235
896 1212
113 212
874 1600
641 589
1938 1871
1181 910
1877 777
292 581
1216 1866
1756 1455
20 927
1812 980
1281 1241
653 383
25 514
1656 635
1863 1925
1194 161
398 1929
903 548
1559 1910
1342 615
1151 1797
21 580
106 1179
1294 536
1900 221
43 59
99 1321
233 882
1145 95
328 1103
301 432
814 1858
94 713
690 828
257 118
949 699
1542 1201
1007 216
236 1714
1847 1968
377 1162
725 261
1719 1194
1843 836
1099 128
1687 608
170 1557
22 736
23 408
1478 1449
1646 1092
702 1918
1673 1732
1039 1266
90 1243
24 685
1855 135
941 723
1334 1024
1939 1834
249 292
1222 1473
841 1079
1431 1499
1768 512
1959 1536
1344 1158
1464 114
362 759
132 696
1223 242
1510 326
540 1576
1509 229
740 888
316 361
330 1344
1068 1767
60 1552
1150 21
667 783
1069 1661
26 526
845 278
1345 85
1169 158
773 1136
411 1798
280 1340
424 344
625 1375
826 1584
1550 1963
1499 1471
1989 1945
760 444
570 1567
1327 1058
1254 1896
907 1982
703 443
1743 1776
1973 1719
1791 1629
1277 1039
895 676
1198 49
1107 299
29 1685
30 1726
494 1860
1501 1504
681 1950
1969 1427
31 1104
736 1788
776 296
221 1805
993 1772
906 728
888 660
672 764
1302 1041
1482 1880
32 419
291 1773
1707 1289
436 1418
1644 285
86 1363
1419 1842
470 1395
1395 1668
234 1526
497 1891
711 183
320 1949
1609 319
704 1054
346 503
685 1524
1522 1433
1590 1585
1936 43
827 926
64 143
152 231
1100 492
33 1750
34 1729
1866 1863
818 163
722 1921
1037 46
1915 1864
689 1712
684 996
720 312
940 678
960 160
509 166
1371 385
1011 86
1203 583
403 446
853 1227
36 613
1418 1879
1948 1106
272 565
1823 211
927 1118
835 1008
1694 188
37 1548
1684 301
1781 808
1104 1506
363 1608
1614 1507
1680 1987
1486 1294
640 1045
1924 1849
1243 968
38 1609
624 1481
1326 1256
1661 1660
219 978
1186 1457
543 715
1622 1080
807 829
1944 737
1641 1
192 835
1820 304
1956 139
1121 977
781 393
914 593
279 1004
752 1792
1238 1440
1390 1620
712 1939
1123 1423
130 586
40 484
811 1702
1217 876
1427 1466
1019 1334
41 1721
212 1359
795 354
82 99
1521 937
242 1196
188 896
1385 1852
1022 1038
486 1260
67 1157
762 814
1527 420
48 1725
1483 693
1975 1530
214 1599
1612 176
1115 1387
1919 730
1582 1617
843 60
39 0
1629 992
953 1642
1179 1527
198 369
1908 1001
502 1917
1163 1652
44 1292
525 232
1094 381
678 1326
93 1909
1276 302
1494 96
1758 453
1735 237
45 1906
1828 760
1247 1682
438 329
598 601
1085 351
848 574
271 1843
1343 377
46 671
1637 621
1967 898
1278 604
1178 753
1001 557
864 1053
57 293
303 1570
47 1572
1980 1881
1817 341
200 1534
92 399
1362 245
1258 1752
1631 1901
244 1893
1317 1470
1139 1486
190 511
1158 649
577 1265
1895 1985
1231 1073
51 1828
277 1715
561 373
1013 1400
455 1251
1752 786
1891 1310
1601 429
613 872
50 1108
177 1794
619 812
429 197
726 1464
52 916
869 1633
591 180
1446 425
361 168
1879 1780
452 656
1606 214
822 1612
1816 1174
389 606
741 645
745 672
176 1203
315 130
1164 962
340 1224
1876 162
1380 1564
1960 1948
1433 948
1316 458
533 134
1922 854
1892 1770
946 1895
998 1995
1796 1428
1583 343
1747 1133
1884 1525
1557 912
53 1532
54 1031
55 78
885 970
931 1937
1321 1394
332 1607
1260 1173
1337 1166
56 717
1690 784
957 12
1731 1904
1189 325
1516 244
1715 1959
217 1975
136 1071
1548 594
1598 440
58 855
997 273
1301 1801
193 1687
1691 834
1696 638
620 155
1459 1280
1633 1487
1511 1422
59 13
1830 1056
1916 208
1025 983
1686 1032
196 1367
1849 213
1000 1837
743 778
1043 725
1913 219
348 105
556 1137
61 141
393 1899
742 509
1658 1561
317 1563
1677 1107
1377 1658
406 1005
1859 1824
62 865
878 1766
866 554
1573 338
715 22
805 827
1624 1097
368 1651
1794 218
581 867
255 31
63 775
77 701
1744 1519
1538 1448
1860 562
1898 956
746 1621
929 1246
258 966
754 1064
1052 409
246 991
687 1264
1968 1048
1229 48
881 1778
1688 1116
1578 1999
758 1848
65 1219
66 1613
1200 1288
1030 1319
1338 340
618 1132
932 167
1286 772
379 1588
127 1290
88 379
253 358
477 357
1813 954
1307 1643
1138 1061
189 1409
1070 644
601 859
505 243
216 239
1585 348
789 1463
68 540
469 1171
611 1117
1515 1602
637 624
159 1013
1292 1811
70 173
575 37
1977 1163
1779 1389
877 1438
596 1222
1698 648
733 1049
802 56
491 650
71 274
471 744
1773 667
1097 1155
69 1396
72 570
1848 18
1378 1182
626 406
1234 863
793 1417
1597 1384
1721 519
73 1068
1180 801
642 1229
695 26
85 1236
169 821
74 858
589 1206
1961 20
1852 220
547 1350
1475 1932
180 1345
1640 434
1408 567
1894 80
1604 1185
763 1971
1807 525
75 171
1009 1170
1783 546
1309 602
1401 507
1815 623
1212 1035
76 449
652 1565
1767 1065
1802 1287
1951 1974
1232 633
1432 1920
772 1152
515 1447
1379 1579
943 1911
713 1199
311 196
1748 241
186 1623
796 264
990 1226
341 222
1451 845
1288 1718
184 356
140 481
656 1063
952 936
913 947
1095 1953
1580 804
1034 1762
105 50
871 1332
1340 233
78 1239
80 1485
245 1153
1926 1523
1693 521
81 1046
1184 148
1676 646
1592 1149
1078 657
991 1625
1160 1594
1952 841
1805 1414
1834 1460
1404 363
966 907
1872 1484
275 314
1642 807
1703 62
1513 545
1626 552
83 875
1010 1521
263 269
1627 724
326 549
142 1765
985 848
1239 1505
84 1591
1636 1808
1929 1346
459 1673
1125 1380
1348 1286
484 720
154 924
514 1518
1564 1231
1625 1475
443 680
925 1096
1818 1885
797 469
939 475
532 448
1228 598
87 1014
889 787
418 884
747 1019
1428 203
1457 4
137 539
1881 1081
1551 1812
485 1736
1323 1443
1284 467
1391 796
1965 1183
89 1386
1264 669
1219 747
548 1435
917 1371
299 1020
354 175
1018 779
1537 1509
727 282
1638 1942
1109 531
1473 1873
290 1820
912 1370
461 905
1411 1967
91 1512
1962 276
1841 1309
1172 1478
183 1830
1562 1101
988 205
1014 1284
512 1237
1838 1143
520 1689
347 802
1274 272
1546 333
408 765
416 456
944 1134
608 1431
1718 1951
879 508
1263 1907
1005 1581
1825 103
1842 395
1403 769
1632 362
108 1070
1271 1500
645 639
1672 1140
1732 740
707 591
1971 622
442 496
1978 1578
1720 559
1554 785
1983 1430
95 353
1506 1882
851 1015
96 352
464 612
1465 915
956 990
1786 1197
1330 33
97 1933
660 138
1912 84
1129 1216
191 571
602 1556
1413 410
858 718
1530 964
1734 497
1840 388
98 1803
967 339
1067 1813
1529 1913
546 815
1472 1560
281 500
162 322
473 436
141 1446
1425 930
1495 186
728 582
100 51
847 906
101 951
247 842
1727 746
683 665
813 1637
1526 1740
124 423
1653 1336
1941 1465
273 457
1015 404
155 501
759 463
102 1293
414 1354
1402 1365
798 365
1079 1636
880 1057
195 178
828 686
445 652
923 1965
1091 1841
1669 691
1871 961
1242 41
634 607
1930 236
1066 1271
860 1960
1460 529
563 620
103 1461
104 1211
359 151
1917 1128
739 1853
1046 1130
1775 1855
319 544
873 1704
365 424
1935 142
1399 1141
788 651
1778 1799
1532 1301
1381 1691
1568 397
732 1315
1531 707
1746 689
1623 334
1161 999
585 1208
1749 1783
160 396
1710 818
1353 1943
1652 281
432 1990
1628 275
364 386
621 38
1156 1247
146 1606
1170 101
456 6
599 776
1795 323
109 112
1954 286
1073 1327
213 1819
123 1796
1839 461
986 35
110 1802
111 1177
836 908
421 1717
1339 248
1556 366
963 692
327 131
112 1144
1224 1978
435 1782
1600 146
753 367
1931 97
268 1757
1918 280
1799 177
643 1537
1106 1856
1774 54
1873 184
356 1401
1705 308
1057 64
900 795
351 1029
114 1034
115 1764
706 748
984 761
947 505
1889 1369
116 1551
425 318
218 1436
1383 1051
295 506
842 1769
1251 1631
1681 946
1784 349
1966 332
1084 1098
1416 537
117 1267
958 1568
1536 792
791 1543
1704 1883
523 1313
737 454
1255 810
1165 1018
119 1683
1517 637
360 1501
227 297
1061 476
1685 869
120 1667
567 1944
333 1829
696 483
240 375
629 394
937 350
153 1274
492 77
121 1186
724 949
433 153
1314 629
118 611
157 1078
1793 1844
1555 1833
1175 1405
122 346
278 1992
981 1262
1365 421
405 887
1367 1351
344 133
1279 1569
387 752
987 632
710 1187
1386 794
922 1285
1173 1279
921 1483
1484 1926
1041 866
938 587
479 1892
125 1308
126 7
1110 1254
1651 1050
1132 1215
694 538
357 1317
1363 515
1591 524
755 452
664 543
1444 1300
948 1743
501 679
1678 684
1772 215
1722 862
128 382
1467 1733
1176 238
1837 182
1836 520
182 681
1168 1263
297 1688
1844 852
1808 374
1620 820
1221 119
1911 380
269 460
632 922
1921 1452
129 1445
1552 881
1643 1011
1869 91
1230 1952
1800 1399
131 782
665 1686
607 1964
1023 30
595 451
1565 1444
654 1656
1914 1084
133 1510
605 705
1162 1488
1982 781
1491 1611
293 1603
815 1522
1143 1482
1117 1145
1250 510
682 1847
1253 1303
135 1970
1024 251
1199 1836
1392 944
1660 1333
476 1874
1771 1390
1062 1036
1215 1249
1702 1915
806 1619
134 1142
1487 1546
298 401
916 771
352 1676
1028 811
458 1934
1166 67
1481 798
261 1324
1092 938
950 1415
1561 670
1021 631
1421 1453
1389 592
1103 1349
138 478
139 687
324 1217
649 975
1298 830
1081 1875
1958 846
968 577
147 1755
1310 647
488 1701
475 1077
1017 805
1424 564
1004 411
849 823
1723 610
708 437
1880 504
207 1198
444 1240
510 1817
329 1583
837 1151
143 1816
1220 1710
1376 17
1602 267
1753 8
705 541
771 797
1910 194
764 70
1398 985
1886 627
1857 316
646 1477
564 932
830 1030
1045 1889
1821 1067
163 1912
145 710
305 663
423 355
1490 1373
1201 1059
148 1109
549 1242
496 1516
1827 641
383 1957
803 300
1351 1154
367 468
1846 619
1113 1410
204 708
1586 550
1674 1003
307 1761
1553 347
149 1456
150 387
1670 1437
972 690
1387 1695
487 1503
671 289
1197 1086
151 1131
1135 11
1297 788
1027 1845
1287 636
954 1737
1854 124
1806 1002
1445 513
1981 917
1737 195
587 1419
1120 661
1318 1628
933 1558
1182 1496
1293 1341
1946 1647
369 279
1708 1706
674 695
1453 1640
410 1935
451 370
868 438
936 391
926 1728
942 1412
241 466
478 1996
376 1914
1811 107
156 464
1157 40
164 935
969 1167
1350 694
647 1259
857 102
1504 568
158 1184
1618 1954
1102 756
1225 773
1177 1207
571 605
1456 547
1492 426
1508 359
230 270
322 1339
391 1596
489 192
856 721
259 1827
1146 1225
1650 257
161 1218
542 9
780 1720
1137 733
901 69
1026 974
462 1402
1882 1305
675 474
1792 1111
1124 833
527 653
1725 87
1789 1172
1788 655
809 129
434 1672
1587 311
1904 1276
554 809
1500 372
1352 931
1695 24
165 1087
166 767
1461 473
1206 1753
1751 1664
751 317
832 1898
396 502
167 1017
1452 928
1116 518
168 1450
1885 1946
1414 1069
209 1924
1563 1931
1252 1135
582 1006
1803 843
335 603
761 675
314 15
1366 1458
171 590
1072 1559
172 1977
345 1100
1054 1697
631 1233
1697 1680
1048 595
1819 1043
1955 1514
174 1089
1488 315
965 929
175 1408
374 209
521 709
481 1786
883 1361
1621 1991
1036 407
1835 704
1785 1042
1299 673
1945 27
891 1223
1733 68
1770 1037
545 442
482 1605
774 1421
553 1027
179 116
1543 1677
875 576
417 770
370 1574
1136 766
911 66
516 1302
1671 254
1864 305
181 1114
995 81
286 415
1458 819
1055 1902
1655 127
206 1278
1119 1587
854 1571
1332 1744
467 523
870 104
1547 200
1893 942
1574 1826
1810 1468
185 1774
1144 1213
1964 1311
187 187
861 806
1240 1498
606 790
817 1641
1907 224
197 1362
1388 400
395 1221
1058 1861
919 402
898 416
1436 1420
308 706
310 1335
964 290
1469 1261
1480 1094
614 1666
535 1969
331 923
750 1547
1589 659
465 1722
1925 817
1657 683
779 738
894 1936
1668 1228
1761 897
1572 1735
350 240
1909 542
1394 853
1356 145
194 260
1006 19
700 307
980 89
1711 1391
1295 816
1174 1872
1149 1708
951 920
1476 780
1324 889
1003 1044
1275 566
312 561
1210 247
1214 1777
971 94
394 1886
1105 499
816 61
610 1533
989 1663
1305 1434
199 1793
1207 1347
228 1888
1133 1411
1449 1175
1943 1200
1790 1644
202 1299
1507 726
934 885
201 1679
203 749
983 198
824 271
1659 735
1114 1393
1423 1745
1364 1711
205 1161
825 1139
831 751
1619 1956
252 1989
1033 1649
1202 159
511 719
266 1296
1047 462
977 256
450 832
1208 1330
504 1739
1087 856
992 1994
208 125
962 1815
1272 1854
1370 120
1256 899
210 1122
1313 1809
786 92
211 1791
1782 1550
1442 291
680 63
313 1406
544 459
1415 1508
302 569
872 57
799 642
1485 998
538 115
1576 1275
536 1257
1512 336
769 1272
1032 1653
584 1337
1524 1696
215 25
287 840
1244 993
630 445
229 1575
790 674
1567 1121
1599 909
422 986
1188 1654
1051 1314
1594 527
531 262
1218 1709
1596 630
785 739
500 1168
1382 1822
1346 1903
220 1322
1312 403
534 572
1776 921
1303 1025
222 877
1183 984
223 1614
224 1674
518 1105
490 100
225 471
852 1645
738 1610
463 1245
644 328
226 528
1096 1922
1147 337
1862 1169
731 1984
339 389
231 714
1196 1877
1440 378
573 1062
945 1022
1155 1307
628 1887
1927 1768
1429 1102
1503 1555
1056 1868
834 997
904 1016
1248 1113
1520 522
638 207
658 1376
392 320
767 1021
915 342
262 879
1283 1189
235 625
1080 662
920 1618
1570 1338
1268 1127
237 1716
1581 1479
594 1998
657 1088
306 1331
1468 494
1063 482
974 1156
238 886
1195 199
1454 994
1903 826
1192 1749
1384 750
1296 1539
239 688
1407 1684
1887 1007
1035 1850
1829 1632
1850 712
1369 634
1153 154
248 939
1108 1759
243 398
1615 487
528 185
1932 1085
566 191
583 122
603 1747
701 745
801 618
1447 668
1645 1490
897 225
407 202
1262 1368
886 172
976 891
1675 137
1545 433
472 734
676 1665
1728 1590
783 1554
378 1615
1897 1454
1683 1835
250 1838
1420 900
592 498
251 265
1315 228
1713 839
1040 495
892 1825
1071 1542
1406 1638
1902 371
1826 1378
384 1413
887 913
254 1209
1742 1723
1060 873
1211 1298
426 1698
1325 1295
1611 1009
1970 1066
829 844
309 535
1874 822
256 838
924 1112
1738 417
439 1593
844 874
1412 1927
1755 1416
284 1973
1439 578
1797 1890
260 1976
1928 1204
778 1165
499 250
1754 729
1141 666
1906 837
495 1655
558 1671
714 960
1867 965
1798 1090
1322 226
1361 955
679 563
380 327
267 1562
1865 1462
1016 1540
264 156
578 1383
1979 919
1496 995
265 1810
994 813
1265 392
1397 971
1647 277
342 664
979 485
270 861
1282 1258
1008 654
1396 268
282 88
1577 1865
274 1832
982 427
529 963
1213 1502
1355 952
428 44
1663 1148
908 376
1187 259
1245 1269
381 74
1832 206
276 722
448 110
1372 324
721 294
1890 628
285 234
1171 72
1191 1699
373 1639
474 791
1780 204
1311 789
1190 193
283 1586
846 1110
663 1398
568 1549
651 1627
1571 1160
1466 1988
1502 330
867 1693
1634 1867
400 1878
289 428
1724 1851
1933 573
1665 472
1833 147
1118 1751
1858 1493
1801 136
1593 1210
636 1789
336 1164
1053 943
399 658
294 698
1814 1426
588 1573
296 530
787 890
1497 850
1090 1432
1699 1806
1639 1980
1477 1099
1766 2
1976 1238
1463 849
415 1220
1341 210
1762 1966
1236 1738
431 1857
1984 76
1588 1343
1064 1981
1474 295
1077 1255
1759 1052
1479 1908
304 42
1438 1763
1368 1091
1950 335
1760 121
718 1192
1029 1538
1769 1727
1870 283
959 447
506 597
1544 1291
430 1545
639 1083
1320 1831
1122 1268
839 71
1519 249
823 477
318 1784
766 181
1154 1840
905 588
1750 1771
437 754
876 263
1730 556
1613 90
321 489
1716 1352
1777 34
635 98
1193 1379
530 1404
572 981
1031 364
323 1397
673 1306
910 940
862 298
325 1604
1020 164
493 1601
1963 1253
1233 93
1249 1494
893 140
1065 1821
659 1531
792 1451
334 1429
1899 1129
1409 1707
337 284
338 450
1525 1159
1111 1150
1518 23
1226 227
1134 53
560 470
555 1230
757 560
1471 1119
1426 1916
884 1138
666 266
650 1870
343 1634
552 1178
686 1476
1319 1491
909 1472
604 1026
1764 1075
804 579
1126 895
446 1093
1333 741
1809 418
1455 1566
1405 697
349 989
1430 1074
420 1126
1002 1983
1443 1669
1075 1958
1616 1919
1649 1282
1050 310
1617 553
655 1147
355 1626
1584 972
358 1323
524 1250
730 883
1923 1125
483 1894
526 486
449 857
692 39
1957 360
1285 871
1566 435
882 1023
1949 1364
1666 1690
775 439
1709 1678
1359 313
366 1403
1450 431
507 1823
1757 1439
1044 1592
372 1598
1595 1930
371 1622
1152 1876
899 174
698 58
716 1703
1822 1304
1560 1517
902 1000
1851 1181
688 1248
1373 1193
812 1616
777 763
382 1869
503 1972
1128 758
719 727
615 878
385 1979
1241 987
1304 73
551 1818
386 1650
1360 617
1270 169
890 1580
1896 29
517 516
1726 1734
1942 933
390 1986
1901 600
559 368
770 1807
397 1377
930 1407
401 413
402 757
1448 551
537 331
794 1495
440 306
1635 414
404 170
1630 309
1868 1513
569 1060
999 893
661 743
498 1297
409 626
648 480
1804 1947
1349 1553
412 1535
413 774
1654 1993
1400 1741
427 1325
810 79
833 1467
1679 1425
1142 1681
419 1897
622 55
668 534
1549 1624
1861 246
1974 430
1610 1441
612 1202
1888 422
1579 533
1701 1124
1076 113
1417 682
1148 321
723 1746
1740 1076
1700 1582
1523 847
1505 1115
840 28
454 384
1692 405
441 599
1528 1800
1831 490
447 235
819 390
466 1195
579 1790
709 768
1934 1123
453 831
973 640
1541 800
765 1120
457 969
928 47
1493 1730
729 14
1824 258
460 1381
1662 1277
468 1328
1266 959
1736 1705
744 1662
734 945
627 1775
1335 596
1209 217
1101 702
480 1785
1575 117
1259 742
1306 488
590 1318
996 1781
574 1694
1947 1055
1940 1028
1261 1529
1269 1589
1605 1997
1878 584
1358 1742
1291 1474
519 1859
1131 532
669 1646
865 150
600 253
1558 45
1273 803
1410 934
1435 902
508 479
1300 1082
513 1754
782 1675
522 1515
1038 1635
697 201
935 1528
662 1731
1012 1779
670 1962
617 287
1093 1955
539 1597
541 1146
1347 755
597 303
1227 1388
1682 36
633 1630
1535 52
1539 108
550 165
1329 190
1354 1905
1059 1724
562 1489
1462 132
1422 517
691 1316
978 1392
586 1356
1875 255
1205 941
1856 1923
1853 1804
1706 1862
593 1353
1140 1283
855 1839
808 75
1112 1795
1083 1648
784 1329
1920 555
609 1232
1074 914
1534 1520
1434 643
616 1544
1533 32
1159 1358
1246 1244
1489 345
623 1940
1953 455
1328 1281
1336 1273
1204 901
975 1366
1308 65
1739 1372
1257 1748
677 1787
717 5
1441 1758
1883 3
699 1511
749 441
1042 1700
918 1670
1437 179
1130 1095
820 1884
735 1469
748 111
1845 1442
768 904
1540 106
1357 711
1498 126
859 1577
1972 144
1714 288
1729 1010
838 1900
1937 1756
1689 1595
1267 911
1607 1190
1374 230
1648 903
1470 1814
961 1424
1290 716
1185 868
1787 1047
1280 223
1905 1188
1763 1928
