0 670
2 1075
3 1061
4 379
1796 1412
1795 1211
6 386
1794 681
7 67
1793 1769
8 1383
10 374
1790 1714
178 1208
653 314
90 1380
1215 1511
1066 596
131 1655
126 238
861 1259
1 1643
1799 903
1797 1444
9 375
1792 752
1791 360
1587 53
964 1165
633 161
1068 1290
235 1626
572 1627
1579 1594
1719 1739
1798 43
11 1011
12 1071
254 735
1248 1086
267 1173
672 1379
408 1171
608 513
1009 1790
1630 1629
1578 952
1595 997
168 1222
524 476
1661 475
13 1679
1098 182
116 504
1197 947
329 970
117 1441
1136 1028
249 1572
1065 856
186 1575
5 240
14 766
15 1008
699 1391
1615 1210
1160 736
377 1277
1135 915
731 1496
853 1409
106 590
1742 1377
622 967
1169 1691
1249 1402
799 1125
16 1101
17 15
690 586
430 152
1608 28
237 1356
900 593
124 1029
372 1315
1269 428
1401 1051
1124 1268
982 724
133 523
1629 1144
18 968
19 409
1711 1091
1756 1447
1038 974
893 1055
46 474
1296 1133
1527 200
1659 1178
1129 819
115 1524
238 964
20 1329
831 1653
1622 1551
1131 768
21 765
1493 543
797 302
1571 953
1337 77
1350 427
940 159
22 1654
23 87
1321 597
1179 347
1732 1519
1476 241
326 1502
148 1423
24 100
1499 510
1096 757
1078 442
655 725
286 718
1102 291
1496 413
25 1661
561 327
776 814
937 666
27 999
1073 1467
1112 319
1667 1744
1306 1471
26 830
291 550
76 820
58 850
1603 115
338 439
391 201
759 1623
702 197
780 931
1547 391
139 487
153 680
175 489
28 940
881 1589
156 1175
1703 351
98 1077
315 1297
29 1415
30 1338
1170 1452
541 1609
1715 408
88 977
1753 1732
644 235
1294 1636
145 202
1106 912
32 945
624 296
155 255
437 1399
141 1531
1542 1081
789 381
31 1798
1641 320
1310 395
1643 284
709 738
260 5
565 1223
387 184
640 1760
33 1251
442 1773
365 685
857 52
512 1418
647 1258
950 260
1152 417
1505 1411
35 1292
975 1143
846 443
264 286
1729 1548
1652 209
34 244
36 1056
1722 1780
586 708
936 1197
1366 383
374 218
1554 1088
37 851
921 674
337 1345
1500 1006
741 1093
1563 1727
38 942
1290 515
693 1392
1142 783
1426 316
1776 902
1410 393
1432 1567
39 1141
1575 883
1014 1198
747 1319
244 131
1583 734
951 370
1466 739
1616 45
660 604
296 1753
40 1723
41 1017
288 1730
658 689
539 1384
42 1094
157 662
1406 617
1174 1619
176 452
346 1508
1518 228
1226 1461
691 1748
118 520
828 1160
1302 638
916 755
1085 881
481 464
381 449
873 1234
1453 166
1221 717
43 185
45 466
602 1069
528 150
804 1554
583 1302
674 207
1369 1442
1111 873
1436 138
1061 83
44 262
859 1566
1754 1354
1272 1592
301 886
1380 1054
735 1114
1224 438
48 845
1072 354
335 1232
1156 1602
848 274
366 1314
629 178
1688 1510
49 75
447 1599
1783 842
1506 531
1205 104
1153 776
364 1229
50 825
189 917
1489 1353
1769 90
905 534
1034 297
51 1158
1459 193
92 1102
406 1224
53 1451
1741 1110
383 691
1470 1581
52 855
997 1505
550 743
559 403
47 1320
1458 268
531 307
715 27
385 1616
1300 108
489 295
830 1774
1384 1673
1032 34
988 1539
973 432
1313 1445
122 1612
54 533
837 1457
743 1368
1109 1127
1540 1007
538 385
55 995
56 11
388 336
732 570
968 711
456 961
705 265
57 1468
867 137
1761 0
1200 440
319 885
253 868
1716 1580
203 836
1335 300
1660 1711
70 628
1273 361
1150 1182
1725 175
1701 585
180 1250
923 29
464 623
1592 837
1275 849
1762 764
59 1528
60 1024
858 1021
924 807
61 599
1286 731
1672 528
813 36
903 1092
309 382
62 55
239 542
1235 792
817 532
496 759
144 1271
63 1023
250 780
1751 1176
217 799
1777 588
487 1675
1682 1294
812 503
137 1018
340 1658
1139 565
64 1557
336 1615
1155 1640
1586 1231
1246 1269
486 372
824 471
1581 1720
1402 990
199 88
281 589
1666 1426
65 1106
479 171
1698 168
66 1166
67 1181
198 893
770 562
904 1634
339 1228
332 624
68 285
589 1276
127 219
899 1334
1709 388
676 444
69 1027
654 165
310 658
675 1195
1387 595
1781 1493
952 771
160 188
1789 880
272 1266
678 609
703 635
241 263
1474 1795
284 1764
1491 1149
961 1613
71 1123
990 303
1390 1179
134 1122
1618 292
1094 784
72 1552
1669 648
108 1779
261 608
1105 1404
1005 1549
73 211
74 1189
1074 1556
704 1327
591 926
1613 1288
886 1484
976 1689
75 632
1236 897
1203 1743
287 1097
273 1249
1054 355
77 1376
275 25
305 1700
1256 1742
404 433
533 573
78 1469
269 1147
1519 205
844 478
1636 113
1168 1373
270 667
587 22
1006 110
103 871
80 1588
454 811
821 362
683 1001
380 1433
1140 979
1665 94
1118 496
79 656
1125 1487
1015 32
81 1604
412 301
996 1558
82 1414
83 892
1264 181
1449 726
981 1212
84 1787
727 33
247 904
1520 535
544 1676
440 1156
1166 80
1610 751
730 763
1079 847
85 1150
86 1470
125 358
140 793
1253 340
191 785
1766 124
913 1660
363 578
513 421
1670 1755
224 1304
328 26
1163 332
864 363
1261 346
714 278
483 1107
472 144
1764 806
245 1614
295 1367
1018 1151
461 203
767 697
991 1694
89 92
259 1477
631 1070
1330 1421
953 46
910 800
87 1126
91 794
457 801
1724 1561
1247 118
980 580
1331 1298
712 30
967 1455
488 571
551 754
604 1688
355 277
1620 1308
971 966
593 348
93 420
342 1112
1228 1236
1528 1596
129 1630
94 484
713 290
370 927
664 1453
989 1464
95 343
1283 1121
946 1624
681 139
754 490
850 1257
1237 1202
611 568
1464 156
96 472
97 356
1738 1784
1431 1553
1132 1170
1216 486
1031 558
1473 1526
1238 1079
1133 1172
1284 962
99 1522
314 1579
266 1184
972 1355
1418 1717
941 1363
1223 41
1076 173
1407 1601
1110 1756
130 1053
400 652
1194 1410
297 17
1448 399
615 1016
1746 864
1594 321
165 1486
100 929
102 1563
209 824
933 920
761 1746
1691 1400
554 63
1324 1413
1063 215
788 1351
499 1449
1524 1639
706 1725
1780 1680
101 509
104 1240
786 536
493 231
620 1650
1303 373
212 772
256 1270
1157 119
276 126
1097 972
105 349
1209 1035
785 406
107 423
1343 1078
1210 68
872 1100
1318 591
667 720
1397 514
1323 352
758 1322
188 1603
1048 877
1478 789
109 548
942 73
922 1074
1185 822
648 625
1548 325
1556 204
110 1285
111 1022
1584 220
215 539
792 279
1460 1608
231 1318
438 1443
320 1272
112 330
113 1263
226 329
1475 1026
1364 341
1509 482
114 387
560 1598
501 310
810 377
1376 941
800 1684
1277 695
1394 492
278 469
1521 1352
162 545
465 1214
1773 317
1295 214
159 1542
1279 1139
752 1299
449 1789
1028 933
1733 1284
119 660
382 1190
1064 1696
1351 499
460 778
120 1625
459 245
1100 1521
121 723
814 1440
1444 813
1427 69
906 594
1116 1474
695 900
1344 418
1202 537
123 1635
877 1514
625 280
1151 1374
1362 1064
665 661
1057 631
1382 264
1204 1201
670 1365
600 1246
1036 1135
1276 1490
1485 1003
762 861
943 1382
1024 412
1241 48
793 24
257 89
994 276
128 236
1487 747
783 267
1644 1395
154 1289
274 1068
403 174
405 1357
606 682
1454 908
1728 1300
1196 493
466 821
1144 229
490 740
1392 870
556 1794
778 640
1127 1293
1771 1154
627 309
1011 130
132 816
659 199
1311 1072
135 1606
138 636
505 176
885 567
580 987
480 1749
1183 384
1731 1690
1188 299
369 665
136 1207
379 943
986 730
889 527
1755 397
1393 614
1727 802
1772 607
896 1610
1580 828
323 906
619 1209
545 313
1044 273
549 495
1287 975
1704 525
1508 1129
1146 315
142 331
302 1080
1173 1783
751 242
851 1009
143 1583
649 921
1358 23
1206 863
1225 655
1391 932
427 1180
146 1036
1329 467
416 1633
1713 50
147 552
248 1664
1114 700
716 584
1628 398
1047 569
1010 256
771 833
1315 790
1535 1458
471 1225
1546 1050
1577 1422
1373 829
149 1593
150 1485
516 843
929 866
221 676
1601 1517
151 544
1056 834
1004 51
152 107
1141 1090
612 875
720 368
1421 1472
1705 817
1408 1034
1430 891
1560 775
724 865
1663 1140
1035 630
1747 141
1341 1131
605 901
1484 304
1134 786
1647 1309
1368 494
944 521
503 1012
1229 1152
685 79
878 826
1710 611
963 1562
158 112
1268 598
863 858
325 1174
1462 675
1039 1369
1145 21
637 65
739 1401
1165 1420
1317 430
1625 914
345 1793
547 606
331 392
313 1000
407 1475
947 1396
242 957
163 365
1233 1235
433 963
164 1406
1515 458
1502 910
1752 1545
458 1571
1207 1729
473 1375
161 1185
1631 1437
978 1398
166 541
167 1002
258 913
862 1253
1555 369
1684 659
782 616
1327 1312
1190 1741
169 483
1439 1199
970 733
1158 251
1668 12
882 1512
170 769
443 1591
1649 1291
1361 841
171 459
1195 716
919 1618
527 1378
643 991
1706 253
172 133
1543 380
1539 54
918 14
742 1136
519 657
173 651
174 1153
1494 143
290 1544
421 132
938 1040
1371 404
1007 64
1027 1130
768 1
1623 827
419 791
358 922
694 1706
610 1419
820 699
979 522
1446 1057
208 848
177 451
179 1366
1258 234
1045 1350
441 326
485 1718
1490 1113
181 983
207 324
1551 154
401 1098
1653 1574
983 1547
543 1326
1572 672
232 1004
1451 217
525 1242
182 435
183 852
1219 1217
749 715
334 1146
584 1204
184 1516
887 854
632 978
1340 1733
185 95
779 712
1167 497
1217 146
229 795
795 693
450 1534
1461 1736
187 1134
571 1435
190 1682
1452 1115
1650 1585
568 1555
1664 164
192 1646
826 1205
214 938
819 1083
193 1188
233 579
917 989
843 96
1414 151
1026 1722
671 1708
966 1701
1334 1716
194 1504
195 333
1213 294
236 889
316 1405
197 350
985 1161
1332 281
534 101
196 1244
445 1430
1377 1280
934 441
1517 1796
349 445
500 1797
200 1459
201 359
360 556
1280 905
1192 582
1550 524
1104 887
1208 1754
775 1465
294 649
1095 605
1161 645
995 1030
1651 1438
641 212
202 158
204 1587
1782 389
205 639
324 1648
206 1747
700 1737
927 1227
954 1238
392 437
303 1340
1227 1501
1640 1060
1468 934
451 1237
428 601
210 1087
1349 1577
399 1347
211 1317
1504 1590
594 629
796 424
1443 148
213 998
1760 8
621 1454
1442 1331
566 1620
1121 498
1333 1206
871 876
518 1541
429 1645
1609 1128
1148 1527
216 560
852 1344
219 1677
312 671
362 1644
1383 1448
218 705
898 502
1211 703
563 58
1316 311
1086 1393
455 455
409 690
1566 1168
292 1264
220 538
222 518
984 1775
223 1778
444 414
726 145
397 859
636 163
463 835
389 1313
911 353
225 117
1090 1429
955 1622
1690 91
1445 40
347 367
1593 1750
367 1436
1263 1332
227 1256
228 1169
1081 1065
1080 198
526 981
1103 97
1049 710
453 1771
230 721
909 10
816 613
993 1014
1734 737
1191 507
1689 1791
1695 98
384 767
262 157
1510 405
1700 646
468 1349
234 782
1635 270
847 106
707 529
673 243
856 960
1479 125
1353 37
883 1564
1513 225
506 1702
1243 1303
1718 411
1429 1686
352 1252
999 1670
271 180
1687 1359
240 996
697 643
1619 1546
1041 924
243 698
1180 1656
1694 1752
1214 939
495 1282
1726 1782
1291 1046
1082 787
1091 366
1785 1424
246 1286
1088 692
1604 233
426 1621
1423 1278
1178 600
1159 1488
634 258
1309 907
523 121
299 805
251 732
1055 803
1360 1652
1164 1713
504 1523
1184 187
1305 1287
252 1569
840 1466
1498 114
888 728
255 1761
1267 1371
1735 1267
1232 1085
1674 911
894 1274
1765 237
945 230
548 1279
708 1295
1218 930
1120 872
588 271
663 511
321 1735
1050 501
1419 1758
263 1059
1441 1751
1199 1044
1589 1230
746 1476
802 984
1533 839
930 269
304 838
736 1565
869 1245
1788 1446
1637 1260
1787 1099
265 1427
1748 177
279 140
639 38
628 1155
1130 678
268 774
520 581
717 1109
285 70
1702 1799
1607 1719
1288 1560
1612 62
318 1788
1737 49
1101 709
1671 1699
642 1330
562 517
1379 677
835 1765
1744 760
1501 1637
1381 627
1137 1254
1298 252
719 6
277 1219
638 99
1345 707
1486 1494
1138 1740
1585 823
280 1301
1033 61
1767 512
317 1310
435 1500
650 81
794 1617
652 111
1123 1360
283 928
781 1275
1770 664
376 654
656 167
395 1434
282 576
1053 142
692 1491
745 704
425 1659
1262 1573
1457 936
1768 416
1525 1582
787 1687
974 447
1239 669
750 1039
289 1013
1037 610
1212 1120
926 1662
998 1339
617 149
1367 192
1404 508
1304 879
293 916
1325 1642
1736 232
932 287
1591 1724
298 862
825 1111
1424 453
1749 323
728 551
1447 555
434 564
300 1321
1023 1480
753 1709
1677 436
579 155
1008 415
1492 479
1198 357
884 19
1297 540
766 641
1020 559
306 1261
308 322
1370 153
630 634
1113 208
962 1386
1143 1005
710 530
307 526
1354 1450
1242 312
1093 1316
1319 39
311 210
992 1536
1662 762
1553 134
666 31
597 935
511 1159
756 191
823 572
341 1481
1257 1307
1162 254
1558 9
842 633
1656 846
740 283
1678 944
757 462
668 1385
879 1641
827 1663
1415 308
677 1052
1495 804
322 1096
880 422
868 994
1611 189
987 1628
1075 1460
469 1364
1388 1348
1568 20
540 1695
1062 1325
1186 1335
1059 135
1413 179
353 1387
1730 66
327 1766
555 955
687 1568
1154 815
462 1671
1763 650
1000 1394
330 694
333 951
1529 1728
1634 1033
956 1362
1693 1631
1422 1683
378 1193
422 1611
1409 431
1099 965
1021 1241
1398 1499
1617 120
1252 1043
698 93
616 505
686 1324
1564 1067
845 216
928 221
343 213
344 980
1338 756
1281 1473
1562 1010
413 1119
1602 1020
1633 1666
760 1759
1326 1507
348 282
498 1425
1119 982
351 1649
436 857
725 1483
1463 477
350 1025
354 1543
1712 603
1117 1417
356 898
965 750
1471 1262
357 1226
1012 719
1559 1084
470 853
733 1535
359 547
914 123
361 1745
530 1042
1126 1082
1483 169
1614 753
475 1525
1193 293
1385 1704
1597 668
1646 250
1536 1167
772 162
368 298
1265 1672
866 196
1679 1233
371 224
373 1681
1181 345
939 394
375 554
1648 56
1565 1576
1347 1726
618 840
1220 679
1658 946
1681 289
420 42
755 1145
1254 796
1328 402
1346 1776
849 971
1708 696
386 1503
959 919
1655 1103
1282 461
1779 74
818 1049
390 334
448 222
1030 744
798 109
1359 105
393 653
394 1715
635 620
575 895
557 1255
424 1328
1673 566
876 869
396 874
590 1669
1425 1678
398 663
576 770
446 1194
623 798
402 890
1312 1721
1308 683
777 546
765 684
915 1792
1632 1407
696 673
1503 60
1002 561
410 2
477 364
497 1148
411 563
1395 686
1378 170
414 223
415 266
417 1273
418 1479
1639 1439
682 172
1348 247
1307 1540
1467 116
815 147
439 1607
1356 419
1084 1632
1696 82
423 549
841 1058
1440 1707
1784 808
1455 1757
553 396
431 488
432 702
901 1163
609 882
1590 1768
1438 1183
1786 1651
494 727
1270 1478
874 78
711 76
1576 1305
1481 746
1230 288
1271 1731
769 400
546 1343
1642 1045
1293 1647
507 626
1089 1518
1420 206
542 1431
1389 1785
1428 812
607 1104
1750 456
722 57
1285 761
1400 463
1523 1705
1019 102
1541 959
1717 1311
1147 741
452 378
1600 748
1645 644
1107 1073
1743 519
1624 160
1605 1142
1654 195
1411 1037
1638 1203
1545 714
1417 956
1456 923
1599 1162
599 500
669 986
1396 894
1357 948
738 1416
1627 950
1774 701
467 1698
1301 810
569 1697
897 688
920 1495
1522 809
1516 1196
474 248
1532 621
476 988
1016 1492
478 1770
1077 618
1512 758
613 1191
482 465
484 1192
791 1138
1299 1584
1003 1738
1412 47
1182 426
491 122
492 742
908 706
1697 407
1092 985
535 687
803 71
645 1600
1339 450
957 1281
1250 257
595 1221
1278 1605
1758 1157
502 261
860 1047
1043 335
1552 339
1740 1137
890 1105
1017 1397
508 1570
509 918
1561 275
1255 18
949 390
510 1132
1365 194
1171 1685
514 85
517 460
515 454
948 1532
1363 401
1570 713
521 226
522 888
854 1372
1108 1283
684 788
1399 35
567 425
723 480
1115 1243
1686 1066
1122 1538
1172 1118
529 1216
822 587
1320 410
532 729
1657 306
865 896
931 446
764 1358
536 937
537 1019
1386 1323
1292 1428
1534 305
1683 468
657 342
1511 1336
1201 1482
573 909
570 832
729 781
1013 7
689 16
552 722
1374 249
574 190
774 1772
1070 1668
651 1786
558 272
807 1597
744 1665
1621 1520
564 1342
1051 1529
585 1559
1189 899
836 1218
1530 1124
1240 1550
577 1408
737 973
1567 619
578 1032
1573 186
1029 1089
1266 485
581 878
582 1213
1757 371
1058 557
1544 777
1416 1388
1001 1177
790 1489
592 1763
596 44
902 1578
1676 1513
601 246
1775 59
806 592
603 1215
598 84
801 612
1675 647
1040 925
1680 1530
614 473
1723 1346
1437 516
907 1247
1067 72
1596 1306
1336 1767
1582 1361
1465 844
626 1333
960 506
662 583
977 602
1482 1239
1022 954
805 136
679 1370
646 4
895 1463
748 1389
1128 574
1549 103
1187 1509
875 1667
661 993
1538 328
1435 1200
1598 227
1480 1062
680 183
1606 13
763 1456
1231 553
1450 259
688 1186
935 1390
1557 457
829 1116
1372 1712
701 1381
718 129
734 1498
1260 779
1707 1762
1569 434
1626 481
832 1586
1052 128
1778 1533
1060 239
721 1537
834 1108
1355 1497
1745 1703
891 127
1234 1095
892 992
1472 1015
1083 338
773 773
1405 1220
784 1341
1274 575
855 1462
912 1031
1507 1710
808 1692
1574 1187
811 1076
809 1506
1526 448
1245 1515
833 577
838 337
839 1117
1497 642
1469 1777
925 1296
1025 1674
958 318
870 86
1477 860
1434 615
1488 1403
969 1248
1342 867
1514 3
1531 976
1176 1734
1588 376
1322 1063
1375 1781
1175 884
1069 637
1087 344
1177 818
1042 797
1714 1432
1046 749
1352 491
1685 622
1071 1595
1251 1048
1759 1337
1433 1038
1244 958
1149 745
1289 949
1259 1164
1692 831
1222 1657
1739 429
1314 969
1720 1041
1403 1693
1699 1265
1537 470
1721 1638
