10957 11340
10705 9861
10973 9833
9856 9856
10691 10523
10182 11109
9805 11473
11409 9766
10170 10218
10726 10395
10152 9750
10352 11311
11224 10607
10733 10596
11297 10933
11070 10468
10632 10535
11098 9770
9888 10090
11407 10919
11260 10938
11434 10098
11375 10045
10966 10421
10428 10525
10868 10174
10960 9920
10480 10096
10783 10528
11083 11083
9770 11468
11171 10756
10424 10862
11194 10114
10000 11229
9733 9960
11516 10613
11501 11501
10352 9921
10099 10468
11046 10586
11191 11002
11355 11355
10839 9843
10423 11111
9816 10779
11533 11140
11107 10537
11280 10991
11516 11050
9832 10996
11280 10662
11438 10993
11045 10289
10710 10888
11165 10243
11257 11363
10938 10530
10499 11057
10585 10069
10352 11463
9839 10498
11386 10020
10939 10782
9860 10481
10127 10924
9811 10520
11478 10892
11062 10028
11471 11469
10632 11116
10092 10530
10693 10974
11368 10943
10509 10761
10352 9757
11281 11281
10938 10990
9930 9772
10728 10223
10256 10579
10839 11152
10317 11482
10066 10497
11323 9980
11197 11358
11486 10916
10956 9749
11046 10236
9957 11416
11473 11247
10181 9809
10998 11281
10285 10348
10902 10522
10452 10934
10884 11293
10008 10073
10150 11533
10150 9853
9819 10564
10909 10107
11140 10536
9894 11182
10704 11300
11435 11435
10830 10885
10406 11013
11278 10436
9986 11210
11006 11325
9972 11176
11280 10211
10632 10358
10519 10481
10616 11441
11386 10073
10619 10453
10428 9891
11191 10744
10540 10924
10150 10535
9738 11201
9717 9933
9837 9889
9849 10096
10347 11278
11333 9786
9757 11479
10674 10951
11466 10458
10373 10373
11069 11390
10127 10165
10632 10991
11038 9859
10267 11121
10292 10007
10094 10393
9770 9732
11130 10998
11051 10357
9722 10693
10257 9922
10424 10750
10618 11196
10720 9888
10915 10374
10185 10185
11107 10133
10903 11121
11133 9998
11130 10867
9919 10829
9858 11083
10408 11003
10705 11128
10009 10316
9888 10088
10447 11489
10732 10346
9730 10476
9819 11540
10705 10320
10029 9716
9733 11481
10601 10572
10467 9924
10394 9986
10398 9959
10705 10046
10461 11325
9849 9884
10330 11155
10697 11108
10785 10997
10674 10249
10810 11473
10099 11157
11324 9980
9930 10156
10000 9843
10369 9788
10282 11371
10632 11098
10632 10705
10778 9933
9933 11291
10432 10393
9733 9724
10575 10575
11499 11227
10418 11093
11386 9861
10075 11336
10993 10886
10627 10789
10855 9880
10531 10919
9832 10000
10814 11297
10830 10623
10077 10830
10823 9811
9962 11482
9945 10763
11375 10991
10438 11143
9924 11246
10697 10387
9778 10017
10966 10145
10672 9732
10623 10691
10997 10439
9757 11448
10394 10087
10783 10081
9770 10710
10830 10979
9770 11508
10026 10303
10966 10791
11121 11430
11333 9879
10658 9920
10026 11299
11050 9844
11448 10859
11452 10888
11133 10780
10672 10486
11446 10362
10705 11357
9933 10997
10077 10424
10077 9838
10394 10756
10061 10156
10419 10304
9917 11252
11257 11469
10705 11225
11032 10441
11407 10769
10079 11128
10993 9887
10300 11223
10499 10092
10555 10309
10121 11497
10993 9773
10317 10657
10616 10458
10343 11433
10338 9851
10613 9976
11355 10540
11452 10009
11170 11170
10943 10943
10448 11478
10717 10368
11490 9858
9930 10572
9998 11095
10123 9798
9829 10282
10070 11278
10417 10613
11157 9998
10646 9990
10618 10091
9729 11093
10394 10755
10884 10596
10972 11245
10199 10199
10325 9947
9770 9885
10710 11492
10182 9733
11299 10780
10706 10303
10536 10562
10884 10455
11521 10377
10317 10806
10747 11108
10394 10319
10778 11130
11070 9961
10031 10453
10557 11230
11299 10500
10747 10052
11324 10156
10799 9939
10451 10496
10070 10619
10301 11172
10566 9777
9730 10341
10732 10478
10747 10888
9738 10024
9738 10273
10767 10767
10347 9778
10293 10915
11214 11214
10502 9808
10391 11377
11417 11255
11447 10396
10768 9998
10574 11401
10674 10927
10114 10094
10389 9898
9746 11346
10358 9888
9933 10304
10733 10906
9874 10058
9933 10717
11031 10720
11130 11412
10788 10026
10919 10146
10369 10512
9852 10717
11121 10156
11356 10613
10127 11188
11197 10665
11161 11068
9918 10618
10892 10393
11478 11086
9849 9760
9770 10108
11325 9968
10054 10054
11350 11210
10705 11215
9770 10335
10632 11050
10705 10529
11478 10046
10352 10419
10665 10590
11046 9851
10452 10065
11515 10603
11403 10458
11183 10998
11440 10939
11449 10000
11469 11180
11031 10846
10557 11157
9811 10511
10303 11086
11275 10031
10405 11026
11440 11472
10665 10050
11067 11005
10924 11013
11133 10217
10998 10765
11481 10305
10512 10728
11366 10304
11438 10709
10394 9750
11500 10444
10997 9959
10582 10421
11375 10184
10632 11031
10991 9808
10468 11253
9984 11380
9888 11443
9785 10171
10014 11516
11098 10965
9828 10361
9853 10195
10552 10567
10031 10441
9907 9907
9746 11071
10150 10031
10982 10349
10444 10444
9839 11102
11325 9852
11452 10045
10999 10024
10791 10466
10317 10919
10182 10010
9849 10960
10376 10174
11407 9956
10077 10373
10780 10611
9839 10468
10252 10243
9907 10074
10991 10747
11227 10652
11390 11245
11114 11325
10666 10447
11530 10696
11127 9980
10993 9866
11054 10255
11430 11274
10966 11537
9830 10299
10875 10429
10006 10076
10087 10761
10616 10499
10599 10499
9729 11162
10111 10810
11461 10303
11369 10334
10978 10724
9930 11528
10747 11231
10880 10951
10705 11434
10806 9980
10423 9749
10669 10669
10863 11340
10672 9885
9998 10673
11438 9839
10780 10357
11070 10319
10740 10740
9851 10182
10194 11210
10502 9880
11301 10066
11340 11130
10646 10361
9961 10218
10389 11073
10833 10092
11113 11104
11340 10034
11375 9939
10632 11021
10133 10018
9830 9945
10317 10133
9785 10988
10087 10817
10833 10830
10804 10950
11299 9980
10672 10341
9770 10048
10268 9723
9885 11346
10674 10674
10317 11477
9770 11197
10820 10429
10266 10128
10150 10834
10720 11408
9972 11397
9962 10622
9729 10024
11499 10394
11275 11147
10919 11362
9750 11358
11225 10841
9742 9742
10672 10090
11280 11346
11194 9889
11086 10376
9905 11487
11275 10768
10102 9777
10391 10706
10394 11073
10034 9752
11196 10054
9897 10594
9862 10654
11190 10142
10273 10400
11086 10110
11375 9730
9897 10239
10100 10100
10747 10623
11108 11469
11333 11267
11440 10070
10530 10530
10518 11219
9770 9941
11388 10026
11086 11140
10993 10998
9733 9806
10665 10909
10598 11009
9996 10673
11482 9838
10317 10546
10114 11075
9980 10652
11377 11157
10058 10355
10855 11382
11375 9792
9832 10913
10423 10998
11463 11451
10241 10919
10317 9869
10532 11012
11086 10274
10640 10813
10966 10902
9744 10820
11124 9978
10048 10048
9738 10041
11452 10717
11375 10006
10351 9839
11330 9959
10908 10943
9895 10125
10654 10174
10966 10810
9998 10776
11430 11225
9930 10381
11299 11267
11446 9727
11113 9924
10051 10800
10449 10799
10732 11115
9828 10855
9890 9956
10499 10273
9858 10753
10317 11162
11452 9733
10330 10115
10032 9959
10850 10500
11245 10198
10400 11434
10099 10311
10734 10866
10324 10324
10948 10319
10304 11011
10197 9759
9874 10779
10352 10806
10482 11325
10902 11447
9944 11312
10613 10520
9819 10753
10500 11177
10114 11387
10276 10290
10482 10500
10417 11015
10360 11190
10250 10016
10480 10716
10856 9801
9829 11287
10632 9738
11403 9880
9998 11283
9729 11133
10467 10017
11400 11255
10733 9777
11463 10373
9976 10524
10625 10367
10582 10320
10288 10764
11054 11032
10480 11093
11227 11217
10170 9854
11438 10344
11113 10421
11433 10125
9986 9933
10732 10734
11045 10459
10017 10478
11293 9952
11070 10810
10006 11463
11499 10070
10608 10246
11121 10839
10328 11071
10150 11324
10182 11057
9738 11149
10760 10123
11230 10789
11157 9859
10598 9826
10142 11399
11452 11358
9927 10572
10076 10933
11215 9727
11446 10473
11375 9805
9723 10003
10998 11299
10672 10964
11176 10534
9738 10572
9972 10005
10452 9789
10378 10195
10256 11231
10419 10852
9830 10213
11375 10949
11121 9716
11410 9811
10391 10391
10203 10222
11061 10459
11438 10482
10006 10080
11460 10702
10531 9799
10552 10796
11410 11154
9819 10993
11121 10662
9859 10065
10137 10872
11320 10523
9746 9892
11061 10657
10606 9771
10541 11081
9930 10514
10747 11346
10956 10208
10135 11227
11499 10455
10289 10010
10263 10133
10468 10589
10732 10199
10468 10024
9729 10223
10757 10059
10077 10812
11285 11392
9885 10412
10711 11381
10423 10859
10144 10144
10476 9843
9717 9971
11104 9980
9738 10446
11516 11032
11478 10998
10843 11002
11055 11397
9880 11079
10768 9977
10826 10320
10916 10848
11430 10561
10181 10352
10050 10845
10705 10525
11520 9847
11513 11513
11165 10400
10351 11469
10400 11356
10346 10347
9717 11270
10699 9770
11446 11057
10728 10795
9990 11285
11122 11525
9975 10021
10993 11515
10371 10371
10034 10901
11385 10997
10426 10304
10385 10275
9828 10459
9738 9950
10034 9965
9945 10277
11375 10662
11457 11218
10555 9867
10884 10816
11375 10834
9966 9957
11424 10702
11029 10982
11366 11366
9860 10447
10564 9723
10077 10029
10394 9970
9945 9958
11210 11002
11446 10139
10847 9889
9770 11263
10034 10536
9973 9973
10343 9809
9746 10669
10417 10256
11107 9859
9881 10016
11532 11433
10847 10879
10184 10574
11163 10068
10117 11110
9753 10888
11035 9949
9730 11245
9819 11340
10006 11315
10480 11435
10047 9811
11113 11460
10781 11486
9811 10324
10300 10799
11266 10291
9888 10258
10957 10034
10014 10791
10598 11331
9818 10243
9887 10545
10317 10297
11115 11011
11029 11008
10531 10394
10618 9901
10693 10780
9744 10626
10272 9733
10079 11016
11446 10328
10426 11224
10191 11234
11173 10026
10806 10894
10863 11458
11140 10793
9717 11467
10850 9827
10991 10791
10252 10212
10352 9907
10156 10572
10282 10963
11516 10812
11104 10652
11054 11133
10417 10024
11133 11460
11165 11252
10536 9995
9832 10325
11532 11000
11089 10123
11408 11401
10672 11410
11032 10808
10241 11280
9982 11293
10473 10041
10500 10355
11388 11540
11173 11119
10341 11296
10159 10205
9727 10998
11118 10193
10150 10782
10924 10446
10861 9850
10833 11110
9746 9985
9746 10033
9829 10845
9851 10204
10014 11268
10778 10646
10734 11536
11226 11226
9828 10458
9832 10559
10160 10017
11448 9889
10344 11109
11054 10902
10728 10445
11163 10086
9945 10872
11061 11500
10519 10278
10700 10700
10026 11397
10806 11115
9884 10119
11533 9859
11457 11457
10394 9905
9770 10134
11190 10029
9881 9762
11333 10968
11006 10430
10572 11475
10733 11128
11375 10416
11452 11516
11107 10345
10978 10816
10619 11304
10416 11215
11171 10109
10672 11385
11147 11135
10598 10198
10014 10998
10077 11225
10956 10027
10701 10150
10204 10719
11440 10082
10394 10381
11324 10852
10099 10070
11465 10026
10512 10785
10747 10256
10701 10734
10508 10508
10201 10406
9730 10198
11227 10275
10461 11086
10543 11046
10732 10490
10499 11006
9824 10520
10797 9739
11535 9771
10819 10074
9840 10137
11070 10662
9961 9933
10758 10758
11422 9746
11438 10017
10536 10791
10045 10686
10728 11402
10213 10950
11330 10845
10815 9957
10451 10793
9746 10823
11440 10490
11515 10453
9992 10558
10165 11368
9949 10334
9841 10045
10287 10611
10236 10453
11386 10698
10778 9801
10394 9745
10502 11508
10394 10915
11257 10453
10964 10428
10285 11520
10266 10569
10884 10708
10536 10536
11129 10236
10529 10159
11286 11071
11478 10739
11325 10166
9983 10353
11317 9736
11225 10637
10461 11253
10881 9810
10394 11166
10620 11136
10850 10779
10008 10474
9839 10514
11350 9885
9885 11186
10612 9928
10705 10256
10317 10026
10225 10759
10783 10054
10309 10339
10674 10500
11221 11221
9717 10779
9959 10522
10127 11423
10344 10601
9920 11390
10616 11532
11375 11372
10394 10626
10788 9981
10032 10453
11054 11517
10839 10347
11375 10861
9849 9907
10785 10259
10773 10301
9781 11419
9717 11473
9838 10218
10747 10755
10127 10600
11375 11202
11059 11059
10850 10207
10181 10050
10555 10385
10397 10868
11006 10295
10839 10823
10182 10156
10703 11180
10820 11154
9729 10027
10863 9808
10319 9990
11407 10717
10087 11517
10394 10166
11386 9735
9977 10126
9796 10839
10632 10774
10785 10025
9992 10198
10648 9883
10050 10041
10394 10587
10763 9926
9919 10640
11057 10868
10369 10182
9746 10576
10670 9843
10135 11245
11121 11050
10050 10387
10998 10030
10872 11016
10466 10212
10336 10075
11107 11325
10182 10953
10705 10538
10734 9976
11182 10614
10608 9831
10034 11356
10338 10802
10273 10406
11482 9888
10387 11276
10014 10826
10304 9959
9770 10387
10657 10319
9828 10239
11275 11032
10152 9931
11161 10885
11086 11130
10531 9880
10532 11367
9907 10041
10125 10125
10512 11489
11202 9861
11373 10453
10031 10743
10045 11245
10321 11070
10821 10075
9828 9920
10512 11215
9830 10671
11330 9976
10620 10427
11358 10881
9721 10938
11377 10785
11378 10035
10467 10667
11299 10694
11222 11333
10723 10033
11396 10658
10480 9854
9860 11489
10458 11293
11350 9933
10512 11146
10665 10888
10182 10474
11499 11269
10674 10567
10139 9767
10277 10277
10590 10219
11512 11286
10447 10481
9733 11013
9750 10021
10693 11117
11373 11325
10691 9811
10394 10240
10351 10282
9852 9852
10332 11403
10601 10324
11182 10949
10163 10474
11363 11363
10263 11050
10705 10693
10309 9802
10276 10258
11187 10403
10258 11115
11133 10027
10184 10288
11377 10352
10691 11187
10823 11504
10448 10448
9746 9792
11275 10068
10884 10052
11210 10600
10304 11287
10378 11060
10079 11473
10717 11092
11097 10003
10991 10305
10282 9739
10557 10864
11155 10446
9959 10668
10467 10197
11187 10108
11224 11536
10672 9939
11446 11288
10601 10473
10039 9796
10598 10774
10557 10936
10150 10252
10763 10763
11054 10728
11299 10415
9832 11460
10397 10116
11446 10238
11441 11176
10699 10236
10338 9990
9907 10888
10991 10119
10821 9854
11280 11130
10590 10795
11377 9996
11257 9940
11034 11325
9980 9980
10993 9864
11378 9829
10834 10286
10970 10970
10352 11401
10590 10000
10338 11121
10328 11299
11190 10947
10364 11239
10499 10829
10879 9836
9759 11134
10902 11423
11216 9957
10062 10062
10531 10995
10317 9773
10622 11011
10699 11068
10705 10929
11446 11214
11408 10453
10332 11086
11375 10547
11280 11200
10217 10183
10686 9954
10646 9821
10908 10021
11086 11177
11377 10821
9933 11448
11524 9945
11443 10776
11252 11372
10861 10705
10982 10398
11031 10146
9738 11299
9956 11331
10061 10268
10512 10322
11461 10252
10266 10266
10077 10156
11344 9801
10531 11280
11107 10606
10672 9924
11129 11129
9819 9927
11440 10095
10195 10372
10590 10872
11446 9992
10827 10924
9717 10159
11239 11239
10629 10830
11440 10311
10499 9928
11465 11508
9839 10429
9945 11529
9770 10805
10955 10269
10309 10572
9729 10418
11469 10981
10426 10946
10480 10137
10993 10496
11410 10779
11516 10352
10839 11463
10033 9856
10728 10446
10500 10637
10705 10261
11280 9739
10182 10806
10467 10195
9770 9961
11446 10258
10903 10063
10672 10468
11253 10048
11446 10702
11299 10407
9961 10998
10317 11260
10113 10134
10406 10406
10394 11187
11452 10691
9738 9763
10184 9907
11173 11446
9746 9867
9729 9984
10347 10843
11440 11283
9818 10742
9888 10185
10351 11485
11499 11275
11278 9973
11330 11003
11046 9730
10850 10596
11515 10160
11050 11311
9779 10075
11438 10357
11463 10886
10432 9808
10939 10792
10394 11395
10061 10812
10603 11072
10468 11115
10861 9849
11046 10919
10823 10421
11460 10421
10452 9865
10616 11227
10853 11480
10725 10171
11484 11469
10480 9923
10444 11018
11458 10868
11441 11441
10697 9961
11230 10072
11210 9804
10430 10330
11294 11294
10127 10552
10352 10160
11446 10665
9770 9867
10531 11466
10632 10957
11365 11473
9843 10208
10107 9998
11440 11278
9832 10490
10868 10830
10114 10474
11452 10355
11069 11182
10512 10468
11446 10164
10785 9875
11009 11440
9796 11388
10427 11261
10394 9995
9743 9743
10632 10901
11187 10826
11061 10421
10050 11443
10393 11005
10705 11484
10753 11376
10246 10027
10094 10791
10697 11359
9944 10321
10705 10118
10660 10660
10304 10655
10267 11087
11463 10649
10806 10784
9746 10825
9778 10522
9819 9733
9738 9811
10955 11180
10050 10087
10344 11379
11365 10352
10449 10612
11275 9859
10400 10522
10079 11482
10099 10977
11202 10032
10665 10536
11440 10544
10182 11083
10304 10761
10859 11330
10344 10640
9770 10087
10343 10236
11477 10469
11323 9759
9906 11482
10142 11334
10998 9820
11029 10108
10785 10075
11086 11057
10082 11390
10665 9930
10000 11081
10672 10094
11165 10710
11366 10363
11438 9828
11073 9934
10480 9950
10410 9853
11532 11128
10459 10065
10099 11278
11260 11385
10733 11359
10555 10973
11236 9801
10182 10075
10920 10817
10468 9771
10317 10397
11194 11195
10132 10669
10361 11383
11299 11416
11129 11096
10646 10790
11446 10344
10150 11386
10319 11202
10261 10299
10075 10207
9818 9958
11086 11325
10156 9976
10863 10943
10859 10353
9716 10829
11438 10864
9938 11259
11338 9964
10170 10993
10150 10693
10330 10458
10077 11032
11446 10348
9986 10292
11446 9828
10619 11510
9975 10050
11340 10774
9954 10984
10505 10174
10416 10783
10901 10670
10528 9875
11210 9874
10369 10278
11272 11272
10417 11427
10285 10412
10654 9981
11176 10282
11225 10319
10382 10888
9717 10663
10468 9901
11430 10352
11061 9824
10075 10053
11210 10384
10665 10856
10658 11433
11163 11458
10700 11275
11161 10492
11058 10324
10674 10827
9839 10944
11499 9867
10087 10990
10993 10993
10837 10837
9888 11287
10317 10336
10381 10754
10480 10885
11280 10768
10613 11337
9717 11203
10373 10658
11202 10355
10317 9717
11157 10613
11071 10976
10271 10873
9962 10939
9757 11271
10201 10586
9782 11246
10114 10965
10468 10806
10605 10429
10320 10433
10620 11154
11448 10134
9733 9733
10038 10575
10060 10474
11438 10823
10480 10732
10321 9975
9771 11227
10150 10417
10365 10344
9891 11507
10055 11192
11448 9998
10935 10984
10935 10054
9716 11451
10850 10260
11121 10644
9986 10987
11401 10030
10693 9907
9733 10753
11299 10540
11440 11493
10361 10205
11120 10601
11115 10702
11452 10891
11143 10453
10141 11187
10492 10451
9851 10919
10704 10453
10181 9716
10822 9959
10408 10661
11046 10438
11325 9871
10079 11353
10753 11450
10075 11426
10552 10817
10704 10933
10853 10183
10205 10205
10529 10352
9771 10944
10379 10967
10499 10885
11142 10471
10701 10197
9738 10113
9770 11129
10579 10771
10608 9936
11386 10776
10201 10341
10868 10485
11260 11463
11286 11087
11029 10460
10263 9863
9785 10250
9777 10165
11246 11036
10217 10198
9809 10370
9770 9922
9949 10149
10319 11143
10950 10496
10500 10890
10411 10325
10863 10192
10285 10618
9819 11478
10528 10482
11473 10090
10512 10872
11046 9885
10545 9771
11477 11333
10096 10123
10346 11311
10901 10304
10303 10204
10317 10998
10480 10054
10114 10404
10751 10250
10327 9950
10312 11036
10276 11103
11499 10721
10823 10946
10411 10557
10693 11434
10317 9863
9996 9778
10785 11525
10907 10891
11218 10581
11380 10866
10785 10785
11477 10536
10367 10713
10966 9945
10823 10972
10114 11253
11346 10072
10779 10134
9819 9907
11031 11116
11059 10158
10000 9772
11314 10998
11032 10882
9849 10752
10430 10834
11202 9740
11191 10028
10189 11311
10408 11118
11325 11457
10394 11327
10045 9961
9869 9780
11530 10705
10170 11525
9931 9931
9976 10761
10369 9997
11038 9949
9918 11305
9779 11086
11499 10016
10705 11202
9919 10746
11190 10875
10782 10583
10423 9740
10352 10032
10734 11500
10480 10939
10823 10009
10006 10499
11092 11259
10077 10134
11121 9861
9809 9801
10077 10346
9738 10774
11031 9809
10289 10161
9874 10021
10699 10970
11046 10823
10512 10032
10982 11326
10697 10236
10785 10285
10170 11285
10027 10976
10601 10282
10772 10199
10978 10977
10608 9718
11482 11430
11050 9884
10158 10225
10034 10218
11182 11182
10172 10282
9888 10795
10594 9814
11375 11386
11458 10590
9995 10694
10468 10164
10672 9746
9858 10970
10540 11110
11446 9810
10050 10801
10286 11467
10694 10492
10052 10052
10677 11265
10406 9802
10194 10792
9729 10591
10666 9770
11446 10606
10793 10793
10394 10452
10050 9828
10705 11514
10480 11532
11532 9920
9887 10892
11410 10691
11532 10066
10888 10971
11512 11121
10352 10304
10057 11337
10699 10146
11166 11113
10665 10525
11448 11306
10309 10309
10733 10527
10077 9950
10880 11175
11317 10029
10228 10228
11516 9730
10939 9785
9945 11033
10733 9757
10932 11273
9773 10095
11054 10088
10598 11058
11265 9846
10382 10347
11401 11401
9770 10308
9986 10763
11438 10077
10027 10890
10394 10307
10622 10885
10172 10280
10823 11447
10780 10813
10050 10050
10079 9727
10512 10181
9983 11372
9863 11241
10127 10797
9863 11299
11386 11146
10499 9925
11403 10361
10561 10924
10598 10939
11325 10084
9750 9990
10939 9809
10432 11215
10885 11264
11452 10306
10461 10219
11466 11311
10788 10094
9897 10727
10480 11053
9738 10298
11038 11408
11324 10415
10480 10626
11184 10998
9859 10667
10646 10166
10164 10613
9832 11113
10906 10762
10361 10436
10221 11379
10750 9851
10998 10009
10850 10932
10999 11466
11301 10823
10598 11471
11532 10618
11485 9991
10285 11487
10489 10489
10114 10780
10701 10009
11439 10702
10829 10886
10561 10710
11536 10225
11502 10433
11107 11140
10029 11241
10850 11203
10723 10330
11107 10900
9920 10472
11057 11385
11190 11215
10511 10670
11175 10871
11286 10482
10182 9782
11050 10817
9730 10619
10480 10328
10430 11485
9853 10096
10806 10808
10065 11137
10516 10029
9933 11001
11452 11057
11301 11187
10201 9733
9994 10944
10618 9921
11059 9746
10982 11288
11280 10886
9945 11210
10252 9774
9915 9915
11054 9951
10099 11027
11115 11132
10410 11300
10646 9933
10632 10954
9733 10634
10586 11327
9828 10934
11408 11408
11210 11457
10809 10761
10194 11299
10938 11463
10998 10227
10034 11358
10075 10018
11463 10199
10394 10689
10156 10722
10780 10160
10170 10114
11389 11224
9996 10377
11146 9772
11184 9738
10346 11246
11446 10269
10970 10542
10500 10500
9729 10405
9934 10587
9975 9975
10839 10820
11438 11146
10382 10710
10319 9821
11452 10920
10780 9749
11187 10652
10094 11464
10823 10684
10711 10971
9738 11203
11165 9850
9733 10282
10623 9829
10632 11303
10815 10060
11452 10913
10116 9931
10065 10000
9851 10024
11446 10939
11324 10492
10212 10212
10480 10833
11365 10725
11380 10881
10241 11046
10778 9919
11463 10866
10344 10502
9753 10885
10632 9840
10378 11418
11440 11323
10046 9958
11366 10236
10073 10710
10596 10880
10408 9745
10613 10422
10499 10357
11378 10795
10352 10810
10342 10304
9907 11433
10999 10499
10747 11102
10620 10245
10467 10705
10201 11443
10467 10785
11438 10867
11497 9957
10355 9743
10863 10734
10317 10608
9839 9805
10194 10782
10133 11330
10531 11402
10417 9874
11295 10038
10453 9928
11446 10780
10045 10412
10194 10045
10998 10637
10601 11523
10555 10948
11133 11515
10531 11522
10438 10364
11121 10124
11032 10192
11491 11070
10256 10612
11113 10693
11532 11532
9976 10515
10924 11494
10181 11087
9885 9990
10950 9877
11499 10471
10137 10455
10338 9945
10626 11117
11280 11536
11438 10903
10320 10217
10081 10304
11197 9862
10417 10663
10077 11360
9948 10780
10201 10953
10536 10780
11175 9802
10998 10702
10512 9891
11386 10382
11537 9959
11055 11055
10512 11391
10017 10560
10394 10891
9777 9994
11222 10848
11365 10376
9990 11513
10087 9889
10853 10442
10903 9781
11038 10019
11358 10917
11225 10373
10757 10018
11222 10606
10195 10195
11119 9770
10083 10319
9746 9749
9884 11169
10123 10122
10352 10558
11314 10656
10594 9918
11070 11225
11323 10540
11365 10658
10317 10352
10599 10739
11184 10536
9891 10841
11280 10693
11274 11274
10127 10480
10029 9746
10008 10779
10170 11130
10070 10466
11390 9959
10555 10721
9828 10571
10632 11458
10527 9990
9825 11311
9888 10277
10576 10576
10355 9978
10382 9954
9816 10192
10029 9888
10837 10009
10829 11071
10632 9717
10461 10512
10883 10883
9729 9730
10343 10408
10150 10717
11446 11117
11369 11332
10045 9928
10304 10845
10882 10559
10156 9995
10711 10888
10737 11108
9826 10559
11275 10681
9948 10991
10267 10528
10480 10270
10566 10388
9827 10072
11396 11344
10788 10743
10512 9885
10705 9846
11181 11181
10833 9870
11325 11485
10823 10114
11202 10269
11194 11382
9796 10094
11197 10934
10588 11336
10612 10553
11527 11527
10734 9843
10449 10449
10014 9921
11057 10990
10623 11020
10468 10197
10201 10523
10536 10399
9785 10763
11324 10734
10882 10222
9976 10651
11352 11352
10978 11392
11190 10512
10344 9727
11429 11429
9751 9725
9731 10071
9885 10862
9945 11396
10428 11299
9717 9853
10566 10902
10423 10156
11469 10745
10778 10318
10693 11210
11309 11340
10812 11311
10303 10352
11407 10528
10468 11335
10480 9995
10276 10807
9738 11515
10531 10785
10182 10286
10991 9825
10480 11299
10632 10086
10514 10553
10669 11158
10946 9784
10086 11194
9790 9824
11113 10996
10705 10490
10646 10090
10701 11324
10850 11358
10701 10302
11032 10789
10747 10715
10150 10512
9990 10573
11478 10338
10292 10916
10184 10331
11059 9872
10170 10255
11515 10915
10733 10179
10256 10366
9738 10821
10014 11463
11006 10045
10512 10114
10382 10711
11388 10303
10389 10614
10747 10998
10923 11078
10704 10165
11410 11468
9746 10382
10717 10302
10150 11019
10665 9888
9773 11463
10338 10434
10512 11264
11060 11149
11446 10505
10499 10056
10750 10041
10601 10920
11532 10091
10701 10113
10839 10483
9770 10214
11512 10786
10539 11508
9862 11203
11458 11538
11505 10542
10150 11245
11446 9867
9832 11403
10075 10123
10468 11245
10564 11504
9738 11477
10939 10994
11046 11284
10391 11126
10939 10720
10127 10607
10594 10198
11446 9996
10842 10160
11036 10334
9757 9772
10114 10103
10557 10134
11070 10084
10863 11007
11449 9923
10601 10937
10900 11137
11325 9976
10632 10194
10343 11358
10480 9863
9839 10163
10428 10252
10160 11016
10672 10127
10303 10094
10079 11469
10133 9979
9717 10126
10772 10772
10570 10570
10998 10536
11440 10734
9928 9928
11521 11167
10594 10156
10590 10005
11086 11515
11358 11531
10950 10793
11260 10355
10135 11500
11275 10201
10132 9717
10480 11346
10822 10032
10170 10821
10394 10558
10280 10579
9887 10036
10998 11035
10480 11154
10480 10823
10966 10256
10727 10887
9920 10795
10006 10083
11206 9871
10122 10122
10394 10256
11176 9856
10909 10726
10152 11207
11386 10767
9890 10773
10734 10088
11325 10717
10111 10111
10045 10693
11049 10387
11333 10949
11321 10900
10369 11508
11108 11108
10282 10888
11335 10100
10000 10000
11446 10795
11061 11102
10672 11407
10640 9745
9840 10853
10006 9945
11210 10139
10380 10380
11466 11140
11310 10321
11288 10453
10998 10540
10214 10932
10701 10843
10613 11047
10523 10900
11046 10691
10317 9972
11387 10247
10699 9837
11280 10901
10991 10821
10480 10480
9819 10536
11107 11434
11280 10554
10480 10461
10499 10135
10705 11515
10033 10459
9746 10511
10991 11201
10361 11127
10033 10087
10997 10849
10170 11386
10050 11088
10705 11148
10939 11278
9717 10256
10160 11177
10705 10268
10453 11337
9918 9820
10733 9774
11441 10704
11355 10539
11035 10691
10263 11034
10531 10024
10394 11500
10640 11233
9961 11325
10009 11500
11286 10029
9907 10070
11366 11434
11110 10334
11161 11473
9907 10261
11029 10728
11130 11363
11120 10570
10267 11226
11070 10829
9730 10114
10317 10319
10646 11311
10333 9798
10394 10064
10555 10571
10394 10475
10879 10180
10141 10022
10598 10152
11499 9863
9717 9761
10312 11122
10598 10174
11378 10389
10536 10731
9869 10289
11407 10971
10150 10428
10286 10286
10598 10468
11194 11088
11375 11317
9785 9926
10330 10434
11086 10653
10181 10047
10847 10887
10863 9761
10555 10512
11035 10924
10344 11093
10256 10403
9998 10792
11477 10834
10672 10059
9899 10140
10236 10221
10285 9811
10036 10036
10448 11121
10825 10734
11120 11392
11210 11223
11286 11392
10993 11482
9821 11177
9863 9933
10004 11473
9738 11211
11140 10791
11165 11088
11210 10199
10224 9791
11061 11061
11484 10320
10564 9746
10279 9834
10060 10207
10785 10453
10394 9725
11369 10488
10344 10213
11471 10441
10409 10555
10394 10088
10360 9727
10099 9888
9943 10725
10303 9732
10303 10103
10620 10308
10565 10565
11386 10613
10616 10913
11522 11327
10116 10376
11491 10861
11165 10831
10256 9980
10566 10566
11346 10046
9738 10920
11366 10737
9930 9950
9990 10453
10965 11503
10704 11371
11352 11164
11176 11176
11461 9851
10133 10133
10531 10532
11097 10373
10459 10032
11187 10320
9863 10885
11516 9949
10774 10087
11129 10630
10820 11141
10564 10468
11084 11084
10127 11506
11366 10536
11176 11154
11120 11035
10939 10094
10344 11133
10116 9923
9972 10377
9770 10113
10732 10319
9959 10042
10829 10862
11280 10050
10163 9757
10317 11253
9811 10280
10674 10721
10229 10229
9717 11432
10142 11507
11070 11350
9907 11016
10217 10162
10964 10652
10344 9809
9746 10422
10725 11226
10705 10996
10069 10199
10135 9920
11136 10735
10693 11299
9816 9816
9738 10742
10008 11477
11499 9729
10809 10076
11235 10605
11365 10528
10246 10205
9811 10721
10531 9920
10205 10366
10734 10292
9770 10393
9986 10802
10008 10596
10837 10316
10424 9829
10920 11083
11446 11350
10050 10795
9738 10061
10417 10611
10246 10246
9972 10394
9746 9974
10468 10852
10747 9824
11482 10393
11390 10183
10558 10560
11410 10720
10070 9980
10704 10582
11140 10855
10197 10505
11061 10228
10966 10536
11050 11157
10411 11274
11286 9770
11482 10567
11187 10110
10531 10454
10270 10813
10286 9718
10023 10998
9785 9915
11369 11494
10468 11214
10000 10804
10908 11467
10382 11372
9885 11127
11499 11050
10031 9891
9738 10586
9751 10613
9770 11013
10701 11045
11227 10198
10363 11079
11365 9722
9809 11246
11377 10468
10107 10044
9838 10205
11057 11048
10901 10324
9888 9888
11407 10515
10839 9933
11430 10469
9789 10447
11150 11115
10506 10506
10779 10779
11217 11423
11350 11324
10785 10998
10935 10165
10885 10304
10973 11084
10034 10943
10438 10734
10705 10877
10142 10033
9946 10929
9771 10853
10184 10353
10086 10885
11463 11319
10184 10791
11478 10646
10648 10236
9919 9919
11050 10810
11029 10717
10052 11537
9819 10278
10839 11299
11035 11515
9962 10250
11407 10795
10152 10152
10081 11325
10222 10522
9890 10382
11029 10185
10317 10201
10892 10255
10428 10050
10021 11278
10499 10160
11524 9975
10105 10950
9972 10459
10544 10252
10500 10374
11392 11241
10603 10603
9942 11357
10836 11443
10536 10355
10468 10458
11029 9859
11196 10784
10273 11189
9770 10441
11191 10374
10892 10829
10424 10024
9945 10997
11061 10579
10332 10428
11299 11278
10720 10605
10512 9959
11446 10640
10728 11263
10635 10222
9738 11504
9994 10813
11458 11386
10993 11225
11102 11297
9717 10537
11006 10734
11446 11478
11133 10622
10241 10557
11375 11394
10622 10622
10108 10108
10531 10546
9961 10619
10172 10082
10369 10064
11009 11239
10982 10776
10739 11473
9839 10246
10319 11435
11278 10943
10045 11203
9839 10606
10027 10393
9873 10734
11107 11159
10677 9762
10387 10337
11537 10929
10632 10369
9816 10500
11246 10589
11533 9930
10991 10540
10540 11494
10266 10578
10267 10725
10613 11231
9828 11404
11446 10649
9933 10160
10500 9950
10030 10481
11208 10905
10699 10453
11121 10733
11142 9907
11447 10186
11187 10490
9873 10459
10309 9907
11008 11086
11438 11451
11446 10393
11300 10300
9983 10710
10608 10045
11499 11372
11317 11475
10317 11470
11500 10270
10317 10699
11512 11482
11050 10339
9716 10114
11473 11002
10394 11414
9729 11260
10267 10341
10116 10211
9907 9990
10034 9862
10594 9907
11446 9832
11469 11217
11366 11121
11401 9939
9770 10199
9789 10481
11029 11157
11054 10531
11299 9880
11438 9980
9796 10778
11533 10710
11533 10665
10352 10966
9770 10282
10156 10268
9850 10380
10674 10669
10705 10767
10884 11050
10461 10702
10211 10211
11146 10841
9837 10721
10352 10694
10394 10412
10635 10844
11375 10014
11038 10919
11029 10616
10626 10469
10601 10915
11446 11115
9832 11188
10394 11200
10338 10373
11461 11461
10267 9811
11086 11165
11452 11385
10317 10052
9732 10973
11460 10323
10026 10094
11197 10110
11049 10134
9830 10352
10806 10377
11086 9980
9990 11127
11129 11522
10672 10582
10761 11174
9717 10260
10654 9934
10598 10780
10672 10988
10332 9933
10189 11443
10417 10734
11499 10045
11324 11005
11325 10205
11121 10991
10990 10990
10919 9907
11355 11504
10236 10455
10583 9865
10394 11322
11377 9815
10806 10998
11061 10229
10150 10099
10081 10731
11389 10859
11157 11088
11143 11115
11280 10032
11452 9769
11046 9732
11163 10295
10557 11385
9746 10318
10114 10920
11161 10177
10459 10931
11163 11311
11477 10717
11452 10113
9770 9856
10426 9959
11009 10727
10468 10887
10349 10156
11365 11120
10634 10500
10853 9843
10629 10092
10111 9865
10303 9825
10197 10475
9746 11220
10913 10745
10999 11351
9729 9729
11365 11121
11452 11505
10403 11073
11535 10812
10468 10592
10353 9973
10666 11346
10181 10998
10417 10728
10117 11013
11096 10728
11184 11210
9792 11427
10410 11075
10920 10459
9950 10886
11245 10108
11070 9924
10150 10691
10231 10422
11446 10589
10557 10059
10982 11255
10826 10800
9932 10444
11050 10747
9837 9738
11366 9839
11008 9933
11113 11011
10965 10600
11507 11058
9777 9810
10333 11109
11452 10002
10480 10705
11025 11243
10317 10920
11446 10065
11377 11501
9945 11448
11438 9953
9888 11473
10160 11507
10901 10928
9839 9994
9972 10437
10392 9994
9962 10964
10728 10441
10514 10890
10035 11469
11403 10734
10394 10108
10747 9846
11484 11025
10789 9843
9975 10123
10785 9809
10616 10996
10778 11464
9828 11346
11119 10977
10938 10898
9919 10920
9844 10406
9770 11252
9770 11399
10282 11187
10557 10090
10339 10041
11452 10182
11301 10745
11372 11048
10705 10823
9972 9932
9771 9774
10728 9785
10601 10388
10099 10525
11499 11499
10705 10868
9839 10376
11386 10160
11260 11057
11452 10450
10181 10373
10060 11449
11375 9977
10150 10047
10344 11485
10205 11427
9770 10304
10780 10094
10901 10350
10699 11073
10795 10304
9976 9759
11070 9809
10079 11143
11403 10585
10881 9797
11195 11382
11365 9716
10977 11537
11184 11230
10512 11492
10355 10404
11227 10205
9792 10433
9888 10103
11029 9972
10034 10767
11204 10891
9717 10943
10790 10983
11325 10911
11050 10563
11407 11463
10853 10927
11119 11392
11161 10694
11029 9751
10666 10705
11140 10882
11446 11113
9805 10057
11224 10280
10836 10836
9930 10300
9771 10199
9746 10207
10303 10107
10282 10134
10216 10554
10982 10468
10686 10928
10691 11246
10355 9922
10708 10669
10107 10377
11463 9933
10480 10394
10850 9789
11086 9775
10734 10021
11372 10018
10774 10182
9746 10500
10018 10547
11438 11463
9972 10082
11253 9950
10823 11299
10317 9984
9717 10474
10024 9809
9919 11460
10991 11050
10704 10126
9849 10693
10332 11138
9816 10785
10236 11239
10993 11050
11422 10833
11121 10482
10017 10207
10450 10156
10150 9750
9770 10298
11379 9946
9733 9870
10618 10421
10672 9829
11163 10884
10608 9920
9721 10830
11463 11146
11121 11121
9721 11393
9890 10420
10410 10136
9888 10523
10594 10029
10492 10492
10045 11187
10041 11464
9770 10156
10452 11051
10426 11115
10962 10280
10461 9838
10885 11138
10705 10160
10026 10977
10705 10287
10781 10916
10785 10023
10618 10941
10705 10536
9933 9989
10750 10973
10069 11246
10428 11284
10785 10428
11280 10449
11330 10174
10113 10094
11197 9721
11046 11122
11029 10558
10029 10264
9873 11449
10338 10522
9849 10156
9738 10282
10156 11473
10304 10455
9796 10965
10704 11245
11461 10094
10747 10721
10598 10099
10598 10559
11408 10645
10449 11359
10531 9730
10598 11264
9816 10167
10785 9880
10241 10792
10780 9878
11130 10395
10034 10050
11054 11113
10093 11382
10050 9787
10704 10849
11482 11274
10598 9832
9869 10060
10014 10704
10598 10885
11421 11012
11035 11343
11121 11451
11463 10849
11452 10559
9770 9907
11446 10797
11317 10997
10352 10003
11516 9732
10875 9905
11051 11536
10410 10045
10665 11463
10480 10456
10081 10924
10747 10641
10594 10476
10141 10966
10632 10778
10467 10813
9906 9746
9862 10908
10908 10908
10760 9950
10319 11214
9717 9869
10252 10520
10557 10829
11299 9912
9944 10967
10672 10997
11115 11523
11300 10453
10355 10355
11121 10752
9771 9990
10998 10919
10747 11061
11533 10281
11163 10570
11237 10070
11446 10432
10334 10149
9832 11150
10006 10997
11133 10392
11386 10943
10344 11226
9729 9887
10338 11436
10516 9891
9866 10877
11463 11079
10378 11504
9924 10658
10665 10251
10557 10704
10343 9961
11465 11121
10480 11128
10778 11210
10468 11104
11377 11407
10050 11518
10440 10024
10317 10538
10839 11510
10402 11268
9907 9920
11440 11335
10317 10164
11129 10479
10734 10851
11322 10240
9771 10762
10295 11418
11482 10075
11281 10431
10182 9829
11378 11073
10909 10393
10181 11463
10452 10357
10697 9919
9984 10471
11469 10190
10197 10243
10704 10913
10417 9716
10705 10147
11222 11072
10705 10772
10184 10861
9819 11050
9736 9804
11029 11522
9771 10236
10083 10763
10674 9838
9976 10550
11440 11432
10704 10799
11407 10796
10420 11415
10552 11324
10922 10922
9868 10248
10672 11227
10026 10424
11447 11192
11171 11450
9808 10763
10623 10059
10352 10693
10531 10266
10093 10652
10557 9832
11140 10852
11280 9971
11222 10529
10608 10174
10138 11263
11485 10472
11407 11225
10448 11230
10598 10733
11206 10403
10806 11202
11515 9959
9945 11279
10802 10377
11061 10511
11430 9876
11187 11403
9963 10142
10172 9782
10751 10705
10601 10311
9963 10484
10634 10282
10960 10613
10341 10559
11006 11134
10328 10301
10872 10958
10434 11005
10045 11378
10672 11515
10726 9788
11461 11279
10850 11015
10674 10720
10997 11146
11260 10441
11054 10994
11127 10374
11388 10750
9732 11467
11482 11247
10734 10637
9984 11523
11222 11154
10790 11354
9738 9859
10236 10681
10732 11037
9717 9874
10648 10160
11099 11171
10991 10646
11207 10151
10620 10619
11046 10114
10697 11325
10132 10654
11059 10526
9738 9732
9943 10142
10343 10057
11237 10686
11446 11150
11059 10527
10947 11226
11345 10967
10349 10619
10499 11084
10235 10235
9819 11504
10170 11452
10075 11022
10672 11160
11190 9943
11465 10500
10785 9859
9771 11293
9717 10207
11317 10282
11280 11516
11130 9801
10704 11166
11130 10662
9887 10757
9760 9760
10530 11136
10006 10768
11252 11252
11438 10711
10319 11523
10982 11301
9980 10553
10998 11187
11086 10305
11440 11307
9730 10962
10246 10304
10812 10829
10702 11363
11054 10544
11029 10045
10957 11316
10732 9976
11324 9853
10428 9907
9863 10264
10081 10482
10734 10265
10141 10167
11086 10500
9939 11315
9880 9992
11358 9804
11375 10965
10480 10205
10170 11394
10135 11061
10990 10773
10955 10703
11050 11001
10613 10399
10691 10078
10598 9853
9770 11533
10536 9973
11035 11058
10142 10549
11210 10639
11142 10842
10182 11200
11471 11042
10339 10589
10665 11177
10108 11282
10197 11159
10954 9885
11438 10428
10635 10465
9926 9968
10495 10878
11440 10212
10953 11338
10568 10970
11103 11520
10788 10485
10023 11443
10467 9795
9750 10538
10457 10306
10317 11499
11375 10448
10561 10018
10561 11435
11274 10696
9933 10205
11187 10686
9887 10661
10598 11289
11380 11224
10705 9992
11452 9907
10163 10734
11086 10641
11516 10282
11446 11223
11501 11178
9723 10062
9738 10075
10467 10524
10895 10895
10127 9976
11245 10607
10785 10353
10669 10205
10884 11466
10966 9824
9927 10719
10416 10947
11280 10400
11223 10186
9839 10457
10285 10920
11440 9920
10555 10533
10241 11461
10598 11129
10099 10737
11032 11238
10704 11372
10114 10093
11051 10859
10480 10814
10017 10854
10538 11231
10598 10512
10427 11048
10573 10652
11299 11518
9746 11139
10426 9947
11323 10036
10732 10384
10785 9981
10328 10998
10410 11325
10850 10734
11515 10256
10582 10091
11280 9945
10079 10601
9930 10536
10935 11159
10250 9951
11515 11299
11440 11187
9830 11463
10885 10772
11008 10734
9946 10926
9851 10743
11469 11104
11461 10909
10428 10966
10731 11330
10852 10186
10152 10619
10720 11038
10528 11215
10938 10757
11121 11533
10761 9941
10410 10522
10598 9771
9842 10733
10097 11075
11114 10288
10770 10683
9865 9804
10674 11088
10480 10466
10317 10047
11126 11424
10705 10735
10952 10087
11227 11403
11218 10015
11280 10181
10050 9874
11045 10720
11478 10339
10806 10065
9811 11058
10531 10114
10424 9773
11324 10160
11452 10563
11438 10739
11446 10529
11440 10956
10138 10817
10626 11009
11235 10524
11166 11425
11280 11169
11378 10723
10070 9981
10556 9893
10352 10619
10825 9828
9976 10488
10214 11333
11070 10001
11190 10528
11452 9829
10750 10410
11478 9849
11350 11373
10966 9980
10545 10115
9777 10809
10903 11236
11446 10559
11086 11260
10317 10544
11114 10304
11317 10839
9839 10436
10079 10906
10351 11176
9919 10936
11535 10214
9770 10334
10226 10885
10133 9923
9717 10058
11138 10522
11446 10045
11142 10033
9771 10069
10512 10142
11087 9727
11375 10778
10601 10764
10150 10045
10820 10392
11446 10352
11532 10649
10164 10256
10701 10693
10026 10979
10256 11506
10993 11151
10626 10009
10982 10066
10448 10082
9785 10206
10499 9990
10672 11311
9944 10349
9839 10975
10557 10843
10739 9829
10704 11143
10717 10488
9960 11110
9859 11146
9746 11352
10720 11295
10561 10836
11410 10454
10319 9915
10941 10941
11227 11250
11086 10762
11157 10998
10769 10024
10303 9853
11280 10924
11366 11070
11390 10217
10598 9811
11197 10779
10387 10387
10480 10648
10966 10050
11129 10538
10691 11083
10070 10637
10303 9870
11259 10168
10514 10156
10480 10440
10686 9959
11452 9770
10113 10282
9944 10877
10036 10119
11375 9716
11470 11443
10612 10612
10557 9723
10566 10852
10903 10822
9841 9933
11375 10432
9785 10530
11366 10269
11115 10453
10356 10115
11102 11246
10312 10312
10616 10966
11104 11447
11463 10198
9818 11061
10241 11016
11116 11274
10320 11239
11113 10571
10156 10304
10705 11207
10622 10727
11280 11168
11163 10909
10300 10970
10540 9879
11324 9738
10344 11331
10150 10536
11071 11297
9770 10107
10031 9829
10150 11260
11325 10662
10394 10342
10652 10652
10885 11202
9818 10589
10304 10108
11377 10343
10727 10060
10480 10657
9798 10609
10531 11299
10853 10955
10658 10734
10853 11041
10448 10785
10512 10763
11407 10075
10884 10173
10516 10720
10060 10167
10531 11263
9885 10578
9746 9919
10394 10485
10394 9946
11299 11127
11458 9829
11482 10864
10081 11182
10704 11115
11375 11355
10499 11034
9851 11215
9738 11232
11325 10560
9944 10508
11280 10363
11276 11276
10077 10693
10410 9990
10728 10361
10363 10509
10646 9727
11146 10453
9867 9804
10833 10743
11051 10355
9888 10791
10908 10400
10353 10199
10705 10352
10468 11325
10303 10029
10077 10441
10266 10575
10672 11516
10394 11141
10181 9959
11181 10225
11161 10213
10704 9933
10850 11088
11163 11280
10520 10520
10409 9744
10704 9852
10791 10888
11166 10258
10156 10734
10338 10732
9920 10158
11473 10393
10499 10255
11257 11180
10785 10083
11086 10126
11434 10614
10276 11143
10680 10923
9721 11260
10189 10561
10935 9809
10456 10193
11452 10280
10720 9891
11433 10944
11215 11226
10069 11370
11516 11129
11448 10786
10833 10924
11446 10320
10182 10665
10991 11129
10499 10524
11512 11365
10318 9809
9920 9976
10432 11358
10919 9891
11355 9949
10978 10567
10045 11449
10998 9945
10618 10582
10467 10934
10317 10991
9849 10646
10997 10829
9945 11496
10747 10717
9738 11397
10473 11208
10512 10171
10034 10410
10039 10516
11355 10334
10938 10930
9975 11400
10778 11202
10598 10598
11046 11058
11388 10032
10448 10552
10747 10489
11446 10325
10536 10888
11187 11331
9839 9750
10325 10325
11446 9839
10351 10480
10991 11525
11187 10811
9844 10992
10935 9798
11049 10304
9888 11514
9907 10036
10468 11150
11533 11250
11365 10160
10697 11401
11114 9920
11388 11478
11378 10665
10291 10094
11375 10181
9863 10114
10394 10252
10785 10430
9746 10251
10632 10045
10705 9797
10632 9851
11355 10149
9920 11272
10499 9989
10558 11449
11050 10913
10077 11299
9830 10373
11277 11527
10672 9888
10432 9770
9842 11430
11163 11195
11446 11011
10704 11187
10732 10347
9859 10053
10317 11461
10697 10045
10448 11038
10111 11169
9716 10843
11046 10113
11120 11074
11375 10864
10823 10160
9773 10286
11410 11255
11165 10091
9738 10810
11317 10594
10087 10855
10397 11355
11516 10488
11154 11127
11280 10286
11469 9826
11317 10026
9838 11414
9906 11113
11438 10223
11438 11347
10241 10823
10338 10446
10332 10403
10468 11109
10982 10582
10701 10885
11057 9782
10846 11121
10790 10730
10772 10390
10309 11473
10861 10214
11260 10785
10531 11239
10394 10407
10060 9761
10802 10802
9770 9889
10381 11224
10965 10965
10026 9806
10338 10829
10181 11215
10459 10779
10852 10590
11110 11332
10850 10623
10241 9738
10424 10424
9903 11482
10785 11389
9805 11071
10394 10823
10467 10149
10138 10387
9746 10619
10127 10252
11372 9947
10314 10314
11142 11232
11197 10780
11275 10378
10998 10998
10982 10135
10352 10829
10982 10536
10614 11172
10570 10633
11438 10728
10086 10023
10499 10852
10317 10099
10060 11427
10094 9788
10039 11375
11061 10256
10785 10806
10512 10061
10733 11283
10532 10542
11325 11451
11070 11324
11438 10591
10246 10590
10034 10932
10172 10869
11478 11265
9770 10468
10394 9979
11452 11162
9819 10705
10790 10103
11260 9888
11463 11343
9770 10110
10344 11161
10774 10198
10733 9875
10814 11511
9827 11332
10156 11115
11238 11327
9721 10868
9930 11175
10733 10457
10500 10377
10344 10236
9819 10948
10332 10166
11499 10536
10823 11032
9717 10901
11466 9960
10468 10997
10531 10512
9874 10261
11299 10791
10907 9731
10972 9980
9819 11508
10785 10205
10613 11073
10837 11018
10468 10590
10385 10001
10732 10782
10447 10030
11440 10693
11129 11038
11340 11482
10252 10252
10603 11379
10344 11194
10705 10135
10009 11486
10468 10055
10276 10379
11440 11330
10705 9768
9933 11412
10480 9906
10890 10496
11176 10468
10594 9961
10821 10998
10467 11198
9750 10275
11190 10071
10321 10390
10408 9865
10629 10938
11280 10410
10127 9994
10094 10096
10127 11098
11210 9939
11533 10613
9984 10304
10075 10536
10613 10166
9738 10575
11485 11067
11225 10826
10452 10080
11099 11311
10516 10453
10480 11358
10589 10505
11054 10152
11446 10004
11463 10792
9738 11464
10411 11086
10500 10859
11343 10524
9733 11036
10705 9790
10982 9863
9746 10765
10626 10453
10822 11230
10087 9742
10081 10338
11483 11473
10468 11463
11226 10400
11054 10751
10050 11099
9874 10872
11478 9825
11477 10971
11430 10512
11036 11036
11350 11325
10823 11330
10673 10429
10457 10621
10632 10333
10741 10994
11446 9851
11163 11343
11061 11072
10499 10069
10991 10018
10646 11300
11368 11027
10050 10969
11187 10065
11452 10728
11410 11507
11512 11190
9805 11202
10590 10849
10693 10032
10956 10763
11499 10525
10598 10747
10885 10264
9738 11371
11006 9871
11473 9995
11324 9773
11410 10094
10830 11246
9729 9716
10982 10608
10332 10618
9848 11164
11029 10529
9998 11037
10732 11278
10561 9981
9773 10370
10743 10149
10632 10343
9937 11108
11222 9730
9717 11016
11358 9772
10423 9730
10452 10753
10885 9889
11257 10703
11280 10761
9918 10825
10512 11508
11210 11010
10825 10780
11446 11435
9961 11127
10189 10746
10536 10814
10672 10823
9732 10582
11446 10414
10257 11084
11438 11086
10598 11202
11324 11071
9829 11343
9986 10541
10734 10165
10705 9980
10966 11152
10369 11157
9785 10392
10743 11332
10030 11489
11246 9827
11482 9873
9907 10652
10066 9758
9717 10413
10619 10178
9819 11116
9853 10829
9918 10782
10634 10134
10499 9829
11530 11086
10632 10079
10993 10160
9811 11211
9770 10045
10601 10453
10563 10593
10747 10634
10086 10114
10317 10068
11410 9858
11210 10687
11121 10446
10008 9761
10932 11246
11330 10842
10757 11003
9949 10937
10452 10452
11054 9744
10785 10826
10693 10347
11215 11358
10228 11420
10394 10733
11375 10573
10544 9874
11173 10788
10725 10147
11121 9975
10328 11210
11207 10946
11465 11032
10701 9733
10977 10030
11330 10459
10887 10761
10026 10564
11512 11512
10480 9986
11533 9987
10981 10981
11301 11532
11375 9839
11218 9758
10510 10510
10094 11371
11202 10576
10142 9941
11469 11255
10557 11035
11225 10886
9828 9821
10540 10765
11116 9770
10079 9718
9930 10160
11257 10882
10879 9826
11227 9992
10252 10782
10004 10705
9717 9965
10853 10523
10269 10559
11324 11113
10344 10691
10317 9753
10739 11482
10304 10217
10705 11200
11102 10885
11260 11448
10601 11481
10751 10259
10052 11427
10884 10114
10467 9930
11225 11436
10423 11066
10577 10704
11275 11246
11184 10617
10394 11384
10691 9885
11012 10174
11009 10539
10170 10258
10317 9899
11046 10047
11311 10080
11165 11089
9986 10387
11060 10085
10727 11134
10263 9755
9805 11510
10545 11060
11280 10205
9809 11325
10444 10771
10632 10181
11227 9891
11463 10060
10512 10975
11438 9770
9729 11358
10734 10813
10394 10247
10734 9959
10119 11455
10256 10156
11471 10093
10701 11202
11059 10627
10031 9808
9851 10747
10526 11403
10082 10773
10540 10257
10423 11133
11308 10017
9832 11447
10494 11402
10197 10439
10033 10860
10665 11255
10531 10502
9717 10520
9746 9727
9722 10505
9765 10764
10397 10623
11210 10870
9943 11467
10285 10570
11532 10051
10480 10197
11373 10065
9972 10443
9771 11404
10785 11410
10693 9950
10829 11300
11121 9727
11501 10390
11029 10778
10480 10421
10540 9870
10672 10665
9961 11447
10440 10355
10512 10346
10400 10308
10211 11245
9746 10953
10172 11500
10111 10782
10598 10182
10497 10807
11375 11048
10640 11467
11086 10716
10009 10444
10600 11135
11438 9849
11375 11412
10734 11123
11265 11292
11473 10888
9777 10745
9744 9742
11054 10823
11226 10761
10672 9812
10231 10713
10557 10803
10704 10841
10913 10104
10672 10184
9721 9735
11365 9808
9890 9787
9838 10261
10184 10540
10855 11182
10697 9730
10982 10344
10705 10304
11446 10566
10773 10524
10338 11154
11166 11196
9963 10829
10500 11245
9899 11230
10823 10376
10853 10472
11031 11031
9899 10540
10875 10571
10953 10406
11499 11073
10705 11191
9770 10973
10338 10705
10531 11129
9839 10669
10009 10256
10397 10485
10097 9950
9919 10009
11438 11473
11390 11267
10975 10022
10997 9990
9730 10031
11504 11414
10057 10987
10208 9815
10555 11107
10450 10544
10697 9717
11463 10975
11120 10070
10939 10156
10181 11436
11129 10828
11133 10613
10708 10795
9729 10970
10317 10282
10322 9822
10480 10320
10156 10300
9717 10686
10558 10439
10268 10300
11275 11135
10632 11184
11512 11463
10461 9733
10961 10961
10066 11345
10351 10579
10369 11179
10919 10009
10034 11372
9839 10845
10704 10462
10378 10493
10484 10420
10141 10737
10697 10319
10543 11266
10632 9906
10672 10708
10468 10702
10081 10646
10979 9875
11452 11058
9730 11073
10276 9876
11484 10618
10318 10070
10388 10891
9828 11508
10316 10316
11046 10068
10360 11365
9798 11141
10502 10488
11161 11227
10410 10400
9828 10087
11482 9818
11257 10635
11446 9919
10823 10192
11194 10729
11194 10078
9897 10344
11536 11172
11350 11108
10303 11207
11473 10940
10245 9876
10027 10881
9824 11500
10979 10268
11086 10886
10622 11150
9770 11372
9752 9865
10336 10124
11120 10700
11194 10843
10997 11403
10500 10353
10982 9751
9761 9761
10430 11162
9811 10891
9839 10412
10069 11067
10423 10018
9830 9975
11377 11499
9728 10950
11537 9946
10785 10223
10082 10400
10512 10705
11057 10623
10349 10589
10160 10888
9792 10856
10252 11063
9861 9954
11461 9738
11227 10882
10982 10216
11120 10114
9729 10394
9930 11504
9944 10394
9849 11280
11252 10588
10598 10941
11369 9870
11130 11448
9716 10851
9888 9945
10373 10886
11473 9911
10223 10453
10276 10897
11280 10656
10751 10453
10557 10602
10557 10757
10366 11104
10255 10763
11516 10309
9770 10939
10267 11190
11369 10388
9849 10339
11407 11372
9738 9907
10839 11140
10666 11155
11388 9769
11390 11041
10417 10932
11050 10821
11536 11030
10024 9863
10317 10502
10428 9828
10832 10165
10552 11258
9972 10363
10934 10060
10608 10975
9841 10467
10389 10560
10497 10738
10760 10984
10034 10256
9991 10032
11463 10439
9853 10617
10394 10831
10389 11088
10142 10612
10555 11129
11054 11420
10939 10428
10026 11279
11446 10829
11375 10786
10141 10299
11407 11123
10685 10596
9733 10924
11008 9830
11054 11390
10182 10868
10952 10952
10991 9889
10764 10994
10499 11463
11422 10830
11057 10849
10783 11215
11107 10991
10380 10873
10029 10097
9948 11083
9854 10007
10075 10561
10170 11463
10747 11149
11330 11175
11046 11227
9956 9945
11471 10197
10705 10216
11098 9887
11407 10808
10155 9997
10452 10414
11129 11320
10538 11515
9850 10458
10545 10700
10704 10223
10394 10213
10135 9915
10991 10691
9903 10623
10480 9959
11224 10347
9829 10973
11407 10938
11365 9727
10219 11168
10081 11322
10557 10195
10734 11335
11523 11523
10034 10160
11197 10596
11380 10956
9757 11034
10150 10214
11130 9945
10852 11048
10394 9809
10691 11195
11212 10821
10077 10619
11259 11259
9717 10727
10480 11115
10416 11482
9990 10553
10685 10474
9766 9766
10197 10589
11067 11481
10884 10561
11324 10123
11029 11266
10785 10821
11152 10649
10300 11073
11225 9959
11224 10505
11129 11187
10998 10304
11107 11207
10058 11088
11373 11231
10734 10988
11129 10223
9839 10705
10555 10500
11086 10007
9738 10045
10539 10539
10557 9732
10747 10366
10146 10146
11301 11447
10113 10324
9984 11224
9717 9888
10152 10577
9897 11054
10966 10010
10317 10097
10998 10928
9961 9959
10081 9945
11374 11515
11121 11482
9930 11473
10017 10380
10203 9746
10360 10783
10069 11509
10141 10603
10577 10322
10766 11060
11463 10578
10993 9828
10360 10482
10458 10911
11405 11405
10410 10789
9753 10453
10405 10232
10939 9843
10778 11436
10147 9889
10886 10886
11438 10081
10939 9863
9819 11535
10640 10048
11323 11323
9805 11482
10594 10361
11383 11383
11029 10024
10557 10031
11443 10729
10632 11280
10991 9891
10707 10876
10536 9874
9770 10704
9724 11494
11161 10512
11505 11027
11299 10094
10156 10703
10632 10648
10646 10737
11537 11208
9770 9738
10613 9804
10790 10677
10394 10358
10852 9718
9832 11196
10105 9855
11461 9825
11317 9770
10853 10904
11280 10821
11532 11278
11535 11417
11485 11539
10303 11464
11165 10335
11194 10126
10017 10441
9903 11140
10594 11376
10116 10024
9738 9874
9858 10743
9858 11376
11275 9870
10182 10092
10536 10795
10739 10847
10923 11246
10785 9975
9816 10126
11194 11187
11143 9901
9778 9778
10351 11463
10785 11035
10549 10202
11446 9924
11452 10285
9897 10704
11340 10356
10700 10094
11046 9819
9839 10693
11446 9740
10966 9976
11108 10603
10484 11300
10382 11390
11120 10937
11127 10412
10705 10415
11097 10242
10317 11446
11202 11202
10480 11111
11446 11358
10850 10400
9867 11268
11280 11449
11107 11252
10982 10433
11179 10817
10705 10408
9816 10596
11102 10377
10411 11246
11375 10895
11046 11162
10519 11073
10255 9950
9837 10182
9842 10939
11325 11395
10938 9888
10480 10024
9746 10268
10903 10029
11408 10275
9832 11523
9721 10779
9746 10745
10850 10410
11391 10633
10906 10198
9785 10316
10382 11333
10821 10823
11113 10589
9956 9933
9859 11502
10111 10832
11482 10361
10060 9921
10795 10542
10499 10669
9945 11102
11433 9786
10806 11449
11046 10544
9835 9877
9809 10134
10126 10126
10604 10660
9873 10786
9839 10558
11390 10311
10009 10842
9945 10662
10184 10780
11021 9722
10303 10182
10346 10346
10823 10882
10170 10053
11301 10505
11188 10030
10850 9804
11121 9851
11227 11333
9729 11120
10461 10311
10351 9984
10821 10138
10734 10355
10960 11202
10594 10829
9950 9911
11440 10711
10449 10655
10267 11286
11038 11522
11533 10536
11210 10897
10923 10938
9796 10500
11197 9780
10705 9873
11299 10826
9729 9832
10273 9811
11430 10400
10998 10160
9839 9945
10352 11113
10763 10380
11236 10311
10480 11442
9933 10119
9738 9884
10075 11290
11301 10468
9981 10946
10601 9757
11375 10594
11380 10466
9995 11201
9770 11417
10863 10536
10394 9961
9945 9874
10369 10742
11222 11379
11390 9901
10142 10142
11430 9940
10024 9930
9888 10969
11129 11408
10598 10304
11450 10756
10701 10093
10150 11170
10708 9891
11263 11263
10705 11451
10381 10505
11375 11088
10806 10521
10618 9822
11114 10384
10782 11473
11345 10787
10175 10175
11499 9773
11222 10312
10934 11239
10778 9924
9797 9797
9937 11159
10705 10090
10785 10691
10165 11048
10658 11268
10505 10988
10531 9745
11330 10087
10529 10529
10045 10736
10701 10728
9891 10715
11280 10017
10303 10393
10832 10459
9945 10958
9996 11174
10256 11456
10428 10721
11040 10347
11197 11007
11515 9920
10398 10534
11029 11469
11245 10269
10616 10321
10623 11401
11465 11465
9930 11325
10480 10929
11309 11390
11165 9776
10369 11108
9851 11255
10351 10141
10172 11386
11438 10084
10993 11235
10008 10500
11378 11462
10723 10924
10320 10139
10705 10976
11477 9945
11434 10278
10152 10266
10070 10381
9863 10072
10267 10783
11317 11279
9819 10840
9888 10256
10612 9893
9830 9959
11478 11201
10726 11464
9785 9850
11377 10029
9998 10619
11461 11508
10632 9793
11025 11025
9990 9990
11375 11375
10606 11127
10034 10175
9738 10795
9746 11091
10538 10920
10747 10159
10727 10852
10034 10380
11086 10160
11525 11525
10821 10450
10170 10823
11463 10067
11130 10941
10366 10032
10268 11300
11046 9930
10909 10909
11225 9977
10410 10919
10672 10480
11355 11110
10480 10458
11190 11226
10281 11496
11140 10649
10909 11508
10635 10489
10024 10586
10426 9757
10468 9862
10720 10525
9885 9787
10634 11451
10778 9995
11210 11376
10875 9989
11350 9994
9980 9743
10480 9820
10634 10959
10780 10734
10747 10179
9770 11311
11161 10160
9738 10634
10267 10467
10466 10888
10732 10704
11369 11110
11097 11530
10351 10199
11086 10453
10256 9759
10993 9770
9897 9897
11227 11239
10099 10050
9717 11290
10394 9880
10245 11520
11054 10557
9746 10064
10480 9843
9880 11423
10480 10536
10760 11170
10939 9907
10705 10428
9738 10096
11512 11325
11325 10772
11446 10709
10632 11350
10709 11149
10344 9852
10788 10701
10892 10646
11143 11469
10363 10219
10439 11507
10415 10515
10721 9902
10317 10739
10065 11321
9770 10319
11222 10031
9716 10720
10654 10698
11086 10455
10500 10702
9986 9986
10319 11239
11484 11112
10601 10137
11241 11241
10672 10045
11499 9991
10256 11520
10674 11410
9770 9750
11531 9988
9972 10747
10978 9738
9972 9919
10170 9888
10266 11339
10344 11275
10529 11501
9770 9770
10861 9841
10634 10920
9757 10377
10338 9773
10428 10214
11524 10309
9734 11105
10734 10347
10790 10625
10426 9951
10424 11397
11238 10633
9770 9772
10352 9945
10266 11432
10255 9930
9812 9812
10701 10428
9790 10377
10674 10708
10705 9746
11299 10268
10182 10645
11270 10695
10382 10458
10672 10296
10693 10782
10766 10117
11369 10540
9851 9867
11057 10823
10182 10765
11275 10766
11046 11051
9891 11234
9809 10256
10360 9770
11107 11280
9909 10174
10774 11050
10394 11274
10077 10349
10739 11224
10343 10470
11170 11409
10531 10453
10317 9732
10343 9885
11014 11306
10081 10061
10522 10003
10537 10537
10691 11517
11375 11215
11452 10931
10704 9941
9792 9792
10128 10284
10163 11449
10468 10847
10820 10613
10528 10203
11451 10637
10394 10754
9839 11325
11133 10463
10769 10589
10480 9924
10512 9858
11222 9990
10184 10160
9832 11390
11086 11395
10704 11429
10163 11290
9785 9821
10092 9853
10217 9848
11149 10493
10482 10646
11120 10952
9920 10639
10035 11344
10993 10536
10045 10278
10708 11129
9933 10819
11410 11075
11344 11223
10406 9762
11200 10698
10555 11280
10459 10233
10619 10673
11142 10137
10004 11463
11440 11030
10292 10380
10512 10246
10174 10453
11046 10991
11227 11143
9777 10348
11196 11143
11227 9885
10499 10612
10993 11473
10648 10648
10358 10782
10432 10691
10128 9876
11468 10823
11438 10352
10932 11111
10850 11531
9757 10300
10919 10114
10349 9809
11173 10127
10182 9742
11390 10887
10821 9907
9738 9902
11463 10412
10032 10433
10691 10721
9917 10270
11035 11311
11238 11244
9963 11127
11410 10596
10555 11044
10409 9944
9841 10214
9839 10717
10263 11389
10480 10780
10966 10834
10906 10600
10009 11358
11438 10266
10829 9920
11438 10880
10113 10114
10934 10402
10536 10943
10034 9861
10868 10938
10150 10774
10394 9724
10426 9852
10704 10553
10499 11520
10697 11245
10939 11113
11045 10454
9957 10975
11177 11291
11099 10979
9773 10561
10592 11105
11478 11466
9741 11135
11438 10373
11275 11157
10452 9937
11194 11194
10300 10235
11301 9832
11324 9801
10394 10083
10346 11186
10839 10052
9727 10286
11245 11333
9990 11265
10957 11121
10751 10344
10909 9983
10352 10466
10434 10446
11114 10574
10427 10600
11533 9958
10448 10173
10836 10126
10099 9912
10993 11146
9930 9889
11131 10900
10211 9992
10982 10320
9863 11230
11054 10935
10600 9813
10467 11467
10608 10727
11499 10364
11140 10476
10428 10737
10747 10025
10743 10891
10734 10983
11045 10763
10303 10339
10982 10325
9839 10966
9849 10239
11333 10916
11046 10531
11040 9980
11124 10808
11358 10842
11246 10678
11120 10973
11163 9729
9849 11463
10665 9932
10757 10090
9746 11196
10733 9826
10795 11026
10138 10078
10000 11298
10557 11245
10303 10919
10409 11445
11129 11403
9738 10939
9921 11127
10938 10623
10998 10393
9950 10429
11478 10964
11191 10888
11197 10727
11187 9877
10705 10804
11499 10137
9746 11227
10691 9859
10665 10094
11346 11346
9770 11246
11224 11030
11086 9809
10539 9930
11097 10561
10480 11469
10590 10956
10391 10999
10394 11357
11121 10790
10769 11196
9890 11518
10468 10051
10075 10009
10070 10734
11407 11251
9860 10030
10842 9976
11401 9788
11375 11314
10023 10719
10720 11035
11046 10555
11108 9843
10344 9824
11358 10185
9773 10795
11407 9843
10555 10601
10596 11030
10150 10114
11176 9771
11377 10697
10841 10453
11071 11484
11176 11051
10256 11224
11433 10208
11275 9733
10785 10603
10441 11028
11360 9969
11187 10841
10182 10161
11375 10036
10317 10253
10616 11196
10394 10299
11325 10493
11061 10134
10557 9880
9819 10766
10319 9765
11335 10311
10258 10641
10205 10069
11504 9977
11478 10031
11187 10715
10706 10672
9948 10721
10480 10834
10432 10743
10050 10090
11051 10885
9930 10061
10641 10641
10044 10951
10846 11533
9770 9860
10901 11146
10127 10051
10885 11214
9770 10097
10577 10045
10531 10686
11390 10036
11463 11463
10763 10810
11227 9786
11403 10558
10563 10634
10704 10450
10935 9937
11163 10019
10352 9809
10097 11169
10596 9845
10428 11227
10033 10880
10855 9925
9832 11264
11325 10477
10750 11516
9750 11369
10725 9910
11438 10181
10699 10750
10552 10356
9716 10094
11227 10376
10733 10836
9730 11291
10973 10307
9955 9955
10478 10873
11317 10998
10382 10381
10658 10658
10842 11063
10142 10887
10094 9889
9733 10524
9955 10205
11061 10500
10544 11448
11046 10720
10292 11127
10674 10597
11434 10166
11121 10966
10075 10102
11122 11122
11386 9988
11407 11177
11227 11005
11225 10694
11351 10547
10214 9777
10079 11196
11516 11108
10201 10721
9809 10618
11463 11507
9972 10150
11114 10582
10952 11443
9746 11269
10512 10964
11410 10052
9738 10563
11275 9960
10841 10065
10512 10455
10114 9991
9829 9892
10330 11450
10317 11430
9888 10142
11142 11299
10338 10466
10160 11196
11375 10393
11350 10791
11046 10936
9986 11177
10958 11250
11060 11005
9733 10766
10424 9770
11333 10604
9839 10455
10622 10198
10182 10821
10282 11264
10665 11501
10394 10822
10467 11127
10608 10453
10785 10458
9828 10898
11386 9862
10045 10997
10540 10149
10623 11016
11515 10404
10998 9860
11237 10439
10734 10711
11452 10855
11105 11105
9919 10890
9832 10190
9828 9749
10281 10256
10732 10654
11438 10410
10731 10731
9972 10734
10701 10165
10042 10614
10160 10483
9770 9798
10991 10919
10341 10017
10545 10973
10598 9729
10598 9839
10160 10649
10382 11278
10549 11489
11054 10032
10393 10115
11227 9742
10570 11058
10430 10532
10320 10320
10107 11352
11438 11524
11518 9901
10955 11134
10034 9888
11280 10705
9888 10935
10733 10514
10672 10788
10328 10156
10720 10024
10966 11112
11121 9976
10333 10333
11113 11196
10111 10931
10205 10882
9729 10320
10184 10734
10032 10961
10545 10723
11097 11057
11006 10825
10328 10536
10685 10126
11388 10788
10344 11260
11452 9873
9738 10559
9746 11083
11197 11220
10428 10536
10432 10424
11155 11005
10014 11210
10512 10211
11083 10161
10691 10715
9738 9788
10733 10655
10344 10704
10351 11207
11260 10920
10467 11533
10394 10061
11215 10658
11375 10063
11232 11149
10458 11185
11366 10672
11533 10449
10256 10690
11120 10842
10607 11144
11009 9976
10747 10823
10739 9802
10468 11447
10827 10453
11050 9902
10806 9976
10658 10278
11438 9735
9746 9930
11446 10732
10014 9770
10156 10324
11375 9753
9828 10556
11499 9989
10673 10100
11124 11520
10394 10522
11281 11014
11386 9869
10598 9827
11227 9915
11478 11309
11324 10393
11358 10780
10424 11430
11097 10026
10417 10377
10643 9734
9730 9843
10536 10346
10344 10344
10555 11032
10079 10704
10594 10888
9716 10763
10774 10622
10612 11287
10885 11074
10373 9921
11438 10885
10432 10023
10672 9773
10031 10920
10150 11525
10512 10017
10267 10203
10099 9980
10990 10943
9722 11462
10512 10779
11446 11074
11533 11529
10160 10605
10601 10094
11133 10278
10127 11170
10908 11278
10499 11403
10705 10375
9948 9851
10182 10436
11113 11236
10181 10029
10704 10326
11463 10406
10489 10119
11113 10745
10823 10664
9753 9785
11149 11149
10172 9771
10993 10255
10666 11430
11458 9933
9933 10186
11401 11016
10579 10579
10417 11252
9983 10816
10269 10247
11537 10522
10514 10773
10480 10538
11491 10467
10459 10458
10892 10453
9839 11152
10529 9771
10861 10572
11438 9930
11113 11523
10594 10373
11086 11297
11054 11399
11212 9885
9844 10808
10127 10809
9738 10776
11070 9742
9738 10410
11260 10036
10099 9945
10387 10612
10538 10286
10338 11210
11515 9723
9924 10744
11210 10618
10317 10223
10697 11227
11500 11435
9945 9809
9881 10721
11098 9877
10403 11270
10616 11469
10458 9731
10561 10746
10601 10804
11463 10341
11057 10747
10903 10733
10998 10406
11311 11450
11532 10217
11440 10584
9972 10137
10410 11374
10780 10826
10760 10760
10705 11397
11286 9811
10972 9991
10938 9773
9849 10539
10282 11415
10512 10720
10696 10603
11067 10971
10701 11061
10317 10939
10405 11032
11463 11149
10939 10732
10919 10544
9796 10443
10545 9738
10181 9801
11499 10704
10378 10378
11463 11518
10317 9735
10588 11248
10924 9960
10781 11086
10699 10093
11452 10090
10468 10880
11373 10108
10732 11447
10289 11519
10632 11540
11533 10428
9851 10700
10603 9925
10939 10935
11375 10268
9771 10376
11245 11005
10428 10061
10394 10239
10457 10457
10006 11260
10333 11057
11463 10694
10555 10732
10094 10795
10256 10347
10774 10286
10596 11536
10546 9949
9887 10138
10723 10115
11054 11162
10701 10307
11441 11301
11350 11293
10499 11343
10189 10948
10654 10971
10829 10483
10008 10207
10150 10806
10862 11449
11438 9792
11377 9779
10697 10884
11120 11484
10468 10091
10704 11288
10538 10664
11470 10319
11120 11120
10666 10499
10150 10182
11163 11522
10113 10285
11446 10204
10500 10537
11277 10785
10674 9802
11446 10136
10821 10538
9784 10202
9963 10156
10438 10438
10881 11454
9945 10056
11473 10818
9738 9858
10826 11372
11051 10353
10627 10770
10601 10734
11446 10398
10613 10444
10286 11254
10665 10980
11482 9934
9750 11157
11253 10040
11251 9865
10394 9898
10837 10579
10467 11449
9746 9848
10705 11100
10839 11267
10499 10499
10704 10031
10170 11170
10114 9891
11046 10273
10939 10973
11237 11425
9809 11387
10701 9774
11524 11427
11496 10958
9793 10150
9851 9980
11280 10855
10333 9735
10457 10198
10693 10304
10480 10853
10490 11083
10103 10493
11378 9811
11114 9936
11029 10960
11140 10659
11451 10694
11035 10393
10608 10637
10847 10944
10394 10960
9770 10322
10570 11187
9779 9770
11280 10586
10982 9920
9863 10278
11365 11050
11391 9863
10632 10822
9828 11434
10397 10092
10317 10785
9972 10558
10512 10665
10252 11335
9944 11227
11054 10223
10701 10058
10966 10164
9991 9991
10608 9778
10947 11276
10500 11532
10657 10355
10344 10453
10468 10142
11057 9859
10674 10558
9770 11477
10512 9746
10788 10939
10564 11324
10939 9933
10781 10773
11275 9808
10847 11460
10672 11253
10480 9955
11440 10111
10998 10796
10189 10126
10859 9995
10194 10343
11046 10998
10830 10930
10839 10694
10829 10603
11301 11143
10033 10652
10750 11232
10884 10189
9897 9976
11286 9790
11053 10441
10394 9872
10705 10705
9887 10512
11006 9945
10468 9826
9811 10223
10661 10520
10410 11255
9986 10732
9839 10482
10594 10693
11314 9843
9943 10808
11133 10366
10406 10473
10555 10919
10747 10138
9770 11149
11102 10941
11500 10402
10376 10217
10745 11379
10432 9870
10172 10591
10781 10357
9746 10093
10352 10764
10127 10608
10009 10579
11452 10829
9937 11246
11325 10219
10608 11515
9957 10354
10672 11014
10544 10544
10512 9730
9950 10880
11246 10302
11046 11499
9945 10886
10823 10570
10253 11227
11102 9828
11391 9792
10821 10094
11325 11322
11438 10099
10839 10693
11129 9990
10751 10751
10137 11420
10034 10167
11038 9832
11375 11049
10780 10007
10142 10831
11086 9872
10539 10239
11433 10486
10564 11343
10512 10508
11440 11440
9888 11352
10737 9853
9771 10319
10369 9870
11468 11367
10099 11019
10416 11325
9770 10017
10181 10875
9990 11507
11533 10114
9805 10172
10632 10892
10636 10636
10452 10691
11215 10159
10795 9856
10966 9990
9746 10601
11375 9859
10079 9777
11301 10883
9837 10623
11325 9990
10184 10078
9746 10588
11037 10673
10303 10720
10699 10795
9753 10880
10017 10591
9972 10364
10598 10544
10499 11053
9945 9945
11463 10114
9943 10825
9933 10572
9777 10217
10317 9930
10982 10323
10783 11120
10796 10796
10081 11121
10070 9843
11006 9828
10774 10704
9888 10931
9824 10458
11465 10696
10613 10886
10466 11278
10884 11258
10480 11166
11375 10008
10235 9802
10317 10952
11166 10880
11086 10352
10622 11299
10837 11061
10410 10998
11438 10395
10733 10762
11108 10036
10601 10802
9814 11416
11220 10208
10622 10138
11142 10829
10778 10829
10252 10381
11446 10862
10850 10850
11299 9809
11121 9746
11407 11170
9785 9857
10060 10661
11446 11532
10705 10832
10826 10251
10875 11233
10424 10426
10352 9933
10365 9729
10081 10528
10859 11268
10657 11227
11438 9956
11121 10017
10317 9919
10353 10364
9965 10950
11452 10138
10531 11187
10594 9773
11099 10018
9888 11202
10026 10726
10529 9941
10560 11510
10127 10320
11163 11088
11051 10731
10480 11293
9717 10776
10182 10830
10512 9851
9944 11210
10823 10615
9849 9753
11187 11245
11465 10045
11386 10520
9851 11464
10032 10187
10601 10325
10555 10956
10747 11463
11190 10733
10598 10455
10420 10300
10338 9809
10672 9758
11407 10410
10499 10998
9822 9822
10601 10588
11075 11075
11533 10826
11041 10130
9962 10993
10409 9948
10733 10429
9961 9885
10751 11009
10303 11507
9785 9785
11114 10296
10026 10705
11499 11086
11446 9916
11097 9830
10778 10919
11424 10913
11350 10428
10976 11052
10536 11335
10723 11149
10646 10151
10321 11116
11008 11008
10709 10884
10068 10087
10408 10637
10394 10502
10317 10830
11130 10693
10229 10037
10966 9912
10333 9828
10459 10686
11280 10774
10821 11325
11046 9919
10982 10589
9867 10493
9907 11507
11446 9771
10480 10836
9832 11104
11458 10348
10181 11267
11324 10686
9873 9858
10394 10591
11032 10393
11468 10835
11162 9751
11438 10036
10034 11501
11324 10434
10369 10834
10077 9770
10598 11390
11061 9811
10807 11287
10152 11095
9716 10159
9984 10249
10170 11210
9789 10549
10454 9959
10332 9920
10075 10337
10263 10150
10998 10694
10512 10264
10309 9933
10189 11400
11266 10919
11051 11403
9839 9797
10672 11325
10705 10178
11008 10205
10099 10665
11299 10134
11540 10843
10309 10459
10531 10031
10468 10681
9907 10304
10343 11299
9859 9945
11446 10077
11325 10293
9778 10067
10966 11325
10468 11128
10737 10791
10070 10032
10181 9945
11027 11027
10977 10195
10324 9845
11046 11194
11385 9854
10598 11433
9990 10364
10823 11153
10997 9718
9832 10054
10911 10208
10751 10704
10482 10725
11029 9888
9894 10010
11050 11464
10558 10524
10665 9891
10211 10637
9994 10761
9885 10489
10400 11132
11377 10693
9738 10029
10939 10376
11260 10663
9945 10880
9828 10286
11186 11186
9770 9920
10152 11037
10747 10450
10405 10405
9738 10700
10369 10424
10150 11501
11140 10481
10903 11427
9889 10790
10672 10827
10317 10721
10369 10909
11463 11346
9888 9859
10352 10219
10654 10536
9716 9727
9920 9990
11054 10024
10075 9899
11324 11086
11038 11016
11350 10376
11361 11361
10991 11035
10701 10344
10589 10946
10884 11497
9887 11482
10827 10204
10973 11392
10344 10960
11440 11505
10034 10522
10720 11253
10141 10849
10156 11300
11130 10070
11386 10505
10236 10236
9908 10940
9828 11532
10319 11471
10111 11020
11054 10397
10512 11515
10394 10401
9945 11250
10069 10556
10672 10720
9826 11414
9785 10707
10537 9957
10908 10600
11029 11403
10138 10109
10467 10514
10452 9961
11375 11491
9956 9888
10657 10236
10991 11275
10839 10198
10094 10851
11129 11224
10557 11120
10097 10803
11358 11231
9943 10790
11379 9965
10476 10900
10069 9745
11035 11032
9945 10395
10083 9990
10884 10825
11225 10063
10094 11083
9716 9734
10884 9767
10697 10142
11121 11299
11325 10588
11446 10557
9918 10033
10853 10897
11227 11227
10827 11187
10743 11110
10107 11141
10276 10687
10792 11149
10456 11230
11528 10445
10432 10031
9793 9793
11121 10812
11482 11293
11062 10259
9867 11414
10465 11105
10697 10349
10720 11525
10720 10919
10045 10319
10284 10049
11377 11463
11452 10812
10321 10441
11165 10686
11378 10733
10376 9718
11375 10699
10480 11150
10973 11241
10833 11129
11051 10879
11324 11516
11245 10800
11452 10114
11046 11050
9839 10070
10222 10559
10574 10379
11070 10782
11481 10265
10697 10717
10303 11130
10369 11464
11253 10603
10014 10747
10111 11246
11190 11230
9863 11227
9920 10618
9972 10586
10834 10791
10785 10373
10409 10480
10531 11083
9738 9873
10566 11182
10003 10617
11515 10137
10557 10717
10182 11311
10705 11490
10276 11002
11375 10915
11438 11277
10646 9930
10206 11359
10039 10141
11006 10160
10031 10995
10309 11496
9976 11510
11275 11110
10319 10913
10035 10891
11029 10050
10077 10658
11107 11516
9746 10865
10556 11079
10303 10395
10821 10453
9930 11231
10397 10629
10613 11246
11335 9774
11463 11102
10142 10829
10338 10778
9946 10220
10997 11354
10045 10853
10875 10262
10998 9920
9840 10319
10732 11301
10785 10363
9811 11325
11191 11455
11463 11099
11210 10789
10705 11057
10365 10704
10141 10087
10567 10973
10545 11155
10156 11048
10710 9977
10394 9719
11350 10338
10732 10693
9881 10691
11330 11333
11434 11434
11197 9746
10394 11108
10939 10478
11378 10590
11227 10913
11121 11516
10699 10704
10928 10928
10913 10441
9770 11091
10882 10486
11150 10761
11154 11510
9785 10734
10440 10164
10603 10519
10688 10032
10998 11099
11458 9745
10061 10717
10991 9829
11366 10911
9811 10441
10632 11533
11176 10792
10705 10099
11008 10885
10672 9873
11023 10132
10500 9853
10320 10197
9968 11218
10693 11278
11061 10021
9907 10619
9976 10865
10113 10686
10285 10988
10776 10217
11194 11093
11467 10652
10728 10444
11375 9924
9832 11500
11446 10856
9887 10387
9770 11040
10245 10049
10344 10255
10050 10537
10648 11281
10342 11051
10648 11325
11512 10646
10906 10914
10908 10934
10197 10197
10213 9877
11059 10500
11029 11072
11461 11388
10521 10433
10184 10214
9919 10374
10908 10990
11301 11132
10672 9725
9986 11154
10428 10665
9842 11340
11410 11477
11214 10270
10590 10941
10785 10980
11029 11299
9895 9778
10489 9786
10160 11247
10531 10430
9972 10806
10026 9738
11173 10697
10482 10482
10598 10432
10825 10269
9972 10470
9733 10997
9948 10087
11317 10318
10374 9957
10127 10996
11407 10539
10945 10945
11414 10227
10381 10288
10172 10544
11375 9849
10172 10009
9962 9962
11163 11046
10416 10081
10665 10622
9863 11063
9945 9953
10747 11371
11107 9933
11280 9751
9917 10900
10394 11280
10480 11491
10977 10763
11023 10978
10680 9735
11365 11365
10075 10635
10727 11223
10338 9980
11034 10119
10330 10126
9933 11325
11407 10957
10919 10601
10150 10966
9966 10524
10165 10228
11375 10338
10821 10601
10303 10014
10150 11120
9831 11207
11477 10311
9819 10632
10622 10780
10197 11213
11325 10042
11407 11107
9863 9990
10588 10494
10321 10626
9717 9752
9820 9980
10512 10896
10075 9785
11499 9919
10704 11109
10332 10029
10697 10693
10060 10100
10468 10361
10531 10386
11046 10303
11325 9821
10739 11311
11008 11457
11291 11479
10453 9878
9716 11215
10997 11401
10360 11385
9738 9749
9975 9728
10991 11203
9865 10375
10410 10734
9945 11451
9746 11229
9746 10484
11375 10806
9770 10829
10697 11477
9863 10009
11029 9730
11532 10065
9907 9809
10516 11469
11050 10094
10394 9934
10785 11515
10885 10105
11280 10060
10150 10309
10394 11034
10715 10715
9888 10449
10263 9966
11478 11324
10353 11108
11245 11246
11390 9884
11365 10045
10355 10579
10304 10782
11440 10165
10785 10561
10772 10882
10993 10734
11295 10273
11461 10993
10416 10309
11142 10256
10205 10810
10499 10849
9984 11150
11533 11533
10263 9883
9750 10304
10701 11231
10352 11451
11407 10379
11375 9852
9746 11362
10829 9880
10319 11005
10394 11248
11340 11516
10480 10532
10052 9907
10317 11120
10164 10355
11325 10713
10426 10032
11197 10938
10480 9873
10097 9809
10552 11241
10672 11146
10181 10646
11438 11202
10408 10286
11054 10344
10428 9885
11202 11505
10411 10079
9842 9750
9738 11295
10156 10160
9811 10963
11006 9785
10812 11443
10674 10665
10160 9990
10321 10394
10693 10256
10705 9922
11040 10261
10982 11293
11469 10600
10666 11501
11134 11134
10108 10166
11301 10426
9770 11051
9819 10909
10045 10347
11054 11026
10705 10330
11317 9859
10555 9808
10391 11114
10360 11466
10705 11113
9931 10526
11246 11083
9885 10380
10739 11230
10616 11261
11170 11460
11280 11280
10456 10810
10027 11037
11098 9728
10344 10075
11212 9980
10124 10308
10352 10319
9828 11300
10626 10278
11029 11239
10850 10785
9858 11067
11499 10939
9746 10261
9752 10990
11438 9748
9718 10487
10536 10159
11473 10017
9785 10453
11113 11143
10884 11400
10691 9874
10919 10307
10705 11278
11536 10311
11182 10103
10728 11030
11314 10913
10150 10346
11113 9988
9963 11210
10795 10902
9865 9865
11373 10902
10665 10760
9945 11443
11280 10935
9919 10692
9863 9826
10351 9880
9828 9989
10047 11444
11069 11059
10317 9881
10184 10357
10601 11299
10639 10556
10079 11460
11438 10531
10150 11378
11093 11472
10467 10075
10480 11460
10170 10273
11469 11011
10079 9832
11194 10307
11218 10091
9984 11463
10880 9980
9757 11246
10351 10091
10499 11298
10616 11179
10598 10913
11532 11196
9746 10828
10087 11382
9897 11093
11500 10579
9897 11032
10353 11135
10497 9758
10467 10500
10785 9980
11438 11235
10448 10750
9920 11333
9956 10256
10672 9949
10489 11433
10194 10900
9805 10160
9746 10092
11368 11536
9790 9959
11533 11246
11345 10451
10901 11220
10747 10546
10830 10255
9746 11202
11482 9953
10160 9989
10265 10265
10924 11332
11142 11482
10674 10462
11121 10825
10489 11127
10608 10468
10582 9786
9828 11048
10480 9939
11266 11083
9847 11338
9811 10570
10297 11210
9818 9750
10034 10613
10014 9738
10654 10058
11225 10686
11463 10558
10665 10665
9729 10998
10499 11401
11441 10837
11403 11297
10500 11136
11232 10160
11210 9924
9784 9784
10107 11044
10156 10307
11469 11460
10833 11525
10369 10432
11512 10203
10823 11194
11280 10948
10480 10031
10705 11032
11218 10712
10025 11390
11048 11444
10184 11035
10646 9937
10373 9801
10440 9832
11261 11233
10428 11374
11466 10998
11469 10402
9811 11420
10993 9907
10531 10032
10672 10982
11378 10005
11210 10277
11029 10253
10344 10304
9899 10561
11260 10016
11086 10830
11113 9810
11071 10618
10075 11191
11029 10834
11386 9773
10468 10601
11054 11058
10355 11137
10199 9980
10170 10211
11194 10691
11127 10897
11533 11130
11446 11102
11390 9921
9832 10902
10781 11133
11463 10109
9805 10032
10778 10266
11113 10702
10997 10464
11280 11051
10287 11255
10360 10182
9770 11355
9826 11447
11410 10828
11059 10925
10357 10520
10704 10640
11106 11106
11055 9844
11375 10885
9919 9899
10309 10256
10394 11040
10991 10623
10423 10189
10705 10588
9738 11325
9944 10629
9906 11460
10099 10686
9738 10064
10480 11200
9770 11035
9805 10134
10825 10691
11532 10582
10598 10032
10385 10579
10430 10223
11166 11522
10608 9777
9962 11430
10344 10278
10171 9964
11139 11139
10352 10373
9746 10773
11391 10430
10477 10054
10672 10785
9796 11452
10388 9938
10045 10256
11515 10066
10721 10134
10785 10334
11463 11522
10705 11176
11438 10255
9770 11171
10127 10363
10317 10150
10369 11228
10519 10990
10170 11133
9818 11418
10411 10378
10070 10111
9858 9949
10672 11463
11140 10619
10531 11102
9945 10355
9770 11227
10303 9849
11471 10236
10802 10261
10778 9885
11260 9987
11161 10361
10823 11072
10285 9891
11143 11170
9770 11168
10326 10101
11130 11146
9943 11087
10184 11468
10919 10973
10559 10243
10705 10376
11309 11516
11245 11143
10956 11278
10863 10058
10304 10374
11424 10453
10785 10336
10264 11003
10203 10693
10743 10334
10598 11086
10468 10911
10806 11331
10448 10960
10685 10410
11375 11365
9849 9970
11375 9990
10304 10652
10099 10935
10081 10575
9863 11049
10780 9827
10663 10118
10823 11463
10909 9870
10285 10479
10197 10607
9841 10536
10601 11134
11278 10520
9880 9901
10991 10557
10467 10027
9716 9907
10839 10526
10590 10945
10480 10448
11452 9759
10069 9991
9729 10751
10646 10792
10160 10069
9933 9950
9802 10695
11275 11463
10404 10235
10394 10496
10529 9867
11210 9875
11053 11463
10394 11109
10632 9962
9792 10441
10875 10288
10825 10829
9808 10691
10978 10461
10599 9746
11461 11540
10163 11197
10632 9963
9771 9889
11055 10590
10705 11300
10725 11215
10750 10087
10075 10138
10256 9920
11377 11469
10794 10794
10154 11262
11499 11488
9867 10130
10480 10114
10160 10782
10109 10507
11438 9830
11051 10872
10561 11252
10693 10134
10654 10252
11046 10185
10785 10768
10780 11182
10720 10114
10075 10160
10555 10387
10360 11410
11299 10403
11365 10025
10890 10659
10394 11403
10282 10633
11097 10806
10267 10489
10632 10172
10150 11299
10704 10900
11299 9991
10541 11474
9976 10612
10598 11146
10866 10876
11458 10454
10406 11504
10885 10885
10394 10980
10468 11390
9849 10909
9787 10794
10201 10885
11113 10658
10250 10587
10045 10947
11299 10887
9919 10561
11266 10908
10321 10629
9956 10646
10868 10623
11165 11325
11133 10382
9933 11177
9738 10746
10250 10589
10338 10115
9984 10426
10417 10998
10700 10156
10394 11101
11275 11504
11046 10312
11140 10042
10705 11376
10327 10532
9849 11210
11280 10122
11133 10050
9730 10885
11006 10828
10075 9933
10632 10839
11324 9995
9777 9741
10826 10854
10440 11301
10731 10976
10884 9977
10833 10539
9816 9761
9738 9947
10351 10512
9770 11471
11086 11485
10884 9975
11163 10672
10666 10030
10847 10847
10213 10451
10737 11403
10949 11342
10861 11369
9730 10075
10172 10612
10474 10474
9945 11146
10158 10491
11280 11386
10519 10022
10045 10330
9933 10694
10998 9989
10919 9772
10034 9863
11029 10433
10737 10826
9873 11187
10163 10710
11046 10453
10416 9746
10174 9813
10353 11169
10444 10549
10292 9843
10622 11435
9730 10042
9799 9799
11210 11082
10499 9773
11438 10156
9990 11078
10369 11032
10394 11113
9785 9853
9980 10694
10423 9930
11133 10466
9875 10422
10785 10723
9721 10322
9770 11396
10674 10437
10731 10286
9945 10490
10816 10816
10734 10466
10632 10410
11422 9782
10561 10060
10879 10537
10360 10539
10468 10269
10708 9860
10480 9866
10411 11532
10700 10304
11350 9912
11452 9738
9943 10482
10282 10920
10181 10892
10546 10108
11149 9905
10197 11011
11299 10686
10440 10198
9931 11403
11452 10156
10594 10358
11121 10749
10467 10467
10539 10419
9888 11187
11452 11211
11355 9733
10823 10911
11210 10524
11516 10223
10480 10622
11375 11293
10991 10677
10127 10521
11477 10721
10008 10160
10598 11330
10823 11227
10536 10711
11143 11460
9912 9912
9875 9723
10409 10626
10172 11081
10330 10220
9873 11351
11277 11430
10919 11464
11286 9945
11225 10211
10733 11510
10923 10849
11176 11216
10598 11245
10618 10497
10357 10060
11050 10064
11375 10823
10343 11176
9976 10437
10045 10366
11525 9950
10577 9998
11386 11270
11222 11035
11540 10973
9717 10167
10392 9827
10744 10185
11350 10558
10014 9853
9880 10849
10779 11169
11163 9738
10068 11113
11052 10495
9849 10419
10253 10253
9732 11325
10156 10593
10788 11121
9808 10834
11508 10055
10982 10076
10732 11109
11133 10311
10285 9824
11070 10536
10982 10505
10598 10973
9752 10537
9746 9993
10564 10512
10468 10717
10939 9980
11119 10531
10752 10816
9933 9809
9885 11139
10440 10237
10570 10065
9920 10686
10045 11532
10081 10637
10705 11106
10850 10020
11375 10693
10555 9874
11145 10960
9729 10640
10557 10021
11463 10877
9731 9731
11438 11446
10081 10181
10241 10757
10783 9875
10598 10075
10913 11115
9730 11182
9863 9998
9975 10914
10181 10395
10693 10449
10099 9874
9853 9920
11324 10545
11324 10318
9887 11225
11490 11202
10561 10826
9948 9907
10264 10652
10852 11449
10263 9909
9875 11083
11445 10321
11478 11516
11388 9908
9889 10393
10432 11035
9785 10801
11045 10159
10594 10620
11054 11260
11230 11372
10467 10361
10776 10776
9771 11463
9733 10540
10525 9889
10344 9955
10603 10022
9730 10017
10092 10979
11317 10142
11377 10160
10622 11146
10211 11331
11175 10801
10267 10156
10346 9828
9961 10156
9983 11276
10170 10034
11311 10046
10189 10018
9885 9885
11006 10352
10618 11449
10957 10943
10099 10287
10394 9760
10827 10829
11142 10993
10317 9873
10915 11319
10903 11401
10344 11129
10701 11060
10394 10913
9746 11004
11391 10536
11033 10886
10761 10761
10060 10767
11375 9930
11438 11286
9885 10558
11440 10381
10516 10706
10024 9991
10397 10785
10991 10473
10704 9844
10884 10746
11386 11088
10172 10885
11070 9771
9746 9965
9821 11294
10432 10094
10320 10560
10214 11108
11446 9751
10127 10332
10608 9976
11197 9909
10099 10212
10184 11210
11299 9858
10468 9718
9819 9770
10598 9789
10410 10878
9770 11050
11190 10457
10875 10437
9805 10376
11452 10031
10806 10319
11407 10205
11119 11461
11533 11496
11054 10892
9933 10870
10586 11092
11086 11051
11438 9757
11333 10895
11264 10032
10923 10830
10686 10876
