33 64 0.0304920726058461
15_57 10_27 0.154965512305656
75 24 0.195201781911534
91 61 0.0255982025622434
66 29_36_52_63 0.0410328756787391
82 56 0.0022843073988302
85 50 0.0222574262476825
23_69_73 34 0.129182777563228
41 78 0.0074302072685424
31 2_12_19 0.0147186011363217
01 20 -0.0754803165306283
8_44 2_12_19 0.0206784067585235
87 85 0.0480228013149041
75 65 0.401334199303551
67 82 0.115090601101475
22_39_58 11 0.0246725280733865
66 17 0.0250197320164478
72_81 61 0.0191394619374719
87 20 0.100183418284013
40 88 0.0272877507214983
37 91 0.0517999650020428
82 29_36_52_63 0.0088299816528893
24 20 0.0119846524349986
72_81 82 0.135122135853925
29_36_52_63 80 0.102059329775405
65 2_12_19 -0.0075427444588686
37 40 0.107607854228451
84 4_5_28_38_46 -0.0108000356611846
37 2_12_19 0.0554632064159324
70_79_83 34 0.107127660342416
24 61 0.0015968854583169
33 42 0.0896258073470589
62 56 0.033925523942363
84 53 -0.0095154545502165
66 64 0.0542773001910762
82 87 0.0875149811038559
56 11 0.116802922424556
47 61 0.0064578827007133
84 71 0.0276461155674546
62 80 0.0354609034002568
66 24 0.0472824465954356
16_25_49 62 0.0536961907468975
24 2_12_19 0.0324596508768456
71 35 0.0695476819737056
40 30 -0.0088441823290293
23_69_73 50 0.0396515638490995
84 56 -0.0358286611077888
82 13_43 0.073679085485217
91 78 0.0214831440149212
35 30 0.0789593777802582
7_32 22_39_58 0.0376056606365875
33 31 0.0316727886218387
67 22_39_58 0.015478815737163
70_79_83 65 -0.0398992082717668
33 13_43 0.0800512821537809
17 87 0.0422057705468737
67 4_5_28_38_46 0.0315502233000503
31 40 0.150120735888417
30 22_39_58 0.0266800996200941
30 68_86 0.0836841532893518
87 2_12_19 0.0461097853927009
17 2_12_19 0.0315765691243377
30 17 0.165391425050862
66 42 0.0245633485811745
80 11 0.179343074286116
76 41 0.0284489840960341
72_81 23_69_73 0.175426231867995
41 7_32 0.0001321630222784
91 2_12_19 0.0127949618755667
67 24 0.0207507960612014
47 88 0.028384457771692
21_26_51_60 90 0.0018014145500236
10_27 4_5_28_38_46 0.0245142788335831
15_57 18 0.0501410297021273
47 87 0.0672102096649154
76 18 0.135058530387363
62 35 0.115473424189847
62 29_36_52_63 0.0228700000227444
34 50 0.0473096867812511
33 24 0.027243481319907
77 29_36_52_63 0.0028239477211087
77 74 0.0011576980725617
75 01 -0.012963871633975
68_86 29_36_52_63 0.0264721715107265
30 01 -0.017308112311551
37 10_27 0.0195469200355806
66 33 0.0832450968308132
11 88 0.161165367117161
84 17 0.322437426556462
72_81 34 0.0843405259986842
35 90 0.0559684167815627
77 64 0.14187160331634
16_25_49 31 0.0820069689959764
33 21_26_51_60 0.0146470774198549
20 78 0.0072276023125307
89 7_32 0.282021357394182
23_69_73 82 0.0970223589644383
76 74 0.0036957423953518
17 01 -0.0420664640215952
13_43 85 0.0884382069289949
84 30 0.371604339015379
66 91 0.0018572378665257
70_79_83 4_5_28_38_46 -0.0089644767146042
54 88 0.0038471961865683
67 13_43 0.0055825578685874
66 68_86 0.0368365156256636
16_25_49 8_44 0.0481932397046288
72_81 78 0.141509762822293
33 7_32 0.0467117160387563
17 68_86 0.104746860971457
76 84 -0.0060654130538238
16_25_49 53 0.13712049437007
10_27 40 0.0363504909583231
37 18 0.0169157406481733
84 68_86 0.0108345676901834
40 4_5_28_38_46 0.0579589737955361
82 2_12_19 0.0137814255355042
15_57 53 0.340142799863107
01 64 -0.0102336768767535
13_43 22_39_58 0.109356401478247
66 21_26_51_60 0.108201979512223
2_12_19 29_36_52_63 0.0097049544794014
66 82 0.0123417007595894
77 50 0.0786098950437001
72_81 91 0.0281781932122571
78 50 0.0440450844323146
3_6_14_18 4_5_28_38_46 0.203101542093405
47 85 0.090574387715646
47 23_69_73 0.0436214842868661
66 74 0.0073664739701929
76 9_45_55_59 0.0663055428604697
24 22_39_58 0.0306423361549055
18 9_45_55_59 0.43606523663635
54 50 0.0328058194717616
65 24 0.0098220704641164
3_6_14_18 67 0.315297683043771
77 24 0.0367220275068988
62 17 -0.008989785159133
24 8_44 0.0428787529370317
90 20 0.0382431792963586
47 78 0.0039956841971863
71 18 0.0939419871682317
47 50 0.0407388121615156
65 30 -0.0215901394426617
3_6_14_18 21_26_51_60 -0.0995606646360501
3_6_14_18 34 0.042376255652137
8_44 61 0.0292941993867115
66 88 0.0527403186704469
35 4_5_28_38_46 -0.0173011370631694
18 80 0.042133635904661
64 80 0.0135294622355258
16_25_49 91 0.0002591291270171
24 01 -0.0209557933189198
68_86 85 0.0205888880871856
33 2_12_19 0.0138087677315423
76 53 0.0074825985320631
87 89 0.057402890073141
91 50 0.0580318550083095
64 85 0.032451791087441
01 90 -0.122974600411458
2_12_19 56 0.0351126271038248
54 40 0.0618602926569446
82 30 0.0684726783214556
13_43 20 0.0080748592546368
23_69_73 4_5_28_38_46 0.174184512620175
7_32 50 0.0058805250754105
41 50 0.0805434307242476
41 53 0.0479447878997423
15_57 9_45_55_59 0.250751169557975
66 87 0.0155362217385898
66 62 0.0043377798238704
84 01 -0.0503472431033736
24 30 0.0217244336441236
42 64 0.0360011337669251
75 54 0.0890867749975922
71 68_86 0.0794978515606475
66 37 0.1210130215696
24 11 0.0159879645563426
77 7_32 0.0264406644225356
42 7_32 0.0186307864289689
33 68_86 0.0032640346543122
54 13_43 0.0143644437363551
21_26_51_60 85 0.0252401571080638
41 4_5_28_38_46 0.0516187711010388
91 21_26_51_60 0.0165975883205852
16_25_49 10_27 0.0328741331640422
65 56 -0.0152384700179242
47 82 0.0549860161615867
20 29_36_52_63 0.125228927555788
64 11 0.005045914996377
24 21_26_51_60 0.0682026332501001
31 53 0.0033208303716649
18 74 0.0112619783661056
01 4_5_28_38_46 0.147887416509065
82 20 0.124440022065647
91 13_43 0.0005897098571766
40 61 0.0176339644648341
01 29_36_52_63 -0.007882318343684
61 34 0.137897521005715
10_27 01 0.0534544412685146
41 40 0.152603307385329
85 7_32 0.192149797329562
77 56 0.0430013159100032
40 34 0.135846192829919
65 29_36_52_63 -0.0241821098204699
54 87 0.0174405752302478
31 80 0.0293620841314174
72_81 40 0.0262969892732606
88 50 0.028596015939348
64 89 0.0334496225626452
42 56 0.0093466162725872
71 74 0.0875188585603425
8_44 50 0.0786112292514454
16_25_49 35 0.0176163119159581
74 82 0.0132303964166458
24 87 0.0220371905999672
89 85 0.0371271502531368
33 85 0.0166558742911214
74 56 0.216938236675875
15_57 37 0.0361707542523603
68_86 20 0.0372222203377217
23_69_73 22_39_58 0.0994040918817008
65 4_5_28_38_46 0.0380757534919236
47 13_43 0.210551590489159
15_57 31 0.0141573906755173
47 54 0.0970254414296079
31 8_44 0.0596838129235043
64 88 0.0963529809689941
21_26_51_60 64 0.0385933655170369
84 62 -0.0726954314703535
29_36_52_63 11 0.179967100481012
35 80 0.063209874226677
71 42 0.0273764007562863
62 7_32 0.0021826880610081
74 68_86 0.0224849799551996
21_26_51_60 61 0.0655887524891441
67 56 5.06325794766407e-07
89 61 0.006104892497377
24 13_43 0.0082158468856225
75 7_32 0.027108232509969
20 64 0.0032659445143405
30 78 0.0080227460864709
77 85 0.009259559590599
13_43 2_12_19 0.0930474989131934
9_45_55_59 35 0.0308603968176911
31 85 0.0177062705781248
70_79_83 8_44 -0.025135298005114
31 21_26_51_60 0.0202268492863677
29_36_52_63 56 0.0969002192305687
66 90 0.0158081888702628
01 89 -0.0398107333175368
20 89 0.0528710979024373
71 17 0.134147834644541
54 41 0.003037087165891
8_44 78 0.0044610785604506
75 71 0.0149669742738921
70_79_83 30 0.0081679480299397
37 13_43 0.0074718089671275
87 01 -0.0620699221321517
77 13_43 0.0968355180860353
54 61 0.0248409728439701
18 29_36_52_63 0.0091064988420035
54 31 0.158249475779044
2_12_19 21_26_51_60 0.0155682145114488
37 85 0.0922024644096126
2_12_19 20 0.0087462807366103
15_57 16_25_49 0.149537379207738
18 35 0.0365096918912879
91 42 0.0109033763339926
54 24 0.0217079051575251
84 42 0.0426006148867846
42 17 0.0861520503947661
47 33 0.0385604454805138
77 33 0.193199938202021
66 15_57 0.0174639588182349
54 64 0.0298488087258814
31 62 0.0575842246063912
75 22_39_58 0.002788358211764
18 68_86 0.0274466076831253
21_26_51_60 7_32 0.129922391214214
21_26_51_60 89 0.181663986848116
35 01 -0.0599038592936585
53 80 0.0654274726265675
2_12_19 85 0.066109605444026
64 7_32 0.105099480976899
47 21_26_51_60 0.0462716563585201
10_27 41 0.0570940376716526
54 21_26_51_60 0.049435560539002
71 80 0.0647065336827579
76 10_27 0.0183515249621903
37 74 0.010486133880366
82 11 0.0221205784502074
15_57 35 0.050728104871925
76 71 0.1240742067706
84 35 0.16847252095176
68_86 80 0.0799943980737127
84 29_36_52_63 -0.0095257582664727
74 2_12_19 0.105392183852704
41 8_44 0.073814462459781
66 7_32 0.0037893861796401
65 68_86 -0.0069192890730927
53 50 0.0150079923422665
2_12_19 68_86 0.19802176839846
68_86 7_32 0.0847955475847759
8_44 34 0.0538732220425277
9_45_55_59 80 0.0277281221612413
