0 163
2 1632
3 388
1796 1446
6 1567
1794 1345
7 1522
1793 1295
10 80
1790 813
178 982
90 381
1215 1685
126 1218
861 695
1 57
1799 902
4 736
1797 519
9 25
1792 1720
1791 1776
633 1074
235 878
572 462
1579 1408
1719 578
1798 496
1795 392
11 566
12 1111
1717 1787
1248 1686
672 257
408 1455
8 1313
608 742
1578 1266
168 1200
524 1138
1661 183
13 698
116 1067
1197 788
148 1215
117 940
186 1253
5 217
699 1375
1615 744
1160 1090
377 1417
1135 1513
731 842
15 399
106 362
1742 1062
622 1560
1169 1479
1249 728
799 335
17 1198
430 1329
1608 1225
237 450
900 986
124 365
14 150
1269 535
1401 30
1124 841
133 480
1629 888
1711 1584
1756 606
16 103
893 1216
46 340
1527 1608
1129 916
238 192
18 1307
831 510
1622 226
1131 1648
1296 826
20 268
1493 1191
797 202
1571 1517
1337 597
940 170
21 68
23 280
1732 307
1476 1658
326 363
22 341
24 981
1499 121
414 1232
655 992
1102 426
1496 131
25 1795
937 991
19 847
27 236
1073 228
1112 1092
1667 673
1306 1219
26 188
291 971
76 184
1603 1421
338 1449
391 1614
759 394
28 286
43 664
702 714
780 1760
153 311
175 1487
156 1065
287 1530
1703 1466
98 1420
315 869
29 437
30 1644
1170 1160
708 415
737 685
88 393
1753 1008
644 1561
1294 675
145 1564
32 444
155 486
437 1777
141 453
1542 1359
789 1496
31 508
1641 1674
1310 1173
1643 800
709 748
260 1641
565 306
640 838
857 1246
1307 1603
512 1186
647 1409
1152 1293
1505 564
33 1328
35 1308
975 1625
846 1731
264 835
1729 116
1652 808
34 43
36 1717
210 590
1722 263
1366 1064
1554 677
914 1153
37 668
921 1175
1500 1251
741 1239
1563 1384
38 8
1142 147
1426 1471
1776 1587
1410 1298
1432 17
39 1464
1575 648
1014 1612
1583 1434
1466 1141
660 1427
296 1751
41 1202
288 877
658 1432
539 860
40 550
42 1349
157 387
1406 1211
176 315
1518 1146
1226 154
691 366
828 1590
1302 531
916 1268
1085 15
481 63
381 1066
1453 1093
45 1640
602 538
528 1602
804 681
583 390
674 1076
1369 1044
1111 1748
1448 1649
1061 1555
44 1305
1754 743
1272 1736
1380 1052
1072 1213
335 1447
1016 384
848 448
366 1797
629 885
1688 1394
447 954
1783 1659
1205 112
1153 34
364 1315
47 1040
50 639
189 1244
562 568
1489 767
1769 1574
905 368
1459 1199
92 1683
406 232
1741 853
383 495
48 333
49 422
52 124
997 413
559 469
51 512
489 961
1384 1430
690 1511
1032 1333
988 1264
1313 697
1659 882
122 1692
53 687
837 1453
1540 997
538 234
54 1010
55 690
56 173
388 314
732 1533
968 1033
456 1779
1341 71
705 1331
57 1620
1200 190
319 224
253 1440
282 1428
58 827
1660 711
70 1327
1273 1393
1725 126
1156 1591
1701 87
180 623
431 654
464 137
1275 130
1762 737
59 294
858 1565
61 1639
1672 301
813 1
903 840
60 1276
62 218
1235 1423
829 29
817 319
496 427
144 938
63 48
250 1759
1751 1706
217 40
1777 67
487 167
1682 1262
812 1174
137 899
64 1753
336 1783
1586 631
1246 1157
486 693
568 791
1581 691
199 463
1666 517
65 692
479 1617
1698 94
1301 1095
67 1550
964 643
770 225
1078 336
904 663
339 608
332 844
337 1051
68 684
127 85
1709 330
676 628
66 533
69 0
310 1715
675 254
525 765
1387 1490
1781 734
952 374
160 1732
1789 1693
272 1541
678 581
703 857
241 1130
1474 1412
1491 35
961 908
71 1301
72 920
990 1259
134 560
1025 165
1669 509
108 769
73 1704
74 1401
1098 53
1534 828
1074 790
704 605
802 904
591 1712
1613 1391
886 1128
75 1310
1203 723
273 996
1054 709
77 1433
275 893
305 880
306 758
1256 210
404 775
533 105
600 1765
78 39
1519 1029
844 900
555 279
1636 1515
587 20
261 1296
1006 819
1759 1695
103 419
454 1652
821 84
683 44
1140 1366
1665 1566
1118 699
79 1610
80 599
889 22
81 1015
412 1271
1038 1509
83 914
82 334
84 1502
727 1381
1520 251
544 332
440 794
1166 227
730 128
86 189
1458 221
125 1012
140 1667
1253 1664
191 1580
913 402
328 718
1163 998
1261 1512
714 1568
472 1794
1587 1303
1764 1775
85 1247
245 1463
419 1606
295 28
1018 1022
461 1361
767 969
89 603
873 1508
631 474
1330 1197
953 1679
1766 1336
910 269
532 1758
91 142
457 216
1724 772
1247 1021
1331 1280
712 293
87 999
967 1597
488 1628
551 505
355 16
1620 231
971 1068
942 1170
342 298
1228 1629
129 796
94 1241
713 1477
370 1178
664 1506
989 1621
590 1150
93 657
95 1755
1283 338
681 1358
754 1671
850 1187
1237 1274
547 277
96 729
270 1739
1738 909
1562 1376
1132 75
203 965
1216 258
1031 1554
1473 1319
1133 705
1284 1673
99 249
314 946
266 313
972 652
1630 1536
1223 1000
1110 1583
400 412
97 585
1194 890
1715 1660
1610 850
1746 887
1594 931
100 297
101 678
102 250
209 906
284 460
761 600
1691 1188
554 1131
1324 160
1063 876
788 1593
499 1045
1524 879
706 155
1780 83
104 1063
786 406
513 1601
493 570
620 1203
1303 891
256 1600
1157 866
105 1317
107 1781
1343 918
776 1370
872 829
1318 1229
667 1231
1323 196
188 24
1048 149
1614 452
1478 436
109 1472
922 1696
1185 49
1548 665
951 344
110 975
1584 1528
215 1082
1210 159
112 1156
231 1281
438 974
113 246
226 439
1475 467
1364 1294
1509 967
560 855
501 117
1376 613
1277 347
1394 1431
111 1032
278 114
162 1786
465 593
1773 1143
1295 565
159 443
1359 557
1279 1145
579 243
114 647
118 620
449 722
115 515
119 798
382 846
120 261
459 935
653 1171
1100 100
121 805
814 959
1116 563
695 672
239 659
1344 924
1202 536
123 1582
1464 47
1362 917
1057 1026
938 1476
1382 359
670 725
1036 1272
1276 1527
762 520
943 1080
793 104
257 1611
128 707
1487 194
783 674
154 1006
274 651
405 793
606 764
1454 273
1728 1645
1196 973
466 1134
1144 972
131 1552
490 703
531 1543
1392 1723
130 710
778 1070
1127 1713
1450 240
627 1599
1011 1654
132 1108
1470 1035
1290 9
505 1344
580 380
1183 349
1188 817
135 1089
379 1703
986 82
136 1529
138 1724
1755 1332
1727 1596
1772 1435
139 1083
1580 789
323 739
619 1563
545 1495
1044 910
1287 91
369 895
1508 1165
1146 1782
142 1441
1358 700
851 811
143 1767
973 562
1391 1634
146 18
1713 138
224 271
147 1341
248 751
1150 1457
1168 106
1114 1595
716 575
442 836
1535 1575
471 1291
1546 86
1373 14
1068 123
149 1609
150 1206
929 584
1601 696
151 1314
1004 1551
152 884
1141 498
612 247
1421 741
1705 78
1408 577
1430 913
1560 274
1663 814
1035 1205
605 1770
1484 1365
1134 1144
944 919
1485 586
1745 256
1529 151
671 1094
685 1106
878 1534
158 1166
371 1702
863 472
1206 1622
1039 502
1145 661
637 1749
739 1348
1165 1326
1317 1514
407 1484
1556 833
1109 667
161 176
242 1598
163 907
1233 587
1058 1269
1502 468
1752 701
1761 1792
164 161
165 1133
1207 253
460 175
473 872
978 1290
166 1184
258 848
1555 1661
1684 516
782 1352
1327 12
167 1690
1190 553
169 856
970 1592
1158 1586
1668 1127
882 547
170 1694
443 398
1649 1046
171 1793
919 1014
643 1122
172 418
1539 704
742 1382
1209 292
1494 454
1371 282
1007 839
173 283
174 92
254 1009
665 478
1027 618
768 932
1623 1053
358 756
694 1556
610 1442
1446 164
177 1594
276 984
1045 1123
441 1757
1076 353
179 1657
1771 1746
1490 52
933 371
181 1183
1551 428
1653 355
543 630
195 157
1572 883
232 1102
785 33
1451 451
1219 750
183 431
887 1504
1640 148
1079 629
185 602
1217 391
229 204
795 98
450 485
184 308
187 1058
991 556
963 1481
182 858
1422 680
571 244
190 304
1452 1429
1650 1182
1240 561
1662 132
1664 1002
826 1670
214 812
819 795
193 987
233 1084
657 864
1710 425
687 1752
843 634
194 1638
1414 440
1026 1267
1151 1194
1590 1342
1334 62
192 135
1213 395
316 1071
1332 1411
196 979
197 886
749 60
540 1069
1377 771
1517 955
198 1738
349 386
500 1500
200 1073
360 1570
1280 1525
1192 778
852 666
1550 854
1208 625
775 1309
294 539
1427 203
1161 1604
1651 579
641 874
201 248
202 1056
204 1669
1782 1459
324 1458
205 54
206 1112
927 1140
954 1493
392 1172
303 238
586 537
1227 1790
208 169
451 267
428 1576
207 1114
399 774
1504 949
594 660
211 1613
796 641
947 905
212 632
1760 1048
213 689
632 26
1442 1518
1024 1338
566 369
1121 1101
1322 1311
1333 264
871 645
518 1324
429 761
923 694
1609 1494
1148 901
216 492
1770 144
219 493
312 325
362 1407
218 823
220 1578
1716 573
898 1350
1211 1181
1316 962
409 514
1566 1745
221 1452
222 461
984 1388
223 776
726 525
281 1337
397 270
463 1698
911 430
302 622
320 735
917 688
1690 1762
1445 1079
347 1577
1593 1209
367 995
1263 129
225 1519
227 378
228 1791
1173 1312
526 576
906 1287
1103 726
1049 1075
453 237
909 1439
1768 1109
966 70
1689 265
230 481
877 1424
262 76
1510 780
1700 753
468 1460
313 1721
234 930
236 782
1278 1135
847 1285
1721 260
673 1230
1479 13
1353 1334
427 275
883 818
1513 351
506 1501
936 433
1243 64
1718 785
1429 242
648 1675
1436 626
999 1322
875 1663
697 162
1179 110
1180 497
433 187
1694 881
881 1448
1214 1104
495 373
1726 1192
1082 834
1091 1256
1731 1699
240 1400
243 923
244 947
1088 1624
1604 1275
247 367
426 1605
1423 358
1159 755
1639 278
634 118
249 1151
1595 1302
299 470
246 241
251 1387
1360 1398
1164 1687
1097 352
1184 276
1305 1176
800 1389
934 588
252 821
840 1392
1498 1289
980 540
888 894
255 1510
1267 6
380 980
1735 235
1232 1235
1674 1034
578 171
894 903
1467 720
945 1615
548 1436
1218 456
771 1043
352 185
1120 360
588 596
663 476
1050 521
1419 1011
263 201
1441 1798
259 376
1506 956
930 1357
1096 500
304 1497
1431 1788
1637 1100
267 921
1606 875
1788 845
279 912
628 255
265 1279
268 1086
747 1437
1224 233
520 1627
269 303
1398 615
1702 1725
1607 484
271 153
1288 941
1612 178
318 970
1010 951
1737 438
593 546
1081 229
1671 1462
642 1292
1379 1201
835 976
985 414
1744 471
1501 1039
1381 420
719 299
277 1684
982 762
1066 1709
638 806
1345 1261
1105 1542
611 1030
1138 441
1585 1585
280 1129
1033 93
1361 266
1767 1078
1041 642
435 1750
650 1488
794 616
652 1722
1123 968
283 594
781 617
376 65
656 1378
862 1742
395 1677
285 27
1053 1478
692 364
286 1747
425 865
1747 56
1457 252
787 1228
853 1756
1239 1249
750 889
289 1630
1037 449
1383 993
549 172
290 1351
1155 90
292 1189
779 1016
1367 832
1404 527
293 1719
1325 1505
932 1343
1533 1769
1591 1190
298 820
825 1224
1424 1148
1749 95
297 133
1368 646
1221 766
728 807
1631 209
301 45
1447 867
434 862
300 1099
1023 627
753 595
1677 1300
1435 983
1008 499
1492 1474
1119 636
1198 1284
918 223
1199 193
1297 108
766 432
308 396
1370 213
884 669
630 1516
1113 259
962 1250
458 361
307 1273
309 1347
1242 74
1093 530
1319 1159
345 1557
311 598
992 1233
589 1538
1553 518
666 977
597 671
756 809
823 337
341 592
1257 1226
1162 182
842 534
659 1726
740 195
950 892
1678 447
757 1535
1238 604
668 69
1733 1263
317 1733
827 51
1415 656
1626 1588
1335 831
677 290
1495 1705
1268 612
321 327
322 136
880 1492
868 1461
1611 317
987 1546
1075 1676
1568 1395
1062 77
325 1653
1186 567
1059 702
353 435
1730 1019
327 370
1525 1212
365 738
329 1397
331 1768
1763 1647
1000 1784
330 158
333 1689
1634 284
956 1369
1693 555
378 1163
1174 763
422 721
1264 964
334 1789
1099 633
1734 408
1021 1377
1617 802
1304 331
1497 1701
340 1410
1521 1468
1252 1323
1015 1680
698 401
617 1335
1564 686
845 1763
928 1539
343 897
344 950
504 7
1281 936
413 1116
1602 1368
707 1445
1633 733
1400 635
1326 558
346 73
348 41
498 1426
351 804
724 1473
436 1154
725 851
1463 1257
350 1438
354 72
356 111
1589 730
965 871
1471 1778
357 491
359 1451
530 1764
1286 457
1126 655
752 717
1095 1085
1483 963
773 1507
361 1119
363 180
475 574
1193 205
1385 679
1646 1049
1536 322
772 745
941 1544
368 1710
866 1088
1679 614
879 1469
372 559
1236 1785
373 1353
485 551
1181 922
375 429
1565 55
1347 549
618 933
604 1210
1658 416
1619 1136
374 759
996 1418
1681 544
420 507
755 37
1225 503
859 1665
384 445
1254 23
1328 410
1329 1419
1346 487
849 786
816 777
385 640
386 1553
1460 966
959 1416
387 1766
993 1147
899 289
1779 925
818 719
390 611
448 1072
1030 747
389 455
745 1761
798 1018
393 38
394 1559
1461 589
792 1691
635 1248
575 1399
557 1299
424 168
1673 572
654 11
396 1406
398 350
1425 1208
1530 682
1656 1107
1469 1142
1312 198
1308 816
401 939
403 837
777 287
402 421
765 978
915 61
478 1650
1632 146
696 716
1503 1017
662 937
410 1325
411 1236
1363 952
1395 1007
1645 230
1378 125
639 79
415 554
416 285
417 662
418 1255
682 1521
815 724
1576 929
751 1103
1687 1688
1321 1158
1271 346
746 407
1356 1121
1084 1047
423 1635
421 915
841 1149
1784 1167
509 1207
1311 156
1154 1485
983 601
432 1475
901 174
609 1728
867 784
1440 1744
1438 1414
1786 1288
511 1548
1625 792
1270 653
874 1662
1644 1642
711 1346
1481 683
686 1282
1230 1569
439 357
546 1117
1642 1571
1293 1316
507 296
1420 1055
542 926
1389 1042
1428 397
607 1234
446 552
722 638
1167 1193
444 752
445 383
1309 504
1340 1740
1523 1124
1407 214
1034 208
537 637
1541 1245
1147 1222
452 458
1055 219
1600 1681
1090 773
1635 372
1107 1572
1743 1656
1624 1054
455 1180
1654 1004
1411 375
529 1098
1638 1498
1417 211
1456 1524
1599 569
599 1227
669 1077
462 1454
1357 339
738 1655
1627 1113
1339 1678
1774 1390
1765 1773
569 1385
467 1489
469 206
897 1607
649 1697
760 1754
920 113
470 1708
1522 803
1444 222
519 1037
1516 107
474 532
1532 1383
1137 1718
1558 1041
476 1573
477 545
636 580
1736 861
1077 1729
1512 1450
482 1526
1486 1003
484 649
791 1737
1462 329
483 523
480 873
1117 1425
1182 868
491 81
1020 1036
908 477
1697 1547
492 1537
974 96
494 1115
1092 960
535 1579
958 1057
1708 1221
803 1025
645 708
957 2
926 59
497 985
595 1105
516 609
1388 898
616 650
503 239
860 272
502 1631
1552 312
856 281
1017 400
1299 770
1561 731
1255 1422
508 1734
510 526
1740 958
1365 99
1089 543
514 896
1106 1402
515 1220
1528 1372
948 483
1149 215
517 1643
1570 1780
998 1716
615 1483
521 768
522 1050
854 1110
1108 619
523 713
684 141
1655 740
1399 1059
567 50
723 1623
1350 670
1115 379
1785 262
1122 852
527 801
1618 1741
1172 1096
1712 119
822 309
1320 404
1657 548
865 127
1139 676
700 405
764 781
534 197
1386 783
1292 1444
536 1371
1178 583
1683 423
541 1443
1201 36
570 644
1628 320
1143 191
1413 1061
1449 1164
550 1646
1013 488
689 513
552 746
1374 1491
623 424
1704 1735
574 177
774 1626
553 624
1298 1355
1686 658
693 870
556 1118
558 1373
561 1001
1597 1005
651 403
563 1545
1675 1668
981 571
715 318
744 199
1080 859
1621 356
564 1339
573 139
1189 1404
836 152
613 1467
576 1633
577 143
701 115
1567 1682
581 345
582 479
584 302
1592 490
1001 207
790 934
585 417
592 245
596 541
1544 1214
949 1270
1412 473
1012 988
598 1413
1676 1470
806 1330
621 1240
601 58
603 1038
733 343
1547 953
1040 1727
614 1465
1723 911
1696 942
1003 21
1396 1137
1065 382
907 1360
1067 1265
1596 101
1680 944
1748 1237
624 715
1582 1278
1465 1277
625 1168
1439 1238
626 1616
1204 465
960 466
1175 42
1009 1126
1094 1027
1699 1023
1300 4
1022 994
805 1132
646 120
895 1283
1262 957
1128 1480
1549 849
955 1771
748 1020
1259 1217
1070 88
661 1386
1416 1772
1349 1320
1104 342
1047 825
735 1364
902 1028
1598 810
1241 1155
1051 1125
1480 354
679 10
1244 46
680 1139
1514 1169
824 1091
763 179
1231 220
688 522
935 328
769 1743
1573 1562
1557 97
1136 1060
1191 1321
1130 1340
1758 1520
734 321
1260 797
710 945
1707 749
832 1666
1052 181
876 1581
717 799
1648 1618
718 1700
721 1161
720 1097
1372 1456
896 1486
1577 494
1355 1503
729 1195
1670 1672
1258 815
736 732
743 186
890 434
1086 1242
1750 134
891 1258
1234 1799
1056 1223
1472 316
758 288
995 1177
1543 1260
1757 1024
1315 760
1101 843
977 1185
784 89
855 32
1028 348
1507 409
1043 989
801 1081
807 300
1574 1540
808 122
810 475
811 1637
809 610
1390 385
820 1796
1526 542
1443 822
976 824
1336 754
830 442
1071 145
833 779
994 706
834 310
1291 787
1418 411
838 506
839 377
931 1374
1515 948
925 1318
1005 1363
1559 295
1029 109
864 863
1616 607
870 928
869 501
885 757
1647 1179
1402 990
892 1619
1787 489
1125 1636
939 166
1488 1730
912 591
1351 1482
1342 1204
924 1087
1245 1152
1069 727
1511 1120
946 389
979 1031
1605 31
1531 1531
1176 1774
969 200
1588 482
1706 324
1064 459
1569 1651
1220 1403
1285 830
1274 1362
1545 464
1171 1558
1397 212
1002 1707
1212 528
1019 446
1087 1252
1477 305
1177 1499
1042 1415
1714 1304
1046 102
1229 621
1778 943
1538 1405
1354 524
1060 66
1348 3
1251 712
1433 1367
1187 1589
1083 1196
1338 140
1409 1254
1692 927
1437 511
1195 1532
1222 1306
1685 1380
1250 1243
1314 582
1265 1711
1266 5
1434 323
1282 291
1739 326
1289 1714
1775 1286
1352 1396
1720 1162
1403 19
1375 1549
1455 1379
1393 1354
1695 1297
1405 1356
1468 529
1482 1523
1537 1013
