0 1066
1749 1238
2 543
3 1418
1747 115
4 217
1746 748
1745 693
1744 1389
1743 1595
1742 228
9 157
1740 988
11 266
1739 1394
1540 1056
234 838
137 1003
206 1216
339 1644
1495 1740
459 1532
142 639
481 1096
1 264
6 91
8 1020
10 1575
1741 847
12 921
13 709
1574 433
457 1632
997 1029
1285 519
699 1171
1488 367
900 1197
853 694
1748 835
7 762
1717 84
1375 723
290 471
1278 788
1395 1255
1155 1623
739 334
1226 542
159 229
1044 714
1072 1362
479 752
22 69
1055 355
77 547
279 239
1170 1367
370 117
14 426
15 193
16 760
1098 687
435 947
190 197
1259 797
472 1472
340 1208
965 674
461 1622
578 1311
558 1183
750 1498
5 1005
1675 235
520 1185
1679 736
1130 1699
730 300
17 1487
106 1741
1458 944
1596 1566
204 258
1357 1497
510 1288
341 1167
19 873
690 696
195 770
462 1217
1217 120
1516 898
381 189
511 1091
453 831
1229 1470
923 1616
18 1218
20 1037
310 1135
566 778
1198 1044
1313 140
367 1150
981 806
1104 1577
1008 282
107 837
222 444
1101 909
1408 1565
227 1460
1330 984
238 386
893 123
541 920
62 551
83 1674
1384 1436
586 1313
21 1738
826 756
477 1057
1407 1169
1667 521
23 253
1481 1546
940 1714
1570 1090
1584 495
1460 1305
24 893
25 448
589 1121
1241 1118
45 704
1662 486
612 1541
476 1318
1499 1375
1670 586
1159 1574
1180 911
378 934
1254 1582
941 1360
115 777
1445 1693
1001 371
26 1287
1102 699
897 167
627 1174
882 868
264 16
858 1508
1172 475
63 1016
1136 546
1175 343
1420 1087
359 1298
58 1205
606 1724
1682 1359
28 346
29 145
291 1570
1692 660
133 1373
919 484
1694 571
582 679
1731 149
27 1153
30 412
43 871
698 352
248 700
1374 533
1553 661
1497 544
31 554
898 800
478 1492
121 734
427 864
644 819
1066 1457
1557 360
32 50
651 400
1603 880
870 1641
1112 206
1715 1716
1177 1421
344 1428
1527 130
689 29
624 767
163 527
779 985
375 536
72 655
1298 1067
33 1034
34 1140
1641 951
1629 632
1510 472
631 1307
667 858
36 263
397 845
1161 1729
1131 390
655 1709
790 513
182 435
1385 1429
1187 832
1342 998
35 312
37 1629
91 1022
1035 1158
499 1534
1738 668
1631 1260
270 230
53 497
565 252
584 67
1288 854
281 254
1133 970
796 1237
39 1178
1028 697
557 299
210 974
141 181
1094 1444
257 713
40 200
785 569
836 41
1331 874
49 924
1690 671
1174 590
753 166
52 883
38 585
1575 1210
911 857
1077 1253
705 11
130 594
41 1222
42 293
1643 384
1058 1630
1239 1146
1210 589
98 649
1363 943
670 160
1472 460
512 1540
65 1234
801 313
706 1561
913 1446
1561 1584
193 489
909 267
198 1331
1193 645
1045 1085
1505 1715
1537 928
44 1624
212 127
1545 973
957 45
996 565
1111 1075
1106 727
1704 336
1236 779
1592 46
1335 465
613 214
889 51
46 907
47 625
1060 518
635 1589
576 775
48 458
455 1488
590 320
236 153
1387 1089
918 677
253 811
69 162
668 971
1413 0
492 323
1614 417
199 963
1734 169
448 161
1147 483
50 511
120 1033
1205 331
1344 597
407 882
646 1341
747 275
265 1420
608 103
1096 1207
554 1290
223 1698
219 1581
1619 1306
1484 936
738 461
1678 1643
1517 375
51 105
1655 1484
205 172
423 1611
1302 1445
665 945
1405 1007
727 26
245 958
765 1679
1250 1339
805 1692
722 468
54 1120
1485 292
307 478
638 1513
528 1259
1441 379
1455 510
1373 783
988 1551
55 572
692 1107
1162 1385
552 919
978 914
925 1226
408 1640
56 995
1711 922
208 559
977 1654
1343 712
125 1151
912 556
863 113
764 684
1321 702
57 1678
170 1219
939 1439
445 242
59 1638
861 1181
1622 967
1322 1101
1411 132
292 1647
382 345
354 1400
377 501
239 485
1365 1737
87 4
1386 1073
1069 823
278 1050
660 917
61 437
216 1384
463 1521
175 879
1454 833
380 1127
1200 1199
467 717
346 243
60 434
1286 791
1578 830
1043 715
545 732
1215 1191
371 993
64 640
237 1506
754 1392
960 952
720 520
1703 1461
516 866
1046 24
415 1301
620 750
1470 630
1179 1501
179 1555
66 1390
183 259
1432 261
172 342
1021 277
67 1336
1163 541
767 1381
233 1338
200 1483
1562 980
1214 286
68 218
883 1459
1672 1299
1231 766
489 1321
1027 1707
539 305
711 1694
605 274
1568 913
70 1533
393 1201
1225 784
685 1160
709 1372
933 1425
484 387
251 644
716 1578
1141 308
1115 79
323 1505
336 1269
442 1134
1450 225
318 307
429 918
1078 1621
185 1708
71 382
1534 374
1677 1357
1359 722
73 1123
990 834
1722 1730
1418 517
1613 548
542 814
309 1670
1328 545
74 886
335 40
1710 1159
962 966
1576 255
1378 1082
914 57
932 629
803 1387
1437 1371
196 1088
657 1504
1120 111
138 199
642 311
75 1250
78 1489
1520 1346
431 685
464 923
76 1316
79 1144
275 48
288 1223
1095 466
881 1148
220 290
901 681
869 18
1195 226
1125 95
634 1478
1636 180
1274 1683
379 341
390 654
269 507
745 648
333 49
1243 773
80 1018
1685 1051
561 744
480 839
615 1545
1461 1718
930 573
320 926
1305 1235
1267 763
411 612
1438 251
680 828
82 1395
410 1721
776 134
1206 1077
81 503
84 174
85 1245
577 827
295 897
1466 118
86 1019
283 1026
1063 1232
503 1172
1628 615
1268 1080
312 469
832 1240
1612 58
780 1069
161 746
176 1265
1283 881
263 976
437 262
158 1092
157 997
1706 1230
717 1154
1129 1523
88 1442
89 1133
260 446
362 1580
267 453
970 452
1362 373
1379 730
515 841
117 787
1145 80
338 1074
90 383
1168 844
1296 1161
1323 294
1507 607
92 1502
1032 170
286 1312
392 494
663 93
93 642
454 1573
999 638
679 555
992 211
1146 636
938 509
94 1038
485 421
658 522
102 531
1519 1014
880 1263
1563 339
1315 999
95 201
1150 1651
374 455
1306 449
1369 1481
713 1215
553 1691
365 1225
1222 139
786 1556
314 820
1736 1254
1666 1464
97 698
1582 1547
675 605
1621 70
1324 1300
1127 741
1665 272
96 187
99 1224
406 1515
306 317
789 1028
1220 1244
1518 1458
924 451
100 706
348 1192
342 1345
1559 77
101 173
966 840
1660 391
1716 121
103 1291
824 516
368 340
721 992
226 271
1105 276
1264 337
104 1337
391 1366
1451 1535
1211 906
1135 43
1547 354
661 179
1425 553
691 392
1689 584
105 186
127 1733
818 97
559 490
654 1015
544 930
108 758
1616 1065
154 208
1184 720
1448 1657
808 1021
1419 204
1352 1634
109 1190
110 224
1464 794
1015 530
111 532
188 316
844 410
697 689
955 450
1247 405
838 1386
112 965
113 1353
1571 862
715 1495
830 1437
1581 198
114 1407
1290 680
694 1518
266 1431
305 499
1011 7
1292 1696
771 126
857 13
116 1242
1073 1539
325 929
538 1572
956 1147
953 96
1050 1328
401 611
118 1465
1406 1303
1316 1745
490 427
839 549
119 1071
1656 1343
322 658
834 388
1512 216
1523 1193
146 669
954 560
921 257
1059 878
207 1061
124 1213
446 1398
1531 1297
1446 903
817 1656
1526 1351
1482 124
450 1095
1431 843
1334 209
122 1308
123 1376
1504 1579
1068 288
296 1690
1542 956
672 348
221 1380
1573 1115
449 1013
569 344
1269 799
1620 1198
126 203
452 1449
1524 855
1732 1111
1255 1544
1410 1278
904 1631
1081 631
357 399
388 1536
128 940
597 1426
1724 910
1417 954
240 440
1042 1681
129 1335
1024 1004
1509 525
1183 795
686 428
131 852
1487 942
591 789
132 593
1097 1725
604 1614
134 1626
810 202
1189 1723
417 1059
213 725
659 1093
135 960
328 1273
1346 76
324 493
136 635
1245 1559
400 505
507 1697
139 319
403 719
1424 764
1103 1060
1166 1476
140 574
837 502
217 1710
1149 1070
890 30
1594 107
1713 650
1370 1720
1280 1665
549 1610
256 398
1349 1396
1649 496
143 1112
300 1378
985 1325
144 515
649 664
550 108
506 600
1536 978
1382 1094
145 1046
1064 98
1307 222
570 1454
1428 19
1327 106
1144 329
150 1743
169 296
1449 1294
1293 524
942 1184
1674 1196
148 1354
1203 1557
284 863
1156 141
1338 979
1401 81
1091 1053
436 227
1404 624
147 1251
149 1211
1615 891
1079 1474
1709 606
1687 875
1070 1274
319 1125
1071 1024
289 904
152 1686
823 1602
1383 236
1132 480
852 849
153 656
718 540
155 900
1705 1052
1295 438
814 892
1075 1564
1317 782
756 771
653 256
1310 68
518 1438
1192 245
815 462
156 335
671 608
602 1098
358 1170
831 1588
151 865
1110 1236
681 403
1368 575
700 1410
906 598
514 429
1439 377
1529 982
1233 459
160 416
877 192
1688 1451
396 678
1625 190
343 888
562 322
1353 1537
313 482
1249 34
1608 595
1007 238
162 826
164 1493
1550 1364
165 508
166 122
1048 479
1503 1108
1364 1102
783 425
802 1717
995 150
168 59
799 899
703 1669
968 301
1651 443
1165 1734
1009 324
414 1512
1232 447
1579 931
628 1233
1708 114
167 89
171 1063
1591 470
443 1149
611 1388
1388 790
174 1522
1543 1615
744 662
1023 1322
487 1453
421 1586
1429 1625
1040 151
1486 846
1659 1704
1271 171
752 1113
1637 129
177 1549
983 88
725 1145
434 1327
173 72
899 916
617 528
702 765
833 1479
947 1248
770 184
759 131
180 523
513 1618
800 894
1054 463
332 1324
580 1186
178 284
181 1049
274 177
1358 1747
936 481
643 576
1265 905
848 1620
872 47
636 159
402 1358
543 801
491 623
184 1424
1227 147
894 733
614 1423
865 1440
645 306
186 1383
187 10
1309 972
259 1393
508 1204
979 436
795 364
1017 1256
1515 1032
1294 27
1185 643
1256 688
812 1314
482 1379
1623 633
850 1275
1403 506
1084 28
189 977
762 1078
1248 1627
191 890
683 1317
1479 361
1569 156
1169 325
1657 212
192 351
1153 1055
399 62
564 1132
261 1206
1151 582
451 477
294 278
1567 761
439 424
194 1511
1016 1742
1213 1542
1489 283
1664 39
197 1612
1018 359
1475 61
1138 1606
1707 1652
201 1166
347 1122
202 1593
1022 1463
563 813
373 1342
203 1175
915 1642
980 537
470 310
1273 402
235 1352
301 401
684 1041
971 812
740 1334
757 1563
1033 205
813 534
732 1432
1493 378
829 1391
494 591
592 17
1381 73
1598 138
317 1619
1712 1282
1216 1182
1496 133
209 65
211 602
1456 1262
972 747
619 304
1277 279
505 1329
760 1008
1176 85
214 281
845 327
1723 418
1320 670
1238 683
215 318
1494 1675
1287 14
855 60
521 75
1498 338
218 1173
733 1524
504 330
363 9
1157 1258
316 1035
958 1585
1258 728
993 8
1467 1136
1398 411
601 210
404 1068
1301 1348
860 757
595 562
224 990
225 558
677 1587
916 647
1029 1284
432 869
460 1510
1237 987
974 404
821 1246
737 406
1422 376
389 867
353 1409
1012 269
228 1441
1430 1700
950 196
701 168
229 550
1663 925
647 1304
910 1639
1223 1368
1366 1228
1443 356
1242 347
1158 1434
230 44
825 1558
232 56
788 1590
231 1017
922 1143
714 1635
419 146
792 1031
273 1688
1610 735
871 116
873 1109
540 1517
652 884
1514 163
1394 1713
1544 422
1308 1227
804 135
773 991
1090 53
276 1419
888 809
886 665
268 1591
585 52
241 601
1196 394
1402 1596
430 353
242 1571
1718 112
581 781
1693 1660
243 652
244 109
1684 1377
1207 1030
1640 445
849 213
433 596
840 21
1319 363
994 1010
781 71
1720 1416
1447 975
1435 1583
246 1040
247 842
1719 822
1539 538
1325 1659
1244 1195
1393 1131
349 1365
249 183
1490 798
383 1468
1508 223
556 54
1209 142
250 1285
525 1156
1340 125
364 957
412 31
1444 610
1154 776
252 1142
254 673
973 1490
1538 618
255 1732
1194 350
1122 1435
496 1746
1367 332
1599 663
1329 825
258 628
1586 989
530 1126
548 408
547 651
1535 1553
1669 36
1318 803
262 315
501 691
1501 1319
536 1326
1056 55
1399 1129
1483 1703
533 877
964 1062
1235 1525
486 136
302 1163
902 393
878 566
444 567
625 33
361 1594
277 622
1039 1514
369 996
271 1415
285 155
522 876
1546 487
1057 250
1421 616
420 816
272 1382
841 1309
1272 1000
1554 1202
355 753
1003 1648
1500 759
1426 1141
892 295
1260 396
1083 1363
1099 389
280 810
1661 1268
963 1735
991 1609
1350 83
1371 754
1041 326
1137 1731
1462 724
851 380
282 885
583 381
1727 1332
1312 1138
777 1413
769 1685
1139 599
287 627
908 1684
1088 1486
741 1676
952 711
1173 768
1284 821
1037 1119
1297 1176
959 1494
1650 37
1391 740
1049 1221
616 207
1100 1214
797 248
1492 1702
1626 244
967 634
989 457
856 1333
1019 385
293 853
676 1
384 12
1639 1527
943 1083
409 1687
1590 1152
731 666
1202 1374
416 1401
1006 1597
297 1058
599 23
1607 298
903 1526
298 613
299 1349
1014 818
758 1448
879 1471
308 981
1332 1663
1714 1650
1506 805
1030 357
303 1271
304 415
736 467
819 1636
1735 860
1191 1680
1270 302
1061 1500
524 188
519 1023
708 270
847 672
1389 1272
1010 119
1031 1529
603 726
311 1473
707 729
704 1452
571 1531
1474 1667
315 1292
1668 474
1304 176
1686 128
1696 314
987 1695
629 1277
1326 570
835 592
1469 86
1152 1270
1354 92
321 143
1116 755
673 1006
1681 175
618 961
425 1671
483 1350
1013 637
807 195
1442 1048
326 32
986 1552
394 588
1436 774
334 968
395 1361
327 1320
498 1139
535 851
885 836
1076 285
854 682
330 578
424 144
905 1310
329 1406
331 710
768 1530
426 241
1552 1249
1114 676
984 1727
1473 959
666 328
1630 707
1427 939
1221 872
1412 955
1240 1100
610 1711
920 1569
337 358
1051 745
523 969
693 653
1228 927
1199 786
1204 738
975 1604
784 268
441 246
345 641
1341 362
946 287
1633 557
1234 1705
350 829
351 1701
1595 1187
352 780
1261 372
413 896
1463 802
1453 737
356 1267
1698 1568
1291 1422
1107 178
1360 504
1423 621
1691 104
1700 100
360 1739
743 1682
1038 99
1186 1433
782 1257
1376 1712
587 1599
1611 1528
458 1231
366 603
1729 1340
1525 1286
630 1519
1701 1025
1602 568
573 74
575 1673
895 1477
473 6
682 94
372 232
896 552
875 25
1624 1749
588 1592
859 619
376 215
1533 1114
674 165
1281 1157
724 454
945 1485
1034 231
1086 1608
1491 703
1653 431
385 219
1577 22
1680 1370
386 1399
387 1543
1733 657
1397 659
456 887
1065 1164
469 1414
637 1646
729 1628
465 1001
650 1243
1160 1550
1121 583
742 240
1551 1475
398 1520
531 1264
1528 185
1728 1180
1604 1447
1333 1538
596 796
405 1042
438 102
1673 101
1279 1637
640 1079
728 626
1118 785
1080 563
766 1168
1262 1402
928 1411
574 194
418 1655
1004 423
1224 365
1565 1467
422 148
1190 1369
1372 1281
1721 1081
1390 397
822 1076
1642 291
1082 1662
428 414
827 1179
1635 182
687 1403
1601 908
568 716
1053 561
1452 498
1134 1455
1627 708
1299 564
1356 686
982 249
934 1276
1275 579
1644 870
917 937
440 1200
1126 110
929 500
778 1002
1409 1668
1092 749
447 221
471 1280
609 1598
594 407
1652 409
1645 280
1188 895
1052 721
806 701
1617 1247
1541 1567
1511 420
1263 1689
1347 90
1171 492
1336 581
1337 265
1392 1009
526 675
500 815
1566 191
755 807
884 233
949 526
816 491
1478 1412
948 817
466 705
1572 949
1289 1220
534 1027
468 1649
474 1045
475 1043
864 369
1025 539
1167 824
1000 488
1564 1165
648 442
1257 1516
1208 1491
1026 1296
1632 850
1197 1128
1556 220
1036 1011
1521 309
1142 1036
926 617
488 1706
1396 154
1148 1719
969 1266
493 260
1477 1666
495 1177
1201 1462
497 1417
551 273
751 137
1589 1605
976 1576
1587 1323
1300 1722
1648 1279
1558 1600
607 297
502 604
1440 742
593 1103
509 1241
862 1347
1676 368
546 1188
1658 1450
726 1443
1588 1283
517 1480
1181 1548
1513 1012
1178 772
1600 1099
876 1744
527 1130
529 1617
532 370
537 614
798 1097
1400 164
1415 1356
746 66
927 743
621 962
1143 464
1609 793
931 395
633 1261
935 237
1246 1209
555 690
656 439
560 1203
1585 646
868 1189
1123 1344
567 15
1276 609
866 983
1468 289
572 1084
1560 366
887 456
1089 1728
579 1469
1093 1726
1725 889
1606 986
748 512
1457 1155
1737 419
820 430
1282 1162
1361 234
600 78
1380 1293
1339 1603
598 1355
1074 514
1618 859
891 1064
1212 1466
1695 1672
828 1499
1480 1554
622 1503
623 1677
626 1496
1020 792
632 1239
1005 42
1548 769
639 915
1109 1509
641 1607
1348 3
695 441
791 1645
735 1212
1654 1613
1108 808
1697 476
951 1430
1605 333
662 1405
1634 432
664 321
1345 1054
669 1072
1377 1289
678 1601
1119 82
1002 1116
1702 1562
907 577
1593 953
1266 946
937 1039
696 158
688 247
842 848
1164 692
944 856
1087 38
772 87
1597 1482
1730 1194
1314 912
998 1252
712 935
1219 1117
710 63
1476 64
1638 1664
874 303
719 932
1113 941
723 473
1351 1404
761 1397
734 718
1067 1507
1671 152
1414 1047
1230 938
749 1106
1471 1653
1583 1110
1433 695
1416 667
763 1633
1117 902
1555 861
1355 20
774 349
775 964
1303 901
1522 1658
1062 1315
787 1124
1253 1748
793 1302
794 2
1085 933
811 950
809 1661
1647 1736
1251 620
1580 731
843 1295
846 1427
1726 1086
1530 1408
1218 35
1434 580
867 751
1128 5
1532 739
1311 1105
961 1330
1459 1229
1549 1137
1683 529
1182 994
1047 1104
1646 1560
1502 1456
1465 804
1124 535
1140 587
1252 413
1699 948
