0 1025
1898 218
3 1870
1897 415
5 1777
6 1135
7 1473
8 317
9 1439
10 540
1889 669
1888 1162
13 480
14 393
1886 918
15 1127
1885 884
178 1262
374 604
1407 1147
1137 1688
1633 1480
614 1821
1338 226
1254 322
94 630
260 1723
1744 1344
421 90
1804 1124
152 310
1 674
2 182
1899 1658
4 1676
1895 1171
1894 13
1891 577
12 1641
1890 421
1887 229
16 1204
1595 430
884 1090
452 23
1661 464
1523 1195
1865 1590
878 880
814 1648
173 501
1321 694
112 1541
1746 1288
1896 1787
11 780
1892 1585
1717 1141
837 1837
166 1155
1168 1659
1265 1122
908 1795
134 1048
1646 726
1765 154
1313 1089
1452 1460
17 812
18 1734
1594 1652
1281 83
1079 1160
1618 735
905 1856
1047 1416
1578 1669
1893 133
19 549
1098 961
1835 1833
893 108
1023 183
69 1003
1873 445
1607 551
1027 734
620 484
1687 66
1457 132
1314 692
549 965
1388 865
412 270
256 1807
1442 1152
1410 1682
902 1542
1073 987
245 187
1436 1004
354 265
1247 1567
1749 555
1734 710
499 404
364 68
1368 1302
21 1383
106 341
1288 822
650 1545
357 1313
1468 375
740 151
1398 288
1237 483
1846 663
657 621
1743 883
1775 858
20 207
22 831
690 730
344 1298
871 1629
1546 289
1781 258
96 892
1494 1415
782 273
23 214
376 1491
1071 150
1181 560
1654 683
695 1364
1507 275
228 95
351 312
1852 285
1766 1208
918 1394
1296 1332
184 1611
24 1301
862 365
742 915
1683 36
758 1753
208 451
1588 134
99 240
776 648
1279 392
25 1174
1855 913
942 778
1768 1404
1347 1273
1883 383
526 701
331 1028
1100 424
1038 348
679 462
838 504
1203 625
76 1424
618 363
271 851
1533 1412
1667 494
532 1047
647 377
100 1699
569 1633
1805 520
1223 1118
1502 328
1091 1096
440 1743
822 268
836 900
541 1465
1453 856
470 706
28 458
1005 423
1048 1228
1755 779
1553 603
1214 370
1185 998
1435 1024
1636 1668
1169 594
1499 573
920 1017
819 1635
1645 173
1664 460
422 1591
316 1895
738 1040
1422 788
483 26
1831 641
475 1634
1837 203
29 1707
30 658
512 25
148 1509
1095 1346
605 1646
1776 1644
1158 834
26 463
27 805
31 1749
954 903
897 1720
936 309
554 1403
1318 970
1491 1761
496 1061
291 742
1295 818
1778 1316
1871 786
1882 315
419 524
77 1398
1301 1796
1359 596
1686 802
32 278
1856 617
709 986
449 976
57 921
1771 1256
459 645
666 1109
1555 1764
1739 1595
1164 708
1250 1775
1493 1136
34 1295
1866 1
450 195
1192 1433
652 946
1302 1022
1524 1794
349 521
1157 1266
451 1203
1460 1446
1544 1009
1751 313
33 1806
314 993
1753 126
1869 1265
1335 1697
1498 1441
1354 160
47 803
1180 1818
36 606
1406 145
1330 541
779 748
258 1284
1505 477
676 1677
1642 1434
35 376
906 1494
1725 1283
305 733
1516 670
272 1896
917 206
945 859
534 895
938 1008
1721 754
535 262
37 1440
624 311
1319 745
1653 1354
877 953
384 1655
728 374
1044 1847
1677 771
1088 718
743 385
377 1855
38 1696
1641 1647
279 1107
683 544
154 129
289 889
1445 990
636 1165
1413 1367
458 1205
849 29
318 1866
39 877
40 929
895 1742
415 1551
174 1524
1788 723
298 1115
896 269
1791 169
41 6
212 1825
1284 442
566 482
798 1145
1836 179
1462 159
633 797
147 1079
1334 1227
1003 1056
42 261
1036 250
659 712
1474 793
890 14
1874 567
771 1510
43 40
1241 557
766 565
335 308
1823 815
713 196
1242 1181
392 678
813 765
673 583
44 823
783 15
312 1059
834 192
213 1072
1572 1133
45 56
1828 330
1854 1074
1716 782
1409 1505
689 1711
105 1108
1101 1250
1122 79
1428 53
466 1169
1034 1624
1709 1710
409 530
630 372
768 1333
300 219
894 695
1671 419
801 1783
1361 907
1070 435
229 1425
46 316
68 654
1530 1455
1366 1405
420 781
219 1622
1391 1149
48 346
162 1200
87 114
1437 1282
463 774
1577 103
220 318
827 1202
1549 753
1363 1894
49 1793
1007 320
456 1666
1127 436
1408 1515
121 1497
261 810
1617 1070
264 447
1177 140
1551 1225
1708 1577
1860 0
1378 1339
997 536
343 1276
795 454
934 1231
1272 1268
1736 882
622 1537
1764 1799
866 1251
919 366
1762 256
387 191
1126 668
1669 1016
832 1481
163 1279
50 123
51 1862
52 609
53 526
1565 397
586 212
727 1209
1656 215
1015 1454
1501 1330
320 489
581 297
974 1211
54 801
1858 418
181 18
304 642
1357 1751
1102 738
1497 947
435 761
763 1462
191 72
612 995
1423 1414
1342 1683
109 960
1182 740
907 208
640 828
455 1578
531 51
302 556
1510 163
522 1371
794 839
1652 618
55 1525
126 216
1054 1075
568 842
1759 1453
1358 201
1377 1765
146 545
948 891
395 426
1868 138
957 1001
222 1358
1735 1027
1747 1607
1138 1427
56 1159
58 1844
59 505
542 838
156 394
546 954
1367 1533
595 935
1816 878
224 1255
593 1656
1396 473
1670 902
732 235
1503 1884
851 1824
1282 1399
1487 532
1400 811
223 193
1395 1518
61 944
739 607
1729 1472
246 1506
508 1106
1323 147
186 637
176 82
1255 410
110 1175
60 1539
874 144
1026 1733
1800 481
962 629
1051 563
1863 1198
247 75
1416 486
1043 705
648 1000
1446 988
62 1308
63 1182
115 1663
427 1352
1700 1667
120 239
1496 1684
1298 1257
724 1726
1028 1540
1418 951
1689 1530
242 548
64 1237
429 1139
91 1672
345 185
1165 338
1500 382
1081 912
803 1713
993 1213
746 969
1842 867
705 1588
1876 1849
65 266
66 1035
1200 1005
1236 164
1339 906
1336 146
1647 984
194 1232
885 1772
1629 279
67 467
1286 378
1141 1662
460 1873
95 1823
1196 1179
1547 1872
1171 287
1879 857
253 1766
1055 264
293 176
1426 1555
1630 769
461 1637
1829 768
800 1665
939 572
1727 1343
1650 1245
315 1529
70 807
574 766
1807 1603
1853 127
1489 1088
1785 1712
323 525
637 1517
1731 1215
71 1073
523 92
1276 1822
850 406
1814 1840
537 1280
114 1493
592 661
72 1274
787 1132
494 331
1464 1790
1469 1690
912 1601
200 1207
700 272
125 1580
1449 1522
73 673
240 373
1116 1060
1793 939
1198 228
1089 612
128 757
1845 1520
1322 1661
444 737
122 950
74 345
589 349
130 1609
1711 602
1030 833
958 350
1480 99
1695 1489
1839 643
75 411
1521 1432
597 485
831 301
1300 942
448 247
1063 1583
1205 1119
1769 1875
764 1100
1310 87
1506 488
1099 231
1269 223
883 1724
1705 796
616 729
1676 1899
1376 1826
78 1104
990 202
341 1014
967 592
239 1486
1024 1686
462 1235
1715 457
1844 1705
994 1442
1111 1536
1820 243
93 1013
254 936
1548 19
1880 989
446 999
563 1800
79 398
410 1360
1331 232
984 136
367 1776
1261 1437
478 339
658 537
1614 1244
575 300
197 475
82 600
1682 342
342 1816
81 359
83 813
275 1411
1848 598
325 1156
564 337
1270 1076
1259 591
481 1393
84 334
1090 519
1114 1867
333 616
1832 898
267 1407
1086 574
1830 575
1424 1086
80 1789
970 806
1662 743
187 1326
1758 1781
1068 1177
352 336
830 1102
559 716
504 1221
85 428
86 1050
1145 1482
770 24
1303 752
820 1763
1867 1223
1627 1099
889 1527
417 639
1184 1858
1631 304
397 1538
540 1573
88 750
1663 1351
1520 860
1013 800
165 1430
571 709
479 1379
89 893
1264 597
159 1811
1283 1406
90 1188
802 827
1350 11
1712 1422
769 189
1495 1002
1222 470
1678 553
930 934
408 1114
829 1452
1598 1853
92 1429
1838 991
519 1372
136 715
241 821
1385 1714
601 439
1002 671
507 1337
1305 1163
670 590
1097 1678
692 1805
639 1366
1673 325
311 693
959 919
324 1464
1833 1727
381 77
656 847
484 975
1297 73
135 608
1387 1340
585 1043
485 367
1183 97
405 731
1884 696
385 1101
524 343
97 937
660 832
615 69
1012 599
284 1575
1105 1260
1763 1140
1806 1421
175 1475
807 869
1077 1848
550 474
143 120
98 1645
1352 1701
1150 1809
326 162
307 17
399 1725
216 1153
961 744
835 1137
591 830
1271 542
1186 676
378 344
1058 427
583 130
584 985
235 347
1292 291
706 1887
101 1080
102 886
413 137
182 1693
250 152
1121 697
1211 1380
1403 1382
703 511
281 517
735 39
117 1845
103 395
1740 711
643 1592
1483 1619
1657 8
608 28
520 634
1752 303
104 1428
226 1731
1066 1093
1429 220
1014 1642
629 1311
1299 209
1815 1587
1370 666
368 704
288 1621
1542 1704
1235 1324
1660 290
1417 980
635 1068
107 1639
160 820
1701 1400
1812 662
287 1325
1065 1083
956 844
530 1702
1096 864
1172 1381
1107 1487
1268 34
1528 1832
790 958
313 102
439 199
1680 109
1326 861
539 920
1567 1248
1020 1247
1467 1883
1536 1229
340 845
108 534
214 1792
799 452
1392 1778
111 512
215 1846
1218 321
1640 96
1720 1767
1518 1087
1219 443
1478 86
1059 1561
1809 562
1456 624
230 1277
1450 1543
1364 1390
113 1813
236 559
1621 1011
285 252
971 74
144 691
1773 1571
712 1413
190 1105
1216 1206
297 1458
1850 1589
1143 1841
1317 1194
842 770
1011 283
1078 161
116 1064
1592 997
457 528
1570 1503
445 901
903 1044
609 1695
953 1312
204 785
716 979
1349 1240
118 409
691 728
1659 972
1675 1451
791 1084
1197 1535
846 1485
719 222
119 1706
1509 569
131 21
1123 1576
206 1459
482 380
255 128
587 1253
453 582
1108 825
1525 580
678 1636
476 1138
915 792
1665 1547
1087 677
1006 1715
1597 1238
1484 1220
923 1854
157 459
1783 1272
949 1869
145 106
123 1363
278 620
1605 1123
672 1483
737 1010
336 665
1440 1835
386 1560
473 10
888 571
1229 1599
468 1694
1585 1328
252 1111
1228 964
1792 249
124 1755
921 1709
734 1370
1543 1771
1118 992
931 724
127 579
348 1020
992 357
266 116
437 1664
1083 1513
750 157
1596 1269
868 1732
841 1134
129 1038
1713 1756
1706 186
561 246
516 1218
600 507
1508 408
1620 453
1475 1730
1579 286
847 38
151 1863
1110 493
1587 257
665 1032
606 762
525 1891
1345 982
996 1092
155 211
710 849
132 327
133 1259
274 1150
231 727
511 234
388 294
1384 719
1529 115
1188 43
576 1314
404 353
1710 957
1049 41
1156 908
1372 1717
1554 1420
137 1401
697 535
951 660
1601 1808
138 930
590 1389
398 302
495 420
1230 699
556 1246
411 1315
641 816
1064 352
1019 221
1454 255
139 180
140 22
389 855
1009 1375
295 578
1486 112
1556 1760
1124 16
141 413
142 570
815 390
533 1581
631 1183
1025 1304
1381 1374
402 81
1581 175
711 27
602 391
403 1752
1690 767
205 1275
1287 655
1245 1728
1864 1721
1213 1593
674 885
283 1879
232 101
280 755
777 1241
170 924
663 332
745 914
1789 1307
528 5
1144 1620
418 1338
149 1350
1234 384
557 1616
514 814
1035 949
1084 667
991 615
150 471
649 122
536 368
1817 1744
1599 100
393 1519
1135 1579
1373 1196
1320 1466
1514 1186
227 469
1479 1812
721 760
937 1516
1803 1628
153 649
1638 690
1822 1476
414 1889
179 479
607 91
1195 746
1067 1233
1552 284
1252 1267
1104 1600
1346 1786
1559 1290
438 1436
1133 1548
747 1830
944 1285
1639 437
1488 88
503 850
1278 1036
1583 1878
477 1126
158 184
642 547
963 1673
922 1864
424 1098
1225 1054
1590 595
1041 1836
161 141
864 1419
1148 588
1611 1797
855 158
1239 271
1325 1180
1819 1528
1872 1067
1062 1748
1534 896
1622 379
164 1892
1722 1566
960 698
1262 1368
400 1418
1558 1359
1174 1355
1841 1881
1355 1498
1093 516
553 531
225 905
1033 166
845 1408
1697 224
1757 253
1625 217
952 1495
1612 968
1564 1888
1221 717
167 496
168 416
717 1861
928 260
506 1347
1094 63
169 57
423 165
1684 875
1649 1230
1217 1252
180 1640
1291 568
1772 1281
185 1754
755 177
171 943
599 739
823 30
262 638
172 1234
943 1623
1386 444
753 1170
1566 558
1050 680
932 110
1511 44
1810 171
733 1201
548 156
1115 1773
1473 1271
1159 1716
950 1148
177 319
443 916
551 539
671 1604
861 1718
469 576
910 1356
792 1146
207 305
1784 955
621 689
1742 1191
685 931
925 1329
365 1801
394 85
370 881
1360 1392
1253 651
1193 84
292 759
762 1334
736 973
486 422
301 550
1207 933
1337 888
1526 1387
1132 1681
183 1882
1574 254
1142 1117
1632 890
1787 1570
722 167
1056 1192
833 149
964 1550
789 1023
188 1479
500 197
502 1614
1821 1857
1624 1521
1877 963
290 518
828 168
360 1880
543 966
1490 233
1160 1671
1187 1297
1568 1131
189 20
1472 777
775 237
863 794
1082 1569
1397 1438
1267 809
1307 1675
1519 527
330 1112
430 333
1340 1197
1379 1729
941 1158
432 1632
654 1391
699 387
347 401
248 1471
192 566
193 713
1623 614
309 4
195 117
1353 466
1371 1511
1390 917
1294 836
1707 682
202 1496
196 872
1443 1691
1324 1094
756 653
965 1810
1847 1222
198 664
299 1625
491 7
1610 1597
1405 1650
199 1559
1032 1078
363 356
655 852
1421 1737
1824 1409
669 1214
1163 440
570 1095
572 59
646 1738
752 1376
913 225
328 1258
1414 213
1175 194
1779 795
859 799
201 1369
373 879
425 405
1191 50
1394 1357
704 354
203 843
707 1831
760 1077
909 1750
1146 922
538 945
1415 329
1112 1417
675 784
1459 118
702 1217
858 1608
1470 1176
594 1058
209 124
882 358
510 1674
210 1039
1109 450
870 515
1782 476
1767 1342
211 242
1010 111
765 1335
955 227
778 538
472 381
1117 1081
337 1615
1477 1643
1591 1069
366 657
1039 927
1120 1378
1285 251
1341 647
1431 627
999 49
1703 1348
596 412
1441 490
774 1384
1383 1445
218 962
976 1698
914 776
781 1558
1375 791
741 1085
812 54
217 369
221 1373
1147 1679
1018 402
1393 1287
1199 1318
547 495
1404 1042
1608 1303
1875 586
805 1502
1696 1557
518 400
489 508
852 2
1412 804
1432 808
565 12
1210 1254
308 1804
916 819
1029 789
1189 1066
426 552
359 702
1257 1745
1674 1091
946 1740
1719 491
1052 1103
339 33
1698 1546
1733 688
1153 1184
688 1319
1001 326
436 967
715 1820
726 611
1016 499
490 414
396 432
1399 335
233 1598
234 846
379 1736
1584 456
935 1323
927 1045
1586 514
383 210
1080 296
552 685
474 722
1694 1331
1125 1349
332 1871
1263 89
238 1574
237 1758
881 340
1074 876
1540 628
1476 1470
492 1306
362 1504
243 1627
1362 871
244 1270
613 434
319 1876
1730 1838
886 700
644 513
1461 631
1651 1292
1427 139
497 429
1802 1779
249 1829
677 399
1635 487
1154 198
1031 1549
653 1151
1796 899
1072 1877
772 1113
487 1457
1738 244
972 113
251 1553
433 259
1134 1447
1550 1774
265 853
1194 1216
1212 1129
1593 684
947 403
940 863
1603 1490
1348 1164
1106 736
978 714
1215 1125
968 1594
257 835
844 956
1560 80
668 1827
369 686
1704 1819
259 1219
1795 1294
625 1568
628 941
1745 585
1672 1802
1541 909
1728 894
1042 672
375 1261
723 248
682 105
1465 1508
577 790
1790 60
380 904
277 1065
981 1512
263 200
578 633
1438 355
1849 1239
1332 952
751 840
995 1286
904 1082
1060 449
268 635
664 1019
1628 749
1447 1362
464 897
269 1842
867 848
270 824
1600 971
797 1320
282 62
273 181
1458 1514
619 923
276 280
471 1859
1527 1310
1021 1030
1061 1886
1512 679
573 1322
465 1057
327 361
1425 492
986 263
817 295
854 932
1799 1834
780 1501
1113 707
1606 1291
1226 121
1022 523
1466 497
1178 1166
286 926
1522 1868
1492 1289
1433 371
694 94
714 323
848 438
824 1828
1756 1071
372 1898
1774 37
880 533
1170 205
661 741
294 1450
708 817
1797 170
627 70
810 1242
1130 747
796 1478
1535 190
611 1670
808 798
1173 1746
749 1532
296 143
1220 910
1840 204
687 940
975 546
696 135
562 431
1249 1167
1604 981
1119 1798
1615 1293
346 772
1306 1500
1455 758
1576 1026
303 230
493 1187
1401 1385
1204 388
582 1396
310 764
1834 522
306 1296
355 1757
804 172
1131 32
900 601
1092 71
1289 1839
515 119
454 104
788 1173
529 632
1699 1739
1040 1049
1515 293
1244 1062
1008 46
786 155
1881 42
1277 659
860 1469
1448 1144
933 703
1575 787
1741 613
1573 829
1251 605
1260 1606
317 1703
321 1327
1786 76
1637 1507
322 1317
350 866
1801 31
1155 868
1274 1397
626 1423
579 1051
684 1341
480 1448
1232 783
555 425
1209 1110
329 1097
617 506
1794 1444
857 1626
1136 1435
645 1161
1561 1007
1737 446
1333 1602
1780 509
334 675
729 720
1304 1264
1463 98
1444 389
1688 1788
1504 687
467 1443
338 500
1439 1263
982 1063
1811 1638
1668 478
598 1345
406 1526
693 78
826 1055
603 636
911 1722
1562 1791
353 1143
517 1116
1602 1172
979 561
898 472
973 52
447 854
1176 386
1655 1199
821 417
1723 1780
1539 1157
879 1226
1243 589
1878 581
1770 307
434 35
1000 1617
356 292
725 974
1609 1300
358 1037
1231 1850
1280 640
361 1388
544 1461
1166 725
1017 1426
1761 1596
1208 1365
428 1395
872 564
1537 948
983 1130
634 587
1037 1336
825 994
1149 1564
1748 1128
901 67
371 1449
1316 1499
1315 543
1202 241
567 1278
558 178
929 1685
1724 1747
1224 1630
1190 1759
998 978
985 1613
1538 1190
382 299
1485 324
1648 433
1818 1012
1076 1654
969 465
1085 448
1248 276
390 983
391 455
876 1552
1420 65
816 773
588 1582
924 721
442 610
1613 188
784 9
718 1893
1201 1021
869 837
1290 468
401 959
1813 1456
1069 751
488 1762
1045 396
1859 1735
1329 732
1714 1562
1643 623
1343 1120
407 1719
988 1860
1481 1649
1411 1687
662 996
1580 1770
1380 281
416 298
761 656
1179 174
843 1168
1718 282
1328 131
1471 1299
1616 841
1293 1586
431 1031
1374 1212
1626 510
638 681
1309 1653
1681 1477
604 47
1870 1523
1545 1488
441 1534
1419 45
966 1243
1843 1885
1238 593
1702 1121
839 1185
1389 887
744 826
1693 1467
1857 362
1732 584
651 64
513 1015
757 1852
773 1142
1750 236
667 55
632 1556
698 503
1162 314
1434 1544
1582 775
1563 1554
759 1305
840 1610
875 1897
1057 1210
1327 619
1152 1463
505 1377
1760 93
785 351
1246 1803
1685 874
767 1874
1351 1817
806 870
873 1843
1862 1006
498 1321
1808 1492
501 277
1679 1700
1129 873
509 1782
1557 1565
865 1689
977 267
1128 1029
1161 1193
1517 1236
521 1612
527 1605
1167 1572
1644 1353
748 652
1311 498
610 48
1103 1631
1275 1386
891 1034
1691 1851
680 1741
1273 1531
1827 1768
818 1563
1451 1708
545 274
1826 646
1240 58
987 862
580 407
1589 977
730 238
1053 1657
1139 1154
701 1660
560 461
899 1815
1798 1692
1046 1224
1825 1785
720 938
1258 1651
809 1680
1312 911
1569 148
1233 1189
1531 925
1726 1361
887 245
853 928
1382 1784
1619 61
1666 306
1369 1814
1075 1402
793 1890
623 1474
1140 3
1256 763
1754 1046
1004 1053
1308 153
892 502
1482 125
1513 622
1634 756
980 107
754 1018
681 644
686 650
1777 554
1356 1484
731 1249
1365 1618
1344 1865
811 1769
1151 1468
1227 1410
1571 1309
1206 360
1861 529
856 1033
1692 364
926 626
1266 142
989 441
1430 1041
1402 1431
1658 1584
1851 1052
1532 1178
