0 1192
3 369
1897 934
5 1255
8 1270
13 1704
1886 868
15 1355
374 1821
1137 154
1338 1386
1254 1040
260 545
1804 1213
1 1359
2 883
4 1888
1898 986
1891 1177
12 1767
1890 1222
1887 127
16 316
1595 1034
452 1826
1661 787
1523 1382
1150 1268
814 922
173 552
1321 977
1899 487
1896 1360
9 1714
1892 132
14 297
166 260
1168 451
6 508
7 814
17 1793
1889 1166
18 480
1888 170
1079 554
1047 644
1578 981
1895 270
19 1209
1835 892
893 1702
1023 541
1873 1681
1607 1755
1687 746
1457 785
549 1404
10 144
256 1242
1442 966
1073 211
245 724
1436 454
1734 896
364 1218
1744 60
1368 1377
1894 52
1288 558
357 1223
1468 1765
740 1287
1237 1741
1846 736
1775 46
11 104
20 1259
690 233
871 776
1546 551
96 169
22 196
376 1814
1071 65
1654 594
695 696
1852 224
24 959
208 1720
1588 1235
99 1625
776 1439
1279 1469
23 824
25 953
1883 1537
331 631
1100 862
1038 1790
21 151
271 1256
532 431
569 192
1805 1589
1223 1016
1091 1388
440 1098
470 1762
28 1170
1048 1554
1755 318
1553 1273
1214 1368
1435 841
1636 570
1169 952
819 43
1645 1194
1664 1414
483 576
1831 581
475 1615
1837 847
512 1780
148 102
1095 113
605 61
1158 455
27 1070
31 392
617 473
554 413
1318 1671
1491 968
496 1820
30 56
1778 572
1871 1864
1882 712
419 1727
942 325
77 956
1359 1614
1686 667
1855 1021
459 463
758 1455
666 999
1555 1342
1164 54
1250 51
450 1734
652 120
349 1264
1157 542
1460 520
1751 826
314 1761
32 378
36 1266
1406 1632
779 1293
258 160
1505 273
499 1432
1642 1601
33 1479
305 664
1516 1035
534 1854
1721 835
26 1216
29 1108
384 11
1677 1487
743 971
34 1887
279 183
289 852
636 343
458 1307
849 483
318 1162
37 1130
40 1427
895 1405
174 179
1788 1863
298 1188
896 647
1791 907
41 1878
212 1576
1836 640
633 135
147 567
1334 1665
1003 1724
35 620
39 1739
1798 893
351 1773
890 1280
771 14
38 1087
42 1257
43 1409
1241 676
1823 1129
1242 879
813 729
1463 140
783 1460
213 615
1572 1849
673 364
44 860
1716 315
1409 831
1101 1770
1122 1805
1284 941
1709 199
409 1099
630 1193
300 991
1671 623
801 1567
1361 666
229 1112
47 1446
68 1069
1530 110
48 1543
162 1169
463 1616
1577 1748
827 1705
1363 1712
46 553
49 505
1007 371
456 222
1127 1838
121 1605
45 355
261 575
940 18
1617 1862
1708 1831
795 1776
1272 229
1736 1899
622 326
1764 491
866 1085
1762 489
1669 1843
832 856
50 1532
51 305
52 1370
1565 243
586 432
727 165
320 107
54 1097
1858 245
1357 978
435 1316
763 476
1544 340
1423 802
1342 830
109 219
1182 40
907 1356
455 429
53 1600
938 1503
126 1827
568 1318
1759 31
57 642
997 738
948 1697
395 1687
1868 366
957 1176
1735 62
1747 678
1138 1128
1819 335
58 1147
59 717
546 1212
1683 763
595 209
228 804
1816 1891
1396 982
1503 66
851 1060
1282 1107
1487 1751
739 380
508 1450
1323 190
56 1438
60 426
61 1067
1026 1372
1800 1020
1051 284
1863 710
247 813
1416 1736
1413 595
55 1300
62 1306
1255 1548
427 1669
1656 773
1496 749
1298 1434
1028 1522
1418 13
242 932
429 1786
345 1120
76 1803
1081 1652
803 477
988 467
1842 1237
63 1392
65 707
1200 1715
1236 180
1339 1191
1336 1011
885 1804
1629 708
66 519
67 55
1141 1348
1879 1485
253 1142
1055 264
1426 1688
461 496
542 215
64 362
683 207
800 1041
939 2
1727 1421
315 1228
709 688
574 805
1876 1785
323 626
100 1580
523 617
1276 53
850 1083
537 1771
114 1708
724 1009
344 1086
69 1334
70 1008
71 1599
72 1397
787 806
1464 556
912 1030
200 1778
700 48
1449 798
73 91
1116 88
1793 964
1845 771
1098 909
122 880
112 338
1711 1407
1030 1817
958 902
1695 1584
74 1518
1521 566
1893 591
831 625
377 191
448 1416
1063 1327
1769 1183
75 166
1310 737
764 504
1269 1430
883 1390
616 748
967 81
1715 1453
1844 1116
994 588
254 244
1548 274
1880 377
446 0
410 1809
984 1560
367 119
1261 521
689 723
531 187
79 1499
478 839
575 486
78 1220
82 1102
1682 25
342 479
80 1549
1259 718
481 855
84 1157
1090 403
333 825
908 204
1086 779
1830 1252
1424 242
83 684
970 299
134 238
1758 1182
504 1538
85 602
86 1219
1145 1449
770 951
1867 357
1627 282
397 586
1480 38
81 1870
88 1335
1520 803
479 453
159 464
1283 973
703 1555
87 327
90 1636
91 1250
930 1277
408 20
829 333
1598 1324
519 84
136 1106
601 811
1765 534
89 716
1097 443
639 1012
311 202
324 895
93 347
381 1744
656 899
484 1037
92 1818
312 438
585 391
597 93
94 1852
1015 695
485 1441
1785 296
105 138
405 1781
385 33
97 1618
494 1284
284 26
1806 1351
175 19
1077 608
550 970
143 1393
98 1100
399 1229
216 1295
835 353
591 1513
1271 384
583 1508
1302 1561
235 976
1292 268
706 1050
1403 321
1410 231
735 1545
643 1842
1483 691
1657 533
608 295
1752 1638
95 1619
226 1044
1105 1840
1066 145
1429 232
1014 389
1299 336
1815 561
104 514
1422 421
1264 1488
1370 1203
368 1623
103 90
1542 1104
1660 822
1417 29
769 1296
635 1433
102 1226
106 1125
160 1420
1812 237
1528 122
790 1173
705 819
313 927
1680 1501
1326 679
1020 1045
1467 1308
1536 1006
340 931
107 248
214 869
799 1563
421 450
146 1232
108 221
1720 417
1518 298
101 276
1809 1759
1456 656
1450 1043
1364 1646
111 1756
113 1323
236 1401
1621 1330
144 150
1773 1654
712 1055
1547 1459
1341 1527
297 1568
1317 730
115 77
540 994
1498 1657
1078 261
457 1590
1570 1304
836 1464
445 1221
1366 637
903 1582
609 1072
110 383
116 990
117 1879
953 808
1036 782
1452 851
1349 1328
118 330
691 914
1675 1541
791 1038
1197 1096
119 375
131 564
482 618
255 1651
566 795
587 924
453 775
1024 524
1108 258
650 1881
915 1703
1006 1378
1597 516
1484 395
157 1507
949 1490
877 683
120 348
278 466
737 1366
336 1882
1377 159
1585 1315
124 1133
420 1047
125 1552
186 1663
123 1326
992 832
266 612
1083 1031
750 529
1596 1240
127 652
128 1452
129 1526
561 1783
600 382
1475 1772
847 373
1110 314
525 1815
1345 307
710 1245
130 998
133 1505
468 1521
231 744
511 379
388 1302
576 638
1710 498
1286 1550
132 9
1049 901
1156 262
1372 1444
1554 267
156 587
1296 319
135 827
1601 502
137 206
138 1710
1860 1883
590 1294
398 807
1230 747
1019 409
1833 871
838 1551
1454 1884
389 1066
1009 240
295 303
596 250
1043 164
1556 44
1124 1893
139 390
140 255
141 527
142 912
815 1823
533 444
631 1581
1581 175
205 1792
1287 64
1864 913
766 1123
833 1694
1839 1828
674 653
1437 469
145 1753
777 560
170 1534
663 607
745 1286
239 1233
528 12
1234 117
557 142
1035 1234
1084 1564
991 1673
150 1282
151 1352
1135 1158
411 254
918 217
227 1480
152 1109
1479 285
937 621
1848 861
1803 1312
153 459
1689 898
182 1171
607 289
1195 511
1067 471
149 223
155 770
1633 1627
1252 648
154 538
610 341
1104 1569
1133 962
747 445
1690 1557
1639 49
503 555
1278 22
1583 1475
477 722
642 109
922 230
1705 1063
1225 1457
1328 42
1590 317
158 400
1180 174
1239 864
1717 689
1325 663
161 1894
1872 1036
1096 530
1062 402
1534 1144
164 396
1088 680
1722 985
1262 654
400 562
1558 309
1093 1210
1697 1074
163 1239
1625 279
223 112
168 833
717 1448
167 82
506 650
169 903
1832 162
423 671
959 522
641 877
414 181
1217 328
1291 1422
1772 1556
185 823
755 1602
1295 501
1107 114
1543 367
823 1399
171 481
172 1071
943 290
386 1691
515 693
1171 1042
165 1562
1725 1620
990 1322
1331 766
1511 1649
176 769
1115 1798
822 1160
1159 1163
950 74
1076 1288
177 57
443 876
551 1151
1301 1890
469 227
178 385
910 938
1330 148
792 1660
207 266
1784 1440
1229 1022
1742 1361
179 17
925 407
394 416
370 332
1360 1684
180 1321
1253 884
1219 1531
1193 1861
292 1653
762 1525
736 1413
301 124
191 92
1337 1635
1526 702
1478 1154
1631 15
181 1788
183 624
184 513
1612 344
1034 1675
1841 1856
530 448
267 126
232 1136
1118 356
346 1185
920 45
188 961
952 859
862 817
502 1504
1624 628
1877 1343
828 411
894 1628
476 182
1160 583
1187 701
1568 1512
462 308
1472 442
1397 1148
1307 1029
1622 1802
190 1271
187 1272
189 239
1379 1596
432 394
654 1473
699 87
1352 1604
548 35
192 1033
193 569
1766 1406
1294 1630
1707 1746
196 1735
413 919
195 1079
965 47
198 783
299 1645
1610 544
194 27
199 1470
976 1853
363 1875
655 1848
1421 598
1163 1768
197 59
697 1181
272 518
572 334
646 720
1175 152
859 1146
325 1608
1371 123
1044 1094
425 1246
1191 1051
1394 515
704 1297
602 1698
201 917
203 1113
760 437
202 153
1146 1738
1415 1319
1462 337
702 984
206 304
649 216
594 1140
941 1396
204 128
209 1519
210 1103
1109 1685
870 989
1782 72
1094 1816
211 1059
765 1726
955 1215
778 1025
472 1847
834 597
1117 1674
615 34
1676 28
1591 1813
366 510
1120 921
1285 1585
571 418
1431 1713
1771 1075
716 1593
215 147
287 485
999 1119
1221 1341
1853 1514
846 137
1383 741
789 1573
781 100
218 121
798 531
1375 1858
219 1048
403 75
1712 24
812 1591
1506 1478
1552 361
217 393
1147 96
1002 604
1393 1137
1199 1639
1630 257
547 1492
1404 1013
1608 590
647 310
919 694
220 1791
222 71
224 920
518 1127
852 565
1412 106
782 580
1432 193
565 1214
221 1462
1670 351
308 1402
341 218
916 388
225 756
1189 1374
426 499
931 493
1674 1483
734 1410
1529 1610
444 1558
1789 1325
1559 1431
1620 1018
1350 559
671 739
570 1299
1153 865
1185 439
393 1332
830 1340
330 1168
436 1046
715 1797
726 358
1016 247
1235 1314
233 1437
234 1159
379 83
1653 658
1174 1238
1586 834
383 1542
230 67
1080 99
1388 579
1599 585
474 1418
1694 1436
1144 10
1731 1320
332 509
884 1819
237 171
1378 969
438 1717
1074 1451
240 1598
1647 1711
742 857
1324 1251
1783 632
676 1381
337 918
711 911
238 1285
241 714
244 1837
1032 1061
243 1358
613 1732
319 1873
1443 1524
552 1889
675 370
1461 1533
264 810
670 677
339 185
1192 1701
1802 1777
249 205
677 1725
1635 1101
1031 660
246 184
1703 1303
1796 1609
536 972
1072 1733
772 1138
248 821
487 111
1738 1317
250 925
433 1774
1134 1141
265 1362
1194 784
1212 1202
1564 1801
304 8
1730 1559
951 1595
252 1225
1603 228
1348 960
944 1835
417 1375
1215 774
402 172
968 757
251 186
1560 188
668 1150
257 743
1213 1274
1704 1350
1795 1547
1810 947
259 910
1672 692
1728 1187
1114 1476
1399 948
682 1391
1465 251
577 512
375 1387
277 1338
1652 503
1050 1680
981 214
263 1489
578 386
584 1486
262 996
1849 1131
995 900
904 271
805 1833
293 557
268 1054
1628 1670
1447 610
269 131
867 1236
307 1824
1600 80
589 1855
282 1111
768 168
629 772
273 1546
274 639
270 1806
275 1081
1319 675
1029 975
291 665
1021 878
1061 589
592 1721
1512 1423
1263 189
1527 263
573 816
1408 1298
1817 401
276 549
465 1719
327 1571
986 470
751 1812
752 1577
520 1354
1113 1275
1354 435
1856 1529
864 829
1428 1775
422 1442
1746 616
978 1077
1606 115
881 372
1265 158
1787 1005
280 1254
285 281
1509 801
1178 1678
281 1510
286 1523
492 36
606 103
1522 456
1188 1690
1433 786
283 742
288 584
714 194
526 311
1756 740
679 1058
1774 687
1411 294
290 706
1041 1463
335 732
1385 1603
294 1737
797 125
1183 495
1719 1594
861 1799
796 1752
1535 800
1267 1411
738 1258
1173 97
749 425
868 178
296 523
1663 291
687 415
1875 1540
696 548
562 1679
1604 1644
692 1080
1186 1152
1119 1172
1615 997
1313 1017
1414 850
1306 1723
1579 1412
1477 685
1455 987
1618 937
1576 412
303 965
418 945
302 777
582 1749
1340 63
306 1829
514 890
373 1511
516 535
309 1199
1398 1217
524 1198
1814 1530
837 1019
1289 872
906 885
746 649
728 1509
707 1764
529 252
310 1347
1743 376
1515 1728
1834 815
1244 141
316 854
1008 600
593 768
628 599
1277 1178
963 838
1885 1167
1575 1290
1741 700
1121 641
1260 1471
317 475
321 1134
322 1165
1064 601
350 1367
1068 974
1486 1634
1801 765
1274 1692
626 434
480 745
328 778
555 1403
329 1716
1196 906
909 958
857 342
1022 1082
1376 759
1228 345
1561 1426
1737 16
1099 1892
326 301
853 69
1106 1535
334 1868
1740 37
729 1750
1444 635
1688 1874
1587 882
1504 606
1089 874
1439 1267
982 1180
1811 1474
1640 881
406 1886
603 1383
338 609
1473 995
1332 1415
1854 1659
972 1126
1562 1053
353 1276
1386 212
1210 849
1533 1572
637 405
979 428
898 1049
826 1428
343 1822
973 709
1638 1364
447 1261
1176 195
347 1365
348 1807
1655 755
1723 1090
1614 397
961 532
879 1763
1667 1241
1476 1331
352 1539
1172 629
1373 957
392 1329
434 1877
1346 1869
510 1782
1850 288
581 1190
1000 780
1665 792
356 220
1499 614
354 387
1231 983
355 622
359 1517
360 287
1470 703
358 790
361 198
362 1357
1017 1672
1761 1373
1208 1832
872 1536
1828 1092
1865 686
1280 1611
1102 1664
983 954
365 410
1054 659
886 1677
923 1500
1884 1310
1149 563
1748 23
1316 1211
625 1586
1170 1026
369 1429
371 725
1202 349
1407 752
1358 955
1745 794
558 1145
372 441
911 1795
1767 1696
672 249
1753 536
1224 300
1111 1647
378 449
1190 1689
998 1424
1770 636
380 1311
599 751
1538 735
1126 1896
1216 1866
382 500
1485 6
1706 452
1142 173
1540 39
619 1743
719 1841
1818 1384
1792 1850
1226 539
387 458
1085 1337
897 406
1248 887
390 727
725 605
1840 543
876 155
543 546
391 950
1390 156
396 398
1218 946
718 1091
1211 277
1201 1196
1513 253
1290 1872
658 472
401 79
669 1269
1351 643
954 681
1643 944
1632 1231
407 1353
1384 1579
1649 728
1492 596
404 870
784 68
820 1278
662 837
1165 1135
412 1707
1580 754
1420 1389
1387 1000
1380 1333
1574 1204
807 1195
645 1095
761 674
1179 1205
415 146
1018 1062
416 1484
1184 1227
1718 339
1039 1742
1441 241
1247 313
1497 447
694 836
1514 177
1739 993
845 1811
424 1769
874 1592
1616 926
688 593
430 713
993 1588
428 761
1059 646
659 41
905 1693
1374 1494
1347 873
431 1001
437 704
1309 1206
821 634
1870 246
1458 1064
808 1575
563 1617
1545 306
1662 1779
1541 404
1005 1468
439 1301
442 1472
604 1084
1549 889
441 1425
817 1263
1693 363
454 1740
664 1260
1389 329
539 1291
1501 1497
1681 352
1733 200
449 1506
841 1124
773 1376
1750 537
1427 1789
451 1379
1881 95
921 460
888 462
1445 651
507 1597
1732 988
974 517
1232 592
667 1265
698 844
464 1621
460 350
466 1007
1162 828
1474 711
1391 1010
1494 645
644 1709
1434 799
1563 1243
824 767
996 1371
467 1810
1027 368
473 1867
1698 259
875 781
1637 433
757 1482
471 468
1057 750
1567 1
651 1642
1724 420
1132 1466
1314 793
964 1380
505 507
657 613
788 796
486 1648
785 1758
713 1667
1760 526
1626 967
489 1197
947 1247
490 1859
559 1495
1490 312
488 1668
491 627
541 1661
1779 118
1243 904
767 323
493 1491
806 3
873 58
1209 670
495 1796
924 1745
1238 272
1862 657
878 265
1500 116
1453 461
497 293
498 655
1025 1394
946 98
500 76
1400 1607
1010 1857
1353 176
1573 1186
618 210
1305 1458
522 494
501 414
1768 731
1155 863
1679 1445
1245 933
1092 1249
1584 430
1333 1467
880 1164
1813 1105
513 697
865 1121
509 1722
1166 1174
1713 143
977 133
1648 136
1161 1686
517 1606
1866 1385
1471 1363
1130 1262
1797 791
1668 129
1517 1117
521 1612
1257 1400
842 1207
971 940
1087 474
748 1498
527 573
678 1845
1069 726
1275 1200
1181 1339
962 915
1794 1730
535 292
1691 1024
1502 1179
538 161
1220 673
693 1760
1355 1149
544 929
1131 1516
1304 1871
1826 760
1240 78
987 1122
966 225
775 1068
928 1283
580 1014
634 886
545 1794
1646 939
1589 1655
684 1153
1329 163
553 492
1843 1056
730 1650
1776 633
1605 1143
598 764
1053 1454
556 1825
1139 980
560 1346
1550 936
1701 1583
1566 1115
1056 1032
1222 1656
1204 1305
1401 1587
1045 1834
1821 820
1046 1345
722 577
567 139
1123 436
564 1398
1448 1156
721 540
1878 1800
1052 465
1700 1028
579 203
1525 278
1825 1622
1685 734
1233 1208
1829 908
588 788
780 1002
804 1224
680 149
1382 1139
1619 50
1807 1626
1666 992
1824 85
1004 1076
1205 568
1488 1844
1659 582
611 86
612 1110
614 1065
723 201
1651 930
793 1279
1438 1718
1859 611
620 1078
623 916
956 1729
621 235
1874 1839
839 484
661 497
624 571
1065 1456
1075 1860
902 280
816 891
1140 236
627 949
1446 1003
632 1885
1327 1088
708 867
1594 1898
1300 1613
638 1015
753 457
809 324
640 1662
1440 1395
648 809
1308 1640
1847 506
892 905
802 943
653 30
869 1132
794 525
1033 1637
810 661
660 408
754 578
1320 108
1381 840
665 848
1362 1114
1786 1281
1395 1515
1869 374
1060 690
1258 1057
1322 256
900 547
1082 167
720 197
1611 698
744 1682
681 1201
1482 94
685 399
985 1700
686 1419
1582 365
1699 897
1203 446
855 283
913 208
701 715
1507 1004
1531 762
1678 1496
1335 423
1459 427
1763 1073
1644 1027
1013 1676
759 1118
960 1189
1249 1643
731 424
1777 1309
1650 354
732 1493
733 1683
1198 1865
1177 1544
934 1578
1273 1447
1808 1408
975 1876
1167 1666
1344 4
741 550
1148 1253
811 1836
1451 1851
1151 721
1684 1766
854 1574
756 1784
945 705
1227 134
1315 942
840 1289
1539 1175
774 89
1207 1443
1571 269
1040 320
1827 1565
848 322
1757 1731
1749 1093
844 603
786 5
1466 1706
929 875
1537 1566
1781 381
1524 1230
1103 419
1251 682
1613 226
1303 1629
1569 668
1673 359
818 1344
825 846
858 1023
969 488
1702 888
1696 1417
1206 818
980 360
1311 1830
1469 1528
843 528
891 619
1143 302
914 101
856 1787
1692 812
863 574
860 853
1356 866
1136 858
1281 1695
887 1633
1609 797
1037 70
882 1754
1799 1502
1266 1658
889 32
1112 1757
1726 1880
899 234
901 979
989 105
1790 758
1593 1699
917 843
1780 662
1369 1631
927 845
1293 1624
1820 1570
926 346
933 1481
935 753
932 1349
936 1747
1822 1039
1634 699
1519 1052
1367 213
1489 719
1658 1477
1125 73
1851 21
1001 286
1861 1313
1154 1292
1430 1161
1365 482
1012 1641
1011 7
1419 1336
1042 1897
1838 1520
1058 935
1256 1369
1623 1465
1070 1244
1312 157
1402 478
1129 1089
1343 894
1128 672
1493 1184
1425 1553
1270 630
1152 789
1602 1155
1729 1846
1268 1895
1508 130
1592 1435
1392 331
1246 733
1297 963
1510 842
1405 422
1481 440
1495 928
1532 1461
1551 1808
1557 275
1641 923
1714 669
1754 1248
1857 490
