9_45_55_59 3_6_14_18 0.195201781911534
74 66 0.0403456165117762
91 10_27 0.0058786925532643
16_25_49 90 0.371604339015379
74 23_69_73 0.0195469200355806
74 22_39_58 0.0922024644096126
64 22_39_58 0.090574387715646
7_32 71 0.0146470774198549
9_45_55_59 01 0.0890867749975922
61 76 0.0018572378665257
56 31 0.00948627786674
13_43 80 0.0264721715107265
29_36_52_63 87 0.0305127325028045
72_81 75 0.0303103665031155
31 80 0.0097049544794014
9_45_55_59 47 0.0190679497315285
62 10_27 0.0298548420323113
84 15_57 0.0021826880610081
66 77 0.0074302072685424
50 34 0.042376255652137
01 88 0.0450523208268638
66 15_57 0.0001321630222784
29_36_52_63 2_12_19 0.122348118385104
7_32 40 0.0896258073470589
24 56 0.0026905849329036
31 71 0.0155682145114488
01 47 0.0298488087258814
87 10_27 0.0221205784502074
29_36_52_63 18 -0.0599038592936585
41 77 0.141509762822293
29_36_52_63 42 0.0135011696149462
30 84 0.0575842246063912
9_45_55_59 8_44 0.0029576959922199
20 18 -0.0620699221321517
61 7_32 0.0832450968308132
87 31 0.0137814255355042
47 88 0.0135294622355258
16_25_49 13_43 0.0108345676901834
56 82 5.06325794766407e-07
68_86 29_36_52_63 0.0308603968176911
87 20 0.0875149811038559
21_26_51_60 87 -0.0313710792028489
17 91 0.0036957423953518
61 87 0.0123417007595894
20 54 0.100183418284013
3_6_14_18 91 0.0234353111821093
61 84 0.0043377798238704
61 47 0.0542773001910762
91 87 0.0132303964166458
35 30 0.0141573906755173
64 87 0.0549860161615867
76 31 0.0127949618755667
61 13_43 0.0368365156256636
8_44 3_6_14_18 0.0367220275068988
3_6_14_18 20 0.0220371905999672
67 34 0.137897521005715
71 11 0.0018014145500236
01 34 0.0516019099920885
23_69_73 4_5_28_38_46 0.0363504909583231
71 47 0.0385933655170369
35 01 0.0058167635593023
01 4_5_28_38_46 0.0618602926569446
47 42 0.0963529809689941
2_12_19 15_57 0.0263988061962595
31 54 0.0087462807366103
84 87 0.0002236504077295
65 53 0.13712049437007
20 22_39_58 0.0480228013149041
30 75 0.0591222592392747
13_43 15_57 0.0847955475847759
77 75 0.0440450844323146
31 82 0.0351126271038248
37 77 0.0220998413095194
85 4_5_28_38_46 0.0245506903175836
16_25_49 40 0.0426006148867846
18 54 -0.0754803165306283
8_44 15_57 0.0264406644225356
84 53 0.0124532803226452
40 47 0.0360011337669251
8_44 82 0.0430013159100032
71 15_57 0.129922391214214
91 82 0.216938236675875
18 80 -0.007882318343684
8_44 47 0.14187160331634
33 84 0.0843537916552969
76 23_69_73 0.0111894711254643
41 85 0.175426231867995
61 35 0.0174639588182349
4_5_28_38_46 42 0.0272877507214983
35 53 0.340142799863107
7_32 15_57 0.0467117160387563
16_25_49 84 -0.0726954314703535
4_5_28_38_46 18 0.0350644144863235
50 71 -0.0995606646360501
24 29_36_52_63 0.0695476819737056
78 22_39_58 0.0371271502531368
62 01 0.011910176448362
89 10_27 0.0246725280733865
76 22_39_58 0.09158579953483
62 34 0.107127660342416
35 23_69_73 0.154965512305656
24 13_43 0.0794978515606475
23_69_73 53 0.29045109652278
68_86 88 0.0277281221612413
65 84 0.0536961907468975
71 78 0.181663986848116
64 71 0.0462716563585201
41 76 0.0281781932122571
91 31 0.105392183852704
17 76 0.0123743915512316
01 22_39_58 0.0295384776088705
35 65 0.149537379207738
23_69_73 30 0.0017132596094234
21_26_51_60 80 -0.0241821098204699
64 72_81 0.210551590489159
70_79_83 31 0.0206784067585235
17 16_25_49 -0.0060654130538238
30 53 0.0033208303716649
15_57 89 0.0376056606365875
47 22_39_58 0.032451791087441
62 91 0.291928975093368
74 72_81 0.0074718089671275
31 22_39_58 0.066109605444026
4_5_28_38_46 34 0.135846192829919
7_32 72_81 0.0800512821537809
31 88 0.108012535601938
76 72_81 0.0005897098571766
47 10_27 0.005045914996377
17 66 0.0284489840960341
87 90 0.0684726783214556
7_32 56 0.128615097976815
8_44 80 0.0028239477211087
70_79_83 37 0.0256173297624851
22_39_58 75 0.0222574262476825
18 47 -0.0102336768767535
7_32 31 0.0138087677315423
70_79_83 34 0.0538732220425277
29_36_52_63 11 0.0559684167815627
29_36_52_63 90 0.0789593777802582
01 3_6_14_18 0.0217079051575251
20 15_57 0.0034337493184392
4_5_28_38_46 72_81 0.0309894145560116
91 13_43 0.0224849799551996
85 75 0.0396515638490995
61 3_6_14_18 0.0472824465954356
56 87 0.115090601101475
76 77 0.0214831440149212
85 37 0.174184512620175
9_45_55_59 7_32 0.0392548765929113
16_25_49 82 -0.0358286611077888
76 66 0.130637339189776
23_69_73 18 0.0534544412685146
8_44 72_81 0.0968355180860353
66 75 0.0805434307242476
29_36_52_63 88 0.063209874226677
66 70_79_83 0.073814462459781
20 31 0.0461097853927009
56 3_6_14_18 0.0207507960612014
50 56 0.315297683043771
3_6_14_18 71 0.0682026332501001
01 67 0.0248409728439701
30 70_79_83 0.0596838129235043
16_25_49 24 0.0276461155674546
16_25_49 80 -0.0095257582664727
24 84 0.130149303513788
33 88 0.042133635904661
21_26_51_60 82 -0.0152384700179242
40 82 0.0093466162725872
61 91 0.0073664739701929
74 31 0.0554632064159324
62 21_26_51_60 -0.0398992082717668
56 91 0.0313417877535066
33 91 0.0112619783661056
61 68_86 0.0010579175227854
41 42 0.0218629247078903
24 33 0.0939419871682317
35 33 0.0501410297021273
16_25_49 4_5_28_38_46 -0.0053635689138485
01 66 0.003037087165891
54 77 0.0072276023125307
82 22_39_58 0.0049310128902416
66 4_5_28_38_46 0.152603307385329
88 82 0.0241288529035535
8_44 75 0.0786098950437001
40 84 0.0911210824307737
65 70_79_83 0.0481932397046288
80 88 0.102059329775405
50 87 0.0282080489803072
62 87 0.0159721156660341
67 75 0.0733832658565732
3_6_14_18 89 0.0306423361549055
61 74 0.1210130215696
3_6_14_18 70_79_83 0.0428787529370317
17 68_86 0.0663055428604697
7_32 30 0.0316727886218387
65 33 0.03299327849617
3_6_14_18 22_39_58 0.0305642312784644
01 71 0.049435560539002
76 3_6_14_18 0.0312316069586715
41 67 0.0191394619374719
76 75 0.0580318550083095
24 90 0.0156045480611237
33 80 0.0091064988420035
8_44 91 0.0011576980725617
4_5_28_38_46 75 0.0897009550920481
30 72_81 0.0646080097693192
11 54 0.0382431792963586
50 85 0.0413277002860891
74 64 0.176954314563719
50 37 0.203101542093405
41 34 0.0843405259986842
24 2_12_19 0.134147834644541
24 88 0.0647065336827579
4_5_28_38_46 67 0.0176339644648341
61 20 0.0155362217385898
21_26_51_60 3_6_14_18 0.0098220704641164
29_36_52_63 37 -0.0173011370631694
65 30 0.0820069689959764
80 82 0.0969002192305687
87 72_81 0.073679085485217
74 70_79_83 0.0493143075912745
21_26_51_60 13_43 -0.0069192890730927
11 42 0.0520621919338529
18 11 -0.122974600411458
21_26_51_60 90 -0.0215901394426617
3_6_14_18 90 0.0217244336441236
7_32 75 0.0381519302801774
21_26_51_60 31 -0.0075427444588686
3_6_14_18 67 0.0015968854583169
66 30 0.207992128841502
2_12_19 20 0.0422057705468737
17 84 0.137372841529445
2_12_19 13_43 0.104746860971457
33 29_36_52_63 0.0365096918912879
77 67 0.118559078785226
22_39_58 89 0.0766869748668459
88 10_27 0.179343074286116
3_6_14_18 54 0.0119846524349986
64 77 0.0039956841971863
72_81 31 0.0930474989131934
4_5_28_38_46 37 0.0579589737955361
70_79_83 75 0.0786112292514454
78 15_57 0.282021357394182
76 40 0.0109033763339926
71 42 0.137824913719147
65 76 0.0002591291270171
77 34 0.0035285555176351
61 15_57 0.0037893861796401
61 56 0.0322609007940943
61 8_44 0.197791978829859
34 75 0.0473096867812511
3_6_14_18 72_81 0.0082158468856225
16_25_49 29_36_52_63 0.16847252095176
22_39_58 15_57 0.192149797329562
01 20 0.0174405752302478
87 11 0.0116633016768375
3_6_14_18 10_27 0.0159879645563426
9_45_55_59 21_26_51_60 0.401334199303551
16_25_49 37 -0.0108000356611846
72_81 54 0.0080748592546368
7_32 47 0.0304920726058461
41 20 0.160744699614452
74 4_5_28_38_46 0.107607854228451
8_44 22_39_58 0.009259559590599
23_69_73 89 0.0054844989918485
64 67 0.0064578827007133
31 13_43 0.19802176839846
33 68_86 0.43606523663635
62 80 0.0075593072441386
87 80 0.0088299816528893
13_43 88 0.0799943980737127
54 47 0.0032659445143405
50 22_39_58 -0.0222145007326536
85 34 0.129182777563228
41 4_5_28_38_46 0.0262969892732606
29_36_52_63 13_43 0.0393846502910225
65 29_36_52_63 0.0176163119159581
80 10_27 0.179967100481012
68_86 84 0.0121069176177053
74 76 0.0517999650020428
74 42 0.0169902987757534
01 30 0.158249475779044
47 89 0.0368236994056925
61 31 0.0555436307309317
76 70_79_83 0.173178593738023
64 7_32 0.0385604454805138
61 42 0.0527403186704469
62 70_79_83 -0.025135298005114
68_86 2_12_19 0.0052462443320919
56 37 0.0315502233000503
66 37 0.0516187711010388
20 78 0.057402890073141
9_45_55_59 15_57 0.027108232509969
80 47 0.0569981134519313
74 01 0.0958456360698786
2_12_19 18 -0.0420664640215952
21_26_51_60 37 0.0380757534919236
40 15_57 0.0186307864289689
30 22_39_58 0.0177062705781248
30 29_36_52_63 0.0154459645342733
84 80 0.0228700000227444
20 67 0.143823239427447
41 87 0.135122135853925
8_44 7_32 0.193199938202021
24 91 0.0875188585603425
61 40 0.0245633485811745
18 78 -0.0398107333175368
54 80 0.125228927555788
74 91 0.010486133880366
7_32 13_43 0.0032640346543122
17 53 0.0074825985320631
24 40 0.0273764007562863
35 29_36_52_63 0.050728104871925
30 4_5_28_38_46 0.150120735888417
41 64 0.0295286351739349
64 75 0.0407388121615156
65 66 0.0665211891407408
64 54 0.0127730248410722
2_12_19 31 0.0315765691243377
72_81 22_39_58 0.0884382069289949
30 31 0.0147186011363217
74 33 0.0169157406481733
30 88 0.0293620841314174
72_81 15_57 0.0083160498461086
87 89 0.130236589687001
20 77 0.0282984304814403
84 82 0.033925523942363
61 71 0.108201979512223
65 23_69_73 0.0328741331640422
50 77 0.0929892170199608
64 20 0.0672102096649154
9_45_55_59 22_39_58 0.0104169725621476
90 2_12_19 0.165391425050862
23_69_73 37 0.0245142788335831
62 90 0.0081679480299397
33 13_43 0.0274466076831253
71 22_39_58 0.0252401571080638
87 54 0.124440022065647
16_25_49 18 -0.0503472431033736
64 42 0.028384457771692
68_86 13_43 0.0329967044765723
9_45_55_59 18 -0.012963871633975
65 68_86 0.164843279650793
84 29_36_52_63 0.115473424189847
70_79_83 77 0.0044610785604506
3_6_14_18 31 0.0324596508768456
40 87 0.0017278781539764
70_79_83 4_5_28_38_46 0.0742214600475671
77 22_39_58 0.0354080660674773
50 41 0.093508208032157
76 71 0.0165975883205852
64 34 0.0984737842745134
74 30 0.170990173568133
17 23_69_73 0.0183515249621903
11 78 0.0403973783562113
35 68_86 0.250751169557975
90 13_43 0.0836841532893518
91 22_39_58 0.010112178475893
35 74 0.0361707542523603
17 24 0.1240742067706
9_45_55_59 89 0.002788358211764
84 2_12_19 -0.008989785159133
53 88 0.0654274726265675
20 71 0.0422937851635503
16_25_49 2_12_19 0.322437426556462
85 7_32 -0.041915454443297
47 78 0.0334496225626452
85 89 0.0994040918817008
61 72_81 0.0337404259477405
64 85 0.0436214842868661
47 15_57 0.105099480976899
40 2_12_19 0.0861520503947661
30 71 0.0202268492863677
84 88 0.0354609034002568
7_32 22_39_58 0.0166558742911214
8_44 56 0.219595330229073
82 10_27 0.116802922424556
78 67 0.006104892497377
