0 415
2 1714
1896 944
5 61
1895 1354
6 275
7 579
1893 1402
1892 1749
1640 411
620 783
710 1715
1266 1523
1594 276
108 1531
1 1071
1898 13
8 348
1894 1206
9 1467
1597 623
1014 556
885 1483
455 941
1790 998
1701 1509
11 711
12 1369
1717 1722
168 782
1170 849
1286 375
1008 778
1712 1613
919 1690
3 1612
4 1266
1899 1056
10 125
1290 1717
1085 996
845 1590
1897 1246
13 643
1098 709
837 504
1839 1837
1026 981
1137 567
1614 717
1089 1375
625 715
1464 486
1326 519
1445 337
909 1168
341 884
1167 115
14 351
15 1190
106 290
1289 1372
364 1806
1476 1044
746 1644
780 522
671 129
256 191
1788 1292
92 923
17 91
1661 151
701 1823
1513 722
233 866
356 153
1150 138
1779 319
18 942
19 685
344 559
1410 1824
1265 920
16 948
1855 799
650 1573
1618 234
532 173
526 461
838 1831
22 176
942 1337
376 947
448 542
827 429
841 1469
20 536
23 705
1203 1283
1760 1104
1398 1240
1362 471
1237 1371
1499 602
923 244
826 1136
1669 413
1683 554
431 1813
752 289
519 37
1181 974
1654 671
814 1275
25 241
900 329
939 42
562 1205
1327 1567
271 140
758 382
24 1223
291 738
1781 1758
1889 530
427 1216
331 1040
1316 150
21 1312
28 818
1856 774
709 1453
1775 45
618 766
1533 1293
1667 957
1558 215
26 557
27 152
1091 1204
1198 476
1309 1274
1531 1143
541 1163
29 1615
449 630
954 1005
775 223
1883 612
1846 1858
30 1544
617 1476
1415 846
784 107
96 68
32 1576
459 1107
57 751
148 416
952 1455
31 651
624 1411
1320 307
387 293
34 1677
906 549
281 1639
314 1432
161 1394
297 1420
450 101
641 904
35 124
666 356
911 1258
36 1532
212 1014
1843 1397
1330 393
652 502
1795 195
33 271
37 872
1482 1554
901 829
1887 1872
728 847
343 156
719 1052
1044 261
258 1380
1505 637
316 1700
687 1068
1278 1381
38 631
39 385
1036 1557
683 678
305 1185
917 1089
40 779
1241 396
1412 3
696 1808
1462 721
42 1242
1854 653
70 1547
351 381
174 361
298 422
505 32
89 1164
1440 286
312 746
798 1641
1584 589
1242 1099
633 520
349 1499
41 1010
44 1385
1716 359
833 1593
470 865
45 1165
162 1797
409 775
268 1698
105 698
392 636
43 120
46 1291
1379 900
630 1549
834 401
213 960
47 1192
866 1599
928 517
420 404
871 228
1122 1225
1138 1721
48 1329
768 80
592 1897
733 1179
1662 758
1027 1086
1516 268
49 1286
187 1828
1530 527
310 611
554 754
484 603
1508 1188
50 1492
1544 314
191 1624
997 1129
1348 1340
1617 178
51 114
1858 615
1766 1289
1517 1526
1642 1299
1007 905
805 111
52 878
612 679
133 222
53 901
1380 986
150 253
458 1734
795 1424
1873 1539
1886 1775
548 28
1695 1064
54 345
690 1257
1358 1445
598 217
1682 1256
1518 1272
55 616
56 1308
739 1687
1732 936
1102 172
1029 1215
970 1007
1058 1494
1870 760
1423 1894
1054 1552
1424 66
58 812
117 171
1258 459
1704 1039
125 1809
1304 1255
957 675
522 1650
1040 414
1429 1166
595 1830
1171 1490
156 971
1022 174
59 49
246 1058
395 1251
1272 1742
61 1318
1361 484
1367 931
1800 1280
1396 956
60 586
62 6
63 1332
253 929
508 218
1433 1541
1636 1383
1842 1328
186 1003
247 701
809 1556
948 1395
574 1075
1081 1403
1496 1045
993 1187
64 1594
65 1527
66 1152
1062 395
1876 1078
790 1668
803 1561
1023 260
1480 1504
1735 1533
68 1688
419 1390
1236 1884
1339 1811
1055 1
1204 1783
589 355
134 1460
98 1787
964 1387
1196 1382
236 454
732 1856
69 458
240 259
1807 533
1853 1662
1372 1503
1849 86
71 39
523 1596
1069 1553
67 1792
1509 593
1116 613
1770 1409
1785 1558
73 46
377 226
850 639
1814 463
996 516
1113 1412
413 1609
372 770
128 570
1336 1228
1409 1840
1838 686
1030 1140
75 1033
76 949
77 1545
1099 1802
74 1128
967 59
330 1100
72 959
78 4
1092 127
1820 1013
915 1210
1071 1833
79 1118
1763 90
1075 535
81 1814
93 648
254 255
1318 1173
417 74
82 0
83 144
1114 1419
1848 473
658 572
1264 1408
333 379
763 1491
85 1610
80 1161
84 1510
1832 398
835 827
1605 1076
267 1365
138 716
1388 785
608 96
242 1776
1771 1174
1103 587
86 624
88 503
1097 63
693 1282
1663 1175
1145 1457
1678 53
1013 512
320 811
87 1313
802 377
279 362
1867 92
1184 1176
665 1348
498 696
90 1285
463 797
1015 1842
1076 525
703 500
930 890
112 1883
1630 1254
494 25
639 30
769 1727
564 1150
189 1771
568 575
1152 608
1018 1868
408 1740
91 297
94 1436
615 1144
740 1182
406 1591
507 1887
670 1767
95 780
713 1024
599 1651
1302 430
249 1154
642 1844
720 670
184 1618
1012 650
426 452
1387 1284
708 537
1417 1222
97 281
1743 1447
326 41
1490 641
1183 1702
607 1137
1426 706
99 1663
447 1159
100 23
584 543
1377 180
101 886
1545 1347
216 666
102 1520
1422 1604
250 464
1271 800
332 1195
103 1472
1703 403
1105 1542
294 247
1072 1133
1119 582
706 667
442 1191
553 1879
104 208
214 659
1812 735
1657 1082
1647 147
1220 206
1066 135
153 334
300 566
107 660
1624 813
918 1850
190 494
1353 1088
1680 1585
109 35
110 142
843 788
530 601
1172 1731
307 903
462 439
1218 372
540 1501
1207 939
1782 1259
421 483
1463 1765
1830 789
1392 1692
1209 1305
111 311
114 1512
953 1737
1132 895
566 617
594 984
285 1620
461 272
1033 719
656 296
144 548
684 713
1809 657
1863 1890
116 1745
1216 1304
1570 1126
113 183
115 438
779 1855
152 1023
1725 1524
278 937
1612 1414
681 806
1177 1309
1659 93
961 1119
1498 768
118 1109
119 1709
386 1116
891 224
131 368
1047 856
1090 418
120 1083
1525 1050
324 790
429 908
121 235
1273 58
1006 1502
791 1665
1133 1123
122 1741
1001 1203
1108 968
473 864
1300 655
123 692
1713 673
949 1027
640 565
525 1219
614 1333
124 1320
340 1885
1221 995
1305 1430
468 1575
606 1358
1435 1042
932 1346
1384 1236
846 374
126 1521
127 131
206 27
129 703
561 867
266 227
130 837
1487 229
1345 1277
1162 1463
883 1508
132 663
259 1633
1864 940
158 588
556 1415
412 1273
645 188
135 1214
136 1562
1815 1543
738 635
303 57
137 1066
815 469
971 987
1025 1583
590 387
1049 76
403 1153
1294 1694
139 1422
140 700
1017 1130
1470 1778
1690 1712
1073 1070
750 283
1166 781
289 192
141 640
142 380
1381 213
549 193
596 976
537 1017
1235 841
1486 199
143 1157
145 166
649 1716
146 18
1135 1751
1376 1298
147 1812
1503 677
667 1413
727 1438
657 1199
1245 798
1862 77
1829 1279
422 1713
945 1321
280 1770
994 70
582 1125
536 777
777 607
1043 1094
151 419
557 786
1789 1635
149 1484
756 1817
1693 1572
1744 925
735 1847
1485 1588
643 164
688 287
1479 1470
933 1004
154 9
155 324
1705 280
1394 155
179 1728
865 1603
438 117
1104 425
1155 1316
182 254
1730 555
157 498
963 1752
1639 1065
1016 761
695 1563
1541 1592
1035 449
159 371
1891 1746
287 1330
207 1294
414 513
1009 506
1488 279
389 1184
503 734
411 1720
160 237
1088 946
227 580
166 891
1645 1571
358 928
1625 1724
1096 1410
528 1815
1328 627
1064 133
1722 433
960 330
1611 909
1502 1462
1109 1352
163 943
165 728
428 661
1691 1264
1652 688
167 256
1607 121
968 1373
357 269
164 1111
1199 1404
534 808
1738 1141
169 354
943 350
938 335
1239 1202
1257 251
1117 428
176 1843
506 128
965 149
172 1061
443 1832
609 340
559 1047
1307 1379
170 1232
173 823
1301 1384
317 1338
1217 353
363 300
1543 1245
1038 1231
405 1355
180 730
171 1853
1291 1848
1231 1431
1757 1388
175 16
1268 515
177 1685
1331 1442
1746 1756
178 1851
822 1186
1050 1710
306 1789
1360 1534
1349 110
1465 917
1585 1707
325 1638
736 75
1310 1788
262 1695
1144 437
685 854
1063 1597
925 157
844 97
181 795
183 1889
863 1680
1884 132
755 743
543 1296
894 409
847 1085
482 563
1511 456
185 1149
778 1601
1403 1170
1057 1319
1313 792
1593 1578
232 245
318 862
722 246
196 266
1128 1302
446 264
188 852
1374 1261
1646 1893
1338 343
1397 680
1821 1793
855 1849
941 122
1450 1869
1373 967
192 1873
1082 1393
299 1406
479 1468
1458 48
492 1774
329 538
705 664
193 1871
194 694
1032 1439
979 182
669 597
905 1891
1707 102
702 1794
1414 1582
435 231
1548 1253
1792 1357
195 1084
197 1229
1255 216
379 1516
1378 933
773 158
1340 1511
354 1748
198 1630
425 321
1791 683
1371 882
676 1237
1421 31
199 830
200 346
1824 1518
1453 1443
248 1098
203 105
360 505
1175 562
202 1211
1095 21
1385 394
464 328
1719 322
205 695
1783 935
1638 1461
1201 1102
201 1841
204 441
215 397
1796 1577
771 963
538 691
476 477
621 1162
208 1637
367 1754
1045 1171
1459 1331
1444 1418
811 544
209 1579
210 1761
211 467
1591 1035
691 282
1708 576
1139 487
852 1114
976 478
1581 1377
799 958
1010 1054
587 412
1494 1120
366 898
1752 1427
1697 1368
605 67
1637 1423
290 1311
1341 1019
647 1364
489 1560
741 1079
1441 720
999 1324
1164 212
219 431
378 1589
217 897
218 1000
220 561
1675 451
1656 560
533 1087
1436 1252
1688 38
221 426
223 1230
224 278
328 1471
737 596
547 877
225 622
1566 236
1627 1138
226 333
1115 1766
222 752
1776 78
1192 532
495 378
410 1374
229 1208
555 1540
936 344
1529 1391
1159 1640
1666 358
830 273
230 718
884 804
477 1486
261 336
1443 990
1671 258
228 1069
234 1458
441 1122
393 1200
887 1172
235 1711
1677 676
1200 1654
1620 1139
1653 40
231 1342
237 1627
369 139
342 860
888 1616
1650 34
311 1733
1324 1072
992 1703
859 202
1125 938
313 1652
239 1656
1186 1673
436 524
1232 1704
241 1220
742 551
1468 1595
1540 581
679 1551
1665 1899
238 726
243 569
1067 1260
244 1022
1831 1243
319 1744
545 325
1694 693
245 445
1888 1401
444 1441
1083 1353
433 1062
1860 22
1136 1836
1553 642
1878 62
1484 364
1111 1167
339 748
1149 759
1319 739
439 1757
1430 1334
1154 1691
251 851
677 568
619 1336
1454 1197
575 902
1214 697
653 1602
487 1730
951 1287
1457 220
252 309
255 291
1747 1335
1129 1670
1051 1400
380 1464
257 899
782 845
1672 185
1660 373
260 729
274 1810
1110 1038
415 1169
1229 1267
1270 1043
1810 822
264 633
1633 1608
265 1821
995 913
583 1729
723 704
418 985
1178 56
1512 577
375 116
282 681
1438 482
1317 481
263 1876
1664 1224
1205 1750
1215 407
1728 1276
478 1895
1528 239
362 455
1325 1611
1041 1870
1078 978
270 1614
272 1115
1364 870
269 175
766 880
1156 1345
1419 492
731 12
273 36
276 879
275 436
1600 1725
1363 521
383 181
1060 842
277 702
1799 975
1431 690
1080 501
989 1156
1233 1781
864 1559
1263 620
1383 1625
1195 421
1837 953
817 1495
1759 177
284 352
283 509
286 1818
1755 762
714 1398
1787 146
1623 1705
800 1121
597 1653
1803 160
288 1300
1569 1081
469 1696
1734 267
292 29
1176 1466
745 965
327 1178
293 19
1173 740
981 1183
1880 1636
576 1672
1084 825
295 1350
1615 610
1335 292
1020 450
1582 52
1866 1378
937 817
1780 1827
400 1396
1840 1684
296 341
828 1234
1254 876
348 1683
301 462
861 834
1576 496
1761 578
496 1642
1869 859
661 189
302 233
1405 15
346 79
1526 1426
304 1177
807 1522
977 163
1477 1568
1622 710
1065 767
493 162
796 1194
767 1555
1158 11
1101 952
1189 190
586 871
1052 1645
788 892
744 1454
308 284
309 1095
1370 406
1745 1661
1765 1344
481 1269
1131 628
515 332
1811 298
1687 839
323 1041
628 1768
816 1487
959 1723
1234 1489
1563 1002
1772 442
1212 1339
315 1131
345 1160
1501 1743
1280 367
579 844
1284 732
1277 295
1269 820
322 646
1573 1791
350 1706
321 801
842 1860
1037 1343
1230 531
1223 54
626 423
1567 240
1742 749
1773 887
480 1053
1005 1865
1447 1016
1700 453
1413 203
451 1359
485 1485
1535 1784
1551 809
857 1632
334 1241
635 1360
1575 604
335 1666
1473 1217
1333 1826
920 43
1861 649
983 1819
772 64
337 1581
338 493
1395 1530
940 1325
336 1306
475 1265
1676 277
907 994
824 945
1483 858
1596 136
1428 745
694 1046
1727 796
571 1135
972 927
347 440
1823 73
1655 1301
1736 1586
1352 24
1472 263
1506 1389
1882 408
1493 1124
821 1686
352 1180
1276 1341
879 1874
1382 753
1246 1479
353 489
1724 103
434 1584
699 772
1609 1838
1197 1605
1296 1134
550 991
355 508
1604 1480
1768 885
359 919
1828 196
725 71
1868 1212
397 598
1351 1482
361 490
781 843
1504 1546
1416 1606
1871 1189
1048 465
1337 315
1552 165
682 499
365 807
1859 7
1519 547
570 1090
1748 1755
581 1708
1420 662
704 1619
1851 1764
886 69
783 316
1202 33
373 1440
368 1417
370 466
371 1073
1107 302
502 1112
890 134
1191 1863
1629 658
1256 248
1767 1801
374 1315
776 405
749 242
1143 665
1774 1362
381 1366
1226 1854
975 306
1852 869
531 327
384 1682
818 1106
753 1032
1538 747
897 605
1631 308
382 924
388 955
385 863
1406 1671
1491 707
391 432
1303 399
1329 187
390 875
724 221
394 112
1260 540
1208 360
1390 1517
423 1060
751 384
1248 1307
1819 1209
1817 1628
1881 793
396 757
398 1327
399 966
922 83
1121 1587
629 911
402 982
1298 1092
558 1598
401 448
1299 1449
1802 444
1813 1429
1714 1657
404 1481
407 784
1228 861
1670 647
1386 1244
1292 802
1522 510
1287 1600
1467 1674
1649 1270
1847 723
1448 470
1466 619
416 488
924 159
1583 1097
520 652
1039 1825
1046 301
512 1105
1619 1008
904 634
1562 1142
1668 10
672 1790
1561 168
646 305
424 475
874 1450
430 1786
1094 1631
601 689
432 1795
611 446
1877 1859
539 1074
1279 1617
1481 331
659 1857
437 1488
1857 1029
1844 736
1833 141
1404 143
1644 1437
716 826
1449 1263
1699 699
1347 803
440 1607
445 741
1684 763
1011 915
1702 294
966 765
873 270
651 1303
563 1451
1786 1773
1534 338
718 727
1681 1697
1750 392
591 1096
1434 1861
1389 1155
453 200
454 1777
903 1148
1559 388
1739 1798
1564 988
1157 207
1238 427
1034 1693
1689 668
820 594
1673 357
456 606
457 1425
644 1110
1753 894
452 252
712 1782
460 1629
990 386
1471 262
1185 632
1297 682
1247 72
465 1845
1549 1643
1460 1428
1474 1658
632 838
466 1034
1311 1796
1587 1505
962 794
1616 1679
1306 1762
471 1565
467 1444
472 921
577 600
1285 265
474 1882
908 347
1598 733
1542 857
1059 896
1741 1681
1568 17
1595 1063
1253 1548
1391 179
1365 1031
510 1322
664 1866
794 1719
1806 1351
1432 1736
1148 434
689 363
483 460
486 1852
985 1785
488 410
1275 1862
931 550
490 1807
829 313
1056 773
1885 553
1000 1250
674 435
491 552
1028 468
1400 186
1686 1452
984 1020
1163 977
497 889
500 113
1250 1493
1521 420
872 979
499 951
501 1249
1679 1238
504 44
956 1132
895 1621
542 529
509 621
1003 1363
1193 918
774 1867
544 383
511 1566
1478 1317
880 840
513 1049
514 1864
1797 108
552 906
1557 130
1399 893
1243 881
516 1739
517 1028
585 1051
1127 1772
1161 1805
1168 1678
1658 1226
518 1370
973 1763
754 1108
521 712
764 1021
524 1835
1346 249
853 654
527 1537
715 1701
896 791
1621 714
529 1196
1733 618
593 2
1762 1732
567 274
1723 583
565 1386
1401 204
1179 585
610 1664
982 1525
535 1735
832 1623
1130 205
1560 1459
1437 100
1142 1433
969 1326
1249 1816
1451 1349
622 1037
692 366
546 474
823 326
730 317
1461 926
1515 1227
1706 491
987 1497
1628 810
1140 1474
1798 1392
770 1846
1589 214
1793 201
551 1655
759 1738
1590 1888
560 447
849 590
1805 1018
819 541
1452 304
634 323
1586 47
1554 169
569 1001
654 645
875 999
572 855
721 969
573 1407
1532 592
1808 1878
1118 961
1321 1780
616 1113
636 1067
578 574
1841 1496
580 1221
1475 1528
604 232
1685 614
1213 1689
1720 167
1510 312
1442 518
1402 558
1211 1574
1818 161
1709 26
998 211
588 84
1865 349
1190 342
1219 821
1626 930
1711 1647
600 629
1523 1475
1890 1055
602 776
1282 742
1106 1117
1599 1101
603 1507
806 848
1086 1278
1721 1822
935 1820
1764 1376
613 1295
1288 934
1588 1538
1778 1804
1169 528
1323 1465
1507 1747
623 1367
988 546
1126 1416
789 907
1749 591
726 815
627 1233
631 1829
1635 238
655 1473
1061 750
1262 1659
637 595
638 828
1147 60
1836 210
862 126
1295 197
1427 992
1004 1248
1632 1103
648 1127
955 1529
760 1448
808 1009
711 1288
1879 50
1315 973
980 883
1696 320
1500 1310
668 1886
660 81
662 1535
787 87
663 303
707 1550
1408 209
673 769
881 376
675 644
1021 787
678 1498
1165 369
1274 1356
761 250
1546 756
1610 599
1093 832
680 1675
1550 684
1087 1235
686 1622
1827 1146
958 1570
1537 932
698 1036
697 972
1100 534
1527 1569
1489 8
1251 1151
700 1012
1634 118
912 507
1068 1059
743 1456
734 912
1692 365
1079 609
717 962
878 1268
1572 1667
1737 1399
1244 137
882 1478
729 1093
1608 564
1777 1759
748 285
1602 868
1350 910
1224 1799
929 1314
1456 1676
747 1892
812 1779
1160 514
1710 14
762 230
1134 443
1577 1201
757 497
1153 835
765 1699
840 184
1053 584
1141 1147
793 1834
856 922
1726 1877
813 82
785 744
786 526
1794 243
1042 1500
792 318
1194 1800
797 170
1524 1361
1366 106
801 1193
804 219
991 299
978 888
810 873
926 1247
1267 472
848 391
839 1446
1536 970
1826 1881
1206 805
944 1839
974 1803
831 400
825 964
927 980
836 1898
877 99
1357 1057
1740 687
851 1875
854 1262
1601 1421
858 1564
860 755
1359 1207
1425 1145
867 1198
868 983
869 771
870 94
1407 257
876 288
1715 51
1539 997
910 1506
1514 339
1784 1239
889 1519
892 5
893 672
1574 511
1469 1323
1222 95
899 145
898 1091
902 1080
1151 104
913 65
946 731
1603 390
914 836
1174 737
916 625
1334 853
1375 674
1674 109
921 914
934 724
1825 88
947 1218
950 154
1146 424
1822 485
1123 656
1188 1477
1874 495
1227 98
1641 725
986 310
1393 916
1314 1030
1074 389
1729 816
1651 523
1606 1648
1002 1213
1455 1281
1031 148
1698 1514
1019 417
1024 545
1070 370
1368 708
1283 954
1252 1726
1579 950
1758 1434
1718 1646
1259 1297
1411 194
1293 119
1643 479
1497 1769
1077 1634
1332 1006
1804 55
1112 1753
1180 198
1120 638
1124 89
1495 874
1281 480
1731 850
1875 1760
1565 1158
1578 626
1261 1271
1210 819
1801 123
1182 1580
1187 1290
1834 993
1756 1896
1225 1015
1344 1077
1240 1718
1850 989
1312 824
1592 1435
1342 85
1547 1048
1439 669
1308 1649
1446 457
1322 1181
1354 833
1343 225
1355 1515
1356 1513
1369 1026
1520 1025
1845 814
1556 20
1754 1536
1418 571
1555 573
1872 1405
1769 1669
1835 1626
1492 1660
1751 831
1571 1880
1580 402
1613 1011
1648 539
1816 764
