0 1456
2 1463
1998 1419
3 1201
1997 1290
4 483
1996 801
1995 661
6 1044
1994 1291
7 402
1993 1415
8 619
1992 948
10 1278
1990 1167
178 1017
375 322
1398 603
859 1656
767 1443
1045 95
1344 1390
1582 547
1 1718
5 218
9 1814
11 648
1991 882
1603 967
1237 1455
800 283
289 994
1049 1576
1384 113
174 1586
1999 1421
1717 383
1422 8
79 1420
1089 399
245 1942
750 1282
12 75
13 789
49 1207
960 456
586 1103
157 1818
1527 890
14 270
1098 708
1766 1018
734 295
865 981
1466 1539
1294 1516
252 676
123 639
886 917
411 12
654 34
15 401
1812 276
1286 931
565 484
658 1220
107 130
1088 996
1242 1677
1665 517
232 972
16 496
106 51
104 1020
821 915
1150 1255
335 951
470 1784
1437 526
17 1867
257 1347
1900 1508
1547 316
28 828
1137 1256
377 1286
949 1229
35 1891
1667 1872
290 1408
1103 728
1728 1565
1852 1848
410 81
1712 679
1111 1927
464 1363
1478 579
703 1502
188 1609
1913 114
18 633
20 1647
1855 247
236 1457
1646 345
25 501
1167 946
1948 1342
19 1991
21 80
841 311
941 1126
43 1152
233 86
1783 1493
1972 1250
1223 1031
1510 150
540 1669
112 880
384 1699
342 1321
893 1313
22 209
23 1926
847 1320
725 1125
1353 186
896 195
970 1855
784 1554
24 1988
1499 1920
1989 1009
762 1961
575 1620
1332 288
1262 1559
1757 963
1082 1774
1987 709
262 807
1334 37
26 189
738 1875
778 1006
226 1118
998 410
301 1404
27 475
291 906
1708 124
1509 592
1649 60
91 478
552 1706
1856 1811
711 1690
1615 110
353 1759
691 511
1863 1007
1866 474
818 1649
722 1940
320 1141
698 19
731 1077
953 543
1194 1376
29 479
30 1955
1791 1048
494 1054
1431 830
1183 469
1215 202
31 14
1371 537
1087 523
906 1165
740 351
284 1352
1836 1197
32 934
436 591
1689 1968
1419 360
1112 1817
373 970
1693 1085
33 1987
624 1050
1661 658
220 119
704 1946
907 820
1195 83
1169 964
1641 454
192 50
1825 93
1961 235
1037 930
1126 813
139 635
923 1432
1007 1552
1251 205
811 1543
1011 933
1226 656
1068 1145
36 377
212 1944
1526 413
1418 177
888 665
1034 48
48 1531
1156 1880
1488 132
1781 155
1522 1583
227 1004
1127 1477
1932 1658
37 482
1629 1813
308 90
1915 43
1922 272
514 203
34 1051
38 406
39 884
525 1890
679 20
684 280
1771 606
1828 1317
1094 1315
1252 1812
443 1742
607 1372
769 1724
672 149
40 1369
41 942
1638 1418
82 1819
1013 1746
42 1230
1980 1876
1944 616
1831 1026
92 1045
173 883
1363 1678
1263 864
781 1974
1640 341
254 1510
44 1124
93 1386
582 821
242 1424
279 750
1244 841
45 686
455 1805
807 1909
1385 227
1752 1833
441 867
543 1732
1614 1416
46 842
869 943
1451 1722
1179 1837
465 1924
1622 174
1619 1263
47 453
389 1086
181 1368
1276 275
1173 1359
752 1936
533 234
741 1447
1928 285
1158 226
1897 918
1494 1391
1810 1104
838 700
1596 466
50 450
1544 778
885 692
1891 1143
938 729
1278 233
1975 1598
1690 1267
1974 949
619 1084
1612 1571
52 1433
1720 224
51 540
53 1063
997 1821
1302 800
198 1496
1696 1403
1701 1271
625 499
745 539
1467 1505
1895 320
1642 0
1085 1775
1656 1046
80 53
137 1952
1178 810
1025 1081
848 873
55 1172
690 654
1687 405
1724 441
96 1798
1973 856
1243 1024
1012 1462
755 1236
54 1360
56 284
393 832
742 1633
1659 1627
196 1806
957 1643
1731 784
1686 1353
1317 831
57 1287
878 268
868 1617
721 1860
810 865
1516 432
1400 187
381 343
753 626
58 939
77 1871
894 1058
1877 1769
366 428
758 1573
59 1130
258 1322
1744 1349
760 1244
259 310
60 1110
1879 1808
1200 1398
1035 557
317 56
1285 1052
850 415
1351 1882
61 162
1573 438
132 1958
611 379
1876 1333
62 1075
63 167
253 1675
379 307
1898 91
936 313
1147 1095
199 839
477 975
474 241
616 730
1849 1189
1216 1696
64 1701
65 281
66 265
481 576
1788 1251
1271 82
67 1494
627 1644
1247 462
805 1306
1180 244
1378 1831
1813 1801
1830 204
573 1153
68 999
69 1721
589 1200
1962 4
1858 1691
1685 1014
1515 1065
191 1663
1009 1755
1323 423
1377 1579
70 836
71 16
1776 1618
86 1362
1233 1709
1433 826
1610 862
520 1853
1234 1592
948 1992
1307 329
88 1941
321 258
1052 1509
73 198
990 643
341 1479
642 1921
881 1714
1490 403
74 804
952 1499
913 1473
1977 1471
72 649
75 1729
1095 872
246 1410
1152 1990
1868 1631
1184 1878
756 1341
1597 1311
76 1792
1805 1102
772 1562
1227 1556
1379 896
713 1614
1843 1954
1413 1080
78 135
275 492
1475 40
1779 201
521 1275
1010 220
1703 1779
1749 448
1580 989
336 1476
424 1245
877 594
1148 495
943 762
1934 1922
1356 874
1511 558
167 1595
81 572
1676 1825
1981 1335
889 357
418 461
1000 1146
83 961
1401 303
1264 1743
1219 1660
548 108
85 1979
727 620
1113 1648
459 776
1125 1907
924 997
368 1318
473 1312
84 1999
1842 707
1521 1370
256 1064
1001 445
1027 530
1838 1247
154 761
352 240
1283 944
429 541
1288 1405
87 429
1097 1593
608 504
1834 992
1417 1397
1738 636
917 1238
1976 754
1627 1091
1735 909
1926 802
90 1843
1506 1029
1672 353
966 1374
1472 1683
89 683
736 1752
916 1351
1172 1387
183 1242
1818 1640
1524 848
660 395
1917 1498
1919 301
1193 1630
142 1150
1426 520
967 544
879 1105
551 1434
1145 731
874 929
141 1319
146 1836
707 565
1971 518
299 1749
95 1137
1044 1028
263 1734
692 1873
747 722
1539 358
94 924
1662 1194
1955 1468
1428 157
414 1444
1408 1429
890 464
1084 795
207 1584
1546 959
839 30
1881 1358
97 1203
98 1128
1067 1957
1246 1758
1529 690
640 1761
1005 444
1943 134
99 1175
570 1059
442 1491
1229 1204
101 808
1727 615
1940 489
799 1741
1793 1888
100 1304
1381 1536
944 1411
102 1682
1623 646
798 1299
880 1572
1745 76
1240 1449
103 675
160 1270
1710 984
1871 369
1657 29
445 126
364 488
621 249
1189 1567
897 1030
912 161
1790 1392
105 515
214 1331
1954 62
1399 637
469 1783
836 502
1128 1337
428 1566
1254 1327
858 1816
1569 143
1224 1485
435 792
1055 876
1161 681
1648 1517
1549 513
1600 27
813 900
1118 277
1425 582
108 1689
109 172
1799 1762
1046 1179
853 336
273 844
425 1039
218 255
296 1975
985 182
1066 1222
110 1970
111 28
1383 957
502 657
962 1823
1541 387
1457 1407
793 1082
860 1180
113 1283
1104 607
749 407
114 519
244 1035
1517 1546
360 506
801 630
733 1645
1778 966
567 825
338 440
125 1659
701 706
1107 1123
1637 1911
115 1544
1691 293
842 1717
1339 1606
939 354
585 1478
116 1470
117 609
791 1279
269 160
1564 325
118 837
776 1310
1370 115
345 1807
846 41
119 1273
729 1966
991 536
715 691
1705 1138
120 773
921 914
1404 1794
238 47
1755 1079
121 1906
1114 878
1140 312
892 1887
122 99
1591 1332
155 1868
669 718
981 1297
706 791
124 49
1474 628
1217 1190
138 1426
1851 92
1537 1820
1620 682
1483 1186
814 500
1920 291
126 1793
1225 965
1651 266
448 344
127 1239
665 705
1023 720
600 552
726 1976
1574 988
576 1518
605 819
1774 1863
561 199
1758 1953
128 1581
129 84
895 786
1930 580
1176 1406
1250 1049
1386 318
130 922
1024 1214
1199 670
815 617
303 1710
1523 213
1487 39
1773 427
1552 919
486 962
751 1712
694 845
1175 780
613 1268
1444 553
1496 1441
1367 1488
131 470
133 1530
316 332
1162 1834
1570 713
134 861
556 1292
324 1894
1306 982
908 212
135 477
328 1545
476 103
1432 1684
136 317
1815 923
851 1122
1967 1465
298 1264
1345 512
978 57
1880 655
148 208
1782 955
1390 815
403 1601
922 1159
649 827
1706 398
716 490
140 777
1910 1840
770 1298
475 1541
1017 159
1060 859
1699 509
1850 1727
835 1564
1982 122
305 1093
728 1692
1504 885
1931 1389
549 847
1832 1574
1220 1378
277 569
1935 72
1239 1459
1739 372
1753 1188
1081 803
1062 1896
143 1185
144 26
1004 1043
1135 1803
1298 1215
1083 111
1021 1003
145 419
1318 1670
423 74
331 913
200 840
1421 1452
147 561
151 1252
675 744
1588 1489
1942 408
968 1943
149 239
1951 684
1228 292
873 324
150 257
1324 1799
1939 779
1287 1385
169 393
420 1216
444 851
1186 1466
153 1037
1057 1725
383 969
1492 267
557 32
1102 248
1586 1858
1886 121
243 107
152 799
260 1303
1554 775
156 252
542 1249
780 1354
1157 1635
1149 1445
969 1486
462 129
857 431
1872 420
1860 300
194 1773
1453 568
963 1183
1670 63
1674 715
1026 1265
1484 1377
1794 364
488 570
1854 1681
159 514
554 938
1806 622
478 214
376 1061
1458 1695
158 1558
161 1735
645 1092
1760 585
975 1274
1595 282
1625 673
560 1481
1465 1874
162 59
1551 589
221 935
1763 1233
163 1547
164 1751
1532 1191
1256 200
592 1284
165 297
1803 1605
875 304
1924 1664
433 1163
1461 991
166 362
261 736
1795 1169
350 911
636 1889
1946 1147
702 1088
1203 465
1820 855
1811 634
1885 767
1144 1933
1598 1590
168 1851
406 889
1497 46
1222 893
977 168
528 1144
1321 1472
547 1161
493 816
171 687
1338 522
1036 1932
479 1089
1653 359
1840 156
1500 1350
1792 1032
202 559
170 1237
1945 533
223 564
1402 1985
837 768
545 1343
826 170
971 1302
172 1254
1543 877
271 217
1555 69
175 1756
370 1995
374 436
558 1666
761 1296
1563 491
504 1744
177 102
1823 1553
1697 1849
176 869
1655 1409
1801 1112
827 1241
863 443
635 1652
314 785
1988 1151
179 737
915 1702
1562 1893
180 1217
1893 1641
1136 1651
911 473
816 487
387 1639
285 1884
286 166
1299 1100
182 774
564 545
606 583
1912 1355
1141 368
1397 1638
898 1140
1800 1600
1380 1021
1445 1170
512 1597
1389 1918
184 907
1480 222
615 1655
1301 18
993 163
559 1615
185 1767
186 677
1968 1276
1202 507
187 13
861 1629
628 1011
1683 1972
817 505
355 725
516 1777
189 1959
1006 417
1572 180
1786 814
1732 1293
1889 1106
1785 1928
190 250
1296 739
700 1094
1857 1626
1153 632
872 1537
193 1535
313 1960
1214 435
1824 838
204 678
862 1720
1833 770
195 693
1559 271
951 1737
201 1845
1796 1719
1780 788
395 497
1031 1804
919 926
1086 459
759 1596
1110 1525
1073 763
354 1208
610 416
1909 1879
1827 1528
1958 225
197 1446
825 1986
1748 1934
905 532
1936 1431
365 485
1033 599
651 1594
933 1965
1587 1661
1352 264
505 77
1633 1685
980 1948
203 65
983 1951
824 17
683 674
671 1994
1767 1923
1960 1778
501 746
205 183
1109 1383
340 1733
958 1866
792 1427
532 352
763 1027
686 645
206 1162
280 486
1916 1402
1713 1835
208 535
623 1365
209 1914
1485 921
1970 1504
1581 321
1507 290
1609 584
371 15
1032 1177
300 732
484 253
538 1883
1300 651
1423 1568
211 1436
287 1340
1442 138
639 228
210 1945
647 1072
577 384
499 1155
1260 1231
831 849
213 1766
1188 1134
1056 245
1602 145
641 1328
1741 430
992 216
531 148
787 527
1355 829
215 846
216 1060
217 888
790 664
1589 1324
219 1650
518 1905
490 714
796 1787
1952 752
852 1469
1096 1662
788 1881
1268 1083
222 378
534 742
1030 1772
272 1460
1205 1983
1449 1375
926 1997
574 993
1387 1582
229 1199
224 1810
339 797
471 1527
1584 1563
225 1308
1305 716
964 1495
1048 1224
947 1492
1862 11
1174 494
1303 843
845 185
228 207
399 1519
1253 1753
1218 1121
982 542
1772 326
1388 1619
1382 1364
925 1507
230 1174
467 342
247 1154
927 7
231 895
1080 142
920 141
1272 1131
662 1910
318 712
463 1679
234 1908
1454 954
274 188
1821 701
1206 1591
235 1394
1412 1912
1358 605
1015 1745
329 1973
594 1412
988 1414
309 1776
1155 1334
237 1016
1369 1221
1459 908
1429 671
1903 1437
638 521
1503 1401
239 1025
240 1748
583 822
1312 1115
241 555
1645 796
900 953
468 455
1275 194
972 1056
1684 315
1530 1895
903 887
1558 463
1762 1294
783 1870
1761 1557
1420 25
1396 1524
866 38
1477 976
1719 1171
976 279
1907 1480
248 1379
1038 104
400 886
677 67
891 1219
1966 97
1639 468
1816 1599
249 1523
1694 392
1743 1993
250 1266
426 1127
1325 1076
1611 1022
351 9
251 711
737 1672
1721 1828
844 128
1826 1688
1047 1780
302 641
1829 1760
297 1010
255 232
1754 604
378 546
1054 765
1716 256
719 811
1978 1949
1315 1713
595 1550
380 1569
267 812
1870 1166
1040 666
578 1288
1984 868
1395 1015
999 421
637 418
1279 875
676 1739
1869 894
1322 1205
546 449
601 950
503 1484
1486 794
1918 833
1844 1844
1258 1857
264 1235
265 602
388 1622
266 1956
307 366
1168 1747
705 286
934 1316
1902 1548
268 1483
282 598
1681 1458
356 928
1441 238
979 724
994 1687
270 680
1963 192
1212 835
367 1869
956 1393
603 314
1647 388
1455 1345
536 1074
276 1915
1531 125
1340 1211
626 755
1590 1885
1798 927
1362 42
278 1916
746 995
315 1900
1718 287
579 118
480 269
1577 764
281 109
876 852
1122 581
1196 231
693 1107
1436 1765
1213 1841
1372 850
1533 1967
283 472
1041 112
1933 340
1723 1366
764 78
599 1132
1964 1802
712 1002
644 493
843 1764
688 1357
1065 1114
288 1338
292 1001
1671 1526
597 1611
1424 1898
571 71
294 1632
293 1700
1341 137
1201 1731
295 1042
1550 1344
918 1384
937 480
1297 1588
1463 760
1108 638
1626 389
828 740
1456 1680
945 916
310 806
323 1501
409 662
1368 510
1768 1503
408 1487
1965 1740
1016 1382
1775 1996
1878 175
1644 442
306 531
1079 702
867 1348
346 973
304 1604
438 1877
883 1693
431 1087
1512 1068
506 1981
1950 659
1043 793
1737 1253
856 1269
1333 1400
496 94
1337 1962
491 376
1759 1213
311 1019
312 1514
720 306
1311 1782
766 1610
482 1977
1652 1913
1704 699
1750 139
1613 1850
511 696
602 1096
1197 181
1403 782
1534 243
319 1430
673 528
513 274
914 1859
1154 1209
326 1613
580 1062
1894 1136
1020 566
1407 347
795 391
322 1013
397 1277
1817 971
1777 756
369 1917
325 158
451 242
1956 211
1115 1723
723 136
1261 551
487 1117
1074 1182
398 743
754 1223
327 1616
630 68
330 1585
1101 1791
1867 652
332 66
1051 735
1267 1852
1447 361
1628 190
333 1612
929 1417
1440 348
1540 1708
334 1862
1231 171
1631 904
1473 1490
757 823
588 538
1561 748
1471 1587
1624 824
337 1522
1221 1796
617 1090
1859 1225
446 88
650 31
1722 1120
581 947
343 1838
1711 289
1236 940
344 452
1479 1422
681 1
1309 1603
950 1195
1567 1826
1131 169
1702 1069
1280 644
363 1698
347 1371
1464 968
1734 367
1501 854
802 1938
1129 254
348 23
1204 349
855 600
349 1158
1092 1931
1566 749
1249 567
1075 1070
909 236
1901 1260
1616 503
959 196
1841 694
1819 1036
887 1515
357 1788
358 154
1682 974
1117 623
1211 1261
1266 597
359 1192
1069 1396
1508 251
524 1339
587 977
663 689
1050 1797
1460 308
1077 1930
361 1901
1929 363
362 426
1439 1474
598 554
497 618
417 1726
1452 688
1443 458
996 1668
526 127
643 22
659 120
666 710
449 1971
1164 613
1350 912
1949 1346
1636 1033
1450 1135
372 1073
1519 1193
1847 1577
507 1005
1959 1832
1837 901
932 1963
1106 64
510 1289
407 1578
1329 1754
508 1634
901 1667
1983 1540
1528 164
1822 373
382 394
1342 685
995 870
385 1899
1556 1461
1366 1439
386 1560
1003 1904
1360 980
1668 578
517 1978
735 672
390 891
830 437
391 327
392 1665
1241 1935
1100 1149
674 669
1789 1373
823 1071
1270 229
394 1625
396 1902
1905 380
1726 601
1698 978
1808 337
1865 1041
1787 1285
1090 176
401 116
1121 1258
631 758
864 1301
1319 1453
1138 87
1448 1789
1105 1715
402 1520
569 1157
794 1542
1255 897
404 55
1802 1538
775 574
1985 925
743 1925
405 414
1715 1984
1887 1771
440 152
412 759
1364 434
685 1440
413 1156
1374 146
648 809
415 439
1679 165
730 1300
833 1506
1181 952
498 1423
416 374
1835 1109
1495 653
419 1066
421 1549
450 10
1542 818
572 858
422 390
1747 1969
849 404
1248 1281
427 1628
1797 663
687 1827
1678 1903
1669 1839
804 990
1634 1533
430 1206
1514 627
432 798
1769 1624
434 1078
1257 1232
1770 1148
930 1513
1123 590
1784 5
437 1381
809 787
439 58
1427 24
1245 2
870 741
1029 365
812 983
714 346
1331 1763
1468 1329
447 958
652 101
541 1686
1979 215
1947 560
1986 433
1070 727
452 1178
453 734
1498 1937
1192 1982
454 903
456 1497
553 1464
622 1000
1874 298
1730 498
457 1330
1481 1707
460 987
1864 587
1518 834
708 668
973 1711
458 879
461 998
485 608
1274 221
765 595
1177 131
1906 1770
884 1785
1594 85
466 985
1361 1413
1064 262
871 1388
940 309
472 525
633 133
1575 1623
1513 1425
1277 1653
1579 1939
1725 1865
1022 1314
1565 769
785 193
1941 1067
1273 339
483 611
523 516
1171 96
739 1243
1259 621
489 206
1393 147
1284 1657
744 334
492 751
1238 36
1585 1822
495 1768
1663 899
1908 698
519 575
984 350
500 1323
1133 1034
1736 1800
529 1133
1165 1395
1232 1184
1911 1738
1904 323
544 1730
1014 422
1039 721
509 1196
530 1202
782 556
1617 1272
1061 1326
515 1438
563 624
1746 1116
1293 481
1604 1637
1927 550
522 1809
935 1964
1406 1119
1063 563
527 1176
609 305
1326 610
697 745
1680 631
1666 356
1505 302
1394 330
535 425
537 577
1593 117
1553 817
539 1694
1210 860
634 98
1376 52
808 1305
1635 1642
584 1795
1343 1399
550 857
1493 184
1583 937
680 1234
1335 508
1209 863
1143 1950
1354 1023
555 447
1059 173
568 382
1765 1055
1414 642
596 549
710 1451
1411 805
1348 400
1078 881
562 853
566 612
1292 261
1187 772
1281 1728
1938 588
1365 1575
1675 697
1848 1246
1151 898
1658 1142
803 1842
806 1705
946 424
942 396
1502 223
612 747
1435 733
779 467
789 1608
1282 1428
590 105
591 704
593 719
820 1367
773 219
1846 375
1130 1673
786 1511
604 1529
840 1703
1545 1129
1535 629
1548 529
1146 1435
1751 1212
768 476
1921 1309
614 140
1159 1989
1654 932
904 273
1269 1450
1489 1259
664 1227
618 1602
620 299
1630 695
1482 1892
1804 1442
1290 771
629 1047
1430 6
1882 335
1520 1847
1163 123
954 179
1632 328
632 1551
656 1929
1953 70
974 397
653 1356
1316 1113
1888 1864
1182 986
670 945
1357 1534
646 573
1446 1454
1336 35
1028 355
1538 871
1875 151
655 1336
1139 1467
1327 1815
657 625
699 411
1664 1164
661 1500
1099 153
667 1380
668 723
1330 650
1166 1846
1375 1280
1438 1671
1599 1198
678 1897
1462 1108
1814 45
931 960
682 790
1601 471
822 753
1839 1361
1560 178
989 548
774 331
1160 33
732 1053
709 457
1470 1854
1434 1160
689 333
1733 144
928 1919
1346 73
718 1757
695 1325
696 1532
1308 1475
1314 197
1557 1589
1742 44
1643 781
1892 1040
717 1824
724 1570
1925 956
1688 3
1969 766
910 1636
987 1947
1873 1580
1134 338
1310 1262
1476 210
1673 1097
1650 54
1607 371
1883 571
1807 1187
965 1555
1409 1098
829 386
1170 524
748 89
1571 614
1809 294
797 667
1120 1307
1576 660
1845 892
1608 1704
1116 1038
1606 263
1923 230
1764 1697
1707 381
1230 1168
832 1980
1304 1654
771 936
854 726
1568 237
1008 259
777 1861
1914 1248
961 902
1373 1856
1410 593
1093 1830
1416 1786
1391 278
1208 1676
1677 738
1265 1210
1896 1482
1469 1101
1359 1228
819 446
1714 1886
1124 640
1578 1057
834 1295
1592 1008
1536 1736
1207 100
1119 1173
1058 1561
1002 1674
882 460
1132 1226
899 910
1660 1750
902 866
1491 717
1392 61
1053 703
955 1607
1899 920
1525 783
1756 1521
1740 412
1019 1240
1291 1621
1853 79
986 1012
1605 1998
1313 246
1700 1099
1076 1139
1018 647
1072 1829
1185 1790
1884 191
1042 979
1695 260
1328 1512
1198 757
1071 21
1415 1781
1235 370
1091 1448
1142 106
1320 586
1890 296
1289 941
1618 1111
1190 596
1191 1716
1709 1181
1347 1218
1295 1646
1349 1257
1692 905
1405 562
1957 534
1621 409
1729 451
1861 319
1937 385
