0 1365
2 783
3 483
1847 138
5 1643
1843 375
8 1277
9 1258
178 267
973 1335
226 246
922 504
1643 831
1602 1811
490 912
1 315
1848 275
1846 283
1844 1791
1841 1259
62 894
1527 1386
6 325
11 1151
12 1089
1717 760
1208 988
1398 1485
1258 386
1849 1494
968 989
991 443
1462 1636
1340 323
4 65
7 1127
10 1673
13 489
14 238
1715 1158
1845 689
1081 423
1813 1656
556 1135
106 192
513 951
492 1206
1647 1560
25 1225
778 735
690 186
858 1577
445 1575
17 999
914 1057
1723 545
612 343
263 806
872 599
950 150
1713 878
506 1712
385 979
16 990
19 1220
638 1493
300 621
20 684
834 1223
940 573
1235 1738
1170 537
739 617
21 1556
22 1468
1498 598
1364 230
1095 300
18 965
23 59
479 837
1092 1244
1008 821
954 1342
28 1652
1126 401
1128 1026
15 1252
24 701
1185 1218
1068 411
837 340
1618 481
985 403
1820 1569
1499 1756
658 1711
119 1326
1614 43
27 1051
603 1807
540 1191
1685 1302
26 272
43 406
705 1624
976 632
201 1050
29 1693
1161 1139
1525 1370
1451 754
1827 413
30 710
1832 110
367 474
1586 839
1039 1532
31 170
32 1188
1502 1588
1315 400
1650 1275
1236 1149
476 1004
433 601
89 519
34 16
322 1294
695 71
473 446
1624 699
896 626
637 1814
1286 1821
33 1056
162 282
1002 1160
543 1406
35 233
794 579
1653 388
519 802
932 1216
630 660
1063 1655
36 210
39 1668
310 1290
933 675
40 1419
1497 284
1021 1073
1773 389
37 1311
1751 394
967 1455
1395 307
38 887
41 1168
1454 69
848 718
1644 757
42 393
531 852
1134 683
44 587
1670 287
1148 1800
211 690
216 472
1102 1641
399 1010
648 1621
898 654
1193 72
45 144
47 593
862 596
78 85
1125 1417
1724 1751
1326 1221
68 602
49 1031
1544 676
318 986
663 26
1573 1394
1160 1385
827 1612
1842 680
50 1567
1755 1276
1558 1189
486 39
1689 1482
256 1190
1665 1610
466 1737
46 367
52 1523
1283 465
351 437
53 679
51 387
238 460
586 140
633 1606
230 198
54 454
764 215
48 1813
1799 611
1076 1502
1246 813
594 991
55 181
735 1328
1014 237
1771 700
1418 1703
870 1670
1113 631
1186 1554
145 382
1394 1384
56 624
160 931
1010 7
1787 792
1478 478
1514 994
971 1214
57 506
59 553
727 1590
1382 801
58 1355
1594 1253
1700 780
61 1566
589 199
1587 824
60 1314
239 415
123 790
320 451
1224 49
63 751
250 1582
1687 900
1129 1388
64 1581
984 1616
1430 1467
65 695
1663 607
1006 200
1152 914
110 1559
1814 1638
66 673
503 112
1457 1792
1705 1140
69 1669
222 334
1729 311
316 1630
780 1309
1627 1844
866 1064
1388 412
1421 996
665 1019
71 967
72 161
1509 1511
899 758
67 748
70 1403
73 1680
338 1819
497 1720
635 1091
74 54
1098 1129
1295 1510
1034 1486
1363 1663
449 281
502 1184
1639 1790
628 1784
113 1410
939 1305
275 1637
459 259
77 217
1349 191
1656 883
75 1546
76 1399
1636 1181
906 220
388 1633
139 1602
412 702
217 471
1216 1463
1437 1707
169 978
877 1474
1181 1286
80 329
81 1239
889 511
215 365
951 1
415 364
1442 303
1436 1280
84 1323
1036 1531
204 473
672 1509
82 255
85 935
1042 63
1584 1248
1608 427
79 1689
83 1332
86 1730
1838 279
783 1082
96 1238
103 693
1672 162
1599 971
1329 88
1136 101
181 501
736 362
1137 351
726 1694
1298 1740
1783 1826
114 1476
1609 766
1305 1679
879 523
87 910
90 609
324 341
660 81
1476 1179
568 10
91 1074
236 1524
422 1389
429 787
1580 1088
92 1177
1150 1453
1785 948
1273 1795
1486 1173
713 0
447 1339
955 992
534 286
731 409
88 1796
95 1030
627 148
747 1415
774 920
94 1820
1066 241
900 567
553 1648
944 37
411 450
554 1798
1782 848
1617 1622
821 82
1262 812
945 1204
109 742
1358 665
271 959
1248 380
272 677
937 891
93 940
99 1229
100 503
209 53
1629 224
196 538
1494 79
97 1607
166 1055
1510 644
153 310
1359 719
391 1702
101 40
1200 661
98 1364
104 1005
668 1534
1033 211
436 257
102 441
105 692
1215 1544
1194 1322
1074 638
408 1230
1141 1574
1662 507
1153 1228
270 707
1711 1128
188 1126
1277 1818
290 552
683 998
882 44
1423 1383
1589 1418
1688 1102
1053 438
337 25
613 116
840 337
1335 1366
107 119
127 358
1545 657
1291 1375
1003 1519
115 648
563 1061
722 532
1383 336
1206 480
869 1815
112 667
377 165
1831 863
108 86
1780 1781
1024 888
116 1747
117 1594
921 838
1739 797
856 1525
1168 1054
118 1016
384 1348
237 298
528 376
1220 825
151 1044
111 1843
120 1423
994 134
772 1450
121 1839
1759 1793
1505 1247
314 32
185 1601
1174 1209
1620 927
750 1492
363 1261
255 1241
124 556
122 1000
125 278
1471 1834
970 1024
1669 265
126 1392
1343 189
1447 129
1106 1243
128 440
566 1240
1677 1704
1487 1555
1519 640
129 809
1642 399
588 1498
328 1116
1443 1226
130 896
131 359
1761 739
1373 1769
737 853
641 1316
133 715
461 1552
454 491
1533 1318
1400 554
469 1774
195 1586
339 1681
132 875
136 379
1025 174
494 1714
403 535
814 1646
134 1549
138 1207
997 841
1078 789
1593 1836
135 1491
1145 1196
549 1573
240 647
1339 73
137 121
140 1120
880 874
1735 743
462 139
1690 493
142 206
1237 842
972 28
400 1783
141 1475
762 1232
1384 530
287 1210
291 1653
155 1359
1680 461
146 123
595 333
912 717
144 95
147 725
148 578
1007 312
598 885
1428 636
957 726
149 755
1377 645
881 75
1410 769
757 1496
1026 1142
650 1245
565 1614
1214 1341
414 533
143 1778
463 1175
1682 1794
1097 250
482 615
152 352
154 404
1480 1644
1613 1595
1272 738
1381 1310
1302 74
516 576
1522 1227
812 87
458 704
1456 1333
1540 1613
301 543
150 377
688 1012
156 513
1144 1408
1000 205
157 1072
425 1006
518 765
948 1156
1576 1695
161 720
619 1021
380 1456
158 485
159 1649
617 484
687 430
1760 1395
1217 494
172 1512
163 943
1061 1231
1520 42
1482 1358
165 1765
1120 418
1830 328
583 873
164 785
1619 1176
258 1340
734 1788
1521 782
860 571
446 227
168 1576
1195 1420
710 1382
1745 1461
254 1479
935 1499
1731 1763
167 846
443 1113
864 18
1628 696
1114 1767
413 339
1517 1660
604 1603
1440 273
484 594
173 271
1122 918
511 518
170 1069
171 627
174 941
1015 228
1094 1626
1626 1343
1567 264
1192 879
406 1093
802 1338
303 919
176 470
1788 1242
561 182
1615 788
1684 781
175 1205
276 326
179 171
639 1801
605 1841
389 1522
533 1666
1415 1802
1317 76
1184 1178
180 34
828 391
819 1526
182 722
740 1808
1673 332
546 826
785 895
615 1683
1016 1063
779 1157
1566 1473
326 862
321 608
177 614
184 1357
953 1291
1165 115
186 871
187 327
1821 777
190 1537
1324 829
1412 1480
643 1736
228 1700
1117 419
504 1092
183 167
191 744
1050 1421
192 1027
296 93
1585 1723
1632 51
708 407
956 1754
1064 318
193 428
1772 102
189 190
1096 20
194 458
1293 1654
989 714
682 974
198 499
752 1169
903 342
1708 1659
199 1337
200 1565
949 47
1029 1782
523 177
1610 771
197 1141
202 158
1109 1272
1009 57
618 1296
1088 1166
1091 163
657 1507
1778 865
203 814
205 180
887 335
304 800
952 1273
1493 1033
1032 557
1099 188
1472 954
569 421
1532 1254
208 570
1473 1434
409 847
1300 861
1484 1265
1805 321
430 1147
1543 549
293 46
210 811
212 600
707 109
576 834
213 297
842 495
1725 775
1435 62
333 708
1171 125
851 899
206 476
207 135
214 860
1809 373
759 767
545 160
798 1845
218 529
636 1325
839 776
220 968
279 1766
926 456
1727 288
219 550
402 784
1270 889
1385 583
998 1505
822 308
485 859
221 1361
225 9
302 663
728 1327
224 835
268 713
355 688
1320 299
1721 937
227 67
1044 1105
795 1535
281 1779
1080 239
1060 1219
1073 590
1764 1401
1461 1067
229 1101
1531 231
223 1585
231 1133
1570 1293
1501 588
234 1431
530 1284
341 266
232 1022
364 396
1238 724
1551 1642
1414 1687
1401 1412
584 1195
811 1501
1441 574
264 1780
235 938
508 1665
1190 1350
233 1685
247 1454
796 1762
241 353
1744 1034
1004 1706
1638 106
1603 1787
1722 48
575 1039
242 820
243 322
438 452
1654 1070
1127 541
244 1772
1635 1750
963 730
1640 628
835 706
246 1402
457 1164
283 1833
245 251
1282 514
782 734
1054 923
249 1146
1276 877
1511 1270
1572 405
544 622
1314 1123
481 515
1596 1096
251 753
791 836
769 1449
849 668
1371 1674
471 1487
1336 1743
252 1349
1209 1745
248 349
253 1087
1591 1279
1245 1288
448 731
808 77
1666 1199
888 1271
928 1742
455 1174
1802 1515
1221 45
1460 29
1331 674
305 1334
259 1830
1023 1597
962 975
693 942
257 432
496 486
754 363
656 1528
261 565
1824 1506
262 176
1355 1107
1823 429
1121 60
1299 105
1196 222
790 1161
1330 100
799 15
1178 235
1808 1234
260 1041
265 479
267 1268
1366 973
1310 202
331 592
574 1304
269 1615
606 1345
1706 1287
1535 827
1380 534
1452 242
659 1587
1046 1028
274 137
345 1469
859 849
1183 1827
679 799
1133 52
266 1664
686 1122
1059 1011
420 884
748 531
1646 1465
1515 133
1503 1373
1328 448
273 1543
1318 1099
1306 420
1038 527
1090 625
371 906
1819 1025
1323 1367
277 1369
1041 525
701 1260
1496 13
1571 793
1789 961
282 1816
284 306
483 620
280 1165
286 268
1645 1053
278 929
285 904
787 274
885 1593
1027 736
288 1068
289 1483
1607 185
931 672
919 385
974 263
442 1775
1325 857
1766 502
1693 926
450 629
397 1032
1565 1490
1660 856
901 1617
1477 1119
292 1527
342 868
1030 678
608 173
294 261
1611 768
1031 19
902 390
1651 1632
297 338
1538 1264
941 633
1294 686
572 1429
1702 1832
1795 1650
298 1393
299 698
1424 295
1368 591
1840 1029
1420 445
332 1822
295 1497
664 542
1756 1081
836 234
1752 94
1111 1256
1703 947
883 1213
1604 1391
306 80
307 798
995 956
538 1130
724 555
844 252
376 779
334 149
1072 972
841 585
1391 822
308 1726
1726 1014
309 1508
500 247
738 1086
1342 1557
788 453
312 733
1049 449
1549 1071
313 957
753 414
823 1570
1256 1085
1387 1137
1467 346
1605 1786
311 1716
1812 855
1829 5
1449 1651
1281 11
551 203
315 459
1290 1308
317 778
1779 277
1271 1043
680 1727
993 1407
323 258
1657 243
319 1398
592 1193
1411 908
325 1538
1264 650
1055 651
622 1060
1378 1058
381 457
1301 1249
557 635
678 917
744 1236
493 773
1413 226
1737 1109
1623 1237
1344 291
1485 907
1548 402
327 410
329 1810
602 716
1240 925
585 603
684 179
756 1117
480 1438
335 397
718 949
652 157
1550 103
1697 1202
330 270
649 630
1108 1297
336 213
1013 1411
805 23
1079 151
1241 126
691 1608
631 1812
396 1749
340 1159
344 1409
498 216
1266 866
343 1572
346 344
395 670
930 1036
1622 505
392 612
349 431
1244 201
370 880
347 727
348 1269
515 1048
1269 316
1218 1611
428 1739
350 22
1686 950
353 97
1450 1447
352 143
666 1250
478 304
700 1285
1828 922
852 685
1147 56
356 1513
685 697
1390 1208
387 41
354 1078
357 589
358 197
359 1065
360 500
1284 1266
1429 808
361 111
522 1170
362 876
1085 913
878 366
421 131
365 764
1118 1374
867 1344
366 547
1557 1619
1600 642
1710 1312
369 1100
1180 1533
368 90
607 1746
372 1471
524 656
1149 1080
807 1580
1667 1828
1187 517
541 488
373 791
1659 983
374 723
610 1604
375 1488
378 746
1089 497
1140 1489
1694 1150
573 444
379 442
382 1303
423 1379
741 193
755 946
1495 253
1597 1182
1261 187
599 1732
383 1838
832 886
911 1283
1223 225
386 1110
418 1645
587 1809
404 1837
1582 1514
1769 276
390 703
894 1329
393 260
1774 372
1399 984
1701 1623
1345 729
670 1008
845 649
394 546
1135 740
398 1362
1776 1731
626 350
570 1432
401 524
405 639
768 804
1466 1427
536 774
1367 207
1292 1372
407 1315
601 381
1159 510
1362 384
1568 1598
1818 1741
410 1691
803 1380
1001 1583
1104 1020
1332 1324
1804 659
419 1761
491 55
1177 1104
417 1262
960 1153
416 1404
1257 1251
1019 1042
532 114
1167 6
1612 4
1226 584
987 447
424 832
1445 1098
1811 68
897 580
426 240
427 830
1754 833
653 1187
1351 1678
468 911
487 952
1528 1634
431 1710
432 8
861 1038
535 1381
1069 395
525 1330
434 815
435 1458
847 1319
1375 92
1655 50
810 1724
947 1076
725 122
437 526
1157 1015
801 1118
439 1155
644 568
441 1428
464 436
1630 248
440 1352
704 934
1115 218
444 290
1267 563
1219 540
596 964
1835 586
1203 221
1047 1425
1233 1686
673 1295
1230 1553
1020 1635
781 977
979 606
1058 610
1712 1563
773 1733
846 1764
777 289
451 818
732 850
453 1547
1554 64
645 694
1279 1503
452 108
761 462
1234 1591
1239 1729
1489 330
1748 1171
703 762
456 1131
1837 1500
746 1709
924 31
1547 905
1274 104
1438 1504
1071 898
1116 1040
1767 209
1376 562
465 985
467 1083
1350 1111
1561 1437
1815 132
460 1112
1716 1773
1676 522
1578 1452
1588 1433
1255 1545
1564 1470
472 652
474 1439
470 317
1537 319
1309 145
1297 309
475 1806
1563 194
1231 1688
655 78
990 1162
1432 361
766 737
477 1462
792 982
1516 1138
558 14
1207 12
1360 1849
488 466
1403 417
907 1744
489 981
1736 467
1322 1163
850 1125
868 1441
1839 1047
581 1201
918 1457
1112 89
1348 1446
495 903
1770 113
742 355
916 1192
499 1684
1637 1052
1648 705
1083 691
905 435
640 1298
1427 569
929 1046
505 1215
501 196
507 641
1131 1548
509 1578
1507 1459
981 398
1075 1804
512 1317
514 269
1786 1478
1801 1009
855 803
510 296
520 1336
521 1777
1056 1354
965 1561
1681 671
593 1757
1205 682
884 433
526 953
1100 1278
517 146
527 208
529 1760
721 1018
824 551
1155 223
537 313
651 142
1671 761
1287 154
1506 1721
539 1699
1679 1835
730 99
1678 1536
542 1396
547 1167
548 1426
1699 1185
711 1023
1143 1842
550 1197
729 1817
552 1719
1474 262
555 1631
1797 1353
623 993
1757 1351
559 1445
562 1224
958 1292
809 969
920 548
1285 1235
560 795
1675 1282
1625 183
567 1198
1035 1464
909 1390
1197 928
875 464
571 426
1132 434
564 759
1704 909
578 1274
733 747
577 1789
579 828
1337 810
580 1785
1051 902
582 544
1595 1400
1793 1211
590 245
983 616
1803 687
591 83
1741 1518
1289 356
895 369
1709 1530
1798 881
597 468
1333 61
600 963
1634 1049
917 817
1164 559
1575 870
1792 155
696 745
806 634
1810 496
978 1550
723 997
609 1003
1512 1697
1296 371
611 1378
1407 1124
614 1440
1746 168
1189 490
616 1134
1247 164
698 1062
620 1347
1212 1797
1562 1387
1260 383
692 681
621 840
1426 924
624 378
1077 166
1179 1144
1470 1035
817 816
625 1658
1227 314
629 1696
1057 936
632 1717
969 301
745 930
634 422
1465 637
1082 2
1444 1639
891 1281
642 1657
770 581
915 305
1409 1301
1040 516
646 1609
647 392
1139 455
1070 1824
1422 566
1138 1584
654 17
1459 302
1419 1701
890 331
661 1289
1166 970
1781 214
1825 1481
662 1154
667 1562
943 1592
1084 966
1806 577
671 141
669 933
674 195
675 1331
676 897
857 1484
677 1752
975 128
1747 604
681 118
1389 932
1518 1600
982 741
1372 58
689 1805
961 156
1696 254
694 345
1541 796
697 1222
1652 320
1833 995
699 1682
1067 354
702 944
1357 1840
1048 96
706 1672
709 159
1253 1413
1110 1551
1254 619
712 958
714 1472
715 1246
1163 1825
1707 1360
833 1356
716 1148
717 1002
719 1299
720 408
1379 1771
1173 1477
1311 487
1658 1831
1469 136
1346 1516
874 324
1616 1748
923 572
1553 212
853 1667
1341 763
743 980
813 1558
1552 1698
749 1629
1319 605
751 1661
1250 1768
1365 1376
1176 1758
1130 618
758 728
763 823
1738 1436
829 709
765 1115
767 416
1017 711
793 1114
760 1079
1491 819
789 1424
1334 1568
771 1094
775 463
1668 169
776 360
1169 204
1483 1121
784 1520
786 249
999 294
1431 475
886 882
1762 890
1733 280
1730 916
1526 752
797 1152
800 662
804 1521
1202 107
1232 1320
1278 70
1492 153
815 536
816 127
1280 864
818 1728
820 1823
1263 117
1347 1618
825 1675
910 1097
1229 901
1370 1529
826 1443
830 184
831 1759
1763 1541
838 1059
1728 1007
942 561
843 368
1402 1307
1405 1377
854 172
1807 256
863 424
865 1300
1275 348
1312 1846
1386 1416
873 750
876 482
871 120
1211 597
1119 1718
1249 1203
1742 1435
892 582
1243 219
893 33
1052 1422
1433 1628
904 915
1508 921
1777 498
1775 595
908 1037
913 1321
1156 1108
1641 1172
1718 960
977 178
996 1095
1453 646
1265 872
925 285
1404 1725
927 1460
934 1077
1765 1662
1374 721
1124 1620
1303 1677
936 854
1500 1539
1458 477
946 520
1392 98
938 374
1093 24
1417 1368
1242 893
1397 1414
1513 84
959 851
1475 1442
964 1713
1817 1444
1028 1183
1251 1722
1308 292
966 539
1481 564
1455 1803
980 1676
1369 1448
1146 939
986 655
988 1627
1577 492
1101 370
1790 357
1749 236
992 892
1631 1848
1107 1106
1022 232
1534 1755
1490 1579
1005 843
1479 1371
1569 623
1011 229
1182 1690
1018 613
1012 794
1037 1001
1425 962
1043 528
1045 1605
1826 347
1559 1705
1560 66
1321 653
1606 844
1732 293
1530 1233
1065 1847
1062 509
1356 770
1794 1263
1151 772
1822 175
1087 35
1338 1013
1416 469
1086 1136
1213 756
1590 1255
1103 1306
1105 858
1740 669
1649 1212
1439 1145
1542 1564
1162 1589
1259 1735
1123 643
1307 1075
1698 1466
1142 147
1188 1180
1583 1571
1154 91
1695 439
1158 1430
1172 945
1201 1708
1175 1495
1574 955
1836 1753
1327 1017
1191 1313
1198 38
1199 1200
1204 664
1210 732
1288 124
1252 36
1222 1045
1504 1143
1225 508
1354 1132
1228 244
1784 152
1396 575
1592 1692
1796 1397
1524 1540
1758 1363
1268 1625
1691 1596
1743 1405
1598 1799
1304 512
1313 1776
1316 1066
1579 27
1719 807
1393 845
1361 130
1353 1346
1352 425
1463 1734
1633 1715
1539 1599
1434 3
1581 869
1406 805
1408 1257
1683 1217
1664 1194
1720 1267
1621 1640
1446 1770
1448 560
1464 1451
1468 1186
1488 1090
1523 712
1529 21
1791 1647
1834 1517
1536 30
1546 658
1555 1103
1556 987
1750 749
1601 867
1692 976
1661 786
1674 1829
1768 1542
1714 666
1734 558
1816 1671
1753 521
1800 1084
