0 1262
2 1850
1998 30
3 1887
1997 1911
4 1906
1994 273
1993 1291
1992 85
9 1374
1991 493
10 1231
1990 580
1989 1141
1988 246
178 1938
375 1314
1393 558
107 1155
252 591
470 530
853 1460
1712 405
29 771
757 1772
582 1727
1332 1354
1569 457
59 918
723 83
1130 855
1 262
5 947
1996 1441
1995 98
11 1143
13 1176
1603 1733
1237 1990
800 1685
289 1857
821 126
1088 1579
1137 1307
1378 1064
693 1403
1089 483
1999 18
8 1351
12 357
1717 339
1422 1666
79 1692
1466 240
28 1156
410 1556
235 1690
889 1343
6 482
14 991
15 1137
49 1948
565 862
1667 1305
173 1934
955 545
579 1591
145 1784
1514 1469
7 708
16 312
1098 267
1766 863
733 564
864 1983
1289 1453
1167 1640
117 162
875 1865
1082 295
642 266
1185 1295
17 1118
1812 120
1284 456
656 1017
1658 173
970 1919
906 1258
1562 748
1347 797
18 981
106 386
1294 1874
232 1049
35 1238
233 1133
1145 781
25 1523
331 1430
1194 1389
817 473
690 1560
257 883
1900 1296
1542 912
896 1399
1010 271
1938 1270
19 309
20 59
377 1446
949 1611
725 1371
384 877
287 600
1722 1285
1846 1536
301 1551
1863 595
1100 608
21 109
1478 921
703 1045
43 1316
1901 190
1855 1676
236 1978
1646 713
1334 1598
1940 1581
250 1900
22 1024
23 1854
841 963
941 1338
1769 509
1007 1055
1960 1015
24 1352
1223 613
1510 1339
540 572
334 41
846 1486
1348 187
774 1740
283 676
1499 96
761 232
573 1710
1327 1367
1257 1419
1431 460
704 1340
1746 620
1975 1215
411 387
1344 1004
26 1086
1509 1425
260 1325
740 254
1169 276
1068 1680
1791 1746
60 409
27 1492
737 20
777 1858
221 188
993 1488
494 367
291 548
1708 1928
1644 647
86 496
907 660
1398 1985
1856 1717
711 1123
1612 1003
1419 1809
349 1485
688 1942
888 256
1593 272
1719 1269
830 571
30 199
31 1870
1866 250
818 1158
722 540
320 702
1037 579
692 1046
721 444
942 1392
32 518
436 1968
1172 1609
1204 45
960 40
509 610
406 450
1371 858
1011 1949
1522 928
276 114
684 193
1824 1080
1936 348
33 1787
34 1627
1684 1658
1418 38
1107 1859
1915 933
364 1033
1682 1929
1929 999
624 119
1326 1718
1661 214
220 946
1781 1930
1189 994
1614 1864
1486 844
36 929
1641 328
192 384
1956 898
1121 168
1948 503
133 143
672 1047
1622 1801
1238 257
807 481
811 488
1220 52
752 215
640 1667
212 592
795 638
1521 177
279 978
1386 759
1022 1963
1427 1915
489 646
1944 1142
70 1450
37 1001
38 1043
48 298
1151 853
1483 1477
781 1330
217 1020
1115 46
1920 88
1390 1863
39 910
40 782
1649 1289
1629 285
305 1088
242 949
1910 524
502 159
41 167
525 1781
679 964
82 1683
188 161
1760 1470
1738 739
1828 1783
1094 667
1251 1456
441 568
601 11
198 217
1582 1882
42 1532
1638 407
953 589
1967 1198
1179 335
1494 1210
1002 1632
848 936
44 1499
1980 1761
93 689
1276 99
1721 243
1820 1804
45 802
92 283
1363 874
1258 1831
1633 1066
246 287
1085 1939
1086 979
46 970
580 87
1278 1780
1178 253
278 1480
564 1100
47 612
455 671
1243 1
51 730
1606 302
1385 1796
1752 995
619 578
433 1797
1317 27
869 0
1158 1728
591 1965
1446 47
1895 861
365 53
1973 125
826 895
1821 1932
50 49
389 487
177 82
318 835
1877 466
343 1057
850 1193
1383 1654
533 506
741 688
1925 662
1893 1279
745 1819
1799 1935
827 773
1876 22
1583 1334
52 492
1544 297
885 463
934 415
1879 1982
53 28
1690 657
1731 1222
998 434
1216 1260
1321 1777
54 1546
1516 749
1715 1618
139 1182
1553 1687
55 799
997 471
1302 1729
196 242
1696 976
620 1500
1462 319
1635 107
56 1496
1656 741
957 477
76 630
1014 1408
57 1706
1687 927
1718 842
90 351
1001 1694
1830 1029
743 317
1916 1099
351 1147
559 1975
58 163
393 472
742 1473
1659 1771
1680 902
1043 760
408 1672
878 1606
867 1385
718 467
1624 788
1395 112
1377 684
1796 489
77 93
1541 701
891 1773
1849 156
356 798
747 48
929 1776
581 1788
1744 1144
247 641
61 396
62 1635
1573 4
1200 359
1898 810
1030 239
1280 400
1338 1652
63 814
64 385
1286 1912
127 1766
1052 1042
600 1503
65 1434
253 674
379 1792
1813 1359
930 1103
1141 1989
191 1275
881 1360
66 997
477 704
469 51
611 1226
88 603
1297 1028
67 1495
575 1891
1515 344
637 841
1701 282
805 614
68 937
1307 1702
472 837
1774 1555
877 178
596 270
627 866
1234 1153
794 829
1263 1402
159 129
1180 926
1977 430
698 1940
561 1760
1673 1468
69 1479
71 776
589 1105
1962 1386
550 164
184 958
1642 692
852 550
1413 643
1899 1730
72 1648
1009 382
1312 197
1170 399
1783 1769
1152 1956
655 1969
1768 1318
317 1961
1049 1561
73 960
74 1834
1233 1436
1433 1159
1607 593
518 1601
1379 1092
943 210
1475 1124
1511 141
313 355
75 500
990 546
341 1871
713 977
1802 455
1401 1221
1476 825
174 13
952 418
913 1568
1580 716
1000 1229
1288 1214
1095 891
772 1027
1862 201
368 299
105 1616
78 1464
756 105
1592 1971
1926 326
1805 516
1837 1102
1407 1081
991 823
275 1497
1819 961
1703 607
1676 666
328 1673
414 1923
1136 260
988 528
1160 1872
80 314
81 679
1636 1014
1932 185
459 7
1351 1920
1078 826
1513 751
485 663
966 573
157 1273
1567 1167
1628 1813
83 412
438 659
1125 1502
1627 777
1969 1917
514 321
84 888
418 955
263 1577
142 1413
1460 656
85 697
137 1337
874 762
1428 60
1556 1520
1264 1802
1219 993
548 1841
917 8
1881 796
797 1507
357 1145
87 259
727 551
1109 1190
1473 291
1818 505
461 403
89 1005
1842 1709
1518 987
248 50
1016 678
1411 605
1838 1524
520 360
154 1937
350 1947
1919 764
183 812
1277 1653
409 1252
419 626
486 884
1097 1274
1266 1650
299 1531
1826 1041
1406 1012
944 153
109 547
91 1263
1735 1439
707 633
1972 1154
290 404
1546 1574
1981 494
1229 108
1557 916
1506 209
1672 1372
1459 1810
464 324
736 1410
915 417
879 652
1468 1830
959 531
660 1722
1912 1067
1005 1743
1182 1505
1225 1376
1414 504
1535 150
94 443
95 1072
967 851
1529 1449
546 1079
1129 1844
442 1327
858 203
96 155
1150 1649
141 830
144 1894
570 1202
1965 1251
97 72
847 1032
1044 833
1727 1254
258 1085
686 1619
1472 1886
1425 1945
1526 1284
1924 827
1067 989
1745 1183
1655 376
912 498
1943 1510
281 356
98 368
99 795
1405 1953
473 1732
798 56
1079 1109
199 1903
273 264
543 1767
1670 988
101 398
1242 882
880 745
897 1610
1933 1309
813 1349
445 92
359 251
739 1603
860 1304
1777 333
100 25
102 1675
789 1165
1779 786
103 1972
1381 537
1382 975
1871 1534
1568 445
1399 1432
735 1022
1046 1892
1066 1442
1623 228
1128 740
873 323
104 508
160 1755
1710 1482
1353 1582
1652 1897
1161 1905
985 885
435 948
585 330
621 520
147 1960
214 596
1954 779
1156 1966
1610 1779
460 693
1076 322
836 1665
424 1628
213 1151
1224 1753
1055 1196
815 1162
1643 1868
963 1257
108 486
1549 625
1600 222
643 680
1778 1651
1033 225
123 734
111 411
1192 275
110 501
112 775
758 1310
1339 1169
753 742
987 521
113 1823
425 174
218 744
296 1754
1705 422
1536 1996
782 195
1784 1175
1057 645
115 935
791 1207
1092 290
706 372
526 672
1259 1319
114 1417
116 1745
244 35
1517 1669
360 1451
1564 1908
796 1566
730 574
1537 1326
567 875
336 831
120 342
696 1805
241 561
1524 962
1101 973
1758 1909
156 189
118 1418
776 1659
1686 557
1404 707
928 1050
724 1656
629 1522
1793 768
227 475
261 943
1558 1350
576 1544
119 1039
1365 1835
340 1668
405 791
1891 555
1175 1585
937 675
387 1979
728 274
1217 1884
710 1734
923 1444
1367 1655
1314 316
122 252
921 1364
230 1277
1173 1381
121 621
1113 1957
981 1626
1135 1363
726 1184
1484 236
124 110
1591 747
155 397
664 68
1651 824
1674 1463
951 179
125 1246
1775 1883
150 1140
1467 1348
1930 950
132 361
1444 1398
1840 1526
1171 1345
1620 563
1221 792
814 1515
755 1701
303 1311
1176 294
1914 753
694 640
633 890
182 1074
126 523
1552 1838
978 1749
665 807
1023 329
895 1758
595 1185
1748 570
1869 785
297 525
128 1925
130 878
605 1793
1162 410
1725 406
908 1342
1733 1487
654 1255
1496 1593
129 205
1143 1200
1120 1161
1245 145
269 419
352 622
1024 439
1199 889
1660 870
1451 820
1250 437
784 231
1487 1218
1773 425
476 1716
748 130
1982 175
1062 1259
134 720
613 907
792 743
148 1128
298 1547
1931 64
1482 1557
916 154
131 914
316 1121
1782 1633
1935 358
1215 879
135 1679
136 938
556 204
324 1703
649 651
1301 100
1771 1355
1961 731
1421 819
1315 449
475 544
1706 55
245 62
277 1848
968 65
1987 1812
1815 1951
1723 1058
1017 303
1340 392
1021 587
361 982
712 1457
568 1331
1880 1230
922 1623
200 293
140 81
1025 436
207 152
1081 1026
444 393
138 1514
403 441
1753 401
1004 809
1138 470
767 1445
1939 1168
1688 213
143 1233
1847 1738
1886 43
1822 1688
1493 767
1045 1160
771 1529
549 1186
499 1504
804 1634
1852 1614
367 289
1239 1596
1734 1199
208 1762
1402 1851
1985 560
146 1130
423 1494
420 857
383 1571
975 1261
490 1590
674 146
1298 1243
1894 1225
1080 1312
954 1548
1586 61
1448 1031
1984 1993
1742 1719
1318 1952
1027 1637
1228 1040
326 1302
933 1826
1183 1111
1806 408
149 1828
151 974
1776 31
675 1300
1387 212
1949 255
868 517
1854 1065
1827 1602
1453 634
926 1554
1157 836
1554 1172
165 1600
152 1476
1186 1322
376 683
936 1689
969 200
153 474
1619 562
857 490
488 202
1461 180
1492 1401
1102 1427
347 435
478 442
249 1171
231 653
1350 794
1184 1303
1146 942
1177 1391
1653 151
542 690
780 1987
560 1509
566 1048
1598 532
571 953
462 1759
1222 1378
962 36
322 1936
1872 1846
1860 699
766 1646
1677 388
187 828
676 588
547 1157
158 1643
161 421
1026 1588
1946 848
1789 617
1637 1232
243 752
554 899
1144 1293
837 1224
1795 480
163 170
645 95
1209 1721
1788 1329
1792 278
964 923
1581 920
1352 954
162 378
164 1875
1625 1370
1452 606
751 1671
1551 1134
1417 1890
1532 341
1885 1820
1500 1907
583 172
333 691
832 1662
167 1462
1803 513
842 871
1918 1038
398 839
166 1152
1489 171
335 86
1539 362
1563 1195
169 932
348 1825
631 1037
1942 1096
699 54
1279 1898
1888 19
168 718
1203 665
1811 642
314 315
714 9
1048 1599
170 1670
271 1248
193 459
1491 1924
1697 1131
965 1068
1072 1063
171 1862
172 1288
524 649
1630 696
481 116
1036 383
479 337
1835 687
1955 732
190 682
443 160
1945 1135
1823 66
894 1347
1389 618
1736 565
1851 1241
175 1290
545 1916
374 1867
1299 169
715 677
176 1268
1543 1429
876 424
482 1764
370 423
911 859
1132 1478
995 971
512 1287
492 1501
372 79
179 685
286 821
1380 1620
432 1164
626 446
516 904
1976 1365
206 1375
180 1358
181 735
904 122
1548 364
1576 1904
1739 1748
1458 1139
1577 1608
274 1853
1119 1726
861 1179
1889 1253
1720 1219
606 1818
1908 1840
1391 854
1061 1893
1810 1006
898 1817
1800 1873
1439 1335
1890 1997
310 780
185 29
186 115
1480 1276
615 1208
535 12
551 1228
871 1240
465 728
1968 1440
1928 94
395 654
1197 1569
1786 1644
622 594
1669 566
1764 727
1857 1077
353 951
1073 1986
189 1660
1006 1816
1958 198
1424 924
1713 894
1084 1786
925 703
1296 834
700 1991
1149 218
1479 1567
980 514
194 1525
1324 710
195 1454
1559 332
1210 1808
1110 515
307 1194
671 897
939 147
610 429
1829 1461
505 758
984 91
1275 1877
197 1829
501 1227
1019 1052
971 846
919 1921
759 1201
824 118
1507 714
354 1082
1114 184
1426 1379
1749 1973
201 166
202 1765
825 1974
902 536
1767 1119
203 221
983 502
958 1062
267 286
1050 304
831 1317
453 1724
204 1559
1202 235
1423 790
678 590
1685 1010
992 1078
1970 133
994 1256
1370 770
1256 305
977 1177
205 698
1313 864
1087 14
532 77
763 1475
1442 461
683 983
504 1565
209 706
1699 717
210 10
617 1964
1415 1189
750 838
211 892
1485 1332
539 26
1602 1136
396 1220
1032 113
300 1533
484 1452
538 432
577 1301
587 1642
1254 1098
1247 1575
854 219
647 366
497 1580
265 1824
229 1271
215 479
1741 1615
1589 1535
1255 1693
790 1083
1188 1785
1051 78
1597 934
216 984
641 363
531 1433
786 712
1343 1674
1587 1516
471 1800
219 1090
534 1034
632 1931
1218 754
1303 1409
373 373
223 554
1096 1756
788 1412
644 601
222 903
1147 139
224 650
225 969
272 522
1443 1306
463 815
731 1447
914 136
226 1181
574 1353
738 609
947 389
339 695
628 1204
1550 1173
1388 1587
1570 391
1155 868
883 644
855 1558
228 1361
1305 192
999 880
1429 284
1260 1383
1168 1138
835 700
1503 70
394 1036
1248 1950
304 17
1772 1543
1523 1382
1091 103
793 306
467 144
851 1889
768 451
1056 1149
920 1933
1268 1368
1281 843
638 76
940 227
262 1106
234 21
1445 1697
658 1691
306 71
1195 1373
1283 327
1454 1845
237 549
594 1538
511 1018
239 985
1015 804
329 1000
427 1107
1832 211
285 559
238 127
1369 801
251 1896
1153 1895
1887 1876
240 1053
1615 1712
1761 1995
280 1091
1966 182
1850 196
1645 1114
899 42
456 349
1262 1747
886 1636
976 816
311 746
1519 1324
407 1704
1545 1426
523 526
1825 1235
1921 1424
1728 1994
866 1448
701 350
783 1976
1897 138
1683 553
1420 598
1457 668
927 1715
1477 818
1716 1612
1465 34
1903 74
426 1108
950 1943
378 353
466 519
1694 1731
863 1264
1743 1573
1040 135
1325 1281
1611 1249
948 345
734 783
829 340
887 379
844 805
255 817
288 806
1798 1011
1060 230
254 586
1412 1720
256 1638
302 1272
865 1245
292 729
819 1493
1844 307
1755 1213
834 447
1816 1060
1754 1775
1909 165
1983 1148
498 1191
259 840
558 1944
1711 1265
1870 1298
388 1234
1574 485
537 556
778 1629
903 176
1974 658
1512 724
380 1125
1322 1678
1361 584
1979 893
1497 301
1292 1122
264 247
1902 1757
1174 1708
266 1927
342 1624
503 639
979 1294
1632 1396
1647 1789
268 1278
1917 1837
705 527
1282 1431
1008 1197
1287 499
270 495
282 575
1681 602
1435 374
972 1878
614 631
428 1811
1663 220
1201 1625
1207 673
1213 1549
1187 881
1578 1856
667 1657
451 395
434 1095
945 5
1654 1843
680 1508
603 1237
1449 757
909 723
1034 32
1372 300
1525 128
634 1833
1584 237
1790 390
1191 711
452 1552
1337 1388
746 669
666 1035
1770 1390
527 1855
764 1839
401 111
1839 44
651 726
1505 1405
870 101
1029 1127
607 1542
648 512
1122 632
1190 1799
843 1517
646 1852
1724 1030
1436 1377
1520 772
1041 1594
1678 1955
284 380
1964 1832
1596 1959
1833 992
1118 539
599 860
1054 1822
402 1205
702 552
1817 1641
1858 296
1396 648
709 1790
293 1415
787 1076
1447 1782
1671 529
588 458
294 511
530 507
1469 1941
295 1778
1226 1901
1108 104
1785 856
1090 263
1341 1564
1762 464
1271 719
1236 1563
346 132
1463 583
1077 157
1621 793
1759 1411
828 124
1456 1794
1474 628
1588 867
1704 1861
1953 1211
900 1247
1438 1126
1794 1562
1873 1282
513 1815
1356 1866
308 1750
309 1362
1950 849
1737 803
430 922
1691 787
1070 1059
1345 416
506 1888
1941 1051
312 229
639 279
845 763
496 1455
840 1292
717 16
1300 664
474 784
315 1954
1572 822
602 1093
1154 186
1750 1421
440 1443
1608 1589
458 534
390 576
319 1663
1400 234
1726 957
673 149
862 102
1986 223
635 1553
1020 542
321 134
323 756
431 1572
659 1631
493 1617
397 1250
754 338
1640 1459
325 1821
327 1394
439 310
1571 1713
893 1639
487 1881
1631 1597
330 811
882 269
1244 1885
924 661
1362 705
1859 624
528 84
457 369
630 1075
332 1021
760 1299
1409 414
1163 637
1714 715
1662 1742
337 1491
1440 1913
563 1472
363 1129
802 1988
338 1791
1561 1414
1471 845
650 616
1501 325
1540 765
1319 1647
552 402
1504 1803
1330 354
608 1206
344 611
1126 940
446 939
345 1541
657 944
1618 428
661 931
681 468
1333 1170
450 1527
1309 1807
1865 582
1455 1266
369 206
1075 1321
1063 23
382 2
849 1002
1923 1539
1693 1203
1853 1420
652 968
1841 900
510 965
1927 183
1616 1583
355 181
381 1315
839 1880
1127 75
1508 365
1882 1466
663 1357
1959 121
1609 453
483 1847
1566 452
358 1607
544 261
1212 1714
1605 996
449 986
413 1013
1069 1054
775 1308
1666 541
598 945
507 438
1159 761
362 1926
1355 277
366 1741
1241 567
1905 1333
1047 1946
932 313
1804 686
371 69
716 334
1595 1958
1843 1019
1106 1622
1560 336
1366 1406
1527 1150
1265 1239
385 1869
1342 1400
892 1397
386 1521
517 1795
1360 1842
1892 615
1906 90
1003 1677
770 318
1232 343
1698 1506
1252 1630
391 1914
392 1981
890 1008
1105 244
823 1684
1757 1356
399 1545
400 1700
1808 737
1732 1007
404 207
1868 63
569 1682
1384 478
1104 569
1809 216
468 627
1349 1407
416 311
412 1212
810 1471
833 1879
1364 1056
1214 462
1272 1101
415 194
1679 769
417 1613
956 320
1142 1336
421 1395
668 813
1133 1528
1634 1346
1848 1283
422 1116
612 956
1375 1705
1165 1113
769 832
448 619
1747 635
1952 226
1797 538
429 1902
687 1044
1123 1132
1971 789
1111 1860
578 1699
623 281
809 89
1488 1178
812 465
437 869
618 1025
1590 959
1528 476
1285 1146
946 280
695 930
1834 1438
447 1387
1831 426
820 123
536 510
1937 1483
720 308
1368 967
1227 1297
597 1484
856 1094
1531 1849
553 1087
931 67
454 97
1148 872
973 140
1481 1180
765 106
1035 1435
732 1366
1099 448
1874 1518
1065 347
1864 1498
1246 952
816 873
1270 1009
1963 440
1430 420
872 1428
1836 543
785 925
1064 1664
1579 917
1807 915
1269 721
1604 265
1392 1537
508 1458
670 1393
799 905
744 1768
1575 248
1311 852
557 1770
480 901
1306 1104
593 1836
1951 1550
1261 1404
1028 909
491 1217
1585 941
1814 1474
495 847
519 346
1074 1698
1904 1977
529 1380
500 142
1273 1922
636 1112
1134 876
1911 1071
901 484
729 1992
1408 117
1617 1621
1230 6
515 1827
801 1686
1293 245
1787 709
521 1286
1594 1711
1913 655
522 990
884 1069
584 1267
935 886
1018 865
1012 1744
1038 1110
1707 906
697 766
1394 1595
1740 694
1039 1707
1323 433
1376 629
989 1752
806 15
1331 1341
1291 208
1751 1725
1490 249
541 1512
996 1578
1083 670
1335 1584
1613 427
1565 1763
1329 1980
1193 1645
1354 1910
1934 1089
1196 1576
555 535
1765 1216
1206 371
1059 375
1730 1511
562 755
1437 722
1290 808
572 1605
1675 131
1502 1437
1205 268
1131 1467
1181 966
719 469
779 1223
1922 750
586 1723
1240 1962
1397 1918
590 1739
592 39
773 1115
1112 1188
604 1209
609 241
1639 1570
1533 3
616 887
1166 1236
1013 381
762 1899
685 1242
1534 24
1648 370
905 1592
1139 533
1328 1736
1867 238
1432 1481
625 1586
974 1422
1358 1070
653 599
1878 80
1780 491
1346 1369
1208 1490
1657 191
1441 1513
1875 585
1664 288
1336 1313
1304 137
1599 1084
1538 1806
986 998
1450 224
662 37
1274 1814
1071 58
669 1192
677 919
1695 1696
1884 1320
682 1540
1601 1416
822 1344
1555 1604
1957 581
1470 158
689 394
691 73
708 774
1547 623
1883 636
1253 1174
1198 1023
1310 1187
1495 1120
910 1016
1211 908
1308 1117
1103 1695
1650 1384
1403 1097
1116 1967
749 972
1845 148
918 413
1373 33
1700 1166
1124 1798
1416 1970
1947 604
1410 57
808 331
1668 1328
803 980
1907 1423
1031 913
1235 1244
1249 1735
1374 1530
1359 800
1267 850
982 1998
1316 1774
1896 1751
838 1323
1692 911
859 577
1140 736
1689 1280
1053 738
938 352
1164 1465
1763 1681
1093 377
1231 1661
1756 1984
961 431
1498 733
1978 1999
1801 258
1861 725
1042 233
1665 597
1058 497
1434 1163
1295 1073
1117 896
1729 681
1626 1489
1464 454
1709 1061
1530 1519
1702 778
1320 292
1357 1737
