0 1577
1699 655
2 539
1698 610
1697 1642
1695 291
1693 982
8 617
9 370
1691 1636
1690 74
11 1002
1689 50
13 1669
1687 266
14 57
1686 884
15 1218
178 143
279 536
420 564
1364 1152
397 126
756 1604
1050 913
64 1615
766 1027
515 1414
850 520
1583 646
354 1443
439 1426
1 1113
3 850
4 549
5 264
1694 883
1692 956
12 36
1688 1506
16 54
1563 1072
1658 1664
774 1557
109 1028
1338 896
519 1512
1127 698
685 429
736 432
616 832
378 616
6 574
7 465
1696 1659
10 1334
17 816
78 619
839 362
327 188
1305 437
1340 1330
1299 1294
410 972
512 840
545 1488
1560 254
1146 351
1652 1643
225 810
1459 1191
355 795
992 271
678 804
1548 605
1057 1391
19 269
433 902
268 881
1206 23
1335 1088
633 749
1573 875
1601 852
1473 304
885 843
1351 1658
910 190
1350 601
1185 439
419 1356
106 706
319 1474
1085 1395
47 1095
1377 798
681 533
1157 1618
1404 1198
350 395
436 1178
157 1482
1165 1032
1659 5
894 607
597 289
1272 281
627 805
1304 1340
18 1680
20 1261
690 287
305 602
95 1280
848 175
1498 330
404 1438
1552 1214
1407 1134
336 567
1557 1242
118 58
22 1270
498 1441
783 894
542 233
1102 1287
760 809
650 1333
892 807
21 135
23 1230
369 679
1490 899
688 1572
1509 1239
604 598
1213 1631
1357 1478
1205 1427
893 216
1175 1590
997 1328
1649 187
791 1049
559 1313
677 1420
804 773
1202 274
25 454
278 919
1093 1283
246 178
472 713
1564 1568
1680 83
105 859
1021 1622
169 596
1288 505
1108 745
24 684
26 994
823 854
866 1560
758 1204
315 105
1631 1193
1419 480
1003 117
689 1234
89 410
110 593
99 547
113 1673
1410 933
94 1236
27 929
28 1136
1499 952
589 87
286 1654
248 156
813 1077
156 373
486 1026
521 282
1296 654
1681 1100
175 1514
29 980
1653 31
1233 1081
927 1486
577 385
253 1616
241 1418
38 1592
1016 1194
514 853
1655 891
440 1498
30 248
702 13
507 1449
739 1660
1333 1163
1454 1197
1361 489
31 280
291 934
1210 1365
1249 1634
1605 1187
1162 393
261 688
232 1161
1048 340
810 1014
939 1689
386 964
43 152
75 1071
211 14
1219 1128
642 1307
779 1216
638 1054
1396 663
1443 812
1060 300
421 759
1148 901
32 21
33 1255
881 532
557 892
1051 1251
1569 163
625 869
1584 1606
34 1167
294 297
801 932
1284 241
461 587
733 70
949 1342
845 792
87 392
35 431
1670 412
607 604
1174 779
1461 32
1417 170
36 1221
1622 1437
344 702
727 39
57 1359
807 1682
603 189
856 368
37 908
1641 937
966 301
720 1069
612 149
1315 1694
385 1022
463 1386
497 252
1189 333
259 1596
1292 208
1618 1311
906 1061
706 198
651 1561
943 920
168 1080
811 47
1526 1023
293 632
434 719
815 226
950 780
676 24
1617 192
384 1005
680 999
352 609
413 79
643 326
1144 1090
1502 225
39 856
40 507
1036 591
671 482
1231 1202
1293 762
637 423
1221 278
673 19
1291 1674
669 1003
809 967
208 448
762 316
1150 486
874 1467
592 545
1635 584
1525 941
1230 1609
1250 428
135 184
1088 696
480 43
41 89
42 685
726 1406
1099 1678
494 322
1614 1513
1642 1105
696 417
1575 1176
1458 876
995 1009
1406 129
820 525
254 193
450 867
1023 1626
1453 348
579 227
1047 312
44 649
121 416
1151 890
654 1695
571 969
540 1260
767 1431
872 1087
45 1029
819 336
73 686
907 1013
376 543
46 1015
827 1017
142 235
1327 473
1107 985
961 1483
1263 1300
1012 1223
1320 390
1477 730
230 1314
1408 374
976 732
1468 195
122 1665
48 1229
491 1262
249 958
415 369
1574 974
743 992
511 470
1380 1106
267 695
1301 123
1290 407
1368 404
49 962
473 1246
1303 618
697 552
1437 1676
659 744
1324 1266
1580 511
50 572
1209 1544
936 110
755 835
1142 1292
1349 1672
876 204
51 487
1348 761
666 938
737 973
916 1184
1058 1681
205 1131
786 115
274 811
917 788
1465 324
1294 907
1566 669
691 1215
991 659
143 1053
725 1473
1581 45
1646 846
1083 1065
925 1241
52 544
53 882
1401 1464
1539 1175
923 691
617 700
1254 733
1225 997
675 1394
1121 309
1089 388
368 1020
453 1529
54 1291
55 1611
188 1497
457 1208
448 789
970 1635
260 1135
1607 767
1100 1432
1375 445
963 1157
445 406
405 1293
425 606
56 849
1044 173
946 774
107 1404
1153 262
1521 186
58 481
1514 1318
475 1351
941 885
1594 302
1413 1472
959 1327
1382 1564
301 35
1678 1149
308 1367
1358 449
1275 878
124 653
59 443
60 1378
529 396
1474 524
438 815
1262 488
1256 1423
940 870
1565 1352
1015 365
61 966
195 1357
955 1594
1172 582
207 1537
1173 1578
119 1244
272 1610
858 1338
310 1064
235 1118
114 1612
624 344
1416 841
1515 442
1372 692
645 284
734 924
1007 246
250 1203
576 134
180 20
63 285
276 926
898 1238
1392 1536
302 1125
614 1553
922 1462
283 865
630 645
1181 1021
1456 575
462 724
62 701
1200 1380
499 707
1422 1471
271 823
609 1142
787 644
778 1248
1623 283
65 721
1286 1282
1169 292
1138 3
1019 1040
1071 1224
958 1243
585 1051
780 1517
1606 1377
130 86
1326 1355
476 268
67 723
236 1309
1119 1286
704 771
868 1253
1452 1433
1536 232
66 1369
68 914
247 1265
104 267
1123 1143
1278 554
693 897
897 1007
888 1421
213 376
1572 1624
663 409
69 1170
98 636
901 731
1451 132
1585 183
853 944
470 889
93 147
198 279
1137 1285
70 1196
563 637
566 1269
1466 383
231 991
182 1252
731 1521
1411 1140
684 328
320 903
468 559
443 799
553 28
71 1082
349 1044
1101 948
1062 337
608 641
1129 101
155 753
1076 836
554 1584
1555 172
467 633
1081 469
1633 259
74 1037
655 855
460 10
606 1117
912 229
1389 628
975 521
775 741
1608 53
1535 1146
692 460
1159 212
72 580
944 325
1252 648
628 158
1313 1207
1390 273
1427 27
1034 1324
1370 1225
1082 1034
990 1555
238 33
375 394
200 1393
171 171
1513 1347
599 1316
574 585
1306 1656
1260 1507
76 122
77 925
1323 862
1447 453
996 1601
364 1519
1245 834
334 484
799 935
1098 353
82 1527
1433 1119
242 1655
945 712
1318 90
1424 755
488 1652
417 777
879 1195
197 420
127 1416
79 651
80 783
81 67
275 334
280 427
1388 1396
459 16
147 1435
1494 162
1612 354
1136 530
639 528
381 361
528 522
373 1250
1155 77
83 1172
1636 1412
911 399
88 822
406 8
1399 1296
1534 343
1030 1056
1271 1039
1508 775
84 1522
1059 1348
500 943
890 1542
1645 1445
1634 461
1247 464
889 91
536 531
447 561
682 1632
1632 311
506 922
427 656
661 139
482 179
602 403
1208 492
85 614
1561 1670
1462 82
1061 1186
1421 1382
662 1177
1409 1016
1084 738
745 1165
239 871
86 1302
1264 1055
408 1617
1483 722
335 109
1253 1060
496 1249
1005 1400
830 400
1609 650
1163 332
1113 861
578 1145
90 1434
1383 643
1056 631
323 1297
982 998
1331 611
91 570
1310 984
342 364
357 1628
269 1450
1022 592
1637 658
1478 1024
590 1510
92 342
508 1516
297 1540
399 1083
626 477
1045 898
1418 588
1027 671
430 242
837 718
1398 1217
372 100
1570 1154
1616 743
1628 1036
1285 1222
1197 1475
1586 119
1196 905
266 94
1212 1304
240 1480
730 441
660 76
699 1511
1164 971
96 379
967 790
452 360
1266 310
1590 1376
504 468
1597 88
256 551
97 1477
483 1284
380 1401
1184 720
1663 18
1679 916
713 510
411 1335
1522 1662
288 1691
615 837
1302 174
629 426
1277 1534
170 501
391 951
307 29
298 1574
665 801
1246 1558
455 1452
987 366
1558 305
311 440
179 1124
1654 459
1220 1576
586 866
928 1384
196 1422
100 62
101 483
343 699
909 1332
1109 728
1042 673
838 1019
102 556
541 831
173 1692
153 1235
1115 356
219 942
103 1158
1578 314
416 1084
1043 153
1248 1607
558 476
1381 571
361 419
136 1173
1161 1614
321 1299
325 78
160 1546
841 729
568 352
374 1220
1067 295
282 660
273 714
513 124
1178 1580
1486 1268
1484 1364
527 864
108 1388
1666 166
593 512
781 185
1540 1383
887 1526
203 359
873 1361
423 848
1685 22
635 769
761 842
796 1201
1270 1045
210 6
980 1130
1374 1093
495 223
933 1563
1343 1067
824 1368
738 581
1643 674
331 1405
1063 111
1531 1525
341 455
611 323
1194 918
709 1192
840 1644
1571 1466
148 693
487 215
111 909
112 222
797 939
442 1538
802 1685
191 623
187 1303
367 1279
444 144
115 367
986 664
1503 680
281 1619
244 97
835 1008
1588 566
1516 553
530 568
116 739
537 1533
131 46
1426 540
1627 535
806 251
117 1677
539 1679
1097 748
794 800
543 154
855 666
1440 1306
751 108
555 595
477 1697
1073 756
1112 1231
1464 478
1020 1586
125 40
1170 736
1068 1189
1475 1545
1237 586
921 873
154 828
1684 1504
993 1469
120 996
370 1343
753 515
377 829
123 255
1201 844
777 887
1460 979
333 1076
174 1410
126 1559
359 320
1092 764
552 1188
217 1381
1562 315
884 48
330 59
1620 206
1638 1109
140 709
968 243
222 797
1004 1264
862 434
128 1075
598 1696
1400 1552
816 824
129 868
526 99
469 498
1369 1321
1445 880
964 634
1403 1690
1472 1398
649 1278
525 625
1523 69
1439 26
456 51
1139 518
1218 1415
770 196
132 1602
1024 1371
595 474
701 137
133 211
1487 1108
1032 1448
1259 436
215 1259
772 703
1405 496
746 258
1517 626
228 84
134 911
674 424
556 1492
262 1159
1046 579
1039 491
1553 1411
1619 1385
137 1551
1621 1089
769 791
383 760
1488 975
1311 0
985 411
851 1476
1467 290
1114 253
1648 1206
138 770
564 1256
1395 734
883 161
479 107
763 995
1192 1593
141 1494
403 517
1321 1349
719 821
956 906
891 808
1470 106
740 689
139 497
1596 802
1203 1057
1582 1329
263 1099
754 202
1217 1070
1243 210
1644 85
1031 1503
1529 17
718 583
151 910
145 1645
549 627
394 1627
1485 740
561 66
1682 557
146 1310
1432 1392
601 818
299 1489
1510 711
1328 1107
1489 1315
836 763
741 1275
144 851
1135 1548
548 327
1579 917
1229 250
149 71
1676 1018
828 1212
1091 1366
1106 11
1493 638
163 667
1598 766
1242 1288
1344 1326
489 294
150 430
974 1001
1055 1579
1463 806
484 940
1006 355
1141 414
1533 237
532 277
953 1456
152 1210
1604 1227
277 1183
1147 1447
583 600
708 402
218 787
1236 827
789 1346
1261 1515
1512 1068
812 558
1287 230
1168 1518
1444 1289
1041 986
158 1495
1177 296
938 1485
1077 1322
1096 293
764 976
159 303
869 1621
749 1640
683 1402
161 1331
1026 594
581 537
1511 1116
162 239
679 657
817 450
431 1591
1087 30
1669 838
687 833
164 746
1625 298
776 1078
1052 1148
560 1508
185 1258
165 121
785 1460
1267 1461
962 159
1491 1481
1329 1573
1577 1052
1241 661
712 506
904 1086
969 1424
658 1059
166 1446
167 313
347 1290
1492 391
1111 1010
229 118
861 1444
1345 209
957 529
757 960
1602 1122
251 1620
1355 466
340 752
309 408
620 140
172 462
255 1048
1167 1209
214 1121
575 1363
842 782
1356 1575
952 819
1183 397
983 4
1239 1666
1567 249
979 950
1671 813
1274 550
1283 704
1269 715
716 562
1002 1668
429 240
176 306
1543 1693
1610 1439
437 467
1347 167
723 377
1476 1360
224 387
177 1408
1014 1233
1207 286
622 1162
407 624
1639 565
1066 639
765 224
852 886
902 961
1053 563
1128 52
471 116
1647 1025
870 735
1134 987
303 55
1013 1153
181 157
358 1429
908 1454
1182 1042
1506 418
492 620
932 676
1204 490
752 1063
183 747
184 1562
1166 358
1626 784
1547 1613
605 136
805 1046
186 1600
371 1657
1420 1174
1198 1354
1280 1403
332 959
942 247
1423 131
189 612
878 776
1186 629
1258 213
1193 803
1078 825
1080 1407
1611 1646
1436 509
1008 113
795 401
1442 1058
929 1353
190 1085
857 1033
1587 145
192 1150
1334 1169
395 1501
748 472
790 1543
826 1638
1362 398
193 56
194 458
264 687
937 947
1519 953
618 218
435 642
449 548
871 954
847 357
1457 260
1414 1499
798 451
1308 176
1244 1200
1360 1
875 389
318 382
1651 12
199 1050
814 1583
1289 514
1238 318
270 796
501 750
1297 516
1589 589
1336 781
877 1337
914 37
1550 1102
1505 201
1149 92
201 1144
1325 1115
1599 1155
742 1030
1520 988
1131 597
1033 1491
732 872
313 96
535 968
202 1539
204 786
346 499
803 683
722 485
750 857
1095 1308
989 1247
1037 217
206 421
1140 372
784 847
209 578
1079 1588
854 1132
1673 1629
1428 1038
646 221
212 1637
1576 542
363 1409
402 1104
1126 1451
1332 452
1435 238
1295 613
1160 1141
886 160
1425 1493
1188 1123
951 155
216 103
1660 900
1227 1295
1434 737
1668 1276
223 1532
1415 270
900 1185
1090 1073
220 1653
518 705
1481 329
1117 1179
1143 921
1593 981
1279 1147
221 1599
562 877
1353 845
1528 194
505 672
1366 1459
634 1043
478 148
1257 830
632 1110
339 1595
1072 1567
705 1097
226 1428
227 1505
1190 346
516 665
458 339
664 1301
954 1487
520 447
426 989
550 1468
493 141
1378 191
252 778
1387 1317
710 1571
1495 257
924 990
844 820
424 915
1191 983
233 1639
1379 1156
973 182
1317 742
234 34
1158 1531
306 1091
1075 245
1240 75
1040 98
546 1171
694 1281
474 125
652 164
296 130
1017 946
1234 1625
481 1139
237 1168
1504 1094
1316 275
1346 1098
773 1687
1011 758
1656 1323
314 1630
531 1344
544 371
538 1549
322 963
1298 1257
243 1182
735 1465
641 1535
245 1180
728 1232
999 207
295 1319
899 1455
832 64
672 1389
1171 347
1281 1320
1496 1490
392 1699
329 413
1133 1006
503 708
257 1011
1391 555
1497 1041
401 1633
591 73
1074 1111
1430 794
1677 1237
988 63
382 1458
1438 7
485 102
258 1436
919 1092
1393 1372
880 307
1507 977
707 523
965 888
1359 25
1480 65
1544 751
1501 1550
1199 1597
510 151
971 180
265 81
1549 60
1386 1649
915 622
389 1166
1010 1569
396 256
356 1608
446 945
1228 1004
312 635
1307 1035
285 949
920 146
1615 1101
393 1671
1341 697
800 754
711 1453
631 1047
1683 1370
1049 1096
833 1484
834 1390
1524 1683
978 1164
1273 261
1176 652
1448 1419
388 1213
580 120
284 1254
1402 386
422 1648
1603 1520
1232 1413
366 1138
390 546
788 142
1018 1528
524 1470
490 1663
843 1647
621 338
287 1554
289 577
290 670
1145 205
1556 500
1412 930
1118 668
1629 1190
292 1339
918 1570
1482 541
1226 1598
972 42
565 363
1672 199
1319 446
1235 127
300 1267
759 682
1265 1582
533 435
304 381
1195 349
1069 874
570 716
648 494
729 993
522 599
930 112
948 479
1527 1379
1591 457
1613 772
1662 1298
316 590
849 727
317 1245
1551 405
1449 219
1104 168
818 1566
1223 1362
1180 425
1479 879
1600 1103
653 1684
1009 308
1630 319
867 978
326 1062
360 1114
1054 1530
328 630
715 662
351 955
1105 526
1103 1137
793 1399
1224 765
324 717
1211 231
1500 200
619 38
596 1336
502 504
441 757
600 15
1215 768
931 858
414 608
337 1565
338 1226
934 1667
365 1160
454 615
1314 621
572 928
636 1509
721 931
398 197
1455 1500
345 1358
1132 904
1546 1585
1397 1373
656 647
1367 560
1665 534
1667 1651
747 9
859 433
348 502
353 839
703 228
1363 288
582 1440
362 1479
644 675
1038 965
1094 272
1640 276
825 860
1592 1240
994 1074
428 1581
464 181
1624 1350
829 263
926 527
667 726
984 1277
846 41
1429 1305
379 793
864 128
1120 1374
905 138
610 265
1214 1603
387 1556
1554 493
896 1661
1450 1502
1352 234
1664 463
1216 519
821 1345
1300 1274
517 1012
981 1686
1000 576
771 513
1674 927
714 1675
400 244
913 1341
409 321
1116 104
613 1375
1537 893
640 1457
418 1112
1545 438
1035 150
1086 957
1342 1641
412 603
647 1325
792 299
657 380
1156 1425
1001 1698
1384 1496
1650 1211
724 61
1130 1271
1070 1205
700 165
768 1623
623 1151
831 817
432 1387
1187 1523
1542 378
1471 1397
1446 317
569 236
668 710
451 970
1568 68
1371 335
717 1133
670 826
1330 93
465 1066
466 133
977 1263
594 1079
587 1417
534 936
1337 508
1065 1547
1559 415
686 1312
588 1650
1028 573
1110 169
1222 725
1376 1031
509 220
1154 114
1385 677
1354 1228
1282 203
1441 422
1064 331
567 1129
1532 495
523 895
1394 912
1339 384
863 1273
1122 444
695 863
960 1605
903 503
573 1587
547 49
1675 350
1179 471
1309 1442
822 1181
551 1000
1025 72
1431 1541
808 1688
860 44
935 2
584 475
998 785
1365 814
1251 375
1124 923
1518 1126
1029 341
1125 538
1661 1524
1595 690
698 1219
1322 456
782 1120
1530 678
1152 1127
865 80
1276 95
744 681
1657 1589
1373 640
882 177
895 1272
947 569
1255 1463
1268 214
1541 694
1469 1199
1312 1430
1538 345
