0 30
1749 1475
1748 1583
4 1132
5 382
1745 131
1744 871
1743 1284
1742 991
10 1221
178 972
1465 1365
739 982
237 109
951 958
1678 352
843 1422
1498 319
408 567
462 417
502 739
1240 1213
1 685
2 1305
3 477
1747 503
1746 819
7 49
8 1626
9 305
1741 1163
1576 950
999 469
701 622
1552 1173
1585 530
858 1013
966 506
6 1020
12 1687
1717 803
292 411
1280 865
1691 681
845 1287
162 1434
11 176
457 774
1285 1160
1074 760
1053 852
137 1326
25 294
82 1619
142 1335
13 1721
1098 465
435 433
1375 371
192 1204
1134 314
1262 1667
1488 1118
1540 804
476 936
900 432
344 42
1374 575
581 1729
874 495
562 931
14 1592
15 1054
1044 992
1395 402
1265 1429
524 1169
1155 1633
1055 132
206 122
1135 8
106 876
19 1124
479 1654
731 264
207 539
1360 563
965 733
747 793
16 167
17 690
690 221
464 1091
384 949
1226 1652
456 151
18 754
370 820
1458 1643
1679 522
1316 836
510 825
986 1053
1109 491
1013 286
195 1392
1103 1435
1596 1504
1170 686
461 1299
1574 1111
893 494
279 944
310 853
566 1533
1217 1037
1412 1211
1127 1142
1229 140
20 1328
21 1109
828 36
107 1449
222 1629
1516 1634
341 1095
1675 496
22 252
1483 1116
541 460
1198 634
944 390
1575 1217
1589 236
511 1566
227 693
23 312
1244 387
1408 987
62 919
48 1280
1664 21
617 1576
24 1738
1499 1699
1161 830
1183 1397
382 1548
429 540
526 1043
1407 1258
1436 1585
589 1696
629 1136
885 1725
477 1262
83 854
626 1035
26 619
65 1189
1670 1383
1138 866
1177 33
61 69
1254 1489
291 1420
76 938
1102 800
897 541
135 1344
485 727
923 719
585 1308
1094 751
941 1186
28 180
43 1107
700 1416
251 905
1377 153
27 1345
881 102
264 694
482 608
1091 1723
188 650
647 1294
813 1662
29 1649
30 937
359 1199
1694 928
873 452
1117 968
31 1631
1715 408
155 1477
1571 1312
147 1014
121 911
1532 1102
624 378
898 1648
379 134
75 994
1066 794
33 1567
1641 1179
1300 1321
1631 1419
633 1164
1553 344
672 1097
1603 83
32 262
34 197
399 643
659 869
794 550
185 1364
779 1540
1390 1471
35 1628
1510 662
1010 160
1038 633
503 1017
651 1501
1302 990
36 377
209 551
568 1078
689 489
1293 240
37 66
539 488
1031 1114
213 535
531 1692
144 1090
38 1202
53 1607
91 404
1131 243
840 1394
1334 679
422 1680
1693 449
39 67
1079 678
431 1661
40 1640
1136 922
1646 683
1061 233
722 270
49 1174
1738 857
103 777
675 237
911 428
67 1519
785 271
557 420
805 989
584 93
1174 511
753 1660
918 1502
41 823
42 507
1508 1678
214 333
380 673
1547 1210
512 116
1210 1198
314 716
1111 832
1707 1079
1363 746
1561 1355
909 155
1190 1071
1239 1152
705 943
706 1514
1600 23
638 1293
198 942
1045 223
1537 1011
44 379
46 163
1359 1034
592 616
957 1096
163 738
1008 1584
1685 586
1236 811
45 1003
47 351
855 858
922 1274
1060 1382
996 769
1417 924
496 801
1619 979
377 953
455 0
1208 321
1347 1456
576 259
268 139
236 695
1387 304
928 1226
221 1185
69 318
1487 1149
743 885
50 332
189 886
407 1138
1734 786
1305 1247
608 544
120 338
807 340
249 1146
253 303
52 874
997 557
1655 75
1096 394
199 253
51 483
699 1472
1405 429
641 473
824 1511
223 1407
532 859
1445 524
728 1369
1113 135
423 750
1376 542
54 664
1690 188
1165 1558
1250 900
930 79
55 207
727 1531
982 668
1348 671
128 1023
917 1390
56 923
386 74
730 1285
307 1222
1315 1372
1455 955
863 1140
1711 1228
208 1733
1325 1318
1414 500
466 516
692 187
978 787
296 997
58 1515
241 1623
1367 704
170 677
183 732
495 273
405 1574
281 1389
664 1361
59 1332
1622 781
218 1330
465 1373
688 1089
552 1745
60 1234
1200 1218
1712 718
1344 791
1069 364
797 20
1286 475
87 505
1386 1401
549 792
57 1317
964 1612
938 228
723 1180
365 1437
1454 1099
520 1728
248 1253
1578 287
1043 368
90 1410
1051 283
421 1215
625 1404
467 1265
1473 1271
346 1602
63 1575
64 740
334 15
754 374
1440 1246
1301 1671
175 1282
565 1232
1184 186
483 1616
1703 1002
66 1601
780 1412
378 1403
929 1594
1680 1447
272 795
1029 1379
1050 1503
233 961
1021 1701
711 698
716 978
883 499
396 260
767 585
1651 632
194 512
200 587
68 1556
383 329
487 977
1163 920
356 940
719 945
172 29
1120 1454
70 782
361 1100
321 909
1011 115
1083 413
239 1606
709 1690
1497 1417
1225 406
1399 1544
72 59
990 1227
442 731
1420 423
1615 1143
933 114
246 1638
1132 596
1333 244
1160 1617
323 1664
71 248
335 224
1713 422
1450 617
1579 1324
1384 388
73 1439
74 296
1722 603
1159 996
309 363
1141 1484
196 1073
542 762
1452 576
1125 299
434 728
468 1022
77 1421
275 487
914 370
962 1352
1100 328
886 47
932 1442
1130 594
138 879
642 1691
78 721
1636 1458
288 605
1520 773
734 1657
290 971
337 1292
79 1360
869 1428
564 1255
1195 851
620 431
1423 601
901 580
86 416
80 880
81 1277
889 706
1271 1080
410 1291
1274 1000
390 1653
745 1559
1264 1408
480 172
1197 1123
285 162
1065 842
776 1740
1206 103
269 265
411 349
85 1024
577 963
1708 589
315 1534
1461 895
618 645
84 826
265 626
439 889
161 799
160 1205
1628 326
1709 61
1466 1200
695 582
720 970
1393 138
262 948
364 927
973 1524
1365 701
295 975
1612 481
758 1290
1148 1072
342 213
88 1560
357 1647
832 456
535 1129
1326 894
89 1055
267 1126
371 1730
1004 901
1663 1605
1627 714
515 1343
1168 399
660 543
454 1157
1001 1252
1310 58
1379 1076
1411 1572
92 967
967 1125
1032 644
661 1165
751 1525
1320 193
93 1549
1150 1467
376 345
1373 1249
392 1431
308 1564
713 913
968 546
555 462
847 661
773 184
286 657
1227 855
1146 771
1269 22
679 1578
1092 983
663 383
1519 1724
1563 867
95 1112
437 1161
1306 127
993 251
830 231
94 1651
406 200
1582 492
792 284
1706 1209
145 424
534 1084
96 1388
97 1172
98 38
125 788
1223 106
1661 181
1104 1547
1521 1327
1616 778
350 13
339 1565
1324 1704
1562 100
1477 647
786 1610
903 346
99 1374
1068 1320
605 1580
969 976
1665 537
354 436
100 630
101 1684
724 1705
836 700
231 1622
102 1301
940 1092
247 1411
154 37
394 1025
943 590
1216 993
1140 113
1428 1451
694 410
358 317
820 749
561 863
974 467
1105 1268
1573 1703
1682 479
104 614
105 401
211 490
127 1064
1451 1718
762 729
1710 470
1343 1065
1202 1532
654 493
810 1590
1422 60
906 581
516 1295
108 1396
1728 502
1099 309
340 1707
1468 1516
544 1197
1020 1223
109 1658
260 1302
1587 1717
393 646
110 119
857 1741
841 545
1234 232
111 1676
691 1513
425 1387
708 145
718 71
112 159
1534 1621
844 763
1352 1743
113 813
1277 215
1296 1539
796 208
446 392
114 300
1490 797
1290 1363
1460 623
697 833
305 1334
959 504
790 1674
517 870
1560 1273
395 878
116 954
278 796
818 696
648 517
493 1130
1658 868
838 1154
1517 316
1037 946
1073 1496
117 932
921 40
1406 425
538 1521
1238 1276
644 361
771 1263
449 147
115 518
118 986
119 261
1129 892
1591 202
839 198
1434 583
146 845
1507 209
1059 672
322 606
300 136
817 1483
1149 257
1489 860
1526 697
1523 1007
1446 850
1581 1359
1620 742
274 741
1592 1672
450 1476
1005 508
122 414
124 98
1389 1609
1542 554
1527 1347
1740 599
123 440
665 1462
1456 959
226 1608
1176 1536
126 625
597 560
1421 962
242 1340
1047 1236
1024 350
452 864
1255 1618
1724 509
514 680
1081 692
1509 1685
129 822
491 1639
686 1289
131 1450
556 1115
812 43
1192 1170
177 458
1087 1012
1283 1706
215 1166
591 385
1358 717
1479 1677
130 1715
132 73
134 1478
1644 267
1660 1739
1342 358
133 570
136 386
1248 840
800 63
609 753
1097 461
403 1386
1014 965
1171 1135
328 1668
1075 10
139 921
892 1235
400 1162
414 974
140 1237
837 1522
217 359
327 466
1346 1131
1594 174
1424 269
1652 528
1245 279
141 624
156 1175
1186 724
143 1322
649 1555
550 1254
256 789
1115 337
509 1520
1539 1620
574 1507
1349 676
1218 1351
985 1060
1474 81
508 1133
1382 529
169 220
1307 966
1341 1635
148 1512
1617 548
942 862
201 348
1449 110
149 591
1203 1050
586 480
1327 532
670 17
1666 1713
1640 1734
463 1488
150 435
151 1077
802 173
1196 44
721 514
1070 1106
153 146
1705 1568
306 1497
1623 218
289 766
884 1240
823 1588
1214 759
152 101
1181 891
1314 476
1383 652
981 446
1295 1190
673 1040
353 1300
459 205
1511 566
979 107
814 190
775 1541
157 1493
683 1517
916 25
1275 607
1541 1436
1531 1506
602 292
1372 1075
653 170
518 166
1444 245
1019 1518
657 1368
831 268
158 242
784 1490
826 1645
1496 521
658 884
1544 1468
1696 342
1625 84
343 1669
1368 556
159 877
877 185
349 1178
1230 143
880 1257
687 405
573 1630
1249 1158
1471 1314
1353 802
164 1336
1505 1537
631 1625
294 1279
165 1581
1036 1480
1272 1148
1608 1004
1180 1171
1565 1066
166 486
1241 1250
787 1445
1401 513
804 725
167 1543
783 1005
971 360
1364 1697
1723 1052
445 1286
168 1582
1182 572
1491 327
243 369
632 1036
1028 5
303 2
752 45
970 1485
703 118
443 1008
1549 1074
171 1028
1583 380
674 846
1543 1081
1470 156
1052 373
1297 1207
173 1309
746 97
1025 985
424 7
935 1082
1232 234
1493 330
174 1245
1672 1048
611 904
1388 1310
1235 28
1429 752
904 1570
1378 1681
1040 89
176 1085
627 656
1194 133
835 76
949 1711
803 1225
725 1233
179 812
347 201
513 558
770 1666
1634 111
1268 705
759 1433
180 142
606 1127
899 1474
186 1206
1318 1094
181 222
543 1712
600 1557
872 1719
636 1026
619 178
870 1406
1022 618
182 144
936 1709
580 1177
1362 1069
1673 559
499 827
184 129
1453 276
440 1122
1017 1409
1313 765
894 1510
261 1670
302 1427
795 1736
1669 1316
560 171
402 104
1518 112
187 389
953 1378
815 838
1613 555
1185 51
765 1339
1253 1184
190 1499
1481 593
1572 124
1256 206
1403 1615
1046 1452
1172 249
191 639
567 1380
1259 485
1154 214
193 463
1688 1482
1082 189
1018 1727
1153 1098
864 1323
1667 1596
426 85
616 1031
197 761
1462 1551
1261 41
1475 347
1270 709
1224 1395
1258 192
202 723
1095 434
1054 1663
1503 320
373 1591
203 1381
757 1465
980 235
470 651
859 861
235 1121
368 1746
301 65
1273 1264
498 91
926 117
740 604
204 1613
205 981
490 933
1606 14
924 902
486 1448
622 277
1033 1636
507 1553
1692 409
404 926
829 527
1492 96
210 1599
1188 1058
960 1212
212 564
972 930
1726 1108
1494 1141
311 653
760 1342
313 730
1448 1716
860 1686
1442 1070
630 381
523 613
545 1453
1501 1167
1078 1239
887 1267
216 1315
1287 1426
1385 611
955 772
852 640
367 1460
219 497
615 152
1166 1101
1416 841
733 1637
220 1655
912 934
1695 898
958 177
583 398
316 1470
682 126
601 1586
460 689
976 1682
652 1350
224 641
952 343
270 1061
225 498
1237 1598
834 19
737 960
704 108
1080 906
1546 1049
540 1562
228 912
1430 105
821 816
1247 1144
1222 1367
1133 226
950 471
1704 828
229 757
230 1391
1049 72
1012 1529
1371 438
925 1201
1366 1353
336 1698
1231 882
232 691
1478 1505
788 288
234 659
1432 688
896 565
1569 849
714 621
854 120
500 1376
1464 1
419 1552
741 1346
736 1325
1048 1600
1107 482
1394 1413
481 776
240 478
1114 1337
1514 1569
238 1737
388 839
1145 984
276 925
1677 1744
433 168
1370 92
1323 887
1654 658
1158 702
1718 1311
244 307
1721 873
1684 881
245 32
919 1159
927 735
1330 247
1246 229
994 1110
352 1348
1720 758
1447 1473
1345 1214
1731 947
1653 1459
387 1047
988 780
250 68
504 510
1299 536
1584 1641
558 1192
1002 1193
1063 1695
1530 638
1580 1689
418 1307
1431 1593
252 573
1629 419
1312 282
525 612
1209 1248
1126 935
255 755
578 355
1335 1646
319 998
254 783
257 70
548 1708
551 1181
1538 918
258 1188
1329 123
1006 161
259 1219
1586 1441
1402 1229
363 421
389 1191
501 941
263 684
533 549
1504 571
1056 384
908 391
1076 1673
1548 455
266 86
1535 280
448 629
628 821
1484 164
284 1400
1404 767
320 1683
277 829
522 1714
878 426
756 1224
1039 1038
593 815
369 1398
282 790
1057 1029
432 1377
650 655
599 1430
273 734
702 999
1554 1137
895 1624
271 6
1500 3
420 9
1686 121
1502 1538
1015 256
1426 297
1086 1278
355 27
1588 1424
1354 939
1009 805
280 1675
1041 324
954 818
324 592
1607 1358
913 1216
317 1105
505 710
782 195
391 313
1116 1039
283 1113
1144 322
1088 631
1727 64
1169 964
1649 290
1219 204
287 375
1331 988
1674 254
1162 1710
1173 687
1495 568
1626 538
991 255
1391 1296
497 289
1303 1067
299 848
293 1735
312 472
1308 395
1555 341
735 393
1443 453
1716 720
676 817
646 95
409 1304
603 1153
1110 403
1687 1256
1156 1461
297 1331
1522 1001
1151 130
298 1611
1337 1354
850 87
1737 1702
1506 1030
304 1402
1263 1656
1659 16
1072 916
1191 1694
712 1147
1598 715
1328 1357
774 1019
1042 569
761 1261
427 1535
798 533
571 39
890 418
488 1457
1381 562
1719 1644
1485 1203
1668 844
318 669
1683 1732
1204 225
1147 353
1119 1500
853 908
848 756
1278 597
989 293
397 241
1398 443
325 654
326 1057
1413 1455
1211 770
537 150
416 1195
360 484
1284 149
381 1545
1317 1563
330 52
438 1298
329 952
331 1366
1332 1632
332 357
666 448
768 53
333 1341
984 1481
1433 1700
1221 35
905 1466
995 907
956 362
1409 602
1630 1492
613 745
338 194
1610 210
1023 1491
1397 203
1207 519
983 354
1108 1104
1199 951
444 291
345 534
572 856
348 1418
946 191
1550 1370
1472 1243
351 711
1463 1303
643 736
1459 365
374 713
1700 1242
1351 1220
1291 335
1106 1288
595 808
1260 1747
1457 376
907 216
362 56
789 1589
1152 1749
715 46
366 1018
1599 1270
587 1119
1729 157
610 980
684 1032
473 54
1179 1385
372 459
588 1444
910 275
1624 807
1435 82
375 1087
1533 1720
945 1230
590 196
1281 1176
1338 1027
749 1595
1205 1356
1656 1415
1735 439
1034 526
458 1423
977 775
1566 1056
915 1523
668 1362
385 77
1564 1665
1243 1399
1577 24
1298 1371
1137 238
471 531
1590 1446
1512 308
1288 339
635 165
1410 649
1121 1642
693 1693
799 1313
698 515
1482 834
1071 281
1639 636
1551 199
742 699
1084 663
494 301
398 837
401 1269
920 610
842 1059
1282 34
882 890
1427 897
1439 1244
1476 784
963 1440
640 779
1118 1194
412 628
1220 1120
528 80
472 427
413 55
1233 1495
1701 899
415 450
766 896
1699 1319
656 553
417 31
791 1438
1007 57
1311 211
1676 441
825 888
1212 1443
1524 1597
1645 1238
681 1283
547 1046
428 743
827 1015
1139 1329
430 595
1635 1068
1392 311
707 810
987 600
1026 525
546 154
764 1627
530 1208
1601 1546
436 407
1215 158
1614 94
441 670
1124 179
1611 1659
934 929
806 1614
612 674
1657 325
447 278
594 675
1513 806
451 125
1339 883
750 1479
453 1561
1035 520
1662 1530
1242 396
563 903
755 875
862 831
851 1083
1418 464
575 588
645 1168
469 627
506 1469
867 642
474 1587
475 323
478 474
1000 1241
875 295
717 561
879 1231
484 637
1340 88
808 1306
634 1571
1556 263
489 1526
1142 615
1425 1498
811 667
948 1384
902 660
492 246
998 635
1267 1016
1157 1009
1289 1527
1309 915
1609 1509
1467 227
1396 764
1400 99
1189 430
809 239
1067 523
1077 1393
596 1650
732 598
1558 212
1090 1062
1016 258
1593 1742
1648 1155
1528 707
729 1375
1736 1297
849 1542
781 814
1689 415
582 175
1545 444
519 1579
772 914
1441 1187
521 1042
1085 995
1093 1051
527 1464
1525 747
529 872
833 217
861 50
1725 665
1143 1487
536 1134
1319 547
1602 1272
621 574
671 835
1251 1463
1027 1338
769 1577
553 1156
1536 1486
554 957
559 712
871 1508
937 11
1089 367
1112 737
639 917
569 843
570 468
1276 400
1369 1117
1568 748
1605 306
1697 366
1322 609
579 315
1304 1021
1123 48
1650 578
1193 1275
846 442
1642 1259
819 219
1164 584
992 785
598 266
685 302
1637 274
1632 1041
604 4
726 331
1437 1139
1101 579
1228 1333
607 1573
1618 62
1419 1726
667 620
1257 824
614 1033
1739 1151
778 445
623 137
816 451
891 412
1714 285
888 298
655 272
738 577
1122 708
637 666
1438 1063
793 973
1570 336
1698 703
1595 128
876 1554
866 722
1062 552
939 648
1638 1145
1681 1414
662 1604
1733 1093
1515 744
669 26
822 90
677 182
678 1088
680 1722
1279 1183
865 1260
696 141
1557 1281
1294 169
1567 454
1030 1349
1356 1266
975 1150
1597 1045
710 910
1201 1196
856 726
1529 1603
1559 768
744 250
1671 183
748 1679
1357 1432
1003 1731
763 78
1178 809
947 847
1730 1128
777 12
1187 1405
1064 1748
1355 356
801 1494
1350 1006
1361 437
1175 334
1647 1086
868 148
1336 397
1486 372
1732 893
1643 1010
1167 1182
1058 1425
1469 1044
1213 457
931 969
1702 310
961 18
1480 501
1292 1528
1380 230
1266 1103
1415 1251
1252 1688
1621 682
1128 798
1321 1550
1604 956
1633 447
