0 685
2 385
3 1140
1897 1555
4 1758
1896 241
5 224
6 669
1894 982
7 840
9 1154
1891 1826
1889 1448
1888 194
178 1150
374 827
1640 1892
737 209
622 987
1267 1512
1596 1279
1147 352
110 237
1786 1366
436 1417
529 554
1 456
1899 1584
1898 1353
1895 181
1893 1538
10 872
11 126
13 1633
1597 95
1014 580
885 1889
455 464
1178 262
1875 1898
1495 55
8 820
12 245
1892 101
1890 1027
1717 1862
1407 704
168 491
1170 781
1286 1779
710 789
920 1604
603 1040
1000 367
14 1443
15 821
1137 416
783 1480
1290 1667
1008 869
1087 1829
1790 51
1701 1284
923 618
381 1750
16 1462
1098 279
837 1482
1839 1736
896 376
1026 961
1880 609
1615 1230
1712 1460
627 643
67 903
1467 219
1327 943
17 363
1594 1090
1445 686
1089 1188
255 379
845 174
677 576
1261 295
1765 360
515 1101
18 1288
106 171
1289 1830
363 426
1476 1252
341 406
748 1709
389 1369
1759 1490
19 468
690 701
256 1243
69 1201
1788 1627
1167 137
20 1193
376 1004
1410 687
1661 270
703 1798
1515 1600
358 405
367 86
1781 759
780 1098
1012 1231
21 1440
344 1024
865 449
650 755
1265 1432
1523 290
757 995
92 1714
1513 1013
766 1402
22 77
1855 1636
534 917
570 1828
1114 1344
838 1229
1546 475
1027 1511
548 624
1586 1373
1029 1609
24 312
1223 1690
1503 670
942 1078
448 1510
829 549
843 1355
1150 276
526 1702
960 1455
23 314
1203 919
1056 1485
1762 1036
1365 683
1498 665
1228 923
25 1097
26 75
1499 1530
1768 1125
825 259
1653 635
1079 1263
1671 761
1618 1212
1436 1764
432 1409
754 1371
76 320
1181 564
1687 293
1237 1277
1294 368
939 673
562 239
1654 1742
1683 1388
1073 67
1804 45
28 1070
291 1147
1347 606
427 1096
1883 1051
1398 135
1852 1523
86 602
814 1731
1319 1669
30 1729
1856 1108
709 351
1774 859
618 1035
271 1553
134 446
1560 1249
1646 663
1772 477
27 637
29 1242
1866 573
1295 1247
1091 1053
1200 710
1312 545
1534 362
331 1014
31 399
32 397
449 34
617 1217
758 1603
1667 369
1885 1197
1350 1420
1415 1768
786 153
541 1414
354 381
1734 668
33 452
34 231
459 1688
57 20
148 402
1524 1049
1533 1877
955 616
1846 250
624 1311
1320 1517
387 1056
96 1045
1494 1527
782 1756
1641 254
906 1863
281 344
314 1370
161 1325
297 112
1453 1733
643 924
918 1354
863 1872
1296 227
35 978
877 1018
423 1438
914 1703
208 12
1588 365
36 757
37 1481
38 96
212 10
1844 339
450 998
163 1434
1798 357
1017 537
39 654
728 1275
665 1237
1482 990
1806 1362
647 412
785 681
40 1336
683 1408
343 1790
721 1459
1330 277
822 1345
689 128
1281 1865
1036 1574
841 179
1725 1319
1553 1031
1828 46
1241 1791
566 258
1412 1836
695 548
305 838
1044 1478
1109 1677
652 953
1505 14
1441 514
316 465
1422 1424
483 922
41 1559
308 858
1887 1180
1685 593
1095 1595
42 822
43 1268
44 1238
1854 622
70 1605
258 768
1655 505
506 1809
45 825
89 1274
262 542
1439 388
312 893
1462 1112
917 909
230 615
836 967
1716 1340
351 315
298 1885
472 212
103 43
1141 1253
1424 1404
1555 56
162 1017
409 625
630 221
633 1578
349 976
1157 1896
451 1149
46 1068
47 777
48 442
1379 292
346 190
834 342
1823 1615
941 1822
174 1393
49 466
866 340
928 1587
1770 1003
105 1888
50 1749
768 809
594 1141
735 197
1666 752
1028 1244
1518 1794
337 1221
186 1029
1530 1118
311 1745
420 1001
392 1470
485 374
1510 1601
452 1556
1088 1644
52 1707
1544 217
191 680
997 1869
463 1546
213 1241
894 802
458 280
1196 36
51 722
53 1025
1858 29
1766 1461
310 172
1122 133
554 1610
806 1562
54 1763
612 1223
740 906
1642 158
1617 471
1084 522
55 1364
150 331
270 742
457 734
795 844
957 1799
1763 619
550 1427
1697 1021
1463 1171
1358 1608
1886 1735
231 1724
600 1300
1007 472
1684 933
1520 1198
1572 885
1502 1283
739 1800
1732 1592
827 1006
193 1316
264 1816
466 641
286 1084
1269 839
1034 1052
56 901
58 600
874 0
968 81
1870 1397
1426 87
801 396
662 1187
1361 266
59 1720
1257 1162
1703 879
124 784
1423 867
1306 748
1041 65
1705 579
219 1334
61 760
93 1499
228 1819
1173 888
1054 667
1025 1436
1549 1657
60 451
246 1185
1102 404
62 1211
429 1725
1800 284
395 145
1694 642
156 1642
210 189
1177 896
63 1583
64 647
1656 31
1816 797
522 1643
1285 346
65 138
253 1554
508 382
300 1762
1435 1020
1367 21
471 1498
1845 1103
66 1467
1081 1173
247 1233
809 93
948 711
1323 571
961 939
574 1789
1408 921
546 1131
653 1833
1747 30
68 260
1496 16
1065 958
553 675
109 818
130 705
361 1464
790 68
993 1765
724 1261
1477 493
217 225
419 713
1236 1668
803 1687
1206 861
1416 148
1340 1654
71 302
589 1170
1807 1071
116 1102
1339 1015
99 19
966 123
1023 1216
239 487
1735 1843
864 1073
1711 1430
72 249
240 141
523 199
605 195
1055 621
1374 660
1851 1817
261 1823
962 1719
73 326
1071 559
1650 418
74 544
1508 1395
1116 1061
1769 165
770 348
1278 252
1727 1882
1853 462
903 916
176 1820
75 674
990 1128
377 927
1276 1367
1038 696
996 1047
1113 1683
1785 1305
743 1348
77 1019
413 1577
1409 900
1814 1564
78 457
1099 596
1838 865
494 1134
746 356
79 1752
967 1664
1521 488
1030 1832
128 167
1336 778
1647 1753
275 1811
1820 1228
332 480
1547 1803
1288 715
1171 1774
1879 848
81 305
1092 1065
542 1568
80 1580
82 366
1636 1439
478 437
883 1551
1480 216
545 677
1078 1518
842 1401
520 207
580 1665
779 1005
1321 843
323 1269
83 73
889 914
417 113
970 850
1331 806
984 934
414 951
85 521
333 322
254 443
1264 528
1662 1666
1709 355
1302 411
84 1655
727 956
1357 1262
1719 972
1682 1161
1848 690
1240 851
87 1873
88 1163
1681 373
1582 467
1608 37
519 832
138 1293
243 1532
1388 432
1663 1834
607 925
1832 1543
1775 1607
658 1505
1104 1195
764 699
90 420
1097 380
693 614
1283 414
1882 942
279 253
1145 720
1680 1292
763 1717
421 833
267 226
94 79
321 39
973 638
802 543
1867 565
242 1287
352 25
666 84
500 1143
462 484
152 288
510 114
1013 1516
1548 1653
327 1853
91 910
315 776
1076 1837
1184 754
422 1358
660 1738
639 1260
568 72
290 1780
1771 1748
1614 857
95 13
930 698
1630 198
615 926
405 1391
507 519
1305 1670
477 297
564 206
97 205
713 1771
599 389
1194 303
470 762
1205 1871
393 1533
1072 17
98 1266
769 730
252 1769
722 712
559 1022
184 486
1568 731
425 1734
1220 1886
408 946
1420 1582
1403 400
100 54
1743 758
326 1552
1490 1183
1183 589
1387 1425
609 311
670 935
645 1565
1631 631
447 1535
835 1868
1075 741
165 283
1313 1561
101 1418
102 214
1082 1614
584 651
353 1267
1380 1662
558 100
368 1380
1545 1638
250 1169
216 506
1243 1840
104 570
1674 1034
334 159
160 1656
1105 659
293 1591
1271 1777
1120 852
442 1406
1121 23
555 1457
324 1612
214 427
1812 639
909 794
1297 1172
107 210
108 63
1657 726
840 1802
1429 952
696 1619
1292 629
1871 984
1623 1256
980 918
807 444
1077 1089
111 510
190 440
1478 841
1353 1309
112 1684
236 15
956 32
113 1324
307 1218
461 1856
540 1048
1207 662
1782 102
799 837
1465 1302
851 525
1558 192
1418 911
731 1581
115 453
691 775
804 646
1218 1539
1210 1876
1514 1454
953 177
1132 540
1830 1347
1172 795
1326 1631
593 1451
285 1423
1033 1663
686 85
490 281
929 1199
1101 1760
1341 90
1611 1123
1501 347
479 176
114 425
119 1660
157 902
1216 892
1809 1196
1863 1426
1660 1626
117 61
118 845
120 702
278 1299
131 407
1612 1566
681 398
1570 359
528 1002
1333 645
121 304
386 1785
891 1200
1047 1164
204 142
144 1463
1606 1839
122 1044
921 335
1090 765
1659 1596
741 160
430 803
1273 566
1551 22
1136 996
1001 973
1525 1437
123 1540
473 387
1108 1495
791 1850
1773 805
1456 1301
126 1519
340 1893
1713 318
642 899
616 1847
127 173
125 1046
1460 103
949 1680
1300 109
1224 1634
1143 155
1304 771
336 6
1123 709
606 854
932 383
166 53
1366 1682
129 1692
525 1007
1391 1412
348 1342
1537 268
912 1346
846 423
140 1337
1024 180
468 1573
206 251
482 1679
1726 1658
132 1674
1487 200
1345 324
1164 1711
561 634
1665 1421
954 1064
1359 671
133 569
135 202
1864 1066
388 864
266 38
136 584
556 242
412 1773
646 798
1377 1435
1840 1598
1585 1295
137 535
1815 1167
738 1618
303 287
1754 1094
1188 1422
1511 661
815 1890
590 1494
971 1415
404 650
931 1069
139 1114
1049 1317
141 1009
403 328
533 1120
1601 1039
142 1691
750 1685
1016 1411
143 1625
1690 1484
688 620
1381 1105
180 1433
549 1488
751 94
1395 1849
538 1700
1587 1716
1235 131
719 1314
145 826
146 717
147 623
649 1335
1833 1121
1433 1405
1135 1396
1375 1291
155 1870
205 188
1486 1023
576 774
402 70
667 666
1268 1160
729 611
659 873
149 1119
969 1122
1849 1854
1829 1234
151 860
1204 317
1245 1093
582 988
1649 790
557 1795
153 291
154 1515
1689 1148
514 1413
777 329
1043 1145
1693 936
1744 897
280 898
1789 708
1118 27
1860 1477
1485 547
934 520
1009 588
1884 97
882 567
1394 502
1479 997
1571 877
158 1361
438 343
179 358
1819 1572
1733 515
692 1689
1639 1304
833 531
159 170
1180 1445
963 1593
1015 7
182 980
287 1466
610 575
416 1106
1488 1194
1035 441
661 1100
1144 271
227 310
360 846
1625 35
1096 1722
1133 413
411 1721
320 1815
1722 780
1803 1375
164 1312
1064 856
952 1571
1500 568
503 604
1174 694
1112 76
167 428
1795 962
1652 1374
1062 931
1552 1210
1067 1782
169 1744
359 796
1115 552
1199 89
1440 1727
1399 981
1346 1282
170 577
1574 233
1262 455
595 591
1741 1491
907 375
1004 298
171 1813
943 1075
940 204
1260 246
173 301
1117 986
1590 1649
443 1038
1309 594
1239 1289
687 445
172 361
175 1157
631 1701
911 783
608 499
1301 384
318 308
1564 117
1543 1874
705 1207
177 1673
712 247
1232 957
1686 1831
1233 1349
484 947
1217 501
1291 334
1757 592
1211 1043
792 1010
1052 1513
1159 201
1362 1431
1506 1400
1670 603
1648 974
181 8
736 1456
1310 257
1794 1878
1050 185
183 119
685 1450
1066 1449
1360 1387
185 1570
1634 459
543 1351
847 932
925 1356
676 672
1473 1214
322 1385
530 41
778 1563
872 82
1405 779
486 791
1060 1011
1315 735
1528 1372
755 656
1595 1332
1638 886
188 4
232 169
189 1786
1810 236
187 44
197 1842
1130 1286
715 438
317 585
192 118
1373 1329
1338 267
1397 140
1821 1899
1466 28
194 273
241 1115
979 842
299 1442
364 1273
1458 1567
707 561
855 1857
1626 652
1032 338
905 1338
248 766
1873 1797
1526 9
292 807
195 746
704 1647
1142 1156
586 278
196 992
198 1801
1414 410
435 509
1254 69
1707 1072
1841 558
199 1419
200 164
756 1429
714 88
1343 866
910 1675
1791 1705
1152 960
1583 1531
1378 1326
203 530
1371 1594
901 546
491 71
330 1379
1396 736
202 1808
655 1776
1455 524
201 1152
1175 562
1421 1281
1824 136
207 1142
1783 908
1191 633
619 808
848 1137
991 999
1020 1213
209 703
773 1814
965 161
1125 1796
623 401
1796 1330
1692 1062
1048 1081
1138 627
572 1008
1094 193
1459 1807
1444 1321
812 1107
1376 307
1447 915
1755 1891
1591 211
1307 1320
1710 1723
211 989
733 1
749 1671
1778 1276
976 1296
859 1623
1348 598
215 1686
1384 196
1010 139
218 653
366 1880
1752 819
1011 469
1645 518
702 605
1470 1350
858 626
220 187
518 433
489 421
1198 1504
999 476
852 1155
378 1650
222 392
223 1645
1677 1471
596 1206
221 538
224 430
225 463
226 655
469 1063
328 289
295 1585
1539 1767
1598 1651
1567 1239
1628 950
547 1110
1714 1109
1192 1474
1432 894
1404 578
229 1133
497 880
919 1469
861 1271
1249 496
1022 590
936 1280
1176 1313
1599 1818
233 941
1080 1057
916 1534
1516 121
1607 560
1876 182
481 1501
1532 1706
379 1641
1085 393
234 1529
884 105
1443 1486
1792 1307
1393 450
565 1810
441 1259
830 255
1784 707
964 1743
235 1403
237 636
1461 152
1318 1378
1679 1202
1103 1710
581 98
495 1209
682 296
1230 740
238 1341
1363 532
1324 92
621 1315
1746 1761
1186 1323
862 1146
313 1446
992 747
886 151
273 1139
680 1270
245 1082
347 1245
444 1055
527 33
244 884
742 550
1831 1041
1540 878
787 1190
1556 47
249 337
433 110
1877 1597
339 949
319 1858
711 222
1484 1441
1111 814
1197 1225
926 743
1221 745
1083 1322
251 1778
1303 1189
426 223
1605 461
1678 1835
439 812
1589 5
1635 882
844 333
798 435
577 1135
673 1246
1214 817
398 904
487 213
1154 1560
1454 1852
257 541
951 1236
1550 744
1457 930
259 1138
1051 1151
382 1088
418 80
391 801
465 815
260 1827
380 1739
1672 157
578 228
276 64
1337 1788
369 824
1328 617
1857 1333
263 1475
1110 203
265 316
1229 1859
1270 1726
1255 1250
1413 969
1730 1384
995 536
583 563
1242 1136
268 1144
1720 1483
1127 492
269 1728
1438 1844
723 1522
282 1860
1317 300
375 1099
531 971
1745 721
1474 1458
635 265
272 490
1529 1030
1535 474
1042 1168
362 513
867 1265
1728 828
274 968
1419 628
1576 1804
868 1861
730 1502
813 1708
1325 341
277 1165
1724 1590
1600 230
385 770
1872 983
1332 26
1799 965
1431 1204
1622 1129
1736 156
1107 684
592 979
1512 657
1086 1360
283 1473
1383 1846
1531 1232
1263 350
536 555
1837 60
1688 1883
1274 640
1202 773
284 1851
817 11
1742 985
288 800
752 1178
1509 436
1244 1895
289 1091
706 830
716 129
818 1352
1425 1730
1019 1637
492 1398
1434 1224
1179 1589
294 1166
946 785
983 534
1061 394
335 107
394 1095
1464 144
1006 507
1581 470
1750 371
1334 1410
1165 1526
937 244
1843 1028
296 1465
301 582
808 59
679 1732
302 261
828 517
1715 1130
1212 269
1850 372
1352 229
304 1792
575 184
516 149
656 782
390 1077
1368 1085
1761 104
496 1754
1869 498
900 1579
1797 583
725 1718
977 1059
762 1812
424 1855
309 835
938 460
1063 332
796 1558
805 658
1158 1182
767 183
539 473
493 792
306 494
944 391
1100 1331
588 122
1053 601
788 1678
1124 1520
1189 945
1370 732
1644 1318
793 1472
601 106
744 309
1234 688
628 134
816 1272
694 772
1259 1881
1627 1575
1335 719
511 1226
1563 1493
797 847
959 1186
355 682
1708 1588
1817 1080
1058 700
1161 516
915 1026
1282 1659
671 1359
1593 1545
579 1489
684 1215
1573 1824
1272 403
1284 1111
1277 1363
1579 527
1637 479
356 944
1040 263
1385 612
350 1639
1231 1220
625 787
1225 458
1669 1067
464 556
1834 74
329 1468
853 954
325 1602
994 1775
1400 834
1446 1428
480 1175
1702 1376
1248 871
1554 883
1468 862
614 863
602 132
1835 1757
338 587
772 424
1862 1524
1578 275
1811 881
406 697
1801 751
342 299
1676 377
475 1177
826 364
1126 1479
718 1060
1329 1557
794 422
345 1867
1517 178
1602 1181
573 763
1624 1793
1813 831
1364 725
1354 994
454 1506
1696 378
879 1389
821 429
1472 1328
1382 218
1507 264
357 1240
1442 306
434 632
552 1698
699 130
1787 1620
998 1542
1604 529
700 1357
881 1254
697 191
428 1586
1610 2
1881 1887
781 1050
1504 676
832 1622
986 143
365 454
524 1528
1861 1264
641 186
370 1841
1748 533
1093 1235
371 99
800 48
1037 1000
587 1613
372 386
502 1628
373 729
678 959
1760 1416
892 1611
1691 1386
1258 870
1767 325
776 1805
474 1497
1021 793
1718 1521
734 1365
1148 1116
383 1016
981 238
384 691
820 1117
897 1339
1538 1184
1389 948
895 526
1428 1444
985 220
532 1453
1731 804
1491 1848
1620 500
1522 557
396 166
397 1037
1390 1825
1070 208
399 175
1316 83
400 1783
922 150
1756 907
401 49
1411 928
629 607
1392 232
560 127
1299 243
876 938
1802 799
784 354
407 1382
669 813
1069 1219
410 1294
850 1503
1417 649
1287 124
1469 57
869 503
1293 313
415 508
1721 1278
1493 1576
1448 1392
1580 485
1193 1672
1185 1399
1859 1132
924 749
537 431
1005 664
1481 1772
1018 810
1039 739
904 769
1562 1208
1740 1074
1561 1255
857 975
1450 111
1629 891
431 1159
1279 409
1059 678
437 1083
1664 964
982 390
591 91
440 248
637 408
1565 595
1163 481
1451 1630
1621 323
446 836
1541 991
913 349
445 147
1046 693
1208 1864
873 1652
651 272
1057 1054
839 1696
563 963
1238 1383
453 1297
456 1740
544 728
1739 1507
823 321
1675 395
644 1606
460 695
674 286
1246 1599
1699 1694
638 1548
1483 1616
1187 146
467 1845
831 1476
893 767
632 1699
1247 889
1311 1500
1355 1222
1777 240
745 447
1162 553
1695 370
854 1693
1616 1092
898 599
1427 1755
908 648
774 478
1542 764
1527 1866
947 495
933 115
1749 1343
476 737
1253 613
1780 724
512 417
1536 1747
663 1058
1437 504
726 1536
488 439
988 1033
1779 816
1865 120
1868 24
1753 1624
1129 327
535 718
1878 1695
1351 66
498 586
499 1547
501 1251
1776 1492
1372 855
1068 1751
504 1784
1250 1894
505 1327
1471 345
1002 1290
509 610
878 285
620 750
513 1248
1738 1306
517 937
1557 993
880 966
775 913
1168 811
521 274
1298 1179
1128 874
760 215
935 18
634 1741
1195 644
899 125
1723 630
1643 929
1401 162
824 1087
1651 1676
1106 154
1190 1537
1842 1174
1497 1715
1386 1124
1449 511
664 1127
626 887
551 42
1706 1042
987 689
1140 1407
759 756
849 1191
1808 1544
1209 823
1452 1640
567 116
569 1713
571 1646
1673 1153
765 1621
1519 738
636 977
604 1525
1280 1838
1182 62
720 829
1251 234
1475 1381
585 574
1825 1648
1213 714
1826 40
1836 1806
1492 1746
597 608
1818 1514
871 1635
598 1897
1793 1509
1219 1126
1369 1629
1668 1496
974 1205
611 448
1349 1032
613 1508
1356 50
1619 1821
1169 723
753 1452
888 1884
1227 920
1874 1787
789 853
657 1113
1226 753
1074 282
640 1549
1252 78
890 353
648 706
810 1176
972 1879
654 1447
1139 692
870 52
668 319
1031 163
1342 1227
1751 1697
1166 108
672 489
675 1766
1322 1569
1155 876
761 875
1489 1079
1045 597
860 58
958 940
698 1550
1119 419
701 1203
708 1298
717 890
1402 1368
1737 336
1134 788
1764 482
1609 970
732 912
1805 1632
1704 512
1149 727
975 483
1151 539
747 1377
1160 1541
1146 786
1156 716
875 497
1577 1617
1153 256
1575 733
1847 1192
771 523
1592 895
1827 1681
1131 1308
1003 1875
811 1770
1566 3
978 1285
819 1704
1201 1737
927 905
1344 235
1406 1104
856 1257
1603 1303
1658 1487
1559 1086
887 1158
1215 1781
1758 955
950 1394
902 1258
1222 1712
1584 168
1430 1076
945 1012
1822 1759
1700 551
1314 581
989 1390
1729 572
1632 1661
1698 415
1275 1310
1266 849
1256 330
1308 868
1633 679
1569 294
1613 434
