0 672
2 1262
1698 1001
3 595
1696 1517
1695 686
1694 1655
8 463
1692 1097
1691 1117
10 170
11 1570
178 64
1509 258
865 1246
1598 251
372 953
457 1005
1 1102
1697 120
1690 1657
1565 1678
1661 505
134 1425
1470 1140
176 1132
9 961
1693 1441
13 353
14 326
78 1185
329 1585
1308 755
1554 13
1607 956
56 1656
528 732
561 207
4 1482
1699 1463
279 566
1149 1608
420 1467
269 1421
365 1304
498 715
1487 234
1578 1445
317 301
5 698
7 387
12 7
15 105
16 735
433 76
271 918
639 1324
837 926
1050 793
70 839
898 674
925 1118
1204 563
17 657
106 411
50 1520
1380 1363
1364 1632
687 1613
756 768
519 356
1680 289
6 283
690 43
98 1256
851 397
1338 1405
410 709
1556 596
153 1299
1197 1099
1427 1011
319 1312
500 1254
548 1368
1340 668
738 420
773 1431
1171 1511
19 329
369 262
305 47
1493 1019
1652 1033
1513 854
613 304
1220 484
1343 1344
923 1399
1372 1287
18 166
893 726
1573 442
76 56
1023 1277
1073 1146
21 1476
278 1580
1095 925
346 785
20 1243
22 1018
23 1176
1498 371
331 1294
753 734
783 1496
1104 1072
123 393
813 890
1421 1436
912 853
24 443
1320 947
253 1023
161 1525
1459 1229
796 103
1218 1039
25 417
866 991
1299 737
583 504
1564 383
515 1534
529 965
1456 190
26 350
706 909
1003 368
355 332
685 1043
27 255
28 581
286 804
1213 323
266 1289
43 1045
75 970
214 786
927 989
1222 983
689 1
648 156
89 719
785 321
1410 1595
1074 39
616 1429
29 552
881 662
507 1227
1473 1007
1351 1158
683 1380
472 916
964 1410
350 1417
992 643
1548 307
30 1673
32 17
739 254
1350 1112
33 1275
557 211
1051 1189
1605 977
1162 987
67 978
650 121
621 1682
31 110
1641 1387
110 115
399 237
481 164
34 379
35 73
1294 1169
1620 506
710 745
1284 601
954 1047
1649 1327
436 135
241 1488
1622 864
801 1283
821 1645
955 569
388 753
1625 31
427 1509
1205 1635
49 943
1039 634
1670 1460
1236 226
745 824
686 1000
684 1653
559 118
36 1041
37 579
38 515
208 1685
293 578
768 277
720 178
232 1392
607 1528
1651 1480
1540 1598
1269 822
1148 1403
966 1300
416 1579
521 1679
1185 1495
510 962
1629 483
1530 1527
268 866
465 1667
596 1141
41 25
1154 1004
894 339
1560 539
676 705
1293 1367
1333 780
40 1446
42 241
1178 746
378 1302
1048 761
1037 1035
121 391
145 474
727 664
1277 1456
654 966
1406 268
1315 1046
1482 678
39 789
45 427
827 807
251 439
417 213
1577 787
819 1628
1458 1402
517 392
1394 1466
281 488
46 220
1477 528
1327 1267
1306 1086
907 1257
384 605
257 209
1067 1103
1344 1373
44 475
47 95
491 148
758 1604
48 322
670 1513
1107 1216
218 580
845 206
223 349
852 444
919 507
1209 828
473 128
1408 994
1571 1061
976 113
697 1310
1038 1448
740 756
807 819
936 1205
743 402
1543 455
352 75
1268 386
1465 1172
678 927
1126 1338
571 1569
1291 1548
103 141
1103 990
386 1081
51 399
452 1610
874 50
53 959
997 250
737 1082
451 1553
991 446
1099 478
643 607
52 32
951 317
370 1396
54 1181
55 1223
1375 210
1517 1646
478 1326
694 1542
1599 247
638 547
1396 1225
1044 193
1363 1638
688 509
1216 602
995 647
1276 814
1270 884
479 191
385 859
675 131
379 1695
160 1398
1180 1015
630 914
540 1183
1660 1362
225 813
1192 774
59 1675
860 216
117 597
1341 1366
1440 911
660 61
749 565
1021 129
376 1504
195 503
900 582
1395 940
617 1271
1413 1574
408 985
1437 1136
659 642
645 415
1026 90
1451 373
58 583
1200 969
501 6
1474 86
276 1597
107 1356
1272 1444
1301 272
57 783
60 680
61 146
1203 591
1515 1347
789 221
1621 1190
1290 143
826 1474
64 538
413 502
1124 739
921 1355
99 1067
1142 1219
247 316
228 174
1587 957
62 320
65 1288
333 1503
585 35
1590 1349
1422 576
970 670
1058 458
63 1114
563 59
766 1291
66 868
68 1621
1102 275
556 548
336 1660
902 937
1210 759
704 302
1123 1110
1076 1285
1060 1634
69 685
1411 66
463 820
609 378
901 27
917 823
72 471
792 448
1628 1434
71 1630
566 571
641 1603
839 655
1442 512
990 1688
238 53
1611 1358
308 630
73 1160
74 497
1325 1343
497 933
1568 1268
348 102
1098 622
1555 1536
1377 269
1510 923
375 877
200 637
853 631
1169 1115
1138 738
250 1340
77 85
736 1489
996 660
1359 89
1466 145
1181 1352
280 551
598 533
669 562
931 1022
79 1253
1334 1353
1167 434
1019 489
1636 223
90 187
494 287
1317 836
905 652
597 1624
81 1394
1136 706
1388 77
895 567
197 1439
363 1106
700 770
1286 640
1650 498
889 808
911 470
459 282
82 45
83 431
157 437
545 574
762 692
1264 1242
1059 689
381 1244
84 199
1561 20
536 438
447 711
1433 873
231 1494
85 1130
1191 1501
1390 125
87 1479
1386 762
935 1074
1070 261
80 811
88 802
215 276
345 803
518 798
283 1351
1061 99
147 573
1318 945
1012 87
975 1156
508 1129
299 532
401 1554
1090 913
1480 523
373 1182
242 1154
444 1177
705 613
1401 1147
776 295
1642 1556
599 1195
198 886
91 508
608 1659
626 1329
1250 797
1494 208
967 511
998 846
1279 482
93 107
1150 1497
699 101
781 1418
1418 1059
390 1083
1198 860
1534 1492
1679 651
92 1263
713 897
1527 466
298 906
628 357
1645 779
86 377
94 114
95 1697
96 1391
1302 140
633 1465
1113 1056
1462 1252
409 68
97 1500
466 200
1677 816
1227 1259
1415 1314
799 1213
1253 1537
404 1162
665 590
173 1555
1260 1075
1323 531
100 1469
124 791
256 184
158 847
101 676
233 485
1313 1427
601 963
419 257
170 318
1262 1034
1084 271
102 414
1066 1346
341 1616
1175 481
541 958
150 1076
844 1364
574 1084
284 1589
516 1094
779 163
1500 1298
1616 296
323 1258
1668 1221
368 1605
430 1290
721 901
590 430
1331 233
104 465
765 300
338 421
1552 1552
210 285
136 1461
105 242
593 1591
1015 658
1647 659
1337 704
1212 186
359 71
108 500
109 389
1196 1096
842 777
1537 1438
1144 1639
1109 493
797 91
155 955
980 461
1115 1032
1379 921
187 687
1326 477
440 486
612 1690
112 83
113 491
244 253
1562 599
462 842
824 240
246 521
111 279
114 327
604 496
282 78
987 177
1111 1558
809 342
1558 960
115 451
116 1337
321 895
1117 885
1468 138
1028 1010
933 8
424 34
856 469
1071 717
1588 1238
810 541
154 1211
288 1587
1687 758
131 794
1522 192
118 1178
119 1335
377 267
120 464
855 1505
230 122
122 702
1278 1390
240 741
1581 1550
455 152
1176 1535
512 1370
1643 1191
148 727
125 1109
475 1065
1083 1359
395 418
127 801
1447 1016
662 1573
126 1572
1147 1031
1475 558
724 1209
129 360
1575 365
1329 510
1627 559
128 260
876 1173
1082 1218
634 800
755 701
130 788
1032 1614
899 697
717 629
133 1009
1655 1457
456 172
267 1125
751 882
132 109
968 1400
1405 1416
1267 874
784 1013
909 1414
137 374
934 132
1546 712
780 165
138 1210
403 817
858 1433
1488 1385
961 1543
849 155
217 212
1490 1296
139 880
805 920
135 501
1400 743
1391 1297
1460 1567
1514 700
140 594
1246 1051
731 1095
549 1063
940 1507
396 1647
570 520
1472 843
487 584
141 1672
142 1357
143 889
1043 1539
1596 799
1089 1028
144 891
754 1395
1217 42
1224 1060
1503 281
1135 346
1232 333
156 422
525 1197
1211 588
1644 1691
499 217
1031 1139
1508 1381
1478 856
1046 537
1069 1584
149 1620
526 1200
1455 40
146 151
589 1250
1078 984
151 23
702 388
152 986
1682 111
1397 1054
841 683
892 1409
1582 518
880 88
791 1217
469 570
778 1053
1354 939
1432 1126
476 1090
681 744
310 1681
1536 561
159 1383
1119 769
938 1014
974 425
1106 928
859 1447
1161 159
945 308
973 1642
201 160
342 369
542 363
1685 1375
1512 1204
163 837
592 1282
431 1666
620 1571
1574 1397
162 382
164 396
1221 627
1087 931
166 826
1047 1336
1052 1565
875 948
1348 246
167 1499
254 106
1042 398
165 899
168 1107
1088 337
1328 1236
1172 331
219 24
169 202
957 513
347 942
443 858
1188 15
506 1281
560 1222
775 867
211 1149
993 162
757 57
1016 1159
1613 480
236 1062
835 175
615 997
171 589
172 133
1283 1371
707 1274
411 1239
1241 1462
1085 781
174 196
175 778
1133 1586
1100 720
437 1648
180 219
235 896
581 1203
982 1506
1407 568
576 982
944 1420
1030 1408
1476 435
646 754
1355 291
313 1113
712 404
177 620
179 49
358 1163
1024 117
1585 1180
1491 314
1594 315
307 1040
1001 1232
946 309
181 833
216 1545
1034 62
182 593
606 1348
888 449
817 1696
543 134
555 352
1634 1382
1434 1514
183 936
1263 5
1547 384
1567 1389
575 841
677 1328
1545 887
1199 1592
716 1529
290 108
1097 993
184 1693
795 1662
1444 1194
942 1464
477 168
1516 265
605 158
1139 557
505 763
337 1415
586 818
1347 330
1671 201
188 964
953 645
734 79
1307 932
1164 1354
772 707
405 1486
1586 1100
185 1475
186 845
189 1640
190 433
260 1104
1324 757
1225 626
857 1350
963 1320
511 1006
192 412
1392 343
311 10
1489 1490
191 699
193 1560
1453 92
194 1473
1295 228
1557 1166
1005 624
492 1582
906 380
1414 723
449 460
802 1654
1316 1540
1689 881
442 750
1374 18
196 1374
1292 1583
1062 1627
653 1523
1177 403
611 154
199 1468
480 530
744 1077
877 284
550 1276
1238 1026
1501 1677
435 915
1654 1533
1193 792
202 286
1252 796
1520 1175
1373 0
565 525
1342 270
1610 468
203 436
1036 153
274 492
1657 494
1033 1264
732 239
204 1510
205 638
1274 340
1131 604
1535 1686
1006 1142
206 1532
207 44
569 1541
722 305
908 30
1550 907
209 180
1244 851
263 249
1449 54
325 1265
1296 1251
1182 1188
1239 1643
682 1030
1630 639
212 227
879 773
1230 1522
956 278
300 1491
1684 908
1505 967
213 41
514 751
1160 231
1511 725
708 1261
374 929
255 749
1261 1477
847 205
958 669
568 1342
1358 98
636 70
999 1058
415 381
220 665
221 1435
887 731
1155 441
1597 11
351 416
339 829
224 9
1436 29
222 776
226 1333
429 849
969 671
558 999
297 1594
777 1317
1631 1680
1080 1544
1163 1518
1141 834
1664 1070
1528 684
1425 863
834 872
1365 359
227 564
229 614
1384 147
1189 1341
1688 1676
1243 157
234 1547
1495 973
1229 617
850 1002
546 760
649 944
296 1231
418 1174
320 1684
1387 1519
544 218
818 408
1165 534
539 1193
1011 870
679 453
239 456
237 1412
1159 358
520 1027
496 126
504 840
1303 688
474 495
1183 1625
258 476
1566 812
303 653
354 526
243 663
245 1530
426 810
398 490
248 385
1068 1516
871 1406
680 1165
1669 1249
249 319
672 245
302 1581
461 1278
1423 1266
1398 1379
1013 288
1499 1524
1017 527
252 1301
1077 1069
1029 1020
1346 912
701 546
1247 673
1234 1167
1452 861
380 832
315 1307
295 1179
578 730
471 724
1121 772
485 80
1194 293
1367 413
259 72
261 1128
513 1233
262 694
978 225
872 1661
1612 1607
965 167
264 1451
265 852
1237 1641
324 1623
983 608
1056 748
1170 1428
1570 334
301 549
1393 1025
728 1694
640 194
674 1313
285 1017
1195 795
270 587
445 848
752 1413
277 1284
1258 621
815 37
272 82
273 1145
467 1111
1674 445
1254 1206
709 1021
275 633
822 1123
767 179
619 904
836 910
393 1078
534 641
1675 375
1361 893
695 1538
1402 1670
971 1432
1463 656
1370 1121
1446 919
916 603
730 835
357 1404
446 188
366 695
602 554
1208 930
1256 542
1580 550
637 1157
1228 1207
1289 654
1399 1658
371 311
800 996
1014 1279
287 1024
787 46
562 243
1065 1508
490 1198
1417 764
663 1309
322 123
1603 902
1079 790
291 33
289 1502
292 585
977 1551
1431 1652
294 862
714 1230
828 51
918 299
1287 423
309 648
1672 728
407 1164
1235 1215
1638 1098
1426 941
1656 1566
392 1606
389 1664
591 1384
1122 1148
533 636
1572 825
1226 968
524 1611
1441 67
304 1483
883 1393
770 215
587 1308
1312 1617
747 1055
306 4
1339 1470
1450 14
760 821
873 747
972 347
537 1600
1009 625
1430 650
1424 1042
1319 1248
846 1458
950 1459
1663 1531
1352 934
1531 1038
742 1119
1168 116
1618 1071
312 406
1349 1073
862 1669
985 540
527 487
314 405
1265 69
316 1422
1184 345
764 679
360 1120
1600 294
854 883
361 119
318 1671
932 1629
816 139
554 1226
673 130
1609 313
1158 1143
1275 1443
1201 1240
326 1008
1589 784
1054 161
830 127
614 1311
1526 298
1053 142
327 104
1105 1376
328 1080
1206 592
610 351
330 1150
1584 256
332 974
943 335
863 1105
1614 65
334 1092
867 1665
624 972
335 19
1448 543
1563 710
1166 600
1249 1576
414 878
1497 677
340 1521
1506 1365
1008 1168
1428 1319
1551 1037
1214 1426
552 1186
441 519
343 1161
1382 1085
344 876
580 782
952 1683
1608 264
600 946
349 1201
814 1663
729 1184
625 1455
941 952
1420 1272
825 1689
353 855
1381 361
1623 1437
400 1131
1353 235
1257 1318
364 1419
572 1241
1231 454
1242 1331
1464 1044
530 428
356 1612
1525 273
1134 703
1288 97
1419 1618
1108 1293
425 615
1025 1155
1640 1322
838 1651
913 713
362 1454
644 922
460 183
367 303
1174 1401
1366 1377
1673 354
631 1557
1518 850
1592 1360
1461 462
1676 1144
1045 865
693 472
1591 1212
928 1049
464 222
1110 1228
1273 450
1223 1325
924 344
1486 971
910 63
1469 844
1322 1619
939 1064
994 197
382 1330
383 733
387 176
1186 341
1454 252
922 900
1484 1564
391 2
1576 976
394 1631
635 229
454 693
397 888
655 649
1502 419
402 1192
771 1029
1202 181
1040 575
406 536
1055 1599
1496 16
1120 681
1523 1079
989 586
421 545
412 149
658 1615
803 1637
1116 390
439 214
1063 975
502 606
423 950
1305 1089
422 879
843 1561
1378 1562
450 1334
1086 28
428 815
1617 366
1020 894
434 144
769 150
1093 980
432 185
884 169
1403 661
438 1048
1604 514
1132 1260
579 1237
1057 1515
833 325
929 995
629 1270
691 721
804 544
812 1052
1096 1668
1101 691
1187 1472
1369 38
1542 367
750 992
448 26
1094 290
692 609
453 232
988 1036
1255 312
1064 736
984 401
582 362
458 1440
1435 1214
489 722
603 1135
668 619
1345 535
1018 806
1146 1649
468 1602
788 1590
1245 1687
885 618
470 1601
1443 729
532 1471
1371 805
726 310
632 224
657 951
1145 830
1219 1339
1330 1093
1383 112
962 871
483 230
482 263
484 1122
1368 809
486 173
488 452
1125 1170
1298 55
1666 716
960 136
618 1133
1075 204
493 1134
495 1442
930 1292
588 924
1081 137
622 827
903 1196
1533 1568
1635 938
1311 48
725 766
503 1235
1619 348
1152 440
1157 522
1022 1199
547 280
1049 1493
509 1187
1310 1323
1357 203
1579 1151
1259 1386
748 395
1632 1388
1646 857
522 96
577 424
523 1674
1114 1633
831 409
1485 338
926 1622
1429 1424
981 1596
1507 1452
564 457
868 1091
1593 1650
1544 100
531 905
535 632
1000 553
1624 328
786 499
1271 1345
538 892
897 529
1156 1593
1215 612
733 1485
696 598
1143 1423
1282 628
1153 1127
741 666
551 426
642 1137
553 306
1404 1692
1595 410
647 981
1639 1050
1583 611
1128 1644
567 182
793 1152
573 917
1240 1116
1360 1286
870 447
1309 1559
864 838
1007 771
1553 336
1335 1361
1492 1171
1662 1449
711 875
829 370
882 1478
937 52
1538 898
584 577
948 189
949 560
594 274
595 1378
1072 1255
848 1245
806 400
715 1549
1416 740
652 1108
1467 1306
1300 1487
1532 1247
1504 324
1686 195
1521 372
623 84
1659 1087
1569 954
627 979
1173 646
1140 1057
651 1512
1027 93
1376 74
1439 355
667 524
656 555
1389 1636
661 429
1266 1234
761 517
664 1577
666 742
1035 708
840 1224
703 610
671 3
1409 1484
1280 831
811 81
1281 1588
1251 1003
820 248
1091 1012
896 675
1681 1303
698 364
1041 1453
794 12
798 1153
1524 903
718 198
1601 572
1483 238
719 998
723 1575
1633 394
1602 407
1118 94
735 467
1179 1316
1615 376
1412 1609
746 1315
1137 1124
1248 1546
759 1208
763 58
774 1626
1385 1280
1304 869
782 616
1297 556
1539 682
790 1563
920 459
915 266
1658 432
1129 1088
947 988
808 236
890 124
1665 775
1637 1321
823 1066
1471 473
1332 1369
832 1407
1356 1332
861 36
1314 635
869 714
1112 60
979 1372
878 767
886 292
1010 935
891 623
904 516
914 1481
1541 1699
1559 479
1438 1698
959 1138
1457 1068
1653 1450
1004 765
986 1411
1002 1526
1362 171
1130 1273
1549 1101
1683 22
1445 1269
1519 1295
1233 949
1151 690
1678 1578
1479 244
1092 1498
1190 1220
1207 1430
1127 667
1285 752
1321 21
1606 718
1667 297
1336 259
1481 644
1529 1305
1626 1202
1648 696
