37 88 0.0055825578685874
80 13_43 0.0123417007595894
91 7_32 0.0191394619374719
40 72_81 0.0559684167815627
8_44 01 -0.017308112311551
17 65 0.0324596508768456
4_5_28_38_46 67 0.0195469200355806
50 85 0.207992128841502
65 47 0.0351126271038248
4_5_28_38_46 71 0.0169157406481733
70_79_83 22_39_58 0.0970254414296079
80 75 0.0368365156256636
68_86 01 0.0350644144863235
61 2_12_19 0.0246725280733865
80 54 0.0527403186704469
80 37 0.0322609007940943
41 17 0.0367220275068988
80 72_81 0.0158081888702628
13_43 61 0.130236589687001
80 4_5_28_38_46 0.1210130215696
87 21_26_51_60 0.192149797329562
13_43 2_12_19 0.0221205784502074
89 3_6_14_18 0.0911210824307737
70_79_83 54 0.028384457771692
4_5_28_38_46 88 0.0074718089671275
20 78 0.164843279650793
80 9_45_55_59 0.0174639588182349
17 8_44 0.0217244336441236
53 47 0.0969002192305687
82 62 0.0165975883205852
8_44 84 0.0080227460864709
85 42 0.0033208303716649
90 53 -0.0241821098204699
21_26_51_60 23_69_73 0.0058805250754105
88 61 0.109356401478247
41 47 0.0430013159100032
35 50 0.0284489840960341
90 33 0.0380757534919236
88 16_25_49 0.0080748592546368
68_86 7_32 0.0176339644648341
76 33 0.174184512620175
65 75 0.19802176839846
17 01 -0.0209557933189198
37 47 5.06325794766407e-07
3_6_14_18 53 0.0228700000227444
22_39_58 40 0.0268339350488443
20 50 0.0665211891407408
9_45_55_59 4_5_28_38_46 0.0361707542523603
13_43 47 0.0022843073988302
50 31 0.073814462459781
13_43 65 0.0137814255355042
22_39_58 56 0.0516019099920885
17 16_25_49 0.0119846524349986
82 50 0.130637339189776
80 41 0.197791978829859
77 37 0.315297683043771
84 56 0.0035285555176351
4_5_28_38_46 82 0.0517999650020428
9_45_55_59 71 0.0501410297021273
20 3_6_14_18 0.0536961907468975
41 23_69_73 0.0786098950437001
82 89 0.0109033763339926
71 78 0.43606523663635
2_12_19 54 0.161165367117161
70_79_83 56 0.0984737842745134
78 24 0.0052462443320919
80 62 0.108201979512223
91 84 0.141509762822293
9_45_55_59 34 0.0492414580263985
91 70_79_83 0.0295286351739349
11 87 0.0480228013149041
3_6_14_18 42 0.0124532803226452
41 37 0.219595330229073
13_43 72_81 0.0116633016768375
35 66 0.0036957423953518
10_27 75 0.0032640346543122
01 53 -0.007882318343684
74 47 0.0241288529035535
89 13_43 0.0017278781539764
78 3_6_14_18 0.0121069176177053
22_39_58 23_69_73 0.0328058194717616
42 74 0.0654274726265675
29_36_52_63 2_12_19 0.005045914996377
80 89 0.0245633485811745
40 24 0.122348118385104
85 62 0.0202268492863677
22_39_58 11 0.0174405752302478
10_27 37 0.128615097976815
64 22_39_58 0.0890867749975922
70_79_83 88 0.210551590489159
80 24 0.0250197320164478
64 01 -0.012963871633975
31 68_86 0.0742214600475671
77 87 -0.0222145007326536
70_79_83 23_69_73 0.0407388121615156
70_79_83 10_27 0.0385604454805138
20 31 0.0481932397046288
30 87 0.0371271502531368
41 89 0.122473132626167
13_43 53 0.0088299816528893
9_45_55_59 42 0.340142799863107
18 22_39_58 0.011910176448362
68_86 33 0.0579589737955361
40 33 -0.0173011370631694
47 87 0.0049310128902416
35 82 0.0123743915512316
74 2_12_19 0.179343074286116
34 74 0.0647065336827579
56 23_69_73 0.0473096867812511
91 11 0.160744699614452
72_81 30 0.0403973783562113
33 61 0.202422935082006
85 65 0.0147186011363217
15_57 01 -0.0503472431033736
47 2_12_19 0.116802922424556
90 47 -0.0152384700179242
24 75 0.104746860971457
11 30 0.057402890073141
01 33 0.147887416509065
70_79_83 87 0.090574387715646
4_5_28_38_46 85 0.170990173568133
66 2_12_19 0.0058786925532643
16_25_49 29_36_52_63 0.0032659445143405
66 47 0.216938236675875
85 87 0.0177062705781248
64 21_26_51_60 0.027108232509969
64 34 0.0149669742738921
78 75 0.0329967044765723
37 61 0.015478815737163
70_79_83 62 0.0462716563585201
89 47 0.0093466162725872
68_86 56 0.135846192829919
65 2_12_19 0.034691353176608
64 41 0.0029576959922199
70_79_83 84 0.0039956841971863
18 31 -0.025135298005114
31 84 0.0044610785604506
01 72_81 -0.122974600411458
37 13_43 0.115090601101475
82 65 0.0127949618755667
77 56 0.042376255652137
76 61 0.0994040918817008
85 88 0.0646080097693192
82 23_69_73 0.0580318550083095
3_6_14_18 47 0.033925523942363
16_25_49 84 0.0072276023125307
4_5_28_38_46 54 0.0169902987757534
62 54 0.137824913719147
88 87 0.0884382069289949
71 66 0.0112619783661056
77 91 0.093508208032157
41 21_26_51_60 0.0264406644225356
50 21_26_51_60 0.0001321630222784
91 13_43 0.135122135853925
7_32 23_69_73 0.0733832658565732
35 15_57 -0.0060654130538238
34 71 0.0939419871682317
68_86 88 0.0309894145560116
4_5_28_38_46 50 0.0403456165117762
18 2_12_19 0.0298548420323113
15_57 3_6_14_18 -0.0726954314703535
34 78 0.0934742924106011
75 74 0.0799943980737127
54 23_69_73 0.028596015939348
22_39_58 7_32 0.0248409728439701
50 42 0.0479447878997423
15_57 24 0.322437426556462
34 3_6_14_18 0.130149303513788
88 21_26_51_60 0.0083160498461086
10_27 85 0.0316727886218387
22_39_58 85 0.158249475779044
70_79_83 17 0.031499062824274
67 68_86 0.0363504909583231
85 74 0.0293620841314174
4_5_28_38_46 22_39_58 0.0958456360698786
80 65 0.0555436307309317
85 40 0.0154459645342733
37 33 0.0315502233000503
21_26_51_60 61 0.0376056606365875
82 87 0.09158579953483
64 90 0.401334199303551
35 42 0.0074825985320631
65 74 0.108012535601938
62 87 0.0252401571080638
75 16_25_49 0.0372222203377217
22_39_58 17 0.0217079051575251
87 61 0.0766869748668459
31 7_32 0.0292941993867115
89 21_26_51_60 0.0186307864289689
91 76 0.175426231867995
35 67 0.0183515249621903
82 7_32 0.0255982025622434
11 01 -0.0620699221321517
29_36_52_63 30 0.0334496225626452
34 8_44 0.0156045480611237
10_27 3_6_14_18 0.0092858919424714
8_44 24 0.165391425050862
20 82 0.0002591291270171
35 71 0.135058530387363
15_57 33 -0.0108000356611846
64 29_36_52_63 0.0190679497315285
34 24 0.134147834644541
20 40 0.0176163119159581
11 16_25_49 0.100183418284013
80 88 0.0337404259477405
65 53 0.0097049544794014
22_39_58 88 0.0143644437363551
65 87 0.066109605444026
4_5_28_38_46 87 0.0922024644096126
66 87 0.010112178475893
53 29_36_52_63 0.0569981134519313
65 16_25_49 0.0087462807366103
29_36_52_63 87 0.032451791087441
22_39_58 29_36_52_63 0.0298488087258814
15_57 89 0.0426006148867846
50 33 0.0516187711010388
30 21_26_51_60 0.282021357394182
68_86 8_44 -0.0088441823290293
10_27 17 0.027243481319907
76 23_69_73 0.0396515638490995
