22_39_58 65 0.0875188585603425
7_32 24 0.0272877507214983
80 17 0.149537379207738
62 85 0.128615097976815
84 71 0.175426231867995
15_57 74 0.0663055428604697
2_12_19 71 0.0413277002860891
10_27 24 0.161165367117161
13_43 35 0.0206784067585235
17 67 0.0176163119159581
33 68_86 0.0018572378665257
61 13_43 0.0596838129235043
01 75 -0.0241821098204699
82 3_6_14_18 0.0029576959922199
22_39_58 30 0.0939419871682317
3_6_14_18 4_5_28_38_46 0.122473132626167
89 11 0.0222574262476825
68_86 16_25_49 0.0005897098571766
53 89 0.0049310128902416
9_45_55_59 91 0.0159721156660341
31 11 0.0328058194717616
61 47 0.0293620841314174
80 54 0.0361707542523603
33 20 0.0155362217385898
71 91 0.0970223589644383
16_25_49 87 0.109356401478247
41 18 0.0682026332501001
33 80 0.0174639588182349
17 74 0.164843279650793
3_6_14_18 89 0.009259559590599
76 87 0.202422935082006
16_25_49 35 0.0930474989131934
54 41 0.020694107145365
65 53 0.216938236675875
62 21_26_51_60 0.0304920726058461
31 34 0.0248409728439701
90 53 -0.0358286611077888
7_32 40 0.135846192829919
84 24 0.0218629247078903
15_57 8_44 0.0074825985320631
54 70_79_83 0.176954314563719
17 30 0.03299327849617
62 61 0.0316727886218387
61 89 0.0177062705781248
62 4_5_28_38_46 0.0896258073470589
31 7_32 0.0618602926569446
90 7_32 -0.0053635689138485
35 53 0.0351126271038248
01 91 -0.0313710792028489
30 67 0.0365096918912879
82 31 0.0890867749975922
61 7_32 0.150120735888417
88 87 0.0376056606365875
77 7_32 0.152603307385329
91 75 0.0088299816528893
64 8_44 0.29045109652278
33 88 0.0037893861796401
54 61 0.170990173568133
61 16_25_49 0.0646080097693192
84 20 0.160744699614452
37 42 -0.0398107333175368
80 61 0.0141573906755173
82 41 0.195201781911534
70_79_83 89 0.090574387715646
84 7_32 0.0262969892732606
3_6_14_18 16_25_49 0.0968355180860353
18 34 0.0655887524891441
37 56 -0.122974600411458
17 8_44 0.13712049437007
90 72_81 0.371604339015379
01 29_36_52_63 -0.0069192890730927
18 21_26_51_60 0.0385933655170369
67 56 0.0559684167815627
68_86 77 0.130637339189776
33 35 0.0555436307309317
41 87 0.0306423361549055
18 42 0.181663986848116
66 11 0.0440450844323146
68_86 35 0.0127949618755667
67 29_36_52_63 0.0393846502910225
13_43 40 0.0538732220425277
72_81 78 0.165391425050862
91 53 0.0022843073988302
56 42 0.0403973783562113
80 8_44 0.340142799863107
89 88 0.192149797329562
01 53 -0.0152384700179242
13_43 34 0.0292941993867115
20 23_69_73 0.100183418284013
4_5_28_38_46 88 0.0186307864289689
33 65 0.0073664739701929
67 47 0.063209874226677
33 41 0.0472824465954356
70_79_83 41 0.031499062824274
20 37 -0.0620699221321517
72_81 37 -0.017308112311551
33 78 0.0250197320164478
72_81 87 0.0266800996200941
64 37 0.0534544412685146
2_12_19 89 -0.0222145007326536
17 64 0.0328741331640422
33 21_26_51_60 0.0542773001910762
35 75 0.0097049544794014
20 18 0.0422937851635503
78 35 0.0315765691243377
18 89 0.0252401571080638
50 75 0.0228700000227444
16_25_49 11 0.0303103665031155
85 91 0.115090601101475
13_43 66 0.0044610785604506
64 61 0.0017132596094234
15_57 90 -0.0060654130538238
21_26_51_60 47 0.0135294622355258
62 35 0.0138087677315423
70_79_83 40 0.0984737842745134
37 75 -0.007882318343684
31 20 0.0174405752302478
31 67 0.0268339350488443
77 66 0.0074302072685424
82 87 0.002788358211764
68_86 89 0.09158579953483
91 10_27 0.0221205784502074
67 91 0.0305127325028045
35 89 0.066109605444026
85 16_25_49 0.0055825578685874
01 35 -0.0075427444588686
71 76 0.174184512620175
42 34 0.006104892497377
21_26_51_60 88 0.105099480976899
8_44 11 0.0150079923422665
37 21_26_51_60 -0.0102336768767535
61 35 0.0147186011363217
54 31 0.0958456360698786
90 76 -0.0108000356611846
61 50 0.0575842246063912
90 22_39_58 0.0276461155674546
9_45_55_59 10_27 0.0298548420323113
50 91 0.0002236504077295
4_5_28_38_46 21_26_51_60 0.0360011337669251
50 47 0.0354609034002568
54 35 0.0554632064159324
31 61 0.158249475779044
41 20 0.0220371905999672
2_12_19 40 0.042376255652137
21_26_51_60 42 0.0334496225626452
22_39_58 29_36_52_63 0.0794978515606475
70_79_83 66 0.0039956841971863
3_6_14_18 75 0.0028239477211087
15_57 30 0.135058530387363
21_26_51_60 89 0.032451791087441
33 56 0.0158081888702628
78 88 0.0263988061962595
64 87 0.0054844989918485
68_86 66 0.0214831440149212
68_86 41 0.0312316069586715
41 89 0.0305642312784644
9_45_55_59 31 0.011910176448362
3_6_14_18 88 0.0264406644225356
91 87 0.130236589687001
34 40 0.137897521005715
21_26_51_60 87 0.0368236994056925
41 37 -0.0209557933189198
31 24 0.0038471961865683
64 76 0.0245142788335831
20 89 0.0480228013149041
15_57 65 0.0036957423953518
70_79_83 23_69_73 0.0127730248410722
37 23_69_73 -0.0754803165306283
29_36_52_63 47 0.0799943980737127
71 7_32 0.0245506903175836
13_43 11 0.0786112292514454
23_69_73 75 0.125228927555788
01 41 0.0098220704641164
67 78 0.122348118385104
71 87 0.0994040918817008
91 16_25_49 0.073679085485217
41 65 0.0234353111821093
74 67 0.0308603968176911
61 11 0.0591222592392747
68_86 11 0.0580318550083095
85 41 0.0207507960612014
4_5_28_38_46 53 0.0093466162725872
89 87 0.0766869748668459
33 74 0.0010579175227854
77 8_44 0.0479447878997423
31 16_25_49 0.0143644437363551
62 89 0.0166558742911214
82 01 0.401334199303551
68_86 13_43 0.173178593738023
47 10_27 0.179343074286116
90 37 -0.0503472431033736
70_79_83 16_25_49 0.210551590489159
23_69_73 21_26_51_60 0.0032659445143405
71 62 -0.041915454443297
68_86 4_5_28_38_46 0.0109033763339926
7_32 47 0.0141207337502725
85 87 0.015478815737163
91 20 0.0875149811038559
42 89 0.0371271502531368
78 29_36_52_63 0.104746860971457
62 29_36_52_63 0.0032640346543122
54 24 0.0169902987757534
9_45_55_59 65 0.291928975093368
18 24 0.137824913719147
62 16_25_49 0.0800512821537809
33 3_6_14_18 0.197791978829859
82 88 0.027108232509969
90 29_36_52_63 0.0108345676901834
54 16_25_49 0.0074718089671275
2_12_19 76 0.203101542093405
47 53 0.0241288529035535
76 66 0.0220998413095194
33 62 0.0832450968308132
54 64 0.0195469200355806
17 68_86 0.0002591291270171
22_39_58 74 0.0934742924106011
2_12_19 84 0.093508208032157
33 54 0.1210130215696
30 47 0.042133635904661
54 77 0.0403456165117762
74 78 0.0052462443320919
33 75 0.0410328756787391
90 4_5_28_38_46 0.0426006148867846
3_6_14_18 21_26_51_60 0.14187160331634
70_79_83 20 0.0672102096649154
01 72_81 -0.0215901394426617
21_26_51_60 10_27 0.005045914996377
3_6_14_18 62 0.193199938202021
78 37 -0.0420664640215952
68_86 34 0.0255982025622434
77 88 0.0001321630222784
22_39_58 78 0.134147834644541
75 53 0.0969002192305687
64 7_32 0.0363504909583231
9_45_55_59 13_43 -0.025135298005114
17 61 0.0820069689959764
53 10_27 0.116802922424556
4_5_28_38_46 78 0.0861520503947661
90 75 -0.0095257582664727
75 10_27 0.179967100481012
15_57 64 0.0183515249621903
16_25_49 89 0.0884382069289949
74 29_36_52_63 0.0329967044765723
85 76 0.0315502233000503
85 65 0.0313417877535066
22_39_58 85 0.0026905849329036
65 10_27 0.0058786925532643
35 18 0.0155682145114488
30 75 0.0091064988420035
87 10_27 0.0246725280733865
3_6_14_18 11 0.0786098950437001
70_79_83 91 0.0549860161615867
30 29_36_52_63 0.0274466076831253
70_79_83 24 0.028384457771692
91 23_69_73 0.124440022065647
85 53 5.06325794766407e-07
54 89 0.0922024644096126
2_12_19 18 -0.0995606646360501
90 50 -0.0726954314703535
56 24 0.0520621919338529
77 61 0.207992128841502
16_25_49 23_69_73 0.0080748592546368
80 31 0.0058167635593023
9_45_55_59 72_81 0.0081679480299397
7_32 11 0.0897009550920481
33 50 0.0043377798238704
22_39_58 72_81 0.0156045480611237
62 88 0.0467117160387563
35 47 0.108012535601938
3_6_14_18 41 0.0367220275068988
50 78 -0.008989785159133
74 40 -0.003687883254744
3_6_14_18 85 0.219595330229073
62 50 0.0092858919424714
15_57 77 0.0284489840960341
2_12_19 85 0.315297683043771
66 89 0.0354080660674773
41 72_81 0.0217244336441236
84 34 0.0191394619374719
13_43 76 0.0256173297624851
24 11 0.028596015939348
34 11 0.0733832658565732
72_81 29_36_52_63 0.0836841532893518
42 88 0.282021357394182
74 47 0.0277281221612413
61 67 0.0154459645342733
13_43 7_32 0.0742214600475671
29_36_52_63 75 0.0264721715107265
62 18 0.0146470774198549
82 22_39_58 0.0149669742738921
90 78 0.322437426556462
16_25_49 88 0.0083160498461086
71 11 0.0396515638490995
30 50 0.0843537916552969
54 68_86 0.0517999650020428
68_86 18 0.0165975883205852
31 21_26_51_60 0.0298488087258814
84 40 0.0843405259986842
40 11 0.0473096867812511
9_45_55_59 40 0.107127660342416
17 50 0.0536961907468975
37 76 0.147887416509065
29_36_52_63 89 0.0205888880871856
23_69_73 42 0.0528710979024373
9_45_55_59 75 0.0075593072441386
61 18 0.0202268492863677
61 8_44 0.0033208303716649
31 77 0.003037087165891
30 74 0.43606523663635
67 76 -0.0173011370631694
22_39_58 47 0.0647065336827579
66 34 0.118559078785226
31 47 0.0450523208268638
80 64 0.154965512305656
54 65 0.010486133880366
3_6_14_18 53 0.0430013159100032
21_26_51_60 24 0.0963529809689941
33 91 0.0123417007595894
7_32 16_25_49 0.0309894145560116
70_79_83 18 0.0462716563585201
84 68_86 0.0281781932122571
33 18 0.108201979512223
17 77 0.0665211891407408
31 89 0.0295384776088705
74 50 0.0121069176177053
85 35 0.00948627786674
20 66 0.0282984304814403
82 21_26_51_60 0.0190679497315285
75 21_26_51_60 0.0569981134519313
80 74 0.250751169557975
78 20 0.0422057705468737
3_6_14_18 65 0.0011576980725617
41 35 0.0324596508768456
65 29_36_52_63 0.0224849799551996
41 34 0.0015968854583169
4_5_28_38_46 50 0.0911210824307737
75 47 0.102059329775405
30 65 0.0112619783661056
70_79_83 11 0.0407388121615156
54 13_43 0.0493143075912745
33 85 0.0322609007940943
56 23_69_73 0.0382431792963586
88 11 0.0058805250754105
80 67 0.050728104871925
71 40 0.129182777563228
15_57 50 0.137372841529445
54 7_32 0.107607854228451
80 22_39_58 0.0492414580263985
41 23_69_73 0.0119846524349986
2_12_19 66 0.0929892170199608
72_81 66 0.0080227460864709
67 24 0.0135011696149462
70_79_83 62 0.0385604454805138
22_39_58 67 0.0695476819737056
84 66 0.141509762822293
7_32 34 0.0176339644648341
50 53 0.033925523942363
91 35 0.0137814255355042
41 10_27 0.0159879645563426
91 72_81 0.0684726783214556
80 30 0.0501410297021273
20 35 0.0461097853927009
91 56 0.0116633016768375
65 35 0.105392183852704
50 88 0.0021826880610081
50 8_44 0.0124532803226452
67 37 -0.0599038592936585
4_5_28_38_46 72_81 0.0625725566932376
33 16_25_49 0.0337404259477405
22_39_58 4_5_28_38_46 0.0273764007562863
9_45_55_59 76 -0.0089644767146042
35 23_69_73 0.0087462807366103
84 91 0.135122135853925
82 37 -0.012963871633975
7_32 72_81 -0.0088441823290293
31 18 0.049435560539002
17 13_43 0.0481932397046288
2_12_19 91 0.0282080489803072
20 34 0.143823239427447
91 40 0.007701669209634
18 56 0.0018014145500236
50 67 0.115473424189847
90 8_44 -0.0095154545502165
70_79_83 71 0.0436214842868661
31 40 0.0516019099920885
29_36_52_63 88 0.0847955475847759
82 62 0.0392548765929113
22_39_58 50 0.130149303513788
77 76 0.0516187711010388
77 13_43 0.073814462459781
62 41 0.027243481319907
41 13_43 0.0428787529370317
65 89 0.010112178475893
66 40 0.0035285555176351
20 42 0.057402890073141
9_45_55_59 01 -0.0398992082717668
70_79_83 34 0.0064578827007133
70_79_83 31 0.0970254414296079
54 30 0.0169157406481733
15_57 68_86 0.0123743915512316
8_44 47 0.0654274726265675
33 24 0.0527403186704469
7_32 37 0.0350644144863235
62 11 0.0381519302801774
29_36_52_63 23_69_73 0.0372222203377217
33 29_36_52_63 0.0368365156256636
15_57 22_39_58 0.1240742067706
82 89 0.0104169725621476
77 11 0.0805434307242476
7_32 76 0.0579589737955361
67 72_81 0.0789593777802582
90 67 0.16847252095176
01 76 0.0380757534919236
20 88 0.0034337493184392
31 41 0.0217079051575251
33 4_5_28_38_46 0.0245633485811745
84 70_79_83 0.0295286351739349
35 29_36_52_63 0.19802176839846
41 16_25_49 0.0082158468856225
65 91 0.0132303964166458
4_5_28_38_46 91 0.0017278781539764
23_69_73 66 0.0072276023125307
64 77 0.0570940376716526
68_86 64 0.0111894711254643
18 88 0.129922391214214
35 10_27 0.034691353176608
