0 445
3 1552
1795 672
6 518
1793 755
10 1174
178 1266
653 929
90 1194
1215 168
126 1693
1 1540
2 1699
1797 520
1796 1647
9 1789
1792 1600
633 1549
572 1757
1719 29
4 1529
7 1072
1794 94
11 193
12 574
1717 1197
254 306
267 600
408 299
8 771
1798 867
524 1538
13 714
1098 1039
1069 1661
148 1698
5 594
14 1440
15 272
1160 1747
377 223
1742 509
1249 1775
799 1583
1799 2
16 1306
17 1780
430 1006
900 1624
372 954
1269 553
1401 1242
133 787
1791 635
19 250
1711 1788
1038 477
893 185
46 1262
1527 367
1659 431
1129 1658
115 559
238 716
18 917
831 919
1622 1700
1131 632
731 1040
797 1729
940 522
20 1676
21 1370
23 851
1732 947
1476 972
326 120
24 841
1499 238
1096 973
655 707
186 288
286 1568
1102 1713
1496 1627
1578 816
776 1626
937 916
22 1604
1073 1687
1112 390
1306 1644
26 85
27 1021
76 1346
58 1359
759 1107
1547 393
139 1258
153 465
175 463
25 1282
156 298
1170 1058
29 408
1715 1593
1753 282
145 1648
28 1572
32 1675
624 425
437 226
141 323
1542 560
789 1766
1641 706
1310 1030
1643 369
709 665
260 347
387 1295
640 1097
33 814
442 386
365 739
512 794
647 1250
950 1489
1152 694
31 1077
846 34
1729 550
210 1269
1722 508
586 214
936 1117
1366 939
1554 1175
914 224
921 1311
1500 1413
741 310
34 1759
38 1209
1142 151
35 1170
36 977
1575 1093
747 278
30 884
37 925
39 1575
951 1296
1466 1054
41 412
288 1641
1790 411
539 1544
157 1126
1406 1319
176 1736
1518 499
118 865
828 1591
1302 462
381 1249
873 1531
1453 387
1221 524
40 579
43 1162
602 1169
528 1208
674 813
45 576
1369 833
1448 1417
1436 712
44 63
1380 148
735 1653
48 1400
1072 105
335 1334
264 1129
366 1745
1506 750
364 1388
47 1530
1489 795
1769 237
1034 270
51 1485
383 274
42 264
49 626
997 1372
50 860
1458 482
531 265
715 31
1300 1623
489 1625
830 1275
1032 1278
988 1601
973 765
54 19
743 844
1540 1422
53 1501
55 389
388 332
732 1481
968 691
456 680
1341 362
705 338
867 811
319 1468
253 1651
70 918
1150 1507
1156 783
287 969
180 1690
431 879
923 478
464 1003
1275 572
1762 1384
59 1546
60 523
1200 67
1672 1391
813 1453
903 987
309 855
52 699
62 1585
239 1410
829 1470
144 1011
61 1305
1777 1619
487 935
812 1566
340 349
57 293
1586 1639
486 815
568 1622
824 711
199 575
1666 1790
56 953
63 182
64 1123
66 588
479 421
1698 1615
67 206
198 1743
964 1695
1078 53
904 824
332 395
65 887
68 64
899 472
672 877
654 752
837 330
1781 485
160 910
77 112
1789 113
272 1009
69 1551
241 1438
284 1010
961 401
990 537
134 1771
1025 1739
1618 1797
337 773
1669 438
1246 718
73 494
74 1505
1074 159
704 586
71 1785
72 1765
1613 301
886 1679
168 9
75 304
1203 1268
273 1787
305 728
565 846
861 69
600 742
1519 878
844 1586
1636 266
270 1164
1006 997
1759 727
1140 1079
1665 847
1118 843
1505 1498
78 1366
79 1200
81 100
412 1188
310 1774
1410 1611
817 830
996 1671
83 748
1264 346
690 1696
80 114
82 453
727 245
247 428
1520 277
544 79
1610 341
730 5
1754 203
84 871
85 1259
125 107
1253 1602
191 385
1426 1562
363 0
1670 123
224 1760
328 557
1163 1716
864 1488
1261 1137
483 76
419 825
461 552
767 1472
89 41
631 902
676 779
86 1518
953 606
910 82
532 578
87 1005
91 1315
1724 360
1491 854
1105 1294
604 1617
1620 797
971 964
593 1032
94 1184
370 189
664 1610
88 1047
95 441
1283 930
681 747
1493 1416
1237 476
547 37
1464 1348
92 326
96 406
1296 1503
404 40
683 1082
1562 136
1751 999
1431 366
1132 1299
203 831
98 945
1216 1276
1284 776
1014 1578
314 231
266 1673
972 1210
941 873
1630 1155
1223 70
130 602
400 1130
315 900
99 124
1194 566
297 1547
615 424
1746 1363
97 1628
101 674
209 1321
1155 197
933 1473
761 1677
93 1754
102 1741
103 982
1691 637
554 62
1324 1224
1063 780
1524 624
1780 230
104 519
513 616
493 1145
256 644
1157 596
1097 1015
447 10
105 454
106 1555
107 792
1343 443
1210 311
1318 260
1323 839
1048 1304
1470 1409
1614 1392
1478 768
100 583
109 799
922 1361
1548 1046
108 1495
110 1434
1584 820
391 671
215 669
792 1084
112 433
1460 361
438 290
1185 1650
1475 1191
1364 165
1509 1476
113 143
560 184
850 210
1376 1427
551 21
1394 894
114 870
116 1256
162 1737
1295 1325
1279 1355
579 543
111 966
117 1706
449 1310
691 1446
1028 1525
1092 1350
1733 1582
1660 666
382 946
1064 1537
1390 279
1351 429
460 681
119 1183
120 995
459 528
1100 959
121 77
122 1301
1202 702
877 1778
1362 862
1057 1116
1382 1755
670 417
1783 47
943 1746
793 763
994 965
123 990
124 1092
128 726
1487 1060
154 1424
403 767
1454 1636
1196 1353
1387 775
506 1751
1144 1668
127 1496
490 483
355 1281
1583 1298
1127 219
1450 1396
627 741
131 101
132 355
140 812
129 952
496 720
885 1493
454 963
135 651
1188 1138
136 469
379 864
986 1186
889 692
138 565
1393 1320
1772 1125
137 427
323 139
1044 1640
369 1070
1704 542
1508 1398
1146 1373
142 486
1173 621
1358 1786
751 118
851 1663
1135 675
1225 221
1391 337
143 1270
146 1122
416 1023
1713 536
248 573
1608 914
1628 1185
1315 992
1535 16
429 753
471 1193
1546 740
1577 66
1068 1141
147 529
150 353
516 1522
929 951
221 208
151 492
1056 194
149 869
1141 539
612 885
1421 546
1705 1474
1408 1528
1430 828
1560 1014
724 901
1235 1526
1168 154
465 838
605 481
1134 896
1647 1098
1368 876
503 1260
1485 688
693 1576
1745 309
155 1744
685 468
878 58
1710 446
1303 1389
158 1156
1268 1499
1206 1277
152 1637
1462 132
1039 402
637 440
739 262
1317 1341
1625 314
345 723
331 1462
947 1297
501 1237
161 1255
163 276
1738 703
164 1057
1058 842
1515 89
1601 979
1761 1378
159 912
1207 1428
978 207
167 663
1684 981
1327 561
1190 658
1439 188
255 1719
165 503
169 1136
970 1344
1668 861
170 1482
166 950
919 209
527 235
643 215
1706 228
172 808
1728 373
171 1356
519 35
1494 195
173 44
1371 777
338 108
1027 1584
174 868
768 316
1623 1423
820 1558
1446 1189
177 1022
179 1497
276 239
441 682
1490 186
207 643
1551 1075
1653 160
983 515
543 505
785 1711
1451 292
525 491
181 1634
183 1506
942 1685
1219 554
334 1131
184 693
1640 1441
632 1590
1340 866
952 856
1167 1420
1217 1316
229 380
795 858
1461 645
706 1436
991 1431
1197 1248
182 513
185 345
187 605
188 1672
189 802
667 636
703 164
190 629
1240 251
1662 135
235 1167
826 834
214 805
193 593
296 103
657 324
687 447
1590 1102
192 1533
194 1247
1213 475
195 1342
316 769
469 928
985 667
1332 1646
534 1772
196 715
749 1418
445 801
934 1284
1517 731
197 656
500 754
200 4
201 196
360 121
1153 241
775 365
1095 138
1109 255
1161 1198
995 464
1651 377
641 1336
1782 1514
1771 1798
1079 1556
204 708
205 662
700 1379
1227 81
202 978
206 1660
1644 1404
208 1603
1468 1314
451 653
629 364
428 1287
1629 1365
1349 370
594 1710
325 1559
211 941
1443 284
405 1061
472 342
213 487
1760 832
621 580
1442 470
571 1026
1024 760
648 796
1121 1332
212 1114
518 201
804 1487
1609 717
219 686
312 1563
362 1395
1133 960
1383 128
1716 568
1211 657
563 970
1316 980
216 1509
217 1402
455 1458
409 1768
1566 156
220 176
984 252
226 1192
223 73
726 1735
389 1799
302 1762
320 388
222 1643
225 240
533 1152
917 1226
1766 1681
1445 1517
1593 1452
1263 1638
218 72
227 1574
1081 473
1009 1656
526 926
906 806
1103 721
1049 1190
230 1632
816 1432
993 1118
231 533
232 407
1734 1273
966 1187
1689 348
1695 500
384 1447
262 932
233 102
468 1113
234 994
1278 1290
1721 273
707 170
1690 1338
236 1352
228 1597
427 1124
1429 1283
352 1203
271 1119
872 597
1687 1513
875 1390
1344 1065
242 1448
697 28
1180 1128
433 415
1694 1207
881 466
245 836
1726 818
1082 1013
1785 49
237 119
244 967
246 149
1088 1045
1214 983
1604 1588
240 1491
1423 1777
909 1324
243 65
249 32
1595 130
523 937
299 907
1360 655
251 1374
1204 1215
840 205
252 1238
980 1106
1267 1451
250 1569
1735 778
1232 1769
1674 95
894 1088
257 61
258 259
814 1044
1467 1292
259 141
1114 1300
1218 1357
771 174
1120 989
261 1108
588 1302
634 1723
321 490
1050 506
1419 1121
1441 211
1199 1178
671 733
802 1519
1587 496
736 800
1788 660
1787 392
263 14
1748 891
1606 661
265 467
639 859
628 1158
1130 1662
1224 526
268 1048
717 623
1288 889
318 328
1101 1112
269 1064
1671 80
562 115
275 893
835 1541
1744 898
1556 704
1381 302
1193 938
1298 325
719 1220
622 1394
277 1132
982 418
1572 7
278 497
1066 1229
1353 1027
638 318
1486 410
1209 18
279 1091
1033 534
281 134
642 1415
317 743
274 436
280 789
283 33
781 1182
656 1385
862 745
395 1731
1648 1782
285 133
282 1399
745 39
425 1550
1262 1742
1457 1721
742 92
1768 484
787 507
974 1000
1037 1367
339 78
1212 220
926 749
750 729
549 880
290 261
762 187
1615 147
998 751
617 1596
1367 1445
1404 289
289 319
291 1784
293 1339
295 1694
675 1354
294 404
1591 1291
663 439
869 1419
473 257
1749 1688
967 1074
645 719
298 1545
728 648
1631 652
301 1068
1447 612
702 234
292 988
300 1479
1023 631
1677 1163
1435 322
1008 948
303 511
1198 1609
918 1243
884 1076
883 823
766 1630
304 1761
1020 1718
308 271
1370 1709
630 283
1113 1793
1136 308
710 11
463 305
1093 1767
306 451
1709 75
307 976
589 372
1553 549
520 1781
597 1007
511 320
756 1180
823 803
341 1233
863 650
1257 1327
1162 1214
1558 267
336 845
1325 1307
1731 564
659 242
1656 1703
740 313
757 1168
1238 1369
311 762
313 857
945 1322
385 630
1415 1056
1626 1605
677 1403
1286 1734
1277 1051
1495 1360
322 955
324 1618
1725 1181
1075 442
619 1580
1388 126
1062 700
887 1358
1579 146
353 540
327 225
1525 592
1333 1437
329 1557
462 1730
611 175
1763 942
1000 192
1473 798
956 300
666 641
1693 1206
1422 1253
378 1274
1174 1157
333 1142
422 480
1747 312
1099 1099
1021 1096
330 111
1304 1362
1497 544
1521 1333
1252 962
698 1094
1741 625
1116 43
686 837
342 1232
1607 435
845 1264
458 949
344 1038
1338 371
541 145
760 1704
346 903
347 608
348 679
608 899
505 766
343 551
349 1732
712 1527
1192 297
927 1382
351 1421
350 1712
354 1629
1471 1111
1012 1
1559 1234
358 923
359 1280
357 1104
361 254
530 1406
1026 986
752 144
773 204
1427 1477
1330 1286
436 1199
475 117
1424 20
356 1697
1536 374
367 1031
1265 1196
1679 55
879 1172
649 344
1236 1492
368 1684
1182 618
371 1707
373 1115
939 1127
375 676
376 790
1658 122
1186 1288
1619 232
1414 1105
374 1686
1681 535
692 1467
380 1621
1402 581
420 336
859 1678
1254 1635
1346 1025
849 920
1708 1620
1501 444
959 1631
1655 1594
386 1405
1282 934
1779 1331
399 321
466 1652
390 826
796 1504
392 84
393 770
394 489
848 218
635 1231
876 295
590 455
819 1087
1425 60
397 183
398 1444
576 363
1773 622
396 1773
401 1666
1469 458
1612 1289
1308 286
1208 1471
777 991
765 1461
915 1645
548 527
406 375
696 1151
402 396
407 1219
410 784
1015 1561
477 1464
800 216
411 1567
1041 640
1395 1252
413 1241
1645 162
415 1222
1700 567
678 1195
414 1033
1701 1083
417 1347
1602 296
1639 642
682 1387
1307 705
825 98
418 256
843 892
815 924
421 247
1321 419
1492 1794
746 1069
1084 872
1696 664
450 414
1703 1669
841 335
1312 1756
423 137
424 810
509 1539
435 1308
1311 538
857 1701
426 1349
432 577
1786 819
1510 178
1270 1037
711 1134
1481 356
440 1381
434 1407
439 673
769 713
1328 604
1642 51
858 48
507 968
1089 1100
542 684
1389 177
443 394
1750 822
1326 532
1309 1577
1285 1691
1183 634
1400 1329
1523 601
446 984
444 106
1147 391
448 25
452 1239
453 54
1055 1263
1090 1154
1635 376
1107 1246
607 734
1456 243
1599 882
457 1486
1755 548
669 1667
1580 772
1305 1689
1138 1749
1361 1455
1396 1230
1770 199
1484 1067
1339 1457
1226 1364
467 1146
1345 1050
1765 68
920 354
470 1211
1444 1225
1359 510
1532 1036
1137 709
476 1313
1016 93
798 1511
652 45
716 1465
1110 400
478 1449
725 27
1736 1017
559 1257
584 1140
474 140
1205 498
1512 1466
1065 399
1385 281
481 911
482 1548
1712 774
1498 927
485 1071
484 956
680 422
1003 180
480 677
1412 620
1667 200
1528 1323
1117 1380
665 1589
1151 1779
488 1144
673 13
491 722
492 744
908 15
1301 12
494 8
535 531
1603 1750
957 1726
1250 1682
495 1664
1230 735
497 875
499 1205
1539 1085
1727 1078
498 647
616 521
557 1109
1335 1613
580 906
1552 1490
856 525
502 913
890 1715
1017 530
504 1484
1139 1261
1561 405
1255 317
949 1063
699 99
508 127
510 541
1740 890
1365 1702
1682 1312
1171 1089
1106 1340
515 638
948 59
1149 1227
1363 1328
587 985
514 1120
1273 958
517 764
521 1335
522 895
1347 1059
854 1153
1108 512
684 1240
1115 1086
1686 248
1178 213
1516 161
1172 1397
1438 1763
822 233
529 619
1657 1173
865 488
931 1235
1045 1049
550 1683
537 584
1638 1223
538 1463
1550 1714
536 1523
540 598
1683 1073
1126 639
1511 1034
694 555
1201 1502
1076 1654
1010 269
570 1176
545 1543
546 378
1059 1456
1413 452
1449 57
1013 1510
689 1776
1752 940
660 993
1767 840
1374 1213
552 1649
774 1377
1070 1254
555 1587
651 1016
553 1090
764 1770
1664 409
556 495
1688 547
620 617
561 1217
1597 1345
558 971
932 1020
1242 1674
807 1450
981 1165
566 1204
1621 591
574 501
564 730
567 1166
1051 420
585 1425
569 1029
999 516
1165 1599
573 829
575 249
577 1725
1570 737
701 1150
578 416
1479 758
1266 614
582 268
1757 351
581 379
583 110
1592 350
1159 1212
610 1521
1233 1052
791 1371
790 169
783 1796
591 381
596 167
1018 1534
595 1271
1181 1570
1611 1579
592 678
599 1573
1676 1478
598 957
806 696
601 615
603 158
606 791
737 786
733 1764
1122 382
609 1228
1675 827
1040 1717
1565 685
758 1536
614 1724
1723 1722
613 3
1502 71
1596 611
618 333
1336 1516
623 1606
625 698
1465 1368
626 461
1533 1265
842 736
662 1101
913 943
744 1520
1175 1791
1702 227
977 746
1568 1066
1776 1565
636 1202
1482 217
1158 1581
805 1080
1474 1177
1663 1245
646 599
895 1135
748 30
1128 131
644 1748
955 1055
650 571
975 863
836 1783
658 173
1573 116
1259 38
1166 590
722 1041
1567 52
1416 1024
661 1303
1228 166
1067 280
1287 881
1104 1375
668 340
907 659
1047 1408
1598 849
1480 683
960 1553
679 125
782 191
1189 331
1297 1607
1231 1429
1148 1317
1437 582
688 1443
1737 456
935 517
853 1042
1557 1221
720 1554
1191 835
1522 104
1143 253
1030 1008
1372 457
821 1475
1292 129
1543 587
695 86
718 908
1617 710
734 804
1569 1612
708 1004
1334 944
714 42
1774 1179
1452 315
713 334
721 1001
1650 1251
723 1727
896 1692
729 202
1258 1081
738 1062
954 996
1637 1110
1355 1309
1319 585
891 171
1234 357
1634 229
753 307
1229 434
1248 179
754 1705
755 1665
1472 1655
1459 690
866 275
1379 1515
1001 1267
1184 883
763 1740
770 1343
803 853
772 291
778 931
779 1095
780 479
1405 1143
784 1439
1274 109
788 1103
1086 961
1392 97
1407 432
786 922
855 172
1455 809
1378 562
1373 850
1271 26
897 1159
794 1430
801 1435
1775 1483
808 403
810 190
811 1733
1004 738
1576 285
809 471
818 785
1091 398
880 1411
1053 150
827 1738
833 50
832 448
834 1442
1291 368
1707 633
839 1386
838 460
1697 1560
868 449
847 613
930 874
852 474
1513 1383
925 603
1005 222
1428 936
1247 1148
911 1728
860 1480
1784 1376
958 1330
1541 1608
1600 1002
1418 1019
870 1012
871 1433
874 1326
882 90
1585 24
1574 782
928 46
888 294
892 1133
1125 263
898 975
901 493
1294 556
1052 1351
1594 793
1036 1337
916 1149
902 689
1434 761
1488 915
1035 22
912 589
905 352
1280 83
969 563
1281 817
1239 1659
1627 668
1145 781
924 244
976 303
1245 807
1581 595
938 609
944 502
946 1633
1432 886
1680 1171
1549 654
1507 17
965 649
1605 1708
962 91
963 1680
1176 1792
1588 670
1398 236
1503 383
1220 1272
979 1035
1563 1218
987 701
989 384
1652 142
1397 1614
992 1500
1002 1642
1154 628
1007 1279
1375 327
1031 1236
1011 904
1531 198
1019 607
1022 757
1504 212
1029 1512
1477 6
1534 1201
1042 1598
1730 888
1046 1028
1043 181
1352 921
1646 358
1386 627
1354 1670
1685 343
1313 504
1054 974
1061 1401
1060 695
1276 646
1071 1393
1251 1139
1589 1318
1299 1508
1187 687
1411 570
1179 426
1077 1535
1384 397
1083 998
1080 87
1087 1532
1538 56
1433 1216
1085 1161
1094 413
1322 88
1111 1758
1290 1053
1260 1244
1649 157
1119 933
1123 756
1778 1412
1124 459
1545 36
1571 1571
1243 569
1409 697
1289 1018
1164 909
1169 724
1714 246
1177 1616
1399 1043
1582 155
1692 74
1526 610
1195 258
1632 905
1222 732
1241 545
1244 423
1256 96
1272 153
1654 1469
1293 450
1314 1454
1320 788
1329 152
1331 1720
1564 1160
1337 1426
1342 1795
1417 1460
1348 359
1350 1285
1356 163
1357 1524
1544 725
1743 1595
1403 1657
1633 1592
1377 437
1699 287
1678 339
1420 1459
1483 23
1440 430
1530 1494
1463 1542
1537 759
1718 1293
1555 1147
1514 897
1529 848
1616 1753
1624 852
1661 329
1739 1564
1673 1414
1720 514
1756 558
1758 1752
1764 821
