0 149
1898 518
3 1389
1897 798
5 1356
6 157
7 1193
8 1209
9 447
1889 1350
1888 1146
13 1724
14 1688
1886 1559
15 752
178 1860
1407 1150
1137 1684
614 839
1338 308
1254 979
94 764
260 1340
1744 1065
421 1136
1804 68
152 361
1 811
2 519
1899 170
4 1040
1895 1373
1894 1429
1891 1851
12 1111
1890 1650
1887 14
16 404
1595 318
884 2
452 87
1523 529
1865 1324
1150 1068
878 1852
814 573
173 1225
1321 553
112 296
1746 1613
1896 865
10 1130
11 904
1892 1237
1717 1187
837 372
166 561
1168 1630
1265 27
908 1780
134 1665
1646 1671
1765 1438
1313 920
1452 474
17 895
18 1695
1594 1354
1281 565
1079 1288
1618 957
905 267
1047 192
1578 288
1893 1164
19 1496
1098 1015
893 1064
1023 1410
69 1403
1873 615
1607 144
1027 360
1687 1241
1457 482
1314 301
549 847
1388 1105
412 1286
256 641
1442 405
1410 1175
1073 521
245 327
1436 537
354 1082
1247 1114
1749 1680
1734 1139
499 889
364 1308
1368 259
21 1364
106 467
1288 411
650 1486
357 1577
1468 314
740 1696
1398 1880
1237 1553
1846 1693
657 18
1743 664
1775 137
20 439
22 1776
690 1803
344 1632
871 1715
1546 366
1781 1574
96 1705
1494 899
23 64
376 1055
1071 415
1181 272
1654 1634
1507 472
351 817
1852 1773
1766 1301
918 1552
1296 1842
184 40
24 457
862 1086
742 800
1683 689
758 609
208 1315
752 1782
1588 1458
99 1625
776 459
1279 530
25 468
1855 906
942 1330
1768 1498
1347 1313
1883 1711
331 724
1100 45
1038 180
679 702
838 1383
1203 426
76 1208
618 362
271 1825
1533 1081
1667 1174
532 606
647 410
100 88
569 1849
1805 770
1223 203
1502 508
1091 1698
440 1089
822 19
836 458
541 1251
1453 94
28 1701
1005 1110
1048 858
1755 1218
1355 871
1553 1021
1214 1885
1185 269
1435 926
1636 103
1169 896
1499 1473
920 600
819 1516
1664 1243
422 1056
316 1420
738 79
1422 821
1831 1697
475 286
1837 371
29 1194
30 1896
512 461
148 1375
775 1890
1095 1260
605 1741
1776 496
1158 205
26 681
27 211
31 570
954 1270
897 1038
936 949
617 864
554 1452
1318 891
1491 105
496 121
291 1674
1295 106
1778 255
1871 1216
1882 363
419 1815
77 1867
1301 1316
1359 1022
1686 25
32 1455
1856 1648
709 1637
449 1276
57 326
1771 20
459 1106
666 1608
1555 136
1739 348
1164 1439
1250 714
1493 489
34 1475
1866 1258
450 598
1192 216
652 52
1302 1865
1524 975
349 1546
1157 1668
451 32
1460 1895
1544 655
1751 810
33 1399
314 1170
1753 982
1869 1311
1335 989
1498 569
1354 1028
47 283
1180 528
36 374
1406 1336
1330 1735
779 1646
258 262
1505 1875
676 1536
1642 1339
35 784
906 590
1725 931
305 1185
1516 1273
272 1036
917 1722
945 1445
534 485
938 1766
1721 1507
535 1838
37 1360
624 585
1319 1717
1653 278
877 209
384 566
728 1786
1044 1482
1677 1515
1088 1596
743 524
377 153
38 676
1641 453
279 1280
683 614
289 1779
1445 673
636 1343
1413 1352
458 679
849 946
318 1171
39 1720
40 1149
895 511
415 159
174 1548
1788 66
298 1282
896 78
1791 31
41 1460
212 1641
1284 710
566 1787
798 622
1836 1753
1462 1447
633 1253
147 1817
1334 1115
1003 6
42 1569
1036 1329
659 672
1474 1013
1798 424
890 92
1874 492
771 1047
43 1571
1241 189
766 343
335 1014
1823 1349
713 623
1242 1886
392 969
673 948
1463 1284
44 1195
783 1153
312 1001
834 1789
213 646
1572 1296
45 888
1828 1762
1854 1483
1716 311
1409 178
689 1317
105 199
1101 978
1428 855
466 593
1034 1443
1709 1651
409 351
630 917
768 1063
300 386
894 349
1671 80
801 1858
1361 1831
1070 1379
229 1556
46 111
68 1173
1530 603
1366 1363
420 24
219 57
1391 1543
48 568
162 531
87 694
1437 775
1577 299
220 1745
827 1191
1549 1412
1363 506
826 985
1007 900
456 1141
1127 240
1408 1323
121 805
49 1235
261 41
940 1818
1617 1742
264 1887
1177 958
1551 763
1708 1075
1860 383
1378 317
997 455
343 1249
934 162
1272 358
1736 1213
622 1841
1764 49
50 0
866 95
919 610
387 700
1126 1575
1669 1037
832 1518
163 1285
51 558
52 1756
53 1232
1565 741
586 1436
727 1510
1656 277
1015 1694
1501 1616
320 1100
581 127
974 1129
54 587
1858 271
181 802
304 42
1357 1078
1102 113
1497 1864
435 305
763 1052
191 795
612 1299
1423 1391
1342 414
109 1079
1182 1262
907 1180
640 1095
455 1672
531 1626
302 890
1510 1793
522 276
794 206
55 1855
126 423
1054 1775
568 1768
1759 654
1358 1098
1377 974
146 403
948 320
395 1824
1868 667
957 1223
222 473
1735 1211
1747 793
1138 1197
1819 1435
56 882
58 17
59 730
542 1826
156 726
546 1381
1367 1586
595 56
228 549
1816 1314
224 251
593 292
1396 984
1670 806
732 100
1503 722
851 1778
1282 1091
1487 1540
1400 112
223 1043
1395 1102
61 841
739 1749
1729 608
246 98
508 909
1323 1263
186 822
176 1151
110 1032
60 297
874 1325
1026 876
1800 195
962 239
1051 723
1863 771
247 1464
1416 1090
1043 81
648 1470
1446 544
62 204
63 1584
115 187
1255 1107
427 342
1700 1480
120 1099
1496 502
1298 885
724 1537
1028 1072
1418 892
242 1054
429 769
91 706
345 440
1165 563
1500 1159
64 490
463 1619
1081 1427
803 141
993 220
988 1122
746 22
705 1046
1876 995
65 861
66 973
1200 924
1236 1322
1339 388
1336 1135
1647 1513
194 465
885 1347
1629 273
67 1345
1286 154
1141 1499
460 1094
95 1721
1196 59
1171 275
1879 1504
253 671
1055 39
293 1278
1426 1740
1630 1627
461 1457
800 834
939 638
1727 168
1650 214
315 1811
70 208
574 1272
1807 1416
1853 652
1489 1002
1785 857
323 1530
637 1585
1731 1112
71 1718
523 1599
1276 1009
850 1058
1814 783
537 1728
114 665
72 636
787 1385
494 398
1464 748
1469 1465
912 1734
200 413
700 963
125 1472
1449 1204
73 825
240 1157
1116 1840
1793 334
1198 828
1089 1533
128 867
1845 150
1322 1025
444 1624
122 1319
74 431
589 1797
130 1854
1711 510
1030 1527
958 1731
1480 742
1695 522
1839 759
75 1495
1521 814
597 1083
1835 762
831 65
1300 1869
448 634
1063 1084
1205 863
1769 1561
764 1883
1310 72
1506 1417
1099 1690
1269 1733
883 1077
1705 1821
616 838
1676 120
1376 164
78 804
990 1257
341 1667
967 1127
239 1380
1024 138
462 110
1715 1248
1844 1119
994 353
1111 1891
1820 1605
93 161
1548 572
1880 1172
446 1116
563 280
79 1555
410 1326
1331 131
984 1844
1261 354
478 285
658 677
1614 1222
575 1882
197 1023
82 1430
1682 547
342 115
80 1581
81 1657
83 1514
275 1833
1848 1318
325 1408
564 234
1270 73
1259 321
481 1366
84 26
1090 576
1114 333
333 1400
1832 1016
267 1828
1086 1293
470 1723
1830 140
1424 781
970 1201
1662 735
187 227
1758 1562
1068 324
352 89
830 994
559 725
504 1338
85 1814
86 481
770 85
1303 1638
1867 501
1627 1413
889 230
417 1181
1184 1736
1631 750
397 640
540 1525
88 1566
1663 1202
1520 925
1013 980
165 776
571 1459
479 1186
89 1005
1264 1024
159 1606
1283 695
703 1342
90 1182
802 588
1350 480
1712 132
769 1808
1495 1801
1222 637
1678 1658
930 1250
408 965
829 1607
1598 883
92 1655
1838 1725
519 295
136 940
241 837
1385 605
1002 309
507 1297
1305 1636
670 755
1097 1669
692 352
639 1594
1673 114
413 1096
959 1633
324 142
1833 1080
381 1628
656 1179
484 1809
1297 1207
135 1877
1387 538
585 402
1183 670
405 28
695 827
385 1830
524 1539
97 1565
660 128
615 71
1012 1771
284 1554
1105 310
1763 130
1806 160
175 756
807 1298
1077 1848
550 307
143 1365
98 1834
1352 894
326 387
307 1583
399 1501
961 1687
835 792
591 579
1271 555
1186 1256
374 760
378 1156
1058 1492
583 470
584 244
235 1165
1292 30
706 340
102 842
182 456
250 1281
1121 535
1211 935
1403 632
281 1254
735 397
117 732
101 945
1740 23
643 91
1483 448
601 816
608 1610
520 1686
103 452
104 243
226 772
1066 533
1429 698
1014 4
629 631
1299 1059
1815 1531
1370 1454
368 1000
288 212
1542 75
1235 156
1660 1035
1417 1509
635 1004
107 8
160 1169
1701 1224
1812 1289
287 801
1065 1469
956 185
1096 261
1172 534
1107 1827
1268 1120
1528 951
790 1192
313 1767
439 903
1680 263
1326 328
539 432
1567 686
1020 1184
1467 1872
1536 479
340 176
108 947
214 1564
799 155
1392 1790
111 1750
1218 845
1640 1234
1720 186
1518 451
1219 559
1478 1769
528 226
1809 1394
1456 126
230 1337
1450 1837
1364 1290
236 21
1621 618
285 1713
971 823
144 384
1773 1508
712 878
1652 1856
1547 897
113 690
190 329
1341 1654
1216 1221
297 252
1850 486
1143 1520
1317 406
842 306
1011 743
116 350
1592 151
457 669
1570 662
445 540
903 846
609 516
953 831
204 915
716 1206
1349 298
118 1271
691 856
795 854
1659 560
1675 1291
791 1795
1197 165
846 1320
719 1033
119 1287
1509 919
131 1689
1123 246
482 382
255 289
587 1310
453 1726
1108 1737
1525 356
678 1053
476 46
915 683
1665 844
1087 1589
1006 1333
1597 1615
1484 442
923 595
1783 1384
949 1453
145 740
123 744
278 1477
672 270
737 1839
336 346
1440 1699
386 998
473 701
888 1422
1229 224
468 183
1585 1727
252 265
1228 1331
1792 773
124 1401
921 1709
734 450
1543 832
1118 779
931 1398
127 264
348 1388
992 123
266 635
1083 1441
750 1601
1596 1873
868 380
841 1889
129 930
1713 1346
1706 613
561 1681
516 478
600 1397
1508 1550
1620 819
1475 229
847 790
151 1866
1110 525
1587 463
665 1304
606 236
525 657
1345 119
996 512
155 754
132 734
133 462
274 1434
231 369
511 532
388 808
1384 247
1529 962
1188 190
576 135
1710 692
1049 1440
1156 1796
1372 708
1554 849
137 1700
697 454
951 375
1601 704
590 188
398 16
495 1176
1230 860
556 1752
411 1791
641 1433
1064 1662
1019 102
138 1357
1454 238
139 687
389 923
1009 429
295 1463
596 1442
1486 434
1556 1367
1124 1003
140 1765
142 1168
815 1069
533 788
631 1677
141 399
1025 1557
1381 1097
402 1661
1581 146
711 1549
602 491
403 1862
1690 443
205 488
1287 1631
1245 221
1864 737
833 177
1213 96
674 952
283 782
232 797
280 11
777 873
170 1523
663 1066
745 1415
1789 401
1144 514
418 550
149 517
1234 1419
557 1832
514 378
1035 291
1084 1813
991 1812
150 943
649 545
536 707
1599 1060
393 1044
1135 628
1373 253
1320 315
1514 104
1479 469
721 44
937 1859
1803 1730
153 852
1638 202
1689 5
1822 1049
414 1744
179 241
607 279
1195 1870
1067 1746
154 1118
1333 1057
1633 961
1552 1113
1252 1835
610 313
1104 1
1346 541
1559 196
157 1372
438 939
1133 661
747 101
944 1526
1488 108
503 765
1583 624
477 592
158 1252
642 1494
963 497
922 1888
424 408
876 1876
1225 1647
1328 680
1590 591
1041 1707
161 1425
864 1794
1148 1481
1611 364
855 197
1239 86
1325 1018
1872 996
1062 1712
1534 125
1622 335
164 1761
1722 1656
960 99
1262 1189
400 385
1558 393
1174 69
1841 1747
553 1487
225 1798
1033 663
845 1732
1757 1045
1625 696
952 960
1612 1502
1564 35
167 1219
168 1328
717 1538
928 147
506 881
1094 166
169 685
423 1327
1684 1468
1649 803
1217 666
180 1772
1291 322
1772 1505
185 1188
755 1377
171 1893
599 908
823 1378
262 223
172 70
515 1210
1386 507
753 577
526 13
1566 1511
1050 1359
932 1374
1511 1692
1810 152
733 76
548 242
1115 34
1473 1678
1159 1246
950 602
1076 1041
177 1341
551 1138
671 905
861 1754
469 736
910 1784
792 1026
311 954
1515 1843
207 607
1784 976
621 597
1742 1220
685 1085
925 987
365 648
394 1716
370 910
1360 407
1122 1503
1253 716
1193 117
292 409
762 1757
736 653
486 330
301 1450
1207 1212
1337 1309
1526 596
1132 731
183 1645
1574 37
1142 774
1632 768
1787 1109
254 1587
902 761
530 853
722 1663
1056 1461
1657 1652
346 1582
964 1758
789 1760
188 43
500 1609
502 148
1821 584
1624 1274
1877 129
290 175
828 1702
360 449
543 575
1490 914
1160 1242
1187 1123
1568 1050
189 1751
863 179
1397 1704
1267 1027
1307 1488
1519 84
430 1259
1340 1162
1379 1269
941 400
432 1719
654 932
699 82
347 513
248 237
192 219
193 1763
1623 1277
309 1781
195 721
1353 644
1371 1868
1390 887
1294 282
1707 1639
202 1087
196 1103
1443 1117
1324 830
756 1597
965 1800
1847 1491
198 1160
299 826
491 727
1610 820
1405 604
199 659
1032 213
976 260
363 12
655 1542
1421 1361
1824 394
669 1653
1163 1214
570 464
572 1500
646 567
913 1240
328 548
1414 1348
1175 370
1779 1305
859 1061
201 515
373 7
425 1792
1191 523
1394 1148
704 719
203 483
707 339
760 693
909 630
1146 422
538 1355
1415 617
1112 1670
675 257
1459 1820
702 171
858 1829
206 1101
1470 1879
594 1126
209 712
882 1691
510 1166
210 143
1109 581
1782 907
1767 1368
211 437
1010 1158
765 583
955 875
1645 1558
778 877
472 338
1117 1567
337 1643
1477 476
1591 1076
366 359
1039 1231
1697 643
1120 1620
1285 367
1431 396
215 812
216 1544
999 933
1703 1229
1221 55
1752 988
1441 1547
1762 258
774 944
1383 778
218 1012
914 1236
781 1131
217 843
1375 1580
741 344
812 1476
1147 866
1018 1560
1393 836
1199 562
547 1177
1404 1042
1608 245
1875 1125
805 389
1696 174
518 1255
489 379
852 331
1412 1217
782 1006
1432 869
565 1423
1210 981
221 438
308 977
916 557
227 536
1029 77
1189 711
426 268
359 571
1257 304
1674 1048
946 1517
1719 1649
1052 1051
339 1894
1698 1881
1733 1579
1153 1595
688 421
1001 1899
330 29
436 1267
715 956
726 1362
1016 1591
490 751
396 1755
1399 1660
620 373
233 1451
234 36
379 1071
1584 927
935 703
927 377
1586 182
383 446
1080 658
474 1306
1694 650
1125 922
332 198
1263 312
237 1673
238 1484
881 163
1074 1708
1540 1863
1476 416
1093 1067
362 215
243 493
1362 254
244 1568
613 83
319 678
1730 709
552 829
886 543
644 417
1461 971
1651 1351
1427 1332
497 1039
1802 1092
249 898
677 1264
1635 376
1154 970
1031 872
653 1629
1796 959
772 122
487 1563
1738 418
972 520
251 833
433 705
1134 594
1550 323
265 1121
1194 968
1593 859
1603 1617
1348 1227
1106 720
978 941
1215 1774
968 256
257 1154
844 1570
1560 1664
668 578
369 1512
1704 749
259 1369
1795 691
625 1128
628 1444
1672 991
1541 1371
1728 248
1042 1524
723 500
682 796
1465 319
577 1618
375 281
1790 1392
380 1303
277 580
981 1777
263 167
578 1850
1438 1163
1849 1623
1332 1847
751 807
995 1134
904 955
1060 420
268 266
664 325
1447 1405
464 300
269 1710
404 1478
867 1446
270 471
1600 799
1466 1178
813 444
797 1874
282 786
273 1612
1458 1386
619 785
276 1426
471 1390
1527 1493
1021 1020
1061 1245
592 303
1512 1635
573 1871
1817 194
465 1535
327 611
1425 953
492 1133
986 1418
817 109
854 747
1799 921
780 1479
1113 645
1606 967
1226 1205
1022 15
1178 647
286 1521
1522 1685
1433 1884
694 1802
714 813
848 232
824 365
1756 1244
372 435
1774 1010
1411 551
880 997
1170 200
661 433
294 1748
708 901
1797 546
627 1448
810 1485
1130 1804
796 494
1535 1611
611 1034
808 918
1173 1898
749 1088
296 1144
1220 649
1840 1432
687 1592
975 848
696 937
562 850
1249 1572
1604 1239
1119 1143
1615 118
1306 739
1579 1474
1576 1892
303 1532
493 235
1401 1132
1204 1108
582 1541
310 851
1834 1806
306 441
355 1275
1212 1466
804 809
1131 1545
900 1215
1092 1200
1745 942
744 63
1289 116
454 193
788 656
529 139
1699 61
1040 341
1244 395
1008 1588
786 172
1881 207
1277 1739
1885 484
860 912
1448 1506
933 1783
1575 287
1741 1576
1573 651
1251 1302
1260 1124
317 1807
321 717
1786 1437
1637 556
322 766
350 1823
1801 1845
1155 1822
1274 1370
579 1198
684 1031
480 639
1232 554
555 1411
1209 1404
329 767
1794 1805
857 862
1136 791
1561 53
853 1295
1780 274
334 1294
729 794
1304 427
1444 1393
1688 1155
1504 1409
467 210
1078 697
338 1183
1439 733
982 1602
1811 966
1668 738
598 1644
406 1551
693 1682
603 870
911 1161
1562 337
353 1233
517 1598
1145 1292
1602 674
979 1462
898 582
1278 913
973 1519
447 552
1176 1376
1655 642
821 564
1723 495
1472 290
1539 93
879 574
1243 1788
1878 169
1770 1334
434 1675
1000 1030
870 1640
356 1529
725 218
1609 54
358 824
1231 868
1280 1029
1628 1283
361 911
544 1335
1166 880
1017 1300
1761 191
428 250
872 938
1537 934
483 789
983 612
634 616
367 1190
1037 1659
825 1759
1884 1073
1149 1738
1748 983
371 1853
1316 133
1315 1344
1202 60
567 1424
558 542
929 1604
1224 336
1190 1196
998 1261
985 526
1538 1167
382 293
1485 589
1648 475
443 347
1818 381
969 1622
1085 1137
710 498
1248 1816
390 1489
391 1819
1420 682
816 1714
588 391
924 201
442 660
1613 668
784 835
1201 184
1513 1522
869 1676
1290 780
401 929
1813 1358
1351 1590
1069 67
488 840
1045 1152
1859 503
1329 818
1714 1307
1643 9
1343 893
407 1226
1492 1265
1481 1706
820 97
662 1011
1580 619
1380 586
416 332
645 228
761 1729
1179 1770
843 1140
1718 1147
1471 620
1072 50
1616 950
1293 412
947 1230
431 428
1059 368
1374 633
1626 284
638 1836
437 134
1309 986
1681 145
604 1268
1870 231
1545 1093
441 1603
1419 625
966 1431
1843 718
1238 38
1702 217
839 1642
1389 173
1693 1062
1857 928
1732 466
513 1017
757 1407
773 1395
1750 629
667 316
1661 1666
632 879
698 1621
1162 249
1434 601
1582 746
1563 1497
759 758
840 1490
875 445
1057 222
651 777
1327 1534
1724 1406
485 47
1152 1353
505 815
1760 1387
785 425
1246 1897
1685 688
767 1799
1082 1145
806 58
873 1614
1737 1683
1862 477
498 62
943 392
1808 1104
501 999
1679 757
1129 1228
509 10
1557 627
865 1600
977 345
1128 1679
1161 1703
1517 181
521 993
527 504
1167 436
1644 964
748 460
1311 753
1103 992
1275 1428
891 1421
1273 33
1827 509
818 1007
1451 90
545 621
1826 1070
1240 1861
987 684
1208 1382
580 1203
1455 505
1589 1764
730 1019
1605 675
1053 1396
1139 1279
701 1471
560 527
899 886
626 107
1046 1593
1825 539
1842 1785
720 1528
809 1266
1312 390
1569 787
1233 728
1829 972
1639 1456
1726 1878
887 936
680 715
1382 902
1619 48
1666 499
1369 1810
1531 1142
1004 874
1075 1008
1691 1449
793 1402
623 884
1140 713
1256 3
1258 302
1754 1312
1308 626
892 158
1634 430
980 74
754 51
681 1414
686 1467
1482 916
718 487
1777 1846
1356 419
731 124
1365 355
1344 1578
811 1321
1151 990
1227 1743
1571 1247
1206 1238
856 699
1692 1573
926 599
1266 357
901 729
989 745
1430 1857
1658 225
1402 1199
1851 1074
1861 233
1532 294
