0 602
1898 812
3 1843
1897 298
5 731
6 1803
7 551
8 322
9 1207
10 165
1889 328
1888 1563
13 329
14 937
1886 184
15 1127
1885 884
178 553
374 966
1407 805
1137 1668
1633 1839
614 543
1338 1542
1254 1155
94 768
260 1770
1744 1151
421 769
1804 631
152 804
1 280
2 103
1899 1761
4 341
1895 1196
1894 13
1891 1438
12 154
1890 421
1887 46
16 306
1595 1245
884 1832
452 1071
1661 282
1523 438
1865 1611
1150 1797
878 1116
814 1557
173 1411
1321 577
112 357
1746 789
1896 1178
11 1543
1892 67
1717 29
837 579
166 131
1168 1122
1265 1042
908 1755
134 1584
1646 636
1765 128
1452 1544
17 1404
18 364
1594 522
1281 564
1079 1082
1618 104
905 709
1047 1863
1578 1762
1893 1188
19 549
1098 1058
1835 484
893 1219
1023 722
69 1036
1873 691
1607 792
1027 266
620 1387
1687 1876
1457 1529
1314 311
549 1405
1388 521
412 276
256 70
1442 1246
1410 275
1073 1065
245 1053
354 559
1247 1308
1749 1106
1734 215
499 857
364 1384
1368 697
21 1530
106 1524
1288 741
650 462
357 836
1468 1238
740 1765
1398 277
1237 996
1846 287
657 1831
1743 149
1775 394
20 1676
22 1109
690 925
344 448
871 560
1546 120
1781 194
96 1413
1494 1642
782 1482
23 594
376 1061
1071 1478
1181 1318
1654 1373
695 1825
1507 1445
228 190
351 1270
1852 1141
1766 312
918 1850
1296 825
184 538
24 1628
862 1062
742 1359
1683 292
758 157
208 1330
752 1869
1588 1460
99 908
776 240
1279 1416
25 813
1855 845
942 373
1768 1039
1347 1412
1883 545
526 238
331 1046
1100 1298
1038 864
679 868
838 1111
1203 1303
76 375
618 1758
271 570
1533 732
1667 426
532 787
647 1047
100 279
569 1244
1805 1633
1223 1370
1502 1083
1091 425
440 539
822 20
836 270
541 1289
1453 578
470 926
28 1403
1005 39
1048 185
1755 931
1355 676
1553 979
1214 736
1185 1818
1435 994
1636 911
1169 1767
920 1799
819 634
1645 487
1664 814
422 1286
316 1431
738 1895
1422 1008
483 1699
1831 26
475 389
1837 754
29 1112
30 965
512 82
148 1855
775 1108
1095 1488
605 134
1776 1275
1158 834
26 1577
27 1210
31 499
954 1659
897 1364
936 1707
617 608
554 352
1318 1037
1491 817
496 758
291 1240
1778 1224
1871 1448
1882 939
77 615
1301 1846
1359 433
1686 781
32 1495
1856 473
709 1737
449 1784
57 221
1771 992
459 1256
666 729
1555 472
1739 1736
1164 1595
1250 796
1493 22
34 334
1866 291
450 1
1192 202
652 1774
1302 1001
1524 1433
349 853
1157 1311
451 1430
1460 76
1544 1043
1751 141
33 108
314 1077
1753 803
1869 1652
1335 1168
1498 167
1354 217
1180 1268
36 1081
1406 391
1330 133
779 1440
1505 1453
676 891
1642 1836
35 1328
906 37
1725 759
305 1181
1516 23
272 1712
917 1076
945 1673
534 1746
938 476
1721 203
535 1788
624 860
1319 686
1653 1050
877 252
384 1833
728 1234
1044 1180
1677 791
1088 1243
743 374
377 199
37 43
38 1813
1641 660
279 942
683 308
154 1339
289 1020
1445 1537
636 1620
1413 397
458 1024
849 1165
318 542
39 1310
40 30
895 450
415 1677
174 382
1788 370
298 1177
896 349
1791 981
41 443
212 273
1284 1772
566 6
798 809
1836 1513
1462 915
633 1627
147 1346
1782 1350
1334 1527
1003 1079
42 1206
1036 500
659 261
1474 1740
1798 1011
890 793
1874 14
771 985
43 531
1241 174
766 649
335 1257
1823 946
713 402
1242 198
392 695
813 1484
673 1591
1463 182
44 1566
783 15
312 285
834 1371
213 1134
1572 477
45 1747
1828 699
1854 613
1716 376
1409 35
689 958
105 1006
1101 1493
1122 367
1428 51
466 1169
1709 1490
409 951
630 1326
768 294
300 1688
894 1391
1671 228
801 77
1361 737
1070 109
229 1102
46 1113
47 738
1530 1623
1366 1715
420 1824
219 1393
1391 1558
48 567
162 493
87 65
1437 537
463 1503
1577 1375
220 1066
827 895
1549 998
1363 733
49 1894
826 1198
1007 1015
456 1004
1127 234
1408 786
121 1357
261 808
940 229
1617 1539
264 1556
1177 1148
1551 220
1708 0
1860 1200
1378 1514
1295 523
997 529
343 1017
795 1467
934 765
1272 901
1736 1022
622 1786
1764 999
50 256
866 435
919 1745
1762 935
387 645
1126 25
1669 386
832 1679
163 1675
51 331
52 1520
53 798
1565 1136
586 1456
727 596
1656 1505
1015 1029
1501 1592
320 1483
581 1361
974 1084
54 18
1858 589
181 33
304 1422
1357 257
1102 591
1497 1782
435 592
763 464
191 1191
612 208
1423 1093
1342 1237
109 1588
1182 1568
907 1578
640 832
455 139
531 1126
302 1443
1510 651
522 271
794 1597
1652 378
55 1075
126 903
1054 470
568 707
1759 1646
1358 580
1377 1827
146 1698
948 641
395 233
1868 568
957 1027
222 1607
1735 653
1747 671
1138 93
1819 1685
56 1203
58 762
59 954
542 1667
156 1125
546 1150
1367 186
595 586
1816 1792
224 1073
1396 1121
1670 97
732 913
1503 383
851 647
1282 1227
1487 1390
1400 113
223 642
1395 1559
61 1519
739 883
1729 258
246 1003
508 323
1323 83
186 1261
176 1394
1255 434
110 1317
60 490
874 1114
1026 635
1800 984
962 1089
1051 597
1863 1574
247 746
1416 1231
1043 416
648 892
1446 1342
62 479
63 216
115 532
427 78
1700 755
120 1153
1496 1382
1298 319
724 556
1028 1366
1418 177
1689 657
429 1583
91 1465
345 943
1165 693
1500 1248
64 1469
1081 1475
803 232
993 1756
988 1458
746 99
1842 664
705 129
1876 1599
65 1048
66 1174
1200 1516
1236 1358
1339 658
1336 1794
1647 172
194 289
885 406
1629 706
67 830
1286 1873
1141 713
460 1616
95 960
1196 313
1547 1780
1171 1296
1879 1617
68 1323
253 1739
1055 930
293 1801
1426 300
1630 1783
1829 1779
419 1580
800 1034
939 1372
1727 98
315 335
70 1560
574 1596
1807 38
1489 1678
1785 274
323 748
637 1704
1731 245
71 241
523 610
1276 353
850 1249
1814 1208
537 34
114 810
592 480
72 1144
787 1100
494 1849
1464 833
1469 411
912 1632
200 534
700 843
125 824
73 1463
240 760
1793 867
1198 1829
1089 1852
128 763
1845 632
1322 89
444 1661
122 468
74 861
130 345
1711 1157
1030 544
958 1287
1480 502
1695 1253
1839 776
75 1807
1521 1014
597 140
831 359
1300 1884
448 1142
1063 1768
1205 1051
1769 1225
1310 1576
1506 565
764 1038
1269 1437
883 1714
1705 404
616 1487
1676 1485
1376 749
990 338
341 1899
967 1589
239 1639
1024 1847
462 1417
1844 114
78 815
994 32
1111 956
1820 1349
93 1376
254 1442
1548 1720
1880 1461
446 1264
563 936
79 19
410 1402
1331 218
984 874
367 1064
1261 486
478 663
658 1002
1614 1776
575 463
197 726
82 1814
1682 1881
342 894
80 1837
83 1110
275 1848
1848 546
325 1733
564 673
1270 761
1259 1562
481 138
81 1285
84 1420
1090 584
1114 518
333 467
1832 601
267 1184
1086 990
1830 821
1424 1407
970 315
1662 342
1758 970
1068 557
352 1808
830 1641
559 1392
504 1494
85 264
86 1585
1145 304
770 846
1303 170
820 1149
1867 1115
1627 1634
889 742
417 201
242 807
1184 1502
1631 1705
397 1425
540 959
88 974
1663 1858
1520 1085
165 321
571 561
479 498
89 1741
1264 1630
159 1658
1283 449
703 248
90 893
802 1300
1350 1650
1712 779
769 1554
1495 1549
1222 1896
1678 483
930 1307
408 1097
829 28
1598 952
92 343
1838 267
519 1452
136 574
241 1660
1385 1135
601 590
1002 379
507 1878
1305 1481
670 214
1097 1515
692 1787
639 1414
1673 1499
413 1598
311 1223
959 420
324 481
1833 517
381 1764
656 494
484 419
1297 1301
135 1345
1387 1119
585 73
485 1815
1183 347
405 247
1884 1614
385 1012
524 1344
97 1615
660 1101
615 1295
1012 1067
284 387
1105 69
1763 753
1806 1260
175 1637
807 1140
1077 646
143 606
98 1351
1352 1259
326 1074
307 427
399 1664
216 1528
961 971
835 87
1271 17
1186 272
378 396
1058 757
583 1137
584 1145
235 56
1292 906
706 1546
101 63
182 1030
250 969
1121 195
1211 496
1403 1887
735 237
117 677
102 495
103 773
1740 152
643 1230
1483 1718
608 1666
520 1710
1752 447
104 415
226 1322
1066 146
1429 205
1014 716
629 1369
1299 8
1815 1005
1370 1316
368 582
288 1428
1542 637
1235 1625
1660 827
1417 1725
635 1691
107 1010
160 710
1701 1555
1812 1415
287 297
1065 1541
956 491
530 1187
1096 681
1172 85
1107 963
1268 242
1528 1282
790 1179
313 164
439 1706
1680 625
1326 1732
539 1325
1567 187
1020 851
1467 1866
1536 1830
340 1695
108 117
214 669
799 1423
1392 207
111 819
215 588
1218 1734
1640 526
1720 921
1518 1221
1219 535
1478 127
1059 452
528 1778
1809 148
1456 1743
230 350
1450 782
1364 1117
113 949
236 910
1621 1867
285 1304
971 346
144 384
1773 1575
712 437
190 1324
1341 1859
1216 770
297 609
1850 1118
1143 130
1317 1509
842 1861
1011 318
1078 175
116 856
1592 1512
457 701
1570 1697
445 978
903 889
609 777
953 1239
204 1009
716 1378
1349 514
118 1670
691 929
1659 377
1675 75
791 1531
1197 767
846 1655
719 730
119 630
1509 743
131 1212
1123 987
206 393
482 296
255 390
587 1868
453 1579
1108 1805
1525 1288
678 1204
476 510
915 1332
1665 1845
1087 301
1013 355
1006 1202
1597 1139
1484 1636
923 1735
157 685
1783 95
949 772
145 1820
123 1857
278 562
1605 1854
672 666
737 795
336 1335
1440 650
386 49
473 620
888 678
1229 629
468 1477
1585 132
252 1835
1228 628
1792 10
124 1283
921 1479
734 1540
1543 431
1118 1548
931 1821
127 1072
348 1355
992 409
266 1701
437 459
1083 841
750 1496
1596 555
868 1218
841 740
129 204
1713 422
1706 980
561 672
516 616
600 667
1508 1603
1620 679
1475 661
1579 508
847 739
151 230
1110 692
1587 1838
665 1013
606 249
525 848
1345 683
996 962
155 310
710 1795
132 1163
133 1132
274 1891
231 603
511 1449
388 337
1384 40
1529 281
1188 1090
576 961
404 1565
1710 552
1049 1130
1156 587
1372 62
1554 1241
137 1314
697 684
951 395
1601 566
138 1265
590 1892
398 1613
495 1834
1230 1653
556 284
411 509
641 92
1499 513
1064 455
1019 219
1454 309
139 806
140 1190
389 784
1009 86
295 1875
596 1665
1486 823
1556 344
1124 1534
141 1199
142 1060
815 1321
533 488
631 16
1025 102
1381 1175
402 924
1581 1690
711 385
602 1439
187 1681
403 325
1690 143
205 27
1287 1274
1864 368
833 1862
1213 1273
674 572
1034 1790
283 1319
232 968
280 1647
777 1547
663 735
745 515
1789 766
418 1201
149 492
1234 1018
557 432
514 5
1035 665
1084 1338
991 1222
150 1088
649 1626
1817 878
1599 336
393 1822
1135 1105
1373 327
1320 74
1514 1812
227 1744
1479 569
937 654
1803 525
153 460
1638 694
414 1292
179 621
607 790
1195 1459
1067 945
1333 1466
1552 1320
1252 871
610 1730
1104 1889
1346 703
1559 91
438 993
1133 1726
747 1806
944 941
1639 471
1488 1277
503 1069
1278 1247
477 79
158 1662
642 1853
963 1713
922 571
424 1276
876 1474
1225 725
1328 919
1590 862
589 852
1041 324
161 283
864 1098
1148 55
1611 156
855 147
1239 1025
1325 839
1872 718
1062 1535
1534 1590
1622 1533
164 1406
1722 1536
960 1133
1262 558
400 212
1558 474
1174 11
1841 548
1093 1582
553 106
225 724
1033 1686
845 1757
1697 933
1757 1354
1625 151
952 640
1612 905
1564 837
1221 1408
167 1367
168 1171
717 1608
928 408
1094 259
169 1888
170 1649
423 1491
1684 1471
1649 1692
1217 260
180 1883
1291 1446
1772 1771
185 159
755 505
171 1454
599 944
823 1450
262 126
172 1281
943 1754
515 469
1386 1511
753 1395
1566 512
1050 1545
932 150
1511 1294
1810 122
733 627
548 1538
1115 1451
1473 176
1159 44
950 1386
1076 401
177 58
443 842
551 235
671 1716
861 1872
469 1802
910 1719
792 111
1515 1455
207 428
621 137
1742 1365
685 858
925 917
365 366
394 689
370 1146
1360 750
1193 407
292 626
762 820
736 244
486 528
301 461
1337 333
1526 1057
1132 42
183 1723
1574 316
1142 326
1632 1251
1787 124
902 1183
1144 1419
722 1882
1056 563
1657 1120
964 1874
789 118
188 423
500 652
502 991
1821 1348
1624 1023
1877 607
828 80
360 1682
543 1750
1490 831
1160 1041
1187 916
1568 1684
189 410
1472 1389
863 1080
1082 801
1397 585
1267 744
1307 690
1519 1789
330 1362
430 1510
1340 593
1379 268
941 1233
432 1123
654 1306
699 209
1245 1086
347 482
248 61
192 1158
193 964
1623 48
309 866
195 1045
1353 1374
1371 1462
1390 1242
1294 614
1707 4
202 226
196 466
1443 1159
1324 938
756 541
965 263
1847 1700
198 1748
299 818
491 1291
1610 251
1405 950
199 829
976 1600
363 717
655 7
1421 123
1824 800
669 503
1163 953
570 1280
572 1189
646 1444
913 1409
328 1214
1414 822
1175 1095
1779 1819
859 1194
201 967
373 1612
425 1569
1191 213
1394 1336
704 997
203 1059
707 1327
760 1000
909 524
1146 1669
538 181
1415 1749
1112 1293
675 475
1459 1352
702 1162
858 161
1470 1721
594 1561
209 1096
882 1290
510 119
210 599
1109 1432
870 879
1767 101
1010 348
765 1166
955 688
778 1703
472 1192
1099 788
211 923
1117 612
337 1418
1477 1809
1591 1498
366 179
1039 1470
1436 1297
1120 64
1285 303
1032 662
1431 1329
999 1775
1703 332
1441 1860
1853 1593
774 100
1383 611
218 826
914 668
781 412
217 927
1375 1156
741 458
812 1026
221 1016
1018 1279
1393 1033
1199 206
547 816
1404 581
1608 1672
1875 153
805 865
1696 403
518 674
489 554
852 1019
1412 380
1432 417
565 53
1210 1091
308 1517
916 225
1029 1729
1189 2
426 1092
359 1840
1257 12
1674 1254
946 1804
1719 1645
1052 1624
339 1235
1698 881
1733 210
1153 682
688 440
1001 1429
436 655
715 973
726 314
1016 96
490 1399
396 88
1399 728
233 835
234 1844
379 1880
1584 1220
935 1368
927 1104
1586 193
383 1823
1080 136
552 255
474 934
1694 456
1125 246
332 1643
1263 1817
238 778
237 696
881 1360
1074 188
1540 478
1476 719
492 1871
362 90
243 1056
1362 504
244 1518
613 442
319 723
1730 870
886 1401
644 598
1461 1631
1651 1781
1427 84
497 358
1802 1842
249 1385
677 200
1635 983
1154 711
1031 1211
653 1486
1796 429
536 704
1072 1426
772 1186
487 265
1738 976
972 1363
251 1571
433 720
1134 1160
1550 286
265 1457
1194 1427
1212 1341
1593 1553
947 1728
1603 797
1348 708
1106 1619
978 116
1215 977
968 1209
257 1864
844 430
1560 863
668 1250
258 183
369 290
1704 1476
259 1594
1795 583
625 1680
628 1068
1745 1826
1672 1356
1541 1722
1728 236
1042 756
375 1267
723 192
682 405
1465 536
577 702
1790 1671
380 1229
277 575
981 1353
263 105
578 1587
1438 340
1849 1255
1332 269
751 439
995 854
904 912
1060 1334
268 900
664 1622
1628 928
1447 1152
464 1629
269 1340
867 57
270 1172
1600 295
1466 975
797 1651
282 897
273 988
1458 880
276 1170
471 1143
1527 1638
1021 648
1061 54
1512 414
573 1605
465 745
327 1343
1425 1269
986 1480
817 1886
854 838
1799 444
780 1760
281 872
1113 886
1784 904
1606 142
1226 1473
1022 1131
1178 1656
286 675
1522 262
1492 121
1433 71
694 1796
714 550
848 989
824 948
372 454
1774 1724
1411 94
290 1785
880 1278
1170 1828
661 1654
294 1898
708 877
1797 1581
627 1213
810 547
1130 712
796 1606
1535 418
611 1727
808 392
1173 158
749 1621
296 1078
1220 224
1840 633
687 112
975 1128
696 307
562 1742
1249 1197
1604 844
1119 59
1615 485
346 1309
1313 1103
1455 995
1576 721
303 638
493 1550
1401 1500
1715 752
1204 60
582 1773
310 1397
1834 1305
306 1049
355 1816
804 764
1131 302
506 24
900 168
1092 932
744 1856
1289 670
1449 1731
454 1521
788 453
529 288
1699 687
1040 1434
1244 1164
1008 1601
786 68
1881 1262
860 47
1448 388
933 659
1575 1798
1741 1464
1573 1035
1251 520
1260 72
317 497
321 519
1786 605
1637 1522
322 914
350 785
1277 618
1801 351
1155 445
1253 622
626 31
579 600
480 1379
1232 191
555 1800
1209 774
329 1573
1794 783
857 909
1136 155
1561 413
1737 180
853 1811
1780 604
334 1435
729 1644
1304 1007
1444 1331
1688 1176
1504 1161
467 882
338 1312
1439 802
982 399
1811 1124
1668 1791
598 1604
406 299
693 828
1207 362
603 1769
1650 1252
911 197
1562 231
353 902
517 239
1602 1879
979 849
898 1841
1147 1284
684 1570
447 1793
1176 1567
1655 847
821 1436
1723 163
1539 1226
879 1228
1243 489
1878 540
1770 1504
434 451
1000 1492
356 1711
725 1501
1609 1271
358 305
1231 940
1280 1526
361 320
544 1063
1166 1315
1017 457
1208 1182
872 1388
1537 1154
550 361
634 253
1037 516
825 811
1149 1400
1748 81
901 1377
371 1173
1316 1087
1315 1236
1202 254
567 169
558 1167
929 885
1724 125
1224 920
1190 1472
998 507
985 876
1538 178
382 873
1485 222
1648 1055
619 1054
1818 369
969 869
1085 619
1248 363
390 656
1116 947
391 1763
1420 1507
1756 780
816 1205
588 465
924 371
1274 907
442 747
1613 705
784 698
718 840
1201 1195
1513 680
869 1877
1290 9
1813 1893
401 986
1351 1717
1069 734
1045 381
1859 144
1329 1447
1714 50
1643 1586
1343 957
407 1396
1481 1147
662 623
1580 1441
1380 436
416 1708
645 171
761 1687
1179 511
843 1609
1718 1752
1471 41
591 135
1616 896
1293 166
428 1021
431 1525
1374 107
1626 1508
638 1263
1309 972
1681 1215
604 955
1545 1777
441 1044
1419 1032
966 36
1843 1523
1238 922
1702 400
839 45
1389 356
1693 1885
1857 595
1732 643
651 1185
513 1870
757 1602
773 1640
1750 644
667 250
461 1689
983 727
632 918
698 1657
1162 1216
1822 794
1434 533
1582 424
1563 1753
759 1751
840 330
875 398
1057 639
1152 1421
505 1897
1760 1674
785 573
1246 982
1685 1759
488 446
767 1766
806 1333
873 110
1862 771
498 227
1808 1099
501 1693
1679 145
1129 173
509 372
1557 751
865 115
977 501
1161 211
1517 52
521 1028
527 1424
1167 1052
1644 1337
748 66
1311 1094
1306 888
1103 1572
1275 196
891 1302
1691 1129
680 162
973 1663
1273 1810
1827 1709
818 1532
1451 317
545 887
1826 1347
1240 875
987 1551
580 576
1589 859
730 1138
1053 1683
1139 1380
701 527
560 243
899 1299
1583 1738
1046 530
1825 293
720 160
721 1266
1258 1648
809 1489
1312 624
1569 1031
1233 799
1531 898
593 775
1726 339
887 1193
1382 1070
1870 354
1619 1217
1666 365
1369 223
1004 506
1327 850
1075 1851
793 1890
623 890
1140 3
1256 1497
1754 1258
1308 899
892 1552
1482 360
1634 700
980 1272
754 1610
681 1107
686 1696
1777 1635
1356 1468
731 617
1365 278
1344 1313
811 1618
1151 1865
1227 1506
1571 1398
1206 1410
1861 441
856 189
1692 1040
926 1564
1266 21
989 1232
1430 1381
1402 1702
1658 855
1851 1383
1761 1694
1532 715
1128 714
