0 1362
2 333
3 1401
1897 1141
4 882
1896 197
5 1010
6 1392
1894 431
7 1812
1891 926
1889 765
1888 1287
178 188
374 1203
1640 1572
737 1892
1348 1455
1267 1643
1596 1724
1147 1740
110 321
1786 1176
436 1123
529 1802
1 1766
1899 445
1898 1603
1895 980
9 1291
1893 1148
10 1066
11 1006
1890 1569
13 290
1597 478
1014 1888
455 625
1178 262
1875 1895
1495 1617
8 1149
12 237
1892 1075
1717 1029
1407 338
168 241
1170 199
1286 357
710 1780
920 784
603 1442
1000 1579
14 780
15 1432
783 813
1290 1180
1008 1089
1087 1871
1790 669
1701 1268
923 894
381 579
16 1646
1098 294
837 798
1839 1104
896 1806
1026 1325
1880 703
1615 1845
1712 326
627 1162
67 642
1467 918
1327 732
17 124
1594 1399
1445 341
908 144
255 953
845 1815
677 547
1261 834
1765 1833
515 1011
18 610
106 1326
1289 1030
363 1440
1476 731
341 1831
748 611
389 1578
1759 984
19 1213
690 1403
256 1537
69 672
1788 368
20 978
376 744
1410 996
1661 1469
703 928
1515 943
235 55
358 36
367 274
1781 930
780 27
1012 824
21 1839
344 356
865 1328
650 348
1523 1667
757 543
92 999
1513 660
766 1672
22 1199
1855 352
534 761
570 75
1114 1879
838 1585
1546 1553
1027 1201
548 418
1586 342
1029 738
1223 1655
942 1595
448 958
829 312
843 142
1150 1183
526 80
960 420
23 143
24 1187
1203 504
1056 480
1762 910
1498 161
1228 223
25 514
26 841
1499 343
825 1482
1653 16
1079 607
1618 1508
1436 337
432 203
754 439
76 1720
518 1799
1181 811
1687 937
1237 860
1294 377
900 1254
939 1144
562 405
1654 123
1683 684
1073 584
1744 711
1804 589
28 1086
291 87
1347 1327
427 45
1883 532
1398 110
1852 1143
86 1488
814 1589
1319 698
173 1513
27 857
709 897
1774 1231
618 1155
271 1001
134 836
1560 1692
1646 1015
1772 666
29 591
30 221
1866 947
1295 615
1091 1059
1312 276
1534 1517
331 1699
1047 539
31 920
32 542
449 282
954 1597
617 1731
758 601
1667 57
1885 1564
1350 936
1871 951
1415 347
786 184
541 432
354 1829
1734 707
33 1098
34 657
459 392
57 1697
148 629
1524 1661
775 1433
1533 971
955 313
1846 126
1320 1380
1655 1483
387 794
96 25
1494 668
782 1355
1641 1522
906 417
281 479
314 650
161 588
297 362
1453 807
643 1009
918 415
863 1624
1296 1156
35 287
877 844
423 1580
914 1110
208 801
1588 12
37 1610
38 766
212 1448
1844 1494
450 10
163 992
1798 1609
1017 288
36 1493
39 1721
728 888
665 1266
1482 1683
1806 1116
902 1686
647 162
40 1660
683 1838
343 1081
721 923
1330 1639
822 1768
689 132
1281 1099
1036 512
841 1552
1725 1333
272 1774
666 1074
1553 349
1828 586
1241 258
566 1519
1412 1223
695 548
305 1623
1044 1221
1109 1558
652 15
1505 1245
1441 1214
316 103
1422 753
483 1406
308 1755
1887 1158
1685 804
1095 847
41 689
42 1503
44 913
1854 1267
70 1540
258 873
506 1878
43 1501
45 754
89 1736
262 332
1439 135
312 460
798 320
1585 442
1462 95
917 1409
230 993
836 1013
832 1415
351 450
298 42
472 774
103 852
1141 466
1424 39
1555 1040
409 587
630 772
267 1796
1242 1896
633 1402
349 490
1157 582
451 160
46 194
47 1292
48 406
1379 627
346 1128
834 229
1823 1732
941 791
49 1381
866 1847
1770 178
105 898
873 1435
1139 472
50 486
768 1383
594 1263
735 792
1028 244
1518 448
337 154
186 583
1530 430
311 1447
1365 1640
420 1049
392 621
485 1053
1510 905
452 553
1088 964
52 1352
1544 1586
191 1828
463 763
1366 641
213 38
894 1072
458 219
1196 1312
51 1599
53 1260
1858 1665
1766 998
310 1859
554 457
806 843
54 281
612 1860
740 1272
1642 899
1617 573
1084 954
55 682
997 1767
150 433
270 1576
457 330
795 632
957 1691
940 128
232 1719
1763 1807
1697 1728
1463 125
1358 351
1886 1582
231 733
600 1014
1007 1775
1684 1025
1520 875
1572 1434
1502 726
739 210
1732 1354
827 1642
193 1541
264 712
466 1841
286 1463
1269 0
1034 275
56 189
58 1302
874 551
968 1739
1057 1864
1870 369
1426 467
801 1364
662 1411
1361 1317
117 1759
1257 63
1703 915
124 946
1423 878
1306 1436
1041 934
1431 1793
1705 1135
219 1237
59 214
61 633
93 869
595 1511
228 177
1173 272
1025 592
60 751
62 1456
1102 612
1200 952
429 1880
395 198
1694 647
156 617
210 694
899 1748
1177 47
63 1848
64 453
1656 1635
1816 26
522 1529
1285 865
1272 825
65 916
253 17
508 1431
300 608
1435 1306
1367 273
471 664
1845 1744
66 153
1081 204
247 1575
809 1587
948 618
1323 398
961 837
574 1031
1408 1119
546 1202
653 172
1747 492
68 1323
1496 18
1396 515
1065 309
553 218
109 1305
130 1070
361 1654
1876 1677
790 775
993 28
724 1750
217 1286
419 605
1236 595
803 1819
1206 256
1416 1551
71 1611
589 1197
1807 335
116 1347
1339 1222
99 1186
966 404
1023 1873
239 1324
1735 234
864 1076
1711 797
72 1379
240 1264
523 408
605 98
1055 577
1374 622
1851 1166
261 1301
962 447
73 1386
1303 393
1071 658
1650 802
732 295
74 79
1508 1238
1116 509
1769 819
770 1285
1278 1297
1727 1570
1853 291
903 1630
176 1048
75 817
990 975
377 575
1276 1239
1038 997
1113 1384
850 1523
1785 1045
743 1277
413 1444
1409 1078
1814 550
77 1608
1099 1722
1838 1746
494 785
746 1862
79 1653
967 1446
1521 1707
1030 1315
128 1560
1336 202
275 695
1820 574
332 252
1547 1137
1288 1459
1879 1439
81 1450
1092 1659
1089 558
542 1765
80 735
82 1557
1636 1371
478 1164
883 1616
1480 24
545 193
842 523
520 208
580 190
78 876
779 310
1321 536
323 426
83 1471
889 183
417 907
970 120
1331 768
984 511
414 661
85 506
254 111
912 169
1264 1169
1215 355
1662 69
1709 307
1302 1821
84 1481
727 371
1357 823
1719 212
1682 881
1848 1069
1240 1628
87 1294
88 1225
1681 1310
1608 687
519 1598
138 652
243 513
1388 487
1663 1530
607 1154
1832 1577
1775 323
658 526
1104 64
764 1452
90 107
1097 1407
693 438
1283 366
279 413
1145 728
1680 544
763 181
421 497
94 407
321 1079
616 85
973 1460
802 318
1867 283
242 929
352 1539
500 76
152 1650
510 1142
1013 1760
1548 805
91 900
315 232
1076 499
1184 170
422 99
660 1542
639 1504
568 1005
290 1890
1771 1342
1614 1458
95 444
930 932
1021 1682
1630 484
615 1453
405 846
507 147
1305 639
477 19
564 1840
97 1368
713 108
599 955
1194 1445
470 1256
1205 1535
393 962
1072 175
98 224
769 1671
252 461
644 34
722 1763
559 716
184 1357
1568 1208
425 554
1220 1350
408 1500
1403 100
100 217
1743 284
326 186
1183 620
1387 437
609 1475
670 1438
645 1536
1631 122
447 385
835 537
1075 530
159 1120
165 568
1313 1621
101 1596
102 1331
1082 425
584 102
353 925
1380 871
558 43
368 556
1545 1546
250 264
216 179
1243 156
104 1486
123 991
1674 742
334 855
160 1375
1105 1498
293 1678
1271 1863
1120 86
706 1184
442 718
1121 115
555 1200
324 395
214 1749
1812 401
909 1625
1297 1818
107 399
108 1321
1657 1633
840 863
1429 1679
696 845
155 242
1292 1171
1623 1725
980 1004
807 1886
1077 783
111 758
190 1085
1478 799
1353 271
112 207
236 968
215 159
956 896
113 414
307 606
462 755
530 1590
461 1179
540 1046
1207 1250
1782 133
799 1645
1465 339
851 1083
1558 174
1418 112
731 1852
115 150
691 609
804 1664
1218 1361
1514 88
953 83
1830 314
1172 1834
1326 1093
593 1663
285 1224
1033 1461
686 74
929 644
1101 114
1341 1758
1611 1037
1501 213
479 58
114 192
119 1423
157 1261
1216 1376
771 922
1809 1349
1863 1131
1660 1484
118 167
120 496
278 1387
131 808
1612 903
681 31
1570 1487
528 141
121 940
386 1026
891 305
204 818
144 1706
1606 1147
122 1243
921 361
1090 1241
1659 570
741 1727
430 1680
1273 933
1551 238
1136 96
1001 1495
1525 1843
473 1477
1108 1509
1006 987
791 1893
1773 1309
1456 1738
126 1160
340 1574
1713 1565
642 298
127 90
125 546
1620 1670
1460 146
949 1146
1300 6
1224 134
1143 1562
336 1265
158 458
1123 1215
1279 1824
606 1358
932 566
1386 638
166 1337
129 1652
1629 914
1391 635
348 1472
1537 671
846 1067
140 1080
468 1344
206 250
1726 1526
132 1271
1487 1339
1345 885
1164 1583
561 360
1132 1058
1665 1449
698 714
1359 1468
135 116
1864 1844
388 1313
266 94
162 473
133 1877
136 522
556 702
412 331
996 488
646 1410
1377 1687
1840 692
137 482
1815 316
738 697
303 1717
1754 782
1188 541
1511 757
815 560
590 1027
971 1413
404 777
931 1716
139 334
1049 1193
141 372
403 1685
533 397
1601 416
142 680
750 498
1016 104
1472 1235
143 963
1690 279
1166 667
688 1700
1381 230
180 1809
549 1314
751 1676
289 1322
1395 1175
538 1234
1587 1105
1235 1360
719 756
145 1543
146 56
147 676
649 71
1833 1247
1433 70
1135 616
1503 1805
205 1405
1486 1451
576 1751
402 1858
667 1854
1268 1189
729 663
659 1528
596 1868
149 1253
969 68
1849 1803
1829 1398
151 367
1204 776
1245 260
582 1627
1649 764
557 225
994 734
641 893
153 675
154 1091
1689 1065
514 220
536 1636
777 767
1043 507
1693 1497
280 1425
1789 52
1118 423
1860 1057
1485 721
1333 1781
934 600
1009 106
1884 1204
1394 949
438 995
179 1062
1158 255
867 1161
1819 7
1733 840
692 187
833 679
1180 521
963 564
1015 919
697 796
182 1772
287 53
610 1629
416 877
1488 227
1035 990
661 410
1144 646
227 21
1707 145
1647 32
360 927
1625 1118
1096 422
1133 849
411 1644
320 939
1722 1787
1803 240
164 864
1064 815
1500 1465
1174 215
1112 994
167 725
1795 1382
1834 89
1328 1071
1318 474
1652 1817
1062 319
1552 469
169 455
1607 1308
359 1538
1115 1730
928 832
1440 1479
1399 1631
1346 528
170 93
1574 1335
1262 428
1741 969
907 1278
1004 1139
171 1476
943 637
1260 1747
1117 1242
1475 381
1590 1008
443 1275
1509 1718
1309 308
1239 119
687 1549
172 236
174 626
175 300
631 270
911 1230
608 1836
318 1695
1564 654
1543 216
705 277
177 1649
370 572
712 1855
1232 1791
1686 868
1233 853
484 1000
1217 1826
1291 8
1757 1108
1211 251
792 489
1052 327
1159 1101
1362 1018
1468 527
1506 1743
327 118
1670 148
181 988
736 336
1310 597
1794 890
1050 1443
183 325
685 483
1746 816
1066 1288
1360 883
1671 1525
185 265
1122 50
1634 1753
543 828
847 1419
925 830
676 4
1473 1112
952 436
322 1077
872 44
486 1584
1060 710
1315 1485
1528 571
755 157
1595 1126
1638 1283
189 1391
1810 1898
187 1883
188 1784
197 1795
1130 82
715 821
1490 1090
317 1470
1882 1345
373 1457
192 1109
1373 602
1338 1638
1397 534
1821 516
1466 1891
194 1429
1324 743
241 494
979 1704
299 771
364 441
1458 1811
707 1299
1626 495
1032 20
905 1194
248 1082
1873 1666
1526 1647
292 909
195 84
704 941
1142 760
586 1703
196 1762
198 1332
1414 691
435 685
1254 908
1841 247
199 724
200 46
756 1757
714 1106
1343 1865
910 1881
1791 196
1152 1804
1583 1036
1378 388
1371 979
901 745
491 630
330 296
202 1290
655 749
1529 1592
1455 358
1340 1276
201 297
203 1421
1175 396
1421 822
1824 1064
207 508
870 1467
1783 1790
482 1502
1639 419
1191 1480
1571 759
619 1478
848 1708
1385 1889
991 773
1020 387
209 517
773 989
965 1899
1125 1181
623 770
1796 35
1692 1657
1048 1251
1138 911
211 364
572 590
1094 809
1459 1712
1444 1003
265 1752
812 1307
1376 239
1447 786
1755 1195
1591 872
1307 862
1710 693
733 700
749 1427
855 810
1778 1055
503 311
859 812
1221 895
1384 1876
587 688
1010 921
218 1544
366 1343
1752 1797
1716 1837
1011 412
1645 678
702 1168
1470 171
858 887
220 1051
1199 1044
1198 268
999 463
852 257
378 1035
222 1068
223 1167
1677 1674
221 1850
224 1754
225 1808
778 835
226 1182
469 346
328 446
295 449
1539 131
1598 400
339 1733
1567 1033
1628 1723
547 906
1714 599
1776 269
1192 1770
1432 649
1404 1020
229 1798
497 322
919 793
861 677
1249 1882
1022 1220
789 1568
1176 1140
1599 1867
624 1414
1080 1107
916 209
1516 470
481 1190
1532 394
1162 54
233 593
379 820
1085 22
234 1122
884 1212
1792 471
1393 1430
565 1400
441 1764
830 729
1784 1227
964 391
237 165
1461 596
1679 1735
1103 459
581 1192
682 795
1230 1257
238 1024
1363 1298
621 1157
1186 1028
862 1786
313 13
992 127
886 1196
273 503
680 1505
245 709
347 350
444 176
244 1648
246 648
1067 623
1464 1100
1831 859
1540 1353
787 614
1556 1571
383 5
249 1693
433 889
1877 1626
319 719
711 456
1443 1512
1484 1185
1197 191
926 30
1083 173
251 1734
426 130
1605 976
1678 1771
439 870
1589 1134
1635 485
577 1547
673 874
1214 303
398 1153
1154 651
1454 1341
257 1041
504 1694
635 376
951 880
1550 1885
1457 278
259 569
1051 435
382 1441
418 1293
391 468
465 535
260 402
380 211
1672 1622
578 1566
276 741
1337 182
369 674
1857 1742
263 375
1110 163
1270 1856
1255 1689
1413 1816
1730 1113
995 1188
583 1330
268 317
1720 382
1127 1830
269 77
1438 892
723 505
282 1822
1317 92
375 1334
531 1034
1666 306
1745 427
1474 1111
1535 1007
1042 1563
362 389
1768 983
1728 1741
274 1462
333 73
1156 800
1419 1618
1576 201
868 659
730 1437
1325 1102
759 1282
277 1130
1724 1369
1600 1506
385 1050
1872 1320
1332 631
1799 1637
1622 293
805 61
629 814
1736 974
1107 1340
592 1711
1512 11
1086 1054
283 365
1383 1178
1531 529
1263 9
1837 1047
1688 861
1274 1279
1202 301
284 380
817 1284
1742 1319
288 1620
752 383
1244 1252
716 40
800 838
1301 1019
818 555
1019 1095
492 121
1434 1021
1179 97
294 986
946 1515
983 1466
1061 581
335 594
394 113
1335 149
296 1870
1581 1520
1750 72
1334 501
1165 1060
937 263
1843 525
301 378
808 1404
679 769
302 576
828 1641
1715 696
1229 1714
1212 1545
1850 137
1352 1779
575 1573
516 578
656 1258
390 1561
1368 706
1761 1114
1869 645
304 563
1797 967
725 462
1477 138
977 1209
762 1159
424 1136
309 370
938 1785
1063 673
796 779
767 891
539 1124
493 787
944 231
1100 945
588 701
1053 624
788 454
1124 363
976 1869
1189 750
306 29
1370 1593
1644 1835
793 1604
744 747
1234 549
628 1491
816 1417
694 736
1259 1792
511 1532
1563 37
797 328
959 434
355 302
1708 1615
1817 1606
1058 1132
1161 353
915 972
1282 1658
671 1378
1593 931
579 245
684 379
1573 1103
1284 686
1277 1063
1579 259
325 806
1637 1394
356 722
1040 1363
350 1366
1231 1174
625 266
1225 1374
1627 1554
1669 561
464 345
329 519
853 48
1400 384
1446 1152
480 619
1248 720
453 1092
1554 1393
1577 1296
857 206
614 705
602 1861
1835 1761
338 1533
772 746
1862 552
1578 699
1811 1690
406 715
1801 1769
342 429
1676 1490
475 1789
826 185
1126 1372
718 315
1329 421
794 374
345 562
1517 1097
1602 585
1479 1675
573 656
1624 329
1428 1233
1813 1778
1364 1226
813 1173
454 1550
1696 1094
879 739
1493 1709
821 938
1800 1246
1382 1698
487 653
1507 1389
1609 1311
1442 1
434 912
552 1032
699 1088
1787 942
998 2
1604 1887
357 1052
700 1794
881 730
428 1601
1610 1428
1881 1634
1111 970
1354 1518
781 248
1504 139
1868 180
986 1206
365 451
524 14
1861 1613
525 1612
1425 858
371 205
1420 1259
1093 790
1037 285
372 634
502 1874
678 464
1760 708
892 935
1691 788
1258 1814
1767 1499
776 261
1265 533
474 233
1718 1207
1149 1262
734 803
1148 91
1226 1367
981 1056
384 1191
1054 1591
820 643
897 1782
1538 1662
1389 973
1856 1849
551 158
601 524
985 1673
532 1588
1731 1117
726 842
1208 901
753 1084
1522 1115
396 1823
397 49
399 1681
1316 1473
400 340
922 1240
1756 304
401 956
1411 33
1349 1696
1392 1042
560 1825
1299 1073
876 1150
1802 538
407 662
1167 1524
669 1133
1069 565
1351 1656
410 1303
1417 1745
1287 1316
1137 1365
1469 1454
869 1318
1293 1418
415 1125
1721 904
1616 854
1448 1295
1580 1619
1193 1684
1185 1205
1859 1163
924 1668
537 465
1005 1737
1018 155
1039 681
904 1232
1740 1555
1561 1420
1450 246
1078 1022
431 1715
1308 510
1171 1397
1059 559
437 1607
1481 1567
1664 1614
982 545
591 917
440 655
1280 267
637 1395
1565 1832
1163 1359
1451 164
1621 1127
446 1705
1541 1813
1566 867
913 1872
1046 1121
445 924
622 665
651 879
1702 1145
760 60
839 386
563 1412
1238 827
456 226
1559 62
544 500
674 1390
1739 289
823 65
1675 748
460 762
1246 1559
1699 520
1483 1096
1187 950
742 966
1648 670
467 1408
831 781
1562 557
1390 1820
893 477
632 1385
745 1356
1247 81
1311 1388
1355 1534
1695 481
1582 540
898 704
1427 1348
774 1492
1542 1396
1527 580
476 948
947 959
933 1129
1749 476
550 1556
1253 1514
1780 1370
512 1216
1536 829
785 1602
1437 152
488 826
489 831
988 253
1779 299
1275 1521
654 567
1865 636
1753 373
490 640
1129 1249
535 1894
1878 1594
895 1329
496 1087
495 833
1024 1218
498 403
1822 1248
499 117
501 1061
1372 1496
1068 1416
1250 1280
505 1827
1471 531
1002 752
509 1269
878 1138
620 1289
885 359
513 839
1738 1713
517 409
1748 1172
1557 1424
880 1701
1168 1801
521 151
1298 166
1584 411
935 1165
634 944
527 628
854 1857
1195 856
1304 41
1723 723
1643 1281
1401 168
824 292
1651 491
1106 452
1190 1702
1842 737
1497 1236
1449 1773
664 1866
626 1151
1706 982
987 1377
1140 390
849 1273
1808 850
1209 228
1452 23
567 1776
569 1016
571 66
1673 1217
1592 195
765 683
1519 902
636 884
604 443
1182 851
720 249
1251 1897
585 1531
1825 475
1213 1039
1070 961
1826 713
1405 960
1836 1373
1492 1851
597 105
1818 1810
871 1270
598 1842
1793 1043
1219 603
1549 1507
784 1669
1369 1853
1491 598
1668 1255
974 59
611 1038
613 101
1356 1688
1619 778
1169 1336
888 848
1227 1884
1874 1510
657 886
1074 1017
638 1219
640 957
1252 324
890 1710
1119 51
648 1729
810 1756
811 1777
972 518
668 604
663 286
1031 1346
1342 1605
1751 109
672 1228
675 1002
1322 613
761 1229
1489 1300
1045 493
860 140
958 78
701 129
708 1632
717 1527
1402 254
1737 1422
1134 424
1764 136
1805 440
1430 354
1704 1274
1777 222
975 740
1151 1788
747 965
1160 1198
1146 1023
875 981
1153 727
1575 1210
1847 1875
1827 866
1131 3
844 1177
1003 717
978 1489
819 1338
1201 789
1375 243
927 1426
936 1464
1344 1726
1406 1600
856 977
1658 1012
882 1846
887 280
1758 502
950 67
1603 1170
1222 1548
945 344
1128 690
1700 1304
1314 1516
989 985
1155 1783
1632 235
1698 1351
1266 1211
1256 1651
1633 200
1210 1474
1569 1581
1729 1244
1613 1800
