0 1064
2 1354
3 528
4 1196
1796 467
1795 700
6 772
1794 355
7 824
1793 1783
8 205
10 36
1790 1588
178 190
653 946
90 1448
1215 723
1066 577
131 1265
126 1659
861 1222
1 1542
1799 59
1797 465
9 1012
1792 1475
1791 1452
1587 189
964 724
633 1710
1068 37
235 1514
572 452
1579 1238
1719 1434
11 1424
12 1241
1717 1042
254 1436
1248 392
267 480
672 1050
408 803
1581 440
1798 1790
608 1124
1009 589
1630 1034
1578 1314
1595 1417
524 760
1661 1117
13 290
1098 352
116 1368
1069 1625
1197 1178
329 1509
148 519
117 1090
1136 1290
249 1103
1065 1239
186 1457
5 1755
14 499
15 1097
699 215
1615 798
1160 655
377 322
1135 1328
731 229
853 991
106 1418
1742 1139
622 270
1169 588
1249 186
799 264
16 1329
17 780
690 478
430 910
1608 651
237 1508
900 196
124 1201
372 1141
1269 1010
1401 1479
1124 670
982 1109
133 1227
870 262
1629 656
18 1137
19 1243
1756 1638
1038 590
893 1422
46 1721
1296 195
1527 130
1659 964
1129 1624
115 1539
238 172
20 1327
831 1030
1622 742
1131 580
21 714
1493 802
797 1393
1571 111
1337 1089
1350 472
940 728
22 518
23 1203
1321 675
1179 1529
1732 847
1476 1284
326 1697
24 884
1499 260
1096 422
1078 1538
414 1667
655 1154
286 524
1102 341
1496 162
25 299
561 1081
776 1308
937 456
27 1441
1073 616
1112 550
1667 51
1306 1158
26 971
291 1527
76 915
58 571
1603 1190
338 185
391 1570
759 58
28 829
43 1022
702 997
780 1571
1547 1639
139 969
153 1693
175 599
881 974
156 308
287 353
1703 181
98 1161
315 408
29 830
30 23
1170 235
708 1054
541 843
737 891
1753 1726
644 1014
1294 1619
145 508
1106 839
32 312
624 1518
155 11
437 1711
141 318
1542 1387
789 1147
31 249
1641 611
1310 1623
1643 360
709 1714
260 320
565 1601
387 905
640 850
33 1361
442 31
365 576
857 1420
1307 1108
512 1367
647 947
950 1078
1152 785
1505 314
35 1426
975 427
846 1194
264 1082
1729 116
34 1489
36 324
210 468
1722 1731
586 1453
936 869
1366 1256
374 932
1554 1392
914 1157
37 595
921 933
894 1202
337 1340
1500 701
741 618
1563 774
38 416
1290 1445
693 1525
1142 1591
1426 131
1776 1598
1410 712
1432 1560
39 1302
1575 631
1014 30
747 592
244 1299
1583 823
951 1320
1466 559
1616 69
461 1040
660 1138
296 453
40 1481
41 138
288 219
658 1045
539 1498
42 578
157 15
1406 736
1174 1483
176 1547
346 70
1518 1364
691 1569
118 1268
828 1765
1424 820
1302 1204
916 1342
1085 851
381 210
873 1406
1453 1706
1221 1192
45 691
602 1487
528 80
804 984
583 1468
674 293
1369 1273
1111 108
1448 704
1436 619
1061 758
44 1062
859 1021
1754 1180
1272 462
301 625
1380 1739
735 178
1224 223
48 1005
1072 1285
335 1008
1156 53
848 1715
366 1496
629 221
1688 1123
49 1451
447 1690
1783 90
1506 1167
1205 1132
1153 345
364 1572
47 414
50 1061
189 174
562 97
1489 539
1769 340
905 1355
1034 857
51 1032
1459 1151
92 517
406 1674
53 1304
383 561
1470 39
52 1491
997 913
550 1600
559 420
1458 35
531 1752
715 1363
385 871
1300 1218
489 976
1384 1744
1032 150
988 762
973 1684
1313 1470
122 193
54 12
837 217
743 1122
1109 815
1540 160
538 840
55 1332
56 144
388 0
732 889
456 1644
1341 1143
705 1127
57 1013
867 1648
1761 870
1200 1735
319 1281
253 569
1716 702
282 573
203 725
1335 156
70 1655
1273 1384
1150 1646
1725 521
1701 457
180 814
431 880
923 1386
464 1523
1592 1160
1275 1085
1762 975
59 474
60 501
858 122
924 1784
61 667
1286 515
1672 1603
813 1271
903 1053
309 391
62 925
239 622
1235 246
829 1416
817 708
496 929
144 363
63 361
250 1641
1751 1187
217 14
1777 985
487 895
1682 900
812 237
137 142
340 1352
1139 1789
64 29
336 1698
1155 337
1586 737
1246 242
486 1578
568 1125
824 1471
1402 19
199 321
281 879
1666 91
65 644
479 1467
1698 120
1652 202
1301 584
66 837
67 1504
198 782
770 1133
904 951
339 163
332 1642
68 1622
589 1704
127 620
899 962
1709 558
654 1645
310 1658
675 1423
525 1795
1387 191
952 1289
160 1669
77 717
1789 469
272 22
678 849
703 451
69 834
241 484
284 1209
1491 1182
961 1581
71 279
72 1582
990 934
1390 570
134 107
1025 637
1094 1345
1669 1781
108 1577
1105 1566
1005 694
73 1605
74 444
1534 761
1074 1742
704 676
802 1584
591 286
1613 726
886 731
168 379
976 1686
75 1507
1236 711
1203 1026
273 1599
1054 1048
275 1358
305 1780
306 1337
1256 1343
404 1208
533 892
600 866
78 1782
269 585
1519 1251
844 1668
555 1247
1636 1672
1168 1612
270 1344
587 1753
261 234
1006 1111
1759 1435
103 183
80 832
454 643
821 594
683 638
380 252
1140 709
1665 281
1118 1532
79 581
889 1272
1125 533
1015 1183
81 646
412 389
82 253
83 1769
1264 1439
1449 1427
84 63
727 1324
247 1608
1520 1761
544 1070
440 258
1166 1144
1610 280
730 1112
1079 65
85 544
86 41
140 112
1253 546
687 813
191 1266
1766 1400
913 1585
363 1028
513 57
1670 1049
224 993
328 47
1163 809
864 764
1261 248
714 1756
483 609
472 1602
1764 520
88 1544
245 491
419 42
295 154
1018 1533
767 287
991 410
89 485
259 1620
631 1224
676 304
1330 390
953 334
910 333
532 1095
87 937
91 73
457 1676
1724 608
1247 738
980 167
712 1213
967 118
488 93
551 1059
604 1550
1331 1293
355 28
1620 1036
971 753
593 752
942 207
93 139
342 687
1228 1252
1528 1002
129 645
94 1703
713 812
370 536
664 777
989 412
590 1365
95 617
1283 1411
946 1579
681 999
754 734
850 874
1237 502
611 244
1464 1631
96 1225
97 1629
1738 1101
1562 1398
1431 741
1132 1249
125 1377
1216 1456
1473 85
1238 1604
1133 1788
1284 649
99 1554
314 137
266 1654
972 1473
1418 1438
941 903
1223 597
1076 1318
1407 1376
1110 821
130 623
400 1716
1194 1657
297 1412
1715 552
263 522
1746 1323
1594 615
165 965
100 436
101 682
102 560
209 126
761 754
1691 1461
554 1315
1324 50
1063 407
788 1499
499 479
1524 278
706 1094
1780 147
104 957
786 228
493 1477
620 291
1303 579
212 624
256 1291
1157 990
276 134
105 514
1209 449
785 720
107 194
1343 901
1210 614
872 1736
1318 1466
667 888
1397 17
1323 706
758 200
1711 1369
188 1678
1048 216
1614 1069
1478 1219
109 1023
922 1357
1185 1310
648 1482
1548 904
110 699
1584 1237
609 1039
215 1359
792 920
112 1242
1460 1087
231 1011
438 1734
320 628
113 543
111 32
226 250
1475 1339
1364 899
1509 266
114 95
560 1575
501 739
810 696
1376 1110
800 1485
1277 1035
1394 1766
278 1460
1521 1255
162 662
465 1762
1773 198
1295 349
159 525
1359 430
1279 446
752 1051
1750 463
579 838
449 265
1028 865
1092 810
1733 960
1660 864
119 950
382 1115
1064 958
1351 1682
460 1615
120 527
459 1774
1100 861
121 119
814 1006
1444 44
1427 1476
906 328
1116 209
695 632
1344 1142
1202 267
123 396
877 1692
625 1068
1151 978
1362 1541
665 402
1057 1522
938 52
1382 1746
1204 78
670 177
1036 1119
933 811
1276 1794
1485 1643
762 1696
943 1558
1024 60
1241 1738
793 1316
257 64
994 859
128 679
1487 1443
783 40
1644 1561
154 307
274 781
403 222
405 1322
606 883
1454 1733
1728 878
1196 121
506 81
466 433
1144 796
490 790
1392 523
556 1455
778 1015
1127 157
1771 1295
627 554
1011 1134
132 1074
659 1191
1311 512
135 1494
138 1296
505 881
885 1484
580 362
480 335
1183 1535
1731 1798
968 1776
1188 586
369 1350
136 612
986 1096
1755 650
1393 816
1727 460
1624 1635
1772 1763
896 1688
1580 530
323 401
619 1334
545 768
1044 1708
549 1743
1287 101
1704 784
1508 1189
1146 406
142 986
302 426
1173 1626
1358 1259
751 1609
851 459
143 182
649 1712
1206 67
1225 450
1391 79
427 718
146 1153
1329 1063
416 566
1713 626
147 350
248 1052
1114 1286
716 1205
1628 1707
1047 192
1010 1149
771 844
1315 926
429 1106
471 20
1546 1395
1577 1164
1373 263
149 856
150 418
516 1043
929 1564
221 365
1601 1168
151 983
1056 942
1004 327
152 188
1141 1757
612 431
720 296
1421 339
1705 1221
1408 831
1430 1586
1560 124
724 1440
1663 16
1035 1338
1747 1793
605 665
1484 316
1134 740
1647 1478
1368 537
1535 477
944 565
503 61
379 1004
1745 660
1229 685
1529 483
671 1389
685 21
878 1152
1741 1488
1710 105
963 596
158 868
1268 98
371 575
863 1520
325 84
1462 1454
1039 257
1145 1075
637 818
739 562
1165 1253
1317 1159
1625 343
345 1513
547 1717
331 669
313 746
947 794
1556 1695
161 1503
242 1394
163 545
1233 703
433 398
164 224
1058 1341
1515 1401
1502 1519
1752 489
458 1065
1207 329
473 567
1631 535
978 366
166 968
167 1621
258 793
862 1001
1555 168
1684 1751
782 1232
1327 1
1190 1020
169 1627
1439 276
255 1058
970 1282
1158 5
1668 1552
882 1660
170 301
443 534
1649 34
1361 636
171 797
1195 1179
919 225
527 998
643 918
1706 1590
172 877
1543 13
1539 1083
918 759
742 330
519 672
173 146
174 239
1494 1325
290 1130
421 641
1371 208
1007 383
1027 505
768 382
1623 529
358 1740
694 158
610 114
820 551
979 767
1446 1673
208 1727
177 179
179 921
1258 684
1045 317
441 1373
485 977
1490 817
181 949
615 1787
207 1462
401 1745
1653 498
983 848
543 862
195 1778
1572 606
232 1262
1451 488
182 342
183 1391
1219 846
749 1536
334 282
584 705
184 1517
887 757
1640 826
632 466
1340 721
185 1099
779 819
1463 336
1167 297
1217 1433
1567 1628
229 1650
795 1195
450 1796
1461 1567
187 1797
1422 364
571 344
1452 1276
1650 1506
1240 1675
1662 1595
1664 358
190 674
192 806
826 1188
214 1546
819 476
193 375
233 415
657 100
843 152
194 1587
1414 1760
1026 1267
1590 1559
966 429
1334 1120
1213 197
236 989
316 145
469 610
197 1333
985 1450
1332 795
534 593
196 1573
540 935
445 1173
1377 1226
934 1663
1517 1378
349 735
500 692
200 1732
201 1486
360 8
1280 1057
1192 1018
852 1330
1550 1634
1104 136
1208 755
775 1270
294 769
1161 1336
995 893
1651 648
641 1279
202 425
204 749
1782 123
205 125
324 538
206 481
700 310
927 26
954 298
392 490
303 303
1227 799
1468 275
451 454
1736 1313
1349 775
399 1029
211 1231
1504 1425
594 541
796 583
1443 944
213 1419
1760 385
621 511
1442 1197
566 227
1121 238
1322 1764
871 747
518 1148
1609 553
1148 602
216 1463
1770 886
219 106
312 117
362 1402
1383 683
218 1228
220 1404
898 943
1211 688
563 10
1316 1396
1086 693
455 574
409 423
1566 1791
292 175
222 1670
984 461
223 1362
726 907
397 445
636 1145
463 305
389 1135
911 1171
917 909
1090 801
955 1264
1690 1722
1445 1568
347 1442
1593 945
367 165
225 876
227 510
228 1611
1081 1166
1080 203
526 1347
1103 1759
1049 164
453 302
230 923
909 987
816 1492
993 671
1734 357
1191 1679
1689 1414
1695 1375
384 1193
262 1380
1510 283
1700 1592
468 1671
234 232
1278 1683
847 1077
1721 1351
707 1245
673 863
856 902
1479 1521
883 1723
1513 743
1243 475
1718 1505
1429 896
352 1786
999 441
271 1311
1687 1606
875 1432
240 1185
697 376
1619 388
1041 1555
243 1041
1180 176
1694 621
1214 729
495 690
1726 1211
1291 226
1082 113
1091 1055
1785 1524
246 1080
1088 1447
1604 243
426 1548
1282 1512
1423 666
1178 62
1159 132
1639 756
1309 1321
523 399
251 855
1055 1236
1164 1274
1097 470
504 1405
1184 882
1305 1480
252 1551
840 1773
1498 443
888 1449
1267 914
1735 1777
1232 654
1674 931
578 807
1765 988
1467 1200
945 1799
548 1719
1781 1047
1218 858
1263 1184
1120 48
588 789
663 1474
634 1261
321 1250
1050 1370
1419 495
1441 1000
1333 1305
1199 1024
1589 773
1533 1687
930 6
304 1371
736 1283
869 911
1788 166
1637 791
1787 300
265 1107
1748 464
639 640
628 141
1130 1366
268 261
520 1618
1398 1210
717 1718
285 1186
1702 1150
1607 967
1288 770
1612 371
318 1526
1737 386
1101 885
1671 952
642 1025
1379 46
835 1031
1744 1729
1501 1772
1381 1775
1193 526
1137 1072
1298 1019
719 1705
277 822
1353 970
638 1785
1345 1749
1486 1016
1138 751
1585 1653
279 1003
280 766
1033 1174
1767 1084
317 173
650 1534
794 245
652 325
1123 45
283 898
781 1771
376 259
656 1257
395 1511
1648 940
1053 1699
745 66
425 378
1262 1294
1457 1530
1768 1246
1525 686
787 133
974 311
1239 657
750 1459
289 86
1037 1113
1212 43
926 673
998 170
617 854
1367 72
1404 413
1304 1383
293 748
1325 204
932 954
1591 38
298 540
825 351
1749 1100
645 678
299 155
728 1549
1447 707
434 727
300 572
1023 439
753 1312
1677 254
1435 9
1008 633
1492 647
1119 285
1198 516
884 842
1297 435
766 437
1020 771
308 1037
1370 763
630 381
1113 24
962 1495
1143 1116
710 49
307 1044
1354 1397
1242 109
1093 1469
1319 1129
311 292
992 1767
1553 867
666 128
597 1649
511 332
823 568
341 247
1257 1121
1162 1319
1558 765
842 663
1656 268
740 792
1678 255
757 1410
668 938
879 1748
827 1092
1415 963
1626 1399
677 1326
1495 710
322 411
1551 698
880 1444
868 326
1618 1277
1611 613
987 532
1075 783
1388 1223
1568 598
1062 1651
1186 1206
1059 201
1413 295
353 434
1730 664
327 1287
1154 956
462 750
1763 1155
1000 1046
330 1234
333 1737
1634 1346
956 1269
1693 1556
378 387
422 1633
1409 424
1099 808
1021 1502
1617 582
1497 1428
1252 206
698 719
616 835
686 658
1564 930
845 1632
928 377
343 1146
344 605
1338 1750
1281 1260
413 1176
1602 384
1633 1165
1400 745
760 1381
1326 1033
435 135
348 1297
498 309
351 1446
436 231
350 652
354 1275
1712 1217
1117 503
356 1610
965 1126
1471 1747
357 1220
1012 941
1559 54
470 1576
1226 1689
733 875
359 1437
361 1331
1126 277
1095 1616
1483 1408
773 500
1385 1779
1597 1500
1646 953
1536 394
772 635
368 1233
1265 218
1679 513
1182 1390
373 220
1181 1027
939 1349
375 1292
1565 256
1347 1691
618 653
1220 315
1658 1594
996 1067
1681 492
692 1385
420 852
755 504
1254 1348
1328 284
1346 1198
1708 1088
386 199
959 1431
1655 1565
1779 680
818 1720
390 269
448 1356
1030 1017
798 1792
393 96
394 917
635 180
575 1102
557 2
424 629
1673 995
876 927
396 1388
398 313
1425 211
1530 681
576 319
446 955
623 1317
402 1515
1469 1665
1312 973
1308 1098
765 1580
915 548
478 169
1632 393
696 103
407 659
1503 744
662 1244
1002 1472
410 981
497 1254
411 89
1363 338
1395 1079
1645 331
1378 1501
415 403
417 233
418 1140
682 212
1348 75
815 1306
1576 271
439 1309
756 1583
1271 405
746 1562
1356 788
1084 171
1696 149
423 603
841 288
1440 966
1784 129
428 1510
509 496
1455 1664
553 1540
432 55
901 972
1438 213
1786 1114
494 99
1270 368
874 994
711 374
1481 677
1230 1596
769 1170
546 776
444 473
1293 127
507 894
1089 887
1420 1353
542 74
1389 140
1428 827
607 1335
1285 1677
1523 187
1019 506
537 1214
1541 1758
1147 564
452 442
1600 722
1635 486
1107 110
1743 1516
1605 1128
1654 630
1411 1557
529 1382
1638 323
1545 1280
1417 531
1456 1768
1599 1607
599 733
669 493
1396 409
1357 438
738 1240
1627 1637
1339 872
1774 1528
467 92
569 1278
897 1300
920 1207
1522 400
1516 1647
474 779
1532 1162
475 77
476 1230
1016 1258
477 1730
725 906
1642 828
1077 507
1512 102
481 961
482 549
613 1754
484 1666
791 1589
680 71
1299 104
1003 860
1412 458
491 591
492 982
908 1181
1697 94
958 184
803 1177
957 82
1250 800
595 600
1758 1545
502 1543
860 980
1043 1614
1552 697
1740 661
890 604
1017 1407
508 1307
1561 1379
1255 274
949 367
510 1066
849 1175
1365 1636
1171 713
514 306
517 557
515 1172
948 289
1149 778
1570 959
521 369
522 25
1051 494
854 786
1108 509
684 1613
1399 397
567 87
723 601
1115 1680
1686 563
1122 1372
1172 1702
822 7
1320 1169
530 432
865 148
1360 1490
931 556
764 547
535 417
536 1709
1386 348
1292 555
1683 1118
1511 833
1201 668
573 845
570 1301
1013 1091
689 372
552 1662
1374 716
574 715
774 627
1070 1458
1031 1136
651 841
558 919
807 151
1675 1640
981 356
744 1681
1621 448
564 1093
585 1531
1189 447
836 1656
577 804
701 1009
581 347
1573 1700
1029 1701
1266 836
582 1215
1757 380
1544 1713
1416 33
1001 805
1657 689
790 1741
592 1597
596 143
902 419
598 241
1676 1073
601 639
1775 161
806 273
603 1104
801 1593
1040 873
830 916
1680 1298
614 236
1723 1728
1437 1212
907 4
1067 1409
1596 428
1336 1360
1582 404
1465 922
626 27
960 1086
1175 730
977 732
1482 1770
1699 992
1022 421
679 1661
646 607
895 497
748 1163
1128 1553
1549 272
1187 88
1259 159
661 1617
722 1199
1538 1724
1598 240
1480 979
1244 1725
1606 395
1514 346
1372 487
763 695
1231 251
1450 924
688 1537
718 890
734 912
1260 153
1707 1652
1569 214
832 825
1052 587
1778 76
1060 1060
721 359
834 471
729 996
1355 1421
891 370
1234 1056
1472 1685
1083 1465
866 1464
1557 1156
777 939
1405 1229
784 1374
1274 936
855 1497
912 634
1507 1235
805 1038
808 1694
1574 1263
811 83
809 482
1526 1216
1245 1403
1071 1248
833 56
838 3
839 1105
925 455
892 1288
1477 1076
1488 68
969 787
1342 1430
935 1413
1531 373
1176 1131
1588 1563
1375 1007
1087 897
1177 853
1042 1630
1714 1303
1046 1493
1251 18
1433 1574
1289 642
1692 908
1222 1429
1685 115
1314 948
1434 294
1739 1071
1352 230
1403 1415
1474 354
1537 928
1720 542
