0 1368
1949 1411
1948 793
3 1886
1947 59
4 1467
6 1874
7 1358
8 407
1942 263
9 300
10 1632
178 625
374 767
1517 37
1424 1113
330 492
1060 547
935 1219
1682 257
1 1084
2 866
1945 558
1944 655
1943 1740
11 531
1941 968
1599 283
844 346
375 1617
750 209
685 1081
1630 1365
5 111
12 1556
1717 1546
123 1645
1129 1875
1360 872
587 1853
1946 1668
326 917
1119 1589
547 1721
836 178
1267 1755
545 77
1908 210
13 896
1098 85
1804 1779
835 1416
816 1614
947 1511
429 84
1450 1340
950 1156
371 808
1179 1552
995 448
1005 1788
14 306
15 514
1902 583
1365 519
781 1932
1115 118
1761 922
16 1162
106 575
1291 927
98 1039
463 1426
232 1280
161 1056
1308 49
537 1773
1477 1377
813 208
690 844
76 460
301 1307
643 1901
1921 732
1665 1484
1205 339
262 1510
817 182
17 92
18 1538
376 725
492 1211
1305 992
1929 1571
102 652
1451 399
19 1516
1141 317
785 827
1876 913
1855 1916
1408 1464
1936 1896
242 1782
575 1702
20 1227
21 1686
838 1846
683 736
170 1362
1223 471
1505 1235
277 574
576 1621
590 679
22 964
23 879
929 212
1689 1692
393 1164
845 1052
1554 1212
1077 1615
24 461
1499 1345
698 605
1488 847
1016 70
1463 379
99 221
25 1883
240 398
387 1443
1653 88
26 555
820 1565
860 120
390 395
1157 774
751 1223
27 1520
291 156
1746 320
1767 527
256 139
1772 34
1701 1919
939 694
28 1804
1856 1864
709 205
377 1089
1695 1912
1639 669
1294 1559
555 1302
29 494
1866 426
962 240
313 227
948 1746
1246 791
756 1115
422 1193
1476 1747
1555 1641
442 828
31 1591
532 518
1048 934
32 1110
779 126
1807 1920
1067 505
1314 1495
1722 1112
665 1582
1470 1536
30 1625
624 396
1322 116
1657 262
306 389
570 1911
1831 1714
1441 1216
350 883
797 987
33 250
1641 349
236 632
127 1899
1285 1300
1171 137
1627 1329
480 634
1917 1389
855 1544
482 1036
444 1131
1472 598
1840 242
345 351
536 1281
34 1140
35 293
212 1902
136 686
1680 226
118 1101
1735 286
1493 297
1420 1258
1642 560
316 1087
1423 69
1490 1439
569 94
1193 1910
1512 1522
36 239
37 1024
38 1843
473 1751
965 1257
172 590
311 1683
39 895
761 336
1773 1337
1828 1758
1333 706
1597 103
858 105
909 1542
1110 1388
41 1308
1676 1898
1915 853
137 1119
1595 763
1354 2
42 1563
1435 277
609 1699
508 955
1020 393
1114 1822
173 140
44 311
217 1871
1402 430
1713 1053
1509 1026
1419 361
525 956
1886 1299
546 1704
254 450
43 1458
1896 1821
386 354
705 1717
734 386
1752 1160
218 1842
94 428
45 237
133 409
40 648
46 1567
1381 266
315 1200
1345 28
184 1569
689 1095
47 890
866 1437
468 994
757 458
1606 939
782 1601
621 420
807 1346
485 22
1297 869
382 1030
524 817
940 1935
1774 418
695 1326
149 845
1139 1603
615 1622
792 685
57 251
999 391
100 1436
1155 1342
1576 1181
915 440
1467 31
152 980
48 1037
49 1469
50 200
1544 875
191 425
1853 1531
1140 503
139 14
1351 592
1269 47
1872 1268
1458 1618
1538 713
255 1744
52 1054
53 355
997 1831
1341 1738
769 1029
325 1040
1814 285
815 697
786 387
1668 99
1888 1178
518 1837
51 974
54 429
1656 696
295 501
158 1900
222 472
338 1816
696 150
1366 1885
55 273
1725 1130
1925 1434
1940 412
344 46
1353 439
56 1562
739 935
1237 196
1073 1353
584 1667
1887 1518
1813 1151
875 1674
1422 1055
722 1315
842 29
931 639
1747 606
1556 507
744 1640
723 912
1094 941
889 1933
841 997
72 1341
1217 1573
1624 957
650 115
1096 1735
1736 1713
1099 100
982 1206
1327 1152
59 1880
302 546
500 474
1697 185
961 633
515 593
1487 1662
646 500
58 4
60 451
1029 1003
362 1133
1200 405
1757 735
1194 1163
1486 798
1280 1913
1734 463
61 1577
62 1879
1286 213
534 614
297 186
1841 1446
953 1022
253 374
1159 1002
168 582
1184 1736
1394 998
491 53
1163 1213
64 806
1478 1064
638 1290
777 1238
923 26
65 1091
574 1260
905 1161
1248 1766
528 1424
1756 1708
63 1748
66 1620
151 898
775 540
175 765
1654 104
540 25
710 468
385 595
1080 1185
1284 1240
1146 1732
1151 44
68 1532
1744 1648
954 1917
960 155
67 1696
69 342
589 1444
1937 1395
884 862
450 860
755 858
1895 199
70 742
176 658
1125 1800
433 536
1124 859
1868 1479
1616 1209
1521 1116
1224 1325
862 1144
859 1727
1061 1539
1696 1560
1272 1380
1690 1242
1107 718
676 861
613 255
1299 572
563 1001
71 123
73 622
990 287
341 1198
963 333
1827 298
956 638
1608 1406
994 1712
75 979
332 60
1507 1709
117 1049
74 141
1660 1841
1715 0
649 1050
1347 903
606 189
93 1045
1659 1703
919 932
520 588
77 1014
78 910
275 1903
554 662
908 1222
79 1857
1052 102
691 626
596 1524
647 413
886 1218
628 211
1649 1294
1533 310
1636 341
1307 636
1778 1396
1557 1568
1884 1246
788 1693
509 1888
177 863
80 1893
81 1726
795 689
1033 1771
299 983
607 600
417 646
503 1093
677 106
335 734
83 295
1629 1316
1607 512
653 709
249 329
1185 537
82 960
84 1795
1264 1808
1216 1225
116 1048
928 1889
487 1844
1759 1441
727 781
1233 1763
1596 117
112 1205
85 181
1134 264
1880 717
1602 442
183 1456
548 1778
1320 779
1017 651
86 13
1838 1168
519 720
198 1141
476 972
883 1482
1242 490
1529 1067
771 215
1346 824
87 726
1097 489
92 1459
651 222
1802 190
298 1805
129 1930
1709 1266
1938 1062
1247 1279
88 801
89 790
608 167
1816 1111
1645 1587
333 700
122 944
455 343
1712 1583
1188 1574
993 267
996 1613
369 613
1801 246
1770 1051
179 265
1121 312
91 1807
660 517
666 1928
159 657
1763 1547
967 1041
1330 1344
595 1757
101 678
90 23
1150 195
533 493
273 1465
1776 1278
220 459
95 381
713 772
1412 1293
427 673
687 1745
942 1210
601 377
1920 1230
96 825
1302 45
353 33
97 244
1050 621
1243 1660
1065 1619
1132 854
874 1669
1317 191
514 415
397 206
227 656
354 1665
285 584
403 789
1189 288
187 1023
1083 1718
142 291
434 923
1092 417
180 1020
1465 760
261 1058
1691 1697
1745 1027
1296 437
991 1433
1116 1166
688 1759
1391 663
425 1867
1553 1237
1580 1706
160 837
1706 604
162 152
1809 1753
892 1129
267 762
787 1324
664 785
1900 1379
234 1769
241 942
105 1677
214 252
949 496
1144 542
1380 217
659 966
103 981
104 620
1388 756
630 1356
1362 400
1594 1180
107 1008
1221 382
654 1530
1646 1298
1849 722
110 452
108 1004
1871 660
1587 1157
941 1272
809 1575
190 971
1274 1267
109 1806
802 1870
592 1838
314 254
197 331
1082 1447
1837 481
1625 1428
111 1695
113 90
1180 443
633 629
1506 1724
1397 1202
878 1705
1135 1197
1069 1866
966 82
702 1578
115 445
566 1231
1009 422
462 1286
290 867
446 1313
1730 788
395 1440
1088 556
320 1175
339 5
389 704
1122 748
114 1195
157 383
1791 165
163 601
517 1927
1810 1676
839 363
1396 431
278 234
1371 1451
1489 831
1022 247
1007 1431
1045 1515
1760 473
119 813
952 1939
811 894
1111 1607
876 990
1930 1673
1275 1244
120 1684
921 1310
1421 1490
486 534
1812 1449
121 687
1495 309
1389 961
1278 1680
1805 1480
830 359
740 596
1443 959
124 1422
1590 1043
238 752
1620 510
943 740
169 1204
125 671
126 1922
1852 1338
790 1228
418 1374
1176 693
1820 1633
1570 241
1932 1581
1707 1682
130 378
1024 1330
1817 197
128 446
1769 1537
714 337
656 48
1399 188
1186 1016
1436 811
1390 65
1833 272
131 1224
132 1545
1829 1413
1869 618
134 611
556 260
368 1415
603 1772
736 1592
1618 154
1633 30
247 787
1426 1934
1815 946
741 495
933 1124
1438 1616
1235 1430
1546 539
135 1275
1875 609
467 1251
803 1357
138 1245
1025 91
847 1498
1070 1595
891 1914
1262 128
1534 301
141 1391
798 465
1848 184
140 56
305 253
1466 131
481 1450
1796 35
760 280
549 146
196 350
565 1931
205 151
143 566
144 1761
1236 101
1379 1700
913 1541
1277 371
464 1170
1589 1336
145 1385
1253 1199
146 1348
1623 1421
1337 504
1203 1793
1197 238
814 856
147 1470
495 1194
704 1397
148 1733
364 385
1008 353
881 666
1581 909
658 50
1910 1187
284 1317
1034 1154
1677 585
1637 1264
150 1468
379 1274
1640 192
1271 1276
435 1719
477 1644
370 1096
1714 63
1923 728
850 68
1541 1921
424 1584
153 258
1310 464
1416 794
738 340
154 1292
600 640
1407 357
516 667
155 1506
1705 544
1378 1596
346 1472
1270 880
1014 822
156 62
541 16
824 807
319 1698
1702 1153
869 1
1355 1109
692 1791
1762 554
983 757
360 1499
1783 727
890 180
1800 1370
292 1497
1256 761
1026 1946
250 780
233 1923
553 1364
436 1250
1687 419
1694 750
1461 1139
1316 469
1095 796
1847 1626
469 1528
321 52
1591 1189
164 649
1527 216
1376 1273
834 1845
885 7
1799 797
957 1417
1406 404
166 904
1703 1099
1573 1776
288 672
873 953
165 1606
167 1393
474 236
1178 561
1502 508
903 1643
1858 1475
475 870
363 745
1692 1797
1743 1564
1363 114
729 1840
799 1489
880 1884
171 1604
1023 1372
1078 1491
443 1376
605 644
693 1790
1323 804
1739 800
294 1557
588 1402
870 462
1130 1691
1543 144
1199 348
959 676
174 1550
1460 482
900 743
1672 1936
1158 1687
419 948
831 746
1891 675
791 1774
1112 1339
501 836
279 1828
328 1420
1893 929
672 1711
181 1463
821 1143
182 1075
1044 1688
512 839
577 1670
822 699
426 792
1667 282
404 466
543 1435
895 327
192 597
343 163
1475 248
564 202
1195 434
1279 1835
185 711
186 1872
1586 1438
879 1287
188 174
521 1303
1359 1890
479 1031
1411 901
189 278
248 1784
1335 1803
1259 1398
1273 1756
1334 1750
1006 1636
1782 1598
1318 915
1898 1296
439 245
1165 1196
1413 1232
1324 1261
1156 1593
625 302
1764 1576
392 447
193 826
399 384
282 230
1469 1628
936 627
1055 93
337 1352
1600 665
449 683
1621 703
1056 308
194 715
195 403
1417 270
865 1723
381 1904
1037 1387
1862 480
199 520
200 1410
1027 455
1075 513
774 630
472 1664
1257 1018
616 841
1860 775
355 170
636 168
1484 814
1885 76
1579 1386
720 1942
201 1675
202 107
204 276
209 1134
1432 664
1109 1142
1787 1476
772 733
1474 607
203 795
206 360
887 1707
207 943
562 294
752 1737
1106 730
208 1332
331 1069
1480 1070
323 884
796 376
758 1832
1032 15
1250 1190
1811 1182
1935 1486
211 829
287 562
1795 969
1173 1384
1453 1174
1249 157
210 749
263 1323
622 406
1049 1077
1768 414
213 322
977 1780
1021 816
618 925
1215 326
1803 1236
440 352
639 716
1338 358
1145 368
252 623
1830 682
1563 113
358 135
216 1512
1494 580
366 148
1071 1905
619 1019
759 984
1473 567
1410 149
1229 721
1638 1247
1548 1188
215 143
219 557
489 739
246 229
987 989
852 1404
579 986
1865 1947
221 1006
1093 1944
1854 830
1731 1155
1516 1918
223 1098
336 1891
384 1105
235 1815
1312 1566
224 142
657 1637
1251 1599
225 1722
1673 1588
1401 1318
712 122
226 594
1303 1466
405 1785
228 850
229 1128
728 1297
1148 1375
1266 1145
465 24
851 975
1268 9
231 486
917 86
1392 1529
1442 599
494 933
1244 1282
906 1086
1567 1311
230 1207
1319 1855
1500 1849
716 1730
679 1851
415 1586
1708 876
1531 1412
1514 55
1011 864
237 1146
414 256
1234 324
1418 714
642 1811
1781 690
1321 75
239 691
502 1656
731 1474
804 1798
551 568
1102 1492
1658 225
1230 32
1220 315
1822 1407
347 852
1289 1076
1939 815
243 571
1372 1220
244 950
245 1777
776 1558
872 838
1797 1602
1325 41
645 1028
1031 877
1118 40
1051 1259
1931 73
1258 161
818 995
907 64
1551 647
981 993
459 1000
1617 124
1181 1881
1727 10
912 488
544 39
329 1585
488 1685
1089 1941
461 313
745 487
1074 42
251 921
1928 1485
1254 1860
1750 1865
406 1783
1172 332
1301 98
257 849
557 1427
1919 707
258 80
1766 1493
259 924
380 1021
707 610
578 1083
1912 1147
1777 559
260 708
1582 677
1572 842
1622 776
317 1057
498 908
1191 321
1926 305
264 72
586 1148
1427 356
1688 846
265 1270
1655 530
411 394
470 194
307 1892
749 764
922 485
1137 1457
1227 1624
266 1120
410 564
268 1090
269 483
531 1810
1167 810
805 692
270 1765
1515 702
271 1252
1369 338
1117 1508
701 345
1584 803
272 1265
896 1044
735 1869
620 1786
686 1597
505 1646
423 857
1295 1940
1700 873
1498 502
1879 1419
274 977
276 497
1076 643
1228 759
1152 1082
700 314
1836 1328
1693 688
1542 1401
1454 911
1352 731
1287 110
1384 1373
1108 1741
694 1487
373 132
828 454
280 1554
753 1453
281 1382
1066 1827
1015 1661
1711 1612
1282 882
986 1743
1588 1605
283 511
583 1009
1564 729
1914 81
1041 569
1522 1926
992 1734
1792 1284
1497 1462
286 1635
1748 51
1899 1887
1728 1035
1177 1945
1569 12
1532 1728
1202 1623
784 982
675 907
327 524
289 570
361 1526
833 112
293 1610
484 1863
1675 1658
681 1834
1084 1551
1245 1590
303 1361
1545 1418
538 6
1552 900
372 159
1040 1854
1276 166
1927 1859
296 1651
937 499
1162 1217
680 1285
1241 1657
352 316
437 275
300 1681
1592 214
1002 1514
310 951
1710 744
1520 1938
493 66
408 1355
827 289
1368 1535
452 976
304 603
1120 954
1149 1521
668 1408
448 1631
1136 136
1128 467
342 1519
764 712
725 940
1161 1349
511 435
1374 1448
308 475
309 1289
550 1716
975 526
1753 1796
1437 543
1168 1839
1085 1825
1164 631
1671 1509
1370 456
539 1543
1143 1107
312 548
763 1762
1260 133
1457 619
428 681
634 1390
857 476
1755 661
1786 1924
970 1540
1857 1689
631 1123
1826 528
318 529
721 1314
669 848
894 1184
1036 1611
1030 1929
674 552
684 449
1788 1351
1889 653
1340 770
1404 1639
863 1500
322 1363
1559 612
1218 433
1000 1068
1447 1494
861 819
1678 1106
510 1032
1562 172
324 616
1806 1525
899 1371
1231 1937
1615 624
973 1609
1169 1319
1601 1033
1651 1630
853 1400
1724 1445
888 1360
673 1943
1409 375
783 444
1348 1655
599 881
340 1481
1387 538
652 1907
1877 1322
635 1203
1328 1066
602 1850
365 1752
334 1488
801 1226
1698 119
1226 57
1818 891
930 659
897 1221
998 747
573 20
1634 219
1123 1295
490 1073
1741 125
1823 799
1894 175
1479 491
1456 299
1604 1878
1647 1215
911 1169
640 937
780 754
1481 1172
1367 586
348 809
349 1858
974 1775
989 1333
1104 1812
678 498
1382 1122
1742 319
765 581
1174 1513
1903 372
938 1183
351 1192
964 1007
1213 698
1681 1135
708 535
356 87
357 1852
1364 1065
924 1255
359 207
951 565
746 201
594 1017
610 1177
1339 1121
513 1534
1821 367
1686 753
699 1159
1834 1749
1482 1063
968 1137
383 893
367 18
641 365
840 1694
1429 127
742 1383
1863 441
497 1452
471 1042
985 1527
682 914
1511 1331
1313 323
1192 1369
1300 269
1611 173
1019 578
726 1010
806 888
1881 1291
561 1848
644 153
1386 1088
1663 1794
1068 1047
378 231
766 292
670 1454
1699 805
1513 423
1561 134
552 1634
1934 484
567 515
902 328
1001 109
1874 274
1526 650
719 1334
388 516
1356 335
1771 1789
1907 591
1425 424
1309 402
1683 1243
1780 158
1504 453
1842 851
1793 642
1079 1483
1081 608
1789 1117
1004 1354
391 477
1361 1579
920 416
441 602
396 38
1536 771
398 1729
1846 1471
1086 1847
718 366
394 928
420 1868
400 1071
401 1158
629 1173
1566 1414
946 892
1057 261
1046 1517
402 1555
1219 187
1375 920
715 1013
457 1239
1825 1877
529 1429
407 1432
478 818
409 1720
1358 1895
893 833
1614 243
976 1478
412 95
413 573
416 1503
1883 1873
1298 1347
1901 988
837 1343
1779 11
1010 533
421 1731
1471 889
733 1653
1444 1949
1452 615
932 887
1147 758
1732 550
430 436
431 719
843 1249
432 967
979 1813
1204 223
767 1256
1628 164
747 1649
1445 54
1160 947
1612 1496
438 138
1662 1074
1721 1502
1100 1742
1187 79
1644 1829
848 432
571 1650
1719 768
447 840
445 868
1377 737
661 1647
1183 198
1209 1856
703 1629
812 553
1909 1167
1190 1820
898 1909
648 1600
1723 628
451 1809
1720 963
1198 1767
453 1234
1400 645
454 1915
593 1570
730 220
988 991
456 171
832 364
458 1046
1685 1501
1864 1114
1679 865
460 369
507 1392
706 362
1537 193
877 1366
466 1725
1357 97
1342 1768
1265 145
794 96
770 334
1819 169
1288 1423
971 1425
978 1136
823 945
1311 532
1058 390
1154 1799
1428 710
483 36
1459 1359
944 701
1873 1690
604 249
1331 1149
1238 1819
754 438
854 931
1350 784
496 1165
1652 1817
1398 1102
1101 506
984 918
522 1627
1916 1882
1670 1394
499 108
585 916
504 1214
1911 303
1175 1666
623 121
1431 1025
506 204
1315 325
1332 457
748 1108
637 470
1064 1409
1737 160
1784 1548
1613 802
1835 1764
1808 1572
1733 949
1153 996
1758 1269
1870 906
1385 786
1832 885
1528 397
916 738
523 1335
1306 1710
1508 67
663 388
526 821
527 1671
1336 1760
972 832
1062 43
530 1309
1373 1092
864 176
1619 1262
535 782
1583 777
1859 380
1503 1125
1439 1553
1839 1059
1133 834
542 563
1239 1305
1674 930
1603 522
927 1801
1922 521
1329 1754
611 509
1610 878
980 1715
1593 401
1395 1739
1059 129
1904 1594
1510 1321
1433 1283
1598 89
1012 874
1087 855
1222 268
558 1176
626 224
559 1060
560 724
1440 919
849 1770
1430 1507
1212 938
1550 1201
598 1306
568 281
627 1186
969 1367
572 741
671 820
1525 902
612 1580
778 670
1785 637
580 71
581 579
582 1097
1126 1304
1240 871
1166 1473
1906 926
1201 411
1448 8
1518 1477
591 1561
667 1179
1207 577
1462 1399
597 233
901 985
867 1080
1878 1678
1414 1659
1090 1533
1383 823
1924 1403
1844 304
743 674
1574 1248
1434 347
958 17
614 392
1349 1652
617 1253
1585 1814
825 1833
789 769
1631 1005
1524 1663
632 1078
1635 284
1918 479
737 973
1650 1894
1726 617
1897 1104
918 296
1455 1861
711 999
904 408
793 1381
655 545
1704 235
1933 1442
1798 1094
1263 1350
914 330
1664 886
1790 1277
1225 1171
1182 1824
662 1288
1530 541
1775 635
1142 549
1765 1320
1255 755
1575 27
1304 1191
1519 1461
1105 1608
1501 1787
1558 1312
1039 218
697 705
871 271
1091 1862
1252 130
1483 1015
1485 3
1013 970
945 766
773 1679
717 74
925 654
1196 751
1293 1229
724 83
1072 344
1038 1830
1843 680
1054 1906
732 1460
1393 835
1540 1079
1449 641
819 1233
1632 1897
1214 1241
800 1038
1609 589
934 183
1890 290
1283 1826
1882 259
762 1802
1751 1781
1605 279
768 723
1740 1836
1738 525
1468 1455
926 61
1850 952
1028 1118
910 1327
808 1405
810 1100
1669 1127
1794 962
1043 958
826 905
1626 936
829 1792
1261 78
1208 1701
1343 1012
1464 1263
846 783
1211 147
1103 1823
856 1271
1648 179
1063 1034
868 1549
1867 523
1913 1150
1666 695
1138 897
882 1378
1539 978
1661 1642
1684 1103
1851 318
1127 1301
1565 1208
1547 58
1824 1876
1170 1138
1042 551
955 1254
1845 177
1729 421
1535 427
1643 1523
1446 587
1403 1925
1292 1948
1003 1061
1905 1072
1326 773
1206 1638
1018 307
1415 1132
1491 1654
1035 373
1131 370
1718 1085
1861 1818
1047 1505
1113 965
1892 1672
1053 478
1754 232
1571 1908
1568 162
1749 576
1577 19
1210 778
1560 410
1492 843
1578 1011
1549 21
1290 812
1232 203
1281 1126
1344 228
1523 668
1716 899
1405 684
1496 1504
