0 1480
2 1258
1947 1851
4 1269
1946 468
5 734
1944 1572
7 412
1943 654
8 617
1942 235
9 988
10 200
11 304
12 246
13 1605
1937 775
1936 98
1935 289
178 1916
374 1039
1902 1215
1509 1004
1876 447
317 1531
1046 186
916 726
1661 1440
1582 717
1123 1043
1075 610
1 635
3 1110
1948 323
6 847
1945 1758
1940 1173
14 906
1938 171
15 587
16 184
1598 1085
839 1303
98 867
370 10
463 824
1617 1462
454 1344
1542 284
1151 627
1949 1740
1717 1069
120 715
1124 1273
643 830
1921 1709
568 1115
797 1631
806 208
161 387
1104 1325
1829 1129
18 1622
1105 442
1110 194
825 1517
480 380
525 1560
1885 1782
39 1438
358 1699
982 1142
17 110
1098 792
1799 134
811 516
941 33
1441 342
393 667
359 1582
1165 1000
1048 893
976 545
985 974
1867 679
838 597
1760 1301
1575 1579
19 287
429 1398
1359 789
775 1293
1016 201
751 1794
1899 1154
1772 1253
1470 391
1493 182
812 211
1319 437
24 1174
1798 1240
1426 1237
1779 1235
1438 1389
1745 1578
20 1879
1941 361
106 1775
1291 249
76 630
226 1553
1299 1230
1653 1846
529 1906
1193 1183
1274 1192
592 815
690 1603
298 221
1657 1931
1017 1834
1355 1132
866 860
21 1305
22 121
23 153
376 1019
1141 1083
1689 1852
484 669
1296 1217
1918 840
90 253
345 663
1430 1316
1408 113
780 1391
1294 1415
422 76
1067 712
995 108
318 1862
1107 368
222 133
101 51
683 1147
25 1324
1855 1949
215 1587
962 261
313 1096
1722 1474
230 1839
1490 804
663 1247
125 1567
1816 1558
26 1296
756 74
350 318
149 1805
1223 480
1505 1741
267 999
564 1479
578 288
1627 1268
254 696
273 742
1335 443
28 92
923 886
1639 274
363 1781
837 1360
1545 1836
1840 1609
1063 752
218 638
743 1087
928 1760
1129 1188
1225 1456
29 1814
1499 1080
240 1125
692 1337
570 921
1479 522
1831 843
1454 1728
1595 922
82 699
355 1925
704 225
1399 817
1577 356
27 492
30 1593
381 708
118 1779
1423 1041
1656 1210
51 1671
562 1821
815 1105
854 1475
482 887
380 336
1148 462
444 50
919 787
1845 1486
1363 1780
31 650
291 513
377 324
1741 104
779 1251
1759 166
246 241
702 729
1773 544
1684 1554
1416 529
898 1326
1091 1364
32 1252
33 1234
1856 698
709 1929
316 1250
547 77
909 1733
443 951
54 811
1287 325
611 1615
699 839
34 512
1866 1902
965 1623
297 1299
937 272
1010 1139
1231 298
873 1619
79 1144
1037 898
174 594
1114 961
1460 1036
1534 819
865 464
1453 548
1269 813
584 1211
136 135
1597 889
1237 1367
1020 589
520 1945
1774 1020
255 1161
242 1427
324 1027
396 612
163 352
1429 759
35 501
36 1057
1915 1222
1305 1855
652 354
1467 1437
100 622
1215 1494
259 1164
37 527
624 25
1322 763
473 1738
301 1701
508 1193
511 960
1300 231
38 1575
1641 1665
1917 195
233 1348
1932 1657
117 1052
1276 784
375 1
1160 821
1613 634
1752 659
413 991
1666 605
850 1702
734 1627
203 1546
1538 741
516 1277
1444 736
356 41
212 684
587 312
1671 1739
133 1829
207 476
940 100
1714 260
889 1352
1398 1719
1755 465
901 1013
530 1890
339 29
309 735
40 533
42 1563
1435 1920
609 1602
1633 1918
184 1689
915 1371
696 888
550 1551
337 643
1612 782
1385 1695
43 773
1713 1637
162 994
782 828
502 1198
1576 154
519 1788
290 958
881 694
950 35
1757 1731
1896 1655
386 1935
1297 209
1883 1757
70 1290
198 407
1468 1286
41 1589
45 1053
1828 347
1327 125
561 1295
999 105
847 1169
1089 949
1280 1681
777 1707
1101 509
44 339
46 309
1345 116
1853 1930
127 795
1458 1148
518 1460
1472 1752
1333 882
47 192
468 1823
1487 584
156 1088
1163 128
794 1047
48 1650
214 1849
1397 156
1410 5
1874 441
533 1356
637 1153
1222 1652
1640 1678
613 1157
49 425
792 620
73 17
1606 1669
322 1156
691 986
1515 1283
50 1869
315 1361
130 954
295 11
997 745
1608 1194
1723 518
107 555
1044 530
1157 1934
1381 265
744 1081
678 1539
1736 1818
1347 345
1636 1476
1230 234
52 219
485 1334
747 13
788 1071
1422 942
1238 1747
169 883
964 769
321 433
615 1716
769 484
705 259
515 891
1756 71
676 1743
1118 938
1286 1037
1795 1865
465 1191
952 1399
1811 768
53 1073
650 1638
91 580
1146 1842
816 1803
135 1408
1158 547
197 1003
1019 398
252 680
55 1573
1544 1656
191 1880
1697 546
1131 1406
1696 1500
746 419
1803 341
1880 353
56 1668
1073 1417
1029 677
129 1185
1342 975
362 1418
959 1755
813 1425
455 907
563 1940
722 144
1863 1568
168 968
1218 1382
599 934
548 678
185 714
1164 217
58 1847
845 1874
1336 517
319 1379
1806 967
534 315
776 0
1658 852
528 796
105 1891
1254 87
1278 1450
1033 880
57 122
1462 1261
500 551
1159 1919
330 1403
151 1793
1243 228
1931 1899
1178 1877
59 1663
60 1767
1720 411
1914 1149
332 1490
1332 1285
1120 168
893 1368
61 595
392 910
739 149
1692 1005
1001 915
1284 642
1792 1436
820 1074
875 1467
841 277
944 902
836 160
924 1397
1739 152
1547 39
1351 1774
421 1385
1875 1292
849 760
62 962
63 175
71 941
1212 1811
830 885
1618 1362
1080 598
1087 273
1868 1409
689 1380
1078 1499
299 825
1512 1502
1061 319
177 838
627 1176
700 1621
1823 984
64 578
65 1209
905 61
884 28
450 1833
878 1542
1414 716
194 556
66 1493
1200 593
1125 1137
1185 538
1477 1639
449 1939
1701 229
1122 573
862 477
287 1724
1833 1713
1649 521
934 1226
1387 86
517 1913
67 1571
68 270
253 331
1478 1394
1744 402
994 989
1173 503
1382 193
478 818
1445 239
217 832
1204 903
1009 1267
69 857
236 959
628 1196
767 807
112 1050
943 489
1748 923
142 417
155 1672
574 250
1502 1532
388 1395
1262 1817
891 1640
540 1072
438 1274
761 1809
1346 1207
154 1307
1819 727
977 1023
532 1768
1719 814
72 586
1882 1519
1400 596
1888 810
554 313
886 1030
1130 1079
1247 396
1675 570
146 870
852 473
953 534
963 372
606 1592
647 1496
1884 212
1622 1626
590 1815
74 1317
589 1867
1920 70
1507 831
748 467
798 479
993 1272
414 995
1264 1347
1864 924
399 1231
1307 1690
75 861
423 1163
596 869
1113 879
1599 750
1500 1754
1121 1078
475 1604
684 614
320 1297
1660 1778
649 1895
1778 1270
851 203
1646 220
498 14
1267 539
600 1808
1584 812
773 366
276 1330
1390 1888
77 1900
78 148
990 853
341 1077
677 174
335 1848
1250 1145
1716 724
951 1223
653 858
249 1066
582 84
1032 314
1375 1300
1841 460
80 424
327 1828
487 1726
183 281
594 142
503 1294
1707 1029
1242 1357
521 326
925 463
81 1611
1340 472
476 1414
83 136
275 565
1607 1680
888 99
752 486
323 1722
1473 438
84 199
1047 1700
1822 1372
179 1484
1511 1682
1401 1691
560 1816
1848 1212
85 846
795 900
1645 912
1548 1505
1801 691
774 1126
874 264
491 1692
1391 1059
89 1116
1862 373
597 1948
1188 103
1099 1796
385 1045
1910 1928
1076 1651
1673 554
417 1786
1629 1287
369 119
595 302
996 276
1872 1772
1903 1031
954 1189
1442 1117
87 1887
88 1773
139 393
1776 1369
601 1392
989 849
1827 1863
86 656
1216 286
113 1012
608 1837
1712 291
859 1515
1341 1219
688 1400
1781 357
817 794
727 482
1226 457
1588 1170
1202 59
840 822
1596 45
666 1143
687 1581
1747 1504
535 1202
1279 1569
1182 1086
92 1461
1838 604
1394 224
195 428
470 173
877 94
227 1390
1517 1062
187 178
697 1434
241 1262
93 275
1097 874
1330 621
1797 1260
1317 1538
1065 137
1463 376
659 601
1643 1636
523 543
1239 746
210 1103
1412 1167
514 1923
434 770
1116 328
827 718
333 101
1775 1520
1352 1172
94 1063
1189 600
110 1314
1832 483
772 1686
96 191
389 1131
1553 569
1758 292
1881 1216
906 937
1873 1378
95 1448
97 1021
660 1748
153 1565
970 34
1513 1889
1742 1097
939 1048
967 475
425 436
758 652
1144 1896
1109 295
755 1239
99 1921
1150 562
1690 1419
223 1482
209 240
713 1171
261 169
931 1645
1625 525
1897 540
366 1905
437 980
1302 797
340 1790
1303 778
946 537
102 505
1482 1503
1040 1712
1234 1190
966 829
1691 687
955 1018
1464 1840
1686 613
103 179
232 1339
834 515
314 1675
268 155
1062 909
680 1444
104 730
180 1884
400 1670
1900 602
895 1618
828 646
1083 925
949 1807
1388 1859
159 1763
1826 674
1236 1458
1814 1422
1459 719
1683 1795
980 985
1439 189
1155 1543
1837 340
1069 591
1559 1727
1172 1730
160 1525
1705 1321
1812 1835
768 1822
1682 245
793 1061
717 381
753 280
1261 1257
108 322
109 1885
229 301
1506 243
1389 1177
960 374
1735 992
506 1076
1365 330
902 37
432 21
111 299
622 399
1573 1526
1927 844
360 32
819 16
921 661
1221 1459
932 1679
1871 196
1022 802
799 1075
1421 117
1292 237
1437 1014
541 1590
237 1530
190 901
1268 748
1298 1658
1404 1093
114 158
115 664
1180 7
929 692
1930 1455
714 1094
1443 1166
1450 1472
116 1819
467 1497
1791 130
1651 624
402 1769
1088 1831
1371 581
623 1010
796 1501
1710 1824
1489 157
119 1199
1603 1734
1761 1676
566 385
1495 118
456 1903
280 739
382 329
479 170
616 1770
199 114
121 269
173 575
1259 1911
1102 1886
645 392
122 1114
157 1801
1788 423
740 1625
505 981
822 362
123 420
278 27
1184 1329
1481 1426
499 1022
802 350
1031 257
124 790
1805 1917
1360 266
1695 370
1642 1856
474 919
1436 592
1497 1227
1176 1141
524 251
1579 481
418 971
760 369
737 338
1257 1424
1558 375
1290 765
1094 658
1186 297
1364 626
1807 926
239 1673
1824 126
344 695
1045 1264
270 754
128 1508
1869 1714
710 389
1192 1600
137 123
247 406
176 1892
145 1580
1258 892
1891 996
126 446
1620 1282
603 334
158 788
293 1715
131 1120
1235 1064
771 850
325 1113
1731 404
665 1246
1167 1732
1808 826
1115 1281
200 1487
132 1666
803 1331
1070 559
1253 435
765 431
1277 1753
969 1349
1053 1254
1260 283
1318 1545
1594 106
1846 311
134 639
1024 1908
1809 1507
1455 720
1241 1632
1768 1402
741 872
682 704
1003 57
736 150
869 1445
481 1529
1415 653
1637 1536
1554 1310
1804 44
558 964
1890 1291
1368 1608
679 955
1198 1165
138 1687
556 8
365 911
695 1032
296 868
610 700
1766 1584
992 1648
140 267
814 662
403 836
141 875
1815 432
927 187
1466 535
1537 645
1581 1082
1025 897
667 1366
565 560
457 970
1197 816
1014 1359
1431 933
143 18
196 577
1008 1488
1665 49
1149 1393
1568 1537
885 1028
1677 1765
1541 1092
536 1910
1344 258
617 1259
144 1718
1379 1355
1924 497
986 1011
913 1522
305 120
1923 504
1591 1598
1282 1897
1702 619
1295 430
604 618
147 827
148 1912
549 346
1623 1473
618 1881
1093 779
1694 1428
188 232
1353 1746
908 1447
1407 1396
452 453
150 1932
364 733
379 68
948 1204
1939 931
1135 1249
477 386
1196 1304
1337 1628
1263 493
1860 1383
390 1946
1852 131
152 1876
1762 1588
510 413
391 1909
685 1151
1252 124
435 1535
1698 1832
983 1271
496 414
250 895
1378 1661
1140 837
656 894
238 771
294 478
887 651
406 755
1652 1789
1783 1683
1304 1338
719 511
1328 1179
1913 147
436 866
1751 507
260 1942
749 859
1085 878
445 1477
855 671
1567 96
286 936
1095 801
501 1203
431 648
1516 24
282 327
430 491
1906 1850
1626 710
1071 1827
312 72
1026 1576
703 1933
612 1118
497 222
164 896
165 1797
553 1008
1323 359
213 58
166 1178
1703 1612
1449 403
1911 1685
809 823
693 1205
1825 1140
1030 1335
1108 1915
1619 1705
167 1263
1527 1432
1369 609
871 308
170 1108
870 568
404 181
633 1514
171 1941
1734 64
419 54
1266 732
1580 1750
172 1429
807 603
1171 722
787 1799
1616 161
1562 1381
348 60
1145 1009
1023 764
1043 1596
605 1452
353 9
1681 791
245 1091
175 723
791 1634
1096 916
860 756
1199 689
1433 965
821 608
1672 1119
1090 558
1715 390
1718 111
351 845
1667 982
1916 1313
1249 1711
1147 1229
1543 1792
1334 444
1413 256
1056 305
1229 805
835 993
1474 408
181 490
328 1084
1836 1547
1411 1327
784 633
182 972
957 151
725 190
914 1109
1621 46
1068 1328
1711 426
971 766
1050 753
279 1471
1006 632
1060 1024
1878 1127
258 552
1560 508
1893 1483
1578 1853
1057 1843
248 344
625 1051
636 1624
186 1629
409 1904
494 506
720 1035
1887 85
1376 1214
1630 162
1708 757
1420 1423
189 95
543 371
284 418
1678 514
724 1785
1475 316
274 80
1898 571
1901 881
1905 1791
1565 1703
1156 865
1926 913
868 557
1432 976
224 1407
192 1607
193 83
216 488
1005 1121
1733 238
1055 1704
283 1449
1600 487
1765 1644
1106 1674
1324 214
427 210
288 701
1419 1017
394 1541
440 1308
1457 599
343 1187
1227 1265
936 631
1383 1761
894 1498
1440 1206
442 1548
1676 1495
1889 820
1395 377
1251 914
201 73
202 676
844 1614
462 1358
942 550
1728 198
1635 1764
204 1509
354 6
1865 1635
1484 1040
864 1333
790 1562
626 38
205 1225
464 1354
1248 177
1821 1771
401 262
911 1825
206 451
1039 348
1021 666
987 1521
1103 165
469 1944
208 1184
1049 574
1563 1762
1859 1443
1786 672
1465 956
1583 1550
1782 1345
572 1595
263 928
619 1363
879 1159
235 707
1520 78
745 1026
1285 458
863 1089
712 67
1207 1238
1343 1735
211 205
1480 1320
1726 1162
785 333
1843 952
1373 1696
461 1798
387 1586
1255 854
1338 1873
1638 1574
552 294
789 1641
219 1922
1206 159
428 1007
639 1489
357 1527
384 1446
507 567
220 1150
1494 1186
716 644
576 303
221 1813
1854 1534
1526 495
292 740
251 1342
489 905
512 1365
234 163
1483 908
1027 206
225 1643
571 1200
824 721
1785 1485
1861 1524
228 690
1813 439
1469 747
728 448
733 363
1839 306
1392 1723
492 1556
231 751
1168 531
1288 1594
1325 207
1409 62
1709 930
493 230
642 282
1011 566
804 920
411 1544
764 307
1680 1694
1418 1870
1245 1025
1504 143
1655 1416
896 1804
1611 1492
890 1872
912 1146
1132 218
917 1306
1384 1516
763 841
956 3
1615 842
1372 1128
686 1938
1519 317
1312 1123
1654 30
1503 279
671 268
1727 349
872 469
1154 681
1523 743
800 966
488 1457
1510 1133
588 255
1233 23
331 711
243 139
711 1160
244 1513
1800 335
1275 1375
555 1232
1721 1745
459 1135
439 1901
538 1883
1674 1182
1810 456
1289 321
546 1044
1209 944
329 1208
935 1591
1704 1384
1525 1583
661 1309
349 351
918 1068
981 1242
522 1710
1551 978
1628 709
1220 1341
1072 957
1308 1099
1907 1506
433 1659
1092 1152
1919 1049
1112 979
1041 1610
1183 1442
1934 22
707 1401
1084 641
426 1122
1321 1838
1679 963
256 466
1170 1466
458 713
257 365
651 450
805 204
266 943
1529 939
1367 410
1879 394
1424 997
451 808
1137 1138
726 1893
1928 904
410 429
367 588
1858 799
1749 1454
398 416
262 1491
557 300
630 945
395 1404
346 706
1273 1451
264 1197
1610 1630
922 636
1556 79
1447 835
573 471
265 686
1452 358
581 758
269 1155
1687 89
1175 1311
307 1002
1434 749
1557 1927
271 1055
272 494
1152 1898
1647 434
531 459
1314 401
453 48
1228 474
907 81
1572 1926
1354 127
1224 293
585 1812
858 1351
277 1540
681 1213
285 1439
1564 607
1326 953
1522 43
1688 1533
1427 1751
829 553
781 899
635 1744
1540 1708
281 1866
634 1826
1521 138
1015 1894
1491 1510
638 702
1609 449
1217 1549
361 1386
801 541
975 188
632 1868
1738 1697
1066 1353
583 499
1700 1677
1271 526
483 498
972 75
1377 12
607 564
289 798
1179 1015
1908 1528
668 378
303 1523
448 1749
654 1766
1552 1616
352 856
412 197
904 1248
715 871
1162 744
694 532
1767 1721
1894 1315
669 783
424 528
545 1370
1895 973
1740 1046
471 1346
876 510
1386 1101
662 90
580 2
300 1276
880 927
408 1431
938 384
961 1871
302 1224
998 536
310 388
1847 1468
1569 685
304 360
1753 1298
1232 332
1128 337
1161 1124
1265 1195
1136 97
1849 1433
867 623
1601 1907
730 1243
674 1412
306 310
308 762
1763 1042
1331 1858
900 1405
342 1830
721 935
979 66
1406 215
311 1875
675 932
415 409
577 877
883 415
759 1318
1632 1914
441 1646
856 1218
968 1107
1533 164
842 1266
701 611
1650 227
897 977
1370 1599
495 382
1857 834
527 1377
1634 1201
1587 873
1570 1241
1000 236
1169 445
1929 637
621 1070
1750 502
658 519
1448 146
991 1924
371 946
591 1130
930 1233
579 1279
1787 31
326 285
1693 1255
1374 657
1203 254
861 780
1670 929
486 705
1624 1759
1724 176
818 1420
783 129
1270 63
1451 1373
1818 579
1309 1136
1592 561
1820 864
853 665
1350 93
334 693
336 1737
1396 640
1706 355
1174 1518
338 107
1550 183
602 1585
1190 731
1456 987
373 1054
1912 688
1117 660
1737 296
347 42
1366 668
1796 1106
1777 1060
1081 1312
1082 649
446 948
857 1340
754 132
1362 1411
1339 990
1177 69
698 940
472 1095
537 1633
933 1180
1530 590
1585 1559
673 1620
1802 863
757 53
1604 585
567 524
368 1854
778 88
593 1857
1571 1597
1471 1564
1644 1864
1933 252
372 1742
641 1322
832 1736
672 1056
1315 55
513 320
644 1561
1153 115
1077 455
378 1016
1589 1800
1052 1706
1699 628
1461 247
1925 1111
770 1001
1771 1511
1546 776
1281 583
1842 1102
1561 1387
1402 582
1301 213
750 670
1064 1478
383 647
1780 1577
1793 625
1004 470
1877 496
490 1936
1486 786
1059 1033
1313 767
569 1336
1834 1112
420 629
708 1802
823 440
1349 1463
1028 918
1425 772
1086 1430
1492 1228
920 1660
397 271
1789 1777
1428 563
1659 1860
1194 862
1566 738
1743 1034
1754 452
405 1038
629 1006
1007 1943
407 1441
1213 1647
1835 806
648 737
1614 1065
926 1221
892 395
1126 1756
1208 1245
526 1278
1051 1332
416 1374
1485 1134
1380 785
1329 1168
903 485
958 167
1729 19
1283 803
1922 1350
848 102
723 1435
1079 523
831 40
1586 1104
1663 1175
843 616
1358 180
1909 145
1830 917
762 1289
1074 848
1662 1220
640 1465
1100 1555
1508 1613
1166 1343
1851 36
447 1617
1211 1698
509 855
1685 777
1784 1820
706 1937
1536 1720
575 1302
598 82
1488 655
1403 1787
460 109
978 800
1648 223
1035 884
466 1158
1357 1067
738 725
1574 1421
1535 185
1201 140
1514 983
1142 242
1602 520
1034 1376
1476 682
1214 697
899 343
1119 4
1528 1861
657 1557
833 1570
984 1806
504 1841
1246 422
586 364
786 421
1664 950
542 549
729 572
1013 405
974 278
1769 1717
1524 781
1219 367
1870 1512
988 1662
731 263
1886 542
1306 91
742 65
1892 774
670 1469
1518 1413
539 1649
544 1323
1498 1642
1042 1280
1531 216
735 1453
646 1100
1038 1606
1133 1776
732 172
551 47
1631 1058
1904 1601
1496 1244
1311 26
1143 1729
559 52
1590 969
1393 202
826 500
1181 683
973 383
1240 1784
766 1654
1293 1464
1844 1810
1018 1388
1191 112
1138 400
1405 1725
614 673
620 761
1054 233
1256 1275
631 793
1668 1693
1187 1845
1012 1844
1850 728
1244 1667
1316 1181
1532 1410
655 1319
1790 1256
945 809
1139 1090
664 1284
1549 876
1320 1882
1501 947
1361 15
1134 290
1730 1947
1356 56
1746 1664
1348 833
882 379
1310 1878
718 606
1770 615
1764 427
1593 1236
1272 576
1555 244
1002 226
1605 1684
1127 1481
1036 1552
1111 1098
1794 454
910 851
808 1653
1669 1470
810 397
1417 248
1205 998
846 703
1725 20
1539 675
1732 141
1210 1566
1817 1783
947 461
1446 890
1058 1288
1195 1688
