21_26_51_60 78 0.0334496225626452
77 9_45_55_59 0.0479447878997423
17 74 0.0663055428604697
37 78 -0.0398107333175368
82 15_57 0.0049310128902416
8_44 3_6_14_18 0.0029576959922199
31 72_81 0.0268339350488443
7_32 90 -0.0088441823290293
53 80 0.1210130215696
53 3_6_14_18 0.197791978829859
91 15_57 0.0884382069289949
78 54 0.006104892497377
76 13_43 0.0274466076831253
70_79_83 34 0.0538732220425277
66 13_43 0.0224849799551996
18 15_57 0.0305642312784644
4_5_28_38_46 16_25_49 0.0861520503947661
7_32 11 0.0897009550920481
17 9_45_55_59 0.0074825985320631
18 75 0.0119846524349986
54 34 0.137897521005715
80 68_86 0.0195469200355806
66 15_57 0.010112178475893
53 33 0.0174639588182349
61 54 0.0064578827007133
20 82 0.0351126271038248
68_86 77 0.0570940376716526
62 20 0.0138087677315423
2_12_19 7_32 -0.0053635689138485
30 7_32 0.150120735888417
23_69_73 54 0.0255982025622434
80 76 0.0169157406481733
8_44 31 0.0890867749975922
67 71 0.0282984304814403
7_32 54 0.0176339644648341
13_43 65 0.0264721715107265
61 62 0.0385604454805138
31 15_57 0.0295384776088705
7_32 64 0.0272877507214983
4_5_28_38_46 50 0.0911210824307737
8_44 18 0.195201781911534
33 22_39_58 0.0492414580263985
22_39_58 90 0.0156045480611237
21_26_51_60 15_57 0.032451791087441
35 15_57 0.0252401571080638
80 30 0.170990173568133
21_26_51_60 89 0.105099480976899
22_39_58 4_5_28_38_46 0.0273764007562863
91 87 0.109356401478247
40 41 0.093508208032157
30 88 0.0293620841314174
13_43 89 0.0847955475847759
56 18 0.0207507960612014
01 65 -0.0241821098204699
2_12_19 90 0.371604339015379
31 11 0.0328058194717616
74 50 0.0121069176177053
88 10_27 0.179343074286116
53 35 0.108201979512223
40 15_57 -0.0222145007326536
33 76 0.0501410297021273
53 13_43 0.0368365156256636
67 37 -0.0620699221321517
18 35 0.0682026332501001
37 42 -0.122974600411458
74 88 0.0277281221612413
23_69_73 4_5_28_38_46 0.0109033763339926
20 10_27 0.034691353176608
3_6_14_18 18 0.0367220275068988
85 10_27 0.0221205784502074
80 23_69_73 0.0517999650020428
15_57 11 0.0222574262476825
80 91 0.0074718089671275
85 90 0.0684726783214556
41 64 0.0218629247078903
01 20 -0.0075427444588686
53 4_5_28_38_46 0.0245633485811745
31 77 0.003037087165891
53 66 0.0073664739701929
61 31 0.0970254414296079
88 82 0.0241288529035535
90 87 0.0266800996200941
53 20 0.0555436307309317
65 88 0.102059329775405
68_86 30 0.0017132596094234
33 80 0.0361707542523603
47 85 0.0159721156660341
9_45_55_59 88 0.0654274726265675
16_25_49 37 -0.0420664640215952
24 30 0.0820069689959764
50 88 0.0354609034002568
3_6_14_18 66 0.0011576980725617
41 84 0.175426231867995
70_79_83 54 0.0292941993867115
47 70_79_83 -0.025135298005114
17 2_12_19 -0.0060654130538238
21_26_51_60 88 0.0135294622355258
4_5_28_38_46 90 0.0625725566932376
37 65 -0.007882318343684
20 35 0.0155682145114488
90 37 -0.017308112311551
20 15_57 0.066109605444026
8_44 87 0.002788358211764
10_27 64 0.161165367117161
91 20 0.0930474989131934
89 87 0.0376056606365875
30 15_57 0.0177062705781248
31 35 0.049435560539002
84 62 -0.041915454443297
01 82 -0.0152384700179242
15_57 89 0.192149797329562
16_25_49 20 0.0315765691243377
37 21_26_51_60 -0.0102336768767535
24 50 0.0536961907468975
35 21_26_51_60 0.0385933655170369
50 9_45_55_59 0.0124532803226452
18 90 0.0217244336441236
01 90 -0.0215901394426617
24 72_81 0.0176163119159581
80 66 0.010486133880366
2_12_19 65 -0.0095257582664727
56 87 0.015478815737163
33 68_86 0.154965512305656
31 30 0.158249475779044
2_12_19 22_39_58 0.0276461155674546
40 35 -0.0995606646360501
23_69_73 70_79_83 0.173178593738023
90 13_43 0.0836841532893518
01 85 -0.0313710792028489
50 82 0.033925523942363
22_39_58 76 0.0939419871682317
23_69_73 18 0.0312316069586715
4_5_28_38_46 89 0.0186307864289689
76 65 0.0091064988420035
7_32 29_36_52_63 0.0579589737955361
24 74 0.164843279650793
61 67 0.0672102096649154
3_6_14_18 91 0.0968355180860353
17 76 0.135058530387363
64 11 0.028596015939348
53 89 0.0037893861796401
56 66 0.0313417877535066
68_86 37 0.0534544412685146
18 20 0.0324596508768456
62 56 0.128615097976815
18 67 0.0220371905999672
15_57 87 0.0766869748668459
62 30 0.0316727886218387
85 34 0.007701669209634
31 21_26_51_60 0.0298488087258814
89 11 0.0058805250754105
84 87 0.0994040918817008
35 42 0.0018014145500236
68_86 9_45_55_59 0.29045109652278
50 89 0.0021826880610081
17 66 0.0036957423953518
23_69_73 68_86 0.0111894711254643
20 75 0.0087462807366103
31 91 0.0143644437363551
31 64 0.0038471961865683
50 72_81 0.115473424189847
30 72_81 0.0154459645342733
70_79_83 7_32 0.0742214600475671
18 54 0.0015968854583169
13_43 88 0.0799943980737127
85 67 0.0875149811038559
18 87 0.0306423361549055
68_86 87 0.0054844989918485
75 21_26_51_60 0.0032659445143405
3_6_14_18 82 0.0430013159100032
62 89 0.0467117160387563
30 70_79_83 0.0596838129235043
16_25_49 67 0.0422057705468737
53 62 0.0832450968308132
77 7_32 0.152603307385329
62 18 0.027243481319907
56 82 5.06325794766407e-07
8_44 01 0.401334199303551
3_6_14_18 62 0.193199938202021
2_12_19 29_36_52_63 -0.0108000356611846
61 34 0.0984737842745134
56 91 0.0055825578685874
31 34 0.0516019099920885
23_69_73 11 0.0580318550083095
70_79_83 29_36_52_63 0.0256173297624851
85 42 0.0116633016768375
78 15_57 0.0371271502531368
16_25_49 89 0.0263988061962595
62 91 0.0800512821537809
66 10_27 0.0058786925532643
47 10_27 0.0298548420323113
35 64 0.137824913719147
62 4_5_28_38_46 0.0896258073470589
53 74 0.0010579175227854
8_44 89 0.027108232509969
2_12_19 37 -0.0503472431033736
80 64 0.0169902987757534
76 50 0.0843537916552969
68_86 29_36_52_63 0.0245142788335831
29_36_52_63 71 0.0220998413095194
53 56 0.0322609007940943
80 77 0.0403456165117762
24 70_79_83 0.0481932397046288
67 35 0.0422937851635503
40 71 0.0929892170199608
53 23_69_73 0.0018572378665257
41 71 0.141509762822293
80 7_32 0.107607854228451
53 64 0.0527403186704469
2_12_19 4_5_28_38_46 0.0426006148867846
01 13_43 -0.0069192890730927
61 64 0.028384457771692
31 7_32 0.0618602926569446
21_26_51_60 10_27 0.005045914996377
3_6_14_18 15_57 0.009259559590599
67 20 0.0461097853927009
3_6_14_18 65 0.0028239477211087
30 11 0.0591222592392747
24 68_86 0.0328741331640422
65 82 0.0969002192305687
74 34 -0.003687883254744
47 34 0.107127660342416
47 01 -0.0398992082717668
82 10_27 0.116802922424556
75 65 0.125228927555788
2_12_19 82 -0.0358286611077888
65 10_27 0.179967100481012
17 68_86 0.0183515249621903
85 82 0.0022843073988302
62 35 0.0146470774198549
22_39_58 72_81 0.0695476819737056
20 65 0.0097049544794014
87 10_27 0.0246725280733865
31 18 0.0217079051575251
61 15_57 0.090574387715646
41 85 0.135122135853925
23_69_73 91 0.0005897098571766
22_39_58 74 0.0934742924106011
76 66 0.0112619783661056
23_69_73 15_57 0.09158579953483
67 89 0.0034337493184392
2_12_19 50 -0.0726954314703535
7_32 91 0.0309894145560116
34 11 0.0473096867812511
47 29_36_52_63 -0.0089644767146042
33 30 0.0141573906755173
40 84 0.0413277002860891
41 67 0.160744699614452
18 66 0.0234353111821093
22_39_58 56 0.0026905849329036
22_39_58 50 0.130149303513788
56 20 0.00948627786674
72_81 85 0.0305127325028045
53 85 0.0123417007595894
3_6_14_18 21_26_51_60 0.14187160331634
85 20 0.0137814255355042
24 76 0.03299327849617
18 70_79_83 0.0428787529370317
85 65 0.0088299816528893
3_6_14_18 11 0.0786098950437001
50 65 0.0228700000227444
62 21_26_51_60 0.0304920726058461
3_6_14_18 89 0.0264406644225356
56 85 0.115090601101475
17 77 0.0284489840960341
40 34 0.042376255652137
71 15_57 0.0354080660674773
66 20 0.105392183852704
61 85 0.0549860161615867
70_79_83 71 0.0044610785604506
50 16_25_49 -0.008989785159133
54 11 0.0733832658565732
90 71 0.0080227460864709
78 89 0.282021357394182
62 13_43 0.0032640346543122
70_79_83 20 0.0206784067585235
7_32 37 0.0350644144863235
56 29_36_52_63 0.0315502233000503
8_44 22_39_58 0.0149669742738921
2_12_19 13_43 0.0108345676901834
20 13_43 0.19802176839846
74 16_25_49 0.0052462443320919
41 23_69_73 0.0281781932122571
80 18 0.020694107145365
3_6_14_18 4_5_28_38_46 0.122473132626167
84 85 0.0970223589644383
61 91 0.210551590489159
20 88 0.108012535601938
40 29_36_52_63 0.203101542093405
47 66 0.291928975093368
67 75 0.100183418284013
13_43 15_57 0.0205888880871856
75 78 0.0528710979024373
40 85 0.0282080489803072
50 85 0.0002236504077295
70_79_83 11 0.0786112292514454
31 54 0.0248409728439701
76 88 0.042133635904661
72_81 64 0.0135011696149462
24 77 0.0665211891407408
71 54 0.118559078785226
84 29_36_52_63 0.174184512620175
33 72_81 0.050728104871925
80 70_79_83 0.0493143075912745
01 29_36_52_63 0.0380757534919236
21_26_51_60 64 0.0963529809689941
53 91 0.0337404259477405
72_81 13_43 0.0393846502910225
61 11 0.0407388121615156
41 34 0.0843405259986842
53 42 0.0158081888702628
24 9_45_55_59 0.13712049437007
84 34 0.129182777563228
62 50 0.0092858919424714
18 37 -0.0209557933189198
67 78 0.057402890073141
8_44 21_26_51_60 0.0190679497315285
65 21_26_51_60 0.0569981134519313
33 9_45_55_59 0.340142799863107
16_25_49 13_43 0.104746860971457
01 18 0.0098220704641164
66 82 0.216938236675875
77 11 0.0805434307242476
77 70_79_83 0.073814462459781
30 9_45_55_59 0.0033208303716649
71 11 0.0440450844323146
41 61 0.0295286351739349
23_69_73 20 0.0127949618755667
80 20 0.0554632064159324
53 18 0.0472824465954356
42 75 0.0382431792963586
75 71 0.0072276023125307
80 61 0.176954314563719
74 72_81 0.0308603968176911
17 50 0.137372841529445
80 15_57 0.0922024644096126
33 31 0.0058167635593023
77 30 0.207992128841502
76 72_81 0.0365096918912879
91 75 0.0080748592546368
61 71 0.0039956841971863
22_39_58 88 0.0647065336827579
61 18 0.031499062824274
85 91 0.073679085485217
72_81 90 0.0789593777802582
91 11 0.0303103665031155
77 29_36_52_63 0.0516187711010388
91 89 0.0083160498461086
33 74 0.250751169557975
90 16_25_49 0.165391425050862
77 89 0.0001321630222784
72_81 16_25_49 0.122348118385104
7_32 34 0.135846192829919
85 87 0.130236589687001
30 35 0.0202268492863677
53 16_25_49 0.0250197320164478
22_39_58 16_25_49 0.134147834644541
40 56 0.315297683043771
61 84 0.0436214842868661
8_44 37 -0.012963871633975
72_81 37 -0.0599038592936585
84 7_32 0.0245506903175836
47 31 0.011910176448362
76 74 0.43606523663635
35 54 0.0655887524891441
9_45_55_59 11 0.0150079923422665
37 75 -0.0754803165306283
7_32 88 0.0141207337502725
2_12_19 9_45_55_59 -0.0095154545502165
61 75 0.0127730248410722
84 11 0.0396515638490995
8_44 62 0.0392548765929113
22_39_58 13_43 0.0794978515606475
30 50 0.0575842246063912
4_5_28_38_46 21_26_51_60 0.0360011337669251
62 11 0.0381519302801774
18 10_27 0.0159879645563426
4_5_28_38_46 85 0.0017278781539764
71 34 0.0035285555176351
35 78 0.181663986848116
47 90 0.0081679480299397
23_69_73 77 0.130637339189776
61 35 0.0462716563585201
80 31 0.0958456360698786
17 23_69_73 0.0123743915512316
67 15_57 0.0480228013149041
33 24 0.149537379207738
72_81 42 0.0559684167815627
18 91 0.0082158468856225
29_36_52_63 87 0.202422935082006
53 65 0.0410328756787391
17 22_39_58 0.1240742067706
8_44 15_57 0.0104169725621476
30 91 0.0646080097693192
72_81 88 0.063209874226677
85 75 0.124440022065647
2_12_19 72_81 0.16847252095176
31 67 0.0174405752302478
35 89 0.129922391214214
31 88 0.0450523208268638
53 50 0.0043377798238704
41 54 0.0191394619374719
13_43 75 0.0372222203377217
66 85 0.0132303964166458
77 71 0.0074302072685424
30 20 0.0147186011363217
21_26_51_60 87 0.0368236994056925
74 13_43 0.0329967044765723
23_69_73 71 0.0214831440149212
42 78 0.0403973783562113
37 29_36_52_63 0.147887416509065
