01 15_57
4_5_28_38_46 90
11 22_39_58
16_25_49 30
20 75
31 23_69_73
7_32 74
29_36_52_63 67
37 84
47 53
62 10_27
3_6_14_18 9_45_55_59
21_26_51_60 3_6_14_18
22_39_58 01
24 31
33 62
35 41
71 37
84 21_26_51_60
85 89
87 88
40 40
50 4_5_28_38_46
53 7_32
61 72_81
64 77
23_69_73 78
75 29_36_52_63
82 76
8_44 8_44
9_45_55_59 61
10_27 33
34 80
54 65
56 87
65 91
66 16_25_49
67 20
68_86 35
72_81 18
77 66
90 24
2_12_19 17
41 64
18 70_79_83
42 13_43
78 47
13_43 34
88 54
89 50
15_57 2_12_19
17 85
30 71
76 68_86
80 56
74 82
91 11
70_79_83 42
