239 110
503 822
591 372
473 807
18 205
904 716
872 410
117 884
885 342
280 685
399 185
922 368
850 743
577 221
614 25
530 413
717 452
713 379
639 822
78 811
219 13
159 499
223 451
111 843
419 827
93 953
184 947
229 806
34 414
469 975
635 709
799 621
124 877
40 925
115 293
934 891
629 796
314 22
852 424
202 223
987 79
628 358
915 217
105 320
763 970
909 964
695 527
303 608
125 536
617 942
761 159
667 99
36 809
325 695
716 741
353 801
92 439
769 973
389 718
725 365
445 491
655 961
16 768
182 320
449 790
849 712
403 506
192 78
78 16
514 97
426 257
738 86
55 700
935 412
415 176
67 203
417 403
517 554
649 451
672 490
334 764
593 989
134 160
657 15
638 621
423 723
81 932
954 444
576 149
874 746
369 443
40 900
61 786
931 929
238 612
976 211
400 364
698 707
383 917
68 573
465 481
559 835
266 917
588 193
988 999
492 524
582 358
246 665
440 978
668 902
443 958
831 370
701 621
299 324
333 13
765 828
552 743
567 357
447 245
281 815
154 258
68 883
463 568
135 884
382 272
440 136
523 177
952 683
718 712
697 945
550 636
478 129
686 518
665 662
421 853
618 551
480 292
993 726
320 934
228 150
143 232
627 377
138 310
931 375
763 57
41 617
751 769
379 601
654 795
802 790
282 578
292 814
819 873
766 88
983 734
477 75
600 506
393 420
432 582
51 301
699 57
224 113
457 640
888 493
308 916
803 124
377 232
670 436
613 422
570 200
709 779
381 959
849 713
677 92
221 777
391 735
93 892
164 282
429 945
708 294
190 465
607 35
390 479
833 688
125 544
740 599
86 778
272 68
170 411
113 984
564 745
256 3
917 920
561 117
29 677
755 821
694 970
760 992
247 154
972 251
941 534
779 540
955 568
645 413
875 807
986 458
922 232
829 749
878 416
609 517
955 999
861 545
382 522
842 630
580 425
932 954
189 162
14 543
466 282
181 426
260 142
711 180
615 911
86 876
69 140
358 347
105 409
770 113
685 615
842 407
489 311
853 482
349 436
943 210
80 127
951 261
803 562
541 849
662 948
487 98
448 851
429 41
199 490
356 110
741 783
205 957
265 843
516 393
938 285
361 292
157 215
613 26
137 207
254 276
485 940
637 314
136 176
51 442
416 984
466 97
490 578
223 653
335 80
818 359
505 216
787 90
107 262
737 433
129 547
706 528
308 402
442 362
953 788
739 460
450 53
45 593
321 692
748 334
972 623
724 731
268 723
457 433
136 840
767 29
60 707
582 430
325 748
540 30
384 705
288 214
703 491
364 918
675 420
650 376
762 756
404 533
390 472
783 174
752 438
51 844
757 973
331 33
262 859
644 833
367 469
610 50
764 842
962 296
136 259
409 281
886 323
210 282
41 519
723 739
474 631
399 186
546 67
430 371
443 384
144 788
90 37
26 960
709 169
831 483
207 954
165 814
599 761
280 187
772 279
30 239
958 384
750 360
915 39
82 787
28 94
355 566
156 236
960 161
212 405
509 934
323 734
817 977
384 586
248 814
323 352
702 616
402 328
517 926
74 695
361 598
150 674
470 533
230 435
872 689
624 603
538 1
956 632
892 787
157 231
228 730
267 802
854 644
804 469
720 432
867 565
360 211
625 766
26 741
473 875
313 937
857 446
746 722
797 218
36 243
992 647
967 25
722 659
641 968
494 556
515 966
242 55
927 45
88 991
37 65
684 119
254 914
967 467
288 67
950 221
50 744
515 608
152 851
535 126
792 104
575 537
52 764
949 380
102 678
6 666
524 163
488 211
305 164
561 52
844 442
284 415
337 179
460 44
751 255
965 782
978 363
57 909
369 771
763 778
332 981
487 457
431 603
38 219
545 622
866 569
736 626
528 630
520 75
843 37
633 876
757 662
407 80
411 207
598 216
363 886
946 460
450 654
446 971
778 13
994 637
11 154
704 302
623 23
555 594
821 754
736 352
694 767
745 872
333 170
863 755
69 389
461 357
612 642
521 936
348 591
131 505
545 477
227 24
539 84
58 635
997 990
818 454
573 337
278 633
961 814
808 73
719 649
997 886
824 530
786 969
869 978
947 361
819 558
744 76
9 797
273 336
847 420
996 626
330 829
833 295
415 374
553 135
882 512
910 632
412 132
234 188
251 601
185 713
36 814
912 790
139 928
359 412
567 676
996 762
518 16
180 207
703 648
504 175
427 856
344 798
542 663
675 644
673 352
648 874
771 891
515 110
717 139
87 426
172 836
197 40
225 862
199 182
756 493
100 939
532 4
495 372
749 786
20 769
117 52
914 590
503 246
175 378
159 480
754 715
962 307
967 505
328 642
181 908
219 926
103 720
463 704
930 664
41 514
345 400
4 241
851 483
426 217
148 15
428 365
130 624
793 845
589 185
198 585
584 436
121 427
857 238
593 605
485 725
322 317
314 347
142 444
370 393
631 344
254 692
627 922
623 631
499 873
780 302
945 95
610 897
677 721
240 338
855 779
506 664
842 528
434 173
211 151
508 383
326 224
75 885
249 403
939 496
527 250
101 46
774 474
126 45
385 33
12 776
367 163
534 529
805 326
620 337
864 569
904 993
944 583
522 68
596 956
846 216
788 14
143 195
599 159
446 785
270 202
769 177
548 503
158 167
603 46
31 467
906 684
248 151
467 222
406 599
587 805
791 293
759 670
533 685
315 366
493 357
776 327
499 919
541 921
185 186
761 470
726 168
294 399
572 715
497 664
43 933
42 294
408 749
659 543
549 609
142 552
590 7
689 741
952 465
275 809
342 196
575 760
468 802
394 64
277 792
852 941
489 921
320 409
114 904
604 780
881 58
362 942
126 524
530 290
49 556
417 513
989 786
8 434
339 98
659 349
883 337
871 260
441 722
956 176
84 899
10 933
494 49
171 192
183 782
343 593
608 583
611 985
902 801
27 451
295 114
815 944
145 247
685 742
204 889
115 597
683 657
749 115
684 838
994 537
190 128
275 250
133 900
906 23
656 194
604 650
33 944
346 906
632 710
338 276
549 450
600 930
606 762
395 848
449 279
166 770
454 2
209 827
919 405
765 535
3 889
347 197
400 90
746 789
197 133
869 997
467 505
708 890
747 787
712 857
222 810
646 341
599 767
908 257
942 540
497 291
738 779
79 83
503 525
973 595
451 771
202 27
886 500
455 27
535 200
35 867
85 157
888 574
536 48
963 76
794 155
683 932
478 333
21 116
404 476
643 461
436 321
137 994
430 896
221 747
900 174
923 728
902 849
807 658
837 922
85 671
446 490
959 308
692 488
188 284
846 350
608 906
435 725
462 912
454 444
697 29
743 280
257 860
180 222
162 95
605 632
887 44
147 72
797 278
886 289
259 724
263 919
897 501
598 960
326 378
304 473
328 609
72 548
114 498
534 19
792 42
633 20
979 120
124 562
622 620
699 763
52 165
653 70
547 460
101 877
289 323
884 124
214 705
789 722
986 269
12 957
73 34
860 448
287 281
350 220
607 867
145 483
614 370
338 941
774 337
182 105
832 563
324 705
557 960
100 476
878 598
270 205
771 443
596 679
371 429
235 454
981 614
195 629
666 18
810 510
938 146
50 46
815 329
844 337
528 166
398 484
247 491
413 813
766 991
48 106
77 143
792 306
585 906
309 187
508 343
238 687
673 941
166 315
219 333
882 61
977 538
306 373
978 997
558 154
237 382
688 986
853 865
949 622
634 597
780 650
581 703
539 590
482 12
98 65
667 938
340 234
50 783
782 201
405 345
576 310
849 386
50 501
325 655
84 638
486 913
464 392
660 85
702 603
797 258
344 591
756 982
265 554
80 54
881 702
410 82
296 194
580 333
308 500
495 887
365 619
223 369
24 594
94 265
240 276
236 533
566 555
109 833
730 746
233 669
997 363
484 135
674 882
733 600
757 863
143 659
994 490
296 571
737 506
463 302
612 277
860 899
491 874
802 680
839 931
780 63
513 485
384 388
965 270
87 568
482 972
680 312
747 36
557 382
898 818
319 355
47 116
507 902
507 717
624 364
61 290
877 791
995 64
841 984
942 60
39 308
513 796
743 272
353 951
651 240
334 706
836 953
728 237
784 543
47 969
985 834
424 151
574 207
861 526
90 556
414 968
169 951
364 339
287 815
126 284
850 198
201 570
380 141
63 784
905 6
33 325
12 77
188 711
273 669
160 204
57 996
160 3
179 991
566 227
206 627
162 662
167 796
77 735
657 184
663 147
984 742
957 250
785 904
209 772
626 858
329 752
665 285
640 428
139 340
903 752
531 797
255 266
560 154
870 570
35 559
301 381
831 583
302 288
956 415
259 180
966 640
936 995
583 619
554 144
544 948
321 976
0 489
29 286
388 776
248 962
2 174
975 347
920 10
660 671
241 226
552 801
980 121
718 857
773 690
310 73
406 79
100 247
602 868
413 42
191 261
924 600
234 284
467 848
260 898
880 983
147 137
234 631
272 293
808 17
393 343
307 656
761 189
622 88
724 390
340 723
6 734
830 261
701 350
417 752
356 239
489 374
59 878
452 309
138 116
782 453
422 708
208 582
754 572
950 577
89 899
727 391
679 509
386 502
855 318
176 681
716 585
83 437
299 801
426 626
119 838
174 355
318 654
41 95
218 633
24 269
825 90
462 832
93 83
534 87
408 938
61 877
444 2
915 842
841 742
380 980
376 784
66 172
682 561
678 292
386 778
250 370
387 82
871 739
646 210
48 495
107 21
511 604
834 984
397 423
259 542
358 371
74 759
777 351
587 383
812 342
344 269
645 530
552 891
697 862
271 677
191 107
772 447
775 562
448 152
306 42
572 993
947 399
740 558
628 573
981 177
925 171
424 158
341 934
837 839
373 643
425 122
636 812
564 613
456 445
244 754
654 300
296 110
517 450
586 140
678 577
683 1
297 249
794 669
907 481
222 297
822 318
728 929
903 586
553 885
498 585
316 514
998 235
977 684
317 495
824 645
799 637
903 140
999 576
859 894
806 882
33 305
225 234
260 862
155 250
918 560
630 868
276 463
251 586
579 431
606 756
967 472
23 16
150 298
233 145
511 434
954 85
312 366
968 379
642 847
2 319
577 360
7 154
972 611
492 530
877 211
316 466
721 656
742 733
908 860
553 781
468 267
626 486
532 241
863 583
530 560
624 475
618 475
773 635
405 434
441 971
403 32
274 460
416 216
69 209
715 993
95 314
346 562
737 73
913 798
544 122
221 571
315 112
817 538
374 587
970 37
170 81
933 828
739 936
964 190
290 813
332 341
385 325
12 251
63 376
916 685
4 71
706 930
629 943
252 986
828 367
647 285
667 544
474 500
296 253
820 403
772 245
732 614
9 30
584 658
729 94
499 560
421 397
845 133
948 825
131 652
574 150
318 450
687 217
672 199
298 14
935 364
118 102
109 367
781 31
580 219
92 846
820 32
437 544
958 522
387 11
765 166
564 468
396 746
657 476
675 83
355 483
247 69
562 217
291 25
762 888
868 160
839 375
125 948
918 548
594 269
552 359
38 543
563 987
28 37
504 378
894 118
180 428
827 339
213 190
748 164
431 811
745 129
649 905
611 351
61 735
76 26
0 541
357 66
186 459
21 881
168 438
713 377
815 169
707 6
696 264
832 912
464 298
91 974
389 982
96 468
271 721
907 567
576 138
949 649
92 278
216 960
173 253
478 113
770 357
768 835
106 183
911 372
334 402
143 969
800 932
203 777
578 494
236 470
270 453
890 589
78 231
991 547
198 978
865 143
896 945
855 719
712 446
775 391
226 907
461 749
690 169
304 488
135 803
526 407
560 768
432 805
456 581
737 153
571 126
312 893
735 304
453 202
865 910
235 444
921 849
368 468
216 161
13 190
110 783
297 91
740 178
335 407
907 254
859 118
814 457
366 153
828 823
558 831
883 393
729 265
214 531
898 142
912 827
52 156
215 920
986 691
511 352
620 173
418 704
974 955
967 858
7 558
791 231
964 128
785 65
672 75
682 117
987 742
471 861
108 668
286 133
418 252
15 185
23 631
884 803
630 770
826 255
795 557
827 98
512 565
551 760
112 75
731 390
904 887
99 241
783 559
329 944
343 588
150 464
466 324
751 826
785 642
650 63
798 425
661 643
327 819
224 868
310 808
827 396
200 267
212 840
794 145
823 112
826 481
241 213
417 990
526 438
965 819
249 617
594 730
76 404
801 982
526 265
652 649
668 507
597 617
658 74
221 274
359 48
372 324
657 821
836 779
215 640
209 89
70 123
733 506
937 494
565 812
658 759
895 727
316 395
269 396
923 930
300 795
969 477
843 909
843 700
836 758
519 111
472 479
32 85
601 800
380 890
222 348
362 408
522 10
5 558
141 121
597 836
798 370
519 895
32 568
266 611
246 868
687 755
129 918
214 641
974 660
103 683
854 632
583 905
457 675
524 471
879 655
620 439
111 605
816 225
605 710
447 949
257 448
690 709
42 661
639 56
812 433
398 469
982 712
387 985
795 512
53 425
985 965
586 55
203 879
511 80
5 243
473 227
161 43
548 560
261 781
173 751
155 708
521 995
652 532
427 387
354 383
638 462
476 850
914 64
856 11
524 676
424 691
911 324
688 904
375 699
483 227
24 94
391 943
867 383
11 421
22 62
191 268
840 400
695 692
35 469
866 193
56 318
732 25
311 693
410 783
193 989
534 469
508 201
721 317
609 458
460 504
961 178
262 3
655 178
529 378
619 627
320 495
921 386
738 772
154 831
753 740
309 354
240 231
220 691
609 651
601 256
435 116
501 435
823 691
714 489
364 279
900 925
67 879
569 341
76 43
856 401
71 570
441 514
546 288
794 485
368 96
988 955
994 476
479 956
54 461
836 710
999 889
226 567
403 253
571 535
651 664
89 937
313 629
689 134
996 635
488 625
700 149
253 237
1 348
443 14
346 669
793 320
505 222
245 949
771 38
734 454
551 575
55 398
130 449
328 49
287 366
194 268
889 579
652 638
569 646
452 423
58 773
95 519
595 26
156 259
204 579
20 576
830 553
550 565
908 811
834 841
992 246
421 916
266 985
50 395
6 527
776 726
879 961
493 720
392 636
186 777
64 59
457 192
501 601
142 818
79 331
119 352
263 322
108 507
373 661
18 220
563 696
283 678
835 313
54 725
15 474
915 350
394 59
375 763
880 733
96 267
42 373
862 188
863 301
349 684
896 429
991 946
895 7
862 9
663 72
327 218
579 796
371 896
120 975
136 563
141 73
527 522
607 968
71 200
268 21
602 134
438 355
812 737
379 899
940 970
522 272
255 910
259 883
738 928
134 868
711 455
182 670
731 365
97 578
305 42
677 741
901 637
687 123
835 496
844 523
245 342
303 515
788 543
641 526
300 557
851 732
989 621
176 351
418 299
453 27
696 987
389 926
239 692
763 664
99 561
141 486
106 332
442 255
412 208
813 478
540 356
43 274
480 361
995 394
194 191
21 859
363 289
344 199
298 392
122 909
693 201
656 191
863 381
292 36
409 287
244 113
809 592
644 295
146 626
720 174
931 699
533 615
704 546
925 192
189 32
650 873
535 492
34 885
666 205
72 131
56 231
681 220
693 508
163 758
479 596
106 981
846 248
920 810
376 261
898 104
458 310
224 411
567 254
416 598
525 395
636 737
536 837
646 509
785 612
538 511
487 115
875 13
320 287
826 266
165 278
148 316
233 811
811 603
367 804
146 858
555 24
939 907
263 303
455 0
45 919
501 89
695 621
283 790
243 130
264 331
642 792
439 173
744 943
208 720
437 935
323 982
256 330
535 537
484 884
274 336
816 862
590 843
285 370
959 402
209 230
288 965
875 554
868 3
384 205
891 838
710 625
509 891
581 196
319 483
60 616
616 135
715 998
702 58
592 729
175 937
804 975
970 767
683 148
381 39
432 628
61 263
851 614
940 694
274 144
861 556
951 830
864 646
493 513
307 336
136 615
17 414
441 279
143 681
648 5
545 789
121 387
140 569
217 905
829 634
927 502
511 510
573 883
520 885
196 514
167 494
588 593
801 137
860 929
643 357
149 525
451 369
975 197
397 865
128 465
375 446
280 19
401 529
568 576
365 206
858 486
115 836
301 25
61 415
497 869
326 244
102 950
59 416
123 523
971 591
719 652
987 264
187 747
872 518
750 659
423 340
946 44
127 54
739 260
330 979
825 928
408 770
784 536
129 309
84 475
457 93
510 680
715 686
243 973
794 336
503 434
193 786
941 971
281 329
725 206
499 154
331 112
77 475
578 796
17 946
242 4
702 773
662 393
710 804
806 674
585 346
132 119
874 180
680 893
64 878
665 196
574 228
661 461
670 508
901 314
179 917
44 175
983 90
374 681
774 164
277 306
730 396
8 639
358 543
70 112
496 195
27 223
23 133
9 46
308 876
781 967
291 978
289 389
378 494
870 71
221 128
570 799
168 521
596 415
89 844
19 695
295 688
55 419
325 595
172 594
727 910
589 399
459 383
422 22
332 610
285 662
158 818
419 398
659 360
970 697
505 220
120 728
502 45
264 172
201 38
97 321
790 312
753 143
847 910
43 19
608 863
962 836
634 115
758 144
90 602
433 422
498 716
161 19
29 271
232 368
517 448
838 876
234 127
714 147
809 311
339 516
81 411
699 770
887 600
980 994
401 421
897 50
531 893
882 533
474 707
698 513
406 761
756 782
340 200
228 706
542 941
354 133
98 708
893 366
981 579
981 312
262 894
471 682
113 465
928 9
473 23
680 171
976 488
178 225
799 554
894 283
218 278
221 140
813 745
225 760
8 31
360 349
502 919
471 140
848 470
153 420
845 806
814 10
345 564
330 749
794 445
676 539
671 215
118 283
62 864
939 69
255 750
963 579
213 907
639 999
260 412
278 20
807 584
800 395
855 512
557 771
759 456
998 734
532 671
638 913
401 397
91 249
912 696
924 733
