0 1709
2 1368
1947 899
4 100
1946 50
5 609
1944 654
7 900
1943 308
8 1378
1942 1392
9 1143
10 927
11 1000
12 1287
13 1111
1937 1426
1936 454
178 867
374 1898
1902 512
1876 1666
317 926
1046 1119
916 1604
1661 1889
1123 761
1075 1480
1 623
3 1057
1948 1093
6 1895
1945 358
1940 601
14 1397
1938 314
15 1888
16 1062
839 914
98 337
370 1883
463 1562
1617 108
454 371
1542 10
1151 243
1949 1547
120 250
1124 354
643 1173
1921 1632
797 714
806 721
161 1609
1104 1833
1829 1704
18 1815
1105 1729
1110 571
825 764
480 329
525 1577
1885 773
39 1726
358 767
17 425
1098 1684
1799 1227
811 1469
941 1193
1441 1428
393 1306
359 1691
1165 52
1048 196
985 915
1867 1231
838 1203
1760 1337
1575 1
19 1179
429 1078
1359 883
775 1631
1016 1295
751 535
1772 1007
1470 1260
1493 891
1319 782
24 1655
1426 1187
1779 1255
1438 808
1745 1529
20 1025
1941 1911
106 1055
1291 1409
76 717
226 1933
1299 636
1653 1322
529 610
1193 1603
1274 1383
592 1326
690 302
298 1482
1657 1548
1017 1015
1355 834
866 1146
21 143
22 860
23 1654
376 1453
1141 246
1689 344
484 686
1296 63
1918 416
90 1041
345 1376
1408 1160
780 145
1294 895
422 1164
1067 1292
995 213
318 415
1107 961
222 96
101 1719
683 254
25 1501
1855 434
962 666
313 1379
1722 1017
230 1168
1490 1710
663 1747
125 1877
1816 1385
26 779
756 1905
350 1782
149 1921
1223 1550
1505 160
267 1887
564 193
578 439
1627 981
254 1660
273 1023
1335 134
28 1107
923 77
1639 663
363 132
837 1098
1545 909
1840 214
1063 51
218 879
928 802
1129 198
1225 1393
29 1534
1499 533
240 684
692 790
570 1352
1831 803
1454 1005
1595 938
82 1776
355 408
704 1387
1399 1772
1577 1279
27 1315
30 1298
381 934
118 1748
1423 164
1656 645
51 269
562 472
815 219
854 572
482 1597
380 1194
1148 1233
444 94
919 550
1845 1674
1363 1923
31 1380
291 529
377 740
1741 947
779 1612
1759 1526
246 39
702 864
1773 404
1684 593
1416 552
898 169
1091 1060
32 1208
33 648
1856 722
709 1425
547 37
909 1221
443 461
54 1916
1287 755
611 732
34 973
1866 986
965 22
297 694
937 1241
1010 693
1231 960
873 1842
79 1190
1037 1848
174 1047
1460 1049
1534 795
865 985
1269 992
136 426
1597 1617
1237 872
1020 1876
520 1085
1774 866
255 1377
242 1746
324 484
396 1474
163 1814
1429 297
35 1099
36 1370
1915 800
1305 1102
652 221
1467 1332
100 1243
1215 1528
259 599
624 162
1322 1564
473 78
301 1938
508 473
511 1750
1300 669
37 588
38 1715
1917 1331
1932 1451
117 353
1276 894
375 678
1160 149
1613 357
1752 278
413 616
1666 763
850 893
734 577
203 350
1538 707
516 1569
1444 1502
356 23
587 566
1671 1810
133 1470
207 685
940 1513
1714 1682
889 1296
1398 1789
1755 1733
901 6
530 189
339 1386
309 931
40 347
42 248
1435 1328
609 928
1633 1754
184 1677
915 1874
696 1344
550 1487
982 1707
337 821
1612 194
1385 525
43 1872
1713 413
1509 787
162 1040
782 596
502 959
1576 551
519 1591
290 30
881 766
950 1381
1757 224
1896 990
386 742
1297 222
1883 995
70 1290
198 139
1468 1687
41 1104
1828 1280
1327 1070
561 323
847 1924
1089 1400
1280 1421
777 604
1101 1864
44 293
45 575
46 1406
1345 117
1853 140
127 1907
1458 178
518 1172
1472 1853
1333 1024
47 1830
468 1342
1487 397
156 457
1163 1077
794 273
48 1913
214 841
1397 338
1410 1437
637 186
1222 1910
1640 657
613 290
49 881
792 1579
699 474
73 1781
1606 1416
322 1915
691 309
976 1272
1515 1021
50 478
315 1215
130 1558
295 481
997 86
1608 334
1723 991
107 130
1044 5
1157 1309
1381 1038
744 1086
678 171
1736 1865
1636 1286
1230 1826
52 655
485 359
747 1417
788 401
1422 887
1238 1488
169 1415
321 718
615 1330
769 11
705 1900
515 831
1756 322
676 262
1118 519
1286 1647
465 632
952 1052
1811 1210
53 673
650 683
91 670
1146 1523
816 896
135 1156
1158 13
197 1433
1019 789
252 1873
1544 1270
191 1803
1131 1557
1696 85
1803 318
1880 850
55 748
56 862
1073 1663
129 897
1342 1429
362 384
959 1244
813 444
455 1651
563 1033
722 1245
1863 842
168 1749
1218 105
599 1855
548 174
185 536
1164 281
845 921
1336 199
319 1741
1806 1254
534 264
776 486
1658 183
528 1068
105 1511
1254 625
1278 661
1033 846
57 1401
1462 142
500 310
1159 1220
330 502
1243 874
1931 448
1178 15
58 1140
59 1641
60 1820
1720 554
1914 1346
1332 1811
1120 1436
893 1247
61 1587
392 1157
739 1819
1692 656
1001 159
1284 321
1792 0
820 851
875 1364
841 679
944 1317
836 524
924 1786
1739 603
1547 796
1351 595
421 272
1875 738
849 1614
62 244
63 1745
71 892
1212 466
830 311
1618 294
1080 1252
1087 1627
1868 231
689 60
1078 1702
299 697
177 1669
627 363
700 469
1798 70
1823 349
64 151
65 1142
905 1752
884 904
450 438
878 116
1414 107
194 166
1200 941
1125 508
1477 1327
449 123
1701 1442
1122 1505
66 494
862 1867
287 455
1833 435
1649 1771
934 786
1387 1225
517 935
67 706
68 381
253 17
1478 589
1744 1692
994 751
1173 969
1382 1765
478 1598
1445 218
217 1610
1204 299
1009 1499
69 540
236 1124
628 956
767 148
112 106
943 1486
1748 1427
142 263
155 692
574 1026
1502 119
388 1155
1262 612
891 698
540 847
1185 1673
1346 110
154 1412
1819 172
977 1059
532 869
1719 1928
72 970
1882 1257
1400 523
1888 385
554 987
886 537
1130 741
1247 823
1675 832
146 1607
852 1925
953 330
963 497
606 279
647 288
1884 1727
1795 240
1622 227
590 543
74 167
589 1361
1920 1373
1507 1446
748 1736
798 307
993 376
414 233
1264 1288
1864 1032
1307 1189
75 1578
423 885
596 1407
1113 1531
1599 256
1500 80
1121 1205
475 267
684 1229
320 978
1660 38
649 1656
1778 182
851 516
1646 1284
498 420
1267 1802
600 1138
1584 982
773 1199
1390 364
77 209
78 1016
990 1333
341 1648
677 418
1250 137
1716 1127
951 1490
653 650
249 1414
582 324
1032 1837
1375 812
1841 295
80 617
327 1871
487 407
183 843
594 68
503 1004
1707 1532
1242 518
521 81
925 759
81 1530
476 1633
83 1384
275 16
1607 1181
888 141
752 1291
323 793
1473 1690
84 1121
1047 1022
1822 260
179 567
1511 1492
1401 35
560 1341
1848 1893
85 1484
795 837
1645 412
1548 304
1801 1827
774 1927
491 1671
1391 729
89 1340
1862 1163
597 493
1188 876
1099 1622
385 313
1910 57
1076 1219
1673 1082
417 1151
1629 1092
996 1561
1872 628
954 259
87 1263
88 1551
139 980
1776 1339
601 564
989 993
1827 176
86 1232
1216 1321
113 507
608 402
1712 506
859 1335
1341 287
688 1539
1781 1374
817 1112
727 1545
1226 1422
1588 1851
840 1217
1596 700
666 526
687 1303
1747 1289
535 1940
1279 622
92 1589
1838 736
1394 829
195 737
470 475
227 1861
1517 1269
187 1824
697 495
241 1473
93 20
1097 1115
1330 966
1797 644
1317 202
1065 34
1463 1760
659 1836
1643 538
523 1701
210 59
1412 871
514 1043
434 664
1116 1930
316 709
827 1238
333 1496
1775 1500
1352 1132
94 997
1189 1773
110 1860
1832 1572
772 1212
96 771
1553 156
1758 858
1881 1135
1873 1308
95 772
97 1570
660 958
533 1659
153 436
970 1039
1513 890
1742 1258
939 1234
967 84
425 819
758 374
1144 483
755 1507
99 87
1150 840
1690 1456
223 1197
209 184
713 1554
261 422
931 1643
1625 91
389 204
1897 528
366 1027
437 403
1302 1783
340 1566
1303 216
946 1182
102 26
1482 492
1040 1450
1234 82
966 888
1691 1908
955 1161
1464 111
1686 1806
232 776
834 626
314 1503
268 514
1062 255
680 1527
104 1737
180 234
400 1795
895 1821
828 1237
1083 1843
949 1150
1388 429
159 503
1826 807
1236 1613
1814 127
1459 769
1683 1897
980 1829
1439 1759
1837 235
1069 1506
1172 118
103 1006
160 1544
1705 817
1812 1799
768 798
793 1248
717 115
753 1105
1261 1730
108 490
109 1402
229 1235
1506 257
1389 316
960 672
1735 424
506 1881
902 1850
432 1595
111 1636
622 113
1347 1546
1573 55
1927 649
360 590
819 1460
921 696
1221 930
932 1584
1582 1362
1022 471
799 1649
1421 1293
1292 417
1437 1768
541 1785
237 326
190 579
1268 1606
1298 1019
1404 1266
114 362
115 775
1180 1635
929 1565
1930 1261
714 1796
1443 805
1450 1764
116 1447
467 1228
1791 1074
1651 1216
402 409
1088 1744
623 31
1114 710
796 1846
1710 788
1489 811
119 1444
1512 410
1603 1281
566 1902
1495 188
456 195
280 1875
438 734
382 1408
479 253
616 582
199 1312
173 1638
1259 1010
1102 370
645 265
121 1404
122 907
157 510
1788 1808
505 1948
822 1398
123 1481
278 1852
1184 614
1481 750
499 1576
802 677
1031 820
124 855
1805 365
1360 1348
1695 7
1642 1423
474 1149
1436 1809
1176 1214
524 691
1579 1307
418 1277
760 615
737 203
1257 1904
1558 562
1290 1066
1186 242
1364 1310
1807 682
239 158
1824 1630
344 1621
1045 785
270 1838
128 291
1869 1097
710 627
1192 922
137 784
247 1002
176 1805
145 583
1258 586
1891 1543
126 568
1620 177
603 36
158 1226
293 1841
131 1812
1235 1029
771 1159
325 1485
1109 1845
1731 1536
665 1653
1167 1788
1808 1639
1115 1224
200 1494
132 940
803 681
1070 1542
1253 873
765 1091
151 1141
1277 712
969 1067
1053 671
1260 144
1318 427
1442 187
1594 372
1846 1522
134 901
1024 667
1809 1117
1455 1774
1241 716
1768 1508
741 470
682 1198
1003 1623
736 653
869 770
481 1479
1415 1509
1637 232
1453 208
1554 325
1804 633
558 573
1890 971
1368 1166
679 241
1198 1461
138 719
556 778
365 197
695 1678
296 689
610 1213
1766 1435
992 327
140 957
814 1042
403 1817
141 1054
1815 1761
927 315
1466 42
1537 1693
1581 1239
1025 1825
667 1681
1874 1169
565 1471
457 944
1197 1859
1014 1454
1431 298
143 1624
196 912
1665 730
233 341
1149 201
1568 1818
885 629
1677 266
1541 1148
536 1739
1344 282
617 1130
144 285
1379 1645
1924 1246
986 1555
913 613
305 191
1591 1657
1702 515
1295 902
604 19
147 1700
148 8
549 251
1623 774
618 212
1093 1382
1694 752
188 974
908 1840
1407 1533
452 878
150 905
364 382
379 758
948 95
1939 1620
1135 1699
477 335
1337 378
1263 859
1860 828
390 1218
1852 24
152 1301
1762 1885
510 783
391 1664
685 1230
1252 620
1641 1939
435 903
1698 1465
983 271
496 1394
250 343
1378 1891
1140 724
656 90
238 1718
887 918
406 1767
1652 806
1783 542
1304 463
719 768
1328 1839
1913 1096
436 445
1751 946
260 513
749 638
1085 989
445 268
855 443
1567 723
286 1347
1095 1593
501 975
431 1571
1516 668
282 889
1626 459
1071 532
312 1675
1026 1705
703 1901
612 1458
497 419
164 1497
165 1525
553 1343
1323 1946
213 296
166 1046
1703 1832
1449 40
1911 1535
809 643
693 200
1825 731
1030 955
1108 1128
1619 951
167 799
1527 1075
1369 1831
871 211
170 1766
870 886
404 585
633 1683
171 1282
1734 114
419 1418
1266 587
1580 1601
172 1751
807 345
1171 1708
787 1942
1616 827
1562 236
348 155
1145 651
1023 1686
1043 1207
605 998
353 754
1681 1662
245 226
791 1862
1096 1596
860 1549
1199 1637
1433 210
821 1113
1672 1101
1090 1834
1715 129
1718 1816
351 433
175 223
584 391
1667 1575
999 61
1916 71
1249 1828
1147 452
1543 833
1334 1329
1413 1725
1056 1369
1229 29
835 375
1474 467
181 165
328 206
1836 386
1411 430
784 835
182 18
957 1353
725 1886
914 690
1621 1445
1068 865
1711 1018
971 373
1050 1932
279 556
1006 58
1060 1048
1878 825
258 465
1560 830
1893 146
1578 522
1057 1553
248 1738
625 9
186 720
409 937
494 460
720 1174
1887 1123
1376 923
1630 67
1420 520
189 1116
543 1371
284 305
1678 1323
724 479
1061 392
1475 393
1898 1051
1901 1324
1905 1432
1565 64
1156 898
1926 276
868 1652
1432 277
192 1716
193 1650
1353 1126
216 1314
1005 1200
1899 794
1733 725
1055 1265
283 849
215 499
1600 1459
1765 49
1106 1580
1324 453
427 1668
288 1114
1419 1313
274 1847
440 1665
1457 1794
343 1504
1227 356
936 1510
1383 699
894 1011
1440 1003
442 509
1676 1177
1889 1517
1395 1191
1251 456
201 1769
202 688
844 1518
462 1089
942 1793
1728 377
1635 104
204 1366
354 1318
1865 1302
1484 1365
864 1037
790 89
205 331
464 46
1248 760
1821 1249
401 652
911 406
212 1521
206 1359
1039 431
1021 88
987 954
1103 1424
469 594
1049 170
1563 1717
1859 1147
208 597
1465 569
1583 395
1782 1723
619 366
879 1350
235 1918
1520 983
745 1800
1285 1914
863 662
712 1559
1207 1139
1343 1045
211 1906
1480 1611
1726 727
785 128
1843 65
1373 547
461 1600
1255 485
1338 1073
1638 640
552 1574
789 1468
219 47
428 1605
639 317
357 14
384 428
507 1389
220 976
1494 258
716 133
576 27
221 1552
1854 994
1526 1743
292 634
251 1056
489 1688
512 1560
234 1758
1483 580
1027 175
225 1944
571 1731
824 74
224 1703
1785 1176
1861 1349
228 1084
1813 641
1469 792
728 854
906 1399
1839 33
1871 421
1392 531
492 1822
1900 1672
231 1354
369 1410
1168 977
1288 252
1325 1495
1409 576
1709 1935
493 979
642 102
1011 813
804 1658
411 1299
764 1035
1680 702
1418 680
1245 988
1504 870
1655 207
896 1697
1611 237
890 1909
912 239
1132 328
917 1058
1708 387
1384 1439
763 1455
956 394
1615 674
686 1275
1519 1305
1312 1396
1503 131
671 500
1727 1204
872 280
1523 1917
1510 501
588 489
1233 1625
331 943
243 861
1365 1784
711 1357
244 1689
1275 746
555 1158
1721 306
459 570
439 1787
538 1756
1674 801
1810 1438
546 1202
1209 1431
329 43
935 1122
1704 964
1525 578
349 791
918 270
981 1922
294 319
522 399
1551 1567
1220 1311
1072 477
1308 1762
1907 965
433 913
1092 1283
1919 93
1112 168
1041 355
1183 1590
1934 245
707 884
1084 1945
426 853
1321 621
1679 839
256 916
1170 3
458 1363
257 1419
651 360
805 1452
266 225
1529 715
1367 704
1879 1735
1424 1285
451 1028
1137 511
726 1294
1928 367
410 1463
367 530
1858 1083
733 560
398 491
262 1929
557 1274
630 703
746 464
263 1472
395 660
346 1869
1273 1131
264 1118
1610 450
922 447
1556 1304
1717 1934
1447 1813
265 1903
1452 1061
581 1106
1029 1076
269 1807
1687 1013
1497 79
1175 333
307 283
1800 92
1434 1512
1557 1079
271 607
272 824
1152 1670
740 361
1654 1797
1647 780
531 1712
1314 708
453 388
1228 153
907 498
276 1524
1572 948
1354 103
1224 549
585 69
277 639
681 1884
285 1388
1564 781
1326 1520
1522 705
1688 810
1427 1316
761 936
829 342
781 1319
1094 1137
635 505
1540 815
281 1685
634 880
1521 701
1015 1356
1491 124
638 504
1609 1585
1217 390
361 462
572 1676
801 163
975 192
1155 441
632 1679
1738 1441
1066 1236
583 929
1700 687
1271 743
399 1206
483 1616
1430 173
972 1563
1377 1251
607 205
289 340
1202 630
1908 292
668 1608
303 765
448 1629
654 911
1552 73
1008 695
352 1791
412 1125
904 1740
715 762
1162 1180
1628 1849
694 1646
1767 561
1894 332
669 1171
424 584
545 658
1895 1882
1740 942
876 1020
1386 190
580 147
300 675
880 451
408 611
938 574
961 882
302 968
998 1184
310 286
1847 517
1569 534
304 1095
1753 1167
1232 1698
1128 1211
1161 275
1265 1375
1136 12
1849 1063
867 1250
1601 300
730 539
488 920
674 1367
306 1540
308 1694
1763 1878
1331 1592
900 185
342 1854
721 1411
979 952
1406 423
311 557
675 1154
415 933
1340 875
883 336
759 631
1632 1661
441 1264
856 1449
968 1640
1533 101
842 2
701 1755
1786 379
1650 152
897 917
1370 157
495 1008
1857 496
527 1920
1587 468
1570 809
1000 1259
1169 1031
1929 1087
621 41
1750 161
1559 1256
1448 180
991 1420
371 1186
591 1434
930 62
579 437
1787 527
430 1514
326 1240
1693 635
1374 1405
1203 1201
861 1556
1670 112
486 1223
1624 449
1724 122
818 1395
783 939
1270 818
1451 1014
1818 1080
1309 83
1592 1720
1820 125
332 351
853 1711
1350 136
334 967
335 75
336 487
1396 1192
1706 1573
577 1136
1174 1372
1550 396
602 1568
1179 953
338 348
1190 744
1456 1581
373 777
1117 44
1737 1778
347 238
1366 109
1796 320
964 726
1777 97
1081 1856
1082 1162
446 1680
857 544
754 1129
812 962
1362 1642
1339 1880
1177 54
698 558
537 1728
933 1462
1530 66
1585 804
673 1777
1903 1448
1802 48
757 220
567 814
368 99
778 1413
593 1153
1571 1034
1644 380
1933 1634
372 676
641 1188
471 1064
672 559
1315 1483
1289 1790
513 1775
644 400
1153 618
1077 1757
378 488
1589 1583
877 440
1052 1170
1699 925
1461 312
1925 996
770 1466
1771 1899
1546 179
1281 852
1842 1713
1561 605
1402 1297
1301 1695
750 1390
1064 1443
383 138
1780 369
1793 563
1004 352
387 1053
1877 1519
490 1065
1486 1706
1059 624
1313 1628
569 249
1834 845
420 949
708 1538
823 53
1349 868
1154 1336
1425 1242
394 405
1086 1360
1492 1931
920 1779
397 733
1789 1644
1428 963
1659 1804
1194 910
1566 1798
1743 608
1754 1792
1761 1753
1749 126
405 154
629 1801
1007 999
407 826
1213 72
1835 600
648 919
1614 442
926 1742
892 1619
1126 1936
1208 735
526 924
1051 606
626 739
416 1152
1485 1912
1380 1780
1329 745
1471 261
903 581
874 1464
958 25
1283 303
1922 521
848 972
1282 877
723 1178
1079 553
831 1262
1586 1870
1663 1892
843 1516
1358 1844
1912 274
1909 1943
1830 838
762 289
1074 1110
1662 1594
640 713
1508 121
1166 1491
1851 56
447 1072
1211 836
509 1868
1685 857
1784 1770
706 642
1536 546
832 135
575 181
598 1493
1488 1537
1697 368
1403 229
460 1896
978 389
1648 950
1035 480
466 1271
472 247
1574 932
1535 1890
1201 1183
1514 1273
1142 1403
1602 1175
1034 228
1476 1036
1479 339
1214 1325
899 1276
1119 1949
1528 1030
657 1145
833 1222
984 757
504 1937
1246 1618
586 753
786 482
1664 1134
738 1081
729 1489
1013 1879
974 1069
1769 1009
1524 548
1219 230
1870 215
988 822
731 1120
1372 908
1886 1108
1306 1300
742 301
1892 844
670 1541
1518 1144
658 863
1371 4
539 711
544 1430
1498 602
1598 1001
542 1391
1042 1722
1531 1626
735 1477
646 1345
1133 749
732 728
551 1358
1631 1109
1904 797
1357 545
1496 1094
1311 1478
1143 1602
559 906
568 1133
1590 1863
1393 217
573 1588
826 555
1634 1926
1181 1185
973 1667
1906 1253
1240 637
1604 1103
766 1467
1293 1476
1844 747
1028 659
1018 1050
595 1515
1729 1195
1191 591
1138 1320
743 28
858 598
1239 816
614 565
620 1338
1054 1351
1100 756
631 1835
636 984
1668 458
1187 432
1012 346
1850 541
1244 647
1316 1582
1405 1732
1532 383
655 414
1790 1714
945 398
1139 1088
661 446
662 32
664 1012
1549 1721
1320 1475
1501 1100
1361 1044
1134 76
1730 945
1356 1334
1746 284
1348 1823
882 856
1935 1599
1310 1196
718 98
1770 45
1764 1947
1038 1278
1593 646
1682 1498
1272 1071
1555 1457
1182 1267
1002 1696
1605 619
1923 1268
1127 1615
1036 1858
1206 1355
1111 1866
1794 665
800 1763
910 1165
808 120
1669 476
810 21
1417 1941
1205 848
846 1440
1725 1857
1539 1090
1732 592
1210 1724
1817 150
947 1586
1446 1734
1196 411
1058 1919
1195 1209
1256 1894
