0 346
1946 1313
5 583
1945 1732
1944 1811
7 45
1943 911
9 1375
11 368
1939 742
12 1687
1938 711
178 1403
374 685
326 345
750 961
1514 1921
950 1947
328 673
1057 1015
932 578
1491 1435
1860 622
1602 890
1 1012
2 502
3 1231
1949 666
10 1258
1942 384
1940 501
13 349
1598 1098
841 1129
835 295
372 513
429 603
1115 1812
1205 1257
1628 704
1561 485
4 1832
6 382
1947 439
8 178
1941 1239
1717 1148
121 725
1126 1819
1902 1344
584 472
1948 1235
15 1427
98 1319
161 520
1116 550
833 955
813 1451
817 1155
541 272
1903 1557
857 29
14 768
16 1800
1098 1049
1801 1109
643 33
814 1474
945 266
1447 1141
367 640
1176 806
262 1277
992 1350
1001 1713
1105 1576
1363 303
463 1700
780 410
1876 10
1910 1139
1477 1299
951 1822
830 1414
1337 867
990 1844
42 581
1818 1651
18 82
1291 1774
76 1579
1921 1181
231 1233
534 1208
575 1539
825 1175
1293 898
17 824
690 1515
299 125
1662 1079
1615 1850
20 1597
376 834
1141 1044
489 412
1301 430
1923 1210
97 1421
1448 1690
1671 1213
227 1438
19 1280
1408 1023
783 573
1936 1570
393 436
492 1552
335 1640
798 1228
683 676
1016 1737
751 832
241 224
1728 529
681 755
21 505
23 1756
838 1323
1653 1437
166 1802
73 964
394 1455
22 506
24 96
1223 1002
1505 108
215 232
1689 1305
273 1671
572 269
586 822
247 176
927 530
842 149
1550 118
1074 782
998 1053
761 584
1499 985
240 1682
697 771
1485 892
1459 1066
422 1217
96 1795
25 1901
386 343
1294 73
313 1097
1817 247
1731 1654
28 643
818 1310
858 53
962 1048
1154 1606
1772 1793
442 1603
261 1225
26 1641
27 799
291 1317
377 1401
1743 1221
1639 1762
1764 1265
756 353
252 1747
708 1899
1698 329
935 42
29 1900
30 747
1856 1814
709 75
1693 677
1067 1908
552 649
1048 801
72 571
1306 1912
31 1420
1866 297
779 1754
363 692
1831 651
946 543
1021 404
1470 1540
797 1315
454 376
32 641
570 1575
118 1297
1473 1619
1552 16
480 733
883 636
33 1583
1243 1816
444 1422
528 427
1722 1678
39 984
259 1729
1804 1288
482 354
1310 130
350 457
662 1854
345 320
1493 1393
1867 1166
34 1328
35 783
624 1479
1322 1702
1656 445
303 165
316 1187
1439 405
1627 514
1193 1937
36 912
1641 874
1917 1105
234 414
123 770
297 6
1169 1073
1840 1491
1490 1045
1629 19
37 361
852 1190
473 798
136 621
965 1445
208 624
532 1302
38 914
212 1532
1677 1006
1020 380
1423 169
1732 773
1415 926
919 1286
548 135
1597 579
1311 648
525 372
566 1311
1507 385
995 347
354 1835
40 1173
1915 1863
168 1821
508 607
507 1168
1773 1697
529 761
1595 557
307 305
897 760
1435 1699
759 1281
254 1524
195 998
216 978
41 907
1828 1528
1331 1936
1752 1874
1107 1716
218 1818
43 564
1673 702
1896 1085
609 683
734 823
133 1027
207 13
1114 794
1351 1279
44 116
1509 1719
587 1660
170 242
45 1772
1399 1680
1416 1358
1576 900
1885 536
543 191
468 613
704 1039
1297 74
149 857
90 292
1622 897
315 593
135 1691
1774 1877
46 1191
48 1833
1381 383
999 1856
1458 1765
686 55
1467 1569
443 139
47 1429
866 394
485 1653
1853 1353
1603 451
617 1457
940 161
804 792
873 983
79 95
49 585
615 503
792 1869
379 1127
521 1230
1418 524
915 551
1269 496
255 508
1134 882
1813 1174
50 328
51 954
1151 1134
1538 754
52 538
1544 1432
191 738
815 1064
997 1464
1136 25
764 189
53 1837
295 1692
1348 802
744 221
1441 1907
696 969
470 999
511 1458
769 1008
1868 144
518 282
54 1243
845 212
1338 44
138 1878
324 1326
1811 1657
705 1415
1663 147
515 1797
1887 560
1444 1843
56 1780
650 1663
982 7
1755 1271
55 939
57 1916
1697 201
1919 1934
340 948
1472 1108
1350 1252
829 262
1035 1290
58 776
392 479
739 1369
1422 974
1694 1320
59 1705
722 374
1881 1858
959 663
1487 845
1808 1424
875 1381
948 791
929 332
1744 1644
1029 1665
1736 426
720 24
1091 1922
1280 781
1883 790
70 979
60 750
71 1062
1214 1749
500 1272
1757 459
1092 958
1096 495
61 601
958 166
1163 759
642 977
62 647
1551 1143
1159 373
1432 208
1200 645
1191 812
1482 1831
1284 803
923 1723
1729 1113
467 1068
637 1138
64 1347
1286 1505
293 1193
1838 876
1756 1675
322 1298
253 1167
1478 570
1080 1462
1182 306
1392 1400
488 1584
816 1229
1347 1150
1462 235
1608 767
1723 1879
63 225
66 249
236 1726
905 1202
634 46
773 638
1512 1741
1768 429
65 186
574 424
450 398
1246 1759
151 653
169 1029
180 1236
1281 217
67 908
68 1755
540 183
1333 1475
884 809
772 1694
1218 0
171 92
1649 1149
1837 1928
69 106
1884 910
1125 694
381 1030
1148 1070
1696 1684
197 715
953 774
438 522
862 580
676 575
994 499
952 1304
563 1611
956 1647
589 819
1834 422
753 1224
1894 450
1299 175
432 1781
1282 1374
963 1731
1122 724
1061 1853
1613 1909
1518 597
493 1402
1920 307
1222 1123
856 481
105 134
1254 650
74 1799
1469 1447
1688 566
1104 873
554 143
610 157
1888 240
606 1093
647 1363
1824 1284
520 1386
893 808
75 1488
329 261
596 1040
113 1904
599 709
78 1801
1712 114
1778 1333
77 990
1344 598
88 784
1657 620
80 1154
275 1634
1033 432
691 27
886 1636
904 1126
878 397
1049 1933
1826 17
1307 1924
677 415
249 1594
625 377
763 1056
1528 1542
1419 1610
1701 194
82 1897
1636 49
795 847
653 333
1553 1388
183 203
785 458
1185 888
506 1283
1882 408
928 325
503 214
603 836
1759 433
112 420
403 821
217 1711
81 1417
889 1483
417 1574
1017 634
943 1324
1890 449
85 1497
1346 1454
388 291
83 267
1264 1670
1216 1895
114 1739
298 988
1247 1604
977 1919
84 1668
86 393
87 1405
727 628
1230 174
1593 827
1428 879
1131 1063
1877 1128
608 1178
1600 1766
1645 1646
1188 1071
545 697
1317 1449
993 568
1795 40
89 552
519 1285
92 41
196 772
475 1537
881 1380
1527 1501
707 468
768 1605
1121 1841
1097 1130
648 1337
139 1538
369 731
1468 1274
595 701
128 1787
1706 586
1935 720
455 1254
1815 473
174 1642
330 546
101 515
1646 172
1330 268
179 947
1584 1892
91 599
93 986
613 820
1769 51
1898 660
94 630
660 891
389 1399
158 285
859 1115
1483 1775
1526 1798
582 690
95 1382
967 1069
533 1188
1937 1707
1065 1413
766 1452
1150 1387
225 532
1412 352
514 222
601 902
874 28
713 341
1690 975
423 973
1189 1172
434 1107
1341 1352
1099 558
1855 997
476 1332
605 972
1302 83
836 1689
1907 63
351 604
847 1051
413 1941
137 1529
1486 1296
292 878
1046 919
1240 1667
1745 752
451 1495
1747 1007
1129 1485
1391 86
973 925
560 1905
99 1276
100 1275
425 1695
839 418
187 386
352 1824
688 1549
282 1425
181 670
401 818
901 392
996 1133
846 646
1083 1122
232 786
1089 286
176 1612
1844 841
1900 129
1463 1367
989 1872
865 323
102 1586
949 545
267 1137
659 234
1577 1334
1781 1661
103 967
104 825
160 154
1705 237
1806 1100
106 730
661 1867
1144 780
110 562
173 1078
214 610
941 574
1388 616
314 205
108 1010
627 700
1359 1804
1591 739
1643 1776
107 1645
1221 274
651 1887
827 883
333 1893
1871 664
805 952
1455 1407
109 815
111 703
190 1616
1272 718
1506 805
1625 1256
1440 517
799 1031
933 1357
408 1395
702 732
1180 1703
260 497
966 533
1109 1565
447 1057
115 336
320 1247
629 1240
163 846
1069 526
1394 294
1130 1416
366 721
1730 23
116 173
1088 1091
1791 1929
1022 816
1760 1704
1371 167
339 188
461 504
286 716
1930 1146
1724 1550
1421 746
1691 1567
497 252
237 1526
1277 338
1118 1362
680 787
117 1080
1788 1392
1438 1784
513 1431
1809 314
1812 37
1460 1157
119 1825
120 1911
278 388
505 1709
1003 1169
1042 256
1389 163
1184 1477
809 93
1108 1484
1292 1595
1445 1813
122 722
921 1022
1495 1116
1516 1473
1642 896
1192 127
954 1693
1273 220
1682 1757
124 181
740 814
826 84
1382 246
125 1618
1094 813
1587 1036
382 1864
360 1536
126 152
127 437
1620 1359
165 431
1735 1376
418 190
1846 1650
1360 756
787 340
129 100
665 1453
757 642
1172 89
714 1264
1565 36
1298 1885
130 1309
1186 707
1926 1740
1707 1889
131 893
1869 682
1323 413
802 233
1390 1655
132 390
477 1839
1476 54
1814 1214
710 1024
1260 1200
1618 830
1426 1227
796 230
700 1587
1235 1355
1830 1847
1567 1054
134 440
736 868
741 600
803 99
1695 223
576 1778
1258 797
1786 399
1070 1783
822 58
931 945
1542 1828
1142 310
1044 1207
1874 932
1534 370
140 102
1025 953
481 254
1679 1728
1848 78
760 1815
1167 1111
1554 331
695 1656
1006 1561
649 311
1558 710
141 674
1807 872
142 421
1466 1940
257 734
143 565
305 669
1379 1590
565 453
1197 48
1793 1468
1253 171
145 1573
549 1842
623 1927
202 9
1517 1067
144 1686
1236 1267
1623 1578
910 1338
1008 1593
1274 512
460 59
1586 195
325 737
147 72
1353 1384
1406 852
1149 864
1135 531
364 689
1334 1248
1640 1494
1637 1385
146 989
491 454
1714 160
399 963
1581 308
701 1145
150 934
925 549
755 371
1703 592
655 1032
281 1038
435 1282
1030 38
689 901
524 101
148 740
152 1082
1407 905
406 991
1266 1021
1014 1433
1541 20
153 142
421 1817
154 894
155 1582
1654 1673
1762 1000
983 8
735 316
1932 528
597 492
512 844
598 838
626 277
1651 1075
156 1316
157 1577
1220 778
1783 1559
343 207
754 793
1267 976
250 1629
1702 775
233 1556
821 949
531 159
1568 957
1872 1935
888 699
1797 831
974 315
1095 1788
436 1047
721 406
162 1607
553 1450
321 1865
1313 1836
1928 103
159 1209
164 1411
960 1827
1842 71
358 728
465 1894
834 1329
1373 170
414 1330
882 639
729 1261
167 1803
1798 1525
955 483
1403 705
185 587
1571 391
287 1356
1175 1862
793 206
900 1852
693 1758
1064 69
294 523
1140 1764
296 97
1023 1925
1713 942
359 968
1405 369
1686 238
1742 494
1063 516
1358 1614
535 363
876 381
536 1242
172 403
1075 1028
1305 713
585 588
1328 1076
1199 470
807 1092
383 1448
175 959
867 1846
1127 1910
419 334
1933 1939
1543 632
957 1189
1340 244
501 88
177 582
370 909
1906 858
1128 644
1563 105
1158 1920
1841 1679
887 447
1891 1506
1110 435
1616 871
1084 544
410 1198
1667 187
1893 1003
1734 64
669 76
182 452
1562 14
872 1019
810 1203
564 1472
819 765
424 1110
1386 1206
870 1727
184 1601
895 865
725 811
742 655
186 1300
1475 751
698 1676
479 1041
248 1599
1715 15
188 719
1931 4
1411 826
242 407
189 1782
1357 1156
478 1930
1413 848
1318 441
1045 1391
1156 1809
1573 350
1880 1861
284 665
1666 1058
1270 1794
1060 1335
1779 577
1242 609
193 283
1055 1185
1162 81
1056 124
192 1823
194 50
1324 355
1908 1160
1761 1748
1621 327
547 1944
1437 465
1799 1602
396 1871
279 1509
898 671
1037 1902
445 155
1862 1050
198 1118
1383 843
1873 1706
1895 131
1157 1949
288 1639
616 1215
200 1373
378 112
636 1120
1607 921
201 758
462 1260
355 1366
1024 1752
1683 1721
203 478
1484 241
1072 276
593 12
469 1591
1832 904
199 625
204 937
1901 117
205 1767
840 1124
607 527
206 652
1106 1662
1471 1855
1782 1083
573 854
1605 1095
1062 941
1039 608
559 521
209 509
1173 1159
1676 842
1249 712
556 1394
1226 810
210 1876
1480 67
1854 994
1250 804
211 1563
1032 1201
342 1733
1377 1112
263 288
1449 26
213 1773
621 736
619 1761
618 1289
562 47
1410 490
1145 213
1285 833
639 849
1511 1820
1257 1923
1494 80
1229 1917
987 1498
1865 1295
1638 168
449 960
220 65
427 1001
219 541
1237 929
245 563
222 889
879 1436
384 109
1660 1396
235 1938
221 1465
223 1322
1093 567
1465 402
771 3
224 313
1248 113
226 1490
794 627
1670 1349
1398 807
728 547
1300 1848
228 68
229 1176
1015 1918
1823 1708
782 1522
230 1518
979 444
800 318
1263 1715
1522 594
1255 128
892 944
849 936
716 853
1265 1469
917 1136
1027 1511
824 1548
1241 438
906 1197
1617 122
784 511
885 1683
1708 1244
1316 723
1497 1786
1011 1090
357 356
1496 359
411 1849
811 706
1474 1331
239 1287
412 1868
1168 271
1365 1568
1102 1633
855 1327
502 659
1372 913
561 140
238 1314
730 688
1580 918
1785 615
1546 456
243 32
1227 119
1929 409
1819 156
1934 339
902 280
733 1627
1401 1099
1325 1504
1404 1269
246 460
1709 1250
776 1020
319 248
244 1624
1289 951
1395 1060
1326 1745
433 1046
1796 301
724 91
912 200
1132 591
523 211
1047 476
1727 877
981 916
1053 56
1321 1760
1606 1533
896 1016
251 184
745 312
1179 151
1857 1746
844 1771
1767 1560
327 1637
1215 1354
666 654
1800 401
1385 491
256 493
988 482
457 1617
1233 829
375 1551
331 542
1816 687
1749 617
1912 52
749 1555
387 1860
557 835
645 749
1275 1620
1013 138
1582 1237
775 218
1763 30
380 569
395 77
1619 1117
317 657
632 263
258 860
578 245
1911 111
1845 675
1704 556
684 1943
1155 1014
498 1216
1569 396
1655 1623
1137 1738
788 635
264 1204
266 769
1685 31
922 935
407 39
268 197
1687 631
746 1065
1858 559
1224 1009
265 1348
269 785
628 500
464 1534
1515 1763
346 1343
1332 924
471 1724
271 1482
1077 488
270 1615
272 1547
344 480
1366 1460
1113 743
706 378
1579 43
790 1212
654 132
732 537
942 364
274 618
1152 1626
276 484
285 1516
1699 250
397 590
1446 851
1228 1588
658 1677
1111 1566
1431 148
277 236
1454 1033
1073 1025
781 1915
1287 1270
1835 258
692 1088
1504 1307
1239 869
280 1268
1753 1101
580 335
1588 302
980 60
1564 365
283 1743
1066 1081
1078 1487
404 486
1716 534
1770 1195
1792 296
1557 90
1040 1888
550 1251
1748 1459
1909 1471
1041 146
1217 1303
1647 1478
1436 1545
752 1880
1202 667
289 1084
718 1562
1174 35
712 1199
1529 1870
290 104
670 637
832 708
1004 1489
1751 1106
978 1222
635 1598
770 1572
1276 539
678 1205
1766 1
679 1942
1278 1470
437 1011
937 714
1847 717
1614 684
1539 1456
300 1698
1238 1735
301 1179
828 1519
1589 1507
880 21
1283 837
310 1144
837 1114
668 1042
1720 1412
304 434
1424 1378
448 489
1658 192
302 1404
1594 1151
916 1440
672 1714
1161 1096
306 875
1634 856
308 1674
309 1931
591 1751
440 264
311 1492
717 228
863 885
1082 351
801 1135
1457 1171
1160 1439
1194 1643
1668 1241
312 1463
1370 1142
495 1508
1601 850
715 498
428 1502
641 1368
1570 1806
791 681
631 839
853 466
1244 1419
868 933
674 475
318 1510
664 1891
1009 1273
894 1543
1120 886
594 387
1000 1346
1028 1184
579 1245
430 251
1559 1881
860 1018
415 1669
1231 239
323 487
1245 1291
1434 1589
861 1466
1886 1306
1675 1219
657 762
1624 1481
1213 1521
971 145
441 1164
1319 903
646 1734
1368 1785
1420 855
486 965
1794 1255
1610 1308
332 678
1396 367
1384 1292
371 796
334 1089
970 1361
1545 1535
336 469
1430 1554
602 1132
361 561
850 1325
930 461
1195 1658
338 317
577 1444
1710 1932
1741 137
911 319
569 518
1631 358
337 741
341 1688
1123 938
1456 1859
1005 1426
1087 1339
1479 196
1599 79
1592 474
347 1072
1376 1226
348 614
349 928
938 1546
972 1840
1279 477
675 419
1681 726
762 828
1899 1493
353 763
964 1165
1210 1052
1124 1379
1726 284
356 596
907 1182
975 1666
1043 153
1905 870
843 1503
1362 859
1548 330
362 326
1339 962
673 595
1721 1681
968 1520
510 1664
851 300
365 1886
368 177
1397 219
1863 1086
1375 1838
487 395
1427 1410
924 1744
496 1131
1611 448
726 1262
1802 1630
558 1649
1822 400
630 1672
472 2
1308 727
1513 279
1052 696
644 22
1068 1946
1481 133
694 887
944 182
373 1152
914 1807
1661 1631
1103 895
1443 298
908 1544
1256 1037
685 695
1852 1253
1378 1834
539 940
385 98
1771 1632
899 120
1780 226
439 1406
1523 1370
1309 862
1839 1371
1081 1443
490 1364
390 1153
391 861
1425 748
1700 1652
869 309
1502 1826
1400 1499
1925 554
1789 141
920 1372
1019 260
459 920
1821 1140
494 589
1271 158
1086 1246
398 927
474 1249
1572 987
1533 123
1843 966
544 1428
400 179
1566 1581
1026 757
1524 362
402 1790
985 136
1659 1742
1139 1017
1692 199
405 57
526 287
1295 379
976 1418
1825 519
1719 698
409 360
1355 993
1251 880
1234 1625
1829 259
1051 1005
1500 344
416 1183
527 442
546 215
1740 1517
1007 1163
1327 662
1897 553
420 243
1630 66
891 606
903 1077
426 1234
1492 899
1380 764
1147 1013
1452 729
1461 629
1827 1377
1583 1718
1335 1531
1914 779
1079 1875
778 1808
1204 605
1889 1750
431 656
747 1845
1612 1259
848 107
1100 278
1718 1340
1464 1467
1198 510
1367 981
446 1496
1644 679
871 94
1209 1162
1574 1486
699 185
808 917
1453 766
1207 417
1187 1622
1296 840
1536 866
452 202
453 1121
1750 1830
1177 164
1211 265
456 923
986 337
484 626
530 658
1864 661
1924 1026
458 548
1090 1087
877 455
509 322
1537 1389
466 216
1711 1736
1738 1263
1262 253
1288 1769
590 1409
1916 623
1387 1512
1664 231
738 1720
823 1914
640 943
1031 162
1754 1312
504 1061
1117 425
1680 1218
483 1043
1138 281
1409 1553
516 423
581 1480
947 1810
1329 1882
555 1527
984 946
522 1102
622 1180
499 1873
936 950
1678 789
786 1125
1918 1890
1784 540
1737 428
991 1059
1315 1211
1733 745
1758 1730
1206 863
638 680
517 1223
1870 1710
1303 1898
1648 602
758 446
1861 1768
1508 1621
663 1701
1777 1851
1143 611
1892 1779
1342 1596
1059 357
537 11
538 463
1859 930
600 817
652 1220
542 366
1556 1558
1836 971
1133 62
1674 289
1503 1884
1633 753
1219 416
1268 1913
1904 471
1433 1770
1417 70
551 619
1442 18
1369 1571
1212 1461
1119 126
567 443
568 1791
731 686
1547 1903
1304 970
571 150
687 1186
671 321
1652 1004
1364 1161
1402 1119
612 1194
1531 788
1805 1725
831 1351
1578 464
583 507
890 1717
926 198
969 204
1201 1441
1170 1147
1164 1514
588 956
592 1094
1488 1866
1203 1609
774 1829
1352 931
1171 1238
909 1192
1314 691
1510 293
604 572
1851 906
743 257
1050 180
1790 1906
1820 1383
806 995
1429 525
611 1580
1922 535
918 115
614 1857
1349 1945
1520 1753
1183 1430
1585 1659
620 884
719 1341
1261 273
1178 193
789 1104
633 255
1635 1318
1393 1685
1833 1342
1414 1266
737 1948
1101 348
1776 1434
667 1712
711 612
656 922
1038 1635
1489 467
1225 275
1450 996
1810 980
1875 800
1775 795
1166 210
1354 735
1153 744
1012 1796
1765 1423
682 1805
1596 1035
1519 110
1498 1638
1684 324
1451 1530
913 1523
1501 777
1361 1294
703 1442
1356 1883
1590 693
765 375
1525 1696
1232 1074
1672 555
1850 1170
723 1278
1181 1360
1336 672
1650 1390
812 85
1669 1926
748 1196
820 1177
1252 87
1259 1896
1034 304
1560 576
767 1500
1746 1722
1010 1336
854 1564
777 229
1002 1232
1739 982
1609 299
1036 1034
1521 342
1190 1398
1927 1613
1165 1513
1343 1600
864 1345
1320 1628
1913 915
1054 5
939 1608
1058 633
1085 1585
1878 1055
1076 411
1146 881
934 61
1555 1321
1540 1476
1787 1446
1725 668
1535 227
961 34
1849 1541
1532 1397
1312 992
1208 121
1374 389
1018 1408
1290 1293
1071 1648
1879 1365
1112 1103
1549 209
1196 1301
1665 1789
1803 1158
1575 1777
1604 462
1345 270
1626 290
1530 1792
1632 1592
