34 01 0.401334199303551
54 35 0.161165367117161
30 90 0.0292941993867115
11 66 0.0968355180860353
68_86 71 0.0074302072685424
4_5_28_38_46 89 0.0186307864289689
64 23_69_73 0.107607854228451
4_5_28_38_46 37 0.0093466162725872
29_36_52_63 74 0.0305127325028045
80 75 0.0010579175227854
15_57 87 0.0766869748668459
24 84 0.0436214842868661
72_81 13_43 0.0097049544794014
10_27 2_12_19 0.134147834644541
70_79_83 71 0.0080227460864709
3_6_14_18 72_81 0.0138087677315423
80 11 0.197791978829859
18 53 -0.0095154545502165
67 29_36_52_63 0.0154459645342733
23_69_73 47 0.0350644144863235
20 15_57 0.0252401571080638
74 66 0.073679085485217
24 3_6_14_18 0.0385604454805138
34 3_6_14_18 0.0392548765929113
01 70_79_83 -0.0215901394426617
20 90 0.0655887524891441
22_39_58 88 0.042133635904661
74 16_25_49 0.0116633016768375
64 76 0.0517999650020428
7_32 68_86 0.003037087165891
74 13_43 0.0088299816528893
80 21_26_51_60 0.0542773001910762
7_32 29_36_52_63 0.0268339350488443
80 33 0.0322609007940943
80 13_43 0.0410328756787391
34 47 -0.012963871633975
65 13_43 0.125228927555788
3_6_14_18 67 0.0316727886218387
29_36_52_63 16_25_49 0.0559684167815627
42 24 0.0295286351739349
37 15_57 0.0049310128902416
70_79_83 31 0.0836841532893518
62 13_43 0.0075593072441386
64 82 0.0195469200355806
40 71 0.0929892170199608
75 77 0.0121069176177053
72_81 15_57 0.066109605444026
85 15_57 0.0480228013149041
64 15_57 0.0922024644096126
82 23_69_73 0.0363504909583231
20 78 0.181663986848116
82 68_86 0.0570940376716526
85 65 0.100183418284013
34 10_27 0.0149669742738921
7_32 21_26_51_60 0.0298488087258814
9_45_55_59 82 0.154965512305656
74 87 0.130236589687001
91 15_57 0.010112178475893
11 37 0.0430013159100032
18 47 -0.0503472431033736
85 72_81 0.0461097853927009
16_25_49 35 0.0520621919338529
17 91 0.0036957423953518
61 30 0.0481932397046288
29_36_52_63 41 -0.0173011370631694
80 66 0.0337404259477405
80 74 0.0123417007595894
85 20 0.0422937851635503
3_6_14_18 15_57 0.0166558742911214
80 31 0.0368365156256636
01 37 -0.0152384700179242
7_32 35 0.0038471961865683
9_45_55_59 61 0.149537379207738
7_32 56 0.0516019099920885
85 89 0.0034337493184392
2_12_19 31 0.104746860971457
50 87 0.0306423361549055
77 13_43 0.0228700000227444
50 85 0.0220371905999672
47 13_43 -0.007882318343684
30 41 0.0256173297624851
17 18 -0.0060654130538238
71 56 0.0035285555176351
24 65 0.0127730248410722
30 8_44 0.0786112292514454
33 41 0.0315502233000503
40 33 0.315297683043771
18 10_27 0.0276461155674546
88 54 0.179343074286116
7_32 20 0.049435560539002
76 4_5_28_38_46 0.0109033763339926
62 41 -0.0089644767146042
7_32 66 0.0143644437363551
42 85 0.160744699614452
20 35 0.137824913719147
2_12_19 85 0.0422057705468737
47 65 -0.0754803165306283
90 56 0.137897521005715
74 37 0.0022843073988302
33 74 0.115090601101475
24 74 0.0549860161615867
77 29_36_52_63 0.115473424189847
61 53 0.13712049437007
64 67 0.170990173568133
80 64 0.1210130215696
72_81 88 0.108012535601938
9_45_55_59 67 0.0141573906755173
23_69_73 35 0.0272877507214983
18 4_5_28_38_46 0.0426006148867846
24 56 0.0984737842745134
22_39_58 75 0.43606523663635
11 91 0.0011576980725617
23_69_73 90 0.0176339644648341
10_27 33 0.0026905849329036
85 47 -0.0620699221321517
76 66 0.0005897098571766
61 29_36_52_63 0.0176163119159581
29_36_52_63 2_12_19 0.122348118385104
66 65 0.0080748592546368
23_69_73 8_44 0.0897009550920481
9_45_55_59 22_39_58 0.0501410297021273
10_27 77 0.130149303513788
68_86 30 0.073814462459781
76 72_81 0.0127949618755667
23_69_73 88 0.0141207337502725
82 87 0.0054844989918485
61 75 0.164843279650793
3_6_14_18 4_5_28_38_46 0.0896258073470589
67 72_81 0.0147186011363217
17 76 0.0123743915512316
7_32 15_57 0.0295384776088705
9_45_55_59 64 0.0361707542523603
68_86 41 0.0516187711010388
84 3_6_14_18 -0.041915454443297
33 50 0.0207507960612014
67 77 0.0575842246063912
4_5_28_38_46 70_79_83 0.0625725566932376
50 66 0.0082158468856225
82 67 0.0017132596094234
74 54 0.0221205784502074
01 13_43 -0.0241821098204699
21_26_51_60 15_57 0.032451791087441
67 53 0.0033208303716649
3_6_14_18 8_44 0.0381519302801774
7_32 8_44 0.0328058194717616
77 37 0.033925523942363
17 68_86 0.0284489840960341
76 68_86 0.130637339189776
76 15_57 0.09158579953483
01 72_81 -0.0075427444588686
82 53 0.29045109652278
30 56 0.0538732220425277
50 70_79_83 0.0217244336441236
11 50 0.0367220275068988
33 37 5.06325794766407e-07
21_26_51_60 35 0.0963529809689941
65 78 0.0528710979024373
84 87 0.0994040918817008
16_25_49 78 0.0403973783562113
30 71 0.0044610785604506
3_6_14_18 33 0.128615097976815
89 87 0.0376056606365875
3_6_14_18 50 0.027243481319907
80 91 0.0073664739701929
91 74 0.0132303964166458
01 74 -0.0313710792028489
53 8_44 0.0150079923422665
34 7_32 0.0890867749975922
11 33 0.219595330229073
80 9_45_55_59 0.0174639588182349
24 8_44 0.0407388121615156
3_6_14_18 66 0.0800512821537809
7_32 67 0.158249475779044
11 3_6_14_18 0.193199938202021
66 8_44 0.0303103665031155
88 37 0.0241288529035535
78 90 0.006104892497377
2_12_19 47 -0.0420664640215952
68_86 67 0.207992128841502
50 90 0.0015968854583169
40 42 0.093508208032157
72_81 20 0.0155682145114488
82 47 0.0534544412685146
80 50 0.0472824465954356
34 87 0.002788358211764
18 37 -0.0358286611077888
10_27 75 0.0934742924106011
22_39_58 31 0.0274466076831253
31 89 0.0847955475847759
35 8_44 0.028596015939348
80 4_5_28_38_46 0.0245633485811745
64 30 0.0493143075912745
61 77 0.0536961907468975
50 15_57 0.0305642312784644
40 56 0.042376255652137
80 3_6_14_18 0.0832450968308132
42 56 0.0843405259986842
64 72_81 0.0554632064159324
9_45_55_59 10_27 0.0492414580263985
18 77 -0.0726954314703535
01 31 -0.0069192890730927
76 82 0.0111894711254643
7_32 23_69_73 0.0618602926569446
21_26_51_60 89 0.105099480976899
15_57 8_44 0.0222574262476825
15_57 89 0.192149797329562
11 13_43 0.0028239477211087
75 88 0.0277281221612413
61 82 0.0328741331640422
21_26_51_60 78 0.0334496225626452
75 56 -0.003687883254744
40 84 0.0413277002860891
62 7_32 0.011910176448362
37 54 0.116802922424556
66 89 0.0083160498461086
80 76 0.0018572378665257
20 16_25_49 0.0018014145500236
17 75 0.0663055428604697
30 23_69_73 0.0742214600475671
3_6_14_18 20 0.0146470774198549
10_27 70_79_83 0.0156045480611237
50 72_81 0.0324596508768456
87 54 0.0246725280733865
7_32 50 0.0217079051575251
24 35 0.028384457771692
42 71 0.141509762822293
76 20 0.0165975883205852
10_27 91 0.0875188585603425
22_39_58 29_36_52_63 0.0365096918912879
76 8_44 0.0580318550083095
29_36_52_63 47 -0.0599038592936585
18 29_36_52_63 0.16847252095176
23_69_73 66 0.0309894145560116
47 78 -0.0398107333175368
62 56 0.107127660342416
9_45_55_59 53 0.340142799863107
40 74 0.0282080489803072
42 90 0.0191394619374719
33 87 0.015478815737163
10_27 4_5_28_38_46 0.0273764007562863
10_27 29_36_52_63 0.0695476819737056
33 66 0.0055825578685874
47 41 0.147887416509065
80 85 0.0155362217385898
11 21_26_51_60 0.14187160331634
71 8_44 0.0440450844323146
61 76 0.0002591291270171
13_43 88 0.102059329775405
50 91 0.0234353111821093
85 90 0.143823239427447
64 91 0.010486133880366
21_26_51_60 88 0.0135294622355258
11 8_44 0.0786098950437001
23_69_73 56 0.135846192829919
20 89 0.129922391214214
11 15_57 0.009259559590599
3_6_14_18 21_26_51_60 0.0304920726058461
11 89 0.0264406644225356
33 91 0.0313417877535066
17 77 0.137372841529445
22_39_58 91 0.0112619783661056
13_43 54 0.179967100481012
91 37 0.216938236675875
24 85 0.0672102096649154
30 72_81 0.0206784067585235
77 74 0.0002236504077295
90 8_44 0.0733832658565732
72_81 31 0.19802176839846
89 8_44 0.0058805250754105
3_6_14_18 31 0.0032640346543122
20 21_26_51_60 0.0385933655170369
23_69_73 41 0.0579589737955361
33 72_81 0.00948627786674
34 11 0.0029576959922199
18 13_43 -0.0095257582664727
66 87 0.109356401478247
75 2_12_19 0.0052462443320919
42 74 0.135122135853925
64 68_86 0.0403456165117762
11 4_5_28_38_46 0.122473132626167
84 74 0.0970223589644383
24 20 0.0462716563585201
71 15_57 0.0354080660674773
40 15_57 -0.0222145007326536
62 70_79_83 0.0081679480299397
66 72_81 0.0930474989131934
31 88 0.0799943980737127
65 71 0.0072276023125307
40 41 0.203101542093405
77 88 0.0354609034002568
77 53 0.0124532803226452
7_32 90 0.0248409728439701
42 76 0.0281781932122571
72_81 37 0.0351126271038248
61 68_86 0.0665211891407408
13_43 37 0.0969002192305687
84 41 0.174184512620175
64 22_39_58 0.0169157406481733
64 66 0.0074718089671275
01 41 0.0380757534919236
21_26_51_60 54 0.005045914996377
80 72_81 0.0555436307309317
76 50 0.0312316069586715
24 7_32 0.0970254414296079
80 89 0.0037893861796401
62 01 -0.0398992082717668
84 56 0.129182777563228
3_6_14_18 77 0.0092858919424714
50 20 0.0682026332501001
85 71 0.0282984304814403
34 15_57 0.0104169725621476
56 8_44 0.0473096867812511
64 24 0.176954314563719
2_12_19 72_81 0.0315765691243377
01 50 0.0098220704641164
91 54 0.0058786925532643
4_5_28_38_46 74 0.0017278781539764
68_86 53 0.0479447878997423
67 88 0.0293620841314174
85 78 0.057402890073141
42 84 0.175426231867995
76 71 0.0214831440149212
64 35 0.0169902987757534
80 77 0.0043377798238704
47 21_26_51_60 -0.0102336768767535
41 87 0.202422935082006
64 7_32 0.0958456360698786
75 29_36_52_63 0.0308603968176911
17 53 0.0074825985320631
10_27 22_39_58 0.0939419871682317
9_45_55_59 75 0.250751169557975
68_86 23_69_73 0.152603307385329
22_39_58 13_43 0.0091064988420035
70_79_83 2_12_19 0.165391425050862
24 15_57 0.090574387715646
61 22_39_58 0.03299327849617
24 66 0.210551590489159
74 65 0.124440022065647
29_36_52_63 88 0.063209874226677
70_79_83 87 0.0266800996200941
68_86 89 0.0001321630222784
70_79_83 47 -0.017308112311551
9_45_55_59 29_36_52_63 0.050728104871925
53 88 0.0654274726265675
4_5_28_38_46 77 0.0911210824307737
29_36_52_63 35 0.0135011696149462
29_36_52_63 31 0.0393846502910225
66 15_57 0.0884382069289949
67 8_44 0.0591222592392747
80 20 0.108201979512223
10_27 31 0.0794978515606475
40 20 -0.0995606646360501
24 50 0.031499062824274
34 21_26_51_60 0.0190679497315285
74 70_79_83 0.0684726783214556
84 23_69_73 0.0245506903175836
62 30 -0.025135298005114
22_39_58 77 0.0843537916552969
31 13_43 0.0264721715107265
2_12_19 89 0.0263988061962595
29_36_52_63 70_79_83 0.0789593777802582
18 41 -0.0108000356611846
24 90 0.0064578827007133
84 8_44 0.0396515638490995
34 50 0.195201781911534
10_27 88 0.0647065336827579
67 66 0.0646080097693192
67 30 0.0596838129235043
3_6_14_18 89 0.0467117160387563
91 72_81 0.105392183852704
4_5_28_38_46 2_12_19 0.0861520503947661
71 90 0.118559078785226
31 65 0.0372222203377217
62 54 0.0298548420323113
76 30 0.173178593738023
24 71 0.0039956841971863
64 50 0.020694107145365
17 82 0.0183515249621903
72_81 65 0.0087462807366103
9_45_55_59 7_32 0.0058167635593023
74 85 0.0875149811038559
50 30 0.0428787529370317
13_43 21_26_51_60 0.0569981134519313
80 35 0.0527403186704469
17 22_39_58 0.135058530387363
34 89 0.027108232509969
67 20 0.0202268492863677
74 72_81 0.0137814255355042
74 56 0.007701669209634
18 2_12_19 0.322437426556462
7_32 85 0.0174405752302478
31 15_57 0.0205888880871856
7_32 88 0.0450523208268638
80 2_12_19 0.0250197320164478
42 35 0.0218629247078903
47 16_25_49 -0.122974600411458
91 31 0.0224849799551996
68_86 8_44 0.0805434307242476
67 15_57 0.0177062705781248
78 89 0.282021357394182
75 31 0.0329967044765723
76 90 0.0255982025622434
65 21_26_51_60 0.0032659445143405
16_25_49 65 0.0382431792963586
