0 1794
2 759
3 1204
1897 409
4 901
1896 1821
5 1198
6 876
1894 1078
7 807
9 844
1891 871
1889 1293
1888 1397
178 25
374 466
1640 1170
622 482
1348 1140
1267 805
1147 1562
110 352
1786 884
436 468
529 669
1 806
1899 445
1895 945
1893 530
11 327
1890 895
13 676
1597 1304
1014 1577
885 615
455 834
1178 1889
1875 1400
8 1462
10 1893
1892 150
1717 551
1407 862
1170 1545
1286 448
710 1395
920 1873
603 1460
1000 986
14 1437
15 657
1137 473
783 464
1290 344
1008 1080
1087 1609
1790 1707
923 842
381 33
16 410
1098 1689
837 53
1839 1040
896 1295
1026 1165
1880 836
1615 1882
1712 721
627 1799
67 235
1467 809
1327 159
12 237
1898 1386
17 208
1594 770
908 93
1089 1278
255 389
845 1809
677 1501
1261 1601
1765 936
515 866
18 1245
106 223
1289 320
363 119
1476 1547
341 1260
748 686
389 1484
19 890
690 342
256 1662
69 1668
1788 447
1167 133
20 698
376 1271
1410 927
1661 797
703 931
1515 415
235 943
358 687
1781 457
780 647
1012 1325
21 477
344 271
865 849
650 1615
1265 853
1523 1399
757 1359
92 354
766 1315
1855 328
534 930
570 1857
1114 226
838 91
1546 723
1027 1113
1586 82
1029 1716
24 305
1223 1344
1503 1297
942 1126
448 142
829 906
843 373
1150 1134
526 230
960 719
22 165
23 580
1203 1088
1365 649
1498 1323
25 1051
1499 614
1768 202
825 35
1653 1598
1079 438
1671 1241
1618 1036
1436 343
432 896
754 90
26 1853
76 311
518 848
1181 487
1687 375
1237 1512
1294 1322
900 304
939 1737
562 1785
1654 1583
1683 952
1073 599
1744 324
1804 350
28 334
291 439
427 966
1883 1202
1398 243
1852 1594
86 798
1319 396
173 110
27 846
1856 1803
709 1154
1774 1815
618 534
271 1862
134 1491
1560 329
1772 1698
29 1300
30 472
1866 1755
1295 1625
1200 695
1534 437
331 1567
32 1749
449 713
954 1059
617 1110
758 454
1762 1483
1667 1370
1885 15
1350 520
1871 1535
1415 455
786 397
541 1208
354 548
1734 484
31 869
33 418
34 383
459 1183
57 518
148 1118
1524 586
775 1026
1533 1031
955 52
548 600
624 1383
1320 1515
814 582
387 688
96 742
1494 1279
782 1105
906 1187
281 1364
314 1079
161 761
297 854
643 1316
918 912
863 1570
1296 757
35 744
877 868
423 1680
914 1015
208 1448
1588 821
36 277
37 411
38 1536
212 1859
1844 583
450 1423
163 1407
1798 1425
1017 570
39 1185
728 161
665 13
1482 1464
1806 700
902 492
647 552
785 1580
40 972
683 1633
343 1804
721 903
1330 1159
822 1511
689 1606
1281 128
1036 961
841 837
1725 623
272 730
666 556
1553 1030
1828 488
1241 1262
566 1180
1412 1560
695 1342
305 47
1044 1343
1109 262
652 598
1505 829
1441 1503
316 307
1422 858
483 461
41 1008
308 934
1887 635
1685 162
1095 399
42 1658
43 217
44 416
1854 1101
70 755
258 666
1655 152
506 1514
45 1348
89 1111
262 768
1439 872
312 681
798 1181
1585 1531
1462 542
917 303
230 638
836 1652
1716 696
832 1305
351 746
298 1206
472 422
103 34
1141 665
1424 1655
1555 1542
162 737
409 1057
630 785
1242 1335
633 489
349 1801
1157 1447
451 1896
46 1430
47 501
48 1009
1379 909
346 1032
1823 113
941 475
174 12
49 989
866 1516
928 1034
1770 336
105 1375
873 811
1139 1888
50 1427
768 66
594 1555
735 197
1666 284
1028 1742
1518 181
337 433
1530 1150
311 1571
420 1317
392 642
485 1010
452 374
1088 751
52 527
1544 1234
191 435
997 993
463 1186
1366 1797
213 942
894 1044
458 802
1196 1394
51 1017
53 1220
1858 1549
1766 617
310 1792
1122 172
554 137
806 1504
54 1759
612 232
740 960
1642 863
1617 833
1084 300
55 522
150 1493
270 1415
457 245
795 384
957 426
940 1600
232 248
1763 1311
550 1226
1697 1288
1358 1582
231 1023
600 813
1007 129
1684 1141
1520 898
739 1011
1732 1178
827 693
193 1800
264 1756
466 1750
286 1390
1269 1816
1034 371
58 55
874 1566
968 792
1057 1378
1056 1007
1426 0
801 79
662 1373
1361 1240
59 391
117 674
1257 1754
1703 1270
124 831
1423 357
1306 560
1041 1042
1705 256
219 1272
61 1277
93 937
595 634
228 76
1173 963
1054 1874
1025 1649
1549 939
56 980
60 46
62 1721
246 143
1102 1757
429 1412
1800 1688
395 576
1694 1123
156 1617
210 189
899 67
1177 910
63 822
1656 786
1816 1817
522 1643
1285 1823
1272 519
64 1835
65 1454
253 1671
186 1783
508 1523
300 1436
1435 441
1367 908
471 1054
1845 1686
66 228
1081 1540
247 572
809 291
948 1479
961 453
574 1003
1408 729
546 1772
653 951
1747 1880
68 1045
1496 672
1396 1244
1065 705
553 1581
109 653
130 1289
361 106
1876 588
993 999
724 470
1477 1329
419 1744
1236 339
803 814
1206 1883
1416 1715
1340 1000
71 73
589 246
1807 1035
116 1167
1339 1620
99 1612
966 1432
1023 301
239 1852
864 1700
1711 743
240 1381
523 1254
605 905
1055 581
1374 1814
1851 1282
261 174
962 1357
72 1631
73 408
1303 257
1071 1046
1650 1433
732 335
74 558
1312 1487
1508 1568
1116 1283
1769 510
770 1445
1727 275
1853 544
903 935
176 839
75 508
990 111
377 121
1276 1398
1038 97
996 1591
1113 800
850 1153
1785 725
77 1564
413 795
1409 220
78 92
1099 1402
1838 1225
494 859
746 1450
967 568
1521 607
1030 1062
128 847
1336 988
1647 1513
275 432
1820 857
332 503
1547 715
1288 1866
1171 207
79 1441
1092 68
542 1403
1846 1850
80 976
82 917
478 1561
883 340
842 293
520 18
580 1518
779 1401
1321 1175
834 1377
323 1193
81 1498
83 874
889 72
417 450
970 1782
1331 407
984 54
414 179
85 673
333 1128
254 1634
912 1309
1264 921
1215 1666
1662 1161
1709 1064
1302 1439
84 1207
727 1741
1357 810
1719 1593
1682 20
1848 804
1240 855
87 1664
88 1691
1681 1246
1582 39
1608 524
519 1228
138 1022
243 562
1388 1446
1663 769
607 1543
1832 497
1775 41
658 569
1104 1463
764 392
90 1550
1097 772
693 85
1283 23
1882 64
279 585
1145 190
421 710
267 287
94 378
321 494
616 40
973 1675
802 1746
1867 1607
242 1069
352 754
500 1302
462 525
510 1233
1013 319
1548 120
91 229
315 1687
1076 1769
1184 714
422 1149
639 283
290 1654
1771 1358
1814 1738
1614 1475
95 1711
930 1527
1021 1636
1630 1018
615 1014
405 860
507 1142
1305 249
477 132
564 1608
97 1468
713 423
599 135
1194 1829
470 1021
393 69
1072 141
98 309
252 1478
644 96
722 255
559 1569
184 1419
1568 74
1220 370
408 1628
1420 322
1403 1510
100 1533
1743 231
326 946
1183 1681
609 1070
670 612
645 31
1631 1805
447 835
835 1340
1075 716
159 420
165 1195
101 995
102 631
1082 1182
353 1148
1380 791
558 1736
368 1481
1545 1210
250 1429
216 1630
1243 446
104 1267
123 1215
1674 670
334 123
160 1595
1105 888
293 312
1271 971
1120 24
706 968
442 610
1121 1656
555 994
324 211
214 660
1812 292
909 1406
108 825
1657 398
840 144
1429 1856
107 1614
696 573
155 490
1292 210
1623 1177
980 512
807 1392
1077 167
111 1169
190 401
1478 414
1353 1758
112 1588
236 992
215 1261
956 1548
113 1308
307 566
530 1239
1680 1520
540 1087
1207 541
1782 1103
799 1172
1465 29
851 773
1558 117
1418 250
115 1712
691 1709
804 1726
1218 317
1210 911
1510 1334
953 1347
1132 1168
1830 1870
1172 1677
593 861
285 1495
461 177
1033 851
686 27
490 957
929 102
1101 982
1341 1041
1611 1388
1501 333
479 1296
114 1440
119 1767
1216 764
771 1537
1863 313
118 1727
120 100
278 528
131 925
1612 1280
681 51
1570 1361
528 299
1333 595
386 515
891 587
1047 1298
204 1299
144 819
1606 1635
122 169
921 509
1090 101
1659 656
741 1038
430 1885
121 412
1551 289
1136 1697
1001 627
1525 316
453 1720
1809 1091
1006 1147
791 1121
1773 419
126 1109
340 1027
1713 377
642 973
127 1253
1620 815
949 314
1300 1892
1224 575
1143 493
125 1301
1304 1592
336 1890
158 318
1123 1723
1279 1827
606 1590
932 1163
1386 1424
166 1145
129 1396
1629 685
525 1849
1391 1387
348 6
1537 30
846 632
140 897
1024 1858
468 1719
206 1020
1726 1684
132 652
1487 1557
1345 1229
1164 170
561 1844
1665 382
1359 147
133 1637
135 711
1864 565
388 1603
266 706
136 1841
556 840
412 864
646 1589
1377 1455
1840 1112
852 1573
137 571
1815 491
738 1050
303 239
1754 728
1188 1243
1572 242
1511 1143
1870 1605
590 186
971 221
404 1762
931 1275
139 703
1049 900
141 1144
533 1125
1601 1685
142 1096
750 1286
1016 297
1472 57
143 766
1690 1802
1166 1223
688 269
1381 1158
180 222
549 1812
751 924
289 776
538 1854
1587 922
1235 1722
719 787
145 933
146 555
147 659
649 360
1833 321
1433 154
1135 1729
1375 298
205 204
1486 1632
576 718
402 708
667 1385
1268 959
729 108
659 1473
596 1371
149 1217
1849 662
1829 1638
151 99
1245 1777
582 89
1649 500
152 747
557 611
994 1621
641 958
153 554
154 45
1689 694
514 1489
536 1490
777 1037
1043 663
1693 109
280 1502
1118 173
1860 1012
1485 820
934 369
1009 480
1884 279
1263 1714
882 1701
1394 1247
1479 701
1571 954
157 1876
438 1735
179 1321
1158 1189
867 1194
1819 1842
1733 892
692 1366
1639 212
833 1257
1872 841
1180 21
963 1732
1015 363
697 1485
182 1391
287 282
610 1574
416 677
1488 1284
1035 7
661 112
1144 1338
227 390
1707 1106
360 1072
1625 481
1096 1124
1133 1200
411 1122
320 561
1722 38
1803 1500
164 850
1064 1287
952 139
1500 650
503 149
1174 1350
1112 856
167 1639
1795 95
1328 1519
1318 511
1652 1683
1062 781
1502 962
1067 1374
168 1690
1805 593
359 1418
1115 882
169 539
1199 998
1440 1585
1399 1116
1346 1538
170 684
1574 1678
1262 1192
1741 1875
907 431
1004 394
171 1438
943 103
1260 879
1278 1380
1117 1551
1475 62
1590 679
443 1861
1509 1693
1309 990
1239 594
1552 748
687 1565
172 553
175 451
631 1839
911 923
608 498
1301 1389
318 43
1564 1333
1543 789
705 1558
177 1673
370 1845
712 940
1232 347
1686 613
1233 1710
484 1822
1217 442
1291 1622
1757 1884
1211 749
792 838
1052 655
1159 385
1362 1596
1468 783
1506 974
327 1717
1670 125
1648 577
181 1129
736 183
1310 278
1794 1039
1050 1522
1641 1075
183 122
685 624
1746 535
1066 140
769 1619
1360 1780
185 763
1634 1834
543 42
847 1708
676 80
1473 323
322 1224
1405 1221
486 735
1060 1068
1315 1761
755 1724
1595 238
1638 4
188 1115
189 436
1810 540
187 506
197 1497
1130 14
715 1872
1490 1492
317 386
373 1517
192 94
1373 1665
1646 1895
1338 1319
1397 621
1821 1199
1466 779
1453 699
194 126
1324 224
241 646
979 260
299 483
364 1811
1458 192
707 1546
855 977
1626 9
1032 236
905 1838
1873 1336
1526 1146
195 1047
704 1363
1142 1676
586 784
198 878
1414 1410
435 722
196 1674
1254 1728
1841 1174
199 1077
200 87
756 1770
714 1238
1343 61
425 1768
910 592
1791 929
1152 543
1583 845
1378 574
1460 1416
203 346
1371 1670
491 1209
330 499
202 1748
655 425
1529 427
1455 1828
201 1188
1175 1526
1421 1355
1824 349
248 302
207 1790
870 545
1783 1818
482 780
1191 77
619 877
848 991
1385 400
991 272
1020 168
773 471
209 17
965 16
1125 286
623 71
1796 81
1692 1431
367 799
1048 579
1138 1891
211 1444
1094 281
1459 1107
1444 1160
265 1899
812 1294
1376 75
1447 37
1755 1353
1591 1369
1307 1232
733 704
749 1166
1778 1408
976 1327
859 1201
1221 790
1384 366
587 605
1010 459
217 626
218 187
366 244
1752 267
1011 365
545 774
292 675
1645 1303
702 485
1470 1384
858 1002
220 1236
489 1135
1198 1773
999 213
378 330
790 767
222 288
223 404
1677 1718
221 1651
224 1552
225 1222
1735 1672
226 1422
469 584
328 458
737 259
295 164
1539 547
1598 1351
339 214
1567 1528
1628 1016
1714 636
950 368
1776 1865
1192 49
1404 1541
1445 1871
229 1659
497 403
861 661
1249 1863
1022 987
936 918
1176 644
1599 1745
233 1139
1080 151
916 1094
1516 1806
1607 1810
481 1563
1162 1765
379 241
1085 645
234 609
884 765
1792 1013
1393 1791
565 1837
441 1459
830 559
1784 1452
964 808
237 1642
1461 1216
1679 1731
1103 1114
581 486
1326 818
495 247
682 1250
1230 1554
1363 1151
238 514
621 1251
1186 276
862 216
313 777
992 1055
273 955
680 233
245 1763
347 219
815 620
444 1190
527 48
743 337
244 1786
742 885
1464 166
1831 1766
1540 702
787 308
1556 134
383 1825
249 996
433 467
1877 1624
711 1376
1443 601
1484 1470
1111 1465
1197 1578
926 1692
1083 5
251 1819
426 254
1605 198
1678 596
439 1739
763 1274
1635 537
1432 894
844 331
1495 618
577 1524
673 1477
1214 1879
398 405
487 209
1154 975
1454 1544
257 1846
504 59
635 750
951 1131
1550 651
1457 131
259 1173
1051 63
382 1661
418 824
465 1734
260 1090
380 1836
1672 1152
578 1887
1297 1616
276 388
1337 1471
369 153
1660 733
1857 1086
263 913
1110 1713
1229 1133
1270 460
1255 1019
1730 362
583 1482
268 726
1127 157
269 253
1438 1409
282 1472
1317 1725
584 1324
375 578
531 479
1745 1521
1182 734
1474 521
1535 513
1042 1855
362 1212
1205 801
1728 1259
274 86
1156 983
1419 827
1576 915
868 690
730 1843
813 1509
1325 832
759 1312
277 1061
1724 26
1600 619
385 536
1332 1779
1799 156
1431 1579
1622 1466
805 1074
629 1641
1736 185
778 782
592 712
1512 325
1086 1657
283 60
1383 709
1531 1252
1837 1191
1688 1851
1274 1597
1202 532
319 502
284 8
817 529
1742 11
288 1667
752 1162
919 206
1244 516
716 1660
800 625
1019 1774
492 1629
1179 1083
294 1751
946 689
1061 1029
335 296
1720 1292
296 70
1581 1136
1750 564
1334 98
1165 372
937 358
1843 1626
1313 680
301 1028
808 691
679 1043
302 1703
828 264
1715 261
1212 517
1352 1130
304 1730
575 1760
516 295
656 916
390 1420
1368 641
1761 643
496 215
1869 1176
818 1120
1528 533
1797 1878
725 1231
977 263
762 981
424 1740
309 107
938 1586
1063 353
796 1559
767 1820
539 1218
493 1775
306 720
944 1310
1100 949
588 1211
1053 1099
788 504
1124 984
1189 1525
1370 816
1644 1197
793 739
601 1314
744 1764
1234 1393
628 1442
816 341
1879 1063
694 145
1259 1534
1627 356
511 406
1563 1868
797 1847
959 1486
355 1108
1708 1469
1817 1066
1058 495
1161 964
915 1798
1282 1404
671 428
1593 1368
579 1467
684 1006
1573 852
1284 160
1277 1155
1579 1532
1637 201
356 180
1040 1556
350 1679
1231 273
625 118
1225 788
464 380
1834 740
325 182
853 1743
1335 444
1825 1196
329 359
1400 1572
1446 1071
480 338
1702 1840
1248 1354
1413 1832
1596 941
1554 985
857 1529
614 367
602 604
1835 883
338 682
772 36
1862 266
1578 1291
1811 678
406 938
1395 387
1801 1647
1513 1610
342 1881
1676 1833
475 1453
826 176
1126 899
718 194
794 692
345 1405
1517 880
573 1771
1813 1867
1364 178
1354 1073
454 421
1696 1213
879 1699
1493 762
821 1413
1382 1362
1507 1645
357 1480
1609 429
1442 465
1456 1778
434 1269
552 1848
699 1053
1787 563
998 1256
1463 1065
1604 1789
700 1695
473 1
428 727
1610 1414
1881 463
781 843
1504 2
1868 44
986 736
365 1360
524 1332
1861 1235
1425 1382
1748 1060
983 1264
371 1530
1093 196
1636 549
1037 205
372 116
502 1379
886 1290
678 1613
1760 741
892 225
1691 557
1258 1058
1767 803
1280 771
776 1449
474 654
1718 1248
1149 731
734 969
1226 628
981 967
384 1618
820 732
897 1587
1538 1461
1389 1132
551 443
1701 1807
895 290
1480 1081
1428 1499
985 1796
532 218
1731 914
1491 1830
394 1682
1789 462
726 280
391 1024
1208 886
753 597
396 163
397 175
1390 889
1070 1421
399 270
1316 171
400 928
922 105
401 1663
1411 188
403 606
1298 138
1349 796
1392 115
560 775
1299 1456
876 1576
1802 1602
784 28
407 22
669 1268
1069 1306
1351 1320
410 1328
1228 1230
1417 65
1287 1508
1469 274
1293 1411
1850 452
415 1457
1721 1346
1616 1033
1448 812
1580 904
1193 664
1185 449
1859 1372
924 193
537 184
1759 1451
1005 640
1481 1337
1018 1704
1039 956
1886 430
904 1052
1562 1242
1740 1258
1561 1877
1450 1085
1078 496
431 1184
1308 707
1059 326
995 907
1664 1249
982 507
591 83
437 351
440 870
637 1157
1565 667
1163 1097
1451 738
1621 1067
446 531
1541 1025
1566 1507
913 1488
1514 778
1347 155
445 1005
1046 683
651 434
760 616
1238 395
456 1001
1559 1505
544 58
1739 1776
823 1694
1675 315
460 745
674 402
1246 1435
1699 19
638 944
563 823
1483 417
1187 1795
1323 1669
660 240
467 1082
831 1496
893 1093
632 1263
745 1092
1247 393
1311 1138
1355 648
1777 478
1695 1104
854 758
1710 1784
898 953
1427 756
774 622
1542 1356
1527 361
476 970
947 546
1749 671
1253 505
512 947
568 926
663 1611
1437 1627
488 891
1148 526
988 1696
1779 1076
1275 345
1129 893
535 1367
1878 195
498 332
1822 1826
499 1793
1068 979
501 668
505 379
1471 1894
872 1089
1002 1813
509 381
878 227
620 1341
933 538
513 602
1738 1705
517 1313
880 130
547 1339
1168 637
521 978
1128 1205
1584 1179
935 1426
634 1307
1195 1476
1589 1004
569 456
1723 932
1107 633
1643 114
1401 630
824 1098
1651 826
1106 1860
1190 1345
1497 1318
969 1352
1449 793
1522 355
664 1255
626 887
1706 258
987 1474
1140 1553
1204 920
849 199
1808 1824
1209 997
1452 760
567 1640
1842 589
571 158
572 32
1673 1575
1091 591
1592 1049
765 424
1519 127
636 78
720 1102
585 1365
1826 1599
1836 146
1492 948
597 1506
1818 200
871 1281
598 1330
1793 1326
1219 608
1865 285
604 251
1369 1897
1213 817
1602 794
1668 1886
1329 1747
974 252
611 1203
613 364
1356 1650
1619 50
1169 1646
888 268
1227 567
1874 867
881 1137
789 1604
657 1702
1074 1276
1108 1227
640 1127
1252 56
890 413
1119 104
648 752
1372 950
810 1171
972 1048
1251 697
654 191
1031 1831
1342 902
1557 881
668 550
1751 1623
1780 1752
672 310
1624 1753
675 1349
1322 875
1155 1237
761 1219
1489 1056
1045 1117
860 1214
958 724
698 1653
701 1584
708 1119
723 1869
717 348
1402 1644
1737 1864
1134 1331
1764 1164
731 1266
1434 476
1430 84
1704 1095
975 1100
1151 590
747 440
1250 148
1146 919
875 1539
1153 1084
1575 376
1847 265
1827 469
1387 523
1756 1428
1131 88
1003 1273
811 10
978 873
819 3
1536 1285
1201 1434
927 717
839 1458
1344 234
1406 658
856 124
869 1443
1603 136
1658 629
887 306
1532 865
901 1494
1222 1733
925 474
1669 1898
945 603
1700 639
1314 1265
989 1788
1729 1706
1632 830
1160 753
1698 965
1266 1781
1256 1417
1633 1648
1569 1808
1758 203
1273 1156
1577 828
1753 294
1613 1787
