0 898
1748 1630
3 1383
4 1258
1746 958
5 1503
1745 661
6 1471
1743 339
8 1535
1742 166
9 542
1741 120
10 154
11 1470
12 1687
1738 1104
13 1062
1737 417
14 1727
15 1741
1735 1621
178 1674
1375 45
429 130
1477 1009
440 856
479 1517
1215 227
1731 1600
1625 905
1 1567
2 755
1749 877
1747 536
7 1390
1740 94
1572 351
1044 433
994 1385
1458 1019
696 841
1516 662
835 1319
1066 1265
624 1209
317 831
81 729
1585 1404
627 611
1739 1571
16 1098
17 131
1717 201
288 1240
1274 553
1596 1476
1198 1276
62 1087
1254 778
1603 395
140 1595
1143 1321
1024 132
1744 981
566 468
1068 1627
1217 1729
1408 293
61 1690
259 917
1591 102
541 833
103 582
18 149
19 789
435 1396
222 1028
186 260
1128 1695
1255 1215
465 1722
331 1548
1355 812
651 1414
1302 1252
558 961
538 171
1187 1075
731 1487
1231 20
20 1672
195 95
1671 1594
1256 1199
477 1285
513 323
1091 1264
689 1029
1113 1559
1449 85
22 1121
711 1739
1205 400
94 1327
86 596
21 903
106 664
310 1523
724 720
1346 785
281 834
1061 1097
1322 936
690 741
107 1460
460 1343
374 366
121 427
1631 240
434 1205
1094 469
370 1485
589 1167
356 700
968 1447
988 1387
796 973
1339 821
24 1046
1670 383
1097 603
264 107
1694 39
219 1294
1684 1278
1306 229
623 1301
23 1459
25 1492
893 1516
279 434
897 1
779 144
584 1456
1392 522
753 806
958 970
567 1543
1455 1344
752 602
528 7
26 1248
826 135
1648 1540
130 140
27 327
1692 1550
933 573
1363 839
1155 819
781 1377
28 76
1102 608
1237 101
344 932
36 207
1650 816
600 24
457 629
706 48
636 758
799 283
1145 1609
1342 1534
29 256
1499 705
1175 860
369 338
422 1632
509 194
1045 1403
1414 943
1537 1561
95 1713
980 503
1159 939
1608 579
30 225
898 446
878 1169
1617 552
1236 105
1239 1628
824 474
1611 1737
31 1108
1132 1054
1171 449
1413 37
49 1650
784 946
668 887
1554 657
32 1288
291 43
76 1332
155 531
129 1702
474 1589
912 1529
574 1068
1111 556
1071 27
448 691
644 560
1586 1266
33 1422
43 995
698 638
244 1024
1131 1158
69 72
1008 934
124 470
1491 912
1009 1218
34 1429
881 767
469 520
167 760
1734 272
407 1726
1618 526
1001 1463
1252 992
35 1226
539 1562
1161 1423
722 384
253 1698
341 1544
851 347
747 585
1092 261
930 1612
920 58
1715 372
1510 431
53 862
91 1082
1210 1479
135 911
1511 921
199 393
1619 1295
1517 1427
144 1202
777 1345
762 10
37 673
431 1563
364 499
423 788
54 769
654 1124
1427 219
38 683
1641 843
1297 1509
1627 725
628 12
1574 1193
650 274
765 951
230 1112
951 1670
395 1434
785 708
648 53
783 1623
163 1242
173 31
1371 948
1323 1173
316 889
1599 373
902 1306
40 1618
1005 1183
1025 1486
488 1329
1315 1554
250 557
41 1626
209 1679
512 319
557 1181
805 235
978 703
1268 1384
408 1570
175 913
42 1740
911 399
909 1022
1023 530
996 1401
1387 1699
201 1014
520 1272
122 0
354 964
1204 1647
764 1219
238 110
39 962
1320 1696
552 1256
1672 519
608 1134
1284 1118
44 1648
1575 554
1073 251
957 781
797 387
45 320
1561 1279
1053 533
82 159
47 77
794 1214
1250 61
365 423
1189 32
319 84
1352 794
46 185
191 277
876 567
236 1093
1177 1496
1486 752
1157 1055
330 435
1060 1634
210 457
376 1376
1541 64
223 1598
301 980
1089 569
1686 566
565 1196
98 1302
48 1123
120 396
1182 1546
1703 1566
1573 1131
594 636
1725 237
50 1585
1096 770
631 814
727 1162
692 1260
179 1374
336 1100
1259 1233
51 312
1405 516
587 802
576 463
1664 365
1021 685
605 118
1442 894
52 1418
853 581
1690 865
1406 1346
1069 133
1598 1502
1651 504
200 1298
1126 1685
1476 798
548 1197
405 5
1195 1232
1333 188
172 1190
629 976
246 1549
840 1631
1666 1291
156 950
699 1555
307 918
550 254
688 665
207 580
1465 597
718 710
1660 1018
1230 1607
189 445
208 1668
1344 459
938 1318
193 1514
1497 412
1225 1251
1283 19
1399 83
646 1635
669 264
55 1364
170 541
323 987
471 353
57 632
997 1620
742 677
1450 1368
185 80
656 1309
1463 616
287 460
946 282
56 1211
58 308
1711 1445
1481 1530
1712 157
393 774
817 1381
521 1398
1434 576
1141 972
1354 1688
803 799
1359 1701
1326 230
87 494
1440 963
1152 1056
233 1637
905 1640
1328 177
758 357
1084 30
59 1660
60 1394
1622 1200
964 173
1329 1362
892 1462
842 906
1441 301
248 996
867 424
478 1478
728 1651
767 879
926 651
932 376
1437 880
426 1304
754 609
1258 1160
1316 190
1404 1213
455 279
1583 189
642 1216
363 920
635 897
116 1065
63 543
377 498
237 1664
1361 630
176 1023
183 206
150 458
640 967
64 873
1578 764
214 413
461 1060
378 549
929 333
1163 233
901 1091
360 99
1200 1176
251 175
1438 318
572 793
1033 1101
421 835
65 296
66 689
883 375
309 491
532 859
745 1292
462 1130
1196 558
1422 392
352 1644
1335 349
1645 91
67 735
780 1007
953 1402
730 561
712 350
497 1599
83 482
269 1220
399 1281
603 432
442 1261
1451 23
411 1084
680 1556
1484 624
334 701
1290 849
1425 777
1461 162
841 1370
68 884
70 1032
1466 26
231 966
1310 1188
71 1337
290 466
162 1692
164 497
1653 825
470 1667
72 1311
709 1102
266 1333
962 1099
1039 1365
686 1033
691 439
1549 904
73 321
542 1749
386 1678
665 1246
990 437
1539 838
811 539
74 1582
480 810
708 477
1562 713
1098 1518
1153 186
914 529
1087 1584
390 780
298 868
1411 1041
1058 1262
1615 1586
535 145
547 371
75 1643
239 1021
1530 205
1665 606
1206 1223
1223 214
1708 97
896 1089
1609 1524
1520 1638
1124 134
1314 986
1138 761
798 1724
335 263
869 732
1706 1325
1628 329
1558 14
1146 896
491 1353
1327 126
879 42
77 1150
79 796
1612 208
663 379
1519 1152
1563 1446
297 527
78 447
196 1392
1107 286
830 369
522 1243
931 1359
424 87
832 949
918 1693
910 1273
998 1433
1656 416
275 1241
776 1149
1305 253
295 829
1168 465
1082 143
863 765
818 322
80 502
577 1274
515 1410
1065 1680
786 1224
1108 1159
387 517
924 646
615 1217
1636 1520
375 1147
723 947
485 1338
314 1208
1224 1048
570 954
1267 782
85 1175
1243 200
1403 57
177 663
1212 1665
160 1001
84 666
889 715
1379 830
1260 1269
392 1710
943 269
1286 852
1264 524
1443 692
410 1283
267 142
397 656
88 1355
1105 655
89 719
1194 1507
286 1360
1710 928
873 1003
90 1388
1262 334
1698 49
679 454
306 1564
1104 1195
595 1408
516 960
568 1700
1607 15
1018 183
159 648
174 356
1279 680
433 1168
154 999
1688 881
672 1458
697 232
1109 453
1202 1625
1116 1140
1232 667
152 1677
92 1051
510 1320
258 998
1190 1583
847 1221
966 959
736 687
99 6
1269 1608
350 147
518 1358
1280 336
1079 335
1304 1081
670 840
437 783
675 1736
836 1133
1600 930
1488 294
1436 430
93 804
1582 1040
756 1704
1112 218
136 1280
96 1472
660 93
454 572
999 1528
1303 1207
974 1142
1460 342
967 977
1324 1438
380 1210
740 510
1296 818
1080 1662
97 1622
1150 874
372 1171
1362 1072
285 711
453 942
713 211
858 1165
766 1005
1209 1235
325 1066
1683 167
148 1111
1350 1122
1081 108
472 1339
1118 733
101 168
544 836
975 1137
1110 1030
1498 41
875 1006
100 795
102 704
406 1661
304 1526
1695 1253
1184 1305
133 1533
771 1117
202 1204
849 1287
125 649
1547 153
1647 1488
146 402
104 1606
346 1225
562 807
333 360
1551 1505
1050 1268
884 577
105 907
1644 493
1446 1191
1658 1148
1697 587
361 978
717 564
400 1013
1523 588
1503 635
1026 302
1593 1499
486 310
127 956
243 983
1616 910
147 787
450 1234
1115 1186
1334 626
1675 1611
260 377
657 872
1277 914
683 1227
1542 1286
944 645
108 1725
1579 1092
816 669
857 38
556 724
1655 699
449 538
734 1255
1176 1347
109 8
110 380
211 985
844 870
1253 410
427 1597
1444 1229
111 878
739 1405
1633 747
1211 815
112 1461
1199 861
1412 1061
888 784
707 1676
1534 1267
1721 927
1457 1452
995 1237
388 367
302 462
1191 309
1358 875
113 1683
114 1720
188 1682
1580 909
1011 712
1526 1468
1022 428
1613 1709
115 1572
952 772
1592 303
1213 1689
1183 348
265 1088
1485 1109
1569 450
305 1712
703 411
322 1157
490 1231
368 363
1479 797
674 1143
925 1198
1285 945
226 262
773 1315
296 1658
637 1397
1632 325
782 613
117 248
118 1126
119 511
1059 1735
1509 1120
382 890
1723 570
278 508
221 1744
819 607
823 1079
960 1371
274 1192
827 129
315 161
1496 690
1014 370
507 639
169 1624
123 775
921 974
452 17
1652 1090
1624 528
1123 418
1581 696
814 109
750 52
1072 228
1245 192
292 1203
126 591
1500 238
391 1551
257 670
466 610
977 1356
1144 1059
1478 174
1248 811
280 290
128 1565
591 1026
1221 300
300 698
1370 1576
1382 1721
561 965
1464 1406
791 1114
1724 456
1158 221
1474 226
464 809
332 488
694 280
131 1604
1103 1498
891 1085
1020 1539
402 390
597 734
1410 291
228 681
599 1686
463 330
1555 139
132 658
1487 241
1732 304
1292 1639
638 1417
1713 659
1336 1666
1424 832
1070 1521
1395 739
585 212
1701 891
1185 1746
1214 1375
398 408
1365 900
1590 285
1663 805
134 627
138 1185
1383 650
217 989
241 1697
1074 707
659 714
1407 1380
262 749
1623 776
666 1580
1433 479
1428 1076
677 540
775 1506
815 1412
704 182
837 592
1241 239
985 29
789 398
592 621
1531 614
1192 1153
831 438
1078 523
141 944
403 36
1594 179
1019 867
658 743
682 1593
137 265
139 420
1052 368
700 152
142 316
890 284
256 288
1122 374
358 1011
1368 1425
1233 1145
143 589
145 172
355 593
1307 1063
313 768
573 1742
804 740
549 71
289 722
981 709
1007 28
1646 246
586 1373
972 425
1353 717
1164 895
649 1512
1218 1010
487 1669
1518 1008
942 1155
563 381
1445 1673
1565 1449
807 138
149 1105
1203 847
802 1095
1272 1531
1002 1303
444 1558
519 46
1669 1605
445 1450
639 584
505 1728
606 1184
268 1128
282 1437
1275 1578
1149 47
1386 1545
417 790
476 706
1207 1574
1638 674
151 922
1076 1073
653 1366
415 1596
907 1351
1595 106
1331 68
1679 35
560 801
153 1733
916 1297
1630 137
1064 1441
1357 18
602 1254
1165 1465
1447 461
833 298
157 1602
714 858
1614 245
158 9
1705 871
1388 34
1055 1083
871 1119
459 440
1170 1363
1040 1451
345 851
979 1324
1364 1172
1378 444
161 823
1507 426
906 1591
1401 1263
681 404
877 1448
1249 66
725 574
1423 481
347 979
634 1042
759 275
1289 941
165 1480
343 643
848 352
166 565
1036 1057
855 150
414 750
611 1542
1532 50
404 578
168 216
318 637
1048 252
1501 389
1140 1164
1429 763
272 1323
443 908
633 631
1265 273
923 837
1162 401
1571 915
546 675
1106 475
1031 1723
787 489
860 1116
171 1340
1709 1189
850 1473
1179 668
1470 127
1235 684
1142 1074
1017 346
735 1282
1046 407
947 88
607 1730
1216 236
328 128
1295 199
1536 345
1597 625
1222 331
1577 343
894 568
482 595
409 180
1543 786
580 850
612 89
1439 506
320 1180
770 1442
1468 146
1567 721
1680 1094
1489 158
899 1718
180 728
983 622
1000 525
1426 1400
181 1474
886 1415
598 311
667 92
872 332
829 883
540 33
1136 548
1515 742
792 555
1041 1642
327 1053
312 1541
1475 178
184 1747
795 1633
647 1259
182 902
705 1537
261 551
1246 1290
526 971
1226 234
373 792
187 864
543 766
1154 501
895 1426
626 1745
1276 1424
436 1206
1351 443
812 1144
456 1601
928 1349
190 1096
553 1236
954 1045
192 448
1492 176
904 1435
1685 1212
353 1489
1288 1525
1687 1182
813 990
308 1399
194 382
695 1174
432 575
1301 1050
197 287
198 1440
294 22
720 678
235 155
420 486
1309 1560
1016 1179
1482 40
1147 1508
1430 115
263 738
973 791
1167 184
1054 545
419 1312
1273 1579
529 1428
1015 845
1135 583
1240 1511
1062 1127
203 1732
733 60
1689 1466
760 278
1467 1641
984 165
1454 125
204 1653
1219 276
1282 641
1037 121
206 1497
1095 242
1493 1342
955 1659
601 307
664 919
324 1671
224 270
205 586
970 122
993 953
757 1610
359 826
617 1439
458 464
1693 514
1251 803
1602 982
1448 634
1559 1035
1704 1331
213 1357
1568 1491
1728 1002
212 496
545 1436
1012 1481
468 422
503 1469
1287 612
865 532
1601 2
215 1004
1188 676
499 1044
937 429
788 1731
216 1413
843 1467
737 388
273 1432
1494 1527
583 509
1120 112
500 537
1244 54
1610 988
1421 220
218 96
220 209
1544 1115
1325 1379
852 267
950 846
1394 86
270 1532
821 1568
1514 210
1180 1350
652 694
1366 55
1396 688
225 745
276 1378
1668 1317
619 197
430 203
870 90
536 1464
1588 1734
227 1296
339 1015
1718 518
475 119
828 441
413 249
1299 1495
229 1681
283 756
1452 968
1435 697
1156 340
578 1039
1720 472
232 78
481 467
630 415
1525 1655
1385 268
1409 1310
1432 619
1229 75
1139 1675
820 1166
234 500
1030 156
864 1228
418 604
1696 1037
874 571
1367 731
838 452
242 1617
394 247
625 1629
240 1372
729 292
1077 451
801 916
534 757
1341 601
919 1510
1691 1430
992 882
245 259
1063 1277
900 305
1347 736
1134 1490
982 1419
778 1536
247 827
1393 937
936 224
249 213
1527 562
769 1299
1714 605
496 1663
362 679
1311 1012
551 727
1343 1052
1338 925
1402 1335
1639 1034
1471 1569
252 1504
254 297
1506 1250
525 495
1056 328
255 181
504 1483
554 480
1522 359
385 341
1193 952
501 505
284 1086
1535 69
338 266
1719 1369
1513 1649
1010 1581
1114 759
389 442
533 1326
517 1289
1566 1395
806 1614
1380 1027
379 314
1057 863
1169 11
271 344
761 1656
1521 808
1088 1038
342 1386
885 436
277 1129
913 521
1049 828
1266 647
575 718
987 1706
1086 940
1682 483
1220 642
1397 866
1657 1587
1313 1477
882 1138
1369 633
1649 594
367 1694
1173 1748
1629 250
299 653
941 1064
494 1393
293 123
1391 1705
1659 1708
1093 223
531 923
748 315
1270 1245
1067 1163
676 82
903 1717
1317 243
741 813
357 1382
715 640
1716 104
1293 1257
524 671
1667 726
571 1300
1495 164
1626 1455
956 67
1637 169
1294 324
1654 975
396 1646
1234 929
732 485
1129 478
1201 779
495 1000
1004 187
721 1161
1564 1110
303 869
866 515
1707 1103
1318 1457
1119 1538
1278 1715
825 487
1398 1058
922 1222
948 1069
1013 313
1733 1352
1006 191
416 1519
834 1170
684 1444
719 79
1640 1391
701 148
1620 644
311 1691
381 600
498 623
1661 257
1032 471
915 244
1321 141
751 617
483 59
861 730
1681 534
1462 98
743 1588
1381 358
1453 406
511 1515
1456 702
523 492
1727 824
976 1420
1137 550
1349 1194
1677 969
1121 1552
643 1156
321 1178
610 1080
1319 1616
1330 1275
673 44
425 737
1431 1454
326 1657
772 1636
596 414
746 306
1459 355
768 419
329 160
991 1411
1390 354
616 409
1208 957
412 391
693 931
969 490
1548 682
1166 1367
1473 56
559 693
1312 217
859 362
337 136
793 762
1051 559
473 295
1605 1141
1376 1334
340 163
1550 1230
579 1482
940 1354
961 924
845 590
348 1500
349 892
1038 195
1729 1270
1337 1615
755 1078
351 1047
527 421
744 672
1291 455
971 744
1281 599
590 386
1186 1443
1101 598
1034 618
1505 74
1587 1107
383 1132
963 955
1726 544
366 1031
1557 13
1384 1151
439 63
1263 535
949 754
1127 1707
908 1125
371 1244
588 202
749 1654
1533 361
986 1684
1700 991
514 615
839 326
1043 842
441 1501
945 686
1160 854
581 484
569 848
384 935
1125 984
738 1743
887 222
716 746
1003 62
1673 1407
555 771
1298 507
1508 1453
1099 997
1504 271
1027 116
401 901
641 1389
1356 1077
438 1719
620 193
1042 1475
1524 1187
428 1307
1133 111
1083 1575
1540 1547
880 1284
678 1603
702 1330
1635 1020
1642 113
1546 403
1308 1049
1257 1293
530 1201
492 1409
1606 1271
1117 512
1373 394
661 628
446 317
1197 546
447 1577
1545 1573
451 1738
645 378
1662 844
1634 1239
613 800
868 117
1417 299
927 857
822 231
467 817
1556 893
854 1135
1560 1652
989 926
1538 476
856 1106
1529 654
582 364
484 993
1674 563
1340 100
1483 1421
1172 4
1238 255
710 1431
489 822
1374 1316
1090 397
493 25
1589 1036
1151 1645
965 1177
655 1249
1227 1139
502 1336
1736 16
506 473
508 751
1035 1484
1552 820
1469 1711
1181 70
1512 258
618 1522
1420 1016
1075 73
621 886
1415 1590
671 1703
1722 215
1377 1619
935 405
537 660
609 1154
614 51
934 1247
1100 620
685 1416
1490 933
564 938
1418 289
862 652
1148 1361
1604 753
662 1313
1472 888
593 1716
939 1613
1332 547
604 114
726 1553
1678 1314
1178 1025
846 1067
1400 773
808 1238
622 1071
1261 385
1416 198
632 853
800 1113
1372 1136
1570 695
687 65
1576 1043
1174 1146
1584 1348
1345 994
1389 876
1360 3
1242 1328
1699 855
1730 204
1502 196
1676 170
810 1494
1528 1592
809 1714
1271 748
1419 281
1029 124
763 1070
1480 1557
1047 103
1621 81
917 723
1228 1322
774 513
1085 1493
1130 716
790 899
1553 21
1300 1308
1643 151
959 1017
1348 1341
1702 885
1247 1513
1028 337
