0 1155
1947 1324
1944 820
7 1101
8 64
1942 1811
10 1389
1936 1861
178 1922
374 357
1876 496
317 1036
1046 1676
1661 1162
1582 530
1123 1232
1 1141
2 1105
6 1329
1945 1615
1943 674
11 50
1940 1181
13 912
14 1790
1938 1287
15 1064
16 669
1598 1937
98 1529
454 572
1542 648
1151 19
1949 1184
9 849
120 885
643 1109
161 1714
1104 1914
3 1019
4 1164
1948 236
12 1135
1105 1840
1110 1046
825 1270
480 1401
1885 639
39 781
358 241
1946 762
17 431
18 1126
1799 426
941 1747
1441 1550
359 199
1165 1217
1048 1128
976 1857
1867 336
1760 520
1575 1801
5 1284
19 1116
429 695
1359 1752
775 1314
1016 675
751 101
1899 1143
1772 1764
1493 1665
812 1382
1319 1020
1426 91
1779 550
1438 978
1745 1480
1941 1598
226 1624
1299 1099
1653 589
1193 1002
1274 209
690 145
1017 969
866 1376
20 906
21 1073
23 1758
1141 1320
1689 876
484 1753
90 1777
345 1475
1430 1409
780 1687
1294 791
422 948
1067 1341
995 1649
318 127
222 343
101 165
22 1228
24 552
1855 1027
683 1431
215 1841
313 1486
1722 1568
230 977
663 1334
529 555
125 1055
1816 1318
25 375
756 351
350 326
376 795
26 753
1505 908
267 1749
564 613
578 1411
1627 144
254 1778
923 1701
1639 231
837 843
1545 1231
1063 1003
743 1513
928 779
1129 1569
1225 798
1479 1192
1831 201
1595 313
82 1533
355 1774
704 247
1399 1498
1577 1544
27 117
30 950
381 1908
1148 1946
444 1514
919 1407
1363 410
28 1452
31 1350
377 1335
779 1078
1759 1233
246 543
1773 1545
1684 1682
149 704
33 625
1856 1359
316 889
547 214
909 1915
443 289
54 1145
32 1336
1866 1206
297 1509
937 1833
873 949
79 281
174 1809
29 636
1460 1418
1534 415
584 123
136 1115
1597 1182
1237 1017
520 1258
255 1769
242 1263
324 1279
163 93
1429 1392
36 871
1915 778
1305 1602
652 714
1467 938
100 519
1215 1494
259 783
35 1241
624 135
473 334
508 1730
37 831
38 222
1641 832
1917 1574
117 53
1276 867
375 5
1160 1812
1613 763
1752 1478
734 408
203 69
1538 1170
212 1604
587 575
1671 1500
207 551
940 156
889 1140
1755 471
901 935
530 610
339 1894
34 1634
42 1049
1435 529
1633 835
184 274
696 493
550 1762
982 719
337 1142
1612 1791
1385 1450
43 1700
1509 1651
162 1426
502 898
1576 1737
519 12
290 486
370 11
1896 224
386 230
1297 920
1883 1446
70 350
198 1628
1468 1923
41 1633
45 819
1327 1177
561 1549
463 1527
1089 1849
777 487
1101 1716
44 676
46 1660
1345 746
127 896
1458 793
562 120
47 1458
468 877
1487 1213
156 1683
1163 1674
40 887
48 1428
1397 854
533 1354
1640 1387
613 1148
699 310
322 419
49 167
50 930
315 594
295 1535
1608 381
1044 1889
1157 1444
1347 1553
1230 125
485 553
788 599
1422 866
1238 687
169 679
51 1018
52 376
615 1311
516 269
515 1542
1756 1384
1118 926
1286 927
1795 483
465 1879
952 1888
1811 54
1656 563
650 401
91 462
816 206
135 836
197 113
1019 459
53 1827
1544 1760
191 122
1697 49
1696 1419
746 143
1073 1900
129 414
1342 931
959 388
1416 242
813 808
1381 862
722 979
1863 717
1490 1038
185 1063
1164 1639
997 821
1336 822
319 593
1806 941
776 57
1254 1607
1278 929
1033 469
56 758
57 1304
1462 210
500 680
1243 1711
1931 1328
55 1586
59 1397
332 936
893 1826
58 6
392 148
1692 332
1001 895
841 890
944 1507
836 1767
924 942
1739 1508
1547 1759
1351 221
214 1822
849 1537
60 1913
63 451
71 456
1212 686
830 1416
1618 813
1080 1096
61 534
62 1364
299 734
627 561
700 1286
838 1443
1823 801
64 1317
65 44
905 1158
450 1926
66 1805
1200 1043
1125 453
1477 905
449 1942
1122 1259
862 1195
287 1904
1387 1519
253 521
1744 155
994 913
1382 892
478 1493
1445 1136
217 1678
1009 216
177 646
69 1432
1333 988
628 665
767 1661
112 441
943 607
1748 627
1408 537
142 959
155 672
574 569
1502 731
1262 1361
67 1246
438 928
1346 1476
977 328
532 1929
68 455
705 1123
554 1721
886 1353
1247 1548
146 466
852 1622
963 371
1884 1075
1622 837
590 315
413 103
74 1875
1920 1405
1932 1723
1507 41
1829 302
414 1322
1307 35
75 1626
1113 78
1500 1570
1121 557
72 1092
76 1390
1660 1225
1218 1385
649 205
1778 1004
498 1378
1267 168
637 1917
1098 73
600 673
1584 1648
1296 921
276 1934
1390 467
73 1424
77 1210
78 1134
990 114
341 1910
691 790
677 342
1250 129
1716 1510
951 1349
528 643
653 384
249 789
1032 770
1375 755
327 95
487 1262
106 517
594 223
1707 447
1242 1122
80 153
476 1819
83 240
275 1333
888 0
752 1439
323 1672
1822 427
298 1167
1291 175
747 1166
1511 914
1401 612
560 1417
1848 372
81 882
85 962
1636 1592
795 90
1645 1572
491 1139
1391 434
89 1220
1862 1638
421 377
597 856
1188 1032
1099 208
385 1517
1673 1699
1629 33
369 570
595 997
996 1226
1872 494
954 1488
1442 322
84 1743
87 340
139 1792
989 1477
1827 1288
86 751
1264 47
1216 1254
727 1221
1588 1473
840 919
1828 1185
1875 1779
1882 75
1747 219
535 1528
1279 1746
1182 1866
1838 1045
1394 1850
195 324
470 429
227 1691
187 476
697 690
241 817
647 1434
1317 1590
1463 443
659 1903
709 385
1643 937
1239 1873
92 39
514 579
1116 1465
333 780
88 881
93 1301
1910 1352
772 79
389 733
1553 497
1880 1313
1881 286
906 1047
1873 1033
94 382
95 741
96 132
153 1727
970 1042
851 1565
1513 1362
939 1368
425 1199
758 1277
1109 116
755 1738
97 1175
1690 1898
223 1702
99 1244
713 601
261 1859
1625 1250
366 792
437 525
1302 1156
1330 1670
1712 873
1303 158
1482 630
1040 1395
1691 947
955 1810
1464 1316
103 253
232 1644
834 1816
314 204
1062 842
680 902
102 133
180 257
400 618
1900 879
596 1740
915 721
104 111
105 1127
1083 1363
949 1551
592 787
1078 1163
159 36
1459 1919
1439 1157
107 275
1902 735
1069 586
1172 846
160 197
1801 479
768 252
1682 689
793 1274
717 1001
1261 1775
108 860
109 1056
229 1058
1506 355
1412 438
1735 989
506 70
902 1694
432 1784
110 450
111 1021
1927 759
360 568
921 973
932 195
815 539
113 945
1871 392
799 541
1437 1909
541 622
1146 1656
190 591
1298 161
601 800
1404 1440
774 1294
929 1388
1421 140
1930 105
1450 1652
320 292
237 1768
467 1357
114 45
115 760
1791 266
1075 635
1651 1856
402 1566
1841 1051
118 124
1088 152
859 788
1114 1211
796 1358
1710 1739
1489 1176
1512 510
819 1303
116 1831
456 990
280 773
382 707
616 825
119 1396
121 1870
122 514
740 46
505 1726
1798 338
822 1623
123 782
1184 28
802 834
124 181
1805 1614
1360 347
1414 1847
1436 1071
1705 685
1332 246
760 1882
1094 1196
1364 460
239 844
1824 316
270 1009
128 631
1869 891
710 369
1192 766
137 1131
247 1524
145 1949
1258 1698
126 1891
130 1905
1620 383
603 176
1472 1083
158 1719
131 502
1235 1666
1517 839
325 1421
1731 345
393 1057
665 1008
606 1830
1167 681
803 34
1921 1745
1070 1573
765 1695
1277 1588
1053 249
132 1781
1260 331
798 1525
321 1095
1594 207
1846 177
134 1427
1024 104
1809 1448
1241 66
133 1613
741 739
682 1153
865 491
1003 1060
869 924
1415 845
1637 1120
1548 1066
1453 865
1804 509
558 1191
1833 559
1890 1854
1368 361
679 1559
1198 784
138 196
365 1930
695 157
296 1945
1470 1425
610 1464
1766 505
992 1869
140 1034
814 354
689 650
141 1037
847 254
927 765
1466 1346
1581 769
1025 276
667 900
1874 894
457 748
1197 1369
1131 581
811 1269
1300 27
1431 1632
143 884
196 584
1008 1404
1665 474
233 1485
1149 435
403 1098
565 1584
1568 1844
885 861
1253 1260
1714 1297
1541 1655
536 1398
1344 306
617 1712
144 1223
1379 290
1924 1084
986 992
179 1299
240 815
913 1504
305 699
1923 893
1282 767
147 1025
1623 1441
1093 1276
1694 1728
188 1860
148 163
1236 256
1407 146
1014 239
150 775
364 232
1388 638
948 960
1130 1165
1741 1878
1135 540
477 1306
1337 1006
1860 1366
1852 1594
1762 513
391 407
685 1637
1603 1669
1252 1534
435 1744
1698 1414
645 1886
549 413
152 159
154 1482
157 43
1378 816
1140 1536
151 160
406 833
1652 1013
1783 535
1304 810
1701 616
1913 693
1751 1469
611 1403
260 598
1400 299
1263 886
1085 1503
445 1829
960 1193
1567 379
692 1610
1095 1741
431 1675
1516 1796
884 1491
1792 1611
430 373
1906 711
1626 1360
1071 1137
475 187
1937 37
703 1543
612 1420
1774 217
806 1016
497 1347
164 356
165 523
553 1943
1323 619
213 603
1825 81
340 295
1108 564
166 470
167 506
168 702
1591 301
1065 696
1527 4
871 367
170 1085
1837 737
194 1255
870 1578
744 454
633 615
1221 1580
419 524
1266 1725
1580 742
1562 1342
1145 108
1023 752
1853 512
278 193
172 975
1681 1936
245 1429
534 1150
517 724
171 1501
175 700
1096 102
860 1887
173 628
176 1608
1199 1892
1158 1305
821 823
1939 1883
1672 1680
1090 1268
1718 1621
1666 398
351 1183
1864 424
1667 130
999 38
1249 393
1543 1629
953 1802
1056 433
1229 1373
181 278
1411 390
784 698
797 918
182 1704
725 1673
914 1327
1621 270
1711 110
971 150
1006 368
1060 677
258 1103
1560 473
183 1776
1893 318
967 870
1578 149
1057 378
248 304
625 169
636 1925
1607 1110
511 982
186 1538
494 25
1887 291
817 923
396 1107
1376 987
1630 503
1473 1235
1708 1152
1420 1650
543 515
895 200
724 1596
189 386
274 828
693 1100
1898 1472
1268 1010
1901 1583
1905 1412
1565 526
1926 670
1432 1696
192 565
1318 807
1037 258
283 956
1600 1079
1765 1679
1324 736
427 325
1010 1186
1808 576
1814 604
193 554
288 346
1457 1188
343 573
1227 952
898 1927
936 1112
1383 750
894 1555
1440 1371
199 1402
1676 65
688 465
1251 1102
202 1935
1475 642
200 243
462 1713
363 1171
942 298
354 399
1865 1460
720 683
1334 1035
1020 658
626 1471
204 1261
1150 277
1248 1355
618 874
401 964
911 259
205 1511
206 1785
1021 1690
987 1771
201 402
469 1843
1049 1761
1563 830
1257 852
388 215
208 943
209 1603
210 226
1786 482
1465 374
985 730
1583 1088
1782 279
572 647
263 774
619 708
1599 547
879 640
1410 139
235 1442
252 1108
745 296
1285 1453
1646 725
1120 522
1207 723
1480 1132
1726 1332
739 1379
211 76
524 23
461 1693
387 1575
1255 464
1338 1348
687 994
1638 1539
789 1646
219 1579
428 1377
868 1619
218 1620
639 1647
357 797
384 1273
1819 1505
507 481
216 442
220 980
863 18
748 749
716 1948
576 364
1888 883
221 582
1854 489
1526 811
292 916
251 1059
224 802
489 1253
512 1755
1483 1372
225 645
571 1605
824 1635
1757 542
1703 1076
1785 52
330 850
1813 851
1290 99
733 1014
1839 1189
286 58
792 1654
1392 495
1454 602
492 715
228 8
231 1457
1288 13
1325 682
1234 1795
1409 661
1709 358
493 248
642 1770
411 233
764 417
1617 1506
1395 1783
1655 16
234 29
1781 694
1481 1227
917 97
763 1461
956 147
1519 1495
1312 445
1654 566
1503 485
671 1413
1727 1526
1504 267
238 1895
1419 1876
1154 1846
236 92
409 772
588 1845
1233 403
331 293
1365 1858
854 657
243 1005
244 1067
1800 1710
582 710
555 1817
479 192
1721 1053
459 596
439 500
538 1087
1674 1932
481 1577
1289 1911
546 814
1209 1338
1918 1941
329 1707
935 1645
518 776
349 1410
918 1356
981 1031
294 1807
250 234
1551 297
666 1640
1628 430
1072 1454
1308 284
1573 1490
1907 1173
433 666
1919 359
1112 265
1041 1546
1914 1855
1183 1463
1934 162
1606 826
1679 1295
678 48
525 1814
256 653
1170 1319
458 976
651 574
805 1391
266 713
257 632
1529 869
1879 1834
1424 317
451 1928
1137 184
1185 655
1928 1201
410 15
1749 1684
398 1394
262 1896
1384 321
630 1736
395 1257
346 228
1273 166
264 1242
684 1772
1615 1293
1189 556
950 1515
1610 1872
455 203
1556 644
1717 863
1515 1011
1447 229
1452 446
265 1240
581 1423
1418 86
1029 1547
269 1041
1687 966
1686 85
268 1562
307 1282
1434 1618
1557 671
556 608
503 1054
1156 703
271 1531
273 1208
282 626
423 1082
1647 1169
1314 1230
272 448
1228 61
1354 309
1224 1901
585 1455
1832 1449
1287 131
785 1205
858 213
277 712
681 1094
285 1663
1326 56
1522 544
1688 1641
379 536
769 961
781 1630
521 457
635 1818
1812 1612
281 796
1280 864
1015 55
638 173
1223 518
1678 1089
1609 220
279 490
284 1653
361 1757
801 1798
1738 740
583 580
570 932
1700 1481
1271 1000
399 349
807 1489
1377 1750
1202 1068
1908 1125
668 667
289 488
1728 26
303 868
827 654
352 327
904 965
291 946
293 1558
715 1864
694 804
669 621
1284 1824
424 999
1084 954
1810 940
471 307
876 478
880 1920
301 620
408 1275
1353 319
714 841
300 1310
998 1940
310 9
302 300
1847 1852
1520 838
304 651
828 1422
1161 255
1849 1659
1499 697
867 1564
1601 1877
730 250
1734 1842
674 805
306 1415
623 1554
900 546
1106 10
1128 183
308 1040
979 1325
1469 171
1719 548
311 1117
1168 729
675 1080
577 1467
1340 1237
883 587
759 1848
496 1315
1632 320
441 439
856 1077
968 60
1533 970
842 1247
701 1323
791 1161
1155 984
1176 1742
897 1300
309 1307
312 1296
1370 995
1857 656
527 1160
566 1541
1570 878
1169 917
1758 1238
1929 1724
621 611
1559 1091
658 1718
1448 1308
991 1815
1895 922
591 1093
930 189
579 1631
1787 1283
326 1820
1374 463
702 903
861 971
1107 691
1670 709
486 1825
328 40
448 824
1683 1734
783 1466
864 88
1270 1074
1818 1012
1309 1222
1592 756
1820 362
1386 705
853 1797
850 174
1350 1433
1695 1748
334 1589
599 484
335 1789
1026 720
336 191
1045 840
1550 1214
602 31
1226 1800
442 1667
1335 1803
1220 637
632 1097
338 1483
342 1715
1788 1207
1066 387
1826 1435
1911 1563
1396 1331
726 1731
844 72
908 136
344 1933
1912 244
1889 84
1117 1151
1737 1720
347 1685
348 1104
721 14
501 98
353 508
1366 271
1845 154
1796 567
964 1106
1777 404
1642 1597
545 391
580 352
857 818
1451 468
754 1627
1362 1204
356 1921
1204 1756
380 1924
1124 115
957 859
537 1523
933 22
875 1839
362 1015
1352 1692
1068 558
1530 1249
1585 963
673 142
1903 87
1802 634
757 716
1000 1912
1611 1168
367 872
567 264
1677 1557
368 280
778 1090
593 1321
495 337
1571 134
1644 1686
654 126
499 164
371 605
1619 1561
372 308
641 794
832 452
1055 606
672 578
1315 1705
1423 1133
608 1880
373 1890
737 1902
644 1406
1153 1285
1077 1236
378 985
1461 1239
1011 998
1925 1330
1771 179
896 1081
552 303
1650 112
1842 1119
1301 1836
1064 272
383 1367
1081 21
660 1451
1474 744
1793 652
1004 1187
1877 907
490 440
1486 972
531 1853
1059 1380
426 504
891 211
452 1326
938 1832
1589 1468
1635 1447
1313 436
569 348
1834 1899
823 305
390 692
482 137
1028 1393
1097 1061
1425 1154
394 1591
1086 1271
920 858
1561 1280
397 1197
1789 875
474 1601
1076 1200
1039 186
1349 119
1389 1609
1659 62
1052 288
1194 1906
1566 1264
1743 1780
404 1256
1159 1567
1007 418
835 107
980 1278
405 738
1213 238
407 1209
1835 1272
648 425
1780 1522
510 370
926 260
1554 1786
412 1897
907 857
1115 339
415 389
1231 1754
1027 1030
1858 1266
790 225
1208 1838
1444 600
1051 571
416 967
1614 428
417 1668
1485 1298
966 432
420 1582
418 909
1329 109
1413 412
1471 974
958 1174
1283 1642
1797 1793
1922 263
1147 458
887 472
1861 649
1367 1499
1126 1907
1742 1502
1586 400
434 933
1897 732
843 1339
1358 323
589 1456
1909 1180
762 1938
436 1062
1662 1234
1030 1212
640 743
557 1947
440 516
1166 745
446 461
1723 991
1177 194
839 1052
1868 218
1851 955
447 944
509 1709
1162 1065
1713 1023
1523 421
1685 1806
877 1799
946 1732
706 1344
453 262
1840 1939
1179 499
1536 1636
598 1874
1433 1851
1173 664
1403 1496
1102 1474
460 1022
978 662
1074 757
794 333
1648 444
1035 727
1203 1837
1540 785
464 138
466 1540
1428 1865
1355 1862
1259 190
472 1375
770 1399
738 1289
1720 1606
488 1576
1043 365
723 180
1456 360
903 953
1616 549
1535 420
1201 1245
1514 198
1521 1248
1624 1625
1537 409
1142 287
1034 202
1295 1462
1596 1243
1398 1459
483 507
961 477
1675 592
1214 754
899 1804
993 1671
707 1159
1144 527
1050 1497
657 32
1784 1479
833 245
782 590
1449 901
1047 1600
1175 1688
1339 341
622 1828
504 312
1246 899
872 706
586 1351
1484 1520
1768 1383
1664 1766
604 294
1478 848
542 809
1492 1215
1341 1794
1152 1408
729 1512
1013 1518
513 855
1769 623
1524 1343
916 1024
1830 617
848 1782
1508 722
1132 958
1891 1202
1178 282
731 501
522 1437
1186 1290
1859 121
526 688
1528 1029
1886 237
523 261
719 1697
1870 1365
1306 185
1693 1681
742 768
1518 1516
629 1808
1763 968
544 1113
539 1194
922 396
1498 1374
540 803
881 1616
1042 1345
1531 1007
1750 1735
1087 498
735 986
1133 1044
1702 67
548 1717
732 1267
551 1871
1631 1916
1904 172
1357 951
1174 1689
1767 1124
1311 1492
1143 366
559 283
1494 1658
1369 595
1564 1436
563 888
1402 416
1092 182
1916 96
874 118
969 329
568 1265
573 939
1219 1172
575 624
962 585
1181 1198
1572 1617
1240 2
1604 761
766 747
1293 437
1844 80
753 641
1103 614
831 1763
1031 827
1171 847
1579 1677
1510 1149
1191 1129
1331 1039
1803 799
1138 1086
1495 1178
1372 528
605 492
607 1881
771 718
1405 1657
973 1703
609 1733
614 273
1091 178
890 1438
1256 397
711 1048
1005 1708
620 141
1100 170
736 531
631 74
634 1788
1668 1291
1455 597
1187 1050
1012 1292
1850 897
1776 335
1244 68
1328 1072
728 20
646 1251
1724 1664
925 1337
655 1863
787 1581
1775 1381
656 1867
1139 1028
1602 1229
1275 151
661 1765
662 344
664 1585
1488 925
829 1571
809 311
1587 1532
670 1118
1501 701
820 533
912 480
676 411
686 588
1356 71
1821 1484
1380 1
1843 89
698 1130
1746 100
1348 1111
882 993
1211 806
1321 545
708 188
712 1643
1406 1218
773 82
718 268
878 633
1770 106
1245 1599
1546 764
1764 1487
1038 562
1657 285
1476 911
1663 1470
1272 904
1736 7
974 1309
1497 394
786 1521
1590 83
749 1114
750 1595
1740 330
761 1216
1190 59
1593 251
1894 577
931 609
1002 1560
1892 17
1222 1835
1427 660
1715 227
1036 829
855 1340
1704 1593
1933 1121
1206 659
1079 128
1265 1386
1794 1556
800 94
1634 1918
804 511
1496 63
1790 583
808 777
810 1587
1733 1445
818 1070
826 678
1417 1823
1217 1552
1205 1179
846 934
1393 1773
845 728
1935 532
1725 363
1539 880
1371 560
1706 30
1180 1219
1649 1821
1054 353
1320 1252
983 1530
1669 1751
1322 1302
1836 406
1022 1281
945 629
892 314
1343 51
910 957
1558 475
1210 1144
965 212
1525 983
1817 853
934 684
1569 1706
947 449
1111 422
1878 910
972 981
1446 395
975 996
1754 1662
984 915
1680 1729
988 3
1292 1931
1491 1944
1195 77
1605 1190
1018 786
1443 1813
1761 423
1269 1069
1373 1884
1310 668
1730 1400
1058 1787
1532 380
1061 1722
1232 42
1082 1893
1549 1147
1658 812
1753 1885
1699 1146
1119 663
1136 1430
1127 1138
1134 1224
1807 1868
1196 538
1281 24
1361 1203
1555 235
1574 771
1316 1312
1729 1370
1815 726
1552 1026
1732 405
