0 252
2 825
3 907
1997 824
1996 413
1995 627
1994 939
7 1879
1993 73
8 1441
9 529
1991 1540
10 1022
1988 1189
13 1521
14 1559
1986 923
1985 1346
178 1589
375 1179
565 892
1393 1721
107 759
1088 1175
850 1006
27 326
756 1541
580 1311
1331 1489
1569 1773
693 1925
1127 312
353 1469
1745 617
1 514
1999 110
4 1161
1998 213
5 10
1992 335
11 158
12 1353
1987 517
16 1511
1603 1896
1237 616
800 1760
288 641
821 877
1167 180
1375 1480
1082 839
1086 1437
42 1659
557 1838
6 169
15 864
1717 854
1422 1846
79 505
1089 16
28 64
232 1282
300 779
1235 765
18 549
49 104
35 1330
1667 1071
173 1646
955 714
576 1116
970 872
144 1527
1514 785
1608 1176
1049 1663
1741 458
388 1699
1664 1406
17 231
1990 1607
19 1545
1098 162
1765 1619
732 791
863 1235
1289 1802
896 795
113 268
874 1475
641 1066
1938 1020
1181 382
1877 77
292 1866
1216 1809
1756 927
20 700
1812 385
1281 423
653 443
25 572
1656 465
1863 322
1194 1348
398 1018
903 143
1559 551
1342 260
1151 1331
21 198
106 1576
1294 776
1900 1830
43 1260
99 882
233 956
1145 950
328 621
301 1593
814 186
94 1669
318 1555
690 749
257 1045
949 68
1542 1206
384 1688
1007 503
236 361
1847 1863
377 1339
725 128
1719 1825
1843 55
1099 31
1687 879
170 228
22 1028
23 1106
1478 1554
702 744
1673 1243
1039 704
90 1250
24 1740
1855 682
941 1872
1334 1877
1939 1411
249 445
1222 826
841 1274
1431 1704
1768 1158
1959 706
1344 798
1464 937
362 188
132 1239
1223 538
1510 1244
540 906
1509 452
740 1768
316 772
330 1552
1068 1151
60 783
1150 1661
667 483
1069 1365
26 1961
845 164
1345 1549
1169 1322
773 245
411 987
280 1375
424 655
625 1233
826 1426
1499 883
1989 1424
760 229
570 395
1327 1942
1254 133
907 797
703 1312
1743 1847
1973 1629
1791 702
1277 676
895 49
1198 727
1107 333
29 1901
30 258
494 1157
1501 1950
681 40
1969 1104
31 1144
736 787
776 966
221 978
993 247
906 858
888 1220
672 938
1302 475
1482 622
32 72
291 863
1707 1418
436 474
1644 1591
86 1672
1419 470
470 894
1395 273
234 1891
497 1014
1856 1949
711 1399
320 1366
1609 615
704 1295
346 1316
685 469
1522 1900
1590 674
1936 708
64 1440
152 433
1100 1730
34 1714
1866 1656
722 1886
1037 1921
1915 46
689 875
684 300
720 1269
940 1003
960 93
509 1610
33 1587
1371 386
1011 1644
1203 583
403 1126
853 633
36 613
1418 1606
1948 194
272 1393
1823 211
927 1801
835 1180
1694 1385
37 58
1684 328
1781 784
1104 1786
363 1608
1614 1507
1680 1987
1486 106
640 764
1924 743
1243 139
38 711
624 352
1326 1970
1661 1024
219 1875
1186 1551
543 368
1622 1283
1944 309
1641 119
192 1999
1820 835
1956 1479
1121 1561
781 1047
914 317
279 855
752 968
1238 1137
1390 945
712 1808
1123 941
130 1423
811 1205
1217 1564
1427 476
1019 321
40 1502
41 1855
212 695
795 1359
82 1638
1521 43
242 121
188 573
1385 1289
1022 1640
486 935
67 56
762 942
1527 301
48 1430
1483 1026
1975 1127
214 1529
1612 790
1115 315
1919 1674
1582 524
843 1922
39 330
1649 0
1629 992
1179 83
198 48
1908 1120
502 1001
1163 319
44 364
525 1977
1094 28
678 448
93 1326
1276 350
1494 1415
1758 97
1735 973
45 1570
1828 495
1247 1989
807 1535
438 849
598 1585
1085 115
848 1605
271 377
1343 1007
46 1553
1637 1170
1967 919
1278 604
1178 1918
1001 557
864 399
57 1162
303 1080
47 1761
1980 1323
1817 184
200 1159
92 294
1362 81
1258 1752
1631 1626
244 467
1317 951
1139 1486
190 1202
1158 1421
577 1647
1895 178
1231 1839
51 1247
277 136
561 746
1013 427
455 1784
1752 786
1891 649
1601 429
613 302
50 1108
177 63
619 777
429 1907
726 1959
52 806
869 59
591 1604
1446 1383
452 751
1606 1190
822 1095
1816 1612
1712 1115
389 1711
741 861
745 1978
176 888
315 1203
1164 811
340 1272
1876 753
1380 1495
1960 925
1433 1948
1316 501
533 298
1892 1062
946 1655
998 1835
1796 1895
1583 1995
1884 1881
1557 552
53 1207
54 338
55 91
1544 1531
885 910
931 1926
1321 970
332 838
1260 1909
1337 1267
56 226
1690 916
957 1883
1731 1534
1189 1988
1516 527
1715 1963
217 244
136 1431
1548 214
1598 251
58 237
997 1635
193 1112
1691 102
1696 636
620 1719
1459 1165
1633 1632
818 1402
1511 1787
59 1215
75 586
1830 14
1916 1056
1025 208
1686 983
196 769
1849 387
743 986
1043 908
1913 499
348 236
556 219
61 78
742 259
1658 100
317 454
1677 33
1377 1166
406 1452
1859 1198
62 1377
878 1271
866 460
1573 1273
715 1226
805 1725
1624 337
368 1099
1794 1590
581 1848
255 694
63 295
77 1634
1744 1969
1538 775
1860 701
1898 766
929 1448
258 1462
754 1129
1052 965
246 1328
687 1642
1968 1588
1229 1804
721 1805
881 299
1688 1072
1578 1483
758 1128
65 1751
66 4
1200 1234
1030 354
1338 1777
618 656
932 1319
1286 1876
379 357
127 166
88 1000
253 1984
477 1290
1813 253
1307 1584
1138 125
189 1197
1070 1643
601 567
505 1899
216 644
1585 1498
789 243
68 239
469 61
611 1463
1515 1223
637 1780
159 293
1292 444
70 624
575 1013
1977 936
1779 173
877 37
596 44
1698 1092
733 1438
802 1939
491 1349
71 1049
471 957
1773 343
1097 982
69 1335
72 60
1848 628
1378 1432
626 760
1234 18
793 1981
1597 878
1721 732
73 1148
642 1384
695 600
85 316
169 801
74 1578
589 667
1961 1236
1852 821
547 1067
1475 554
180 1756
1640 1382
1408 376
1894 1932
1604 26
763 1792
1807 240
1009 1693
1783 1972
1152 1983
1309 1094
1401 1803
1815 1795
1212 141
76 98
652 507
1767 1204
1802 1829
1951 526
1232 1023
772 659
515 487
1379 1374
943 1539
713 1434
1000 698
311 1447
1748 1315
534 1911
186 1253
796 1849
990 410
341 160
1451 578
1288 1518
184 222
140 1069
656 1842
952 1057
913 174
1095 1468
1580 1708
1034 116
105 975
871 391
1340 1762
78 50
80 206
245 99
1926 1929
1693 799
81 1153
1184 1505
1676 1955
1592 365
1078 1821
991 705
1160 1174
1952 1581
1805 1818
1834 1188
1404 249
966 396
1872 359
275 363
1642 1254
1703 1041
1513 1252
83 1944
1010 1573
263 1785
1627 1221
326 545
142 242
1136 269
985 118
1239 163
84 1765
1636 848
1929 840
459 755
1125 1844
1348 500
484 1478
154 1960
514 88
1564 940
1625 1738
443 1111
925 1231
1818 1894
797 680
939 1147
532 832
1228 637
87 1298
889 285
418 598
747 347
1428 1497
1457 666
137 41
1881 203
1551 1998
485 1347
1323 1103
1284 20
1391 734
89 1002
1264 1119
1219 1451
548 1183
917 1140
299 1903
354 137
1018 1300
1537 1371
727 1213
1638 1048
1109 1657
1473 1510
290 1577
912 559
461 1051
1411 1705
827 1956
91 1256
1962 876
1841 1967
1172 536
183 1890
1562 76
988 170
1014 1916
512 1306
1838 205
347 1264
1274 1237
1546 1491
416 1937
944 471
608 272
1718 629
879 457
1263 109
1005 1134
1825 1222
1842 1379
1403 782
108 817
1271 1268
645 739
1672 1388
1732 1512
707 1344
1971 216
442 1789
1978 1320
1720 808
1554 540
1083 591
1983 668
95 145
1506 66
851 1090
96 1218
464 349
956 1745
1786 542
1330 414
97 134
660 1579
1912 392
1129 1288
191 149
602 1100
1413 1833
858 1790
1530 459
1734 292
1840 560
98 327
967 1293
1067 718
1529 310
546 234
1472 388
281 1885
162 1196
1044 189
473 556
141 1982
897 995
1425 1596
1495 1225
728 1707
100 1446
847 930
101 341
247 168
1727 51
683 993
813 1149
1526 1681
124 1052
1653 1943
1941 1637
273 1700
1015 564
155 1308
759 1912
102 928
414 1868
1402 1678
798 463
1079 1737
880 1059
195 344
828 1778
445 1125
923 351
1091 375
1669 686
1871 1232
1242 548
634 1562
1930 574
1066 961
860 212
1460 131
563 1542
103 442
104 1433
359 1355
1917 818
739 1904
1046 1211
1775 150
319 1241
873 594
365 735
1935 90
1399 692
788 737
1778 411
1532 84
1381 1906
1568 1466
1128 1774
1531 1696
1746 1459
1623 1662
1161 1040
585 1083
1749 684
160 334
1710 498
1353 450
1652 1212
1610 165
432 722
1628 1133
364 1425
621 1990
1156 1513
146 890
1170 38
456 807
599 1816
1795 813
109 6
1954 736
1073 862
213 1600
123 911
1839 570
986 172
110 1884
111 1962
836 35
1055 515
421 857
1339 381
1556 1717
963 248
327 366
112 449
1224 1800
1600 1810
753 1506
1931 1782
268 599
1918 148
1799 1413
643 1757
1106 773
1774 177
1873 1473
194 593
356 885
1705 952
1057 652
900 1436
351 1936
114 82
115 1029
706 1340
984 1764
947 1845
1889 1563
116 789
425 1369
218 1284
1383 905
295 898
842 422
1251 506
1681 1769
1784 1631
1966 1796
1084 1405
1416 1337
117 1098
958 537
1536 1689
791 1623
1704 1240
523 1770
737 1822
1255 1313
119 441
1517 833
360 1109
227 1683
1061 70
1685 494
120 1168
567 1199
333 869
696 1667
240 1641
629 1850
937 1923
153 565
492 1214
121 1572
724 608
433 1860
1314 1186
118 690
157 724
1793 492
1555 159
1175 1952
440 297
122 1858
278 1455
981 1609
1365 11
405 976
344 1556
1279 887
387 1201
987 654
710 693
1386 1238
922 632
1173 1832
1140 794
921 1285
226 710
1484 1975
1041 1184
938 805
479 954
126 998
1110 677
1651 7
1132 1327
694 1050
357 1660
1363 1485
125 1317
1591 311
755 358
664 822
1444 543
948 522
501 703
1678 380
1772 720
978 584
1722 493
128 719
1467 1036
1176 974
908 1836
1837 416
1836 1501
182 108
1168 65
297 852
1844 1819
1808 1763
1620 227
1911 267
269 468
632 921
1921 1461
129 1297
1552 758
1643 1011
435 1172
1869 1404
1230 1381
1800 697
1943 196
131 1965
665 29
607 1946
1023 948
595 25
1565 117
654 132
1914 329
503 631
133 914
605 1611
1162 1603
1982 346
1491 1302
293 233
815 1004
1143 384
1117 1303
1250 829
682 1713
1253 1837
135 1005
1024 446
1199 256
1392 712
1301 175
1660 893
476 689
1771 831
1062 419
1215 1718
1702 401
806 837
134 991
1487 1427
298 453
916 762
352 828
361 671
1028 479
458 544
1166 1093
1481 171
261 1182
1092 592
950 513
1790 451
1561 881
1021 1019
1421 1257
1389 1910
1103 1853
138 568
139 577
324 284
649 1811
1706 1076
1298 1474
1081 1794
1958 771
968 1169
147 1154
1310 1105
488 1613
475 504
1017 895
1424 187
1004 1817
849 1557
1723 1342
708 389
1880 432
207 17
444 1865
510 8
329 597
837 1228
143 1356
1220 1779
1376 1636
1602 1101
1753 1509
705 1766
771 127
1910 932
764 425
1398 1044
1886 1530
1857 1173
646 651
564 355
830 812
1045 562
1821 461
163 860
145 217
305 874
423 1957
1490 232
1201 437
148 1736
549 619
496 1208
1827 488
383 1259
803 304
1351 1668
367 944
1846 1504
1113 1386
204 1130
1586 94
1674 809
307 1503
1553 1933
149 1086
150 1558
1670 12
972 1568
1387 820
487 1053
1197 1287
151 1015
1135 420
1297 1038
1027 1537
1287 1091
954 86
1854 409
1806 1156
1445 1435
1981 265
1737 1341
587 979
1120 752
1318 1367
933 589
1182 763
1293 1532
1946 774
369 438
1708 1177
674 1728
1453 1755
410 579
451 1996
868 1565
936 1088
926 660
942 1217
241 1012
478 1167
376 1363
1811 1947
156 1079
1157 1571
164 1078
969 123
1350 580
647 1345
857 1305
560 1914
1504 1408
158 426
1618 1775
1102 1008
1225 963
1177 531
571 1820
1456 1191
1492 305
1508 647
230 318
322 1594
489 9
856 851
259 71
1146 1378
1650 1063
161 195
542 610
780 393
1137 1525
962 1679
901 1281
1026 747
1882 988
1144 1617
675 129
1792 1720
1124 796
527 1494
1725 675
1789 1595
1788 332
809 1039
434 1087
1587 658
1904 728
554 510
1500 1664
1352 406
1695 754
165 1163
166 1081
1461 1493
1751 518
751 1450
832 587
396 1150
167 1924
1452 1799
1116 1670
168 953
1885 39
209 603
1563 780
1252 15
582 1671
1803 1261
335 903
761 596
314 152
1366 1630
171 1249
1630 1680
1072 607
172 348
345 1514
1054 79
631 1164
1697 246
1048 1807
1819 167
1955 1934
174 191
1488 679
965 1991
175 886
374 320
521 918
481 325
883 756
1621 362
1036 1515
1835 1915
1785 95
1299 1131
1945 261
891 1387
1733 218
1770 1859
545 576
482 397
774 870
1549 1750
553 1338
179 672
1543 254
875 646
417 1114
370 1592
911 415
1671 466
1864 1035
181 477
286 1278
1458 1124
1655 1122
206 1898
1119 1255
854 1046
1332 200
467 1453
870 1826
1893 306
1574 356
1810 428
1965 283
185 185
1964 1771
187 1357
861 630
606 192
817 224
1907 1362
197 1724
1388 1620
395 612
1058 402
919 1263
898 1420
1436 947
308 1575
310 827
964 1291
1469 678
1480 1666
614 681
535 1242
331 1332
750 792
1589 1722
465 606
1925 1653
1657 738
779 1522
894 418
1668 1262
1761 45
1572 153
350 489
1909 853
1394 1857
1356 1928
953 19
1006 1351
700 917
1776 1219
980 394
1711 1703
1174 1318
1149 235
1476 856
671 1428
304 372
1324 566
1003 561
1275 1526
312 530
1210 814
1214 1602
971 1754
394 1658
1105 623
816 1245
610 1246
989 440
1305 1227
199 1701
1207 1841
228 278
1133 618
1449 436
202 481
1507 726
934 1321
201 1142
203 1042
983 1908
824 271
1659 748
1114 107
1423 1
1364 1776
205 1710
825 1139
994 1352
831 1121
1619 1499
252 1616
1033 575
1202 1304
511 1296
266 161
1047 924
977 1695
450 602
504 717
1087 1456
992 1994
208 1110
1272 1767
1370 151
1256 696
1970 716
210 1519
1313 1333
786 92
211 1973
1782 625
1442 32
680 1538
313 1902
692 484
544 1618
1415 661
302 57
872 74
799 1583
1485 984
538 1324
1576 1470
536 1465
1512 1370
769 155
1032 1690
1295 1633
584 653
1524 1692
215 221
287 1871
1244 996
630 933
229 781
790 909
1567 836
1599 1400
422 1793
1188 901
1051 767
1594 1709
531 287
1218 873
1596 182
785 407
500 1454
1382 1361
1346 403
220 673
1312 1484
1303 1686
222 733
1183 1889
223 1614
224 803
518 971
490 1727
225 69
852 1645
738 1888
463 276
644 1145
1096 528
1147 946
1862 1409
731 845
231 431
1196 741
1440 1867
573 1181
945 378
1155 1301
339 486
628 1070
1927 1887
1550 841
1429 1350
1503 122
1056 999
1165 1691
834 264
904 496
1248 1414
1632 1017
1520 207
638 1856
658 1481
392 270
767 1403
915 1715
262 280
1283 670
235 969
1080 1286
920 353
1570 1193
1268 1759
237 5
1581 850
657 1569
306 30
1468 1299
1063 456
974 1675
238 989
1195 1397
1454 424
1192 1652
1384 331
1296 1329
239 1373
1407 1684
1887 949
1829 282
1850 707
282 1123
1369 1460
1153 1625
248 87
1108 1077
243 1194
1615 307
528 1574
1932 1085
566 1840
583 981
603 53
701 176
801 379
1447 1861
1645 830
1262 225
886 202
976 1368
1675 761
1545 1621
520 485
1747 157
472 1209
676 1118
1728 685
783 96
378 1615
1897 1195
1683 374
250 1546
1420 114
592 648
1713 1265
1040 199
892 823
1071 558
1406 645
251 257
1902 912
1035 899
1826 793
462 967
887 1034
254 480
1742 1310
1060 788
1211 1389
426 491
1325 980
1611 1815
829 103
309 1412
1874 614
256 1712
924 1729
1738 1920
439 482
844 336
1412 113
1755 1550
284 958
1439 1743
1797 1979
260 373
1928 1976
778 1739
499 360
1754 250
1141 1824
1906 650
495 1723
558 181
714 1543
1867 509
1798 1697
1322 1639
1361 1096
679 955
380 1917
267 1224
1865 512
1016 691
264 1074
578 926
1979 842
1496 1058
265 370
1265 1893
1397 1941
1647 638
342 1210
979 277
270 1444
1282 1391
1008 1964
1396 1258
1180 595
1432 643
1577 1813
274 1016
982 1372
529 810
1355 112
428 867
1663 1580
1187 525
1245 723
381 868
1832 1492
276 519
448 547
1372 286
1890 1037
285 1055
1171 1021
1191 1814
373 1927
474 1395
1780 626
1311 1477
746 400
393 523
1190 1827
283 611
846 620
663 383
568 1132
651 1376
1571 1974
1466 985
1122 1834
1502 13
867 740
1634 1676
289 1798
1724 669
1933 1187
1665 688
1833 1155
1118 472
1858 324
1801 1500
1593 729
636 1598
336 1275
1053 1882
1465 340
399 534
294 1520
1814 1560
588 884
296 1624
787 323
1497 1726
1699 27
1639 713
1477 1135
400 1980
1766 725
1226 2
1976 1390
1463 147
415 1880
1341 210
1762 1416
1236 439
408 1753
431 1951
1984 1343
1588 1027
1064 1251
1474 1517
1077 1229
1759 502
1479 42
1438 1905
1368 634
1950 209
1760 1314
718 1192
1029 929
1769 124
1870 663
959 819
506 1682
430 1443
639 1747
1320 609
839 447
1519 920
823 1097
766 1334
1154 1138
905 1084
1750 417
437 1472
876 296
1730 1392
1613 1968
321 1136
1716 742
1777 1673
635 571
1193 1788
530 34
572 281
1031 1748
323 275
673 405
910 146
862 342
325 1940
1020 960
493 1702
1963 1783
1213 241
627 1601
1233 1117
1249 1276
893 1758
1065 913
659 1398
792 585
1240 140
334 1429
454 1734
1899 291
1409 1439
337 977
338 1953
1525 1068
1111 1687
1518 120
1134 1544
555 1419
757 1869
1471 555
1426 1458
884 1025
666 601
650 511
343 1870
552 289
1221 1178
686 1476
1319 605
909 897
604 1650
1764 516
391 709
804 1277
1126 541
446 745
1333 1457
1809 1566
1455 662
1405 816
349 1533
1430 804
420 464
1002 1930
516 138
1075 1582
1616 1396
1050 308
1922 891
1617 1862
355 1627
655 1586
1584 89
358 815
524 1488
730 154
1923 1009
483 67
526 156
449 1649
1957 1685
1285 80
1566 1931
882 665
1949 1364
1666 1731
775 844
1709 1772
1359 313
366 1732
1450 408
507 1823
1757 1797
372 1160
1595 997
371 563
899 1622
698 1380
716 1054
1560 193
902 1010
407 1360
995 1061
1851 1043
688 1938
1373 904
812 1031
777 1075
382 1152
719 435
615 859
1241 1200
1304 290
551 715
386 1496
385 922
1360 85
1270 532
890 230
1896 539
517 1852
1726 871
1942 1107
390 179
1901 546
559 1445
770 1985
1626 1410
1090 255
397 1309
1662 62
930 1407
401 1654
402 1471
1448 1270
537 535
794 101
1635 657
404 880
1868 1843
569 1874
999 263
661 1060
498 1065
409 1913
648 972
1804 1597
1349 590
412 1878
513 367
413 550
1654 1945
1400 1993
427 1741
810 1325
833 1422
1679 1467
1142 847
419 1966
622 1897
668 931
1861 220
1974 581
612 721
1374 639
1888 699
1579 1033
1701 1567
1315 1892
1076 962
1417 896
1148 1143
723 635
1740 1749
1700 1417
1523 843
1505 683
840 1919
1692 1089
441 462
1879 1279
1528 1954
1831 1230
447 490
819 262
466 770
579 238
709 1449
1934 768
453 130
973 994
1541 640
765 800
457 1854
928 478
1493 47
729 1716
1824 1986
460 687
468 1746
1266 1791
1736 1547
744 959
734 900
1335 1266
1209 339
1101 1935
1575 802
480 1548
1306 23
590 521
996 1536
1947 1677
1940 1706
1261 1806
1269 1781
1605 1694
1878 1864
1358 1487
1291 473
519 750
1131 1997
669 1032
865 1742
1443 1064
600 866
1558 889
1903 22
1273 1113
1410 1307
1435 1828
508 1490
1208 934
1300 1851
782 126
522 1082
1038 1141
697 520
1414 1292
935 404
662 201
1012 1831
670 1516
617 1698
1093 183
539 1524
541 345
1347 642
597 1508
1227 664
1682 303
633 197
1535 36
1539 569
550 52
1329 1971
1259 434
1354 190
1059 1280
562 1665
1462 1336
691 1464
586 390
574 533
1875 135
1205 1394
1853 1744
1646 24
593 730
594 412
1367 731
855 1628
808 915
1112 111
784 1401
1920 1073
609 1648
1534 1354
1434 757
616 943
1533 279
1159 1248
1246 1873
1489 430
623 1482
1953 865
1328 215
1336 314
1204 1358
975 455
1547 1812
1308 508
1739 1146
1257 582
677 1030
717 1171
1470 990
1441 1185
1883 1992
699 1735
1822 3
749 75
1042 1528
918 1523
1437 204
1130 1733
735 105
1763 54
748 964
1845 421
820 1442
768 834
1074 21
1540 497
1357 1651
1498 274
859 144
1206 288
1714 142
1729 1294
838 1216
1937 371
1689 553
1267 846
1607 1102
1648 398
951 588
961 1958
1290 902
1972 369
1185 266
1787 223
1280 1599
1905 778
