0 873
1749 757
1748 1025
4 335
5 526
1745 1358
1744 570
1743 1332
1742 312
10 338
178 630
1465 357
739 56
237 691
951 270
1678 504
843 1020
1498 1006
408 426
462 825
502 739
1240 931
1 726
2 249
3 626
1747 36
1746 806
7 675
8 299
9 493
1741 1120
1576 1231
999 875
701 960
1552 448
1585 441
858 195
966 717
6 111
12 1337
1717 759
292 618
1691 1030
845 430
162 220
11 1526
457 347
1285 890
1074 1450
1053 1078
137 583
25 515
82 1241
142 1208
13 1329
1098 1720
435 1200
1375 245
192 454
1134 989
1262 1363
1488 202
1540 413
476 1182
900 1313
344 420
1374 380
581 478
874 372
562 59
14 1702
15 665
1044 301
1395 604
1265 1481
524 949
1155 1162
1055 1633
206 609
1135 1176
106 8
19 1681
479 447
731 1330
207 1091
1360 531
965 469
747 993
16 866
17 1491
690 464
464 743
384 647
1226 1268
456 256
18 306
370 565
1458 211
1679 1167
1316 650
510 1216
986 547
1109 137
1013 591
195 1519
1103 764
1596 1338
1170 628
461 239
1574 1431
893 1561
279 1282
566 1589
1217 325
1412 1205
1127 115
1229 330
20 1267
21 1245
828 571
107 1013
222 689
1516 1640
341 319
1675 181
22 368
1483 455
541 1335
1198 287
944 704
1575 902
1589 1065
511 1127
227 221
23 1243
1244 1639
1408 1716
62 1063
48 1601
1664 1731
617 1691
24 107
1499 1576
1161 911
1183 1311
382 96
429 348
526 320
1407 230
1436 625
589 859
629 1585
885 880
477 722
83 671
626 1488
26 240
65 1418
1670 184
1138 1090
1177 814
61 662
1254 1631
291 50
76 1005
1102 1333
897 520
135 892
485 944
923 87
585 917
1094 361
941 646
28 308
43 1539
700 872
251 1677
1377 976
27 1610
881 1214
264 558
482 1428
1091 104
188 253
647 303
813 1686
29 1597
30 575
1694 1173
873 1276
1117 1472
31 1487
1715 556
155 1269
1571 672
147 408
121 354
1532 254
624 837
898 557
379 135
75 1029
1066 1689
33 1097
1641 250
1300 1390
1631 710
633 375
1553 1380
672 778
1603 1632
32 1374
34 414
399 26
659 1148
794 1503
185 1291
779 86
1390 1218
35 1028
1510 476
1010 1272
1038 364
503 677
651 262
1302 1603
36 1518
209 615
568 246
689 1347
1293 1402
37 1166
539 998
1031 619
213 1680
531 1683
144 1323
38 1627
53 1726
91 1736
1131 340
840 1088
1334 1494
422 1549
1693 433
39 1306
1079 233
431 1507
40 805
1136 1557
1646 1477
1061 1070
722 1417
49 518
1738 883
103 1430
675 41
911 1534
67 1064
785 237
557 1392
805 406
584 1588
1174 1009
753 1211
918 968
41 23
42 1014
1508 1041
214 1295
380 972
1547 1678
512 1409
1210 683
314 1707
1111 117
1707 1575
1363 1651
1561 1663
909 1136
1190 611
1239 1350
705 121
706 494
1600 1729
638 974
198 1654
1045 1408
1537 1031
44 670
46 1113
1359 1225
592 33
957 1236
163 668
1008 1054
1685 1405
1236 1570
45 252
47 151
855 1289
922 947
1060 1700
996 858
1417 285
496 201
1619 937
377 1188
455 1361
1208 1531
1347 1403
576 0
268 1497
236 1255
1387 533
928 1346
221 295
69 1598
1487 456
743 191
50 848
189 450
407 83
1734 905
1305 1636
120 61
807 100
249 925
253 1234
52 444
997 857
1655 95
1096 171
199 562
51 1174
699 1641
1405 561
641 1096
824 378
223 374
532 1407
1445 1624
728 1541
1113 589
423 490
1376 1155
54 579
1690 923
1165 862
1250 275
930 465
55 813
727 729
982 344
1348 901
128 1360
917 831
56 1298
386 554
730 572
307 1010
1315 1094
1455 542
863 1074
1711 1366
208 784
1325 958
1414 1573
466 667
692 678
978 182
296 1114
58 260
241 1256
1367 445
170 51
183 680
495 1314
405 950
281 696
664 1528
59 1015
1622 893
218 597
465 1647
688 1221
552 1441
60 387
1200 773
1712 1369
1344 1745
1069 1352
797 1341
1286 446
87 1212
1386 342
549 828
57 1340
964 1169
938 168
723 1223
365 666
1454 535
520 1049
248 783
1578 1618
1043 110
90 393
1051 1259
421 1626
625 924
467 1482
1473 1331
346 934
63 282
64 524
334 480
754 553
1440 511
1301 1692
175 1044
565 595
1184 988
483 763
1703 963
66 904
780 1022
378 99
929 1312
1680 1124
272 1229
1029 1018
1050 649
233 1584
1021 765
711 1320
716 1273
883 1480
396 417
767 742
1651 1367
194 795
200 425
68 941
383 1583
487 1111
1163 1179
356 492
719 984
172 1564
1120 1439
70 694
361 1656
321 1694
1011 1043
1083 1649
709 78
1497 705
1225 1059
1399 1699
72 210
990 55
442 377
1420 98
1615 1230
933 688
246 1563
1132 207
1333 1165
1160 1251
323 395
71 669
335 1648
1713 352
1450 1327
1579 24
1384 1051
73 540
74 1079
1722 1499
309 969
1141 1718
196 412
542 170
1452 1151
1125 1619
434 908
468 593
77 118
275 108
914 1387
962 1443
1100 54
886 440
932 129
1130 172
138 1458
642 697
78 217
1636 1060
288 955
1520 1662
734 1142
290 845
337 884
79 1679
869 231
564 663
1195 453
620 632
1423 1739
901 965
86 1682
80 812
81 474
889 1646
1271 737
410 894
1274 329
390 631
745 959
1264 198
480 1704
1197 907
285 634
1065 1393
776 1357
1206 48
269 321
411 1164
85 11
577 1476
1708 1047
315 67
1461 1466
618 164
84 131
265 528
439 885
161 1490
160 355
1628 1000
1709 159
1466 65
695 1264
720 1551
262 977
364 1284
973 291
1365 797
295 1085
1612 1470
758 734
1148 1309
342 1653
88 827
357 701
832 1650
535 1370
1326 278
89 1042
267 38
371 1037
1004 868
1663 18
1627 817
515 953
1168 206
660 551
454 1185
1001 410
1310 1123
1379 481
1411 1099
92 185
967 580
1032 1189
661 1621
751 183
1320 1404
93 1688
1150 376
376 962
1373 1434
392 727
308 536
713 1462
968 173
555 596
847 1463
773 1036
286 578
1227 471
1146 1727
1269 1215
679 462
1092 392
663 1669
1519 1696
1563 996
95 146
437 541
1306 421
830 1550
94 719
406 1192
1582 879
792 1568
1706 382
145 1422
534 27
96 1140
97 383
98 1163
125 1467
1223 369
1661 548
1104 1235
1521 842
1616 1194
350 864
339 1131
1324 741
1562 19
1477 936
786 314
903 802
99 888
1068 1098
605 971
969 232
1665 154
354 29
100 345
101 754
724 581
836 713
231 1126
102 1080
940 438
247 1611
154 852
394 1447
943 152
1216 1377
1140 552
1428 483
694 830
358 93
820 213
561 1388
974 1735
1105 534
1573 305
1682 906
104 1197
105 912
211 458
127 1414
1451 64
762 543
1710 929
1343 731
1202 891
654 1427
810 1492
1422 801
906 994
108 1545
1728 205
1099 577
340 379
1468 1238
544 1121
1020 1069
109 874
260 157
1587 732
393 502
110 434
857 909
841 1675
1234 411
111 1562
691 644
425 568
708 1717
718 297
112 300
1534 1741
844 219
1352 1464
113 681
1277 1242
1296 69
796 1104
446 1384
114 1471
1490 1128
1460 1730
697 1743
305 30
959 1342
790 1382
517 692
1560 286
395 274
116 549
278 1190
818 655
648 1602
493 39
1658 418
838 1391
1517 1453
1037 622
1073 599
117 283
921 517
1406 1356
538 1517
1238 1520
644 1336
771 197
449 1237
115 676
118 877
119 288
1129 1061
1591 1296
839 903
310 1435
1434 709
146 1328
1507 624
1059 1496
322 1109
300 815
817 1594
1149 235
1489 44
1526 225
1523 162
1446 1293
1581 34
1620 636
274 1075
1592 1198
450 259
1005 1385
122 648
124 1524
1389 1072
1542 163
1740 920
123 388
665 176
1456 1220
226 942
1176 1652
126 339
597 1077
1421 639
242 236
1047 1502
1024 402
452 373
1255 1658
1724 167
514 1112
1081 63
1509 190
129 642
491 811
686 855
131 1068
556 1258
812 614
1192 508
177 1294
1087 241
1283 47
215 865
591 398
239 809
1358 1722
1479 1474
130 251
132 461
134 385
1644 1432
1660 1661
1342 460
133 1137
136 489
1248 1684
800 147
609 196
1097 419
403 660
1014 1714
1171 105
328 1322
1075 1455
139 1693
892 1440
400 42
414 1574
140 938
837 747
359 106
217 853
327 10
1346 1129
1594 835
1424 497
1652 1451
1245 1247
141 1506
156 1117
1186 58
143 422
649 1040
550 1461
256 415
1115 566
1280 75
509 983
1539 943
574 846
1349 409
1218 76
985 587
1474 1423
508 564
1382 1740
169 1446
1307 1156
1341 1457
148 496
1617 745
942 336
201 1319
1449 652
149 966
1203 546
586 693
1327 1586
670 867
1666 1459
1640 112
463 133
150 716
151 269
802 423
1196 690
721 74
1070 807
153 1540
1705 1375
306 1593
1623 1672
289 592
884 177
823 362
1214 1523
152 1304
1181 442
1314 60
1383 1007
981 1240
1295 317
673 600
459 394
1511 1122
979 900
814 1546
775 1560
157 706
683 179
916 1553
1275 829
1541 1412
1531 1516
602 1154
1372 657
653 1378
518 449
1444 82
1019 1257
657 629
831 712
158 292
784 327
826 281
1496 1364
658 1345
1544 1572
1696 1249
1625 928
343 491
1368 116
159 1139
877 833
349 981
1230 841
880 267
687 1709
573 1253
1249 1479
1471 1353
1353 35
164 777
1505 574
631 816
294 1622
165 1108
1036 1246
1272 979
1608 1623
1180 1486
1565 1359
166 687
1241 1567
787 1542
1401 1292
804 89
167 1001
783 359
971 1300
1364 516
1723 982
445 1376
168 186
1182 180
1491 935
243 226
632 331
1028 1193
303 1493
752 57
970 125
703 643
443 1186
1549 895
1583 1401
674 5
171 2
1543 922
1470 1119
1052 322
1297 45
173 1053
746 674
1025 1210
424 685
935 1087
1232 509
1493 498
174 946
1672 1067
611 350
1388 148
1235 7
1429 1475
904 736
1378 768
1040 1115
176 276
627 803
1194 751
835 700
949 1543
803 1062
725 822
179 1168
347 861
513 1676
770 328
1634 897
1268 466
759 1420
180 656
606 130
899 1666
186 1629
1318 721
181 113
543 638
600 613
872 13
636 20
870 1617
1022 315
182 28
936 341
580 1286
1362 975
1673 1147
499 436
184 178
1453 1591
440 1628
1017 91
1313 973
894 1254
261 1386
302 569
795 707
1669 215
560 1721
402 1698
1518 1207
187 567
953 503
815 1177
1613 1118
765 519
1253 510
190 746
1481 1202
1572 114
1256 1076
1403 725
1046 771
1172 679
191 824
567 755
1259 780
1154 1183
193 1554
1688 126
1082 1135
1018 1160
1153 914
864 1655
1667 1605
426 1266
616 585
197 512
1462 153
1261 1084
1475 1305
1270 1674
1224 435
1258 927
202 1170
1095 84
1054 144
1503 1381
373 401
203 214
757 899
980 990
470 1265
859 1134
235 248
368 1100
301 1310
1273 1057
498 1149
926 1204
740 1465
204 1606
205 209
490 621
1606 1071
924 1746
486 1138
622 1206
1033 1334
507 119
1692 1228
404 1172
829 775
1492 323
210 15
1188 1609
516 216
960 432
212 79
972 32
1726 1522
1494 507
311 1143
760 1616
313 473
1448 1469
860 428
1442 80
630 1348
523 608
545 468
1501 826
1078 1171
887 863
216 1687
1385 280
955 823
852 332
367 1199
219 560
615 1058
1166 1600
1416 1400
733 208
220 324
1695 627
958 1525
583 472
316 818
682 1555
601 459
460 1419
976 844
993 1437
652 699
224 1513
952 1066
270 134
225 882
1237 1232
834 1081
737 1504
704 539
1080 1343
1546 1175
540 1445
228 573
1430 1738
821 1033
1247 798
1222 479
1133 860
950 1587
1704 109
229 234
230 1665
1049 224
1012 654
1371 738
925 1287
1366 405
336 1724
1231 1410
232 222
1478 740
788 1308
234 933
1432 748
896 333
1569 744
714 1608
854 939
500 640
1464 1277
419 1565
741 869
736 779
1048 1712
1107 66
1394 772
481 1536
240 52
1114 1250
1514 1
238 1552
388 143
1145 978
276 1045
1677 188
433 381
1370 1708
619 808
1323 1659
1654 1394
1158 1191
1718 1489
244 1630
1721 1569
1684 1744
245 970
919 1150
927 1416
1330 349
1246 1426
994 1645
352 1711
1720 1715
1447 482
1345 659
1731 1125
1653 603
387 358
988 1478
250 298
504 386
1299 1326
1584 334
558 673
1002 1187
1393 1106
1063 686
1530 272
1580 356
418 986
1431 1027
252 633
1629 132
1312 598
525 952
1209 1537
1126 521
255 149
578 781
1335 165
319 238
254 271
257 1339
548 139
551 1429
1538 506
258 913
1329 49
1006 1396
1527 243
259 1083
1586 439
1402 1511
363 1508
389 1448
501 1024
263 720
533 1495
1504 529
1056 21
908 346
1076 761
1548 43
266 910
1535 723
628 1668
1484 1226
284 1219
1404 302
320 576
277 1274
522 391
878 477
756 1371
593 1180
369 1558
282 68
1057 1278
432 311
650 637
599 1095
273 470
702 1302
1554 1046
895 416
271 838
1500 711
420 881
1686 793
1502 1012
1015 1195
1426 999
1086 635
355 1281
1588 6
1354 3
1009 9
280 898
1041 363
954 985
324 1737
1607 1413
913 264
317 550
505 1515
782 753
391 1483
1116 1144
283 1406
1144 1008
1088 136
1727 1105
912 762
1169 1559
1649 1103
1219 887
287 702
1331 1690
1287 1620
1039 166
1674 1301
1162 1454
1173 620
1495 404
1626 749
991 1530
1391 1527
497 1728
448 294
1303 37
299 839
312 1538
1308 790
1555 1383
735 750
1443 326
293 915
1716 766
646 1073
409 22
603 718
1110 851
1687 1612
1156 1592
297 792
1522 819
1151 1224
298 140
1337 1082
850 160
1737 991
1506 661
304 800
1263 594
1659 505
1072 964
1191 961
712 1201
1598 1056
1328 1566
774 17
1042 1444
761 31
427 397
798 610
571 1317
890 1544
488 1697
1381 203
1719 522
1485 1535
1668 40
318 255
1683 715
1204 14
1147 403
1119 150
853 1460
848 1279
1278 1643
989 821
397 916
1398 1354
325 284
326 273
1413 1509
1211 293
537 495
416 1297
360 1468
1284 1500
381 1325
330 1318
438 1705
329 81
331 1425
1332 463
332 1093
666 1582
768 199
333 1288
984 228
1433 714
1221 1101
905 1004
995 878
956 840
1409 1203
1630 193
613 1260
338 1038
1610 1365
1023 366
1397 1599
1207 158
1108 760
1199 776
444 487
345 313
572 443
348 926
946 527
1550 247
608 786
1472 951
351 1102
1463 1521
643 1671
1459 475
676 1667
353 919
374 1590
1700 767
1351 735
1291 1145
1106 1578
595 1146
1260 645
1457 1701
907 73
362 799
789 948
1152 1747
715 847
366 733
1599 1315
587 227
1729 1749
610 957
684 1270
473 980
1179 1398
372 653
588 204
910 1373
1624 930
375 1695
1533 1275
945 658
590 1130
1281 997
1338 142
749 1644
1205 1299
1656 1505
1735 77
1034 514
1290 871
458 1638
977 856
1566 1252
915 695
668 1436
385 1271
1564 1372
1243 1484
1577 124
1298 261
1137 932
471 940
1590 1615
1512 1161
1288 896
635 1158
1410 53
1121 1389
693 1227
799 605
698 787
1482 1349
1071 1637
1639 431
1551 187
742 1411
1084 1222
494 218
398 499
401 641
920 223
842 94
1282 486
882 141
1427 437
1439 588
1476 1581
963 794
640 318
1118 485
412 62
1220 1368
528 1184
472 1510
413 770
1233 756
1701 1011
415 390
766 1719
1699 128
656 1303
417 870
791 1456
1007 1107
1311 769
1676 1089
825 1571
1212 876
1524 365
1645 810
681 1657
547 1438
428 1110
827 1529
1139 310
430 1660
1635 1153
1392 407
707 954
987 501
1026 789
546 836
764 1501
530 544
1601 1362
436 257
1215 820
1614 1379
441 268
1124 229
1611 120
934 343
612 97
1657 1196
447 606
594 774
1513 1050
451 612
1339 424
453 360
1035 921
1662 785
1242 451
563 1324
755 194
862 1248
851 1239
1418 90
575 1209
645 200
469 101
506 1556
867 1625
474 1399
475 384
478 945
1000 92
875 513
717 1213
879 290
484 708
1340 1579
808 484
634 1723
1556 832
489 127
1142 500
1425 1595
811 371
948 145
902 1532
492 266
998 122
1267 601
1157 1498
1289 623
1309 1141
1609 967
1467 71
1396 698
1400 849
1189 782
809 242
1067 1577
1077 1283
596 1244
732 1614
1558 724
1090 1026
1016 72
750 367
1593 758
1648 992
1528 1159
729 1442
1736 1733
849 389
781 1742
1689 1055
582 530
1545 192
519 174
772 1421
1441 602
521 791
1085 1703
1093 351
527 309
1525 138
529 1355
833 488
861 1023
1725 1473
1143 1514
536 16
1319 1673
1602 156
621 1734
671 452
1251 189
1027 1262
769 1635
553 804
1536 169
554 1634
559 1351
871 1290
937 1512
1089 850
1112 1732
639 1685
569 427
570 1547
1276 457
1369 316
1568 1133
1605 307
1697 843
1322 886
1435 1424
579 155
1304 1178
1123 1181
1193 684
846 400
1642 161
819 396
1164 617
992 258
598 1019
685 1132
1637 616
806 682
1632 918
604 584
1159 277
726 1613
1437 123
1101 1116
1228 4
607 1433
1618 987
1419 1642
667 1713
1257 1710
614 1664
778 523
623 889
816 728
891 212
1714 304
888 752
655 25
738 563
1122 1233
637 85
1438 1263
793 1021
1570 265
1698 796
1595 995
876 525
866 88
1062 854
939 1052
1638 730
1681 1086
662 103
1733 1344
1515 538
669 244
822 296
677 1604
678 1725
680 1003
1279 1670
865 467
696 1017
1557 1039
1294 1452
1567 429
1030 1152
1356 1280
975 1034
1597 1449
710 1032
1201 1307
856 1415
1650 555
1529 46
1559 590
744 289
1671 607
748 399
1357 956
1003 1580
763 664
1178 1316
1317 1048
947 1002
1730 337
777 1016
1187 1092
1185 1321
1064 12
1355 532
801 1748
1350 70
1361 545
1175 263
1647 1706
983 175
868 1607
1336 586
1486 537
1732 1533
1643 279
1167 651
1058 703
1469 1157
1213 1395
931 1285
1702 102
961 1217
1480 370
1292 1548
1739 582
1266 788
1415 1596
1252 559
1621 1261
1128 834
1321 1485
1380 353
1604 1397
1633 1035
