0 1485
2 1415
3 1380
1796 896
1795 1412
6 1316
1794 959
7 96
8 899
10 406
1790 898
178 1500
653 1375
90 1161
1215 1418
1066 1016
131 573
126 601
861 383
1 21
1799 1289
4 442
1797 250
9 1427
1793 1565
1791 449
1587 1104
964 550
633 161
1068 1555
235 1410
1579 734
1719 1774
1798 102
11 1523
12 1369
1792 135
1248 1177
267 1156
672 409
408 427
608 642
1009 1171
1630 1764
1578 653
1595 1756
168 1491
524 385
1661 1222
13 652
1098 773
116 373
1069 1340
329 252
148 1502
117 443
1136 1533
249 1092
1065 184
186 1479
5 1466
14 697
15 1435
1160 434
1135 1628
731 1323
853 1787
106 162
1742 402
622 1112
1169 378
1249 1687
799 200
16 1150
17 1063
690 198
430 981
1608 1737
237 1160
900 921
124 1035
372 29
1269 815
1401 664
1124 1757
133 1601
870 1504
1629 564
18 1165
19 503
1711 299
1756 778
1038 1716
893 292
46 246
1296 297
1659 974
1129 1164
115 476
238 314
20 852
831 1639
1622 1151
1131 104
21 633
1493 771
797 334
1571 182
1337 208
1350 1308
22 183
23 1391
1321 488
1179 555
1476 1047
377 1750
326 1411
24 604
1499 1709
1078 227
414 103
655 1025
286 1631
1102 1159
1496 933
25 510
561 336
776 1505
937 351
27 688
1073 43
1112 413
1667 1098
26 1568
291 1444
76 1319
58 872
1603 418
338 1701
391 1379
759 1146
28 54
43 489
702 441
780 683
1547 1131
139 1348
153 1550
175 177
881 445
156 931
287 153
1703 1246
98 661
315 122
29 377
30 1096
1170 1342
708 498
541 1512
737 1677
1715 740
88 928
1753 233
644 483
1294 1009
145 1300
1106 414
32 1579
155 380
437 206
1542 1613
789 548
1641 42
1310 1674
1643 684
709 1477
260 453
387 528
640 12
31 1475
33 395
442 1094
365 1339
857 14
1307 1110
647 229
950 1322
1152 1042
1505 1279
35 325
975 715
846 1076
264 1653
1729 857
1652 1395
34 529
210 1292
1722 1219
586 919
936 27
1366 215
374 1691
1554 660
914 724
37 493
921 1672
894 148
337 1458
1500 1211
741 1282
1563 1329
38 859
1290 719
693 79
1142 1143
1426 549
1776 111
1410 948
1432 1771
36 405
39 540
1575 1775
244 394
1583 1029
951 1747
1466 1513
1616 1023
461 710
660 861
296 935
41 754
658 947
539 1111
40 1528
42 1106
157 1067
1406 1017
1174 1075
176 552
346 837
1518 1534
1226 1699
691 694
118 1041
828 452
1424 649
1302 1049
916 1664
1085 628
481 1398
873 853
1453 1298
1221 1254
45 30
602 1286
528 1028
804 1234
583 1327
674 717
1369 1197
1111 556
1448 1281
1436 720
1061 741
44 1453
859 1451
1754 871
1272 804
301 1183
1380 440
735 234
1224 222
48 630
1072 813
335 404
1016 844
1156 1577
848 226
366 616
629 350
1688 1765
447 1602
1783 1728
1506 1314
1205 90
1153 1540
364 533
50 1456
189 341
1489 1032
1769 1303
905 291
1034 863
51 1325
1459 1334
92 883
406 1066
53 1517
1741 263
1470 1649
49 1590
52 1073
997 848
550 1640
559 1306
1458 1085
531 1301
715 784
385 34
489 968
830 1196
1384 1320
47 520
1032 1370
988 58
973 539
1313 802
122 532
54 467
837 1673
743 1554
1109 174
538 509
55 1263
56 272
388 587
732 1457
968 158
456 1011
705 979
57 973
867 205
1761 1792
1200 281
253 1013
1716 711
282 1669
203 639
1660 399
70 824
1273 0
1725 687
1701 1188
180 879
431 1508
923 1189
464 825
1592 46
1275 747
1762 733
59 738
60 315
858 585
924 595
61 1715
1286 576
813 732
903 1708
309 700
62 95
239 128
1235 422
829 1718
817 1599
496 622
144 1436
63 914
250 1697
1751 1064
217 867
1777 542
1682 320
812 1657
137 175
340 769
1139 1749
64 156
940 1434
1155 430
1586 1050
1246 1723
486 155
568 371
824 87
1581 381
1402 1307
199 680
281 731
1666 1782
65 669
66 870
479 133
1698 1056
1301 1739
198 261
770 145
904 1387
339 39
332 1542
68 1706
589 1661
127 191
899 939
676 1129
69 1671
654 1763
310 590
675 1641
525 285
1387 1024
67 1383
1781 197
952 1200
160 636
77 1446
1789 209
678 176
703 172
241 516
284 22
1491 221
961 648
71 1184
990 610
1390 553
134 635
1025 746
1618 6
1094 953
72 1251
1669 1256
108 794
261 1736
1105 1078
1005 1686
74 984
1534 1315
1074 1552
704 609
802 1732
591 1630
886 1615
75 748
1236 213
1054 572
275 792
305 1668
306 1212
1256 1607
404 878
565 1510
533 450
600 1522
78 1743
269 107
1519 690
844 94
555 278
73 1667
1636 1635
1168 799
270 1207
587 545
1006 833
1759 1147
103 392
454 1077
380 1509
1140 1141
1665 1048
1118 326
79 112
80 216
889 1488
1125 1507
81 220
412 598
996 1046
82 485
83 946
1264 137
1449 656
981 403
84 789
727 1423
247 335
1520 823
544 1213
440 892
1166 232
1610 463
730 1057
1079 279
85 1152
86 654
140 494
1253 806
687 447
191 889
1766 146
913 1416
363 707
513 59
1670 531
224 1258
328 783
1163 1581
864 1318
1261 1124
714 1592
472 1266
1764 1623
245 619
419 998
295 28
1018 675
767 472
991 1424
89 1773
631 1107
1330 340
953 801
910 1126
532 588
87 665
91 923
457 1619
1724 1214
1247 52
980 925
712 1070
967 1484
488 115
551 1521
604 361
1331 317
355 614
1620 1255
971 481
593 369
942 1381
93 88
1150 426
342 826
1228 1738
1528 1153
94 1137
713 1469
370 469
664 1326
512 1225
989 338
590 600
95 1465
1283 1595
946 484
681 768
754 1468
850 583
1237 1132
547 1564
611 1609
1464 1605
96 1703
1738 1127
683 511
1562 877
1431 917
1132 1170
125 1330
1216 1117
1031 841
1473 1093
1238 1753
1133 479
1284 558
99 811
1014 363
314 1122
266 1020
972 474
1418 1798
941 840
1223 721
1076 1717
1407 517
1110 1406
130 1371
400 1430
1306 1296
97 1053
1194 435
615 244
263 237
1594 1443
100 725
101 767
102 1441
209 277
933 1705
761 1426
1691 1698
554 1516
1324 101
1063 1490
788 1139
499 1611
1524 438
706 119
1780 1610
104 1378
786 60
493 1396
620 1561
1303 701
212 764
256 113
1157 657
276 1181
1097 368
105 1786
1209 382
785 1
107 1223
1343 1280
1210 1229
1318 997
667 1084
1397 776
1323 525
758 121
188 306
1048 605
1614 514
1478 271
922 1382
648 1547
1548 123
1556 387
110 1218
111 1236
1584 275
1203 822
609 1362
215 1625
792 927
112 1285
1460 1297
231 223
438 346
320 1130
109 372
113 188
226 566
1475 1072
1364 327
1509 526
114 117
560 236
501 597
810 480
1376 647
800 836
1277 678
1394 106
278 1407
1521 970
162 1344
465 492
1773 1626
1295 1087
159 302
1359 495
1279 280
752 1026
1750 260
579 1402
449 1299
1028 71
1092 554
1733 266
382 40
1064 882
1351 439
119 1780
120 627
459 163
1100 910
121 1295
814 567
1444 423
1427 63
906 77
1116 621
695 1618
1344 1401
1202 1645
877 536
625 1721
123 1582
1362 1345
665 570
938 1351
1204 1549
670 712
1036 936
1276 729
1485 1365
762 66
943 1742
1024 1572
1241 1003
793 1799
994 1036
128 247
1487 366
783 1496
1644 1247
154 785
274 196
403 461
405 408
606 477
1454 1433
1728 235
1196 1007
466 1627
1144 415
490 908
1392 1313
129 256
556 81
778 1650
1127 1162
1771 1039
1450 7
627 950
1011 507
132 1059
1311 1751
135 97
138 1689
505 770
885 629
580 1538
1183 911
1731 828
1188 1399
369 827
136 1591
379 468
986 367
1727 251
1624 1204
1772 167
896 994
1580 913
323 1539
619 389
1044 907
549 736
1287 1185
1704 1766
1508 873
141 1116
142 1210
302 1058
1173 1519
751 1726
851 1722
143 632
649 1622
1358 737
1206 164
1391 230
427 189
146 1752
1329 1578
1713 296
147 38
248 24
1114 1317
716 937
1628 1404
1047 1694
1010 943
771 569
1535 1633
429 51
471 1374
1546 843
1577 1227
1373 1567
149 819
150 920
929 105
221 1526
1601 599
151 47
1056 716
1004 1199
152 956
1141 1514
612 228
720 1241
1421 194
1705 862
1408 160
1430 360
1560 1253
724 1778
1663 1470
1035 667
1747 1445
1341 1270
605 1265
1484 1472
1134 812
1647 1741
1368 891
944 995
503 1360
1745 82
1229 884
1529 709
671 1337
685 1455
878 1637
1710 212
963 523
158 432
1268 521
371 1471
863 1652
325 1449
1462 1414
1145 1431
637 1338
739 1364
1165 1680
1317 1235
1625 118
345 703
331 1754
313 1350
407 332
947 1629
161 446
242 124
163 470
1233 10
433 1144
164 428
1058 1730
1515 560
1502 1357
1752 1250
165 35
458 1682
1207 637
460 691
473 166
1631 551
978 1545
166 1321
167 1366
258 969
1555 1203
1684 618
782 1409
1327 644
1190 1632
169 714
1439 1163
255 1624
970 505
1158 1497
1668 623
882 559
254 631
170 930
443 1559
1649 1055
1361 1248
171 482
1195 1642
919 1304
527 1082
643 1696
1706 1100
172 1373
1543 74
1539 497
918 1724
742 180
519 1711
173 996
174 388
1494 15
290 249
421 1201
1371 651
1007 905
1027 1713
768 596
1623 138
358 1437
820 270
979 199
1446 1527
208 4
177 1656
179 791
1258 1584
1393 742
1045 1589
441 1135
485 522
181 670
207 1783
1551 211
401 337
1653 847
983 1476
543 286
195 352
1572 766
232 584
1451 303
182 1454
749 1069
334 912
584 287
183 760
184 608
887 1663
1640 1155
632 1113
1340 1033
185 362
1463 1452
1167 988
1217 1358
1567 1276
229 1532
795 1051
450 782
187 1733
1197 547
571 93
190 1002
1452 1010
1650 1240
1240 1432
1662 1683
1664 1367
192 1710
826 650
214 486
233 723
657 638
917 255
843 460
193 1646
1414 1769
1026 358
1151 1083
1590 1727
966 1447
1334 1237
194 125
1213 1560
236 37
487 386
469 858
197 431
985 1760
1332 1154
534 1651
196 323
540 803
445 1080
1377 202
934 904
1517 620
349 1685
500 1368
200 1208
201 543
360 1795
1280 500
1192 9
852 49
1550 357
1104 1450
1208 53
775 1001
294 13
1095 795
1161 48
995 1175
1651 147
641 685
202 958
205 1030
324 624
204 1097
206 739
927 964
954 1090
392 268
303 1347
1015 1529
1227 318
1468 1349
451 1014
428 1643
1736 187
1349 835
1782 832
399 201
211 1562
1504 603
594 1531
796 152
1443 1658
213 242
1760 901
621 1205
1442 424
566 1102
1121 926
1322 1790
1333 490
871 942
518 713
1609 347
1148 1114
216 876
1770 1541
219 1600
483 895
821 20
312 800
362 1202
1383 728
218 487
220 606
898 1594
1211 203
563 502
1316 134
1086 780
455 307
409 1044
1566 1566
292 900
222 1140
984 1166
223 57
444 1770
726 744
397 1569
636 411
463 437
389 1224
911 165
225 562
1090 55
955 987
1690 1136
1445 999
1593 1571
367 1331
1263 157
227 1081
228 722
1081 301
526 934
1103 1168
1049 17
453 186
230 676
909 730
816 1216
1768 308
993 132
1734 1052
1191 178
1689 613
1695 1616
384 1573
262 1089
1510 1587
1700 541
468 457
234 1226
1540 466
1635 755
1278 796
847 1158
1721 1665
707 1249
673 1172
856 1180
1479 1482
1353 224
883 1563
1513 698
506 1690
1243 1746
1429 276
352 410
999 1115
271 1021
872 245
875 924
240 393
697 1520
1619 918
1041 1004
243 829
1180 1617
1694 1257
1214 978
495 375
1726 1779
1291 954
1082 1356
1785 787
246 1506
1088 932
1604 496
1282 692
1423 966
1178 807
1159 1388
1639 762
634 1553
1309 169
523 1596
299 814
251 805
1055 253
1164 535
504 374
1305 429
252 1019
840 192
1498 851
888 718
1267 658
1735 1376
1232 663
1674 1273
257 820
578 257
1765 45
1467 955
945 1405
259 1269
548 1734
1218 579
1672 752
1120 1788
321 758
1050 875
1419 311
1441 578
1199 1277
1589 1758
746 868
1533 940
930 1173
1096 1271
304 655
736 726
869 1483
1788 1759
1637 1245
1787 1220
265 809
1748 181
1606 696
279 333
639 906
628 1551
1130 328
268 1776
747 1666
1527 1390
520 774
1398 1544
717 456
285 1275
1746 1797
1702 11
1607 944
272 217
1612 1748
318 364
1737 365
1101 1720
273 967
1671 515
642 757
562 259
1379 1400
835 1606
1744 1311
1501 1328
1381 888
1193 1794
1137 1463
1298 972
719 673
277 1027
982 1740
638 666
1345 897
1486 817
1138 846
280 33
1033 693
1767 727
317 1099
435 1460
794 504
1123 686
781 903
283 850
376 1789
656 1190
395 866
1648 1425
1053 1206
692 72
745 305
425 831
1262 582
1457 894
1525 1535
288 960
787 240
974 50
1239 1755
750 331
289 689
1037 1045
1057 321
1212 1242
926 957
694 612
588 193
1615 508
998 659
779 1221
617 772
1367 887
1404 269
1304 1620
293 1439
1325 1272
932 993
1591 141
663 1228
297 1062
298 1621
825 1499
1749 1259
645 952
728 343
1447 1310
434 1363
300 68
1023 965
753 893
1677 1495
1435 204
1008 830
1492 991
1119 668
1198 98
884 1309
766 207
1020 1386
1219 75
308 359
1370 909
630 1598
1113 218
1143 455
710 951
307 594
1354 1536
1242 793
1093 1005
1319 640
1709 1244
311 634
992 864
666 1719
597 1230
511 417
756 267
823 1793
341 1068
1257 586
1162 1123
1558 1268
336 1413
842 1385
659 31
1656 1745
740 1119
757 1707
316 1061
668 561
1184 1422
879 154
319 1459
827 149
1415 109
1626 501
1335 416
677 1493
1495 1700
322 617
880 464
868 580
1611 401
987 241
1075 127
1568 1261
1062 1593
1186 677
1059 682
1413 1101
353 1767
1730 465
327 1393
1154 41
462 1392
1763 1486
330 938
1634 1684
956 1511
1693 475
1422 319
378 1784
333 356
422 1487
1409 25
1099 459
1021 1043
1617 512
1497 1731
1252 499
698 1336
616 312
686 1408
1564 1121
845 593
928 992
344 99
1338 929
413 348
1602 1008
1633 339
1400 1714
760 1274
1326 1648
347 398
348 19
498 527
343 975
351 530
436 662
1080 838
350 173
354 1040
1712 607
1117 563
356 750
1146 1262
965 916
1471 1193
1012 1576
976 1169
1559 151
357 433
470 625
733 1355
359 1588
361 1785
530 254
1126 645
773 288
475 779
1385 143
1597 842
1646 64
1536 190
368 159
1265 293
1679 144
862 349
373 458
1182 419
1181 420
939 1233
375 1461
1565 788
1347 1761
1220 1481
1658 1291
1091 1267
1681 1474
381 1464
420 289
1225 1518
1254 313
1328 1442
1346 1678
849 1575
1708 370
386 765
959 915
1655 1543
383 816
1779 91
1732 1054
818 1768
390 1217
448 444
1030 1675
798 110
393 1343
394 1215
1461 1294
635 1157
575 679
557 949
424 1346
1673 518
876 265
396 874
1687 704
398 1558
819 1419
1425 69
1530 615
576 798
1678 890
623 1537
1469 412
1312 1293
1308 1108
402 1791
777 400
765 856
915 239
1632 26
1503 2
662 1034
1002 821
410 1086
477 1252
497 1195
411 397
1363 941
1395 1762
1645 1353
1378 170
415 519
416 86
417 705
418 329
682 471
1348 1702
815 179
1576 777
439 544
1084 751
1696 592
423 1557
841 855
426 790
1440 396
1784 342
509 881
1455 1018
553 171
901 1525
624 379
1438 324
432 85
1786 1556
874 1006
711 702
1481 1498
1230 304
1271 1174
769 986
1642 1194
1293 1397
772 983
507 963
1089 977
1420 1302
446 1015
542 1473
1389 1088
1428 568
1185 1095
722 282
1288 1660
1285 1324
1490 225
1019 1134
537 761
1541 1655
1717 885
1147 1142
452 1693
1000 646
1600 32
1107 1603
1743 421
1605 961
1654 36
1411 1332
529 1037
1638 78
1545 89
607 330
1417 61
1456 756
1599 1192
1755 1580
1357 945
1627 1149
1339 902
1774 1729
467 1231
569 589
897 1394
920 546
1522 1480
1516 316
474 808
1532 129
476 1546
478 1333
652 1109
725 300
1077 283
1512 1091
482 922
613 262
480 1359
484 775
791 982
1299 231
1003 1031
1412 1384
738 1178
491 56
492 290
908 786
546 1515
1697 1377
494 1186
535 108
958 1000
957 1662
1250 344
595 1644
516 674
1388 1654
1758 1209
502 591
860 150
1043 1688
1552 310
1740 1501
890 886
1017 1614
508 1570
1561 1494
1255 73
949 1038
699 390
510 1238
1365 985
1171 1060
514 513
515 120
948 1125
1149 478
517 749
1570 681
521 114
522 1232
1051 1372
854 611
1108 706
684 210
1399 425
567 136
723 1429
1115 126
1686 1187
1122 1264
1172 1133
822 1118
1320 1503
1657 962
865 1492
1360 1704
931 1530
700 248
764 76
536 537
1386 1478
1292 1428
1683 1636
1511 1278
1201 989
573 626
729 1022
545 1191
1013 1260
962 781
689 8
552 1608
1374 1288
570 1065
574 214
774 1287
1070 1361
651 1438
558 990
1718 1597
1675 83
807 140
1621 1574
564 462
585 1012
572 1781
1189 1120
577 18
701 294
581 1647
1573 538
1029 142
1266 743
582 5
1757 1420
610 195
1544 1462
1001 534
790 1182
592 557
596 1312
902 1335
598 1176
599 92
1676 353
601 735
1775 168
806 506
603 1604
744 62
801 1676
1040 131
1680 1079
614 1341
1723 264
1437 834
1396 577
907 258
1067 849
618 1421
1596 971
1336 1074
1465 759
626 1138
960 643
1175 454
977 1148
1482 1243
1699 44
1300 1448
1022 1239
1297 451
805 1772
1474 1198
755 1796
679 436
646 1389
895 574
748 80
1128 810
1270 391
1549 1695
1187 295
650 1725
836 1103
1259 322
661 185
1538 116
1416 1417
669 1440
1598 980
1480 880
1244 1105
680 355
1514 695
1372 354
1231 1744
688 1283
935 1735
696 571
1557 309
718 298
734 602
1260 65
1707 274
1569 869
832 1777
1052 1403
1778 854
721 1071
1355 708
891 67
1234 641
892 1354
1472 84
1083 139
763 763
803 1681
1315 671
1405 575
784 345
1613 1284
1274 1145
855 1692
912 1128
1507 130
808 1489
811 448
809 473
1526 581
1245 1290
1483 1712
1071 273
833 1586
834 238
838 1467
839 1612
1039 1670
925 860
866 100
1553 1352
1585 672
1574 70
1582 3
1477 565
1434 384
1488 376
1382 1524
969 284
1342 753
1281 407
1531 845
1176 818
1588 23
1375 1583
1356 1167
1087 491
1060 16
1177 524
1042 1548
1714 1179
1046 1659
1685 839
1251 745
1433 699
1289 1305
1692 797
1222 865
1523 219
1314 1585
1739 243
1352 1634
1720 1679
1403 976
1537 1638
