0 745
2 850
1948 537
1946 136
5 815
1945 1896
1944 312
7 1396
1943 1610
8 1023
9 523
1941 1790
11 319
1939 349
12 259
1938 1058
178 1921
374 1628
326 441
750 559
1514 1325
950 168
328 484
1057 1859
932 1178
1679 427
1491 1847
1860 1497
1602 360
1 1072
3 1313
1949 1481
10 1098
1942 1937
1940 521
13 702
1598 80
841 1180
835 1383
372 1351
429 1622
1115 409
1205 1691
1628 1899
1561 11
4 1845
6 773
1947 296
14 712
121 856
1126 577
1902 1682
584 371
15 1720
98 1299
161 1687
1116 1378
833 1101
813 776
817 1215
541 407
1903 756
857 114
16 1011
1098 1660
1801 110
643 32
814 1229
945 1513
1447 376
367 1209
1176 731
262 1506
992 845
1001 1651
1105 133
1363 1867
463 1043
780 167
1876 1602
1910 1052
1477 1333
951 1195
1337 1314
990 1095
42 836
1818 453
18 1586
106 113
1291 1399
76 457
1921 1012
231 1474
1305 1555
534 602
575 1308
825 1893
1293 1449
17 251
690 1724
299 1533
1662 1775
1615 38
20 152
376 418
1141 1865
489 1278
1301 1559
1923 109
97 1330
1448 1283
1671 408
227 1350
19 626
1408 1573
783 1174
1936 701
393 797
492 1044
335 1013
798 450
1855 812
683 1579
1016 607
751 1507
241 695
1728 1079
681 500
1327 872
21 410
23 1335
838 430
1653 865
166 1344
73 240
394 1650
22 282
24 476
1223 1568
1505 1448
215 1321
1689 1620
273 1302
572 1147
586 1509
247 1243
927 1676
842 1265
1550 1126
1074 630
1906 1371
998 840
761 1250
25 788
1499 269
240 1017
697 189
1485 1406
1459 838
422 1247
96 273
803 202
386 643
1294 528
313 379
1817 1856
1731 1027
28 1260
818 46
858 611
962 303
1154 103
1772 217
442 226
261 232
26 1517
27 342
291 1787
377 533
1743 579
1639 963
1764 1818
756 1296
252 1165
708 1495
1698 1884
935 647
1068 887
30 1926
1856 1040
709 1303
1693 502
1067 1658
552 1193
1048 699
72 578
1306 1089
31 207
1866 266
779 1725
363 1537
1831 20
946 718
1021 1196
1243 44
1470 1934
797 16
454 1248
29 1386
32 1271
570 1365
118 782
1473 201
1552 1844
480 456
883 1091
33 571
444 1415
528 1003
1722 811
39 1162
259 941
1804 774
482 1585
1310 888
350 1408
662 970
345 364
1493 669
1867 680
34 527
35 373
624 174
1322 595
1656 1263
303 101
316 1105
1439 406
1627 942
1193 1205
36 1619
1641 950
1917 807
234 227
123 717
1282 1259
297 335
383 396
1169 1394
1840 662
1490 687
1629 1599
431 1076
37 1186
852 1929
473 322
136 1729
965 652
208 60
532 45
38 679
212 977
1677 13
1020 212
1423 1279
1732 1244
1415 632
919 1270
548 1153
1597 510
1311 478
525 600
566 769
1507 1550
995 730
354 1024
40 714
168 258
508 1478
507 1177
1773 842
529 654
1595 323
307 75
897 783
41 1846
1435 1685
759 18
909 1175
254 1806
195 1190
216 798
1828 1644
1713 263
1331 1949
1752 1471
855 1120
1107 1591
218 1443
43 593
1673 536
1896 28
609 1207
734 1267
133 983
209 233
207 79
1114 519
1351 1666
44 953
1509 1903
587 1526
199 40
170 248
45 111
1399 503
1345 1029
1416 1171
1576 974
1885 708
543 789
468 470
704 1289
1297 84
149 1547
90 1653
1622 21
994 1786
46 967
315 550
135 98
1774 1458
48 144
1381 139
999 1872
1110 700
1458 1108
686 436
1467 506
443 1928
47 1784
866 1430
485 1311
1853 1266
753 1879
1603 326
617 1022
940 1853
804 1149
873 723
1256 929
79 446
49 1932
50 405
615 697
792 172
379 63
521 644
1418 1292
915 1832
1269 1898
692 542
255 1885
1134 543
1813 1695
51 1567
56 1690
1151 570
1538 431
52 1107
1544 1146
191 622
815 1254
997 965
1136 628
764 399
53 1150
295 496
1348 762
744 1136
1441 1945
696 1829
470 1609
511 1464
769 895
1868 771
518 1755
54 163
845 913
1338 262
1073 961
138 1300
324 1742
1811 991
782 1581
705 854
1663 1129
515 1939
1887 1727
889 823
1444 1538
650 1717
982 1576
1755 1566
55 1594
57 1825
1697 1071
1919 869
340 73
1472 671
1350 1529
829 1233
1035 1249
58 1938
392 284
739 1102
1422 267
1694 968
59 1881
722 752
362 330
1881 23
959 508
1487 1607
1808 1834
875 1031
948 1479
929 1840
1744 1580
1029 682
1553 1306
1736 1094
720 1432
1091 256
1280 1631
1883 1536
70 62
60 22
71 1322
1214 1702
500 828
1757 505
1092 1565
1096 1021
61 1551
300 283
958 1362
1163 993
642 1157
62 1935
1551 469
1159 1590
1432 1312
1200 455
1191 1824
1482 415
1284 346
923 1345
1729 1738
467 1668
637 1598
64 359
1286 900
293 1397
1838 275
1756 78
322 1697
253 134
1478 886
1080 348
1182 696
1392 1712
488 1405
816 629
1347 705
1462 0
1608 85
1723 421
63 655
66 973
236 741
905 1456
634 142
773 127
1512 737
1636 289
1768 1219
65 986
574 1155
450 534
1246 530
151 1549
169 337
180 464
1281 793
67 1499
68 981
540 293
1333 1026
884 1240
772 1540
1218 803
171 800
1649 994
1837 1858
69 910
1125 663
381 354
1143 715
1148 665
1696 826
197 744
953 279
438 1447
676 1020
952 48
563 132
956 147
589 1906
176 1901
1834 1363
1894 1736
1299 693
432 416
1884 1633
963 858
1122 268
1061 786
1613 1698
1518 1801
493 81
1920 488
1222 42
856 1274
105 618
1254 1604
74 1731
1469 1066
1688 884
1104 1154
554 599
610 14
341 557
1660 162
1888 1293
606 1461
647 1545
1824 580
520 442
893 1128
75 1735
329 1117
596 1158
113 490
599 999
77 660
78 1900
649 352
1712 698
1778 1827
177 1714
1344 781
88 1705
1657 1258
700 839
80 1769
275 1823
1033 390
691 1640
886 747
904 1918
878 1121
1049 412
1826 923
1307 1841
677 378
249 1145
625 395
763 1772
1528 1486
1419 1782
1701 184
81 1669
82 411
795 1665
1607 1868
653 1041
183 1936
785 1220
1185 1606
506 608
107 102
1882 1484
928 754
503 1842
487 1164
603 276
1759 1188
112 1532
403 998
217 547
417 638
1017 919
943 30
1890 445
85 1595
1346 1347
388 1204
83 1400
1264 914
1216 1114
114 1880
298 465
1247 592
977 990
84 804
86 517
87 576
727 760
1230 1320
1593 1689
1428 340
1131 197
1877 297
608 1088
1600 1523
1645 764
1188 821
545 1132
1317 1750
993 1754
1795 1613
89 1492
519 1684
92 617
196 881
475 338
881 1425
1527 609
707 387
768 841
1121 1010
1097 153
648 17
139 1930
369 1377
1468 112
595 1184
128 1328
1706 1789
1935 1198
455 1490
1815 874
174 203
330 224
101 386
1646 1601
1330 1245
859 766
179 119
1849 1435
1584 1268
91 930
93 50
666 1179
613 894
687 1528
1769 1223
1898 1200
94 1442
660 1771
389 4
158 1366
1483 546
1526 341
1760 208
582 1798
95 270
967 1730
533 1839
1937 761
1065 183
766 1554
1150 861
225 1572
1412 1785
272 1587
514 1788
601 1485
874 1894
713 1018
1690 975
423 706
1189 1294
434 324
1341 555
1099 304
1915 171
476 1864
605 1871
1302 985
836 1942
1296 1812
1907 1295
351 491
847 1614
413 310
137 403
1486 1395
292 1439
1046 1142
1240 1592
1745 369
451 575
1747 549
1129 1272
1391 1139
973 222
560 482
99 780
100 898
425 264
839 956
187 1286
352 424
688 1357
282 1232
181 1273
901 33
996 1811
846 1851
1083 1759
232 1749
1089 53
102 29
1900 955
1463 1402
989 151
865 305
104 49
1814 656
949 882
267 271
659 989
1577 1850
1781 1262
103 1574
160 1075
1705 494
1806 331
784 1006
661 190
1144 1468
110 278
173 750
214 591
941 795
1388 582
314 1099
1377 694
108 597
592 734
627 150
1359 681
1591 425
1643 1472
1221 1465
651 642
937 1709
1843 1541
827 1437
333 808
1871 1032
805 1208
1455 247
109 1047
111 740
190 377
1272 1097
1506 1457
1625 657
1440 1809
799 61
933 958
408 1090
702 1763
939 688
1180 123
260 564
966 1103
1109 1404
447 763
1079 728
420 36
115 1496
1009 314
320 1477
629 89
163 188
1069 995
1394 753
1130 515
366 651
1730 161
116 1470
1088 426
1791 1277
1022 935
117 636
1371 1694
339 423
461 814
286 653
1930 1398
1724 1642
1421 833
1352 820
1691 1452
497 830
237 257
1277 1384
1118 901
680 402
157 868
1788 949
1438 1255
513 291
1809 518
1812 1412
1393 1051
1460 1487
119 943
120 1419
278 1656
505 209
1003 964
1042 1216
1389 1309
1184 1524
809 432
1108 633
872 389
1292 1334
1445 459
122 1124
921 1210
1805 1151
1495 739
1172 186
1516 1744
1642 1337
1192 1093
954 871
1273 1352
1682 685
124 1446
740 1002
826 1716
1382 1004
125 516
1094 225
1587 204
382 1920
360 363
126 481
127 765
1620 138
165 945
1735 307
1261 1287
418 1500
1846 1514
1360 164
787 413
129 1768
665 507
757 751
1819 1518
714 1877
1565 775
1298 1168
130 1493
1186 429
1926 1770
1707 1172
131 1751
1869 287
1323 145
802 3
1390 1828
132 1476
1024 238
477 1489
1476 1897
710 1416
1260 87
1618 1608
1436 867
1426 689
796 1034
1235 7
1830 1068
1567 1783
134 146
736 1059
741 52
1695 107
576 1008
556 1663
310 1773
1258 1510
628 709
1786 672
1070 1282
421 1746
822 1637
931 143
1142 206
1044 1873
1874 357
1534 351
140 1831
1025 1747
481 1218
1848 1078
760 1037
1167 1343
1554 1426
695 1161
1006 1503
1558 1324
141 806
1807 772
142 1629
143 434
1928 1645
1466 461
257 483
305 1284
1379 877
565 1866
1197 743
1793 1615
1253 1323
145 96
549 538
623 243
202 254
1517 678
144 1561
1236 34
1623 1473
910 393
1008 885
1274 1327
460 380
1586 531
325 1410
147 1046
1353 544
765 1542
1406 1331
1149 1762
146 1661
1135 234
364 851
1334 947
1640 137
1637 281
1878 321
491 1428
1714 1251
399 1342
1581 170
1531 933
701 892
150 1379
925 870
755 1922
1703 616
850 1329
655 1745
281 1355
435 876
1030 1019
689 392
524 1605
148 540
152 1183
1407 1673
406 545
1266 1862
1014 1170
1541 1112
153 1450
1378 1187
319 997
154 43
155 924
1654 1038
1308 182
1762 1413
983 1364
735 1711
1932 66
597 1675
512 27
598 1923
626 1548
1651 1816
156 646
1220 86
1783 245
343 365
754 1349
1267 1228
250 72
1702 634
233 501
821 691
531 1766
1568 1646
1872 1674
888 1927
1797 255
288 59
974 97
1026 889
1095 1438
436 1910
721 309
162 8
553 733
321 179
230 229
1313 105
159 648
164 1904
960 313
1842 569
358 1696
474 381
465 757
834 173
1373 659
414 1807
882 1719
729 1611
167 526
1798 601
955 420
1403 70
238 76
185 1740
1571 857
287 1721
1739 551
1175 54
793 1225
900 414
693 1612
1064 849
294 1202
1140 847
296 1494
1023 1558
359 1062
1405 683
1686 1060
1742 1224
1063 631
1358 584
1437 1201
535 1115
876 286
536 912
172 1156
1075 175
585 805
1328 1659
1199 668
807 1065
175 939
867 1722
1127 1664
419 1393
1933 1036
1543 306
1672 1086
1340 1160
501 216
1931 1137
370 177
791 904
1128 339
1563 1173
1158 1603
1841 742
887 1748
1891 746
1616 1316
1084 5
410 148
279 1057
1667 1463
1895 218
1893 758
1734 121
669 623
182 1119
1562 1625
810 1886
509 1593
184 809
564 1860
819 26
424 1234
957 1407
401 1033
1386 770
870 366
895 1387
725 1516
742 1385
186 41
1475 1319
698 585
188 1016
479 749
248 9
1715 996
409 610
1411 520
242 397
189 799
1357 1708
221 860
478 439
1413 1166
1318 299
1045 93
1156 1915
1573 1181
1880 1531
284 187
1666 487
1332 1467
1257 778
1270 948
1060 586
1779 1077
1242 108
192 1739
193 1876
1055 1080
1162 1246
1056 1774
194 358
1324 1556
1908 466
1761 1374
1621 819
547 962
1799 566
396 1382
448 1891
936 1015
898 149
334 356
1037 1799
445 1116
1862 211
198 568
1383 1301
1873 74
1157 316
862 1414
616 944
200 1597
378 1030
636 64
201 1001
462 817
355 55
1683 169
203 878
1484 1515
1072 104
593 916
469 1941
1832 205
204 345
1901 1206
205 1822
840 1491
607 422
206 1061
1106 1917
1471 181
1782 831
573 288
1605 1084
1062 1819
1005 1182
1039 1176
559 1924
1173 1765
1676 1480
871 69
1249 118
1226 978
210 1358
1480 1276
1854 1230
1250 1087
211 458
1032 670
342 438
213 615
263 198
1449 1624
1498 65
621 710
619 1130
618 1134
562 1475
1765 832
1410 1354
1145 126
1212 1583
1285 1231
639 156
1511 1085
1494 988
1229 897
987 317
1865 51
600 844
1638 1878
449 522
220 1081
427 292
219 667
1237 787
245 1433
222 713
879 1652
384 1110
235 903
223 946
1093 966
1465 908
712 325
771 827
224 1704
1248 624
226 91
794 1911
1670 866
1398 556
728 1056
1300 852
228 1063
229 880
1015 951
494 1672
622 95
1823 1760
979 1431
800 1795
1263 957
1522 404
1675 194
892 666
849 1914
716 1588
1265 1348
917 937
1027 1427
426 1855
824 294
1241 1217
906 1756
1617 1525
885 675
1708 703
1316 1874
1234 620
1497 375
1011 1189
357 140
1496 1125
411 444
811 619
1474 1338
239 875
1168 581
1365 1648
1102 315
502 873
1372 864
561 328
730 1940
1580 1372
1785 1118
1546 1544
243 355
851 759
1227 252
1929 1370
344 1222
1934 1453
902 1589
733 1621
1401 437
1325 1683
1404 1814
246 594
1709 1242
645 1944
776 1197
244 1701
1289 1667
459 736
1395 848
1326 732
433 400
1513 1813
1796 1067
724 1764
912 480
1132 1636
523 674
1047 128
1727 1332
981 635
1053 1418
1321 1778
1606 1422
896 1360
251 1227
745 767
1179 336
1857 1455
844 1553
1767 1163
327 1662
1215 1870
1800 454
1385 260
256 1356
988 401
457 909
1233 1733
375 122
331 1138
1816 931
1749 936
1912 1626
749 1380
387 116
258 1135
557 1718
1275 486
1013 498
1582 37
775 1802
1763 1466
380 1482
395 1688
1619 129
1529 548
317 1543
632 1401
578 1643
1911 606
1845 1905
1704 1678
684 604
1155 492
498 1753
1569 58
1655 1794
1137 261
788 1726
264 1444
266 1368
1685 1305
265 801
922 598
407 587
268 589
1687 1852
746 25
1858 1045
1224 1534
269 590
464 1096
1515 308
270 1127
346 1050
471 729
271 1571
1879 350
1077 1797
1366 1288
1113 451
706 1883
1579 1743
274 1429
790 1318
654 1143
732 10
942 1375
1572 972
1152 835
276 932
285 1
1699 779
1384 1212
397 120
1446 1792
1228 645
602 428
658 1639
1111 157
1431 906
277 1833
1454 1423
1776 1728
781 1835
1287 99
1835 1752
1539 115
907 1815
1504 1849
1717 938
1239 1141
280 1563
1753 1670
580 940
1588 1781
980 1025
1564 722
283 982
1066 1148
1078 499
583 535
404 790
1716 433
1770 1502
1792 1005
1557 562
483 94
1040 822
550 1521
1748 35
1909 846
1041 1498
1217 1907
1647 1261
752 738
1202 863
289 244
290 843
718 1424
1174 1391
1566 241
674 514
670 1889
832 329
1004 160
1751 388
978 1417
1402 1373
635 117
538 553
770 554
1276 561
678 625
1766 320
679 301
1278 824
1542 1887
437 1535
1545 1596
1847 987
1614 1451
301 1291
1238 1454
1821 802
302 1693
828 1315
1589 1028
880 1123
1283 1252
837 1436
668 1133
1720 1700
304 1403
1424 384
1658 220
1368 1169
306 1854
1117 1710
1594 1152
916 367
672 1069
1161 954
309 605
1634 711
308 1054
591 1715
440 1298
311 1522
717 1237
863 794
1082 333
801 280
1457 902
1160 295
1194 1623
1668 158
312 228
1370 56
495 524
918 125
1601 676
715 664
428 1409
641 1192
1570 971
970 1346
631 1381
853 1863
1244 479
868 192
318 612
1481 1657
664 235
894 1641
1120 921
594 721
1000 361
1028 277
579 1804
1787 893
430 1560
1559 911
860 477
415 419
1231 1122
323 300
1245 1933
1434 1253
861 1064
1886 984
657 768
1624 1600
1213 12
971 1817
441 727
1319 1000
646 1578
1420 1367
486 658
1794 302
1610 159
332 462
1153 368
1396 1214
1451 344
371 334
336 57
1430 928
337 1239
361 1100
1335 391
930 1723
1195 726
338 1875
577 1679
1710 1185
1741 1895
911 692
569 166
1631 2
1123 1713
1456 834
1087 185
1479 1912
1599 1869
1592 495
347 1140
1376 82
348 1256
1850 1734
349 130
1364 1618
938 67
972 135
1279 15
675 1632
1681 1109
762 1106
1899 1070
353 1647
964 574
1210 1843
1726 1376
356 1508
1124 719
924 1821
975 1519
1043 1861
1905 583
843 1888
1362 1074
1548 563
1339 131
673 219
1721 661
968 673
510 512
365 1281
1829 707
368 1838
1397 572
1863 1779
1375 862
1427 1627
496 1144
1611 1882
726 1317
1802 1848
558 1460
1177 1213
1822 567
630 383
472 343
1052 1826
644 1411
373 511
694 1654
944 686
1661 443
1103 1890
1443 1686
908 497
685 417
1852 1776
539 1577
385 883
1771 641
899 1800
1780 890
439 818
1523 24
1309 1830
1839 959
1081 39
490 755
390 223
391 1191
1425 176
1700 1767
869 539
1502 1681
1400 792
1925 1546
1789 1014
920 1388
1019 1761
1271 1692
1086 1892
398 1048
1533 1520
544 650
400 613
1524 1007
402 1820
1165 246
985 1501
1659 1083
1139 447
1692 230
405 704
526 1420
1295 716
976 639
1825 285
1719 475
1355 791
412 1483
1251 154
416 213
1051 1706
1500 1049
527 199
546 221
830 90
1740 1235
1897 298
1007 124
1630 435
891 1053
903 720
1492 918
1380 460
1147 1582
1452 560
1461 558
1827 532
1583 1570
1914 1131
778 1757
1204 1009
1889 529
747 1919
848 210
1100 1092
571 92
1718 452
1464 796
1198 467
1367 231
446 907
1644 398
1209 1307
1574 925
699 934
808 1649
1453 272
1207 1462
1187 1434
1536 141
452 649
1349 859
453 1055
1750 614
1183 88
1211 1264
456 31
986 449
484 784
530 509
458 374
1844 588
1864 905
1924 677
1090 1392
812 290
877 1680
1537 891
466 1241
1711 1359
1612 1557
1738 1440
1262 394
1288 1194
590 196
1916 311
1387 976
1664 637
738 1616
823 596
640 1369
1031 1304
1754 1340
504 1635
1680 1285
1138 1943
723 463
1409 1082
516 813
1166 1353
581 627
947 1707
1329 837
555 1808
499 471
984 236
522 68
1315 1780
1678 777
786 1857
743 265
1918 1035
1784 448
1737 106
991 155
1733 920
1758 237
1206 1297
638 1221
517 468
1870 541
1549 1634
1303 1167
1648 1042
758 1703
1861 274
1508 1564
663 1758
1777 1909
1892 1326
969 1913
1342 855
1059 896
537 525
1859 6
652 1562
542 242
1556 1269
1836 1925
1133 178
1674 180
1503 1421
1633 552
551 748
1219 385
1268 165
1521 1111
1904 1791
1433 1104
1417 71
1442 215
1369 621
1356 1390
1119 253
567 960
568 810
731 1732
1547 1677
1304 879
671 250
1652 214
612 1617
831 1946
1578 684
890 440
926 472
1604 816
1201 1584
1170 1505
1164 1931
588 952
1488 485
1203 1199
774 1796
1171 504
1314 565
1510 1902
604 318
1851 1238
1050 493
1790 1777
1820 724
806 1203
1429 1280
611 1469
1922 1341
614 1569
1520 1226
1010 77
1585 193
620 1236
719 915
1178 979
789 473
633 969
1635 1073
1833 100
1414 200
737 191
1101 1530
667 353
914 1336
711 1459
656 1737
1038 829
1489 735
1225 239
1450 1512
1810 927
1875 1211
1775 1836
1354 1699
1012 513
1575 980
1255 1445
682 249
1596 1389
1519 1290
1684 1630
913 785
1501 195
1361 1504
703 382
1590 899
1525 1552
1232 1575
1181 1655
1336 1039
1650 1810
1669 1441
748 690
820 1361
1252 1908
1259 573
1034 1837
1560 1741
767 603
1746 1803
854 372
777 47
1002 1948
1609 1159
1036 1488
1190 926
1146 370
1927 1511
1208 83
1343 362
864 917
1725 1805
1320 1275
1913 1539
1054 1671
1058 1310
1085 1793
1076 332
934 992
1555 1947
1540 1527
1535 19
961 825
1532 1916
1312 1638
1374 347
1018 1257
1290 489
1071 1339
1112 474
1196 640
1665 725
1803 327
1626 1113
1530 922
1632 853
