0 1282
1699 1280
3 1177
5 1016
1695 1112
6 1621
1692 1120
1690 64
178 258
1623 642
143 1392
407 1666
392 58
1612 213
209 1511
80 1181
785 509
43 615
874 62
1607 1637
1 1482
2 886
4 1052
1698 1036
1697 1309
7 1078
1694 772
9 965
1693 1402
11 480
1566 749
1665 159
781 1481
853 1693
362 890
1140 513
1079 182
1696 712
10 521
12 538
78 1635
331 868
1312 1230
439 1472
1487 1548
432 1040
536 1520
569 875
703 234
1153 1572
1687 1570
1509 1687
233 1231
134 884
367 617
1470 1303
1269 1543
8 1289
433 530
275 283
1213 1056
1342 1439
643 1127
1274 1551
56 1236
904 181
1538 1038
13 1301
15 1154
106 1628
839 1088
1619 295
54 864
1383 25
691 1401
1419 1651
498 1075
14 973
690 616
1554 346
102 1409
855 1654
269 1393
414 296
1559 551
70 1124
696 1312
16 1371
17 192
502 1665
279 297
420 132
552 179
1050 463
779 1611
18 1598
369 1630
319 1483
1497 1068
1364 1194
756 605
1516 1097
519 1100
617 1140
1225 232
1348 1523
153 469
1197 249
1381 1342
19 589
893 205
305 462
1182 593
109 1034
1338 689
738 357
278 361
1095 601
1340 741
481 1356
1472 744
20 1372
825 754
1652 719
22 1225
1474 382
1085 274
1107 819
1573 515
111 966
125 1327
346 47
21 761
23 1391
1499 1059
246 1486
1324 708
256 685
164 117
861 1045
802 1126
24 479
1240 1310
1302 1331
586 1018
771 94
60 409
25 1608
709 1413
688 493
1007 425
783 1247
1459 874
505 512
291 1686
589 222
1217 1385
1256 650
997 1658
923 1172
75 980
1653 147
218 895
652 322
788 1538
1564 426
1157 1217
685 679
1418 1546
76 817
26 1359
27 1274
28 1235
881 774
698 390
866 211
376 1142
472 717
1576 101
355 225
29 1670
294 723
758 1102
686 1131
1102 730
474 908
752 1400
969 971
286 65
689 1404
89 325
813 1295
1473 998
1196 649
466 42
1485 539
30 1398
31 1313
927 1237
354 508
253 184
69 738
1641 758
507 1612
625 1442
402 1672
515 114
32 790
33 199
1295 285
1621 963
713 811
739 1148
957 1176
438 786
1605 1499
958 139
1162 458
1628 237
110 392
693 370
1299 203
435 684
34 80
35 289
1043 1288
557 1049
1051 1245
1239 1424
749 572
486 640
208 822
906 905
1284 125
1351 1522
616 202
1660 111
36 1468
293 782
1151 1550
801 459
735 1679
350 933
518 245
37 30
38 662
1575 1094
241 590
1622 851
1670 1463
1003 1233
1533 1119
232 1324
271 557
1158 1284
720 490
521 607
650 621
40 507
651 1185
1181 1656
966 260
81 251
388 63
1046 1569
39 326
949 647
149 835
1649 734
1286 1079
42 816
121 850
1560 317
676 1111
1293 339
378 1574
1483 543
1048 1563
132 403
252 1518
419 1329
1581 1287
894 779
671 820
520 1430
1150 1647
727 1663
1395 1388
638 1653
284 1021
41 374
44 570
827 523
1315 1586
1477 975
762 1104
1406 106
1185 388
491 625
673 747
654 1330
1458 709
384 700
220 1517
607 1007
812 498
46 999
919 76
819 123
1574 413
700 1133
907 474
637 1642
155 904
1333 804
45 68
47 818
48 524
1327 962
1409 50
1546 1299
936 27
641 703
49 1408
682 645
1129 863
470 347
1112 1073
50 1277
188 792
1465 1099
268 559
1408 1259
976 173
1038 1556
456 1668
820 248
352 1166
277 531
1629 663
51 1664
473 964
743 846
971 6
455 478
697 124
571 800
1221 303
427 838
52 481
955 678
53 1423
457 1514
1521 1251
482 330
765 73
948 57
1602 967
972 113
1141 1128
1397 514
1375 401
1294 1019
1201 831
737 398
1366 281
991 221
1298 1160
55 1453
1044 72
385 1138
383 21
1184 1334
634 54
860 1060
1345 193
1443 1279
1532 1106
1291 1378
669 278
1030 290
57 129
1399 736
309 327
621 292
929 1584
412 1278
1035 860
58 1350
1200 1461
195 28
503 681
160 378
280 1457
1099 715
310 151
675 146
1688 206
1437 1110
59 873
61 286
107 1614
1206 156
1413 894
793 1186
236 1243
1127 53
925 919
916 488
892 929
62 705
247 1559
216 427
529 573
1272 1147
1290 215
706 337
910 1634
231 1432
995 24
97 916
64 1436
333 1575
235 1240
1593 1618
1515 429
99 1039
63 1047
563 189
1635 46
1416 680
283 1353
768 1178
413 1144
970 1333
510 1296
659 571
65 716
66 356
67 319
356 105
1108 384
1422 483
585 450
564 1655
467 439
993 1497
613 1355
921 504
1372 1105
1404 1534
301 696
68 70
556 91
1260 775
704 948
1123 291
647 1003
645 1346
1335 1311
1451 265
71 340
990 646
238 1650
98 316
1615 379
179 453
1528 727
72 1179
1326 1210
1454 1011
371 934
1251 489
901 949
221 164
1571 556
351 1012
1098 581
334 729
1411 644
566 1603
1625 432
204 1606
73 418
74 1508
1510 40
887 140
1076 1273
497 1530
655 1318
602 932
1555 1459
672 588
1169 837
77 893
1339 416
1466 658
1168 465
1636 1389
91 879
375 273
200 244
944 902
1322 655
1414 1256
79 1667
996 1675
898 982
888 1345
366 1631
1136 633
864 652
523 160
460 1071
911 1552
494 944
1429 496
609 1384
1264 1537
408 853
197 328
684 475
1138 1547
82 36
1388 358
459 18
545 858
83 224
84 690
1192 306
1561 1297
639 609
157 612
85 440
406 1064
1389 958
381 560
127 1676
485 430
528 1443
1433 1009
941 335
201 1317
1317 1555
349 442
522 457
1059 1268
1424 1374
1017 1685
1042 1167
905 1396
1502 1241
87 262
508 636
1060 136
300 1501
403 1607
447 131
1094 565
104 220
1041 230
714 622
843 892
1462 626
1396 921
780 575
147 1447
1585 935
1426 771
1650 603
424 1576
86 1285
1061 564
1205 1403
373 656
242 1506
288 968
90 1087
660 1321
335 801
88 784
452 855
998 954
608 1293
1392 1626
1280 1248
198 1470
483 304
1494 1074
1390 897
92 752
699 1347
415 910
1250 13
1530 198
632 1262
93 397
636 1249
626 434
897 937
94 821
95 141
1045 472
1254 412
468 235
1285 1254
372 88
1232 1351
96 1567
404 1255
1306 1306
347 377
177 332
1231 82
857 336
124 1010
665 1298
180 1290
1113 1577
259 563
161 414
799 263
103 391
389 492
603 1632
423 1137
1271 1531
1064 639
368 253
815 951
1534 282
100 503
1179 15
1277 166
154 1070
848 1
578 887
1586 252
517 22
1645 1192
1578 389
285 1109
448 1239
170 78
1501 769
1066 1188
1508 1566
101 1490
1669 212
896 138
212 950
730 48
856 180
222 351
642 794
1616 1320
1253 791
105 1690
210 969
541 298
1380 555
1101 987
1343 699
731 1440
1084 675
1163 419
846 1037
1540 172
1148 38
797 527
136 1471
1637 867
108 191
187 1015
1015 167
1337 200
1109 725
992 1519
1330 903
593 880
1178 1029
1115 375
1518 1533
244 1271
1563 1460
442 1123
464 1258
842 927
112 1464
980 519
547 266
858 595
796 1057
1441 284
113 1420
604 1487
440 486
495 739
374 171
1118 961
818 1573
114 250
1481 777
824 854
282 1174
115 1477
555 943
1080 1677
1120 808
1678 883
1471 1020
1033 728
142 799
116 574
1075 1599
816 155
1212 1358
117 174
1691 227
1341 142
1001 158
933 832
1320 1272
118 162
380 1168
1398 1558
772 654
1208 368
1588 978
1207 1316
119 876
120 701
539 634
574 673
131 1469
790 810
506 1411
565 834
1511 376
1620 1381
1180 1684
1019 984
1646 665
148 1610
240 1591
321 1223
123 981
1373 859
1278 204
479 1525
1627 1426
152 1253
122 1673
1448 1294
1415 37
666 231
873 149
126 19
1446 59
512 1526
436 102
1440 629
733 1623
1024 1588
595 577
909 1613
1083 541
490 272
128 918
359 89
1475 1184
1513 518
129 130
500 406
759 400
130 1182
167 69
903 1304
723 170
1032 710
526 788
1498 931
1082 1136
876 898
968 1415
298 148
1092 1657
1305 343
133 812
568 197
1491 1005
135 750
1655 1696
1222 789
938 829
1405 1425
1328 952
729 1308
964 112
137 1222
1552 659
807 84
1456 455
138 279
217 334
139 470
889 643
1249 8
1544 1362
140 1006
549 827
398 1032
1488 1114
1400 1646
141 587
940 990
605 1035
649 1377
299 2
1229 766
1135 448
548 891
1235 56
912 711
832 115
1562 671
144 1175
740 33
1517 1338
145 825
1596 606
146 405
1579 163
754 380
1203 233
325 1504
1644 783
499 591
211 331
1031 1488
1478 669
1464 1365
1154 437
1081 1146
395 1086
1218 45
150 500
883 1080
1237 803
985 1431
1236 1545
845 714
1682 201
151 176
1086 1092
795 168
974 110
1273 1633
753 145
1357 1077
1331 1399
1582 1275
677 449
156 1582
1026 312
1013 44
469 1594
484 1448
681 254
1539 1041
158 424
1490 549
1122 402
1681 1496
979 1521
159 697
1028 1025
542 1204
817 534
1177 1446
917 1379
977 387
1514 1352
1248 1688
869 857
1096 1135
1512 175
162 1695
1161 1698
928 1458
1432 1130
1047 506
1495 491
1685 1153
599 676
810 582
618 526
165 740
1352 194
431 865
1067 1171
776 161
258 1031
1087 9
410 930
1106 755
163 1449
166 1562
255 1344
1111 660
577 866
1052 1193
1175 1585
223 1583
327 1435
443 1456
1191 1157
509 55
357 238
1444 562
532 1305
219 985
1002 1252
168 974
169 796
1577 1150
630 1529
708 367
171 1095
1543 1478
1259 85
1617 881
954 1652
560 871
172 947
370 1069
1215 143
775 1207
1664 941
173 1151
1283 1017
1058 218
550 310
757 1216
615 1226
1354 1082
1241 670
174 1000
175 1195
982 576
1014 34
707 75
1100 396
840 756
176 840
1407 516
1146 495
315 830
358 118
915 731
837 1616
437 942
1005 847
1355 632
635 277
987 1044
273 780
1594 1536
576 1220
1189 99
606 586
622 1107
181 92
543 0
967 436
511 421
1642 745
307 1485
1053 1554
344 1354
1482 1326
463 602
182 722
183 993
1143 268
1431 899
1152 1066
880 1234
871 280
1647 558
712 1048
184 1648
185 420
1445 26
1519 1560
339 753
588 1419
798 1361
186 682
953 446
1316 1541
1547 1203
1545 1115
1139 1013
189 1269
978 1507
1164 16
1198 1540
890 1197
1567 1028
190 1445
191 381
260 1660
1479 1033
716 1636
192 1683
805 311
227 926
1310 1602
311 1286
1321 1143
1347 71
449 511
1296 691
477 275
1587 793
1453 672
734 86
292 823
194 1620
1557 1266
193 407
196 1051
782 535
814 1694
744 923
264 83
199 350
877 1208
1334 596
1057 1587
852 542
492 1454
1265 1619
1376 1639
1496 567
202 914
1238 79
203 713
1036 318
914 228
1246 259
1507 554
476 1503
1455 460
1142 482
1144 624
205 1076
1520 599
572 807
274 1201
702 828
732 718
207 1026
937 320
1258 329
206 190
1131 1228
1535 520
1583 1366
243 1438
1550 1189
1654 1382
1450 1689
722 1678
908 661
1365 1681
1610 579
1188 547
761 597
809 456
1233 648
303 1641
213 568
1292 580
956 315
214 1475
628 1319
1484 906
627 1343
711 1680
363 473
1244 255
1332 1158
290 243
742 341
1361 269
1282 1484
215 992
951 1337
417 584
478 100
1358 1084
891 986
870 695
1325 1291
847 128
1600 924
1074 20
777 732
1055 1489
900 1615
1270 1261
670 1369
1204 1444
224 1314
458 687
429 1441
561 219
784 996
755 1162
1679 1200
226 1515
1667 983
405 878
297 188
225 52
228 4
1387 362
1486 548
1165 385
1344 1395
229 686
683 1349
1247 157
230 600
540 308
1666 487
234 1180
767 619
1219 1692
1603 1058
1056 452
377 870
306 410
421 276
323 849
611 737
237 1473
821 294
692 438
1378 1510
501 1027
844 1669
546 323
296 1368
973 972
705 104
289 706
694 1122
239 1090
1011 1103
741 759
1438 1416
1423 613
302 1516
1159 537
1569 32
544 133
538 1242
1029 561
245 638
426 1116
687 395
262 1527
962 1191
1568 1159
248 1281
1427 444
1401 217
249 635
504 1276
1500 1093
409 271
1068 989
1034 1215
250 704
1425 485
1210 979
251 1649
340 628
1460 909
1680 522
679 787
1319 1117
1287 1340
680 529
1476 721
254 698
295 364
257 61
717 746
1371 1050
471 1421
261 1198
1021 907
1303 1264
1194 1363
1379 505
981 1219
1367 532
1183 592
1556 585
270 751
513 1292
326 1671
263 1238
736 1455
1065 1043
265 477
266 314
939 116
872 510
965 355
1598 862
267 767
644 888
276 781
1393 1023
1386 360
1170 10
1480 1697
1267 11
718 354
465 1386
445 1579
272 287
1677 1323
1307 29
826 912
674 1589
1676 1046
1257 1085
1370 1549
1346 1341
1549 762
1410 938
393 856
1227 1380
1091 454
1614 1348
1421 742
281 1221
695 321
1025 1002
446 995
715 1206
1428 366
787 1450
1420 1640
287 471
1611 267
422 797
1626 443
562 208
575 119
1281 939
1489 824
1434 1539
322 1072
390 1063
525 748
480 1417
1262 1212
710 1474
1336 842
1503 451
623 1502
1657 1373
769 1232
1008 610
533 1376
1368 1544
313 196
1435 1433
918 90
1126 1328
1672 461
318 1008
1174 1437
487 1187
591 1224
1226 445
461 502
1104 1161
770 813
1216 411
341 945
304 1505
1009 165
899 1394
1275 1246
1417 393
308 674
746 1622
836 270
1172 1089
1266 839
1069 137
1130 1682
1597 1118
1430 1661
1149 1134
868 1165
411 917
1663 525
531 1370
598 1428
1323 1513
751 1149
312 1532
314 707
1402 108
1613 422
1349 991
365 1152
316 1357
317 911
764 1643
1553 845
320 353
932 372
1449 976
942 1580
1088 1387
382 501
324 806
1110 1462
1643 1227
614 735
952 1218
619 1557
1529 342
653 435
328 1042
959 348
1054 345
1195 1495
1609 956
329 545
330 467
1359 214
1105 757
567 702
865 1062
332 1578
624 423
1608 209
1493 1564
336 1113
1308 760
867 264
337 1500
338 1592
863 67
1132 1597
1252 544
1103 236
1506 1250
342 1125
343 399
570 1098
1114 724
1391 1452
1570 7
1089 1390
348 1325
345 1375
1590 23
1463 1699
945 1315
441 1265
833 476
353 1493
1651 1512
1353 207
364 608
747 955
1624 1600
428 977
534 618
454 1339
360 1465
361 134
1640 1491
830 1476
425 223
1255 497
947 359
1010 1263
1631 1190
1659 349
1656 688
1684 1429
1461 1096
1363 1257
631 152
1526 1164
1591 77
994 1645
1592 98
850 1302
1580 692
1023 1568
924 293
379 122
829 415
913 815
1199 169
663 1596
1288 1492
416 241
1329 1479
1078 1205
786 229
386 309
387 953
926 352
943 1629
553 468
1018 1535
580 299
391 95
583 553
1121 240
394 1605
792 1609
396 1418
1039 256
397 776
1318 333
1689 693
620 1053
664 1091
399 1260
400 408
401 959
1186 765
823 836
453 185
1116 126
1124 239
1022 1360
462 885
1523 466
745 1412
854 107
960 1163
794 841
418 726
1063 598
1537 1674
803 120
1097 135
1209 814
1551 641
1027 1336
1457 1480
724 913
789 578
640 1332
822 187
430 798
1630 1065
551 896
1070 1061
835 637
1020 540
434 1129
1006 1067
950 177
841 795
1403 183
1531 324
648 768
444 1407
629 1132
1133 1691
450 651
1565 103
1220 1108
1442 1405
451 1581
1683 925
514 1183
1125 1422
988 154
1276 668
646 431
559 1335
760 552
1668 1121
975 373
859 307
1245 882
1447 1322
600 464
1301 1571
1073 1617
668 447
1145 210
475 546
1243 922
1214 843
657 404
1289 31
1658 826
1202 1627
984 1270
554 43
488 1173
773 1625
1639 242
656 371
1360 1209
963 1601
489 533
493 1024
831 1022
1350 1498
1167 246
496 773
592 848
1452 657
1638 1451
1072 417
1362 87
1155 1004
725 594
1311 627
1160 667
1601 1170
1527 178
1385 14
1166 1202
1137 433
516 915
983 733
1012 869
530 988
1071 1593
748 1659
1062 566
1382 1466
1117 920
1313 653
895 1624
524 216
527 302
1268 17
930 186
658 1229
535 49
728 1083
573 936
537 1213
1223 1145
766 630
1156 1644
834 344
1016 994
601 664
849 960
885 365
1040 1542
1599 1406
934 614
1230 121
1049 536
558 1055
1128 683
1234 1397
1394 785
778 1169
612 940
999 1196
587 1300
961 484
1309 386
1374 889
579 528
610 66
581 802
1662 872
1242 928
582 1528
1492 877
584 900
590 39
1119 81
594 1410
851 805
597 666
806 313
596 5
931 1590
1524 1214
1675 901
1504 1101
1541 861
1436 363
1173 494
1077 743
750 809
1572 764
1176 1283
1037 1509
633 1155
986 1565
946 1561
726 1553
862 970
1686 127
1000 604
922 441
1412 1367
1439 300
884 844
1314 1014
1263 1141
661 1434
662 720
667 195
1589 1001
1147 1427
1193 383
678 1604
1558 1524
1548 763
1661 997
1469 247
1525 1139
721 770
701 74
1536 60
989 1199
1384 144
719 620
1606 1081
1356 288
1224 499
1190 1211
1618 1494
1674 41
1467 394
1369 677
1279 1467
1261 957
935 833
763 261
774 1030
1300 1364
1505 694
1297 257
791 1414
1673 778
1090 93
800 1595
1648 12
920 51
1632 3
804 301
808 1244
811 1267
1468 96
1304 97
828 623
838 150
879 338
1542 583
1134 305
875 35
1228 550
878 1156
882 1383
886 569
902 517
1187 109
1584 369
1093 1307
1004 1662
1634 611
1211 153
1671 946
1522 852
1377 226
1595 1054
1171 631
1604 428
1633 1638
