0 1512
1849 52
2 734
1848 1442
3 8
1847 355
1846 1750
5 1592
1845 953
1844 732
7 228
1843 655
8 1563
1842 252
9 516
1841 1165
10 849
1840 144
178 1045
973 689
1766 1551
226 855
922 192
1643 1524
1602 1721
490 1047
1 767
4 294
1592 530
1032 1700
924 987
544 109
62 1724
768 508
1527 1497
275 1135
859 1343
6 931
11 1502
12 709
1717 1070
211 1080
1208 78
1461 918
1398 348
992 1160
1258 69
968 786
1194 765
1329 305
991 1438
1462 1124
1340 930
520 1279
1207 867
1295 1106
13 1088
14 1678
1098 233
28 236
981 759
1110 1481
155 1465
1786 1404
880 665
1715 237
1762 1390
1661 903
15 1623
1529 751
1036 1630
203 1072
1081 447
1813 1259
556 1151
455 1738
106 1641
1703 1762
513 386
18 543
492 63
1240 206
1647 1379
958 819
25 1466
1182 796
778 114
16 1397
690 684
858 983
387 1010
63 1009
1173 842
1556 83
1636 1247
445 1788
17 1430
374 43
1056 263
1815 330
914 830
1723 1086
488 1012
612 1382
263 1494
19 1364
872 366
950 1688
1713 1149
506 375
385 474
799 682
893 489
1058 1668
638 1751
835 1683
300 465
20 126
834 549
940 1833
1235 1819
1170 1838
739 662
611 1270
1257 1339
927 438
21 1265
22 1786
1498 729
824 1756
1484 1393
1364 1292
624 886
1034 484
1082 213
1095 1229
349 1666
23 881
479 1777
1092 1680
379 1737
1635 806
1265 1758
118 1366
1660 54
1499 962
1008 750
878 451
954 579
1824 587
707 423
1126 352
774 1400
876 405
1128 1811
24 1816
127 577
1185 706
472 856
1068 333
647 113
837 317
1618 1783
26 1553
1834 1805
654 1663
985 1554
1024 103
1820 1714
737 991
658 676
119 712
1614 1286
27 980
291 382
1579 531
1550 1140
164 995
603 758
540 486
428 1696
1685 24
43 1214
705 989
539 1473
976 404
201 1559
797 612
29 935
881 818
1161 1449
75 1412
1525 485
1451 1455
1608 1463
1827 878
30 1445
1832 1145
205 292
367 1369
31 835
1534 1569
1586 1515
1039 261
1253 161
32 243
1502 1038
1732 85
33 969
1641 1505
1315 80
1650 1573
1236 1208
476 1269
1015 1235
433 1069
89 544
34 53
305 1671
322 1280
695 1300
337 1684
473 1024
1624 1347
896 354
35 791
935 1213
637 361
76 710
1286 275
210 483
1168 207
162 990
335 722
1002 1110
543 1759
36 1446
37 1345
794 1381
1653 1818
125 42
38 696
519 115
299 309
932 595
1120 827
630 812
1063 269
1649 539
39 810
1828 235
310 1394
933 303
926 1211
408 468
40 779
1497 824
1021 1506
1773 563
817 1207
1751 716
484 142
967 1779
1395 248
167 1622
41 910
113 77
1454 606
848 1046
1644 1355
42 1041
1458 178
132 840
303 1326
1478 1681
1830 1596
1756 127
531 1057
1134 1775
44 439
1670 1055
1148 1791
961 1599
216 1790
851 1093
45 1590
1102 1315
399 933
362 589
1492 390
648 1021
46 315
1374 212
435 1448
898 892
1193 1298
173 347
849 1651
47 1115
862 68
138 1589
78 276
1125 1439
1477 811
1724 1544
1263 566
806 1621
946 1842
1326 1757
68 1007
1366 1275
1687 416
48 1244
49 1516
1544 1082
318 1293
663 659
526 272
1573 852
1160 1841
827 575
50 1510
189 1767
1755 1829
302 135
1050 1484
1558 1134
458 449
486 821
1689 39
256 727
1334 448
1665 30
466 1282
1146 1489
1209 1677
52 372
997 494
1283 152
545 349
500 335
351 57
1709 847
53 1433
1821 1171
51 1039
1418 1044
1287 671
238 1227
402 764
586 1789
347 738
1130 869
633 470
230 1288
533 1025
54 663
764 1085
725 859
179 813
55 1733
1799 1701
1076 168
853 1780
1246 1276
594 1518
166 1150
56 1626
390 1226
735 0
1014 672
1771 1289
336 831
446 772
57 1817
870 1517
1407 285
1722 934
1113 1490
1186 1636
145 141
1394 592
1759 297
160 1128
1010 1610
1296 401
1787 837
1514 1778
1379 458
1764 1476
971 1616
59 295
136 1830
388 1796
727 1486
1382 393
1803 1101
1396 1529
58 1319
60 1395
1200 1253
1594 1761
826 1320
1700 1665
571 600
61 296
589 631
1587 954
239 1019
123 1094
847 707
644 755
320 106
1224 1581
1620 1225
1625 737
250 154
1712 1691
1491 685
553 976
1129 1325
813 1715
64 1178
487 800
984 616
1121 771
65 363
1430 778
1243 1182
1750 360
66 498
1663 130
1006 985
1073 67
1152 337
1363 119
942 1612
110 1194
875 780
102 110
732 283
1809 374
1814 943
861 517
1203 499
503 139
1457 27
548 627
1705 251
67 1807
69 199
222 1318
248 911
1729 1066
642 1403
316 1146
1175 1597
70 1410
780 1774
652 1653
1627 1746
866 1552
344 385
333 1384
241 1662
1388 1432
1280 1567
1421 180
665 1166
312 409
71 1847
72 1073
990 919
1351 569
1547 397
1509 756
899 1719
1201 940
73 1583
338 1428
497 721
635 1274
74 232
449 202
502 1461
1639 258
628 1324
939 1321
1285 70
77 688
459 723
629 565
814 412
1349 1083
585 1823
1656 198
906 1822
889 1198
139 883
412 1271
217 1614
1216 455
1437 748
169 769
79 624
877 1753
325 1081
619 364
121 431
846 1475
1376 884
1181 667
80 249
81 163
1158 1296
215 1401
1304 300
951 1604
82 622
415 281
1232 99
1142 1504
83 1221
1264 1747
919 1673
1442 653
686 182
1436 1233
1004 1052
84 909
1210 419
204 29
1539 1694
672 961
1564 1547
85 900
1241 1754
1042 535
1485 946
1781 1029
1584 1669
1798 895
86 25
1838 238
783 623
96 1202
1213 339
103 743
1765 1635
1672 239
1599 1181
1136 630
1097 993
516 645
1140 870
181 656
285 327
1123 890
1738 1195
736 1566
1137 1418
726 1611
760 507
175 1125
1298 147
1783 583
114 697
321 1377
1609 1056
722 432
841 668
436 117
1305 717
87 646
88 1828
128 1141
219 923
879 1500
90 1618
324 666
660 828
460 1048
1012 1102
1470 255
158 1118
1476 633
568 1299
220 917
91 324
491 479
236 1729
422 1562
429 992
1365 1718
258 1739
1580 389
92 1773
93 704
1150 1018
1785 719
1057 532
1273 774
1486 220
94 1642
713 975
447 966
955 1174
534 1185
731 1142
95 1633
1302 1223
627 581
747 26
1445 136
1066 1303
900 341
495 1437
944 1112
1096 1074
97 1157
411 768
227 1054
1652 1414
554 1378
1393 133
557 1785
1782 176
1668 37
1617 469
850 614
821 445
1262 1419
945 1310
109 1624
98 513
1358 392
271 277
489 951
1248 1155
100 522
1079 172
966 89
567 388
1760 1037
272 93
549 1460
937 1407
99 511
101 288
209 1629
1629 629
485 1593
196 1130
1494 1143
1758 1526
1510 254
153 1495
1054 1536
1359 1049
391 1686
1698 1808
425 741
289 270
1313 937
104 609
745 973
405 158
668 427
934 650
105 1477
212 301
1033 22
1736 123
1483 1341
1049 1705
107 156
1343 802
1215 1537
1074 1254
1141 1453
1662 1499
1153 608
696 1307
270 603
108 604
1711 353
188 601
1408 1203
1546 1457
1438 1770
1277 194
213 331
290 282
683 891
882 90
1423 442
288 125
440 1488
655 1240
691 945
1589 956
1688 1478
348 1353
551 1396
1053 1295
782 32
1089 244
613 808
840 201
112 1172
1335 1712
565 290
1797 1661
111 568
979 1690
987 1575
1545 1731
1505 1031
1291 773
298 525
1003 1530
115 1344
563 171
1383 164
1206 1787
869 1711
292 781
116 487
278 94
377 660
1674 1002
1831 515
1780 965
1590 1302
517 1368
117 1354
921 1264
1739 1033
856 496
1350 703
384 56
237 1625
528 584
1220 1243
151 958
120 218
126 1001
994 247
1307 871
772 1023
122 578
314 593
185 108
1174 430
832 204
1710 31
750 1078
414 396
363 59
255 15
124 1122
895 1030
1356 1707
868 1766
993 1089
1471 628
970 44
1669 1257
680 84
1520 554
816 225
1447 444
1106 76
1131 1717
1655 844
1566 443
465 452
566 924
1677 864
1360 345
129 749
1487 1601
1519 777
1745 526
818 944
130 899
564 1317
1642 1116
588 1005
328 5
1443 797
131 1658
1761 972
1373 735
1716 422
1312 441
641 1803
133 1670
409 1806
461 1837
315 674
454 1120
1533 1330
1400 718
986 615
469 407
134 591
135 1242
815 1053
1242 380
792 979
195 1216
1768 761
339 838
1025 651
1748 1103
575 1109
494 359
137 217
403 310
615 882
874 1782
1078 195
1267 1000
1593 1175
140 711
280 205
1145 395
1680 488
1772 647
1367 1239
141 208
240 1492
1339 1561
142 1398
522 210
143 1236
649 20
1735 467
462 1498
1612 1535
1690 1084
1135 822
1230 1335
1237 1222
1804 1342
253 898
972 1362
228 558
400 343
144 536
1422 912
762 664
1414 227
1384 560
287 580
1455 49
1775 1745
1603 1139
146 1800
595 694
842 952
1440 1797
912 785
346 561
147 1493
148 1620
1812 1327
1007 889
246 1278
598 138
1428 1617
957 673
149 936
342 1706
1377 1251
1695 446
150 862
427 1346
1410 190
757 501
1026 338
650 1217
1214 1550
463 1713
482 1431
1682 1017
1115 495
1474 231
376 394
152 1426
154 257
1480 1827
682 74
863 928
941 1609
1613 480
1272 153
1381 1464
1522 1076
1531 932
904 1491
419 1454
812 506
1456 60
1540 16
301 140
156 1452
157 1062
688 492
953 804
283 1844
1048 278
1144 504
1000 820
197 391
639 1441
1561 1051
1837 1161
259 336
170 1735
518 299
795 809
948 1564
550 677
1116 148
1576 893
161 1540
380 1534
651 938
159 1760
617 698
687 1387
1055 1834
1747 607
1217 1376
977 619
1671 1695
172 832
163 1220
1061 687
1472 724
1482 365
165 1263
1790 1232
1829 529
370 733
1062 1399
684 357
583 6
1619 596
306 1167
1666 1692
352 1337
734 1147
1521 1546
831 1373
573 942
1324 1702
860 509
168 948
1195 1004
1353 1821
749 387
728 1252
600 73
710 1558
254 155
1731 14
1511 510
443 1769
864 1374
1149 1360
1610 1169
1628 528
171 964
1155 344
1114 1514
413 916
1543 226
525 450
1517 960
604 567
547 941
670 1744
1473 880
699 1238
744 782
1122 216
766 915
511 33
729 159
174 1725
1094 638
1626 739
1567 1405
441 700
1192 679
334 340
406 1206
176 1340
802 1040
679 1126
358 311
1788 211
561 1768
1615 1186
1513 693
1684 754
276 1825
1099 1415
1337 318
706 1131
177 613
1320 801
359 1605
605 598
180 1153
606 726
389 86
182 752
1415 564
1317 1184
1184 322
902 1075
1333 1772
828 661
819 839
1686 1784
890 1413
740 46
1673 420
546 1137
785 841
1016 792
693 1297
184 51
779 1091
1468 537
1046 1090
186 836
326 3
1493 744
183 1643
187 921
1165 47
579 959
493 1329
674 370
190 1179
1412 129
643 1218
508 411
1105 462
1117 4
504 1579
191 512
192 766
915 321
296 1162
1800 1533
1585 267
1632 400
708 1637
584 45
960 1311
956 611
1029 1104
1064 7
1369 377
193 1798
1429 1765
294 885
1132 1519
194 963
1293 369
989 1177
198 1205
752 914
903 1313
1708 440
199 1059
496 1628
317 1383
200 1580
949 1283
1281 746
1835 65
1180 1660
763 913
1807 124
894 191
1675 18
478 312
202 459
523 1334
1347 186
1109 978
1009 1654
618 373
1188 658
307 132
1088 1603
1091 618
720 1189
657 302
1778 1795
1810 13
673 1802
206 950
887 1241
304 36
1308 1409
952 1159
1409 1644
983 670
1172 866
1323 556
857 28
208 571
569 814
923 436
1532 437
207 1350
1300 1284
1507 1843
1805 284
430 637
1640 1154
284 570
293 1
243 1068
576 1436
974 519
943 116
1753 1598
214 1333
838 307
1725 150
1043 71
1435 203
1171 1348
1297 1606
759 636
218 877
852 1650
798 1555
1427 1429
636 1549
839 97
279 1667
1727 1322
947 308
221 81
1391 230
1506 1450
223 939
597 863
1270 454
1385 853
998 1507
224 1370
822 787
225 346
1530 692
678 350
268 1099
355 1425
552 1133
1721 851
910 1699
1044 594
751 1196
281 1511
791 1035
1080 424
1060 112
1611 730
229 149
231 620
232 1277
233 634
1570 1209
1501 1234
234 1586
1623 328
530 410
341 573
1554 816
1500 1183
235 162
364 289
1238 274
1551 351
1553 157
1401 223
811 408
1523 193
1441 1467
1189 1647
264 1180
1816 1215
918 107
1190 1127
1352 1262
886 1323
247 1571
796 597
1139 104
1744 1191
1638 572
242 1113
529 680
1020 1389
244 1170
438 1632
1654 1752
1127 1388
245 1028
360 1108
963 1268
621 259
457 702
426 807
1282 683
833 518
1488 325
249 34
1276 426
1572 1764
1314 1121
1600 527
481 920
1596 1689
251 402
1392 922
1449 1527
769 874
1371 1014
471 1501
1336 399
252 705
1591 1548
1245 1539
448 475
808 1676
1577 224
1607 788
888 234
1742 384
928 1266
1802 1727
257 1846
578 1472
1221 460
1460 720
1399 1456
1331 776
574 555
1023 1375
499 1246
962 1525
260 1685
754 1015
656 1639
261 538
608 101
1345 798
1199 632
631 725
1691 736
262 250
1355 957
1823 865
1299 1228
1792 1655
1196 66
790 548
1330 1723
758 562
265 1732
266 588
829 1077
1306 857
1779 362
1178 1528
807 1237
1808 1065
1465 639
267 268
1481 701
1104 456
1310 986
331 728
269 1022
590 1693
1784 1361
354 926
507 626
1706 977
1535 316
1380 1485
1452 342
659 848
1699 1835
273 1471
274 96
345 559
1183 542
1133 805
1027 834
1361 1294
1763 1224
1059 854
420 291
748 1728
277 1200
1646 319
1515 1556
1503 1538
395 1513
1328 1687
1318 82
1038 901
1090 876
1332 1435
371 170
1819 929
907 861
1424 421
676 200
1683 1249
1495 493
282 1117
1041 35
913 902
381 1793
701 111
581 1363
1496 540
1404 1372
1571 1043
1789 121
803 62
483 398
286 1634
1645 11
653 1602
775 1032
787 367
1791 1572
885 240
931 1420
442 1503
1325 1595
1693 428
450 1267
397 829
1565 715
1037 167
901 21
1432 988
1030 298
1826 1193
295 1716
368 196
1031 1698
1651 505
297 19
1538 523
1294 574
883 1287
572 120
1702 795
1795 553
1433 826
616 846
559 1132
1582 371
1368 383
1420 1190
332 833
1338 105
664 197
537 1168
609 1674
836 621
1752 551
1111 246
514 925
1229 793
386 1328
1604 1741
995 1011
741 1545
1387 927
538 1408
308 1067
1370 1136
724 994
844 534
753 1212
309 187
632 815
1072 546
1162 1584
996 1380
1051 879
480 641
1726 313
738 265
1342 58
788 1720
311 784
1549 1392
1231 417
313 858
823 1474
1256 75
1601 1557
1467 1417
498 1402
1516 1272
1605 1164
1013 908
1290 643
1011 1607
1560 1336
319 1649
1743 1020
1271 675
1490 1231
1284 1036
477 461
323 762
1657 691
592 1469
610 1631
1411 293
1557 757
622 262
1378 1245
1301 1331
905 1447
1822 1411
327 1763
1413 1722
329 306
1737 1736
1344 260
1548 166
330 699
602 146
666 1158
756 742
718 1422
692 378
1697 955
340 466
1108 845
1479 1640
1254 947
805 1444
401 175
1119 888
917 38
396 1804
1266 740
1311 1156
343 1560
930 473
1622 1672
392 1260
1678 1416
369 1480
1244 949
350 686
1288 503
1633 1281
515 165
1269 1585
1218 1386
353 1079
1450 557
1463 9
378 654
1719 1096
700 1163
1147 1255
1309 1013
356 184
357 1570
685 999
1390 102
417 1027
361 552
1588 61
1085 1365
421 610
1156 1071
365 897
1118 1201
1169 1776
867 1679
366 490
675 491
1260 657
1416 1799
607 1034
372 1849
524 435
1101 183
1667 1105
1187 1565
541 1682
373 708
1728 1470
1659 586
1694 1810
375 1026
1084 1613
1801 1656
1634 256
382 520
383 1443
423 1523
1138 1144
755 1479
965 1285
1597 1520
1261 1704
599 1357
911 356
1223 1087
1740 1197
1793 329
1741 783
418 1824
1431 1304
587 482
404 1591
1769 314
393 1615
394 585
1774 100
999 241
1701 118
845 279
398 1060
1389 794
1070 185
1167 429
1776 850
626 550
1100 1367
570 1176
1466 1063
536 177
1292 87
407 576
1757 160
601 406
1159 997
1362 545
1568 713
1818 1064
410 137
1001 1273
1107 1743
1575 151
884 433
1595 1261
416 775
1676 770
1177 1820
645 23
1019 904
532 64
424 695
1226 413
1811 1742
897 642
677 415
843 286
1754 533
468 273
560 174
1528 414
431 998
432 464
535 1250
1069 1608
667 1541
434 1594
1375 745
810 1836
437 1664
1512 1646
1157 1730
801 1831
439 131
464 1016
1630 189
891 1568
704 1792
444 1600
1219 823
596 271
1047 478
909 1483
1233 1192
1017 245
781 209
1707 1305
451 48
452 214
773 1050
1252 1531
777 747
453 287
1279 547
761 381
1234 1006
1239 1138
456 1521
1489 368
1341 1291
1552 817
703 599
1191 1652
746 1809
1202 1312
1067 1148
1274 1587
776 242
1071 1814
1767 98
1022 1839
467 1522
1578 652
1255 1173
1166 323
470 88
1319 1114
474 1406
1537 169
475 188
1563 1509
1419 1100
1746 617
1839 1123
1426 1359
1794 1391
558 1734
582 760
1542 95
830 1832
1403 471
1354 122
662 1308
1322 1840
855 1459
1112 635
1348 128
1770 72
742 1119
916 521
1637 266
501 868
1648 602
1083 1487
640 1095
505 1801
929 1358
509 541
1075 1627
925 1188
510 1097
512 789
1606 1204
1018 763
712 714
521 1314
1065 1845
1681 1703
1518 1659
593 1098
1205 860
527 1356
721 463
1228 1588
1303 984
1555 753
1386 497
1035 906
1679 1542
542 1508
555 803
730 1111
723 320
711 678
1143 690
1696 334
1536 640
982 403
1154 1755
1796 970
623 50
562 981
1417 524
809 1576
920 143
959 1543
1197 1726
1704 905
577 1697
1250 1332
733 1749
580 173
1559 1496
767 1458
1124 1258
591 887
1448 974
978 55
1289 1648
1164 10
1464 1349
1103 1748
1225 1451
964 873
1581 1794
614 1812
1247 1290
698 134
620 1781
1212 875
1562 379
789 457
1077 376
1179 1421
625 1468
1227 304
716 41
786 967
1204 1577
969 605
634 1710
1444 1306
1598 1848
1163 1582
770 1187
646 1578
1524 1351
1040 425
936 1092
1526 894
1459 215
661 1709
1825 1708
1446 907
669 1061
1806 1462
671 418
975 1309
1249 1210
681 1424
1372 1152
689 1042
694 1423
1734 332
1541 1638
697 181
1833 221
702 1619
1357 179
719 1199
709 40
714 971
715 1003
717 229
800 1771
1052 1316
1658 1219
1086 825
1469 472
1346 644
1616 358
743 590
1251 502
1397 1008
1176 625
854 1256
765 280
793 1301
771 1230
892 219
784 649
1087 1574
1817 982
1733 91
1730 648
804 1657
1268 1440
1278 582
1028 476
820 1338
825 1352
1475 145
873 1815
1402 1385
1405 264
1005 79
908 843
865 92
1275 1434
1621 12
1508 500
871 2
1211 222
1777 1675
1718 481
1453 731
938 1129
1093 790
980 253
988 1826
1749 477
1631 799
1151 896
1425 1482
1569 1107
1406 1813
1045 968
1321 1248
1720 1058
1439 17
1198 669
1259 1371
1222 434
1583 1427
1574 872
1836 453
1327 326
1664 681
1504 1532
1434 1645
1692 996
1316 514
1714 1740
