0 1861
2 1241
4 710
1946 396
5 1874
1944 207
7 972
1943 1265
8 1232
1942 1852
9 489
10 735
11 365
13 441
1937 1091
1936 1794
1935 1899
178 1542
374 998
1902 558
1509 1206
317 1641
1046 1743
916 1574
1661 559
1582 427
1123 1572
1 1583
3 190
1948 1068
6 913
1945 1162
1940 525
14 1188
1938 127
15 1897
1598 540
839 340
98 1056
370 530
463 782
1617 871
454 1683
1542 1370
1151 11
1949 1503
1947 1120
1717 390
120 894
1124 1122
643 1763
1921 113
568 1849
797 379
806 450
161 1721
1104 556
12 1293
16 384
18 1839
1105 1275
1110 570
825 320
480 1782
525 1744
1885 110
39 31
358 1733
982 221
17 1941
1098 1834
1799 542
811 1690
941 997
1441 1537
393 889
359 443
1165 1169
1048 1093
976 3
985 1270
1867 1351
838 306
1760 539
1575 1344
19 1216
429 397
1359 131
775 236
1016 1633
751 1288
1899 631
1772 235
1470 826
1493 1041
812 992
1319 1906
24 274
1798 1785
1426 1236
1779 594
1438 890
1745 36
20 1637
1941 929
106 1037
1291 1314
76 471
226 1109
1299 323
1653 1326
529 1625
1193 769
1274 1466
592 807
690 573
298 1846
1657 444
1017 474
1355 896
866 1792
21 1213
22 349
23 1560
376 508
1141 1257
1689 1040
484 1073
1296 506
1918 431
90 488
345 1740
1430 659
1408 1502
780 1876
1294 1549
422 877
995 601
318 1665
1107 1653
222 225
101 1404
683 86
25 1546
1855 309
215 380
962 366
313 911
1722 643
230 818
1490 895
663 258
125 543
1816 588
26 1674
1876 1307
350 633
149 1167
1223 345
1505 1660
267 683
564 145
578 39
1627 1684
273 1853
1335 704
923 1039
1639 199
363 1576
1067 732
837 1866
1545 1116
1840 1864
1063 1889
218 1097
743 1258
1129 724
1225 296
29 597
1499 1895
240 194
692 429
570 608
1479 1604
1831 1573
1454 1414
1595 1382
82 1567
355 1710
704 557
1399 575
1577 712
27 279
28 873
30 708
381 1312
118 1330
1423 1755
1656 331
51 1605
562 648
815 20
854 1447
482 1817
380 339
1148 1638
444 480
1845 1676
1363 166
31 472
291 1285
377 1381
1741 784
779 405
1759 469
246 1697
702 1877
1773 1215
1684 109
919 879
1416 722
1091 772
32 670
33 1496
1856 1568
709 592
316 654
547 132
909 1071
443 1069
54 1153
1287 1818
611 275
699 521
34 626
1866 888
297 393
937 1804
1010 1551
873 454
79 1615
174 317
1114 656
1460 1193
1534 801
865 1134
1453 1355
584 1718
136 232
1597 316
1237 560
1020 675
520 1669
1774 796
255 1255
242 1254
396 1336
163 1201
1429 1803
35 609
36 531
1915 649
1305 15
652 1915
1467 701
100 412
1215 1519
259 605
37 1161
624 930
1322 419
473 283
301 1515
508 1722
511 211
1300 280
38 402
1641 1418
1917 1033
233 1624
1932 313
117 917
1276 580
375 1204
1160 690
1269 1930
1613 711
1752 1359
413 948
1666 1775
850 1770
734 866
203 1313
1538 1475
516 1945
1444 1057
356 1894
212 95
587 334
1671 1711
133 983
207 1639
940 1028
1714 1197
889 814
1398 143
1755 777
901 951
530 1616
339 1512
309 1110
40 874
42 38
1435 167
609 755
1633 1829
184 252
915 1518
696 1541
550 1831
337 831
1612 322
1385 507
43 1778
1713 1075
162 1430
782 1918
502 802
1576 1862
519 630
290 806
881 386
950 1891
1757 503
1896 1149
756 891
386 1735
1297 617
1883 74
70 1807
198 1508
1468 1601
41 1322
45 324
1828 329
1327 374
561 180
999 45
847 1808
1089 723
1280 197
777 1635
1101 403
44 593
46 350
1345 496
1853 59
127 1451
1458 1365
518 1050
1472 85
1333 1514
47 550
468 337
1487 822
156 157
1163 1903
794 291
48 520
214 212
1397 1079
1410 1865
1874 1833
533 163
637 499
1222 1260
1640 1076
613 1415
49 897
792 637
73 1944
1606 579
322 1310
691 490
1515 1449
50 1440
130 747
295 1686
997 1316
1608 811
1723 846
107 844
1044 391
1157 1851
1381 1318
744 1746
678 666
1736 13
1347 234
1636 903
1230 48
52 458
485 696
747 265
1422 281
1238 372
169 910
964 446
321 780
615 1013
769 1372
705 1325
515 1376
1756 1936
676 787
1118 863
1286 210
1795 591
465 53
952 922
1811 1607
53 90
650 1917
91 647
816 905
135 1729
1158 311
197 1597
1019 1480
252 1187
55 118
1544 1437
191 599
1697 231
1131 342
1696 1086
746 1863
1803 422
1880 699
56 1431
1073 681
1029 108
129 1088
1342 482
362 168
959 1137
813 1750
455 335
563 835
1863 1340
168 971
1218 945
599 1539
548 476
185 478
1164 1386
58 546
845 184
1336 892
319 483
1806 1598
534 152
776 1135
1658 326
528 438
105 112
1254 169
1278 1788
1033 154
57 759
1462 1606
500 142
1159 1762
330 1464
151 744
1243 0
1931 1113
1178 124
59 1768
60 1747
1720 505
1914 979
332 1186
1120 1298
61 766
392 1198
739 899
1692 1194
1284 872
1792 1493
820 1754
875 1536
841 730
944 1527
836 1939
924 26
1739 1483
1547 1658
1351 536
421 1588
1875 1417
849 564
62 790
63 502
71 439
1212 1478
830 978
1618 1300
1080 1908
1868 467
1078 799
299 792
1512 1516
1061 17
177 652
627 950
700 456
1823 771
64 1490
65 1060
905 359
884 1544
450 477
878 513
1414 965
194 1067
66 555
1200 640
1125 1454
1185 1885
1477 953
449 1159
1701 19
1122 158
287 1565
1833 988
1649 923
934 726
1387 421
517 1545
67 628
68 120
253 1504
1744 146
994 24
1173 1842
1382 907
478 266
1445 1063
217 749
1204 115
1009 1540
69 445
236 348
628 1896
767 1645
112 1317
1748 195
142 1030
155 1561
574 1053
1502 1321
388 333
1262 1481
891 1838
540 1848
438 1484
761 1366
1346 1253
154 1780
532 1100
1719 327
72 672
1882 845
1400 855
1888 1836
554 1432
886 763
1130 1840
1247 817
1675 248
852 497
953 1320
963 619
606 947
647 50
943 1273
1884 298
1622 1025
590 571
74 1390
589 1797
1920 1621
1507 457
1829 1282
748 1886
798 1072
993 990
414 1725
1264 663
1864 1090
399 1685
1307 259
423 355
596 1147
1113 1276
1599 151
1500 1064
1121 754
475 1820
684 901
320 1171
75 604
1660 1881
649 1575
1778 847
851 1784
1646 123
498 1332
1267 1127
600 101
1584 321
773 299
276 1453
1390 680
77 373
78 1222
990 196
341 251
677 1789
335 1283
1250 1125
1716 770
951 1244
653 561
249 1032
582 308
1032 1082
1375 940
1841 1680
80 839
327 1904
487 138
183 1798
503 1826
1707 1553
1242 414
521 1389
925 400
81 1339
1340 1486
476 1237
83 996
275 914
1607 442
888 578
752 1179
323 1337
1473 385
84 717
1047 1613
928 1119
1822 674
179 44
1511 228
1401 1767
560 1247
1848 318
85 548
795 984
1645 1550
1548 1949
1801 1704
774 1077
874 253
491 1429
1391 1694
89 1289
1862 268
597 1117
1188 125
1099 1884
385 737
1076 354
1673 1628
417 1726
1629 237
369 1172
595 149
996 884
1872 1555
1903 1000
954 661
1442 1627
87 1044
88 436
139 1427
1776 62
601 629
989 425
86 567
1216 14
608 768
1712 1471
859 969
1341 1354
688 1184
1781 1264
817 1494
727 937
1226 1642
1588 415
1202 1707
840 812
1596 247
666 1150
687 1001
1747 440
535 33
1279 1048
1182 1667
92 1233
1838 1823
1394 776
195 553
470 171
877 1139
227 932
187 702
697 1157
241 1042
93 993
1097 804
1330 1640
1797 1363
1317 188
1065 1800
1463 875
659 344
1643 1101
523 1191
1239 1623
210 1805
1412 1463
514 1632
434 1126
1116 420
827 250
333 204
1775 642
1352 541
94 99
1189 1242
110 1261
1832 1902
1910 1609
772 606
96 1391
389 139
1553 1309
1758 141
1881 1714
906 134
1873 484
95 92
97 615
660 1383
153 563
970 639
1742 1368
939 1252
967 823
425 1678
758 1593
1144 215
1109 512
755 1022
99 29
1150 487
1690 1066
223 938
209 1812
713 362
931 813
1625 407
1897 1132
437 470
340 1534
1303 164
946 1350
102 428
1482 1130
1040 202
1234 79
966 263
1691 389
955 1867
1464 1716
1686 1108
103 511
232 1828
834 1736
314 153
268 161
1062 1148
680 1021
104 1155
180 1595
1900 1411
895 1795
828 954
1083 358
1388 943
1826 201
1236 819
1814 12
1459 1240
1683 1281
980 378
1439 1824
1155 433
1837 187
1069 757
1559 904
1172 1239
160 1668
1705 1225
1812 130
768 417
1682 1802
793 91
717 423
753 1675
1261 34
108 1398
109 1603
229 684
1506 1912
1389 673
960 878
1735 1590
506 1548
1365 1070
902 220
432 803
111 1857
622 794
1573 1118
1927 693
360 1019
819 1760
921 936
1221 1887
932 1459
113 1396
1871 1919
1022 882
799 1858
1421 1687
1292 1586
1437 1673
237 1006
1146 449
190 562
1268 1579
1298 325
1404 107
114 982
115 375
1180 1679
929 644
1930 1509
714 1923
1443 688
1450 739
467 233
1791 376
1651 1185
402 276
1088 912
1371 745
623 909
796 463
1710 956
1489 1927
119 1175
1761 150
116 137
566 6
1495 203
456 479
280 908
382 949
479 893
616 915
199 1646
121 1931
173 294
1259 736
1102 1730
645 1943
122 82
157 667
1788 1115
740 738
505 214
822 589
123 603
278 678
1184 1932
1481 544
499 1399
802 1087
1031 865
124 1356
1360 765
1695 1364
1642 1893
474 1229
1436 572
1497 859
1176 815
524 1596
1579 849
418 1928
1332 1249
760 1272
737 1259
1257 1521
541 1476
1558 1199
1290 1038
1094 1875
1186 1020
1364 87
1807 78
239 1083
1824 262
344 58
1045 1835
270 1656
1869 1644
1192 1745
128 116
137 267
247 1557
176 1843
145 1666
1258 1152
1891 1151
126 54
1620 1741
1478 1657
603 1563
158 1296
293 1384
131 1008
1235 868
771 1226
1517 1530
325 453
1167 516
1808 140
1115 853
200 1460
132 1373
1070 1302
1253 1781
765 741
1277 1924
969 1584
1053 1315
1260 1357
1318 1435
1594 931
1846 1248
134 1045
1024 1703
1809 1587
1455 181
1241 1358
1768 1202
741 832
682 1698
1003 698
736 676
869 636
481 1547
1637 1428
1554 133
1804 341
324 1334
1890 731
1368 1210
138 614
556 1425
365 533
695 1671
610 1570
1766 1138
992 312
140 1266
814 856
689 926
403 60
141 464
1815 1129
927 226
1466 658
1537 1011
1581 1847
1025 851
667 394
565 1245
457 920
1197 1112
1014 381
1431 332
143 1913
196 1346
1008 1647
1665 752
1149 862
1568 1764
885 47
1677 465
1541 1299
536 1636
1344 160
617 985
144 1015
146 1942
1379 789
1924 84
986 942
913 287
305 183
1923 1409
1591 273
1282 1231
1702 1078
1295 1618
604 1791
147 1832
148 1412
549 1094
1623 641
618 861
1093 1571
1694 595
188 1234
1353 746
908 751
1407 1589
452 825
150 371
364 1214
948 295
1939 1405
1135 549
477 569
1196 1821
1263 1556
1860 1341
390 1005
1852 1558
152 186
1762 22
510 353
391 538
1513 1552
685 568
1252 1777
435 1617
1698 1388
983 292
496 261
250 238
1378 758
400 368
1140 1688
656 1099
238 437
294 919
887 1485
1652 1682
1783 718
1304 635
719 537
1328 583
1913 734
159 1510
1751 574
260 532
749 828
1085 720
445 1327
855 809
1567 395
286 459
1095 1786
501 5
431 481
1516 916
282 1065
430 587
1906 1488
1626 1124
1071 176
312 586
1026 223
703 408
612 600
497 960
164 1
165 743
553 1465
1323 1554
213 761
166 271
1703 314
1449 416
1911 360
809 492
693 1269
1825 310
1030 1378
1108 23
1619 764
167 9
1369 697
871 68
170 1445
870 1092
633 713
171 1859
1734 876
419 1456
1266 1663
1580 1779
172 179
261 1776
807 664
1171 1594
787 1394
1616 748
1145 1883
1043 750
605 1158
353 1855
1681 935
1731 1758
245 364
175 976
791 57
722 820
1096 881
860 1702
1199 1142
1433 1614
821 1535
1672 165
1090 837
1715 301
1718 1421
1827 286
351 1728
1667 1713
1916 1634
1249 1715
1147 1104
1334 284
1413 1664
1056 76
1229 1649
835 297
1474 973
181 1592
328 624
1836 1003
1411 534
784 1441
182 18
957 1422
725 841
914 1719
1621 1810
1068 1643
1711 634
971 10
1050 1878
1006 547
1060 509
1878 1724
258 1123
1560 1505
1893 1200
1578 1114
1057 227
248 1524
625 1677
636 501
186 1651
409 1462
494 1799
558 1007
720 1926
366 1420
1887 1212
1376 377
1630 307
1708 685
1420 272
189 1267
543 1406
284 404
1678 581
724 1061
679 46
1475 1413
274 961
1898 1692
1901 616
1905 834
1565 468
1156 1825
1926 269
868 1256
1432 1268
224 1402
192 662
193 1581
216 808
1005 1168
1733 1160
1055 686
1037 156
283 1469
1765 1277
1106 762
1324 1737
427 727
288 1844
1419 1443
394 657
440 1872
1457 974
343 756
1227 1925
898 854
936 946
1383 336
894 1235
1440 939
442 671
1676 611
1889 1822
1395 1654
1251 1468
201 278
202 1096
844 255
462 1513
942 1564
1728 838
204 719
1865 89
1484 491
864 254
790 1250
626 1323
205 367
464 860
1248 1511
1821 1301
401 1529
911 49
206 970
1039 1203
1021 21
987 1263
1103 264
208 105
1049 1533
1563 315
1859 1790
1786 1436
1465 1311
1583 493
1782 1442
572 1176
263 830
619 1773
879 1905
235 1608
1520 135
745 843
1285 598
863 519
712 1089
1207 1002
1343 1046
211 1938
1480 1207
1726 1837
785 1397
1843 957
1373 1752
461 1479
1255 1377
1338 1701
1638 1349
552 285
789 1672
977 1228
1206 725
428 523
219 669
639 1731
357 7
384 1869
1819 852
507 282
220 740
1494 1793
716 522
576 1585
221 1487
1854 27
1526 692
292 1759
251 392
489 1452
512 925
234 1145
1483 1434
1027 1458
225 155
571 1286
824 714
1785 461
1861 1566
228 867
1813 1144
1469 55
728 455
733 1438
1839 706
1392 1845
492 1303
231 1246
1168 213
1288 413
1325 447
493 432
642 848
1011 1695
804 351
411 1058
764 1771
1680 1062
1418 200
1504 387
1655 304
896 1154
1611 1774
912 486
1132 239
1384 1164
763 1387
1615 1450
1372 37
686 1304
1519 977
1312 97
1654 1173
1503 1929
671 1662
1727 1498
872 1017
1154 805
1523 1756
800 1753
1510 218
588 527
1233 1230
331 781
711 1470
243 1738
244 927
1275 40
555 64
1721 1706
459 1816
439 172
538 1497
1674 526
1527 1342
1810 638
1289 887
546 1531
1209 618
1805 452
329 709
935 885
1704 1208
1525 840
661 1696
349 1499
918 1133
981 1580
917 1080
522 1940
1551 1374
1628 842
1220 98
1072 1661
1308 1948
1907 51
433 224
1092 753
1919 1749
1112 357
1041 668
1183 240
1934 1559
254 208
707 1181
1084 1467
426 1689
1321 256
1679 1279
256 1444
406 966
1023 83
1170 1047
458 968
257 106
651 1085
805 1251
266 999
1529 434
1879 524
451 952
1137 485
726 1868
1928 1909
410 435
367 981
1858 576
956 857
1749 409
398 1156
262 795
557 1360
630 1528
395 1287
346 241
1273 1898
264 1712
1610 1180
922 1329
1556 975
1198 1819
788 621
1447 829
573 687
265 1141
1452 369
581 383
269 1009
1687 827
1175 1500
307 833
1800 148
1434 1900
1557 1379
271 67
272 1343
1152 886
1647 955
531 1224
1314 987
453 1347
1228 1205
907 1012
1572 1055
1354 1136
1224 1016
585 1084
858 566
277 1577
681 1074
285 545
1564 721
1326 1361
1522 173
1688 1034
379 347
1427 1353
829 343
279 1324
781 136
635 189
1540 1562
281 1220
634 1098
1087 103
1521 1221
1015 989
1491 1018
638 1111
1609 1369
1217 1371
361 205
801 1419
975 1395
632 967
1738 651
1066 552
583 613
1271 1620
483 1801
972 462
1377 1163
607 869
289 1292
1179 177
1908 694
668 1367
303 921
448 302
654 1599
1552 1757
352 1693
412 1619
904 245
715 1769
1162 1262
694 1227
1767 174
1894 111
669 144
424 1424
545 707
1895 32
296 217
1740 1700
471 900
876 382
1386 1652
662 66
580 959
1337 1783
880 128
354 1196
408 1830
938 80
961 77
300 1937
302 1335
998 498
310 424
1847 1219
1569 1059
304 1183
1753 277
1232 305
1128 182
1161 1787
1265 56
1136 1338
1849 1916
867 1238
1601 1507
730 257
1424 1004
488 1081
674 1178
306 1670
308 1054
1763 1582
1562 590
1331 430
900 1333
1231 1408
342 2
721 1538
979 147
1406 1407
311 411
675 1761
415 607
577 1860
883 963
759 1280
1632 1626
441 623
856 121
968 924
842 290
701 797
315 1709
1650 102
897 1578
1370 1031
495 1610
1603 1284
1857 1742
527 883
1634 460
803 1143
1570 858
1000 1850
1169 1403
1929 410
621 994
1750 230
658 700
1448 119
991 288
371 94
591 991
930 1815
1245 836
579 1841
1787 528
326 25
1693 1681
1374 1474
1203 1010
1415 1189
861 1920
1670 677
486 418
1543 793
1624 300
1724 786
818 584
783 565
1270 1882
1451 170
1818 691
1309 1766
1592 1297
853 70
1350 596
334 510
336 980
1396 399
1706 426
1174 514
338 246
1550 303
602 1392
1190 1870
1456 363
373 995
1912 122
1117 650
1737 1416
348 1809
1366 898
1081 185
1082 65
347 728
446 1174
857 1650
754 1345
1362 785
1339 1890
1177 96
698 821
472 778
537 1035
933 30
594 1631
1530 52
1585 1401
673 1052
757 646
1604 219
567 1532
368 93
1001 1482
778 986
593 1385
1571 1569
1471 401
1933 193
372 1308
641 582
832 260
672 774
1315 695
513 679
1802 81
644 72
1153 42
1077 1734
378 162
1589 645
893 75
1052 1871
1699 682
1461 1027
1925 191
770 289
1771 293
1546 1611
1281 535
1842 1543
1561 35
1402 448
1301 773
750 1029
1064 1691
383 117
1780 964
1793 1708
1004 129
1877 653
387 1492
490 1102
1486 319
1059 1772
1635 1023
1313 933
1834 1400
420 1024
708 810
823 63
1349 1629
1028 1243
1425 880
1086 1290
1492 1748
920 1473
397 791
1789 551
1428 388
1659 475
469 1423
1194 1106
1743 1352
1754 612
404 178
405 1306
629 1914
1007 1888
407 500
1213 788
1835 1380
648 1461
1614 1103
926 1873
569 398
892 209
1126 1294
1208 1271
526 249
1051 361
416 1933
1485 1806
1329 1095
903 69
958 504
1729 729
1283 1328
1922 1393
1380 192
848 8
723 1165
1367 632
1586 16
1663 1517
843 906
1302 1489
1358 1522
436 816
1909 1209
1830 1720
762 1739
1074 1190
1662 1348
640 1813
1644 243
1100 515
1508 1827
1166 775
1851 610
447 1177
1211 1439
509 43
1685 660
1784 1612
706 1105
1536 1491
575 760
598 229
1488 1455
1403 918
460 451
978 1211
1648 346
1035 716
466 1036
1357 356
738 824
710 473
1574 1947
1201 1026
1514 870
1142 1472
1602 1362
1034 1935
862 944
1476 1814
965 28
1214 1501
899 338
1119 114
1528 1934
1409 104
657 517
833 1880
984 222
504 1901
1246 1495
586 1278
786 1591
1664 703
542 100
1075 1305
729 1457
1013 1014
974 1910
1769 1049
1524 1946
1219 1727
1870 1217
1796 783
988 330
1777 928
731 1107
1886 159
1306 627
742 41
1892 1140
670 1854
1518 1922
539 270
544 1921
1498 715
1042 585
1531 1477
735 1648
646 1526
1038 1892
1133 1131
732 934
1587 88
551 1523
1631 1630
1904 767
1496 175
1311 126
1143 518
559 864
831 242
1590 466
1393 1723
1181 1182
973 328
766 1410
1293 1195
1844 495
1820 665
1018 1223
1191 1166
1138 705
949 689
1405 1520
614 61
620 962
1054 1659
890 1602
1256 1907
631 1705
1600 1879
1668 902
1187 554
1012 1506
1850 1732
1244 1699
1316 1622
1532 850
655 1170
1790 1146
945 602
1533 779
1139 1600
664 800
665 494
1549 620
1320 73
1501 1426
1240 655
1361 1433
1134 625
1730 71
1700 1331
1566 798
1356 1446
1746 370
1348 198
882 4
1310 1218
718 742
1770 1796
1079 1751
1764 216
1593 1121
1272 1811
1002 206
1605 622
1127 1655
1036 406
1111 529
1794 1856
808 1192
1669 1128
810 941
826 1717
1417 1375
1205 1274
846 1319
1725 1051
1539 1765
1535 577
1555 1043
1732 1291
910 1448
1210 1295
1817 958
947 1911
1446 733
1058 1525
1195 244
1709 352
