0 330
2 588
3 888
1897 1530
4 1544
1896 855
5 444
6 1699
1894 488
7 1606
9 1202
1891 1751
1888 1247
178 749
374 432
737 899
622 710
1348 789
1267 1169
1147 1234
110 663
1786 101
436 1229
1 1268
1899 1187
1898 968
1895 1471
1893 1729
11 961
13 1152
1889 1163
1597 1571
1014 549
885 1613
455 1121
1178 510
1495 1888
10 1718
1892 866
1717 11
168 124
1170 1280
1286 635
710 1830
920 1365
603 391
1000 1638
15 1598
1137 1616
1290 1706
1087 701
1701 1287
923 892
381 534
8 260
14 876
16 736
837 616
1026 297
1880 467
1615 595
1640 286
1712 1037
627 1734
67 1825
1467 105
1327 100
12 308
17 481
1594 757
1445 1508
908 1418
255 268
845 719
1261 721
1765 1331
515 1396
18 373
106 1410
1289 931
1476 140
748 867
389 259
1759 53
19 359
690 1111
256 685
69 1024
1788 764
1167 317
376 1629
1410 990
1661 717
1515 396
358 930
1781 1322
780 1465
1012 1649
21 1468
344 1341
865 1610
650 428
1265 1479
1523 1777
757 500
92 979
1513 1431
766 1441
22 1100
1855 1297
534 758
570 1227
1114 1327
20 377
838 1595
1546 582
1027 281
548 209
1586 439
1029 293
24 1581
1503 1605
942 558
448 794
843 1302
1150 1680
960 873
1203 917
1008 1222
1056 394
1762 1390
1365 692
1498 450
1228 1755
25 1146
26 1770
1768 1133
825 691
1079 1867
1671 1463
1618 165
1436 521
432 1736
76 551
1181 1714
1687 1890
1294 677
1839 1564
900 312
939 44
562 783
1654 627
1683 1412
1073 414
28 957
291 1599
1347 288
427 516
1398 1259
1852 875
86 614
27 1566
30 727
1856 226
709 185
1774 1429
618 114
271 372
134 686
1560 1383
1646 1820
1772 1058
23 242
1866 1765
1295 941
1534 760
331 1786
1047 1486
31 230
449 564
954 1789
617 1029
758 1731
1885 445
29 474
32 1658
1871 395
1415 735
354 1653
1734 1794
33 1462
34 1753
459 673
57 1449
148 1657
1524 1275
775 1334
1533 1570
1846 517
624 828
1320 1087
814 973
387 1797
96 1178
1494 839
782 625
281 914
314 1414
161 1669
297 294
643 1724
918 530
863 291
1296 1117
35 220
877 67
896 1704
423 1886
914 246
208 511
1588 1523
36 1115
37 610
38 730
212 538
1844 929
450 1168
163 642
1798 1839
1350 1847
1017 541
39 456
728 1614
665 135
1482 1546
1890 355
785 539
683 453
343 1291
721 854
1330 1349
822 788
689 1641
1281 902
40 774
1036 302
841 1408
1725 1286
272 688
666 24
1553 1427
1828 1350
1241 1597
305 786
1109 1417
1505 356
1441 669
1422 1710
483 1764
41 1804
783 271
308 85
1887 714
1685 1884
1095 646
42 1388
44 1769
1854 1640
70 1085
258 493
1655 514
506 243
89 987
312 1810
798 484
1585 29
1462 1602
917 191
836 224
1098 346
45 707
1716 1498
351 1056
472 1001
103 249
1141 1386
1424 8
1555 443
43 818
162 186
409 1238
630 1128
267 273
1242 1159
349 1537
1157 965
451 1655
46 1440
47 1068
48 1267
1379 629
346 612
834 1673
1823 1359
941 1347
174 1563
866 1882
928 1860
1770 880
105 1174
873 528
1139 1812
50 1608
594 746
735 250
1028 643
1518 1241
337 46
49 1190
186 1363
1530 64
311 1422
420 776
392 339
485 753
1510 495
1088 1896
52 1536
191 1451
463 1509
1366 1809
213 1752
894 1656
458 1306
1196 255
51 1738
53 578
1766 1816
310 751
1122 1525
554 887
806 178
54 1651
612 732
740 49
1642 572
1617 1282
1084 579
55 203
150 385
270 25
957 608
940 575
1875 1472
550 1470
1697 737
1463 1144
1886 1419
231 380
600 1198
1007 1409
1684 1474
1520 342
1572 1762
1502 836
739 1075
193 631
466 666
286 112
1269 790
1034 775
56 1270
58 299
874 280
968 415
1870 476
801 93
662 1768
1361 665
59 1271
117 261
1257 864
124 1298
1041 96
1431 682
1705 591
219 1512
61 1189
93 412
228 535
1173 1481
1054 90
1025 1205
62 332
246 306
1102 146
1858 1518
60 827
429 244
1800 1495
1694 1420
156 1206
210 1153
899 329
1177 563
63 1735
1816 924
522 1257
1285 501
1272 756
64 295
65 1102
253 0
1435 693
471 1591
66 713
1081 1057
247 1547
809 1423
948 1843
1323 526
1408 1499
546 460
653 725
1747 358
68 72
1496 369
1396 963
1065 1818
553 28
109 1217
130 698
1876 1199
790 27
724 204
1477 52
217 1644
419 697
1236 1254
803 1585
1206 959
1340 1112
71 1395
589 59
116 1796
1339 1594
99 360
966 1685
1023 1494
1735 832
864 1301
1711 894
72 1072
240 895
523 716
1055 900
1374 1022
1851 838
261 562
962 1635
73 515
1303 130
1071 196
732 553
74 759
1312 1074
1508 1560
1116 911
1769 639
770 1539
1278 1328
1727 32
903 802
176 1467
75 767
1276 1151
1038 1277
1113 292
850 840
1785 903
743 256
77 690
413 352
1409 319
1814 696
78 1775
1099 618
1838 577
494 36
746 1772
79 1554
967 1137
1521 842
1030 419
128 1506
1336 1012
1647 1690
275 1665
1820 478
332 480
1288 1866
1171 1003
1879 1576
1092 416
542 378
80 1011
82 723
1636 334
883 1416
1480 1196
545 507
1078 799
842 236
520 1790
580 1835
779 164
1321 529
1883 953
81 149
889 300
417 1403
970 353
1331 1454
984 1832
414 509
85 597
333 1091
254 1851
912 921
83 1754
1264 23
1662 108
1845 891
1302 325
84 856
727 826
1357 248
1719 1705
1682 1877
1848 1027
1240 1368
87 1760
88 1186
1608 964
519 1355
138 722
243 1473
1388 1783
1663 1819
607 1522
1832 1654
658 1389
1104 1634
764 1444
90 354
1097 861
693 351
1283 75
1882 956
279 1311
1145 621
1680 928
763 1437
321 142
616 1101
973 19
1867 55
1367 604
152 1667
510 1043
1013 898
327 1436
91 1285
1015 1078
315 841
1076 1773
703 998
1184 1870
422 705
568 1742
290 1836
1771 207
1614 194
94 1840
95 1617
930 986
1021 1200
1630 834
615 791
405 187
507 1134
1305 909
477 21
97 949
713 218
599 982
1194 1450
470 552
1205 1553
393 1580
1072 831
98 1457
242 30
769 1149
644 1864
722 1526
559 257
184 1424
1568 1793
425 1351
1220 1875
1412 1019
408 532
1420 568
1403 1079
100 240
1743 955
326 1090
1490 603
609 792
670 711
645 88
1631 483
835 513
1075 1455
159 276
1313 742
101 1683
1082 1630
584 1433
353 198
1380 1161
1426 1345
558 504
102 427
1237 970
1545 221
250 1059
1243 1627
123 1856
1674 1025
334 1251
104 1338
1703 1879
293 1842
316 1183
442 1749
1121 885
555 771
214 858
1812 1600
1297 596
107 393
108 199
1657 683
1429 557
1650 1805
696 316
155 1781
1292 179
1623 1791
980 1659
807 38
1077 106
190 1155
1353 796
300 1883
112 704
236 1214
215 848
956 125
111 896
113 62
462 1385
530 470
461 452
1207 801
1782 161
799 1405
1465 851
851 967
1558 1579
1418 940
691 871
804 654
1218 1458
1210 1761
1514 1140
115 1049
953 816
1132 933
1830 1143
1326 1612
566 442
457 977
593 1147
285 95
1033 1207
686 285
1392 1300
929 958
1101 1823
1341 882
421 1203
1611 1272
1501 1052
479 1023
368 1346
114 1784
119 1584
1216 1831
1809 1873
1863 1687
1660 1244
120 996
1612 31
681 104
528 922
1333 525
118 116
386 99
204 626
1606 1675
122 847
921 860
1090 508
1659 422
741 1201
430 1330
121 1042
1273 748
1136 1426
1656 1779
1001 798
961 1324
453 60
1108 14
791 782
1773 1438
1456 158
126 1871
340 1516
1713 247
127 1326
1620 12
1460 1021
949 659
1224 1447
1143 1626
125 853
795 1250
1304 1442
336 153
158 1197
1123 951
932 817
1386 195
166 340
1629 1047
525 219
348 1218
1537 1865
846 653
1853 769
140 290
129 1482
131 755
1024 993
206 1220
482 205
1726 1535
132 984
1345 111
1387 388
1164 989
1665 1308
1359 466
135 66
388 404
266 1065
1044 1759
133 886
136 1691
556 1246
996 1758
646 1837
1377 1315
1840 1592
852 804
252 772
137 1662
738 1320
1754 536
1188 227
1511 1054
590 17
971 472
639 328
931 1252
139 110
1049 479
141 1099
1601 1098
142 843
750 83
1472 835
143 664
1690 1156
1166 1798
395 168
144 602
239 1813
180 1032
549 890
751 1889
289 905
1395 1219
538 1542
1587 1397
1235 497
719 337
145 326
146 1038
1833 1529
1433 169
147 1603
1135 6
205 1415
1486 1195
402 1573
667 1269
1268 1305
729 916
659 1858
596 45
149 975
1829 1165
151 232
1204 1036
1245 1179
582 829
1649 371
557 1332
994 1413
641 945
154 1611
1689 307
514 120
536 1171
777 598
1043 1192
1693 543
1744 1325
280 718
1789 547
1118 202
1860 1288
1423 1828
934 457
1009 1313
1884 239
153 283
1263 1374
882 926
1394 1846
1479 561
157 1265
438 86
179 1648
1158 379
867 162
692 1050
1639 920
833 1017
1180 863
697 548
182 638
160 1008
610 303
416 172
997 1484
1035 1216
1144 649
227 433
1707 349
1625 544
1096 1746
1133 277
411 636
320 368
829 1318
165 1310
1803 645
164 1574
1064 1256
1525 594
952 556
503 1643
1112 399
167 1827
1795 233
1834 361
1328 1863
1318 619
1552 1628
1067 435
169 471
1805 1485
605 275
359 1401
1115 1379
1199 1082
1440 927
1399 1274
1346 498
768 1262
170 874
1574 48
595 1787
1741 761
907 265
1004 1005
171 1223
1260 1785
173 322
1117 331
1475 22
1590 437
443 296
1509 1148
1309 1743
1239 1016
175 637
631 1723
911 1083
608 1524
318 413
1564 1319
705 152
172 821
370 1650
712 657
1232 1561
177 1520
1686 40
1271 809
1233 1854
484 1855
1217 1800
1291 69
1757 1590
1211 147
792 304
1052 189
1159 1476
1362 1425
1506 7
1670 430
1648 733
181 1862
736 1668
1310 1292
1794 1337
1050 879
264 33
1641 58
685 1204
1746 1281
230 606
183 84
1200 632
185 157
606 1114
1634 1067
1543 814
543 1763
847 1686
925 1703
676 648
1172 473
1174 709
1473 1293
322 545
778 1636
872 182
1405 1123
486 127
1060 175
1315 1428
1528 1376
755 174
1595 417
188 1859
232 367
189 1066
1810 633
187 10
197 988
1130 1046
715 1850
500 1028
317 403
373 115
1373 1188
1338 217
1397 1248
1821 1193
1466 1260
194 912
1324 740
241 376
979 492
299 850
364 1088
1458 1712
1626 837
192 1841
1032 440
905 267
248 266
1526 1565
292 1713
195 640
704 1071
1142 61
586 274
196 1489
198 824
1414 1452
435 1501
906 1815
1254 1309
200 238
756 942
1548 950
714 1370
1343 820
199 923
910 1826
1152 1170
1583 180
1378 284
203 849
901 655
491 1387
330 1253
202 613
363 1558
655 1377
1529 208
1455 1808
201 402
1864 1733
1421 1453
1824 1531
207 1191
870 630
1783 1504
1571 1145
619 1013
848 144
991 313
1020 1642
773 567
209 406
965 1124
1300 1745
1485 4
623 1060
1796 1
1048 1108
211 47
572 680
1094 1290
1444 1233
265 1031
1447 1044
1755 1881
287 670
1591 1245
1307 1893
733 1534
749 1182
855 1528
1778 1367
976 862
1582 1601
859 251
1221 777
1384 946
404 1141
587 1491
1010 287
216 448
218 915
366 9
1752 121
1011 87
1638 1663
1645 1406
702 136
647 1666
858 1607
220 1483
518 576
489 865
1198 1077
999 1033
378 309
307 1543
222 122
223 599
1677 310
221 897
224 1496
225 1181
360 1127
468 348
815 870
226 1289
295 770
1598 79
1567 213
1628 1583
547 1619
533 634
1714 1185
950 225
1776 1646
1192 89
1432 934
1667 1645
1849 1404
919 485
412 1596
861 16
229 1464
1022 765
789 766
936 1357
1176 785
1599 1080
233 1559
1080 258
916 872
1516 1303
1162 1261
812 1880
379 1177
1085 1521
234 327
884 744
1393 1456
441 1861
830 1891
1784 235
237 163
1461 1549
235 1633
1679 1895
1103 1852
581 254
495 689
1653 741
891 675
1230 586
1652 647
238 160
1125 1278
621 908
1186 1062
313 1443
992 347
886 80
1470 918
273 1807
245 211
347 868
527 609
244 1448
1464 1106
1831 1160
1540 520
787 550
383 992
249 574
1877 1838
339 1064
444 141
319 1572
711 533
1443 1624
1484 684
1111 1394
1197 1279
926 1105
251 241
426 1314
1319 1061
1605 103
1678 1089
439 739
1363 1434
1589 183
844 1070
677 660
577 119
673 475
1214 833
1016 810
398 1132
487 672
633 51
1154 499
1454 387
504 252
257 1739
951 1670
1550 1726
1457 652
259 728
1051 807
382 390
465 806
260 605
1672 237
578 1109
276 1048
1337 881
262 389
263 1221
1110 1782
1138 461
1229 1119
1270 1380
1255 468
1413 797
1635 1461
1730 190
995 1039
583 1702
268 1361
1720 206
269 913
1438 1503
723 1020
1317 1676
375 1312
540 1344
531 1538
1666 1375
1745 1741
1182 731
1474 1335
635 566
1535 1004
1042 82
362 423
1728 465
682 228
274 68
1156 1519
565 974
1419 463
1576 150
868 436
730 455
786 145
813 1034
759 787
277 1555
278 1885
1724 1488
1600 1845
385 1817
1872 747
1332 581
1792 1507
990 383
629 126
282 1487
1381 884
1107 5
592 712
1512 1771
283 518
1066 1552
1383 620
1531 1708
1837 1527
478 1502
1202 459
817 617
284 35
1742 78
752 699
1244 555
288 1162
564 944
716 231
1790 279
800 1081
818 1639
802 1120
1019 505
469 1164
1434 109
1736 966
1179 650
294 1369
695 314
946 852
983 668
1061 815
335 43
394 1695
1335 641
1006 571
296 170
298 1652
1581 323
1750 1372
1334 750
1165 264
1843 943
808 1637
301 762
302 305
1715 1857
1212 318
303 1055
1850 1682
304 1180
575 70
1089 859
516 335
656 129
390 138
1761 1681
661 1439
1797 720
725 1586
762 1577
424 1435
309 1604
938 1295
1063 418
796 1694
805 365
539 1515
493 1400
306 1466
1100 1139
588 81
788 1231
1124 1073
1189 1176
1370 907
793 1622
481 589
744 1748
1815 1778
1234 1692
628 363
816 1824
694 1844
1127 1142
1259 1258
323 1660
1627 1477
511 449
1563 734
797 936
959 883
1708 1014
1058 447
1161 1018
1282 1892
1593 1899
579 13
684 624
324 262
1284 729
1277 338
1579 298
325 678
1637 954
356 1833
1722 1107
1040 972
1385 1095
1231 960
529 1225
328 118
1225 1157
840 1511
329 107
853 1623
1825 679
963 92
1400 366
1446 1728
480 1084
1702 1460
1248 171
1596 948
1551 210
1554 1480
1577 585
857 1094
614 301
602 1740
338 1589
772 1672
1862 215
1811 768
406 39
1801 1273
341 1051
1676 421
475 1158
342 1209
826 502
915 1750
1126 1664
1329 1806
1791 681
345 1150
1391 1514
573 878
1624 658
1428 1224
1813 184
350 754
1354 491
454 1166
352 200
1696 1240
464 800
879 1184
821 971
828 1609
1382 282
1249 429
1507 1700
355 978
380 1255
357 1802
1609 1167
699 1391
1787 411
1604 34
700 1093
473 726
881 1721
428 1215
361 503
781 706
1504 745
832 201
1868 375
986 583
365 272
1416 1154
524 1364
909 1811
1861 1445
367 139
1325 1744
1425 1392
369 1575
1748 1878
371 1432
1093 997
1037 278
372 269
502 362
678 132
1760 464
892 983
1191 662
1258 1211
377 113
776 565
1488 193
474 486
1718 1009
1149 580
1148 985
1226 1693
981 401
384 559
820 458
1538 1541
1389 1776
551 1393
601 687
895 321
985 540
532 822
1731 154
1487 906
1491 1562
726 345
391 37
753 607
1522 1469
396 869
1607 1803
1306 976
397 333
1390 1339
399 1582
1316 177
400 991
1881 1213
922 1674
1756 159
642 374
401 1774
1570 1490
1411 1500
403 1557
1298 1126
1349 384
560 1343
1299 1540
1499 1621
876 803
1802 695
784 1125
407 63
669 97
862 1696
1069 1360
1376 1569
1351 1113
410 651
1417 1371
1287 1898
1364 405
1469 489
869 1684
1293 1228
415 2
1721 1242
1616 901
1448 1421
1580 793
1193 1096
688 560
1185 773
418 94
924 270
537 999
1183 1035
1005 952
679 1336
1018 1366
904 381
1562 1632
1740 137
1561 426
1450 1399
431 1868
993 494
1308 482
433 1086
434 1430
1279 981
1059 1053
1681 611
1481 357
1664 519
591 939
437 1321
1573 1625
1859 1720
440 1304
1280 1821
637 128
1163 123
1621 74
446 76
1541 234
447 245
913 343
445 336
1046 477
651 584
1857 173
1057 667
625 904
1358 1342
760 1725
839 364
563 1015
452 1849
1238 1041
456 715
1559 1766
544 1122
508 644
674 623
1739 1587
1691 98
823 573
1675 1620
460 877
1246 784
1699 805
638 1709
1483 134
998 825
1187 1834
742 546
660 1588
467 676
831 531
893 523
632 889
745 938
1247 674
1311 1697
1777 469
1644 188
1695 166
854 1103
1710 512
898 1767
1427 148
774 1737
649 156
1527 1353
476 1822
947 708
933 1006
1749 1208
1253 1136
1780 738
512 1548
663 420
1806 431
1437 1872
964 1110
488 1801
988 1545
1779 216
1275 462
654 197
982 1550
1865 214
490 91
1753 50
1129 229
496 1510
492 1795
497 408
1822 1118
498 778
977 656
499 1876
501 1299
1372 1362
1068 694
1250 1333
1471 947
1835 41
505 407
1002 1631
897 1340
1517 590
878 1716
509 522
620 487
1175 71
513 102
943 569
1547 167
552 962
1557 1661
880 1354
1360 1175
517 315
1168 925
521 1493
1584 1092
1817 1210
526 1276
935 537
1195 1239
569 1283
1723 155
535 830
1404 1402
1401 763
1371 425
541 1533
824 995
827 795
1651 1677
1106 1348
1190 1045
1842 77
1497 1076
969 1727
1449 524
664 671
626 969
1355 1381
1223 1853
1706 700
987 133
1140 26
1819 1411
1622 1237
561 400
849 935
1808 73
1209 702
1841 1104
1452 811
634 1407
567 1384
1451 1352
671 263
571 1894
1673 18
574 1756
1592 1026
576 181
1519 846
636 1707
720 601
1251 1747
585 1446
1213 743
1070 1647
1442 496
1439 1532
1836 424
1492 1722
597 253
1818 1230
871 1788
598 1130
1793 1517
1219 1235
1549 392
1301 131
604 311
1369 1615
1105 397
1668 1475
974 1829
680 1172
611 857
1086 1249
613 781
1767 808
1807 1732
1356 451
652 661
1169 506
888 1000
1227 222
1874 919
1619 1007
1039 1002
1478 622
657 1030
718 289
1074 57
640 1869
1252 490
890 438
1119 1329
648 143
810 1848
754 1236
955 1618
811 382
668 320
1031 1116
1342 910
765 223
1751 42
707 1887
1407 1317
1688 192
672 932
687 592
675 1897
1500 1593
1709 1316
1322 1780
1775 176
1826 980
1274 1671
1489 587
1045 779
1733 54
860 1307
958 1715
1556 1478
698 370
1799 1701
1565 410
701 1226
1692 1264
706 1556
708 1212
734 724
717 1719
1459 593
1402 324
1737 398
1134 1097
1764 441
731 1757
1430 600
1704 813
1602 1505
975 1799
1352 1173
972 386
1453 527
1151 56
747 1698
1160 823
875 937
1575 1398
1847 1688
761 65
767 1373
771 752
1262 1814
1468 1294
1083 1492
1827 1459
794 341
1131 1135
1368 1382
1566 994
1146 703
978 151
1053 1578
819 1497
1536 615
1208 409
944 454
1375 1263
927 1129
1344 1296
1406 1284
937 844
856 117
1869 344
1215 1679
1542 1678
1603 542
1153 446
1120 1194
1539 1266
887 1717
1532 554
1758 3
902 1711
1062 819
1610 1131
1091 1010
1222 1138
1873 1568
1763 1323
1669 1792
945 1689
1128 628
1732 350
1878 570
1544 212
1314 1232
989 434
1493 845
1729 15
1003 1243
1700 20
1738 780
1256 1356
1643 1730
1633 1358
1658 812
1578 1513
1569 893
1804 1378
1155 1874
1201 1567
1266 1063
1613 1551
1698 1040
1632 1069
