0 900
1699 1530
3 1161
5 1234
1695 743
6 110
1692 117
1691 510
1690 1052
178 731
143 1250
407 844
392 107
209 1282
80 1373
785 121
43 708
874 650
1607 1593
1 1178
2 798
4 1093
1698 532
1697 1258
7 584
1694 396
9 565
1693 674
11 1590
1566 318
1665 1151
781 869
853 1033
362 11
1140 1296
1079 270
1696 186
10 978
12 149
78 1210
331 585
1312 817
439 1156
1487 825
432 701
536 999
569 722
703 908
1153 546
1687 1686
1509 454
233 1509
134 389
367 1589
1470 617
1269 267
8 173
433 493
275 1268
1213 480
1342 694
643 667
1274 97
1612 1531
56 1357
904 871
1538 52
934 488
13 845
15 557
106 1609
839 1065
1619 1138
54 1007
1383 1476
691 1631
1419 380
498 262
14 38
690 23
1554 1038
102 628
269 1549
414 687
1559 1442
70 1551
696 439
16 939
17 1557
502 781
420 1603
552 44
837 1411
1050 185
779 769
18 1676
369 1220
319 284
1497 1371
1364 644
756 740
1516 841
519 273
617 1079
1225 388
1348 724
153 1028
1197 254
19 643
893 923
305 1450
1182 1457
109 112
1338 471
738 466
278 171
1095 994
481 1394
1472 249
20 1674
825 1246
1652 990
22 1081
1474 1190
1085 1225
1107 329
1573 1610
111 49
125 1605
346 1560
21 976
23 268
1499 290
246 534
164 1483
861 323
802 775
24 881
1240 1208
1302 925
1498 1417
586 1446
771 782
60 158
25 664
709 177
688 717
1007 1570
783 910
1459 1311
505 1580
291 692
589 1607
1217 128
997 663
923 1343
75 1117
1653 1649
218 831
652 312
1564 374
1157 660
685 885
1418 1287
76 1538
27 340
28 75
881 1183
698 456
1209 162
866 1103
376 1612
1576 754
355 1297
26 1126
29 883
294 1550
758 266
686 105
1102 377
474 1181
752 568
969 689
286 303
689 430
89 711
813 832
1473 1602
1196 1404
466 238
1485 395
30 1628
31 699
927 1517
354 894
69 855
1641 506
507 683
402 1273
515 780
33 1537
1295 278
1621 969
713 209
957 600
438 746
1605 1471
958 321
1162 476
1628 101
110 1362
693 838
1299 992
435 1000
32 1039
34 164
35 605
1043 229
557 302
1051 392
1239 1241
749 937
486 406
208 785
906 1568
1284 1121
1351 1374
616 1668
293 104
1151 1365
801 804
735 450
350 843
518 21
37 1595
38 732
1575 346
241 1542
1622 1036
1670 214
1003 485
1533 1666
232 120
271 251
1158 1641
521 1558
36 424
40 1436
651 1460
1181 830
966 1024
81 1173
388 802
1046 1351
39 518
949 167
149 1327
1649 1688
1286 713
42 1574
121 1199
1560 734
676 1194
1293 1422
378 1034
1048 718
132 1454
252 1683
419 1256
1581 1696
894 1398
671 926
520 1529
1150 357
727 890
638 682
284 1647
41 1441
44 1426
827 858
1309 792
1477 513
762 779
1406 955
491 1553
673 1324
654 1449
1458 127
384 1157
220 1598
607 1080
812 1624
46 82
852 788
919 1202
819 308
1315 15
1574 1293
637 957
155 1489
1333 842
45 783
47 1129
48 211
1327 505
1409 1419
1546 582
641 1209
49 666
682 993
1129 859
470 89
1112 1445
50 904
188 1304
1465 1615
268 1678
1408 537
976 1319
1038 971
456 749
820 376
352 1153
277 1221
1629 371
51 441
473 799
743 773
971 1501
455 453
697 916
571 657
1221 1283
427 707
52 1480
936 1658
955 680
53 1675
457 942
1521 583
482 982
765 140
948 1337
1602 6
972 224
1397 423
1375 1632
1294 1361
1201 1228
737 20
1366 1525
991 1500
1298 1047
55 1510
1044 1252
1285 1339
383 1099
1184 712
634 824
860 610
1345 668
1443 443
1532 1627
1291 1160
669 1235
1030 1070
57 739
279 1410
1399 1265
309 1625
621 1389
929 1499
412 1142
1035 1619
58 147
1200 1238
195 1308
256 327
503 538
160 1095
280 1074
1099 1082
310 445
675 169
1688 1376
1437 1634
59 126
61 58
107 1601
1206 416
1413 1576
793 542
236 638
1127 444
916 525
892 677
62 1464
247 1233
216 1359
529 1578
1272 1196
1290 1281
706 1681
910 762
231 418
995 963
97 991
64 641
333 496
235 1437
1593 962
1515 1559
99 1201
63 1040
563 1469
1635 1155
1416 1463
283 1671
768 431
413 586
970 333
510 750
659 36
65 771
67 1369
356 1247
1108 1124
1422 1067
66 1310
585 1546
564 326
480 1659
467 980
993 1654
613 188
921 199
1372 1375
1404 194
301 556
68 319
556 846
1260 47
704 636
1123 1245
647 138
645 1487
1335 1497
1451 1053
71 295
990 1506
238 285
98 696
1615 70
179 1136
1528 175
72 383
1326 997
1454 966
371 1611
1251 748
901 1185
221 1379
1571 1214
351 967
1098 619
334 1018
1411 803
566 654
1625 170
204 1303
73 1401
74 961
1510 725
887 132
739 1240
1076 179
497 527
655 851
602 968
1555 1370
672 705
1169 536
77 1618
1339 1270
1466 1253
1168 1286
1636 1135
91 469
375 468
200 462
944 1054
1322 589
1414 1567
79 511
996 305
898 394
888 834
366 281
889 1017
1136 878
864 463
523 796
460 1536
911 200
494 1653
1429 767
609 633
1264 1005
408 1200
197 829
684 1412
1138 1418
82 236
83 930
1388 1488
459 460
545 1385
84 1224
1561 434
157 362
85 1493
406 1360
1389 192
381 241
127 181
485 18
528 818
1433 1165
941 14
201 1011
1317 1090
349 84
522 1242
1059 115
1424 1586
1017 35
1042 757
905 787
1502 1565
87 195
508 531
1060 1390
300 403
403 1322
447 113
1094 1298
1483 1223
104 590
1041 258
714 1527
843 288
1462 315
1396 679
780 404
147 593
1585 642
1426 1
1650 240
424 1263
86 48
1061 1378
1205 182
373 235
242 1306
288 71
90 1368
660 1354
335 1300
88 709
967 154
452 686
998 124
608 647
1392 646
1280 1638
198 1651
483 1405
915 1175
1494 744
1390 1003
92 230
93 102
699 550
415 727
1250 533
1530 1495
632 1269
636 411
626 226
897 347
94 813
95 264
1045 283
1254 934
468 632
372 1174
1232 1022
404 299
1306 1125
347 809
177 1159
1231 1562
925 758
857 59
96 65
124 857
665 92
180 37
1113 477
259 1023
161 161
799 239
103 1114
389 381
603 1089
423 379
1271 279
1064 1635
368 370
815 66
1534 414
100 465
1179 400
1277 1520
154 1468
848 1313
578 559
1586 349
517 33
1645 670
285 116
448 793
170 13
1501 1191
1066 451
1508 2
1669 1636
788 827
896 1085
212 201
730 1277
101 442
856 293
222 331
642 877
1616 1332
1253 1665
105 623
210 1380
541 940
1380 1276
430 1408
1101 1064
1343 497
731 1630
1084 539
1163 800
846 1691
1540 1473
1148 1328
797 816
136 1482
1637 95
108 1475
187 62
1015 1309
1337 922
1109 615
992 521
1330 598
593 1001
1178 345
1115 1453
1518 244
244 1305
1563 523
442 1071
464 1198
842 133
112 1139
980 250
547 864
858 81
796 578
1441 981
113 1326
604 943
440 402
495 1236
374 519
1118 1677
818 500
114 1144
1481 220
824 1503
282 432
115 801
555 1299
1080 1664
1120 1492
1678 125
1471 261
1033 405
142 640
116 1172
1075 919
816 398
1212 446
117 828
1341 974
1001 514
933 849
1320 100
118 148
380 587
1398 50
772 458
1208 358
1588 196
1207 1320
119 917
120 325
539 563
574 618
131 366
506 721
565 1333
1511 517
1620 311
1180 716
1019 938
1646 719
855 1035
148 155
240 1384
321 410
123 1555
1263 1128
1373 294
1278 19
479 1288
1627 1350
152 1271
122 1244
1448 385
1415 1230
666 1393
873 1192
126 77
1446 1524
512 88
436 1163
1440 1648
733 1532
595 1158
909 768
1578 252
1083 893
490 529
128 786
359 1554
1475 975
1513 178
129 1620
500 1444
759 1643
130 1148
167 1025
903 1275
723 1485
1032 412
526 271
1082 1092
876 1424
298 794
1092 109
1305 1295
133 1134
568 222
1491 487
135 76
1655 681
1222 684
938 1264
1405 595
1328 122
729 461
964 747
137 1409
1552 85
807 307
1456 862
138 10
217 1133
139 580
1249 1021
1544 865
968 348
140 495
549 217
1488 1372
1400 941
141 972
940 420
1395 602
605 473
649 1274
299 433
1229 983
1135 988
548 46
1235 1491
912 428
832 152
1562 1663
144 1571
740 61
1517 1171
145 4
1596 1049
146 856
1579 429
754 56
1203 870
325 1075
1644 1406
1321 219
499 1162
211 738
1031 22
1478 1152
1464 1219
1154 1141
1081 131
891 134
395 986
1218 291
150 1069
883 1312
1237 912
985 160
1236 363
845 1642
1682 606
151 156
1086 1465
795 876
974 1212
1273 950
753 1547
1357 805
1331 1205
1582 300
677 576
156 729
1026 560
1013 1051
469 1633
484 1031
1539 726
158 310
1490 751
1122 1334
1681 1490
979 324
159 812
1028 183
342 733
542 736
1177 1061
917 452
623 548
977 438
1514 702
1248 55
869 1397
1096 322
1512 1486
162 1363
1161 490
928 276
1432 1318
1047 166
1495 247
1685 603
599 146
810 437
618 1695
165 1697
1352 45
431 317
1067 123
776 637
258 1687
1087 1150
410 596
1106 135
163 499
166 1496
255 570
1111 1541
577 1534
1052 1237
1175 1693
223 766
327 540
1141 1195
1191 1644
509 237
357 1494
1444 29
532 1667
219 335
168 1292
169 899
1577 141
630 28
708 1399
171 351
1543 297
1259 964
1617 753
954 353
560 1013
172 114
370 673
1215 624
775 1470
1664 481
173 985
1283 1059
1058 355
550 1474
757 189
615 924
1241 316
174 143
175 1180
982 1060
707 1670
1100 1041
840 685
176 892
1407 1149
650 1130
1146 1222
315 1387
358 661
437 337
1005 1143
1355 208
987 1564
273 1116
1594 756
576 1594
1189 895
606 555
622 850
181 574
543 108
511 1084
1642 1227
307 755
1053 372
344 457
1482 309
463 90
183 1606
1143 472
1431 1108
1152 25
182 111
871 94
1647 0
712 359
184 741
1445 789
1519 69
339 690
588 1146
798 204
185 944
186 627
953 1335
1316 571
1547 1323
1545 1616
1139 835
189 1127
1324 579
978 41
1537 808
1164 552
190 866
1198 520
890 484
1567 691
191 1055
260 1629
1479 390
716 946
192 891
805 547
227 159
1310 8
311 1535
1347 16
449 1109
1296 1197
477 1096
1587 190
1453 1042
734 1575
292 933
194 889
1557 1073
193 814
196 1689
782 1184
814 1581
744 1316
264 221
1334 184
199 1383
1057 1213
492 231
1265 1414
1256 998
1376 1063
1496 1278
202 365
1238 407
203 616
1036 601
914 9
1246 652
1507 1433
476 232
1455 1511
1142 625
1144 492
205 1512
1520 73
572 839
274 1452
702 343
732 206
207 1429
937 693
1258 836
206 306
1131 815
1535 1167
1006 1226
243 83
1550 1044
1654 1391
1450 91
722 1087
1365 1400
1610 1291
1188 875
544 1421
761 979
809 959
943 1132
1233 1587
303 1187
213 491
1292 1030
956 504
214 1431
628 535
1484 1523
627 1341
711 678
363 1514
1244 1119
1332 1118
290 1572
742 936
1024 760
1361 1621
1282 1552
215 399
1660 622
951 1032
417 1556
478 350
1358 1637
870 1367
1325 765
847 509
1600 39
1074 956
777 868
1055 269
900 478
1155 464
670 1563
1204 1504
224 448
458 187
429 1439
561 1434
784 503
755 903
1679 1012
226 1652
405 544
863 1435
225 334
228 774
1387 763
1486 1543
1165 1340
229 1680
1247 1481
639 1617
230 609
540 1043
1666 1206
234 356
767 524
1219 1584
1603 455
377 737
306 1698
421 1140
323 1579
611 621
237 1458
886 286
821 614
692 522
1378 554
501 1402
844 1266
546 479
296 332
973 1692
705 840
694 93
239 561
1011 223
741 1346
1438 778
1423 669
302 31
1159 752
1569 32
538 1168
1029 648
245 210
426 1438
687 341
262 634
962 86
1568 1416
248 977
1427 920
1401 1381
249 298
504 564
1500 1451
409 1516
1068 1599
1034 958
1425 137
1210 806
250 639
251 384
340 1097
1680 151
679 907
1319 630
1591 1068
680 313
253 879
1476 1395
254 344
295 1243
257 1014
717 1046
1371 1356
471 174
261 72
1021 1502
1303 1248
1194 419
1379 417
981 759
1367 1094
1183 1336
1556 573
513 1472
326 63
263 1382
736 26
1065 1656
265 1272
266 1613
939 1050
872 1002
965 449
1598 470
267 1561
644 1329
276 1217
1393 973
1386 1259
1170 551
1480 1123
1267 382
270 215
718 1377
465 207
445 243
272 1284
1185 1057
1677 1110
1307 118
826 921
674 1102
1676 1314
1257 296
1370 408
1346 853
1549 553
393 1526
1091 12
1614 7
1583 1566
1421 515
281 393
695 1154
1025 1657
446 720
715 474
1428 1203
1147 1661
787 378
1420 1573
287 422
1611 1207
422 819
289 139
1626 1101
562 797
575 631
1281 1348
1002 777
1070 1294
1434 1415
322 954
390 413
525 706
1262 197
1336 1484
1503 1592
1657 872
769 1257
1008 1330
533 1577
297 735
1368 1019
313 1307
1435 142
918 1177
1287 516
1126 1020
1672 658
318 314
1174 772
487 1107
591 440
1226 1301
304 1462
461 873
877 180
770 594
1216 274
341 1229
1009 203
899 508
1275 915
1417 1544
746 1597
836 770
1172 216
1266 1004
1069 1467
1130 695
1597 502
308 165
1430 30
1149 932
868 425
411 1673
531 163
1323 581
751 1131
314 1626
1402 1147
1613 651
1349 1267
312 880
365 106
316 549
317 1582
764 1120
1553 989
320 902
817 611
932 928
1449 1672
942 287
1088 1262
720 526
382 320
324 256
1110 987
1590 1115
1643 1008
614 57
952 1545
619 1539
1529 1388
653 1105
328 1331
959 1010
1054 665
1195 427
1227 1056
1609 421
329 1029
330 1176
1359 242
1105 562
567 1533
865 1086
332 202
624 1623
1608 486
1493 714
336 360
867 361
337 776
338 1660
1132 528
1252 645
1103 951
1506 1407
343 1188
570 700
1114 730
1391 848
1570 80
1104 27
1089 368
348 1289
345 1507
1463 257
945 387
441 68
833 764
353 1425
1381 995
1651 1254
1623 475
747 960
1624 655
428 629
534 1166
454 1694
880 897
360 784
361 1443
1640 246
830 1699
425 852
364 572
947 1006
1010 1104
1631 810
1659 761
1656 415
1489 1366
1684 1679
1461 1432
1363 1106
631 898
1526 697
994 367
1592 807
850 263
1580 168
1023 375
924 723
379 1193
829 790
913 447
1199 1459
1288 545
416 599
1329 1420
1078 436
786 1347
385 996
386 212
387 1098
926 60
1056 1569
553 1591
1012 1622
1018 1440
580 1045
391 1645
635 172
583 1478
1121 931
394 40
792 292
396 1392
1039 886
397 675
1318 1479
1689 53
398 1521
620 96
664 213
399 145
400 1231
401 620
1186 1448
823 34
453 338
1116 698
1124 24
1022 577
462 659
1523 1239
745 339
854 575
960 1528
794 157
443 336
418 1285
1063 1349
803 1164
1097 1083
1551 1427
1027 1072
1457 612
724 354
789 710
640 1290
822 1015
1630 984
1270 884
1020 1088
434 1279
950 1646
841 1456
1403 914
1531 352
648 591
444 1614
629 391
1133 1669
804 1600
450 1518
1565 191
1220 272
1442 541
451 608
1683 1112
514 501
1125 51
988 1111
1276 103
984 1026
646 953
559 330
760 467
879 1189
975 833
859 1588
1245 42
1447 1179
472 1260
600 1249
1301 1477
1073 64
668 1170
475 704
1145 1066
1243 1639
1214 255
657 1251
1289 837
1658 1186
1202 1280
1192 1519
1668 1016
1354 911
554 604
488 1076
773 1058
1639 1650
656 1540
1360 426
963 662
1353 373
489 259
493 507
831 1428
1344 512
1350 228
1167 874
496 728
592 1169
1452 198
1638 74
1072 1403
1362 1062
725 1216
1311 129
1160 1027
1601 1655
1527 861
1385 592
551 1508
1166 489
1137 901
516 1204
983 1396
530 1211
1071 1077
748 1358
1410 1548
1062 1091
907 1690
1117 498
1675 1344
1313 275
895 543
524 1513
527 1685
1268 1145
930 67
658 913
700 672
535 888
573 811
683 1608
885 1684
537 99
598 409
1223 17
766 260
834 1596
601 277
849 130
1040 820
1599 1342
1230 656
1049 1215
558 1218
1128 588
1234 386
1394 854
778 822
612 952
999 882
587 1315
961 567
1156 671
1374 569
579 863
610 821
835 1345
581 43
1662 79
1242 144
582 927
1663 791
1492 342
584 397
590 649
1119 87
594 301
851 1498
597 826
806 1352
596 566
931 1455
1504 225
1436 1048
1173 676
1077 289
1460 193
1572 909
1176 1009
625 5
681 1640
1037 1353
633 887
986 136
946 1302
750 1325
728 459
726 948
862 742
1686 653
1000 1100
922 233
1412 530
1439 1447
1255 1317
884 328
1314 613
663 905
661 282
662 364
710 1386
667 1585
1589 245
1340 1355
1193 860
678 918
1558 949
1548 1413
1661 119
1469 253
1667 929
1525 1604
721 1037
701 1505
989 218
1384 1515
1524 227
1382 1430
719 1466
1606 688
1356 635
1224 1321
1190 745
1618 1682
1674 483
1467 150
790 1522
1369 626
1279 607
935 823
763 1122
1308 935
774 435
1300 947
1505 965
1297 280
791 1364
1673 248
1090 265
800 494
1648 1662
920 1232
1632 1261
808 78
811 482
1468 3
1304 98
828 847
838 1583
1542 1113
1134 970
875 304
1228 795
878 945
882 401
902 1182
908 906
1187 176
1584 558
1016 54
1093 703
1536 896
1004 1338
1634 369
1014 715
1211 597
1671 1423
1522 153
1377 1255
1595 205
1171 234
1261 867
1541 1078
1604 1461
1633 1137
