0 193
2 1650
1698 139
3 1423
4 417
1696 715
1695 364
6 1660
1694 1135
7 967
8 700
1692 1373
9 451
1691 405
1690 136
11 745
12 1046
178 476
1509 1216
404 1612
78 1348
779 890
865 1031
1598 543
372 1007
457 1589
1 430
5 1495
1697 393
1693 1029
1565 650
1661 961
778 1262
1274 1697
134 1241
1139 834
1470 167
1152 957
750 791
176 682
10 1440
13 752
14 551
329 542
1308 1300
1554 484
1607 1151
56 806
1472 565
424 1314
528 1638
561 528
1699 87
279 864
1149 548
420 429
269 1397
230 1606
365 1187
498 1688
1487 1036
693 793
1578 1044
743 1242
317 1032
15 165
16 46
271 1686
1209 876
1338 32
639 730
837 1597
1050 1411
1609 912
70 1332
898 1441
925 150
1204 722
17 110
106 278
50 1406
1380 586
1364 237
687 306
756 1419
519 1214
1418 14
175 1087
1184 437
1680 1661
690 1258
479 966
98 1290
851 1553
109 871
410 1229
1556 1288
153 1269
1647 1261
1427 297
18 148
319 1353
500 859
548 1139
1340 691
738 580
773 261
1171 627
19 693
369 505
305 1140
1085 441
1493 97
1652 847
613 75
1220 1069
1343 1430
481 482
923 263
1372 1376
542 1491
893 310
1178 1475
1573 1112
76 1340
1023 446
1073 677
695 378
20 507
21 686
22 654
278 1016
1095 189
346 1368
1040 196
23 1238
825 1234
1498 515
331 276
753 536
246 485
997 1144
783 581
1104 844
123 1206
813 84
1421 1125
912 1626
24 694
1499 1114
1320 1663
253 1654
161 1509
857 988
1459 1115
505 93
796 579
1218 906
1576 1496
25 674
26 173
1236 79
866 489
1299 1017
583 16
1564 1230
767 796
515 999
52 1315
529 1490
1456 1417
589 743
706 1624
1003 1524
472 252
355 526
1157 1481
685 339
1098 92
27 327
28 955
291 115
1653 1213
286 1097
1213 1494
1252 953
758 1176
266 47
43 376
75 255
214 129
927 1351
1222 197
689 125
648 768
89 765
785 784
1102 582
1410 755
1074 250
616 347
439 1220
29 1653
30 1691
881 1110
698 1194
507 1586
1687 1552
1473 1594
1351 599
715 658
294 1287
683 468
746 741
964 952
350 1040
992 855
1548 653
32 206
495 9
1188 1168
1476 606
1350 566
33 11
557 1550
1051 1275
1605 1298
1162 454
67 1510
650 1567
436 1134
621 878
31 853
34 22
1641 1130
110 1034
399 21
35 1304
1294 1585
1620 337
710 990
1284 480
486 1616
954 879
1649 785
241 711
1622 1466
801 1632
821 926
955 1122
388 1013
1625 523
691 825
427 1605
1205 34
49 838
791 42
906 53
1039 30
1670 41
745 1349
686 1133
684 1358
559 117
36 1296
37 1365
38 107
208 425
293 712
651 1470
768 574
720 318
232 1402
607 1644
1651 211
1540 386
1269 577
1148 1415
966 996
416 1677
732 453
521 1055
1185 109
510 1327
1629 270
1631 219
714 272
39 1442
1575 1236
1000 458
1530 387
268 1672
812 463
465 705
1037 394
596 978
40 1338
41 559
1154 881
894 587
1560 409
676 24
1293 1048
1333 662
42 1320
949 925
671 903
1150 529
378 1196
386 749
1048 1461
121 1252
145 1052
727 15
638 735
1277 1474
1016 170
44 603
654 1684
1406 1577
1315 1476
1482 589
124 1472
1454 1394
45 235
827 843
251 1424
417 1435
1577 335
819 863
1458 951
517 1322
1394 841
281 673
46 1528
1477 922
1327 213
1306 1057
907 467
384 1158
257 1354
1067 1319
1344 713
47 1696
491 1295
637 1386
48 1633
670 772
1107 1297
845 1372
223 652
852 1449
919 1400
473 1416
1408 490
1571 228
976 1621
697 166
1038 815
740 493
807 1223
1601 1497
936 1015
1543 803
820 455
352 1566
632 283
1268 788
51 313
1465 64
678 641
1126 1095
466 1001
571 1050
1221 77
1291 179
103 1035
1103 525
188 1006
452 1343
274 1392
1621 604
874 1384
1119 1478
53 1027
1201 1356
968 1537
737 1221
451 502
991 527
1141 706
1099 934
419 1540
643 530
951 868
370 717
54 128
55 340
1375 366
1517 858
478 43
761 962
944 1526
694 1185
1599 1428
1396 618
1044 852
1363 1150
688 1617
1289 1201
1216 908
995 756
1276 1107
1270 532
385 948
675 1453
379 1008
160 986
1180 940
630 997
540 688
1660 733
225 1622
1192 783
58 667
59 814
860 1401
117 396
1341 615
1440 671
1529 1665
1688 304
660 1251
749 1547
1021 638
593 831
60 48
376 1014
195 1395
900 153
1395 483
617 1293
408 889
1437 1676
645 1588
1026 329
1451 1647
57 790
1200 1160
310 663
255 401
501 1418
1474 519
122 703
792 469
62 976
1286 1459
107 388
235 243
1272 1093
916 1189
1301 870
61 910
1203 888
1515 1345
789 1559
1290 1132
826 714
64 1480
413 568
1635 1244
1124 1360
1416 794
921 38
283 331
99 122
883 1129
1142 547
63 131
247 1507
212 203
1285 1554
704 719
228 1420
1587 284
391 1039
65 786
333 267
585 1426
1590 624
1422 1370
970 161
1058 1485
66 1685
563 305
993 326
766 1245
68 239
556 1645
703 920
506 431
336 1227
902 895
69 1590
1210 1218
1123 877
301 535
1076 938
1060 1291
560 1618
71 642
1411 1299
463 419
609 1369
901 1522
917 902
72 1330
1403 1412
1628 1381
155 1274
1257 800
566 402
641 1613
839 35
1442 201
990 410
238 661
887 264
1611 17
1527 1657
308 798
73 1403
74 1081
1325 1163
1450 975
1645 992
655 1582
367 538
1248 362
218 103
497 1056
1568 1136
348 334
334 970
85 799
1555 919
196 1018
1510 1619
375 487
200 423
853 787
1169 681
1138 300
250 1264
77 628
736 1202
996 404
1359 338
1466 1377
1181 1333
275 1193
280 258
598 1289
669 1059
787 1200
931 672
79 397
1334 840
1167 813
888 147
1636 1098
90 231
494 645
1317 1366
1413 1281
470 918
905 1468
597 1232
81 1407
1136 710
1388 199
503 1380
197 1153
363 1651
700 1669
1650 1391
82 420
889 983
911 449
459 381
80 758
83 576
406 160
157 271
1426 82
545 1346
762 867
1264 1278
1059 1640
381 716
84 1131
1561 512
536 685
447 968
1433 1192
231 447
86 1388
1191 1641
322 174
1462 1352
104 104
1424 205
1390 1532
87 839
1483 977
1386 657
935 1268
1070 675
88 666
215 1341
1313 687
345 229
518 1240
1061 181
147 1615
1318 629
1012 1673
975 73
508 616
299 884
401 575
1090 1099
1480 1209
335 1211
373 1108
242 78
444 65
705 416
776 76
1584 1527
1642 1061
599 1113
91 67
739 10
1202 315
198 1307
284 1565
92 403
608 1250
626 1019
1250 644
1494 44
265 1070
93 883
967 941
998 323
1279 718
483 6
699 266
781 1028
1045 1064
390 162
1198 83
1534 440
1679 54
95 732
713 759
692 880
468 241
298 668
628 1637
1612 448
94 546
96 1302
1302 809
633 336
1113 434
1231 775
409 1558
97 1088
1251 1630
1409 506
1677 1625
1227 1012
1415 220
799 1286
100 290
1253 1410
665 130
173 500
1260 1243
661 244
1323 946
256 1000
815 248
101 1308
1163 436
233 683
387 1682
601 1311
170 20
1586 1608
1262 802
1084 349
575 259
102 1037
1064 1105
222 1165
364 1179
1066 634
1637 1025
341 1443
1175 345
541 731
150 488
574 727
1043 1557
276 1536
516 1237
445 1175
1500 138
1616 395
323 385
1668 330
368 68
784 1467
430 1560
721 508
590 1283
1331 1255
105 1675
780 1569
765 571
731 894
338 1521
1552 143
210 247
1377 1383
136 1157
108 19
897 862
1015 1523
1337 935
1079 734
1212 1600
359 726
1196 1080
842 635
1537 704
1144 1173
1109 1167
797 1279
980 1389
1379 936
187 1649
709 1180
858 208
112 369
442 1517
988 360
1326 50
440 1592
612 7
113 590
244 499
1562 1091
462 781
838 818
824 1121
374 214
111 466
114 954
604 1111
282 1450
987 414
1111 1493
809 439
1558 782
115 739
116 701
321 583
555 531
1117 71
1675 1076
1468 187
1028 1079
933 1190
140 309
856 949
118 1257
539 1512
1071 1282
1588 1152
810 1197
119 816
154 958
288 1256
131 1431
1319 665
873 810
1522 60
120 1611
377 491
1019 690
1689 63
855 251
1511 1578
1278 230
1263 1020
786 913
1581 812
455 116
1404 407
1176 1337
512 1533
1643 61
148 737
125 1549
909 779
169 1145
475 91
1083 1005
1624 317
144 511
395 102
1531 510
127 1508
1447 1473
662 613
1305 1178
126 708
128 433
1147 146
1475 368
724 1699
129 594
1024 253
595 513
526 13
1329 1404
1627 452
130 383
876 928
1082 945
1266 133
1516 1277
158 282
634 222
755 1623
132 1042
1032 236
163 280
899 348
717 1161
133 933
1655 392
456 495
267 1127
1092 1305
751 1143
844 874
1405 1170
1267 1030
1526 1405
659 836
135 268
261 1239
137 1379
934 1155
1546 275
138 1636
403 1581
1324 698
1488 1053
725 473
961 637
849 354
217 1062
1490 1339
139 442
805 777
1455 1591
1400 649
1391 55
1460 1483
1514 475
1246 869
330 4
141 1598
549 676
940 1195
396 210
570 1154
487 424
142 607
143 1259
1596 321
1089 1447
649 1156
1217 1603
1224 1233
1503 1313
1135 1329
1232 5
156 1146
525 1049
146 1446
1211 1531
1094 1501
1644 81
499 355
1031 1659
1508 1334
1579 942
1478 471
1513 377
891 767
1046 51
1069 1203
149 249
1328 140
1078 132
985 1186
392 456
151 1323
666 1631
152 1228
1234 1149
1682 481
1397 1627
841 1325
892 1003
1153 1573
1582 1172
880 742
1168 1519
1469 8
469 1331
1354 1568
673 1620
1432 375
702 866
1009 370
1177 965
476 262
159 1117
681 1292
1536 1128
869 287
938 164
974 33
1106 26
859 1614
817 18
1161 817
1096 804
945 233
973 950
201 1668
342 1534
1685 998
928 1041
1512 492
790 545
592 907
162 1465
431 931
1239 1439
164 981
1574 860
708 123
258 695
165 80
577 0
166 1326
1047 1033
1052 600
614 89
875 106
605 159
1348 413
1553 1422
167 1671
168 1451
357 517
1042 1235
1444 198
1088 930
1172 643
219 1075
957 1148
347 1602
994 479
443 1456
775 232
211 1092
1485 898
171 1489
172 45
757 245
1255 1271
1613 724
236 1409
835 135
615 269
1283 1434
707 175
411 692
1241 1171
174 849
1054 443
546 655
1133 399
1100 341
1014 556
437 522
180 982
1237 1539
581 697
982 651
1407 357
576 1301
1030 1047
831 70
646 498
1355 1599
313 1058
712 90
1027 343
1156 108
177 285
179 1692
358 1162
1585 885
622 1
1491 25
969 887
1594 486
307 721
1001 1593
946 1355
769 217
181 1635
273 837
216 848
1053 289
1034 371
182 1123
606 294
543 1678
371 550
1634 215
1434 989
183 1452
184 609
1481 1408
1547 533
1140 333
1151 142
1567 120
677 1543
185 1648
1545 544
1199 659
716 1219
290 1065
340 1054
1097 947
795 1629
942 352
477 240
337 1574
586 984
1347 1448
1671 1066
953 1662
383 1488
734 1022
1307 1260
189 573
1164 1477
1013 631
772 29
405 118
186 610
190 973
260 111
929 415
1225 31
963 1198
511 636
191 1067
192 1094
1646 1205
1392 477
311 324
1489 1364
193 1225
1453 1231
884 633
194 748
1295 1090
1557 1679
1005 553
1280 303
1471 188
492 824
1414 932
449 893
802 1545
224 461
1316 789
1374 904
1292 664
1062 149
264 1335
653 956
814 256
611 1078
199 301
1049 1548
480 991
744 59
877 1101
433 808
1258 819
327 845
550 865
914 134
1238 1083
202 678
1501 39
435 286
850 534
1654 74
1193 1502
1520 1393
1373 1367
565 897
1342 1580
1610 1695
203 702
1036 503
205 1280
1657 156
1033 1378
1506 1445
937 820
206 1222
1131 291
1535 964
1006 391
204 1464
207 608
569 1506
306 1656
722 1038
908 1181
1550 379
254 1324
209 723
1244 1207
263 987
240 1529
1449 57
822 319
325 1371
1296 1687
1182 856
682 1137
1630 611
879 1575
1230 1551
956 1266
300 438
1684 891
1505 325
213 302
514 1518
1332 1689
627 592
1160 1486
558 1010
1125 427
1261 861
847 1469
1608 62
958 1248
568 725
1358 293
870 929
220 1562
636 1555
999 398
415 1118
1055 923
1665 1270
221 623
1155 472
1597 770
351 478
339 728
1087 851
1436 1004
226 411
458 121
429 1628
297 1265
777 857
1080 1610
227 1328
1664 450
1528 1437
1425 619
834 186
1365 1362
229 182
1384 184
1666 1051
1189 646
1243 356
537 541
234 593
1495 27
1229 1583
764 1342
1507 1060
1378 778
237 1604
296 972
418 750
320 372
1387 1693
544 1074
239 296
886 1147
818 1068
1165 1254
1011 28
679 144
344 1538
538 36
1159 1073
496 1249
243 445
1249 596
504 119
1303 265
474 1045
1183 760
962 738
1004 311
1566 670
303 359
354 985
245 630
868 944
426 560
398 1347
248 846
1068 1436
871 764
680 298
1669 1513
249 621
672 105
302 537
461 1084
1398 1546
1017 833
252 353
1077 1542
1029 1570
1346 1043
701 1023
1247 1253
1452 1273
380 1169
1190 842
315 1191
295 1385
1310 216
1656 1263
578 358
471 497
1121 597
485 288
1194 584
1678 295
259 1375
1367 1321
513 1639
262 886
584 1680
978 141
872 927
965 277
324 314
983 1681
1056 1089
1235 588
1170 1634
1570 1303
1393 344
728 821
640 1425
674 1063
285 639
1519 873
1195 899
939 601
270 1504
520 1658
752 202
277 805
272 1077
467 496
1674 426
1254 114
619 520
836 1103
356 1106
393 94
1091 680
534 632
1361 1444
1345 751
1402 901
971 602
1463 163
1219 524
1370 86
1446 281
1041 1484
730 914
446 204
389 564
366 669
602 474
1208 1284
1256 1516
1580 177
1228 1309
1399 1350
800 200
960 1215
422 1174
287 570
562 190
1065 238
490 1026
1417 260
663 1177
289 185
1603 1072
1532 1642
533 1318
1626 1690
292 1564
977 88
1431 382
448 969
1008 558
832 361
843 900
828 939
1186 1182
1207 1396
918 157
1309 924
309 1479
1672 1142
407 1525
1368 1086
1638 457
1063 459
1215 1471
1174 1601
591 346
1122 2
314 465
1572 273
1226 183
524 292
1441 1246
304 1199
770 363
587 223
1312 1414
747 1455
1339 1596
760 993
972 1458
1430 279
846 539
950 221
1663 1579
1352 585
742 374
657 1492
1618 763
312 85
1349 1499
862 72
527 1514
1265 1159
316 797
360 707
1600 563
854 1584
361 1515
318 1104
1484 1535
1604 1505
932 1294
1559 980
816 406
554 299
1382 151
1158 126
1275 979
326 801
453 1100
1589 1317
952 435
830 1119
1591 757
1539 1306
1105 384
328 1433
1206 795
610 909
1240 1561
1429 328
332 1212
943 350
863 562
1614 52
1401 1498
867 1503
624 225
1448 1188
1563 875
1166 1183
1479 792
414 155
1497 960
1428 1571
343 640
1132 994
1551 112
1214 209
552 412
441 1357
580 648
600 567
349 761
625 95
941 460
1420 647
353 1674
1381 656
1623 780
1353 1071
572 622
1242 124
1464 1247
530 320
1525 554
1197 444
1134 1646
878 96
362 171
1288 1666
1419 626
1108 494
425 145
1025 1520
1640 827
913 1224
644 1390
460 1655
1366 168
1673 389
631 660
1518 1096
1592 828
1461 516
1676 1670
464 518
981 617
1110 154
1273 521
522 1363
1223 1664
924 408
829 373
1486 400
910 1217
1322 1272
382 98
922 332
394 1413
635 614
454 811
397 69
1502 100
1686 99
1435 892
400 1359
823 699
402 569
618 774
1116 598
771 1462
1606 1102
1496 679
1120 1109
1523 1374
989 178
1617 696
421 1285
848 470
1281 1124
412 572
658 754
794 1310
1114 113
803 552
502 555
423 23
1330 421
450 242
1086 771
428 916
833 194
1020 1138
432 1541
434 959
1093 963
788 882
754 418
438 1694
579 1204
1057 1120
629 365
804 342
1101 612
1129 1460
1187 829
1369 58
1542 312
1072 212
984 766
1118 729
582 1399
489 1312
603 1276
668 822
1018 1184
1146 172
1245 169
885 1454
1443 462
532 1482
1371 1487
726 823
1145 152
620 1024
1383 605
1423 854
482 1166
1445 625
1357 1361
484 915
488 40
1360 1208
551 720
1298 1607
1075 224
493 850
930 807
588 12
1438 66
1081 1643
903 689
1533 896
1311 137
1007 830
1619 1511
1022 218
1385 195
547 246
509 234
1137 549
1259 826
979 307
748 1316
1632 37
523 684
959 504
926 180
573 709
564 578
1593 3
531 591
1544 1116
535 921
594 390
1271 753
733 191
696 917
1143 1344
1282 1164
1314 971
741 1432
759 561
642 432
553 464
1595 308
647 1463
1583 1021
1115 367
1128 101
774 1572
567 227
793 736
864 207
1335 974
1492 740
1662 1398
711 49
882 1141
1538 1500
948 514
1659 1126
652 1336
1467 1544
1300 1457
1504 1576
1521 995
1173 835
623 872
1569 1587
1439 1421
861 1382
1412 127
1112 1563
719 1082
1376 905
1639 595
763 1002
667 911
656 1530
1667 943
664 1267
1035 1667
904 746
840 1226
1457 226
1524 274
896 1427
1681 254
798 351
718 1210
1389 1438
723 762
1633 1683
1602 176
729 257
1615 1698
735 501
1179 192
1287 1387
1304 322
782 540
1648 380
1297 158
920 832
915 1429
1658 1085
806 557
947 1009
808 620
811 1609
890 56
895 776
1321 1652
1356 1556
1010 1011
1541 509
986 937
1002 773
1362 1595
1130 769
1549 744
1683 422
1233 316
1336 747
1127 428
