11397 10187
10585 10080
10625 11496
11148 10891
11167 10424
10711 10235
10964 11271
10524 9858
10228 10228
11384 9804
11447 9880
10634 10384
10300 11134
11051 10182
10367 11234
10456 10334
10093 10755
11090 11472
10095 11477
11350 10028
10189 10861
11351 11189
10177 10021
10333 10781
9918 10651
11265 11265
11351 10698
11472 11472
10345 10323
10436 11357
10812 9960
11025 10728
11502 11037
10410 10444
11354 11150
10309 10839
10021 11481
10199 11522
10253 10527
10659 10598
9833 10377
10692 11279
10426 11222
10555 11090
9942 10607
11350 11139
9815 10757
11167 10680
11138 11264
10268 10494
9765 10920
11036 9793
11412 10198
9994 10630
9867 10584
9751 9751
10280 10409
10524 11479
9809 11479
10077 10544
11051 11248
9855 10524
11417 11010
10396 9941
11533 11139
9815 10416
10585 10183
10001 11394
10550 9738
10976 10629
11267 10651
10570 10303
10900 10725
10113 10344
9773 10538
11039 10025
10717 10048
10885 11397
10197 9837
10719 10787
10316 10570
10389 10076
9786 10255
11500 10605
11148 10804
10859 10567
11186 10033
10655 10421
10382 9830
10323 10292
10535 9768
9757 11401
10835 9798
10268 10547
11452 11092
10963 11394
10593 11408
11095 9797
10678 10887
10615 11393
11017 10533
10864 10301
11051 11217
10690 10690
11254 10780
10331 11243
10052 9954
9815 9809
11118 10733
10038 11493
11354 11370
11017 10744
10787 11360
11501 10021
10465 9922
11148 9773
10116 9941
10992 11483
11533 10039
10289 11392
10948 9716
10908 9816
9855 9969
9834 10732
11512 11088
10211 10695
10389 11538
11202 11130
10846 10149
10268 9971
9994 10253
10894 10260
10520 10846
9815 10987
10847 11362
10258 10327
10187 10953
11039 10220
11268 10913
9921 10982
9943 10443
10361 10299
10093 11211
11261 11037
11440 9760
10467 10026
11017 10615
9983 11031
10300 9809
10290 10308
11019 11136
10522 11524
10028 10906
10866 10853
10975 9910
11147 10037
10277 11127
10302 10894
11075 10079
11362 10079
10977 11464
9762 10275
10922 10317
9816 9925
10093 11331
10137 10379
10416 9918
11485 10986
9816 10090
10873 11311
10884 11034
10128 10695
10722 11268
9868 11086
10198 10013
11138 10851
10396 9847
11018 10783
11323 11198
9892 10588
10095 11101
10410 10435
10799 10491
11384 10925
10859 9973
10669 10533
9748 9765
10992 10445
10975 11418
10625 11526
11491 11479
11146 11146
9900 11211
11511 10187
10146 10602
10414 10804
10201 11481
10465 10348
10570 10772
11294 9951
10778 10711
11347 9760
11522 11029
10057 10318
11485 10653
10199 10330
11269 9824
10869 11390
10100 9927
10147 10871
11383 11192
10465 10174
11470 10554
11095 9813
10784 10318
9865 10111
9938 11316
10290 10396
10096 9907
11158 11158
10626 11415
10890 9752
9812 10527
11323 10134
10939 10792
9762 10519
10851 10570
10779 10779
11215 10415
10329 9743
11387 10283
10419 10728
11303 10278
10457 11241
10365 11322
11032 11158
11195 11234
9983 10922
11252 11366
10307 10268
10492 10019
10272 10145
9815 10903
10377 11360
10599 10527
10777 11221
11067 10298
10490 10320
10426 11522
11501 11264
11177 11399
10070 10740
10693 10053
10789 10103
10465 9911
10175 9735
10677 10873
9923 9923
10946 11367
10550 9992
10394 10962
11136 11303
11383 11383
11180 10379
10948 10948
10376 10324
9855 11355
11186 10725
9767 10265
9887 10156
11032 10082
11166 9909
10275 11050
10494 10986
10463 10897
10794 10681
11051 11264
9919 10111
11464 9856
11511 10318
9887 10095
10137 11419
10303 9830
11138 10193
9918 10035
10018 9956
11485 11455
9917 9755
11485 10318
10137 10324
9788 9840
9834 9971
9859 10959
10711 11211
10006 10827
10571 9721
10926 10033
11139 11167
10674 10660
10175 10123
9877 9877
11265 9770
10709 11402
10198 10775
11276 11276
10467 10373
10105 10632
11351 10475
10940 10940
10704 11367
10377 11196
10345 10962
10500 10909
9993 11478
9757 10505
9810 11518
10175 11090
9997 11311
9946 10025
10198 10074
11454 11105
10722 9879
11203 11221
9947 11335
10686 11197
11179 9911
11082 11082
9865 10789
11179 11265
10006 10275
10555 11354
10871 10018
10108 11489
10118 10175
10827 9860
10936 10901
11114 9892
11099 9918
9718 9871
11260 10715
11215 10477
9917 10302
10326 11517
10398 10832
10185 10855
10325 10325
10300 10979
11313 10260
10727 11346
10038 10447
11479 10867
10081 10272
11394 10893
10373 10265
10884 10986
10963 11171
9838 9755
9815 10578
11206 10600
11164 9836
10565 11306
10482 11007
11114 10984
10504 10785
10669 10625
9985 9813
10074 10079
10006 11511
10725 11269
10810 9879
9995 10272
9816 10469
11148 10453
11072 9932
10415 10160
10137 11475
10825 11498
11095 9729
9919 11012
10075 11166
10417 10787
11357 10366
10448 9796
10585 10234
10175 10538
11051 11395
11211 11515
9816 10366
10936 10458
11485 11418
10198 9777
9724 10256
11500 10794
10500 10767
11186 11270
11398 11505
11061 10543
11252 10345
10837 10016
9983 10544
11228 10681
10533 9829
10672 10993
11485 11168
11254 11300
10812 10025
10295 10097
10984 9735
10077 10053
10204 10902
9773 10283
10480 10480
10777 10827
11283 11197
9759 10695
10674 10930
11215 10155
10295 11052
10524 11344
9835 11078
10615 11060
9773 11264
10827 9736
10831 10376
10812 9721
10272 9863
11058 10449
10496 11034
9768 9852
9983 11289
10585 11071
10984 10272
11182 11004
10873 10158
9942 10377
10986 10347
10020 9938
10082 10082
10923 10711
11323 11332
11034 10113
10984 10896
10286 10194
10019 10767
11350 10555
10625 9909
11485 10750
10316 10841
10948 11095
9757 10198
10302 10886
10804 11127
11141 10171
10789 10187
9815 10816
10585 10113
10426 10655
10575 9983
10964 10966
10520 9832
10531 11090
9931 10189
10345 11049
10885 10962
10913 10053
11417 11477
10290 10522
11241 11241
9814 11131
11376 10079
10545 9813
10441 11363
9978 10076
9724 10156
10719 10147
10722 11286
11017 11395
10175 9736
10077 10990
9756 10114
10859 10444
10208 11267
11148 10074
9887 11180
10460 11057
10382 11166
10980 10846
10039 11243
11485 11412
11397 10497
10314 10828
10655 10412
10354 11166
11489 11370
9867 11491
10641 10894
9815 11446
10964 10649
10794 10665
10837 11227
10307 10763
11114 10493
11053 11227
11039 10246
10198 9745
10844 10975
10592 10592
10777 10777
10220 10264
10385 10228
10031 10031
11315 10149
11138 10777
11373 10078
9895 11406
10220 10991
9976 9793
10038 11123
10958 10243
10020 11255
11485 10275
10544 10544
10625 11109
11148 10962
10984 9819
10733 11233
11511 10020
10617 10680
11439 10705
10807 9732
10035 11247
10780 11387
10603 10002
10570 10358
9818 11140
10719 10936
10198 10656
10379 10966
10531 10794
10017 10984
10581 10518
10641 10355
11197 10354
10645 10071
10500 10527
11269 10363
10232 10190
10929 9933
9746 10621
10822 9836
11265 10962
10175 10147
10570 11237
9775 10212
9943 10430
11186 10789
9949 10456
11229 11229
11383 10813
10022 10198
10633 10780
10698 10907
9773 9801
11203 9757
10575 11048
10113 10342
10384 10187
11412 11264
10308 10777
10081 10671
10038 10012
9718 10060
10563 10673
9735 11088
10192 9853
10655 10655
11148 9854
10862 11537
9901 10027
11397 10837
10210 10444
10949 10576
10414 11360
11383 9971
10374 10235
10175 9931
9911 10440
9757 10075
11397 11256
10800 11246
10457 10018
10436 11491
10394 9859
9762 10814
11521 11521
10936 10079
9910 10055
11502 11038
9746 11148
10885 10851
10171 10171
11533 10775
10837 10212
9826 10436
10178 9796
11252 11252
10038 11018
10275 11049
9994 10743
10913 10404
11265 9725
10006 10006
10949 10154
11482 10891
10976 11373
10645 10505
10178 9941
11512 10730
10130 10272
11512 10913
11114 11221
9815 9819
11148 11053
10272 11042
11123 10477
9826 11128
9786 10283
10812 10936
11432 10917
10615 10493
10492 11447
10268 10223
10472 10739
10810 11336
10719 10376
9855 10758
11010 10981
11265 11479
9813 9802
10286 10028
10447 10090
10633 10063
10795 10054
11164 11264
10235 10519
10198 10571
10632 10781
9994 11477
9866 10237
9773 10499
9985 10763
10846 11107
11138 10904
10846 9901
10239 10781
10356 11034
10410 9768
11139 10532
10511 10282
10846 11234
10457 9931
10777 10033
11203 10851
11440 10964
11215 11512
11127 10110
10426 10263
11017 10584
11306 11504
10198 11111
10561 11491
10755 11197
10526 9911
10426 10070
10625 11352
9834 11432
10389 10839
10674 11500
10729 11397
10945 10298
11294 10633
9931 10851
10150 10584
10123 11418
10617 10420
11148 10345
9918 10421
10752 11063
10886 11410
10936 10303
10634 9788
10837 9835
10426 11138
11387 9835
9746 9919
11148 10151
11336 11117
9992 9899
10052 10035
10158 10529
10147 11330
10854 10658
11533 11090
9942 11196
11400 10539
10268 10366
9920 11248
10268 11518
10457 11482
10846 11239
11165 10842
10008 10040
11148 11410
11285 10276
11263 10280
10562 10652
11197 10962
9949 9859
9942 10753
10527 10720
11368 9768
11179 11010
10730 11127
10686 10976
10300 10581
11294 10158
10111 10430
10465 11489
10950 9762
10555 10415
10290 10599
11494 10983
10213 11195
10938 11211
9768 11354
10093 10002
10508 10266
10984 10463
10114 10144
10384 9975
10070 10396
11422 10260
9804 9765
9777 10109
10057 11228
9804 11028
10887 9835
10725 11145
9992 9992
11190 11245
11089 10384
10975 11354
11152 10309
11263 10738
10465 10077
10975 10891
10550 11265
10147 11360
11005 10360
10655 10476
11127 10931
10298 10298
10183 11455
11452 10272
11336 10147
10147 10711
10326 9954
11386 11221
10597 10597
11116 9975
10964 11096
9954 10939
11417 11224
9994 10031
11485 10789
10789 10524
11146 10608
10977 10982
11311 9903
10709 10733
10307 10887
10600 9946
10399 10399
10174 11478
11539 10081
11311 11442
9919 10345
10837 10183
9735 9788
9855 10175
10417 9740
10039 10074
10505 9809
9942 10404
9921 10072
10286 10529
10807 9945
10216 9731
10367 11121
11156 10229
10211 11082
9983 10015
10172 9906
11206 10692
10502 10639
10984 11477
9979 10800
9888 11398
10258 10570
11058 10970
10316 11390
11485 10743
11406 10380
9810 11301
11186 11008
10020 9776
9900 10277
11485 11500
10976 10005
10332 10571
11309 10749
11260 10331
10526 10808
10627 10627
10755 10778
10827 9955
9816 10268
10490 11466
11406 10803
10156 10449
9900 10936
10862 10601
9978 9718
11357 10968
11485 10600
10190 11048
9910 10640
9722 10235
9815 10686
10670 11127
10300 10837
10090 10090
10127 11456
10527 10479
11417 9804
10367 10260
9975 11387
9994 9718
11034 11539
10906 10415
10316 9880
10189 11137
9815 11523
11485 10654
10752 10329
9837 11150
11089 11379
10540 9813
10893 11360
10527 10192
11123 9917
10228 9786
11398 10783
10968 10371
10070 10866
9945 11000
9933 10420
10789 10443
11485 9853
10645 10137
10020 9867
10207 10006
10253 11422
11505 11505
10019 10737
10589 10175
11294 9902
10527 10264
10645 9846
9773 10370
11211 10822
11155 9925
10625 10377
9809 9809
11152 10881
11454 10083
9838 11439
10158 10922
10048 10132
9968 9835
11095 11095
9718 9975
10290 9812
9815 11105
9934 10637
9786 10296
9964 11521
10038 9918
11439 9967
11252 9931
10038 10940
10465 10674
10682 9975
11485 10128
10862 11483
10659 10780
10682 10840
11248 11248
10678 9842
10445 10966
11255 11326
10355 10775
10385 10678
9983 10192
10303 10544
10704 11013
10803 10079
9738 10621
10803 10563
10116 10298
10158 11267
11114 9840
11211 11091
11397 10528
10881 11479
10058 10626
11228 10983
10229 10909
10826 9816
10038 11533
9942 9973
10228 10255
10158 9855
10467 11305
9942 11036
10465 11028
10360 10360
11412 10655
11071 10741
10175 10270
10096 11303
10835 10412
10871 10380
10467 10361
10018 10380
11491 10318
10575 10804
10465 9993
10641 10570
9867 11306
10174 10377
10984 9842
10229 10013
10557 10815
10057 9779
10053 10584
10527 10058
10725 10151
10376 9911
11533 11533
10575 10846
11138 10345
11138 10789
10070 11373
10461 10822
11324 11498
10984 10766
10505 10105
11394 10730
9983 10449
10126 10655
10535 10136
9942 9860
11512 10116
10216 10390
9995 11022
11485 10625
10704 10116
10794 10076
10531 10632
11148 9989
10800 11075
11283 10570
11017 9768
9838 10016
10889 10615
9942 9892
10198 10986
11294 9994
10711 11380
10659 9850
11425 11311
11401 11427
10126 10909
9931 11173
9994 10550
10851 11470
10789 9829
10457 10535
10915 11146
11075 11447
10674 10136
10130 9729
10725 11092
10526 11508
10465 9966
10018 10978
9953 11279
10923 10547
10777 11512
11252 9934
9994 11329
11148 10472
9952 11483
10980 11017
10290 9810
10471 11158
11100 11100
11215 11337
9983 9906
10450 11200
11417 10998
10567 11536
10296 11042
10948 10940
9836 10606
10585 9970
10147 10738
11533 10410
10223 11354
9815 11475
10149 10337
10502 10326
9879 9804
10645 10232
10984 9718
10152 10152
10467 10047
10247 10078
9955 11134
11263 11331
10396 11240
10999 11524
10300 9833
10070 10913
10827 10925
11454 10344
9815 11273
10414 9911
10102 10062
10584 11519
11243 11356
11294 11454
10095 10672
10565 10565
11482 9850
10410 11265
10084 10508
10457 11261
10373 10879
10846 10715
10187 10299
9781 9796
11240 9718
10003 10317
10941 10903
11518 10809
9797 10619
10398 10115
10426 11257
10465 9814
11267 11006
10948 11123
11394 11143
10247 11247
9872 9859
10367 10979
10846 10804
9994 10123
11417 10612
10070 10655
9815 9861
10784 10789
10570 9903
11063 9928
10669 10362
11051 9727
9838 10854
10374 11227
10069 9873
9951 10735
10646 11271
11015 11084
9812 11426
11440 9768
10306 10303
9815 9827
10373 11110
10385 10778
9911 11308
10108 10602
10100 9841
9980 10077
9983 10404
11116 10651
10038 11095
10426 11136
9832 11252
11197 11395
11152 10093
10452 10979
10165 11482
10641 11268
10962 11002
11522 10743
10915 10362
11425 11387
11352 10377
10179 11261
10968 11485
11139 10472
11294 10740
11452 10411
9867 11422
10962 10685
10800 11455
9997 10684
10709 10333
9735 10538
10780 11079
10354 10588
10073 10869
10022 11286
10452 10206
11196 10489
9918 10170
10374 10303
10538 11477
10137 9999
10125 9788
9727 10312
11336 10738
11148 9972
11496 9813
10303 11264
9971 9829
10574 10574
9911 9972
10380 11134
10908 11058
10787 10373
10074 9761
10784 11258
9750 11429
11390 11033
11408 10618
9815 10168
10871 10415
10418 10418
10489 11129
11485 10777
10125 9941
10307 10318
9816 10964
9888 10631
9853 10782
10945 11256
10147 10535
10012 10012
10731 10190
10641 10347
9931 9738
9750 11354
10768 10605
11485 10694
10126 10302
10938 10538
10247 10247
9810 10178
11091 10260
10307 11425
10641 9829
10457 10137
9980 10018
10713 9848
10147 10647
10477 11127
10677 9813
11379 11336
10678 10202
10704 11099
11090 10095
10561 9920
11294 9980
11412 11429
9872 10415
11014 11282
9854 11247
10147 11240
9932 10024
11276 11264
9743 11233
11310 10853
11511 11078
11306 11468
11294 10263
9999 10379
10137 11354
10936 10632
10220 10471
10436 9949
10789 11034
10003 10003
11152 10725
10926 10499
10419 10637
10147 11197
11463 10018
10790 10320
10936 9804
10796 11441
10634 10837
9983 10849
10201 10927
11095 9911
10789 9976
10355 10913
10300 10769
9724 10288
11089 9867
9993 11007
11134 10248
10859 11127
11197 10527
9872 11095
10527 10034
10950 10400
10327 9716
10300 11352
10871 10600
9810 11454
11095 9918
10052 10871
11114 11463
11267 11446
10137 10355
10198 11126
10457 10777
10659 11180
10908 10331
10822 10647
11354 9797
10253 11286
10800 10149
10038 10724
10152 10261
11432 10965
10891 11506
10417 11446
9788 11124
11322 10318
11015 11245
9942 10730
10103 9846
11186 11479
10038 10318
9730 9889
10828 10736
11524 10241
10312 10874
11025 10182
10155 10662
9788 11016
10947 10640
11294 10042
9840 10914
9735 11016
10410 10069
11139 10321
10410 10564
10531 10920
10936 10772
10894 10894
11277 11401
9752 9752
11265 10212
10909 11322
11485 11511
11387 10671
9872 11384
10708 10708
10198 11421
11491 10303
9855 9909
9832 10345
10770 11382
10490 11075
9975 10646
11237 9736
9994 10894
10827 11478
10384 11479
10836 10836
9942 10657
10948 9850
9864 10002
9934 10778
10038 10295
11041 10584
10410 10554
10244 10198
10980 10490
10103 9889
10039 11332
9816 10687
10527 10721
9778 10237
11007 10983
11123 10165
10645 11314
10964 10146
11018 9992
9746 10494
11454 10303
10703 11508
9892 10034
10006 9955
11294 10380
9966 10660
10575 11182
10850 10250
11425 11384
10057 11248
11395 9918
11208 10240
10986 10646
11103 10787
9815 11127
9738 9801
11294 9911
11417 10067
10633 10025
9816 10623
10081 10570
10018 10018
10637 9793
10227 9837
10356 10028
10908 10649
10302 10302
10505 11395
11336 9901
11030 9980
10655 10888
11501 10832
10336 11171
10150 10688
10410 10778
11294 10020
11039 11176
11032 11520
11464 11355
11090 11170
10556 10235
10113 10455
9942 10066
10396 9980
10006 9827
9866 9946
10380 11455
11138 9993
11314 10861
10471 10387
10084 10192
10731 10866
11264 10685
9809 11182
10006 10410
10426 10784
10135 11194
10374 10369
10546 10298
10300 11366
10308 11454
9992 9738
10948 10384
11116 11335
9839 9962
11114 10865
10195 10893
10417 10769
10300 10719
10751 11096
10396 11013
10789 11211
9942 9942
10273 10273
11095 10103
10159 10064
11449 11220
11114 10780
9983 11409
9888 10678
9838 11334
11464 10607
11215 10095
11211 11477
9865 10158
10791 9758
10584 9793
11511 11264
10426 10959
11464 10875
10613 10613
9957 9796
9756 11434
10288 10615
10986 10364
10812 9868
10560 10389
10599 9947
10655 10604
11082 11144
9980 9947
9919 10505
10290 10826
11394 10820
11524 10867
10198 11478
10868 10490
9925 11406
10794 10903
10298 10045
10915 9752
10719 10827
9954 10365
11511 10959
10355 10829
10984 11387
11217 10265
10300 11252
9723 9723
11152 11372
10722 10662
10391 11078
10789 10384
9762 10964
9942 11358
10533 9958
10385 9812
10941 10941
10838 10838
10225 10095
10490 10303
10467 11422
10457 10722
11211 10303
11148 11095
9815 10053
11261 10475
9837 10698
10648 9718
11454 10897
10829 11391
11336 11099
10008 11203
10693 10987
10846 10487
9815 11340
11152 9814
10023 9744
10789 11406
10175 10664
11355 10808
10958 11516
10288 11247
11105 11384
10077 10730
10410 10711
11316 9956
11426 9718
11426 10475
10410 10410
9815 9866
10846 10639
10006 9861
11442 10194
9805 10261
10591 10591
10008 10670
10906 10772
11005 10712
10968 10839
10641 10924
11500 11211
10385 10625
11098 10221
10268 10870
11015 9982
11195 10205
10465 11300
9735 10914
11434 10410
11002 11002
9811 10765
10502 11350
10045 10930
10123 10189
11179 11417
10977 11070
9816 10478
9815 10813
10789 10130
10228 10290
10524 10524
10201 10753
10253 10917
9757 9801
10959 9718
10871 10388
11383 10417
10984 11373
11182 11182
9815 10682
9887 9979
10077 10527
10567 10206
11483 10235
11232 10568
10091 10567
10130 11230
9743 9947
9917 11261
10452 10803
11483 10680
10100 10576
10268 11171
10182 10369
9786 11244
11397 10104
10376 9903
10648 10940
10725 9760
10026 10678
9983 10578
10496 9985
11406 10530
10599 10189
10389 10255
9718 10671
9757 11067
10938 11217
10615 10451
10022 10542
10886 10348
10318 10870
10456 9798
10365 10804
10443 9829
10175 11466
11482 10303
9910 10422
9735 11401
10706 10916
11148 9871
11454 10461
11075 10379
10655 10004
10986 10270
9738 9880
10786 11122
10202 10048
10467 11055
11418 10044
10084 10105
10784 10633
10175 10077
10290 11207
9784 10369
10950 10958
10505 11345
10191 10516
10789 11050
10446 9802
9980 10103
11083 10637
10789 10529
10947 10947
10645 11015
11294 10789
10345 11477
10527 10651
11511 10837
10006 10268
11417 10360
11533 11512
10268 10375
10266 11000
10415 9727
10093 11168
10575 10136
9750 10348
11070 11087
10316 11224
10589 10547
10008 9850
9992 9909
11197 10018
11211 10480
10280 11127
10220 10373
11475 11394
11010 11029
11482 10962
10272 9801
10088 10088
9724 10064
10885 11421
10965 9924
10659 10674
10030 10957
11118 10159
10851 10794
10001 11128
10356 10576
10198 11079
9847 9968
11022 10260
11518 11493
10958 11167
11252 10298
9773 9829
10385 10114
10277 10262
10137 11362
9775 10930
10846 10002
10128 11048
11092 11433
11254 10763
9762 10376
10070 10704
10975 11463
10490 10397
10410 9992
10502 10071
10731 10522
9879 10018
10533 11118
11485 10067
10871 9828
11394 10925
10497 10681
11016 9824
11387 9969
10807 11299
10441 11281
10463 11406
10500 9850
10746 10451
11417 11293
10812 10065
9835 10582
9724 9965
11267 10888
10909 10953
10959 10730
10303 10303
10327 10337
11162 10210
10008 11178
10789 9971
10039 9731
9728 11060
11051 11409
10465 10670
10114 9879
10152 10490
10465 10414
10017 10615
11314 11314
10959 9926
10780 11418
9746 10290
10198 10863
10713 10593
11007 10375
9804 10471
11186 10851
10567 10440
10331 11420
10426 10871
11267 11358
11477 10157
11283 9951
10977 9837
10819 11127
11539 9822
9942 10639
10948 10039
10836 9762
10426 10318
10389 10780
11397 11501
10410 9917
10198 11404
9983 10592
10465 10681
10871 10772
10114 9937
10571 10279
11148 11479
10158 11082
11277 10761
9900 11417
9838 10410
10496 10194
10527 10214
10066 10563
10312 11180
10404 10378
10533 11139
9942 10581
10402 9824
9994 11082
10812 11479
9951 9887
10095 11170
10020 10020
10116 11325
10020 10936
10923 10808
10700 10191
11362 10663
10873 11190
10070 10465
11515 10792
10372 10617
10500 10128
10531 10018
10446 10617
10455 10040
10384 11250
11533 10250
11178 11291
10019 10283
10300 11196
10645 11524
10223 9867
11016 11124
10016 10380
10976 11342
11091 11157
10183 10183
10345 10134
9983 10416
9777 11237
10893 10893
9942 10897
9750 10165
10253 10765
10686 10048
11264 11377
11343 10154
10198 9975
9815 9736
11103 10266
11404 9769
11290 10939
10384 10825
9983 11496
10789 9762
11058 9758
10851 10914
10392 10708
10356 10450
9777 9777
10030 10593
11017 10443
10938 10065
11289 9760
11269 9941
11088 10427
10471 10905
9899 11457
9859 11392
10958 10247
10385 9995
9872 10837
10533 11256
9993 11168
10976 10058
10355 11447
10948 9814
10641 10097
10826 10959
10633 11387
10850 9925
9816 11185
9983 11491
11224 11509
10290 10959
11356 11177
10018 11127
10524 10220
11485 11273
10923 11301
10241 9946
11051 11256
9827 11532
11114 10839
10228 11197
10198 11418
10006 10913
10669 9978
11336 11039
10001 11421
11019 10189
10457 11148
10808 10547
11366 10282
10241 10266
9815 10862
10384 10800
10190 11161
9787 11208
10885 10302
10706 11397
9819 9799
10789 11187
10128 10763
10419 10656
9813 9793
10851 10363
9947 11032
10206 10206
10006 11103
10465 10159
10118 10986
10686 11439
9813 10449
11464 10787
10020 10527
10300 10066
10531 10005
10112 10467
10415 9977
10286 11311
10345 10478
10016 11227
10778 10494
10948 10533
10715 10986
11511 10794
10848 10345
10926 10192
10500 9735
9879 9955
9994 10113
10102 10690
10008 10903
10984 11485
11294 11432
10286 11449
9815 10819
10070 11240
9730 10961
11354 11022
10563 11366
9832 11211
10300 10527
11152 11203
11447 10793
10189 10775
9815 11440
9815 10733
9911 10988
9777 9892
11127 9965
11005 11305
10706 10663
10197 9780
10376 10962
11148 10999
10715 11013
9892 11524
10020 11471
10465 10424
9919 11376
10405 9877
10055 11296
11172 9809
11314 10584
9866 11177
10077 9755
10866 9809
10384 10181
10020 10538
9812 10039
11017 9925
10570 11195
11101 10063
9921 11127
11179 10794
11446 11192
10837 10803
10533 9725
11010 11010
10884 10787
11139 11482
9775 11148
9973 10370
9724 10763
10980 10414
9983 10320
10711 10808
10090 11293
9956 10510
10415 10753
11260 10798
10302 9755
11211 10567
10555 10316
10533 10851
10850 11523
10465 10397
10020 9718
9832 9734
10113 10794
9942 9969
11254 10873
11331 10232
10948 10855
11283 10159
10709 10805
11323 10302
11517 10125
10844 11145
10575 10216
10326 10527
9743 9829
11266 11180
10371 9995
10836 11485
9768 9804
9815 10376
10810 11485
9746 9780
10102 10900
10886 10963
10455 11037
11482 9897
10018 9867
9743 11387
11176 9860
10426 11206
9872 10711
11105 10243
10318 10825
10147 9946
9942 10533
11095 11211
10398 11394
11479 10892
9816 10295
10439 10765
11485 10604
11148 9779
10114 9813
11185 9787
10019 11266
11134 9722
11107 9771
10655 9773
11500 10444
9994 9776
10837 10132
11270 9748
10003 10104
11123 11134
10752 10043
9911 11256
11464 10581
10810 11180
10302 10247
10885 9980
10394 10257
10867 10591
10258 11454
10096 10031
9992 11224
11138 10529
9850 11390
10372 11018
11485 9762
9735 10295
11098 10246
10965 10965
10008 10008
11197 10268
11485 9827
10385 11211
11533 10093
11360 10319
11263 10147
10016 9736
10253 10474
11203 10198
9853 10349
10698 10698
10923 10584
10082 10795
10303 10647
11017 9750
11211 10415
9816 10473
11075 11391
10013 10804
10715 10016
11148 9762
10885 11174
11139 9743
10300 10102
11336 10229
10060 9866
10873 11442
11479 10917
10844 9983
11096 10978
10384 10962
10006 11243
9925 11520
10426 10136
10596 11252
10345 10198
11359 10590
9951 11501
10908 11354
10371 10217
10258 10376
11472 11287
10039 10869
11533 10345
10567 10986
10959 10199
10038 11032
10377 10427
11017 11179
10769 9922
10890 10738
10150 10324
10376 11301
11356 11481
10367 10393
9994 10804
10658 11130
11523 10730
10309 10505
11522 10471
10010 11264
9952 9820
10527 10934
11533 11089
11350 10389
10290 10255
10615 10801
10584 9956
10984 10236
9815 11266
10926 10155
10846 10272
10137 10130
10471 10825
10307 9910
10491 11202
10810 10776
10678 9933
10722 10229
9760 11291
10147 10447
10426 10533
11417 10303
10465 10287
9847 11045
10286 11090
10013 11067
10070 11485
10318 10149
9942 11464
10641 10283
10722 10863
10204 10829
10848 10562
11383 10711
10298 10058
10625 10388
11454 10060
11354 9801
10859 9946
11051 11138
9994 11402
10780 10411
9983 10940
10158 10674
10228 9736
10866 11493
10384 11419
10016 10741
9750 10776
10006 10025
9952 11463
10857 9848
11034 9969
11107 10738
9756 10645
10986 10584
11016 11269
10659 10690
10851 10157
10198 11363
9815 11139
10766 11178
10416 10754
10008 10268
9942 10936
10731 10674
10415 11373
10777 10615
10178 11160
9846 10632
11417 10639
11455 11140
11174 9932
10979 10408
10465 9842
9987 10845
10300 10893
11512 10852
10690 9963
10695 10695
10182 9801
11215 10768
9872 10175
11461 11126
10562 10453
10655 10704
10189 10584
11511 10777
10194 10194
9983 11354
10197 11171
10198 11244
11383 10032
10682 11034
10787 11403
10811 10811
11264 11127
10367 11192
10006 10079
10805 10439
11313 11025
10555 11088
10977 10304
11061 10160
10663 10794
10947 9801
10244 11039
10069 11271
11263 11099
11123 10202
10094 9918
10987 10562
10456 10390
10198 11268
10179 10851
10102 11149
9750 10201
10864 11485
9722 9722
10020 10711
10827 10495
11500 11500
9900 9925
11427 9721
11095 11264
9952 10704
10094 10927
10455 10379
11491 10472
9786 10789
11240 10129
9724 10788
11279 9898
10018 11192
10597 10316
10866 10335
9951 10993
11032 10470
10491 9778
10167 9983
11500 10384
11186 10384
9829 9755
10385 10103
10052 10017
9981 10265
11203 9830
11294 10365
11522 10149
10777 9743
9954 10448
10945 11017
11207 11197
11197 11118
11237 10097
10415 11340
10216 10412
10827 10607
11215 11147
11446 11446
10253 11276
9983 11288
10505 10358
10846 11417
9732 10742
10316 10000
11454 10318
10789 10376
9816 11221
10984 10704
9900 10794
10984 10684
10837 10182
10036 10079
11301 10566
11510 11191
11127 11457
11018 9879
9951 10275
11533 10085
10177 11270
10783 11519
11148 11038
10147 10600
10208 10986
10522 11034
10436 10968
9815 9748
11131 10527
10980 11095
10467 10827
10035 9854
9938 11518
10963 10004
10851 10178
11386 10445
10137 10125
10268 11126
10147 10730
10211 10018
10585 9818
9756 11368
10415 10187
10290 9865
10546 10854
10645 11485
9993 10253
10174 10594
10812 10515
11412 10441
10416 10031
11186 10093
10125 11401
10175 9920
11139 10147
10198 10725
10959 11322
10465 10195
10669 10584
11283 10457
11111 9927
10787 9830
11293 11050
10229 9816
10550 10345
11491 11387
11342 11304
9903 10694
10070 10481
10416 10272
10417 10431
10948 10890
10198 10671
10039 10039
10936 9853
10800 10685
11063 10322
10467 10182
10175 10842
10731 11346
10502 11326
11018 11286
10326 10318
11496 11269
11426 9743
11397 9836
9750 11052
11017 10045
11018 11305
9888 9971
11368 10302
10373 11356
11133 11022
11378 11097
10457 10286
11464 10427
10731 11197
10663 10917
9855 10725
11470 11128
10242 11287
11417 10010
11500 11351
10021 9991
10527 9837
11139 10567
10006 10677
10221 10795
10149 10369
10467 10367
11336 10213
11203 9760
10948 10497
10923 11406
10272 9981
10984 10175
10445 10869
10456 10685
11395 9804
11420 10876
10460 10237
9855 11406
11336 11479
10175 9784
10533 11515
11267 10466
10963 10619
11472 9909
10147 10370
11293 10124
11089 11039
11007 11494
11203 10312
10885 10251
10885 11190
11482 11496
10125 11016
10126 10125
10198 9943
10789 9928
10695 11013
11186 11355
10198 9972
10599 9992
10818 10431
10456 9811
10155 10250
10178 9781
11386 10962
10482 11511
10948 10848
11331 9901
10410 10490
11387 10470
10641 10212
10053 10563
11114 10725
10070 11322
10198 11409
11387 10753
10465 10781
9979 11074
11048 10870
10465 10907
11197 10415
10465 10851
10126 11403
9843 10345
10417 10829
11337 10366
10533 11384
11107 10266
10938 10962
10780 10857
11203 10376
11533 11153
11203 11331
10533 11501
10006 9768
10887 10632
10457 10130
10787 10050
10873 10794
10360 10800
10187 9915
10938 11485
10550 10147
10384 9953
11001 11065
11386 9743
9768 10970
10268 11354
10846 10743
10006 10439
10275 10448
11070 10307
10677 10021
10384 10110
10060 10471
10908 11099
10239 9970
10302 10272
9750 10954
11492 10659
9837 11416
9951 10382
11383 10578
10938 10419
11336 10384
10467 10220
9736 9774
10150 11397
10827 9973
10175 10534
10030 11247
9879 10896
11034 10962
10722 11487
10885 11316
10542 10755
