0 198
2 1210
3 1190
4 50
1896 1002
5 1045
1895 679
6 1434
1894 1598
7 386
1893 276
1892 1074
1891 1673
10 208
178 519
374 60
1640 1008
67 1432
620 1865
1345 1869
710 467
1266 556
1594 257
108 146
1 903
1899 1704
1898 1497
8 1850
9 1549
1597 197
1014 539
885 655
455 141
1871 1754
1790 1121
1701 315
11 1891
12 373
1717 592
1407 9
168 93
1170 1877
1286 265
1008 953
1712 1237
919 975
783 1010
1290 853
1085 407
845 1179
920 1093
1897 1298
13 1519
14 21
1098 1495
837 1248
1839 175
896 665
1137 314
1880 1157
1614 968
1089 1423
625 1048
367 617
1464 345
1326 894
1445 326
909 1854
341 1368
252 1855
1167 771
15 691
106 1660
1289 237
364 316
1476 658
746 1062
780 1593
671 233
16 137
690 912
256 155
1788 677
92 133
17 163
376 711
69 1208
1661 1629
1523 693
701 1057
1513 1494
233 334
356 1489
1150 818
1779 568
570 955
18 1782
19 1829
344 1053
865 1863
1410 1151
1265 1246
755 1485
1027 644
1855 1403
650 1374
1618 1171
532 1439
526 1715
20 1647
21 29
838 1219
1546 1445
1687 581
546 847
22 1551
1223 1641
1503 203
942 1083
448 104
827 288
841 1888
1073 1674
1436 856
23 1681
1203 279
1079 1516
1054 633
1760 946
1398 286
1362 897
1237 1394
24 37
1499 1796
923 1042
826 1662
1652 1262
1669 804
1683 90
752 1518
76 414
1768 511
519 1195
1181 840
1654 224
1883 1044
1852 1878
814 965
25 1584
900 505
939 42
562 367
1327 708
271 1215
758 54
134 1776
27 1799
291 335
1781 1477
1889 748
1347 1230
427 1794
331 835
84 221
1316 1349
28 107
1856 1570
709 682
1775 656
618 787
1533 1820
1667 1706
1558 249
26 1476
1866 48
1295 1449
1091 1266
1198 1486
1309 306
1531 1431
541 557
354 448
29 381
449 1844
954 1202
775 1578
1759 1294
1846 1366
30 887
617 1159
1415 833
784 664
96 1197
31 1733
32 300
459 1741
57 597
148 1491
1522 774
952 1596
33 920
624 498
1320 1615
1655 1701
387 1699
34 716
1641 666
906 329
281 934
314 700
161 1534
297 462
1453 134
450 1564
641 290
35 1464
877 1634
421 55
666 1692
911 1065
36 1027
212 164
1843 1730
1330 269
652 289
1795 684
37 544
1482 895
1805 814
272 1224
901 622
1887 966
728 564
343 1487
719 22
1044 972
258 808
819 1006
1505 712
316 1471
687 1252
1278 301
38 1746
39 1222
1036 1559
683 1778
1725 1408
305 1286
917 797
40 827
1828 829
1241 272
566 885
1412 1745
696 402
1107 1811
1439 1881
41 1346
308 878
1462 1592
42 709
1854 333
70 702
351 1744
174 158
298 352
505 73
89 1089
262 231
1440 828
312 994
766 1771
798 793
1584 185
1242 317
227 954
833 1068
633 1858
349 220
43 871
44 637
1716 24
470 1398
45 1273
162 742
409 126
268 1098
1823 938
105 751
392 1508
46 1702
1379 1822
346 239
630 180
834 1435
213 1191
47 312
866 1834
928 488
1769 620
420 1446
871 795
1122 1628
1138 1024
48 27
768 767
592 1013
733 580
1662 509
894 1792
1516 1659
49 1657
187 608
1530 1099
1366 103
310 161
1363 566
554 866
484 527
1508 433
50 1636
1544 41
191 1420
997 1540
463 577
1348 393
1617 5
51 978
1858 730
1517 1355
1642 204
1007 976
805 121
52 753
612 106
940 1643
133 487
264 1656
53 1690
1380 1088
150 1182
740 10
458 754
795 1509
957 484
1873 1638
1886 586
229 1124
548 1378
1695 1325
466 923
54 176
1358 293
598 139
1682 977
801 374
1518 963
55 1317
56 1736
739 217
1732 1838
1804 1633
1102 635
874 1362
1029 349
970 1082
1058 170
1870 40
1423 215
1055 1475
1424 57
58 1051
117 1646
1258 151
1704 1813
125 632
1304 228
522 1652
1040 343
1429 631
1703 523
59 1807
93 390
595 1655
1171 375
156 1275
1022 1501
246 1731
228 339
395 517
1272 1561
61 1283
1200 1192
429 883
1692 1254
1361 549
1367 1363
62 1658
1800 1350
1816 11
102 97
1396 1204
1284 1120
60 1070
63 445
253 240
1656 1649
508 59
1323 486
1433 905
1636 222
1842 1361
64 0
1141 1145
186 476
247 670
809 1644
948 1720
1416 1789
65 1803
574 1797
1408 423
1081 452
1496 1335
993 1779
724 605
66 781
1062 1280
551 573
1876 758
790 1217
803 1274
1023 165
1475 427
1480 119
1735 51
68 1753
419 1155
1236 669
1339 227
1204 1158
1337 358
589 1166
98 1429
964 464
1650 252
1196 788
236 351
732 387
240 355
1807 604
1026 805
605 1302
1853 1143
1372 989
1849 25
71 950
1303 546
523 939
1727 1672
1069 746
72 803
1313 1458
1509 1876
1116 1728
1770 1721
771 618
1785 1117
73 1752
990 1514
377 1328
1276 775
850 1077
1814 1326
996 1160
1113 1244
494 1370
413 192
372 1563
128 850
1336 69
75 376
1409 1676
1838 1665
1711 918
1030 762
1547 1856
74 1484
77 212
1099 1667
1521 321
347 1085
78 254
275 419
967 515
330 19
1285 533
1092 130
1820 757
883 1571
915 26
1071 1718
79 531
80 692
194 489
1763 1581
984 274
543 1072
1075 881
81 612
478 615
779 1207
254 956
1318 1233
417 1056
1331 503
1261 1879
1845 114
82 667
83 843
1114 1743
1848 216
658 439
1264 87
1215 1400
333 721
763 913
85 1303
727 131
1357 404
1719 1558
1502 153
1175 235
1681 1765
1832 1740
835 1835
1579 1450
1605 156
267 1468
1705 1223
138 786
243 524
1388 888
608 908
1009 1401
242 184
1771 1144
352 902
1103 832
86 384
87 562
88 776
1097 179
693 1569
1283 30
1663 1566
1145 470
1678 996
1013 799
320 456
802 342
279 733
1867 1710
1184 590
665 1809
498 17
90 548
1520 1240
1015 1404
315 777
1076 1247
703 1768
930 1323
112 779
1630 1725
91 122
660 454
639 125
1305 171
1111 383
769 569
1812 1371
564 188
189 412
485 1886
568 806
1152 1214
1018 1122
408 1133
94 1473
615 958
406 725
507 344
475 640
670 1139
95 1253
713 1039
599 1723
1192 1828
159 1228
1302 1238
1553 251
249 331
642 368
720 1580
184 1373
1568 986
1012 268
426 1118
1220 401
1387 598
708 1263
1417 1774
97 1111
1743 1683
326 1853
1490 623
1183 1047
607 919
643 1038
1426 1067
99 1388
447 308
100 973
1082 1791
584 951
1377 674
556 1327
101 1018
1545 537
216 492
1422 1189
123 1535
1674 1590
250 291
1271 1848
332 219
103 1668
160 1622
1105 84
294 1200
1072 759
1292 318
1119 79
104 715
706 1193
442 1587
1121 1871
553 1153
214 1637
1657 362
1647 147
1066 159
153 435
300 819
107 422
1624 1611
918 706
980 570
1786 1479
109 729
190 1090
1478 1330
1353 671
1680 1552
110 400
843 1845
215 193
956 654
530 199
799 124
1172 877
111 429
307 628
462 599
350 1011
1218 1304
540 281
1207 925
1782 1463
1463 347
520 1428
691 1358
804 1532
1830 947
1392 1821
1209 1084
1512 535
113 971
114 1405
1510 1777
953 614
1132 681
528 442
594 483
285 1345
461 485
1033 1218
656 461
144 991
684 1322
1809 1138
1863 1115
115 1054
116 1433
457 405
1341 732
1216 1691
1570 884
1609 513
157 862
204 1293
152 1883
278 277
1612 1359
681 1309
1177 1292
1659 747
961 468
1498 964
118 1196
119 567
386 718
891 325
131 707
1047 1418
1090 1305
1604 1312
120 687
921 583
1525 256
324 123
121 1059
1273 1242
1549 500
1006 62
791 837
1133 34
122 858
1001 424
1108 1759
451 659
473 948
1300 1132
1713 909
949 1152
640 1376
525 848
614 1267
124 1212
1620 931
340 1452
336 1689
424 319
1221 1430
836 1724
126 1324
1460 451
1494 1198
468 1022
606 1392
1435 1411
932 1496
1384 642
912 769
846 719
127 1884
1629 512
206 1387
129 717
1391 995
348 1264
1535 1172
561 1766
266 1698
130 678
1024 1870
1487 247
1766 811
1162 551
132 92
698 992
259 839
1864 1750
1359 1469
158 1332
1585 183
412 1140
388 1830
1188 1773
645 1502
135 33
404 582
136 1639
1815 61
738 341
303 45
1752 959
137 1764
815 710
971 1341
1025 1547
389 43
590 23
1049 1357
139 100
403 1762
533 282
1601 1805
1294 168
140 626
1017 338
1470 1623
141 613
1690 1014
750 941
1166 636
289 867
142 196
1381 1806
237 554
143 1183
549 494
596 910
537 960
1235 1603
205 6
717 1846
1486 1557
145 431
649 1055
146 406
1135 1772
1376 1367
147 44
667 743
1268 816
657 675
1862 683
969 1837
1551 207
1829 1061
422 1078
945 782
616 1225
211 116
280 741
994 1612
582 1071
536 1808
777 295
1043 792
149 1351
151 1599
557 1688
514 962
580 915
1789 1241
756 594
1693 1377
1744 1017
1689 465
735 71
1115 545
154 1522
1485 1130
1333 755
688 1347
1479 1231
933 936
155 392
1394 1050
1232 1712
438 901
1104 1453
1155 1503
182 1389
1817 1760
1730 1176
692 172
1872 1831
1180 157
963 893
1639 1619
1016 834
610 873
695 822
1262 270
1541 1589
1035 1216
207 1064
414 1686
1488 99
503 1607
411 1112
1088 1530
166 1864
1645 1555
358 1631
1625 1344
1096 495
722 434
1328 152
1064 1421
1722 469
1500 1032
960 186
1611 1095
1109 1092
163 1161
164 420
165 101
1834 1758
428 1315
1691 689
167 765
261 1258
1607 1769
968 1493
357 929
1199 619
1397 1616
169 1142
534 128
1573 685
1564 1091
1738 526
943 1250
938 1019
1355 502
705 1490
1239 927
1257 1169
170 516
1117 854
176 459
506 1409
965 1556
171 1015
172 1483
443 1624
609 1282
559 1583
1307 1102
173 1036
631 1416
1301 89
317 20
1217 1816
712 1661
363 943
1543 1235
1038 327
405 1511
180 690
370 361
515 7
1291 120
1231 621
1757 480
175 1213
1686 1786
1159 1457
1050 824
177 1415
1746 117
1208 1862
822 39
306 1465
1360 1832
1214 1554
1349 1333
1465 1546
179 1500
1506 624
792 1455
325 173
736 1119
1310 1356
1147 879
1792 1316
1144 1802
685 478
1063 543
1515 182
925 1221
844 1300
181 1257
183 337
863 922
1884 768
847 1114
482 432
675 397
1511 731
185 1635
1473 12
322 1542
778 1833
872 745
1403 310
1057 1329
1593 113
232 136
318 68
196 1269
1128 1670
446 534
188 727
500 957
371 1513
1374 1245
1646 372
1338 1617
1821 625
1267 896
855 1249
1623 611
941 346
1450 1162
1373 1610
192 473
1324 935
193 1313
299 246
479 1126
1458 668
492 521
329 663
1032 457
979 496
669 705
195 1100
905 1073
1707 328
702 302
1414 1227
435 13
1548 892
197 1170
1255 1470
379 1600
1378 1560
773 425
1340 561
198 1021
962 588
200 520
425 1585
910 911
1791 1106
491 145
1580 1342
1529 1134
201 813
1371 1365
676 1379
902 1296
655 802
1421 1076
199 140
1824 311
248 1873
202 1451
203 1260
1191 861
991 263
1095 1896
1385 181
464 108
870 791
1783 928
1638 1826
1201 845
1569 1301
619 627
848 132
1796 1456
538 1426
476 969
1123 8
621 1295
208 1399
1045 863
209 1520
210 398
572 389
1094 1694
1459 536
1444 817
811 409
287 382
1591 538
1708 1436
1139 1575
852 1893
976 921
1581 243
1010 1103
587 825
366 259
1697 1810
1637 1696
290 453
218 1798
647 1410
217 1353
518 1033
489 296
741 1506
1441 891
999 95
1164 53
219 1679
220 66
378 1654
788 807
914 606
1675 676
221 16
222 990
853 1521
360 1007
469 1255
1688 600
223 1836
224 1386
328 378
737 1533
295 798
547 756
1404 587
1536 585
225 463
339 1577
1566 1839
1627 1186
950 680
1432 532
226 1579
1588 258
1776 410
495 1343
410 1440
1772 1515
659 72
230 364
555 1880
936 63
231 78
1080 703
916 1761
1606 1001
1666 1868
830 1892
884 1671
477 1482
1443 1841
1671 1875
234 1898
565 1889
441 85
393 38
887 1604
235 1004
1677 479
1653 1697
1100 1817
369 377
342 15
888 899
311 244
238 1125
992 1763
977 297
239 1818
859 1783
1125 1664
313 643
1350 673
1186 764
862 1608
436 1318
241 1682
886 238
742 1709
1468 74
1540 411
679 1025
1665 874
1067 223
244 772
1831 744
711 154
319 1562
545 1685
1694 371
245 1031
1556 283
1888 162
444 1173
1083 970
433 1383
1860 1360
1136 849
1878 1739
1484 1609
1197 857
654 438
927 1507
490 1510
1149 810
1635 940
1319 726
439 1320
1590 1188
986 563
1430 1291
1154 1391
251 868
677 728
796 1478
1454 576
575 740
1495 1109
653 477
487 696
951 870
1457 1382
255 1788
504 1459
1747 540
1129 350
257 1288
1051 1422
380 914
782 593
1672 1443
418 1680
1297 1890
284 1277
1660 1040
260 206
578 1857
858 841
274 248
1110 1413
415 1770
1229 831
1270 474
1810 974
263 357
1399 1537
1633 1755
265 528
995 1397
583 984
723 421
1178 575
375 395
1126 724
282 770
1438 1527
1317 1517
531 1695
1664 1594
269 1790
1745 143
1205 1424
1728 241
270 1823
1528 449
1534 1851
362 1175
1325 880
1041 882
1078 441
1364 571
334 886
1446 1108
273 1467
1156 916
1466 1895
1419 609
1501 1812
465 218
731 1722
787 499
813 1101
1332 1474
757 1029
276 96
1724 354
1600 641
383 1030
1060 1882
277 553
1799 230
1431 1206
989 56
1233 320
864 809
751 1232
1077 1539
1263 1885
1737 266
1383 790
1195 236
1837 1265
700 1825
1684 906
817 388
1742 789
283 1675
603 105
286 460
1755 616
714 987
1019 261
1787 1653
288 760
800 985
597 1049
816 177
1803 1251
493 481
812 1020
1778 1412
1734 440
292 506
1176 1849
745 267
327 1104
293 262
1173 1094
335 603
981 846
576 242
1084 672
1131 634
1615 1793
1335 942
1020 842
1582 1141
296 821
937 1866
1780 1287
400 102
1840 1572
808 1150
828 579
1254 446
1715 49
1210 82
301 1086
861 271
1731 1588
302 1199
1576 1651
1368 98
1761 1334
496 209
1869 1550
661 200
1405 201
304 1795
807 299
1477 1748
760 278
1622 1735
1065 1531
767 876
593 226
1158 1075
1101 455
1706 437
1189 1185
586 1717
1052 1
1124 1597
744 952
1526 255
309 1135
1370 1567
1428 1787
1765 1859
481 541
1811 596
646 1466
323 734
628 174
1086 1079
1879 1234
959 1498
1234 213
1563 1815
1070 1066
1212 109
345 1448
1280 650
579 852
1784 1178
1571 229
1277 949
1269 169
1577 65
1127 1284
321 81
842 823
1037 1201
1230 812
626 924
1567 1860
1773 653
480 530
1005 167
1260 1887
1447 1525
1700 796
1413 115
857 933
635 1437
1835 365
1575 800
1595 1194
602 472
729 1177
944 1203
1861 1512
983 497
772 88
337 525
338 1012
1395 1874
1321 1340
704 1601
1676 195
907 138
591 864
824 639
1483 303
1596 1472
694 273
1586 1800
571 1308
972 1524
1736 380
1352 1819
1472 701
1882 1861
1493 1541
821 784
353 1504
879 1226
1382 1714
1246 869
434 1645
699 851
1296 820
355 491
550 415
806 284
1572 917
881 1319
359 889
725 1005
1868 1167
397 815
1351 149
361 144
781 1602
1334 1729
1061 547
1504 1872
1048 1528
682 578
365 723
1859 348
524 591
1519 1742
1365 522
1748 1543
581 111
1420 1438
1851 1058
1202 844
373 1693
368 417
502 430
890 1043
1256 1406
1767 1568
1227 52
474 1481
776 737
840 1606
749 1427
1143 1184
430 1229
1774 1278
381 211
1467 979
382 416
1226 944
975 1843
577 86
384 558
818 1299
1696 1488
753 210
1538 763
897 1650
1631 572
601 1307
385 1824
1456 560
747 294
1425 584
895 178
1406 28
1491 607
391 1632
1329 542
390 1595
1252 1767
394 1414
1390 436
423 1279
1248 1339
1819 1684
1756 369
396 253
1881 475
398 907
399 1003
922 1187
401 413
629 1163
402 1168
1298 1899
889 94
558 647
1299 1804
1802 1499
1813 2
1714 630
407 773
673 1529
1228 1576
1670 695
797 394
1386 202
1287 189
1649 466
1847 518
1193 1180
1616 166
1448 330
1185 1642
1259 14
416 1648
924 645
1583 245
1039 428
1046 550
512 77
678 129
1619 1402
904 697
1562 1256
1668 1354
672 1442
1561 1352
1194 1009
1275 900
1250 1261
431 610
432 260
611 340
1877 1128
1169 967
539 1105
1279 1116
982 1181
1481 1080
437 859
1857 1505
1844 336
1833 507
1163 1545
440 1573
1644 649
716 1259
1281 1749
1449 305
1699 1338
445 112
1011 1536
1702 595
966 872
1343 264
873 1380
1418 720
651 1385
563 142
839 1553
898 983
718 1713
452 35
1750 1756
1434 1840
1389 648
453 1775
454 1669
903 722
674 1081
1739 36
1157 1310
1238 1270
1034 1372
1554 83
820 937
1673 651
456 801
644 1737
1753 482
460 1460
1471 565
1346 471
1247 1211
829 32
1559 1827
893 1396
1474 110
632 1148
1311 1174
1777 714
1587 926
1021 324
1306 135
471 1707
467 191
472 1046
1710 1041
908 1747
1598 1447
1542 332
1059 1708
1741 307
947 322
1253 1154
1411 214
510 930
664 187
794 1627
785 1348
1245 1096
1806 1417
1148 514
689 1063
483 981
726 1023
486 1390
985 370
488 304
931 961
1497 1311
1056 1462
1885 396
1000 447
1679 1337
1028 738
497 1716
1400 508
499 1149
501 589
973 250
1251 1243
1720 1625
1723 1727
542 356
509 1321
1003 501
774 1630
544 736
511 1492
513 80
880 1209
1797 1113
552 1847
1557 1239
1243 1678
516 980
517 830
585 1087
1161 1867
1168 1220
622 148
521 1297
1658 1620
754 1164
764 67
527 662
715 75
1621 91
529 1276
1733 359
1762 1461
567 529
1401 1156
1142 1384
1179 353
793 698
535 826
832 391
1651 1271
1130 385
1560 552
1106 1069
1437 366
1249 1097
663 988
1836 638
1451 1444
730 1565
1461 504
987 1894
1628 780
1709 1425
1140 1137
1798 1757
770 932
1589 1016
1793 749
759 993
823 1784
560 1336
849 1285
1452 785
634 1574
569 1582
875 646
721 64
573 1677
1532 1523
1808 778
1118 1028
636 1381
1841 997
604 127
1240 1544
1825 1614
1685 1538
1213 1738
1527 1268
1826 1147
1442 1037
1402 1586
588 699
1211 493
1818 1393
998 47
868 1131
1865 766
1190 783
1219 1441
1626 225
600 1732
1890 1000
1369 1640
1282 275
1599 750
1721 31
935 860
1764 510
613 688
1288 602
1356 403
1507 1705
1874 1236
623 76
988 1454
789 1035
627 1785
1749 1548
680 999
1074 298
637 70
638 1110
1314 855
810 836
1427 1419
1004 4
1632 1052
648 601
955 1306
762 1814
892 190
1315 752
668 287
662 1331
1342 458
707 1123
1322 1734
1165 1369
1274 443
761 1897
1610 629
1093 890
1550 1719
851 1165
1174 292
876 1480
1489 1605
686 285
1087 1526
1827 490
958 1663
878 1666
1537 363
697 739
1634 1205
1068 1107
743 761
1565 1272
734 118
1134 313
1244 58
882 1613
1608 898
748 1375
1602 1781
1224 1314
929 1842
1160 232
1153 1060
765 1711
1053 1852
854 875
1344 686
856 1700
1726 205
786 694
1794 945
1042 660
1524 657
1354 1801
1146 1621
978 408
926 46
1206 704
974 735
1758 794
831 450
825 309
1375 1136
1740 1703
860 865
869 234
867 444
1603 194
1120 982
1539 713
1514 1751
1182 1407
1574 150
1469 3
1222 1026
899 1146
1151 1726
913 1591
946 1129
1293 426
1455 574
934 1364
1225 280
1822 661
1393 1395
1729 838
1002 652
1031 559
1698 904
1492 1289
1850 1290
1718 160
1308 1687
1643 18
1112 998
1555 418
1875 1281
1578 555
1801 1618
1187 1034
1592 379
1552 1626
1312 360
1751 1780
1754 1127
1613 323
1648 399
