0 1364
2 824
3 1973
1997 202
1996 1679
1995 1249
1994 418
7 579
1993 169
8 717
9 1830
1991 768
10 67
12 1516
1988 188
13 1151
14 634
1986 531
1985 1469
178 198
375 592
565 85
1393 1079
107 981
1088 350
850 1136
27 1493
756 1190
580 1159
1331 1848
1569 614
693 951
1127 919
353 670
1745 1625
1 1556
1999 1652
4 836
1998 10
5 1803
1992 571
11 621
1987 770
16 75
1603 559
1237 1534
800 718
288 1938
821 802
1167 1894
1375 898
1082 839
42 918
557 1499
6 408
15 1852
1717 1980
1422 1458
79 1553
1089 68
28 16
232 33
300 270
1712 331
1235 729
18 367
49 319
35 97
1667 251
173 1875
955 558
576 167
970 1442
144 1483
1514 1188
1608 1836
1049 1355
1741 950
388 1699
1664 1315
17 463
1990 1267
19 1645
1765 1425
732 1423
863 1255
1289 1235
896 772
113 1521
874 1106
641 1408
1938 359
1181 1020
1877 551
292 1860
1216 1037
1756 1430
20 37
1812 1909
1281 1726
653 1827
25 939
1863 572
1194 1480
398 1146
903 154
1559 1638
1342 1753
1151 1896
21 1797
106 580
1294 1908
43 544
99 672
233 196
1145 1337
328 366
301 1786
814 1389
94 1795
318 1593
690 1451
257 860
949 278
1542 699
384 1490
1007 637
236 859
377 758
725 1491
1719 261
1843 398
1099 435
1687 908
170 1632
22 1544
23 906
1478 1825
1646 816
1900 1092
1673 356
1039 1983
90 734
24 1661
1855 1590
941 1024
1334 441
1939 1199
249 1513
1222 292
841 1172
1431 1242
1768 760
1959 944
1344 1165
1464 1231
362 1889
132 445
1223 724
1510 1022
540 1636
1509 692
740 769
316 31
330 822
1068 1464
60 943
1150 1869
667 106
1069 472
26 1622
845 1566
1345 387
1169 180
773 560
411 482
280 1798
424 81
625 1173
826 1375
1550 730
1989 893
760 666
570 883
1327 1880
1254 584
907 1240
703 397
1743 293
1973 889
1791 1596
895 1843
1198 1179
1107 90
29 976
30 49
494 1473
1501 629
681 401
1969 1052
736 857
776 1760
221 212
993 1680
906 675
888 1497
672 1703
1302 1930
1482 124
31 1530
32 771
291 1110
1707 849
436 1579
1644 1234
86 1289
1419 1823
470 1780
1395 948
234 707
497 1856
1856 750
711 414
320 50
1609 1274
704 1450
346 1128
685 314
1522 1360
1590 1485
1936 1892
827 159
64 233
152 936
1100 329
33 1096
34 1793
818 1730
722 1972
1037 1194
1915 1045
689 1552
684 1178
720 179
940 1712
960 1261
509 1174
1371 1494
1011 146
1203 1904
403 517
853 1395
36 243
1418 1455
1948 1507
272 619
1823 1816
927 900
835 565
1694 1370
37 1801
1684 1008
1781 486
1104 1301
363 94
1614 1112
1680 1330
1486 1608
640 199
1924 1987
1243 43
624 564
1326 348
1661 1081
219 346
1186 1481
543 504
1622 476
807 1462
1944 1965
38 255
1641 767
192 1325
1820 227
1956 1
1121 1684
781 1438
914 138
279 1619
752 1377
1238 855
1390 1017
712 1026
1123 1862
130 1911
811 249
1217 201
1427 691
1019 925
40 806
41 321
212 1634
795 1939
82 589
1521 372
242 912
188 1145
1385 118
1022 1147
486 896
67 1604
762 697
1527 1690
48 156
1483 318
1975 1075
214 763
1612 693
1115 546
1919 1524
1582 1876
843 972
39 449
1649 1584
1629 1150
953 0
1179 266
198 263
1908 1975
502 1946
1163 47
44 1778
525 599
1094 1698
678 232
93 1832
1494 543
1758 1657
1735 211
45 660
1828 928
1247 235
438 1906
598 1327
1085 1227
271 444
1343 611
46 947
1637 1191
1967 1099
1278 725
1178 487
1001 1073
864 817
57 1126
303 1774
47 6
1980 294
1817 815
1086 262
200 465
92 1264
1362 913
1258 797
1631 1814
244 1078
1317 613
1139 537
190 1655
1158 1607
577 1243
1895 825
1231 324
51 1397
277 1985
561 421
1013 598
455 1548
1752 283
1891 622
1601 117
613 1272
50 968
177 869
619 1782
429 1850
726 1538
52 1304
869 1964
591 362
1446 352
1879 1916
452 1783
1606 1681
822 751
1816 663
389 871
741 1919
745 1582
176 1006
315 1574
1164 1554
340 32
1876 36
1380 1427
1960 977
1433 643
1316 247
533 532
1922 927
1892 1722
946 458
998 1487
1796 181
1583 1036
1747 277
1884 1995
1557 1391
53 1319
54 1105
55 1111
1544 1562
885 160
931 910
1321 1184
332 970
1260 1729
1337 779
56 1689
1690 479
957 1166
1731 1470
1189 609
1516 12
1715 1725
217 627
136 190
1548 1344
58 1115
997 1713
1301 920
1656 409
193 1545
1691 880
1696 636
620 170
1459 628
1511 834
59 828
75 1787
1916 298
1686 562
196 13
1849 1155
1000 1047
743 1449
1043 872
1913 922
348 1339
556 182
61 778
393 1719
742 807
1658 1926
317 161
1677 683
1377 1409
406 1203
1859 1790
62 1116
866 494
1573 1859
715 1672
805 1472
1624 600
368 1226
1794 1789
581 1525
255 23
63 152
77 793
1744 1591
1538 1784
1860 289
1898 993
746 1757
929 528
258 766
754 661
1052 1847
246 191
687 1488
1968 623
1229 932
721 1474
881 1400
1688 1872
1578 87
758 1630
65 214
66 1749
1200 1751
1277 1999
618 73
1286 727
379 1777
127 1580
88 1764
253 1433
477 755
1813 1461
1307 186
1138 1064
189 1290
1070 1138
601 483
505 1444
216 954
1585 1230
789 240
68 337
469 518
611 1357
1515 282
637 1903
159 1658
1292 415
70 1509
575 1311
1977 1250
1779 1025
877 1186
596 1891
1698 376
733 173
802 1104
491 525
71 1421
471 1368
1773 841
1097 427
69 1049
72 1731
1848 686
1378 982
626 1209
1234 1069
793 231
1597 1396
1721 1254
73 18
1180 1182
642 715
85 863
169 657
74 1195
589 1131
1961 60
1852 1932
547 65
1475 845
180 431
1640 821
848 1529
1408 1500
1894 20
1604 1594
1807 969
1009 248
1783 1169
1152 1124
1309 153
1401 1676
1815 1185
1212 1506
76 678
652 582
1767 1839
1802 100
1951 967
1232 899
1432 1328
772 1296
515 882
1379 1914
943 334
713 1287
311 723
1748 1682
534 1074
186 1851
796 566
990 1505
341 632
1451 1392
1288 1913
184 942
140 1628
656 578
952 555
913 500
1095 1345
1580 108
1034 114
105 1955
871 1581
1340 868
78 1383
80 1336
1098 1333
245 1236
1926 429
1693 995
81 328
1184 1125
1676 680
1078 1035
991 447
1160 1819
1952 1381
1805 1201
1834 1886
1404 700
966 1570
1872 1228
275 630
1642 1431
1703 396
1513 873
1626 1486
932 1743
83 126
1010 1563
263 192
1627 1624
326 1785
142 909
1136 1770
985 1385
1239 1921
84 1175
1636 148
1929 732
459 1637
1125 819
1348 501
484 1221
154 1051
514 1039
1564 533
1625 1307
925 509
1818 1874
939 1134
532 561
1228 1009
889 1970
418 225
747 832
1428 575
1457 1310
137 1890
1881 1343
1551 416
485 1090
1323 343
1284 795
1391 1133
1965 4
89 539
1264 1706
1219 1812
548 1335
917 1616
299 286
354 656
1018 1382
1537 1041
87 865
727 1284
1638 1435
1109 403
1473 1233
912 1697
461 535
1411 740
91 1577
1962 402
1841 229
1172 351
183 781
1562 1208
988 876
1014 864
512 1415
1838 1372
520 1951
347 1646
1274 1849
1546 1306
408 983
416 299
944 1237
608 1117
1718 838
879 72
1263 835
1005 121
1825 1824
1842 986
1403 757
1632 1768
108 311
1271 508
645 185
1672 1080
1732 1935
707 861
1971 302
442 132
1978 469
1720 1788
1554 1320
1083 808
1983 316
95 452
1506 1701
851 549
96 1277
464 794
1465 1599
956 1443
1786 353
1330 962
97 195
660 361
1912 1700
1129 1520
191 952
602 671
1413 818
858 1118
1530 1103
1734 1348
1840 1216
98 1225
967 1931
1067 674
1529 1029
546 395
281 320
162 388
473 1885
1425 644
1495 216
728 742
100 1143
847 382
101 422
247 1508
1727 1419
683 1606
813 1868
1526 140
124 168
1653 1013
1941 1482
273 1776
1015 1416
155 687
759 607
102 1001
414 1528
1402 145
798 975
1079 1129
880 1923
195 775
828 128
445 224
923 305
1091 1329
1669 710
1871 1746
1242 484
634 706
1066 178
860 604
1460 1379
563 1018
103 520
104 708
359 961
1917 82
739 1023
1046 236
1775 1720
319 1922
873 529
365 59
1935 554
1399 254
788 1197
1778 1270
1532 1853
1381 1130
1568 941
1128 1313
1531 1517
1746 625
1623 1929
1161 1141
585 1502
1749 1705
160 1696
1710 1459
1353 404
1652 1420
1610 95
432 940
1628 1899
364 513
621 1033
1156 1802
146 166
1170 1915
456 610
599 101
1795 1990
109 1010
1954 1901
1073 219
213 1085
123 741
1839 273
986 15
110 888
111 862
836 1799
1055 417
421 907
1339 1072
1556 1557
963 988
327 35
112 713
1224 1102
435 1187
1600 1422
753 1829
1931 1595
268 1949
1918 665
1799 1332
643 96
1030 1256
1106 123
1774 1351
1873 858
194 698
356 424
1705 726
1057 1411
900 1205
1276 931
351 1034
114 1232
115 197
706 1100
984 242
947 1769
1889 245
116 446
425 1763
218 209
1383 1515
295 1887
842 1219
1681 905
1784 1907
1966 1244
1084 430
1416 1870
117 1139
958 1747
1536 1002
791 56
1704 1765
523 1251
737 1937
1255 1353
1165 454
119 1733
1517 1883
360 992
227 695
1061 1861
1685 461
120 783
567 877
333 736
696 1808
240 1771
629 1879
937 1667
153 1820
121 239
724 1285
433 375
1314 304
118 1925
157 1263
1793 929
1555 1944
1175 1542
440 157
122 1314
278 1977
981 966
1365 1620
1367 290
344 420
1279 1522
387 1992
987 801
710 1600
1386 1902
922 803
1173 1162
1140 1569
921 712
226 129
1484 1245
1041 498
938 1709
479 1140
125 1612
126 991
1110 1794
1651 587
1132 1583
694 1739
357 7
1363 703
1591 655
755 1702
664 313
1444 1158
948 796
501 526
1678 389
1772 38
978 1300
1722 1791
128 679
1467 960
1930 538
1176 1963
908 386
1837 1338
1836 306
182 297
1168 1718
297 776
1844 645
1808 1200
1620 1183
1221 1048
1911 820
269 120
632 380
1921 1266
129 938
1552 1206
1643 1445
1869 66
1230 853
1800 512
1943 1642
131 1161
665 522
607 1043
1023 467
595 681
654 1453
1914 978
503 1863
605 1704
1162 540
1982 1376
1491 1054
293 752
133 1211
815 1603
1143 1936
1117 1707
1250 301
682 207
1253 377
135 785
1024 426
1199 250
1392 1168
1660 1403
476 1405
1771 829
1062 130
1215 965
1702 659
806 720
134 1114
1487 1888
298 1005
916 569
352 1602
361 1834
1028 40
458 457
1166 48
1481 1871
261 980
1092 1651
950 786
1790 617
1561 1366
1021 1708
1421 1683
1389 833
1103 241
138 1578
139 41
324 1565
649 646
1706 586
1298 1571
1081 51
1958 1755
968 1350
147 840
1310 1759
488 63
475 1857
1017 280
1424 1154
1004 1275
141 1613
849 1202
1723 30
1880 1893
207 1362
444 53
510 21
329 176
837 1170
143 17
1025 267
1220 8
1376 541
1602 1428
1753 1761
771 733
1910 459
764 480
1398 330
1886 1766
1857 1813
646 88
564 295
830 1495
1045 1734
1821 1484
163 1466
145 524
423 1241
1490 1354
1201 1841
148 1917
549 136
496 641
1827 1666
383 300
803 437
1351 744
367 52
1846 1410
1113 141
204 1539
1586 1711
1674 1589
307 879
1553 1177
149 921
150 1437
1670 257
972 434
1387 945
487 1665
671 42
1197 669
1135 11
1297 585
1027 1865
1287 1053
954 1737
1854 1402
1806 1412
1445 782
1981 1109
1737 1066
587 234
1120 413
1318 109
933 878
1182 1265
305 1762
1293 342
1946 1390
151 593
369 1475
1708 1152
674 1623
1453 374
410 271
868 230
936 1675
926 439
942 1541
241 1996
478 605
376 107
1811 1912
156 1019
1157 662
164 1167
969 664
1350 574
647 923
857 1122
560 1805
1504 1055
158 756
1618 411
1102 971
1225 1982
1177 1807
571 1742
1456 788
1492 705
1508 753
230 1567
322 1121
391 1171
489 496
856 1618
259 949
1146 790
1598 9
1650 464
161 69
542 1597
780 594
1137 1669
962 1210
901 846
1026 1518
462 612
1882 653
763 1551
1144 347
675 358
1792 1643
1124 1083
527 1288
1725 1735
1789 1792
1788 1822
809 1260
434 1855
1587 511
1904 1248
554 1727
1500 1220
1352 1664
1695 62
165 246
166 44
1461 488
1206 460
1751 1312
751 371
832 1293
396 26
1452 1326
1116 1873
167 1135
168 1572
1885 1629
1414 1615
209 901
1563 1717
1252 370
582 1940
1803 1342
335 491
761 34
314 171
1366 1065
171 1924
1630 654
1072 393
172 1514
345 1089
1054 1380
631 1968
1697 1309
1048 1452
1819 1835
1955 602
174 1361
1488 1991
965 701
175 685
521 1042
481 325
883 27
1621 1510
1338 70
1036 684
1785 851
1299 1878
443 1021
1945 1027
891 842
1733 866
1770 576
545 1635
374 206
482 1750
774 379
1549 291
553 1826
179 163
1543 934
875 1952
417 1341
370 973
911 892
516 189
1671 57
1864 527
181 867
995 258
286 360
1458 1399
492 1258
1655 926
206 1071
1119 237
854 1276
1332 1213
467 568
870 870
1547 134
1893 1540
1574 1032
1810 1956
185 220
1964 244
187 1933
861 269
1240 1148
606 999
817 1842
1907 1897
197 425
1388 1575
395 183
1058 493
919 93
898 507
1436 221
308 563
310 492
964 1976
1469 1176
1480 1810
614 759
535 223
331 64
750 1881
1589 603
465 1247
1925 433
1657 1598
779 1948
1668 1821
1761 260
1572 19
350 1674
1909 1537
1394 354
1356 1003
1006 83
700 151
1776 915
1633 1650
980 485
1711 716
1295 1108
1174 1752
1149 1015
951 530
1476 690
304 764
1324 499
1003 1677
1275 1246
312 1663
1210 1533
1214 1365
971 1347
394 1523
1105 1014
816 344
610 127
989 470
1305 481
199 591
1207 332
228 1374
1133 749
1449 502
202 1967
1499 735
934 1393
201 1745
203 1394
983 364
824 577
1659 1695
1114 914
1423 570
1364 355
205 596
825 890
994 1454
831 1137
1619 309
252 165
1033 1413
1202 1257
511 391
266 1994
1047 694
977 1432
450 1854
1208 937
504 688
1087 1519
992 349
1272 1631
1370 1198
1256 1989
208 1644
1970 746
210 1040
1313 514
786 1456
211 412
1782 1817
1442 547
680 1884
313 116
692 1295
544 677
1415 399
302 450
872 798
799 957
1485 1511
538 25
1576 448
536 1302
1512 1460
769 996
1032 369
584 279
1524 804
215 327
287 419
1244 122
630 1882
229 638
790 1044
1567 1512
1599 1532
422 1844
1188 777
1051 974
1594 1322
531 1418
1218 673
1596 125
785 743
500 471
1382 218
1346 640
220 1586
1312 1324
1303 1653
222 626
1183 583
223 1740
224 381
518 814
490 1153
225 1796
852 338
738 773
463 1588
644 315
1096 714
1147 1877
1862 676
731 1215
339 762
231 1585
1196 1384
1440 1959
573 158
945 1367
1155 1349
628 1691
1927 1016
1429 1846
1056 1038
834 1723
1592 143
904 704
1248 1561
1520 979
638 1271
658 217
392 826
767 1012
915 1504
262 253
1283 1127
235 1193
1080 405
920 1998
1570 1088
1268 1331
237 1969
1581 1299
594 213
306 1447
1468 1214
1063 265
974 1550
238 1156
1195 310
1454 1535
1903 385
1192 363
1384 1007
1296 1407
239 442
1407 811
1887 739
1035 1818
1829 1457
1850 1479
282 903
1369 1387
1153 854
248 46
1108 98
243 1279
1615 54
528 340
1932 477
566 1076
583 423
603 222
701 1305
801 1950
1447 335
1645 1621
897 89
407 440
1262 1101
976 1858
1675 827
472 1465
676 1369
1728 1063
783 175
378 608
1897 984
1683 1654
250 264
1420 394
592 823
251 495
1315 1732
1713 384
1040 1962
892 902
1071 1180
1406 1067
1902 78
1826 1259
886 1004
887 1531
254 649
1742 1097
1060 1356
1211 1767
426 1775
1325 1738
1611 1436
829 745
309 1714
1874 784
256 545
924 336
1738 874
439 1440
1755 523
284 895
1439 1979
1797 474
260 1463
1928 1308
778 1685
499 378
1754 468
1141 552
1906 510
495 516
558 553
714 1011
1867 631
1798 1639
1322 490
1361 955
679 365
380 1918
267 1546
894 1059
1016 1845
578 1811
1979 1966
1496 606
1265 875
264 1119
265 102
1397 904
1647 1476
342 455
979 1772
270 548
705 1547
1282 1317
1008 503
1396 194
1577 1070
274 894
982 276
1830 668
529 268
1213 400
1355 1340
428 1094
1663 1503
1187 478
1245 489
381 702
1832 848
276 1671
1372 689
1890 112
285 139
1171 588
474 1196
1780 711
1311 1721
1190 1477
283 373
846 119
663 1113
568 1292
1866 620
651 204
1571 1363
1466 1910
1122 1417
1502 84
867 275
1634 1988
400 1068
289 1160
1724 1867
1933 1358
1665 428
1833 615
1118 731
1858 1262
290 1958
1801 1352
1593 466
636 997
336 1149
1053 1144
399 1960
294 341
1814 1592
588 1373
296 650
787 581
1497 323
1090 1662
1699 850
1639 534
1477 1806
373 92
1766 1687
1226 2
1463 1123
415 1424
1341 837
1762 1087
1236 791
431 256
1984 1398
1588 515
1064 1278
1474 1981
1077 1084
1759 1061
1479 881
405 1163
1438 557
1368 1905
1950 103
1760 1414
718 1555
1029 238
1769 754
1870 155
959 651
506 453
430 597
639 519
844 407
1320 1920
839 1934
1519 1283
823 1378
766 1222
1154 505
905 1536
1750 1543
437 162
876 787
1730 1062
1613 721
321 1239
1716 317
1777 24
635 322
1193 809
530 722
572 473
1031 990
323 1626
673 987
910 1954
862 1647
325 1947
1020 1371
1963 916
627 1815
1233 1157
1249 177
893 135
1065 1758
659 45
792 105
334 830
1976 1610
454 1095
1899 573
1409 1840
337 86
338 284
1525 252
1111 1489
1518 667
1134 1478
555 696
757 885
1471 497
1426 1943
884 1471
666 1864
650 1000
343 789
552 994
686 959
1319 1724
909 303
604 1633
1764 133
804 847
1126 780
446 1050
1333 765
1809 29
1455 1974
1405 1164
349 1323
1430 1359
420 935
1002 312
1443 616
1075 1809
1412 956
1616 104
1050 1298
1617 39
355 1282
655 1388
1584 1945
358 852
524 142
730 1670
483 917
526 682
449 174
1957 1564
1285 1401
1566 1527
882 647
1949 953
1666 333
1709 1693
1359 1030
366 595
1450 203
507 1189
1757 924
1044 1467
372 210
1595 1971
371 1984
899 1694
698 1439
716 1404
1822 1656
1560 1046
902 1641
1851 1316
688 345
1373 193
812 1627
777 1942
382 567
719 556
615 1181
385 1429
1241 1031
1304 1617
551 1212
386 1800
1360 1498
1270 618
890 91
1896 368
517 1496
1726 226
1942 1961
390 747
1901 259
559 1093
770 1640
1662 1098
397 1501
930 1549
401 281
402 933
1448 1986
537 1558
794 1744
1635 76
404 1573
1868 1192
569 1142
999 884
661 390
1251 308
498 1526
409 1268
648 1091
775 22
1804 1611
1349 326
412 887
513 792
413 61
1654 1297
1400 642
427 590
810 1269
833 307
1679 633
1142 443
419 1993
622 1741
668 1060
1861 79
612 1837
1374 813
1888 958
1579 1728
1701 1321
1076 1218
1417 77
1148 1688
723 844
1740 1441
1700 205
1523 215
1505 998
840 462
1692 113
657 1253
1503 635
441 432
1528 1692
1831 1649
447 1941
819 843
448 28
695 1406
579 1386
709 110
451 131
1934 1303
453 392
973 1448
1541 1468
765 989
1835 748
457 1217
928 1659
1493 624
729 800
1824 1120
1923 164
460 200
466 1716
468 14
1472 1229
1266 1710
1736 1107
744 1204
734 506
1335 115
1209 1736
1101 339
480 1568
1575 1773
1259 58
1306 1673
590 521
996 737
574 406
1947 147
1940 1318
1261 1614
1191 1781
1269 911
1605 1028
493 728
702 964
1878 1997
1358 799
1291 886
519 1077
1131 805
669 137
865 1900
600 149
1558 601
878 438
1273 383
1410 1207
1435 719
508 1132
1300 1082
782 1754
522 897
1038 1779
697 648
935 228
662 451
1012 1715
670 71
617 1838
1093 1576
1974 172
539 74
541 856
1347 1678
597 1086
1507 187
1227 272
1682 1804
633 1446
1535 1978
1539 1587
550 1895
1329 1280
1354 1833
1847 1953
1059 1223
562 930
708 946
1462 1660
691 1668
586 1898
1875 1334
1205 1957
1853 810
593 738
855 456
808 658
1545 963
1112 652
784 111
1920 1648
609 550
1074 1426
1534 1748
616 1238
797 1056
1533 1057
1159 639
1246 436
1489 1291
623 536
1953 761
1328 1605
1336 1601
1204 1281
975 1273
1308 542
1565 1252
1739 1286
1257 285
677 184
717 1434
1470 5
1441 1828
1883 3
699 1686
749 709
1042 1831
918 150
1437 891
1130 80
820 55
735 1058
1763 1224
1865 208
748 1927
1845 1294
768 1609
1540 357
1357 274
1498 144
859 288
1972 985
1714 99
1729 1756
838 1560
1937 774
1689 1866
1267 1492
1648 1559
1607 296
961 475
1290 812
1185 410
1434 831
1787 1346
1280 287
1905 1928
