1469 1177
1625 1323
1313 248
853 151
619 461
1512 1401
809 1510
1330 628
1149 1649
495 524
792 54
1234 1492
224 1581
1260 191
816 1247
1073 998
851 538
1136 749
548 1042
1389 1388
856 970
1594 70
1239 613
1641 518
586 784
1272 1030
1343 233
59 1147
1096 563
1342 617
578 991
191 372
155 265
602 1395
1626 1255
456 332
1499 214
721 1499
917 551
1100 896
96 734
531 1313
986 845
535 459
171 607
1409 755
1277 190
606 417
1153 1308
1404 34
1574 276
316 786
1377 1057
841 1679
315 1380
730 367
1174 1337
1028 175
1022 409
177 202
1457 774
1583 1515
720 1040
273 1351
1040 825
245 33
1240 889
1282 1167
565 1279
959 12
1102 580
276 693
662 427
922 605
1698 1028
673 146
1155 577
1602 1227
1615 535
788 1448
1453 115
137 1326
1677 515
620 1425
990 649
1227 1659
478 1522
118 805
358 938
15 1214
1006 1082
552 904
365 427
1587 1245
1267 1268
635 369
1667 173
1143 188
1075 966
1322 661
1682 1685
866 431
1463 1176
42 44
44 1234
181 1563
351 493
690 899
1523 1025
1422 1693
933 1246
574 298
1005 26
1438 1011
1465 629
465 1382
1584 698
761 1689
1328 679
1108 1686
703 1612
670 1347
726 435
1436 1637
51 41
320 304
509 21
565 1038
1332 1477
1178 718
383 1560
483 387
861 1305
517 1545
651 1519
38 1406
1169 1126
359 67
639 796
1147 1385
1235 164
896 855
422 846
1060 1091
281 409
900 997
68 131
1283 508
1108 1350
725 994
1166 1336
1396 1086
583 725
615 580
154 304
1099 53
1181 1310
447 396
806 271
1043 1602
367 551
925 1222
278 472
982 667
386 155
806 1136
1575 1696
1128 982
346 1671
1593 1022
29 628
662 609
611 917
1087 1520
881 1538
261 682
62 1040
358 604
56 955
322 1147
961 550
1086 495
209 549
79 1403
1507 1289
1500 580
141 749
6 963
1157 590
1330 1231
1379 929
1124 1581
1339 1388
1209 1094
638 703
36 1580
747 536
1119 839
1093 1002
585 1552
484 1645
1004 909
1665 780
393 946
1639 1557
1318 1012
1069 1379
22 1317
287 0
318 1008
424 636
255 236
1444 1295
1555 784
594 554
625 50
1112 1212
185 769
696 1689
1455 1636
556 511
1458 1451
1097 446
1505 725
1375 1461
1173 259
1476 511
1685 1664
99 25
212 1032
343 1512
995 443
1109 1000
561 981
32 1182
505 531
1424 719
828 254
550 198
996 124
1164 1124
102 750
1313 227
559 349
1228 84
51 1162
234 1208
1215 1274
97 385
643 1496
478 277
1029 471
1611 1107
538 150
34 202
395 289
1156 221
1048 270
815 1481
551 192
368 1176
1460 54
1174 213
1094 891
220 1300
638 1031
1586 25
1113 562
1459 103
1064 1414
1241 1694
357 379
240 154
1607 1238
1092 110
140 752
9 139
665 1244
377 29
1187 1151
47 77
1333 1525
1504 113
912 588
92 1580
1641 1325
688 573
999 1005
299 557
1305 565
1485 408
884 535
1379 360
94 341
1088 991
182 1614
686 1483
1404 749
1092 1375
1385 1538
764 1036
1332 681
1117 1658
840 1029
355 1524
487 1258
1047 1036
1429 148
1275 307
425 543
778 856
20 1470
829 1183
1691 143
830 1181
1495 527
1391 1332
421 1160
914 1051
1547 677
828 288
1547 1111
133 711
153 692
1066 265
858 1460
776 1213
767 261
598 483
1375 1507
1060 1154
336 1650
1316 778
127 1599
928 1338
1484 595
1565 538
1158 1463
331 544
1617 678
0 129
597 182
340 1450
652 839
1427 764
356 155
66 1270
693 1391
1286 895
1367 1280
1354 1204
1521 1263
706 542
85 1218
1025 40
1353 90
55 1156
81 1096
1533 1453
1648 1276
882 1234
1657 120
172 1406
559 173
958 700
206 995
691 865
308 599
1302 506
590 917
155 95
1477 1352
852 1642
1201 1494
1501 1610
1328 504
1266 1103
565 976
438 1608
945 1320
1434 1335
1216 578
267 507
60 1169
1019 233
488 756
511 1415
290 1376
1210 230
151 1600
206 311
494 352
534 1100
1270 515
479 1443
1537 340
1409 938
349 1459
1568 1695
848 1368
574 470
734 1084
1471 374
1376 1146
105 797
1025 411
782 1361
869 1128
773 278
524 1426
1113 836
68 938
1623 541
382 141
76 312
1021 1561
581 1538
1127 1314
337 758
1637 1448
204 455
610 1159
138 325
1238 983
548 480
577 1242
795 1240
329 210
925 1059
1097 1552
1119 1191
425 1400
635 705
1652 1052
955 1184
1041 1680
1599 1317
1216 641
216 48
730 846
728 211
178 867
1470 1376
69 824
588 1365
1044 917
933 1112
1627 453
406 611
1132 1557
922 1540
66 199
740 1501
102 559
836 842
1167 261
907 264
1342 1067
1692 902
1315 1144
256 489
1106 1686
919 1218
193 345
882 670
758 1011
1389 1055
1016 1040
838 1040
1181 938
1201 1255
1044 1066
1592 1367
640 1483
767 1064
361 860
1285 546
532 1146
935 1039
293 1298
889 920
763 980
460 242
171 924
1358 924
442 414
252 623
436 267
362 624
1142 310
84 1
1202 482
662 943
1019 1124
105 750
88 33
1083 1578
1272 727
320 1051
873 50
363 60
1139 923
38 155
1095 1352
1091 934
427 1447
1358 1195
1333 231
865 1187
1663 1013
238 954
1616 641
1138 1393
509 306
1161 1138
747 287
372 1597
1420 866
921 979
112 1334
352 653
494 459
86 622
1137 1473
1650 142
674 873
116 194
83 1090
1405 1192
1065 743
1457 1487
678 1067
1263 811
864 569
1486 496
45 950
1179 612
445 1266
1213 739
230 1254
486 431
1653 1528
131 345
1318 575
1145 308
958 1582
186 128
1682 540
1163 1290
246 962
1456 440
1208 332
524 946
1451 1296
602 1644
426 189
134 1637
1484 236
729 404
1078 388
337 191
621 141
1054 829
1066 78
1459 976
301 1149
1670 856
1343 1365
1183 185
1537 1199
1128 1549
1567 918
1118 763
556 41
1346 963
137 781
1198 1509
63 603
697 124
1376 1185
388 833
1536 1223
326 124
1406 1663
879 1308
385 794
233 466
468 622
298 1206
489 488
705 1652
71 986
1008 1030
890 660
840 1122
1272 1101
1013 910
1517 1416
475 780
285 428
638 221
1606 353
1386 1014
512 689
837 221
588 1663
1064 1649
873 764
208 1493
367 721
1475 413
362 74
626 1501
1613 1390
181 632
632 58
736 190
809 1070
641 1511
705 671
445 436
248 1001
1189 230
1302 154
198 1368
144 1162
1279 84
651 183
1545 111
1540 1189
1202 1420
690 90
1316 165
88 736
673 1183
1427 1604
977 28
716 1422
338 1144
1539 873
25 1111
366 423
1465 761
1511 579
966 1542
1574 1319
1692 553
1529 782
1410 1202
1635 500
1326 1486
89 500
1409 1649
490 745
1350 730
1109 1345
852 1247
1108 1040
803 71
681 1631
1309 153
773 452
263 603
930 1303
1001 1677
859 134
830 720
1218 1623
221 1026
1209 560
147 438
1399 328
329 987
1569 1314
1343 1647
851 1362
1285 234
705 457
927 434
128 1232
604 1164
697 1303
209 1181
1342 81
1515 250
1126 76
1366 64
21 770
1410 1631
73 959
1214 1475
1545 1114
1156 484
108 894
433 1542
249 88
44 792
1273 112
912 1356
250 242
1131 1033
1691 1541
9 438
1492 1067
1583 951
868 1497
1163 1676
1322 1002
1067 515
996 1245
932 1091
1637 392
1070 1343
768 1010
1058 1473
152 402
406 1663
1386 874
1510 353
1472 1111
327 1539
508 1499
952 646
910 1632
871 1015
209 566
1428 1555
318 316
1325 504
787 779
698 468
1671 356
1415 110
838 1086
605 405
109 289
1284 163
612 186
419 1409
897 934
1254 25
1333 694
124 1049
1337 1075
373 643
328 1466
117 1230
1605 1690
1133 943
1392 38
222 1287
448 164
1081 942
1478 953
1069 1578
719 252
480 659
592 202
543 1418
9 823
853 1566
261 231
649 1152
1197 1194
1182 197
598 135
633 1665
1470 1010
770 1666
791 1177
209 540
1606 981
506 243
536 444
745 469
732 653
1400 1521
333 600
1055 400
1675 1100
290 1374
800 71
528 1051
306 675
1158 641
1034 630
658 217
808 94
70 1058
1162 33
931 631
375 186
808 461
1238 1440
1141 1677
295 1478
975 1012
478 583
1379 1192
1343 1547
594 1453
828 398
89 1201
360 939
124 1198
171 402
1647 208
665 864
442 1662
517 858
1102 162
836 1195
613 1607
1580 135
1094 1570
1661 1459
491 94
1256 1365
930 579
270 1416
1172 858
729 1089
272 441
1342 980
984 1609
357 1416
653 77
829 1135
742 352
835 922
697 557
893 88
744 464
1136 1195
891 592
1401 298
1470 782
269 494
534 70
1254 1692
674 515
490 204
748 1334
982 87
473 25
436 490
1527 1192
843 722
62 1394
1284 280
1175 1063
656 779
229 1309
1351 1513
1168 1635
46 977
1053 1008
1361 1631
578 558
474 1090
1264 457
1600 932
1509 435
773 49
695 138
983 696
179 1614
23 418
1024 787
1538 52
256 1697
773 607
1048 597
29 827
729 521
1447 232
1135 1477
897 1488
516 936
1445 1460
508 398
412 1695
583 1473
147 1075
523 565
1355 346
1145 795
523 699
907 611
1656 1182
1255 1631
253 1592
46 740
1585 426
303 1619
154 131
91 130
507 718
1240 1119
1569 949
1016 1372
693 249
479 1503
1209 358
710 1277
1280 254
628 662
1194 807
851 1140
459 980
1302 882
4 1584
1648 448
512 1168
507 167
1442 1219
663 756
1405 126
356 596
162 53
1570 689
504 1258
1094 716
1503 184
375 133
1268 1390
1487 838
359 1597
1651 1273
1061 1285
855 787
442 409
728 1679
824 1496
1213 1188
1207 1460
1166 1659
1005 1572
1236 768
1076 373
729 206
756 879
908 478
367 777
1533 1009
1219 968
991 1635
1510 242
1673 108
703 850
506 1475
1282 3
1079 1614
650 1648
1636 566
1193 196
829 674
521 456
1088 1262
1455 952
1007 429
1558 1571
1599 1315
655 1685
1300 1423
1520 431
1288 543
1350 966
1135 334
1697 1582
191 365
829 666
1495 581
883 258
1506 6
146 1447
88 354
1270 1042
451 1229
419 1103
659 1049
93 1336
1207 1413
84 1542
436 317
258 328
847 894
1291 441
1266 566
1117 1087
1594 753
1240 1016
676 350
1206 293
1475 82
475 1214
933 1148
843 61
1347 855
1237 1634
977 1121
1608 1258
654 683
1395 249
37 453
1435 685
283 518
14 850
427 1321
565 957
1079 1116
1048 182
1336 1265
169 84
1660 230
1207 1449
1053 1275
861 1617
203 1330
382 956
467 883
490 1203
390 1446
1159 130
1455 101
197 1250
1342 12
1142 561
1206 1623
1585 826
1293 0
1178 451
1340 1002
716 1112
642 1478
1494 1121
1562 458
814 353
891 1441
149 423
350 297
914 371
1140 64
1423 1534
1074 1305
438 1399
800 683
910 70
955 1695
1025 1649
1265 492
1218 514
1506 977
199 595
339 1608
1412 213
736 1397
1369 947
576 588
621 435
1159 1014
219 109
790 366
1320 1130
12 124
365 662
1644 581
660 381
1649 579
1205 964
598 92
948 849
539 1522
1319 69
930 529
951 1532
847 370
773 341
1309 303
253 1292
951 1685
600 968
770 1658
671 800
189 201
1519 964
1156 480
434 1493
1518 663
182 199
1252 1317
624 1405
486 599
217 386
1043 177
1317 678
160 1173
615 1199
569 1152
1320 207
1419 1675
1486 884
490 1145
402 475
806 1289
1053 732
1670 1588
229 348
1667 1510
13 572
424 1149
552 1179
1636 1566
92 904
873 1526
402 642
1029 425
140 363
299 37
225 888
260 745
1590 1051
1383 1641
248 999
740 669
211 145
855 1545
650 379
1413 1507
528 376
1002 1127
1491 1494
825 1294
160 681
482 161
1008 1201
934 473
193 1502
936 1330
1220 1273
289 482
1619 1657
1290 1262
765 617
341 473
1262 1568
1411 1242
32 171
1084 384
1583 164
1292 691
1320 214
614 198
1587 1687
1529 661
1387 351
389 1384
1178 81
1199 35
711 31
217 265
481 1539
1492 1417
424 1229
1004 767
499 1174
1570 604
1619 1573
141 842
265 844
1370 703
1183 349
654 331
1066 1277
838 659
704 1561
942 650
752 631
250 717
1172 1105
852 1435
26 152
1330 827
1655 379
300 775
1115 1315
1461 1077
837 1556
464 671
132 841
693 670
11 543
500 233
26 820
283 1644
1306 1130
1440 911
614 512
255 568
1236 686
498 1596
867 1204
835 405
468 441
1025 807
659 1062
1419 1211
20 429
232 1281
652 1533
158 543
1484 517
1281 1598
1398 364
1310 202
1440 698
302 20
548 563
974 388
349 817
6 1476
1274 291
1098 1362
1678 1573
684 769
1597 257
1684 8
1450 1581
872 369
283 775
505 1143
531 6
1003 1172
142 1248
1004 57
1581 97
903 1667
157 1097
244 127
780 1472
788 1684
1512 586
256 1359
621 576
276 1619
164 905
536 1382
1638 704
516 669
451 734
1399 979
29 22
21 373
795 622
195 1419
616 305
1149 1417
17 846
439 174
1025 801
1469 754
132 1445
132 29
80 1547
272 1291
305 1417
1216 861
422 1591
499 1337
521 1038
278 583
522 406
461 148
1433 210
94 75
1374 408
1412 259
1344 1193
1368 710
1680 347
1490 1460
670 1114
1015 1674
372 446
1381 898
664 621
953 1613
774 1362
918 1368
322 1335
370 462
555 1283
456 1434
882 1064
1315 545
982 440
849 1393
1223 284
652 290
510 361
832 679
646 1047
1138 539
1577 1489
1193 80
1260 411
130 129
7 868
807 143
672 1092
1068 1242
1568 1436
1336 686
526 537
617 906
744 839
1373 632
507 1402
226 1380
1620 217
1551 983
319 1690
995 654
1369 911
1590 1430
850 1141
293 825
1308 458
567 1251
1636 946
1661 411
731 239
552 1083
159 677
1467 386
893 240
1407 1515
826 1645
1357 679
1081 39
234 678
225 72
1375 171
952 1242
1535 279
259 1459
503 1078
248 1385
1692 1124
562 1640
291 197
472 563
722 637
1108 19
753 761
395 479
1319 1480
742 888
369 82
1514 1588
1605 27
1401 1557
80 726
918 310
1562 1170
142 698
1389 154
1491 1028
1429 1670
1081 465
1289 1056
846 920
388 230
33 1549
195 280
1468 1231
743 1361
1549 1196
881 571
85 992
243 623
847 1161
1482 226
322 698
1498 1461
84 5
103 58
756 754
1670 784
730 701
946 413
1302 985
657 883
1634 346
1091 1190
1022 414
135 59
1392 1406
1629 1043
1217 1361
1469 302
720 177
691 221
1471 1505
700 749
1482 972
1660 1259
1554 319
774 64
1206 1218
1662 414
1031 1694
316 1617
444 1281
376 475
561 929
264 535
951 655
704 19
1129 1445
1440 1369
895 1261
841 1200
584 1297
1669 933
46 1017
1122 445
647 311
1256 1606
101 334
1460 1449
653 360
1665 461
1678 674
1014 981
438 973
280 1069
1015 408
139 973
306 405
168 671
1338 1514
310 17
1417 1341
505 922
1052 725
249 950
992 1570
273 966
1232 1698
962 1571
973 766
253 1323
667 1156
1 1050
470 575
699 1669
181 710
56 1020
199 276
235 734
1617 232
38 907
674 1311
1012 798
641 1256
453 1094
709 1271
79 1478
579 774
1417 479
530 350
11 692
1518 488
418 1600
352 1611
820 1022
281 623
761 1475
158 887
760 1588
77 1045
608 636
1563 762
69 901
1095 202
145 1116
1159 508
726 922
1433 805
710 940
348 306
845 51
965 217
1143 1445
78 487
913 276
1085 1373
670 1477
1331 1185
1032 879
429 574
262 155
1469 799
399 272
1135 118
778 1658
876 1370
876 335
1016 624
45 870
1338 435
544 685
1466 1472
1131 1048
288 156
192 899
1406 1315
832 468
926 299
497 1405
822 576
1536 510
685 1516
1166 1348
597 199
491 592
419 238
1403 489
638 1156
908 916
368 1455
585 713
79 1016
310 1586
936 1345
205 308
397 474
547 1657
717 1656
1650 650
248 794
756 89
313 1551
846 1468
854 1489
858 1105
1458 1379
1593 1258
1189 1254
423 1453
971 1507
1117 1666
801 522
1051 409
169 1410
168 1153
216 1006
1481 926
683 1054
35 422
1134 783
524 329
399 86
1603 1111
439 1107
1527 1613
1234 1363
46 159
1212 764
1463 209
1145 1435
531 636
778 301
251 1195
837 1343
668 172
805 935
1467 217
404 943
852 1524
1349 490
351 705
432 1325
928 1033
320 1309
1111 733
180 111
390 1291
1606 34
484 1224
382 762
288 376
49 783
285 185
180 441
645 1532
407 921
868 973
204 1526
1361 40
1400 673
1077 1409
660 384
560 1253
821 17
148 836
1398 736
265 530
775 980
1302 187
156 1197
691 795
218 841
805 33
328 1475
1476 1674
1502 200
1432 1616
543 1229
1001 120
572 1043
1489 1355
1452 243
320 925
533 1636
477 1461
1318 1288
55 778
576 1038
1016 1224
468 1446
1285 810
796 374
1638 923
1642 1446
345 699
893 1380
930 1491
992 291
99 1261
595 406
1560 544
1042 525
1290 374
808 1349
1329 1445
1628 6
681 876
471 1127
1583 540
1661 383
1289 382
228 586
1314 1189
606 1352
105 200
1262 1636
1255 1693
1567 1513
157 1631
570 1184
252 1063
927 1277
346 965
954 1258
1475 175
1026 395
44 675
482 689
1031 1397
754 1016
1238 414
549 645
661 1331
1130 1160
1110 1037
226 96
323 724
260 118
980 896
1531 1349
1559 1414
1378 750
1168 1290
594 1146
595 1332
1489 1027
1431 1545
1635 553
902 1121
1040 1390
997 4
1238 1684
1589 502
1030 1496
1431 192
317 1592
1425 755
693 1325
1513 1657
444 174
1529 476
211 1116
298 194
200 1334
1463 1386
1050 988
1279 1431
1539 1640
1505 988
1586 1111
440 1495
318 1248
511 1660
214 1554
1245 116
1148 1206
1060 1395
58 666
127 780
1365 146
790 1196
1188 1653
0 1121
356 1408
464 665
613 132
750 678
81 1489
42 639
896 1262
1302 644
1479 22
957 1112
199 888
1456 1328
1429 911
1079 1196
203 1214
705 995
108 393
848 918
278 1113
1107 420
472 974
1436 574
1389 1548
293 841
970 1381
723 1271
1107 409
383 152
53 1259
529 1290
6 49
32 494
97 862
1151 857
1335 1619
207 748
325 1289
1007 619
1558 984
431 1584
140 367
1277 908
529 588
1445 1413
383 497
923 929
1020 117
454 1346
1195 1357
1607 1686
560 329
1674 29
1633 389
226 47
1104 664
165 1139
1678 873
1686 983
591 759
1031 36
104 929
704 1629
1423 401
1479 123
708 494
670 1135
747 1362
1683 1473
370 763
1167 1087
331 1027
858 269
916 1335
891 1043
1099 590
663 1562
606 1194
905 1016
1204 224
187 143
276 792
176 1085
671 1096
710 1270
1496 663
989 63
283 986
864 1244
913 247
1177 621
429 142
1135 1162
1620 1408
6 1574
898 1622
1136 956
1444 520
1628 997
1226 105
216 122
1198 435
1651 1247
502 919
1019 620
639 276
804 273
1626 1494
276 1068
739 1653
1263 398
54 1660
1373 796
1151 606
1569 139
1347 1088
649 501
1699 551
1148 1281
1540 637
210 538
1272 1373
290 506
759 1696
189 160
754 244
103 104
455 92
780 942
740 493
1403 1435
174 1516
74 497
614 1270
1114 1111
1615 739
3 1520
749 1360
705 909
15 328
1310 922
310 952
708 134
667 1632
462 1169
307 1475
1523 727
1246 1055
617 343
1123 1
351 366
123 215
692 1448
186 806
711 280
1338 334
976 547
220 313
53 1402
1433 354
540 645
1179 1426
1344 127
1031 279
229 900
942 958
1498 689
1519 1552
691 659
1601 537
852 747
1566 419
322 76
1457 165
254 139
667 638
632 478
1472 952
956 371
1268 963
995 909
454 1474
395 1582
217 1550
1667 559
6 341
193 413
767 438
1147 674
747 410
421 939
477 586
702 276
1482 268
1118 820
1067 896
884 1059
496 884
404 750
592 442
33 1397
417 922
1652 1
1068 1392
850 929
1532 1467
320 506
1618 1008
358 373
324 934
443 33
1113 248
1113 723
864 1352
156 1265
709 1108
31 1599
398 1228
1249 1355
403 1522
622 787
15 979
1574 288
657 1329
1398 1397
349 105
943 468
710 80
1654 22
423 123
553 224
680 965
1361 1555
410 1472
1329 16
262 596
1036 830
1133 390
1530 1346
1086 1379
1458 104
1230 1403
937 1320
1569 1605
285 794
1489 658
1579 153
1418 756
1699 1580
1534 1586
207 694
963 922
374 843
509 631
786 696
1478 1630
1496 1002
1682 1006
900 241
1580 4
1027 1635
695 258
1280 1585
1603 1635
252 89
625 371
88 37
611 264
1354 1413
360 47
1523 1661
1461 152
755 298
540 1534
521 1671
800 1245
654 1122
1476 1044
211 1525
1145 183
152 1210
1350 319
240 1677
482 720
247 546
563 1298
48 569
985 887
1214 761
694 200
664 878
1166 391
868 1102
254 746
438 61
1440 1588
789 1571
489 764
1373 1273
1220 79
889 1572
975 1149
376 328
272 1446
1598 1200
765 268
182 792
415 756
1291 1009
1035 1164
247 1273
1229 226
608 424
1283 1347
755 1493
1539 1308
652 320
699 293
423 99
1174 535
1036 1181
27 757
1662 1126
1586 1687
668 1514
469 465
213 80
600 1123
875 632
151 1566
1398 1535
225 439
805 354
530 1014
956 442
1402 232
600 1634
1118 1019
293 339
1393 1512
24 878
229 586
1238 140
1216 193
120 1385
67 143
735 220
1617 214
1164 1525
1502 1634
1162 1652
545 109
1422 76
275 1443
1510 102
166 836
1282 1087
393 1469
693 1395
569 806
1120 231
1002 184
1644 667
318 781
886 381
98 1378
1002 646
279 651
906 1428
215 433
1453 416
86 1533
504 1294
866 554
897 1667
532 1543
936 42
116 1224
692 1637
991 1089
1105 1223
983 8
1293 662
929 1179
4 1194
523 777
180 1191
770 1538
276 432
813 1261
1110 387
1104 1469
972 1352
874 348
1594 1473
204 845
1509 991
1317 907
1055 1584
1073 1541
616 898
1058 765
1316 1167
1327 1033
1130 112
1236 54
1537 681
615 1363
602 781
22 1152
1116 1129
220 828
748 899
754 681
612 433
1069 680
1545 408
769 1465
1682 688
1059 1672
984 866
97 574
1173 1414
752 901
1337 603
1069 1276
1029 1021
1549 1268
396 1385
1238 1560
58 1310
1600 560
864 1489
481 1519
51 1173
1643 400
834 645
376 474
290 925
171 1065
511 999
1405 938
112 1221
1162 455
1492 771
318 1588
1524 629
916 1412
1210 880
979 1472
330 617
1049 47
154 16
1383 1412
1091 92
1161 406
1499 192
1669 360
1272 10
847 634
581 190
704 851
742 535
914 1360
886 714
1101 566
134 902
1252 1013
1490 1207
1658 1670
91 750
754 1170
1274 134
561 365
795 1097
1286 544
1484 506
1323 971
1039 1145
1336 1144
885 351
540 1685
1634 1438
450 1090
60 414
250 573
918 687
933 1652
188 833
1637 28
731 487
1162 1226
708 1060
110 1259
381 677
56 1288
1132 205
1128 1262
740 1177
366 1305
758 479
128 1289
314 1377
149 1151
362 1550
11 947
1437 1505
157 759
457 69
717 641
463 519
1611 1360
469 823
1053 1482
1322 118
1173 1447
243 1559
85 605
102 349
862 919
901 486
1114 1237
117 961
1389 204
41 1082
1556 1116
1639 1261
1650 1272
503 605
1565 563
607 258
588 1010
583 149
22 129
1654 1436
165 1150
1002 430
690 1337
641 385
1081 798
1412 149
18 777
1075 798
187 1133
75 615
1617 684
1630 1522
1190 128
546 1562
1378 1517
1607 1297
0 372
146 272
725 1438
1049 382
633 11
1439 4
1331 312
1545 1366
170 1105
1521 11
1140 1451
770 263
243 632
1675 496
302 763
372 427
308 1201
558 453
1223 289
1147 537
89 611
385 1281
887 707
1138 666
685 1316
1117 1520
990 357
244 452
479 587
1017 1464
1089 1582
1320 1499
1421 588
1563 468
989 61
290 374
1274 1209
1087 554
1178 64
228 1348
38 1409
1362 1144
464 909
901 1126
701 81
1434 1682
1233 1026
1102 159
210 679
1431 325
1275 261
745 805
285 91
1376 473
959 24
1076 1348
196 816
1066 908
1172 804
1397 1614
426 29
1437 1263
408 9
1199 370
406 439
471 965
10 760
848 1575
49 573
563 1244
1327 491
1389 302
572 1636
123 1045
830 1346
103 713
299 291
125 1131
1073 908
857 1390
408 438
429 531
580 727
99 83
716 310
1290 1600
814 503
205 36
1693 751
165 347
1470 590
301 871
1067 1678
657 1482
1509 1370
766 984
1158 1216
878 1610
1637 1121
136 112
1605 187
154 1548
85 456
135 435
1345 597
8 789
732 1396
1333 0
913 1575
1636 1394
1014 192
720 1310
986 862
1078 833
1442 532
627 1211
1120 120
920 1358
98 242
921 402
1313 1625
616 515
583 0
341 62
1569 993
911 1087
1359 453
912 930
1153 1070
783 1044
95 528
480 930
124 1559
592 43
64 519
1199 254
181 1541
1376 141
56 192
1249 394
1574 1546
84 1409
1184 479
502 194
585 465
1422 376
1503 587
890 66
1166 1063
1389 925
865 1657
45 1058
446 427
468 1533
1530 1518
894 1360
1121 812
1413 889
900 391
800 271
192 694
971 182
580 1565
664 764
1332 33
1664 352
279 481
898 1142
260 144
400 187
1153 683
1615 732
43 1363
321 1445
811 1261
151 1525
1147 111
581 1233
917 1499
1398 1079
1517 1096
1636 371
74 1024
412 665
31 1175
628 459
516 1240
709 1455
834 1491
1580 1224
3 820
579 1557
510 729
1172 1577
126 1138
1276 448
1336 419
1388 1343
304 970
657 558
1553 921
1508 851
366 216
1371 123
1417 561
316 364
312 1248
711 290
137 172
1601 218
1434 435
481 651
227 1031
25 733
636 222
472 83
314 1193
522 38
490 1277
654 878
711 204
47 123
1344 232
1208 763
1550 860
1646 445
1352 338
697 1209
1241 1612
639 597
1170 801
258 1681
446 190
927 1066
854 1338
734 31
1094 843
1432 886
15 901
1452 814
935 1535
1329 13
62 797
143 1446
1593 1005
0 1431
1118 456
1179 1578
167 866
1290 520
212 910
515 1267
410 122
1452 1095
371 281
523 603
505 1662
1113 649
221 1163
1687 1019
333 894
61 1331
1520 1492
207 1390
79 994
1249 1097
511 41
274 728
430 1380
1126 61
722 1189
1117 1167
1658 409
352 12
972 620
416 762
394 359
796 1068
930 1290
1488 174
1244 1438
1534 1635
1443 184
491 1561
605 1189
1500 886
1253 329
1204 1062
454 632
731 1588
34 938
87 75
1679 210
373 31
1030 1099
1476 773
326 1173
302 336
1411 305
801 1063
450 579
1140 1458
609 41
1606 1070
459 626
1111 1692
547 1001
1541 768
1633 1630
265 596
711 68
337 1479
1449 920
113 1698
241 477
94 115
252 421
536 1663
124 1580
279 1019
744 671
1339 1328
161 177
1271 444
1096 1634
955 234
1517 750
627 1362
412 113
1466 1155
863 453
1530 14
513 779
1139 1436
60 1090
1246 364
878 701
1659 444
308 394
235 1167
1041 1081
1398 1467
792 834
1609 28
1036 58
512 1541
263 76
968 1061
1656 1461
684 694
1196 1125
234 62
457 1638
923 582
1633 219
1220 784
1198 483
191 287
1125 1097
353 53
646 1458
1505 1275
690 860
1553 1610
597 792
1612 322
1550 948
522 127
628 129
654 843
378 571
545 1144
909 629
754 96
844 1420
40 485
992 1242
1521 528
1260 1285
607 1379
821 1591
137 630
880 1534
1358 26
1125 555
383 650
767 401
1547 1655
677 924
108 814
1504 128
1099 1306
1269 150
1208 1118
500 1581
464 1173
1697 947
938 388
1418 461
492 746
1683 1096
284 621
963 388
1235 226
599 1047
994 1081
1446 859
1139 416
1448 1493
1098 380
619 1117
1595 642
812 194
1076 1319
180 1502
913 1389
1668 164
1203 1106
1310 34
199 189
861 682
391 525
1132 1590
1593 186
645 1597
248 259
1207 335
1109 56
244 281
42 923
1377 1151
1659 1483
1673 1222
524 257
477 1480
1191 565
1087 1670
1138 960
1609 1439
285 878
1627 37
1172 1164
527 188
676 43
449 1419
1602 145
117 610
416 653
989 1126
240 68
874 938
1025 1494
1212 447
772 841
549 717
242 1141
1489 437
320 1323
1653 196
976 1001
976 1632
1508 165
899 1221
1363 1320
828 1195
253 55
653 47
561 1637
473 1642
228 1227
914 420
1591 282
1091 639
96 31
1149 996
1535 1496
1350 1440
1013 692
1530 1406
670 595
1580 703
297 136
544 365
33 1079
341 1625
1604 1385
549 1432
36 692
119 10
355 1562
874 1078
13 1094
1119 672
212 1516
320 517
623 421
365 1251
149 99
668 1387
152 1681
1396 904
426 1676
1208 188
58 1040
1403 550
726 1199
1111 1124
976 1619
897 1376
1695 1534
1623 421
1322 1395
549 540
1286 509
1644 87
364 45
292 1236
1385 1571
1569 1030
1152 830
1115 1220
655 717
1670 949
625 873
797 1465
46 206
1367 1188
1598 1679
1313 1081
1554 321
255 1311
1675 280
1187 930
655 1616
555 1400
645 1194
951 645
1617 267
96 1001
1267 371
1288 1582
826 867
1056 1206
490 42
75 1247
318 1304
449 523
553 233
136 721
372 1496
1176 1659
284 1440
142 6
1239 109
130 270
102 242
1234 1491
1378 868
478 869
313 673
1203 857
16 1599
663 1382
1240 1205
1169 1380
1105 273
1493 862
993 1291
47 1578
1567 212
459 624
1071 152
719 31
276 1364
803 99
466 1637
871 1417
997 643
382 914
68 460
177 666
1301 1487
608 505
922 833
1164 209
418 1676
1359 309
300 1658
1294 538
255 1545
796 692
1192 1613
283 982
846 29
1543 612
410 1436
1525 549
1109 1279
1120 1392
1261 751
342 1474
433 1152
655 1656
355 885
1358 1071
197 1348
827 359
551 1121
482 666
1454 1316
490 113
1016 1278
657 214
1259 1498
1391 1459
369 1144
1376 1055
577 448
1134 1574
1130 694
665 563
668 1482
93 1487
1347 782
172 510
1461 495
151 1131
1271 1000
675 237
1341 377
720 963
894 1214
990 1584
1346 417
1219 603
571 300
766 537
1256 97
226 231
504 487
574 812
1517 1453
1672 1634
138 328
622 497
1162 854
577 174
1431 1366
386 525
393 804
969 1208
449 1346
728 470
413 1181
685 1067
638 1421
1546 974
1034 538
495 623
783 985
1624 101
1224 587
98 1226
1012 1609
609 659
983 30
1401 165
1021 999
468 1310
576 1576
924 409
1492 871
1181 1390
1104 592
247 1567
324 1006
1322 1242
1472 1542
277 742
803 1128
643 1008
1579 1607
522 1252
1562 226
1374 1293
810 1097
551 748
23 278
1542 501
724 660
967 1379
1188 1482
137 1027
693 256
1679 760
1659 541
1513 1278
1382 73
393 1104
757 1114
1581 526
750 461
1112 821
834 1332
1675 292
1662 843
503 833
1420 167
1548 517
1609 1146
1236 1556
571 157
96 1392
488 1127
1322 1269
1320 136
953 1529
1515 688
1463 1231
817 1184
56 618
113 1022
1474 786
531 210
993 502
1005 640
92 1148
899 321
178 1659
1590 83
732 1482
1152 251
384 582
91 1239
712 943
270 1500
771 1480
97 526
573 1375
570 727
185 1378
1223 336
1321 1348
99 162
1119 1261
1174 802
1246 5
852 334
62 300
1531 148
574 1679
1369 1282
1144 1324
313 1343
1457 1010
493 1083
793 763
1423 1521
561 422
413 1310
936 1190
959 1589
400 1133
952 1276
492 116
633 1697
311 760
236 542
952 448
24 1155
333 532
302 1474
1132 1082
1159 585
1505 1215
102 1298
217 676
31 1564
557 891
628 877
75 32
1086 115
842 1623
869 1158
1353 1107
204 403
1109 1413
723 985
971 1345
1001 674
618 761
1217 1075
86 993
794 1298
475 328
228 229
924 1681
1091 276
654 1646
1384 861
430 1184
164 698
1431 1485
555 441
1202 577
422 1268
84 1308
424 501
1259 872
1242 334
212 10
777 759
316 592
1095 1223
131 860
58 963
1381 1417
322 547
1673 498
1426 1464
861 1662
1398 1614
159 727
38 1663
1495 1604
652 68
875 1563
431 934
675 223
112 713
715 866
274 1361
142 1163
449 863
1690 1587
496 84
642 1311
1092 1413
635 411
1021 661
498 607
1498 872
1528 513
1233 582
1488 440
669 931
1692 692
441 859
1416 159
496 1246
1588 860
1118 1564
1654 191
1327 1411
885 760
1109 13
1042 1156
1099 271
1573 463
1161 237
1582 1111
1474 149
512 875
453 358
69 328
425 719
1645 1370
120 50
1129 200
55 1314
727 1668
196 798
1619 1439
790 740
741 1325
418 1168
559 1077
479 1154
1197 1006
692 977
456 609
126 818
1238 696
1325 339
353 1226
696 1684
831 1538
1097 1283
502 1623
696 30
221 1623
43 1019
121 1195
508 811
1688 441
797 886
845 27
1666 301
1524 790
665 589
1663 1626
273 980
1696 537
1397 272
1388 103
1576 1509
585 1691
1042 197
1646 1054
1361 1649
874 1390
898 716
18 770
112 1129
597 1286
1392 406
93 397
735 1300
439 1069
879 442
788 1462
466 392
1670 1520
1358 607
783 1182
311 640
730 509
1271 904
562 1228
370 254
289 58
23 1373
465 102
1060 42
905 238
1341 1630
1475 1155
302 176
755 194
1118 1202
1083 1045
883 1235
323 130
1388 1421
654 175
406 1542
1137 352
1594 1100
1653 972
304 925
1310 503
1419 1261
299 344
1508 1098
87 905
112 694
73 352
559 146
551 694
77 1426
1137 1494
122 347
1109 1115
795 555
13 1570
1000 377
1060 597
80 615
643 1030
704 145
401 1178
1236 1434
973 155
288 1633
1012 1285
723 1543
1306 26
1032 1622
819 1193
1433 583
1334 128
1109 1428
1585 1168
1173 1559
36 938
1679 1294
1448 574
1167 759
1094 16
576 278
483 1110
1535 1039
545 405
1338 419
758 1144
289 413
689 177
1696 703
1654 1692
1605 1002
577 1648
1291 622
341 1566
1576 746
1245 1576
179 1132
896 268
449 269
1246 409
1609 1082
584 788
80 75
1576 390
869 1146
1419 1486
1646 848
65 411
942 1202
1513 710
864 1634
973 648
1604 895
1468 0
1537 894
294 360
1018 596
1201 1342
247 610
681 1576
1404 52
1107 281
826 708
701 787
1617 573
1449 1507
1170 231
838 1451
1371 306
717 645
184 482
910 1100
152 258
245 1165
381 570
981 112
1694 1463
737 723
754 1114
776 1411
168 163
286 501
771 1528
389 1228
1211 884
1553 1093
425 711
1320 661
525 743
525 648
1231 359
624 656
1063 536
1067 1501
510 410
562 1216
1627 557
1191 919
784 579
252 1406
500 939
481 1240
546 1513
1202 1598
420 83
141 420
673 285
280 1208
1620 766
611 678
860 630
344 1692
417 188
260 1135
625 201
419 1036
399 362
1493 526
968 1288
619 3
989 298
382 1346
610 234
742 1137
178 1424
802 1176
1194 698
246 59
91 1497
443 772
1246 362
981 694
1001 111
1437 1464
559 1239
160 1198
476 1078
768 1276
933 1094
384 1026
270 1102
131 1339
369 289
401 1612
21 1443
427 1348
1614 36
978 939
212 511
1066 976
189 1322
128 113
531 23
361 1102
116 135
1353 416
1125 924
1613 612
1120 801
1176 663
683 1021
1119 1640
611 1137
348 833
966 1336
1600 1131
1597 228
925 1366
891 1315
647 1447
1455 236
992 13
1641 423
584 65
1177 1699
648 937
974 616
1327 445
941 200
485 97
1546 1115
382 987
1156 147
1207 511
507 922
394 633
154 644
1626 1137
706 784
336 621
46 1066
852 172
259 435
467 1127
1345 44
567 609
1426 1180
1240 1300
118 257
744 1264
1421 930
1026 545
872 924
491 1292
829 387
650 1202
225 304
1424 556
1434 1449
180 719
755 526
1023 536
1386 951
1566 93
1450 299
1303 1602
727 1063
720 1268
840 446
1696 1498
1554 1129
103 698
1605 60
728 1407
1584 1133
53 825
1642 441
495 1613
1295 1616
606 1529
1567 807
1492 970
341 1204
429 23
1670 1451
1047 150
10 1294
1548 644
822 336
166 77
1342 24
694 1334
303 143
18 1529
1643 187
940 1189
294 47
89 1137
12 492
1306 214
692 902
995 769
1311 515
925 528
1066 1504
908 854
235 1429
1647 1261
1441 896
588 515
1629 913
549 1685
1650 770
1220 1320
1009 820
1629 1425
1100 194
1025 1238
1229 1120
196 615
291 771
288 1119
674 1488
751 1385
1507 1516
1340 1589
898 1422
118 354
1173 92
743 818
439 89
1330 536
459 586
1552 964
1665 761
1323 1356
690 986
1477 801
1350 140
334 905
1552 923
460 1597
691 542
704 1021
613 1668
1663 1507
523 1279
827 1479
760 538
705 641
408 563
1355 923
217 95
889 1259
56 975
1214 901
1531 624
1478 1529
1569 824
1658 1696
820 409
1673 482
1516 1692
592 604
1292 1460
740 636
1247 1208
1691 632
1313 159
871 551
517 47
1693 678
990 747
366 738
630 1269
971 782
782 1555
1632 1678
957 1618
1177 176
44 246
585 1563
566 1124
1065 906
1567 1159
1184 312
378 342
695 1399
1368 181
423 283
557 13
53 207
683 1087
1160 1200
1057 61
1095 99
824 1002
600 184
1479 628
142 1506
64 1086
1440 1457
755 574
1176 48
1547 931
1272 1005
366 1004
1052 1213
293 978
288 1259
887 1219
328 761
1327 35
106 1596
1314 1420
1493 575
450 251
195 267
1646 462
1434 1006
151 932
21 1369
1032 136
1041 1175
1263 389
334 164
114 979
1562 1571
730 363
1687 1692
1134 1270
559 98
528 1612
898 310
95 892
739 324
452 1455
1633 398
1521 1437
317 652
1474 423
1593 3
109 1036
411 1440
476 141
1205 1074
682 1032
1228 911
308 1240
881 1339
816 75
745 1118
565 1486
1178 787
1455 646
1652 897
719 1175
496 525
1027 500
1061 178
1626 494
796 44
1450 488
517 814
671 839
745 1162
1432 414
1633 1243
601 105
983 1684
1412 1292
221 912
1015 132
380 1564
1292 667
931 871
911 22
1215 1188
53 721
965 155
912 484
1668 788
1040 1310
586 380
464 1344
1339 583
982 1187
320 71
1230 610
1075 1273
883 226
771 1393
339 1679
1570 1458
1325 1234
1405 849
66 434
457 1685
227 1535
869 235
1447 1146
1130 1522
104 360
2 999
491 913
859 929
888 1147
1173 598
1614 203
537 194
1326 1387
966 544
241 949
106 751
191 1479
714 679
1007 1486
356 648
1573 1677
927 1541
1100 574
199 679
1121 755
1599 252
1097 1521
836 405
292 624
845 1348
78 1383
389 1355
1398 1125
795 1552
1309 1254
1657 463
1591 827
696 967
558 696
1245 1198
1000 1539
602 819
1492 207
1471 5
1098 1598
1105 1104
1485 1114
37 572
534 1150
632 1066
625 1456
205 1539
1071 1587
1151 1509
902 485
1352 390
1340 663
1278 681
1051 623
1462 1508
624 948
256 456
443 457
1158 180
1081 720
1697 1467
1575 614
836 914
52 232
711 1549
1469 822
1297 1686
279 203
986 1522
1172 40
243 710
1273 1199
1119 894
1300 430
532 600
1527 47
1300 828
965 262
1304 852
627 1506
1572 171
431 1197
443 49
1292 1417
223 153
644 243
82 720
1546 707
1317 838
1540 880
1231 372
918 66
485 812
881 478
1468 29
873 440
694 1596
1234 249
1259 901
1042 911
379 184
1404 57
783 1271
1608 760
764 895
330 1073
297 1014
981 996
1275 972
190 67
314 499
786 565
376 901
967 653
1555 1589
1117 74
1673 243
45 1683
1297 411
1578 128
575 1623
340 1116
693 1322
230 1089
1029 113
1071 258
487 239
409 502
22 771
56 167
1655 1370
295 271
287 772
1438 101
895 1385
749 574
481 183
1303 981
1585 1441
1682 1295
735 1599
622 126
260 1391
1563 1585
1131 463
1628 142
1257 1470
1692 500
392 537
111 1677
599 1242
1434 1463
1519 726
1259 920
1448 812
136 1306
1066 1453
1333 1434
1327 704
643 1518
813 1009
1333 1045
284 505
1676 928
1579 431
323 1497
1536 864
1075 762
1059 776
333 1109
1695 9
1570 1297
1200 1294
1220 117
1568 184
1650 424
1513 1270
628 1363
115 1527
890 181
955 1355
39 1354
1512 1555
727 1253
689 34
457 285
65 799
261 34
869 940
967 416
641 313
1652 776
1197 400
1690 1092
166 889
392 812
332 1185
858 302
591 1180
1691 465
1044 158
154 1332
285 1378
1231 1099
1332 88
1188 994
1569 1496
1069 1382
930 426
622 296
815 1669
68 1673
1517 377
1644 224
837 466
184 689
1198 92
23 773
1318 371
1306 1699
1421 1312
389 1216
1381 1422
642 1559
362 948
660 1416
545 1503
950 812
424 23
909 1646
243 965
855 948
50 895
593 1308
238 1483
1485 1083
1219 1318
435 335
1410 920
667 392
80 1178
1423 1437
1177 1223
290 403
929 47
912 418
653 1049
744 1093
1430 1662
1231 628
1026 338
1227 1375
1491 118
427 217
1563 1541
1579 1661
41 960
125 11
867 381
97 537
1566 397
1185 1011
1558 52
472 435
176 1330
1404 1558
990 510
1288 378
46 705
1026 1184
1205 633
716 1374
1325 595
419 156
955 610
859 1024
146 323
204 1602
923 880
706 1301
909 840
897 1213
747 366
700 1195
1536 898
1267 1212
459 1594
993 441
1283 812
1546 628
213 910
925 108
108 305
1252 127
745 736
304 1673
521 1450
758 369
1394 93
1035 1463
114 208
1355 1259
597 1364
281 1200
1149 561
992 1209
379 825
1679 1608
1337 1651
197 802
1109 1219
422 132
920 1005
1525 1515
1499 694
1120 719
562 1158
17 1330
1443 413
564 1328
31 294
1046 1386
22 1071
567 365
901 1202
1359 1440
1369 1454
1532 437
1300 508
288 1688
890 1368
1031 205
1036 1346
1031 1614
375 932
1404 1420
383 1551
533 893
1146 82
1561 292
1372 1483
1068 851
1133 1642
1036 1089
1447 324
355 819
1048 42
990 420
1626 742
1506 628
937 1311
244 1175
1286 1435
425 1500
1226 1239
191 359
211 164
232 1457
261 296
1561 1025
463 947
1209 1236
54 999
456 299
687 1136
1541 420
759 414
106 816
1241 1614
1300 1521
82 1062
973 937
1568 1623
73 413
1570 358
107 1375
1012 234
1064 197
1529 617
606 587
1302 57
865 221
913 240
78 944
602 1269
1535 1478
1681 135
1273 841
961 724
244 1392
259 818
1309 981
1645 1463
949 1553
697 1094
1375 1572
371 414
582 219
814 752
755 1281
1247 1481
1433 78
1241 14
767 1182
460 1515
1195 762
1683 1485
168 1476
1415 1259
1584 712
366 206
1573 1526
1395 354
1233 219
472 1219
1 897
1357 1608
56 1318
866 4
1533 1037
627 1313
1259 1580
912 1163
1191 607
405 1603
1188 1174
1656 1377
71 55
380 838
875 270
1155 768
741 921
1670 871
1123 1651
555 394
743 1522
1429 356
928 1345
701 665
869 283
864 438
45 896
944 1508
294 1192
517 170
906 706
1091 1345
690 667
513 415
281 474
769 724
342 277
157 1641
1349 1302
304 1003
1640 1305
348 405
244 38
1400 633
1128 638
676 1136
40 1233
481 846
637 175
764 813
138 780
583 62
1640 542
669 1262
786 523
1159 1575
933 884
175 25
404 216
477 513
463 1456
594 431
1335 257
366 1233
1579 1025
1012 1238
296 779
1522 1512
1645 516
1491 763
1311 50
746 1580
533 1463
1410 1052
514 939
1466 942
1064 228
614 986
868 724
439 215
1335 774
1510 1343
173 146
969 1027
1578 433
45 855
1497 166
740 995
203 1358
1273 75
733 233
1264 654
1502 345
317 87
378 916
851 347
192 112
173 1183
686 492
683 491
1389 1625
1113 1589
1263 1479
452 1648
649 433
1415 1507
633 1186
143 1642
744 125
980 371
238 1265
3 715
369 479
92 483
891 1236
200 1609
1289 251
191 0
1479 372
828 886
173 1378
1359 1176
1499 224
549 466
769 1497
318 852
1449 1265
1287 616
1638 1327
576 1247
1530 1093
370 340
406 680
1078 348
666 417
915 225
1169 817
1609 1055
522 841
202 1210
337 111
1645 928
219 479
1440 396
1353 433
440 82
835 631
764 831
119 941
1215 558
1632 1024
459 753
277 1377
1043 728
1502 1081
151 1323
80 1075
460 1559
1222 525
766 325
1672 451
853 1391
346 1620
50 1212
859 296
829 882
100 1554
30 931
65 1551
933 962
317 240
323 270
469 1241
1416 629
1123 1052
157 1412
855 1473
1676 708
1565 1197
109 830
559 1226
231 127
1132 180
859 1550
428 1385
1617 218
1437 811
1440 777
1548 131
351 718
154 403
598 1414
693 1491
773 307
590 721
706 1508
1045 569
446 228
425 1416
750 362
1422 821
63 76
101 1648
830 689
759 476
1071 1077
1525 214
584 799
204 388
691 548
1098 184
167 718
934 400
1504 186
1249 964
149 71
1180 1542
65 692
1399 143
1171 504
1190 199
1643 807
341 472
1678 1311
304 1659
739 558
1324 587
492 124
1322 1477
176 1546
1382 1663
1413 1259
997 477
158 1255
576 1628
891 991
852 1645
1533 579
1016 156
381 613
919 1206
395 485
1214 1466
337 287
585 632
1508 1027
1010 1140
1201 535
172 1273
576 142
735 1205
878 1683
534 34
355 913
8 1540
350 303
1645 1131
1145 1125
1111 1621
832 1446
823 155
1616 1664
596 272
1544 1620
1282 770
1569 1093
602 752
1602 209
1677 560
745 496
1493 385
674 50
1193 1622
62 1234
1518 114
1095 1246
717 714
440 764
989 384
1679 731
1635 1019
54 1375
1036 666
968 1617
654 1117
513 232
944 1474
153 487
1028 1586
118 864
789 235
1654 1468
950 268
1000 1318
863 957
619 1257
289 830
67 919
700 956
1512 782
1480 1635
123 612
333 1543
608 1143
1560 730
611 356
507 715
962 547
983 140
185 898
1114 1244
645 1528
401 1334
1009 1631
595 249
933 831
345 523
1239 121
357 885
638 1280
612 1504
972 1081
1594 239
416 104
1674 369
163 1419
1074 1406
30 1690
1522 1555
1312 484
528 350
443 1153
1332 805
694 1554
1205 1603
1165 686
1192 123
494 1693
234 191
1247 1118
424 713
587 58
552 123
614 907
1114 311
1605 1032
833 1189
1227 802
513 824
512 1277
1167 1670
417 938
518 775
415 1229
360 1083
1442 1210
809 1365
1380 758
799 966
49 823
361 216
1476 1274
1230 715
997 1319
985 130
1442 31
132 1202
131 720
807 1133
1657 538
885 206
105 1378
1424 1513
472 723
747 1186
1340 251
1638 1029
1248 630
1105 1095
669 730
1002 663
865 480
435 1459
1038 1643
1485 492
1412 166
47 1045
1363 953
48 215
426 1600
739 1482
37 16
416 552
80 847
1412 99
1020 30
1203 799
1158 1228
613 966
936 438
46 746
617 1512
1283 1057
1514 679
453 572
1519 555
93 1503
309 453
1239 1497
68 1548
361 366
891 1602
268 1473
876 1356
615 969
1431 1695
545 82
796 882
237 1089
1665 40
1171 820
1419 1470
1446 1550
1160 978
457 47
465 60
867 1547
481 308
1415 1660
298 1148
169 910
618 171
1226 1689
937 322
644 1220
143 713
1252 439
121 1497
1103 479
921 543
669 30
978 1679
247 640
834 1176
1272 238
369 219
963 1078
104 294
667 480
1175 312
1270 1311
859 497
864 1577
1297 788
1079 1183
798 969
1388 423
137 239
231 1147
1047 236
672 238
171 1596
318 88
305 271
744 840
1011 184
1693 1342
1106 1108
163 90
976 962
964 1582
1026 603
688 750
887 1030
454 908
1190 182
288 1216
1280 223
1325 249
1522 1051
255 1131
1200 714
1565 1025
741 1068
1048 971
1654 1231
1281 293
84 134
236 566
1095 804
1251 1321
565 1465
1166 997
529 1676
85 38
888 322
160 746
1284 763
990 916
852 1248
975 1220
1621 902
942 768
1184 1011
1039 1196
200 1336
964 884
1029 1568
1285 79
426 1323
917 112
750 1204
396 167
848 1351
682 1179
966 8
685 222
295 1550
1362 1139
924 138
343 1361
1253 141
1112 1374
203 495
164 419
570 32
803 109
875 1541
923 104
750 724
1170 1438
1372 1278
401 214
970 561
1223 822
718 232
457 840
610 810
883 756
491 1349
331 1142
192 119
259 483
564 1221
1167 653
580 324
1183 438
654 1638
319 1354
243 1068
1417 1065
746 116
1400 327
207 899
1599 1577
1009 1550
1039 817
81 864
1356 289
1135 354
645 1606
1159 1610
318 137
1092 166
1685 641
625 515
510 660
890 1593
1089 1692
1064 1166
1662 60
711 227
1207 1445
1640 1560
1082 712
1666 1492
897 922
931 685
1155 830
1448 526
456 959
129 1251
394 1521
534 1262
718 866
1076 391
1091 458
943 143
277 1256
892 1363
1153 1578
999 1660
1246 591
214 321
342 62
645 1377
611 1587
1013 626
800 1054
231 1077
391 1528
1367 912
717 1218
1424 918
480 1312
994 77
117 1074
1219 1612
1048 886
1470 1242
604 1016
1483 1559
333 657
19 70
1280 1595
1676 1175
955 898
607 376
1088 412
776 229
829 918
1140 1086
1630 1065
588 22
1083 1179
1673 1003
1312 45
481 1624
1277 78
1168 1560
1393 1522
498 187
1154 184
140 1435
744 800
692 1581
480 588
799 983
1392 1175
621 608
647 152
205 481
1646 1327
1490 2
1134 1518
1371 524
392 385
273 481
261 1250
331 570
1286 30
1265 857
552 1192
57 1623
670 1234
257 57
121 1465
540 573
1437 11
531 424
1165 1398
1101 660
1551 1586
591 647
1289 1611
387 272
387 698
434 1277
291 833
1092 999
735 1609
1186 988
717 1480
1344 875
215 569
438 217
602 381
68 72
913 658
871 1555
1488 444
76 603
303 1499
1532 694
1044 1546
47 1083
1512 1428
1047 1636
1058 258
711 582
1235 501
364 477
1473 81
631 619
241 1618
543 1308
138 605
684 1419
1554 1490
1468 1479
34 503
426 151
1614 1096
450 367
17 29
889 1498
1063 406
230 1534
1249 983
1551 1684
1415 999
1412 1427
157 565
238 1278
1577 703
1415 388
282 359
691 1156
1386 901
62 1474
344 37
738 909
746 1414
284 1592
918 470
822 970
940 1530
383 1350
369 1011
1669 1425
814 1223
718 1376
1630 818
721 917
95 596
315 1233
1314 104
298 1601
1035 1556
798 1199
318 133
1685 1438
514 1160
885 560
30 544
295 778
178 186
425 915
1345 741
508 1164
4 946
524 1504
948 126
493 277
1023 907
671 1153
920 1461
1585 51
367 21
1586 1582
1493 298
1295 1365
1299 888
832 272
1318 625
543 451
1203 1607
1059 1050
1108 1551
1606 1343
1322 831
870 765
221 948
935 365
1459 703
1287 3
952 1636
1191 699
697 1013
1690 889
209 1386
739 994
300 149
1447 715
552 1527
161 1040
677 388
203 758
28 1425
329 836
1128 932
1283 1400
546 1269
835 21
1625 709
147 1562
1609 1006
176 284
1256 1151
1475 560
678 1436
887 681
642 1399
710 1541
534 126
400 712
727 1661
40 1443
1020 218
511 1204
618 1171
617 782
1079 1535
1039 1125
731 860
914 956
1086 294
1489 9
614 66
1699 1459
1266 164
1418 1562
1143 23
1024 948
588 1180
1566 164
544 21
309 541
781 885
405 1027
934 312
1218 1588
499 1041
1444 540
1020 1316
115 929
612 257
1016 190
41 110
457 386
1092 606
163 1566
886 1157
305 898
1421 1576
1156 1421
371 820
1067 45
130 337
1485 864
1007 912
1178 1176
560 271
1692 1019
211 1386
1219 1543
601 146
56 1061
610 1648
775 1049
254 688
1667 102
450 222
229 197
547 120
986 87
1284 169
373 1528
525 596
1403 1261
1602 411
142 118
1173 976
752 789
22 628
52 1571
788 966
1038 1657
1279 1590
57 569
484 237
1643 1194
1391 1196
1693 24
982 970
140 606
1319 1544
614 722
448 905
649 113
726 1537
59 962
761 577
707 1318
1545 1237
412 689
1316 271
1624 993
1617 1502
719 1578
350 162
144 1093
1134 709
1067 1347
1173 1152
72 468
601 904
1209 1606
1575 1273
724 1547
1199 294
1438 386
708 267
745 184
558 1174
1607 983
1551 696
820 1084
1651 1199
190 1402
789 1369
1683 1431
1068 1578
1330 191
280 100
1454 1167
432 1391
415 1562
707 1543
51 145
1569 451
72 1003
490 893
1384 764
218 514
1581 1425
1426 57
87 1187
319 556
852 1387
879 231
826 419
315 1184
46 493
979 1335
845 1607
1217 1538
471 1561
958 1276
915 927
1358 156
1609 4
1586 1254
429 257
654 1153
772 266
335 888
1166 900
1692 733
5 324
235 3
1221 556
1079 807
1206 1298
1243 130
122 1068
1660 1375
1365 1226
894 256
541 339
1669 303
118 88
1146 4
731 538
573 1532
1434 1695
173 185
1254 1687
837 1215
278 297
499 1055
1140 923
998 386
996 1559
316 1217
1321 1227
1256 160
421 339
1348 802
370 1439
587 413
17 282
744 718
852 1052
432 1621
1212 347
601 269
1281 978
1557 838
632 1277
1199 926
920 647
849 818
759 1520
321 1690
713 1405
1555 1098
1294 487
668 630
1024 1405
248 1271
388 405
945 32
697 13
383 10
1662 109
829 491
1660 647
43 1071
1106 1607
1519 1074
1085 613
1403 1567
348 1189
488 1562
1439 208
102 146
41 166
556 953
187 97
741 834
1081 196
54 1258
140 335
106 1075
510 792
1593 1248
1447 1376
589 1244
1478 347
861 699
682 467
1085 1313
1499 119
522 1063
952 1394
1431 81
1025 1297
1696 310
724 1500
227 1397
1585 853
1351 1691
614 1309
935 10
269 323
344 1511
946 612
206 303
27 700
471 317
86 545
1494 1013
455 1132
493 909
1287 970
896 1088
610 623
1367 1072
1005 135
1546 369
9 547
1616 809
1260 547
536 1137
52 554
425 1482
1315 680
536 1315
382 1611
613 1108
1296 218
1260 1012
1644 1072
1108 799
1247 521
46 134
399 468
83 1281
1337 80
458 231
1324 1154
194 218
1520 1334
530 1099
673 386
1161 1303
1169 1307
837 1585
1075 847
839 10
158 1271
1589 851
1097 1423
1219 1260
1629 934
785 718
1433 62
1222 632
1383 71
146 91
280 1059
352 626
1477 642
584 857
438 658
837 1375
454 1554
911 616
426 547
956 312
1294 679
840 1054
964 271
1519 1240
359 1251
588 1348
1302 31
516 119
277 1253
631 770
370 849
337 29
463 1488
1305 1419
776 782
684 565
1068 1436
1076 997
355 630
1544 356
1377 1529
1073 434
1391 335
1196 988
1328 210
604 1333
59 1291
784 653
917 207
1226 7
367 1454
740 168
316 27
1102 331
1384 316
908 78
797 130
399 993
406 1150
1307 194
1396 1144
1220 347
1318 811
1124 466
1317 89
1465 57
478 342
961 610
174 447
184 830
210 731
551 1129
252 406
912 1203
735 755
1041 147
375 659
991 1027
1201 755
1182 830
581 751
765 1088
24 70
1413 343
419 1016
1156 1580
361 740
101 1636
356 95
1426 1504
534 1366
459 534
337 846
1330 1293
1003 737
1669 884
527 1314
1696 1402
816 148
1252 252
786 1284
537 1148
1282 813
643 949
1480 1618
1665 1475
1681 686
1551 966
312 1324
503 388
491 375
1196 1427
107 1677
39 1210
1483 681
22 446
273 141
685 619
317 68
1381 112
197 689
1620 379
988 321
1663 535
1237 325
296 1393
1304 172
1095 302
416 836
686 1278
924 1595
1084 40
407 159
1388 277
1050 1366
1321 1176
1369 742
49 333
1169 315
1178 1319
1195 749
815 808
1063 58
803 508
1435 841
1322 144
1308 801
1397 279
2 1660
98 1250
1183 1170
1110 1299
109 82
1395 409
966 1355
175 1687
498 695
1647 813
1244 9
565 888
1200 825
111 625
88 1056
1339 756
824 488
1685 474
132 414
704 1139
447 428
546 550
945 381
827 372
320 305
271 251
1216 839
1163 850
887 1190
298 502
677 32
397 57
445 247
1689 379
727 482
156 1483
1079 1017
685 21
1053 460
1364 1325
222 535
1298 1160
1125 1519
156 996
432 189
245 494
1444 250
366 202
1182 1166
1484 564
1432 864
834 260
494 678
1174 563
1094 1043
691 541
359 1064
1084 263
45 27
597 565
1563 163
604 211
370 504
616 1381
1277 978
1158 1050
871 1341
1260 1288
323 1064
1203 337
1271 887
1272 1506
497 948
1216 1239
1682 1432
550 918
656 849
1281 1218
503 1028
817 315
245 227
162 1470
1253 1121
308 344
1413 1375
661 782
193 839
699 1509
147 80
32 1579
192 1129
1100 870
1196 795
495 1049
1629 1353
706 1462
294 495
1585 1163
192 941
961 387
1461 787
619 1595
1273 1537
677 1106
7 957
453 1303
1166 1178
1506 49
1065 1512
1451 115
445 979
419 86
1565 65
284 395
780 1466
1060 1386
182 1456
1418 96
213 816
1698 939
1249 1074
1277 148
61 338
1248 1269
1134 149
823 598
783 678
1416 580
1219 1067
461 1152
1256 238
1224 1110
378 1383
73 1494
1228 257
1615 391
1105 414
1251 392
1655 32
1082 1462
834 315
1243 1216
1421 1188
167 984
1397 1330
808 1629
209 0
1116 1495
1190 104
618 1515
122 611
1104 273
311 156
1143 883
499 831
359 1248
733 1124
1633 1539
1052 1215
892 53
855 1431
761 1589
1521 508
159 570
1417 716
288 1539
1538 167
1505 1362
1525 540
1434 145
243 771
1399 1665
1072 426
1303 1637
609 229
359 1528
621 847
1460 1092
711 871
1243 1384
114 360
918 1010
581 1314
578 380
608 95
1591 1354
667 960
1628 1506
1602 367
715 554
285 601
0 1564
361 5
740 122
568 1568
1032 1562
541 1200
1252 1406
173 601
669 544
397 311
984 1146
1277 916
1211 591
981 564
304 809
1086 653
797 1101
531 1373
499 196
1134 1588
1598 10
1370 850
812 862
205 31
1015 186
1616 1667
46 337
541 939
1569 1518
777 778
1524 819
195 1279
252 1382
721 112
1349 240
248 672
129 261
1693 999
63 1184
1434 310
235 1316
746 1356
1394 419
858 1223
1313 951
209 1682
1640 316
999 872
790 216
1660 760
668 747
868 1636
1261 28
966 401
1326 781
1549 528
1018 1146
766 528
685 631
1429 759
1431 1568
1442 1546
1685 1057
1304 1229
674 947
591 84
844 984
300 423
1426 257
15 1466
801 1175
1332 987
725 115
1143 636
1563 288
737 1177
370 1255
974 707
1119 1155
856 1393
804 336
1501 1306
1456 444
766 95
18 1192
949 1695
1559 495
1268 202
717 573
225 1302
875 434
1536 1531
162 136
189 861
1245 876
232 324
698 390
589 1355
435 703
752 222
842 474
554 1439
157 1200
1142 716
1290 1037
129 446
1479 166
23 745
1305 863
1545 1096
1115 1260
319 476
1461 607
1290 1126
791 1222
30 1348
1554 748
1288 956
941 1129
651 555
546 918
566 462
336 284
74 787
1031 878
858 1234
1130 214
1147 1141
449 195
1158 185
449 1217
1495 447
420 1662
341 1113
1020 43
1613 150
574 385
358 1144
1276 1679
352 1449
351 410
1649 542
1351 198
21 155
95 530
146 105
271 1289
1496 1340
1325 794
652 240
1243 839
1299 1147
1628 1373
405 1534
1583 379
359 767
530 937
1080 1347
186 271
756 1170
771 1008
1084 843
1094 1107
1474 13
1673 791
242 601
61 1380
373 1569
1545 860
1457 1139
1109 1112
476 987
925 791
1479 0
1146 1006
475 880
432 797
933 1
192 294
1645 936
811 1479
1281 514
323 727
377 191
1528 1051
1665 942
248 1579
0 1526
3 1666
1237 160
437 958
496 1207
1013 1594
275 413
296 953
1267 1526
212 614
1130 192
1003 393
1160 1328
726 1208
1588 630
306 230
1112 17
1034 1346
134 224
1628 23
1226 769
797 1551
628 567
723 775
1474 99
386 676
1125 1249
923 552
1030 824
213 1096
330 1270
445 245
42 702
463 1427
0 1301
241 1528
277 288
1697 1295
925 1003
36 308
467 1229
1207 64
1171 239
595 1041
771 69
288 1372
1159 198
772 541
530 303
888 1140
1263 250
95 676
702 432
1158 452
1475 1472
406 1356
265 892
1387 790
1647 581
502 794
1304 668
1155 958
280 603
1072 246
19 1317
1338 397
1447 501
142 636
1344 1327
1562 756
1011 275
887 898
1374 827
400 40
327 1263
1588 487
622 1478
170 1075
152 138
1326 1248
378 157
852 1536
591 970
159 1591
1315 1137
80 1261
807 1352
1545 665
1340 921
1538 507
1131 971
1033 182
274 1434
1674 1393
127 395
645 93
1185 109
651 1205
437 942
1618 1518
181 1203
1110 246
503 722
714 1248
1254 1635
511 166
1339 594
1056 1253
300 1292
391 771
35 1444
1051 442
950 1489
1105 1052
1031 1549
640 1124
1111 134
363 631
784 1258
923 659
450 953
1140 1296
1039 476
177 239
682 905
1639 797
911 1594
79 89
1481 256
652 751
61 817
716 561
222 235
367 1282
682 1672
1219 1215
1068 1647
781 729
749 281
1599 1406
1376 184
754 226
1140 501
925 131
403 1003
828 579
679 630
242 629
1160 939
1004 493
1174 1075
1030 114
292 1075
1340 346
365 475
960 343
1161 1147
1557 1451
554 1376
826 854
1381 1037
38 1382
294 1371
312 219
670 939
300 283
440 444
343 772
1531 366
1572 1461
564 748
1232 476
425 809
610 999
1141 120
410 404
1505 460
262 1690
884 591
44 189
535 494
512 9
245 392
398 1384
1686 669
1480 824
1060 675
423 690
811 398
1295 1656
710 101
137 568
1387 770
48 186
870 1136
222 770
142 1313
164 1016
1011 1503
1023 87
234 810
509 367
105 269
1271 707
942 1689
157 253
24 162
436 1391
1117 1670
227 455
51 1639
1430 83
1351 181
434 358
1136 762
620 1448
954 124
1228 1511
301 1671
595 1395
1479 556
921 1032
1032 451
1064 1080
1378 323
981 207
915 669
83 1084
817 338
1395 287
915 317
1319 364
627 1467
1565 1668
154 395
1600 1639
117 234
258 376
1529 731
61 315
1099 656
786 592
106 1651
819 635
493 1264
425 1617
707 600
1229 1308
656 953
133 1492
457 358
774 1150
386 1483
1153 1140
1012 1658
431 929
1518 312
886 402
57 501
1091 1056
1684 53
20 142
375 652
1262 412
9 1130
66 1073
808 375
244 1252
1509 758
1589 1098
647 1430
48 461
521 1237
1617 1176
1157 1233
131 108
168 570
971 821
46 1341
1060 136
668 343
560 1056
690 638
164 238
784 165
269 769
769 388
1018 937
610 546
301 898
114 1210
175 1089
242 1239
544 835
1387 361
781 1387
1435 367
96 954
895 396
250 1532
704 1029
23 603
533 688
742 1448
988 1151
1604 447
1503 470
1302 783
671 527
74 1037
473 67
1465 386
469 179
748 1221
908 837
1512 1631
850 888
1290 1639
480 1163
747 1531
713 390
1029 1561
814 1104
403 1074
937 528
686 160
1631 1371
371 623
1641 803
170 1104
522 653
7 270
1601 794
1472 577
232 841
854 764
1206 1160
1621 466
966 1286
1441 1178
921 1672
45 1610
614 1406
593 1696
1230 1567
253 87
467 1562
240 568
1463 1140
291 13
1253 1611
1399 437
1234 1322
1203 1108
1460 166
500 1436
209 250
361 1120
381 1565
240 320
696 675
880 1254
1435 789
628 1379
1316 1429
491 436
1574 1271
235 777
1362 1140
282 287
1276 977
61 1026
11 1229
654 800
733 153
1456 1258
1284 1550
1365 559
330 585
49 709
220 1355
1308 1120
520 1295
1466 993
1480 892
1205 1453
1139 1150
531 1301
374 1050
1044 305
583 277
1601 862
471 143
169 1246
70 45
105 7
1584 103
1159 918
153 620
1100 1067
1066 1433
344 1045
819 1569
508 228
1294 1588
500 1598
595 118
1640 449
794 841
536 742
657 1275
201 440
447 1404
11 1533
1604 428
936 1060
1594 980
225 1532
505 1085
268 1695
1153 1163
1456 594
1218 421
1504 569
1432 809
168 1659
801 31
1283 195
738 654
1271 1109
1239 1465
1482 499
179 1031
762 420
955 693
1259 498
333 552
1663 611
462 1464
391 339
1373 891
1212 174
177 977
1415 1375
1394 1009
833 175
202 922
1428 1462
295 1052
1377 353
765 637
757 1568
1098 659
159 613
1031 1535
641 1377
51 409
1502 786
1302 997
525 1014
1302 1125
316 449
459 676
1615 725
506 311
787 1138
1648 1242
108 907
1477 805
1060 182
1271 974
620 233
1252 536
163 229
98 146
593 246
1270 1563
1387 691
144 321
916 300
3 616
1449 54
651 1215
265 43
19 38
154 1015
1624 789
1138 818
643 275
237 1687
248 632
1591 377
771 362
1585 418
599 1648
116 1414
837 870
490 1302
1045 1184
444 1527
1239 130
347 476
512 454
640 954
1656 809
1364 189
639 199
562 193
1488 1647
1516 1258
625 675
709 1115
474 1662
1377 102
578 1640
11 1243
1536 990
667 552
1236 1512
717 1685
19 536
1438 350
1541 1332
234 550
1331 1233
725 739
770 1409
1372 681
251 914
1201 959
546 1032
777 1117
1641 1412
146 886
246 14
1302 1389
506 170
913 551
565 1438
1297 1350
776 270
933 1038
112 202
935 1397
584 1108
1407 1295
1589 347
1693 1013
1046 1602
1283 1267
1237 438
935 561
208 606
1150 64
122 1153
644 833
162 1014
548 837
909 844
100 1197
1552 1182
1211 1067
1364 693
1687 25
928 732
648 676
1605 430
300 518
212 460
456 37
454 1433
708 1378
1454 619
616 150
771 1569
826 785
600 1152
260 249
821 1654
345 349
237 1027
361 705
1622 1170
1126 1331
1672 883
1600 988
1404 718
1219 27
152 1595
1222 1272
66 1541
964 1120
833 991
1503 482
1189 637
662 129
1384 1228
1676 1028
1170 127
604 1463
1527 946
1679 10
1624 586
148 687
914 749
1452 858
1349 711
835 1369
623 1126
920 315
388 1028
442 1090
1563 78
1293 1479
1223 761
275 1036
699 1217
775 566
386 200
727 1108
1256 1338
657 367
1122 555
1524 990
1314 1603
1333 1201
391 1426
1340 543
42 1178
867 1655
1398 633
585 1270
361 404
739 314
1110 1612
193 851
1606 91
282 1479
587 1443
1304 538
1598 1328
1326 747
1315 264
1399 901
1686 1445
634 370
287 1597
122 1656
1279 846
1191 1590
75 969
1393 743
1594 1501
1058 880
570 1661
547 1141
1420 718
1140 1150
80 604
810 1330
890 1587
615 521
1085 1272
1185 479
290 515
426 932
94 1287
1057 1667
842 1360
677 65
381 1242
734 127
782 165
1598 1160
1106 547
662 1064
81 963
1251 1181
729 1151
1220 618
1000 1558
1166 802
1181 963
418 1070
375 1349
1039 1544
153 466
792 1086
70 1045
911 3
1143 577
1386 1295
1063 1315
1409 954
768 1242
125 1340
1645 1002
1372 954
1103 156
169 1053
510 366
410 366
707 1260
540 222
541 1514
1475 577
908 324
764 174
927 1471
1466 452
1219 975
429 1650
1079 205
1050 692
1200 1328
557 572
662 1361
1526 1516
606 187
1681 376
519 830
1501 765
711 326
880 306
176 429
345 1217
316 523
1163 51
11 1539
376 437
235 619
22 372
443 1327
264 1013
1056 836
1080 1348
767 1251
671 1356
187 712
236 93
1607 148
272 859
1451 659
182 497
282 365
1333 1463
247 550
1015 1417
649 128
736 935
935 535
913 845
1266 698
1549 203
1363 1014
1026 219
1480 390
12 566
703 246
757 408
363 1594
1633 562
1 1410
893 555
319 672
1536 287
318 1536
541 1357
1147 440
517 1164
395 587
1597 1251
1075 1606
1030 1518
36 180
631 680
569 1124
1562 879
579 1564
1408 43
1484 304
829 1021
270 743
1249 1133
1086 1296
1299 1141
1006 387
125 1012
676 1099
1686 1684
302 244
1067 1635
957 337
1672 543
345 1401
523 1669
172 1393
354 1063
169 1123
146 868
1088 268
722 306
158 709
618 1014
219 1324
668 156
1132 981
40 1331
209 1448
1466 1360
862 794
417 874
536 1092
570 1426
1068 189
1529 1062
1137 910
1023 775
694 748
1143 1373
151 920
1633 1119
1492 1149
380 774
1555 1401
172 672
162 297
1255 1342
1386 540
1324 1062
1606 1365
1448 755
542 1019
745 33
769 914
346 1027
193 1617
191 282
664 176
3 778
349 1239
474 1307
1194 400
1584 1352
370 937
806 476
650 646
1181 202
346 1438
1216 1191
1681 329
932 1323
1150 1090
1038 976
1525 264
1307 1380
1273 847
49 1574
1159 614
47 1464
707 968
445 1319
752 390
1681 437
0 877
582 395
64 967
100 599
1311 201
580 677
1291 624
1329 358
838 194
292 1415
1054 1068
178 440
1581 1121
1497 1102
1473 1366
715 431
317 533
1284 1486
1580 483
1694 685
629 867
279 205
415 754
1296 929
1132 387
431 208
1297 1047
391 997
1651 987
1493 502
862 218
1006 934
72 1622
887 974
183 1205
1525 1444
249 1556
129 228
670 11
698 497
658 356
1375 498
1360 474
1161 1347
482 1181
1377 1667
1042 912
207 200
810 1237
662 1182
827 282
1627 13
594 1376
1133 67
210 760
273 608
735 394
366 1441
77 1083
896 1683
1122 1327
1677 440
1091 597
1602 1463
498 1595
406 387
693 919
964 1074
1410 1059
986 1051
240 1679
577 1047
1006 712
227 1443
1373 631
988 1427
77 148
230 1687
1688 839
974 1106
1412 518
1370 1459
1674 422
282 372
767 609
1290 746
1524 729
601 91
600 1571
1014 414
1646 1397
1434 1525
819 460
1 1052
428 306
1123 1059
536 395
1410 1050
272 362
254 309
1418 194
447 1261
1017 1158
1537 217
534 1610
100 1
416 1049
1521 1086
1183 601
1530 114
196 1559
1432 1622
1466 379
768 646
593 895
1077 780
1588 538
1119 345
1328 1357
929 524
667 112
107 1099
17 1468
1320 917
1108 788
1112 356
71 1367
1163 566
1429 135
1089 1027
585 454
828 327
660 945
1642 624
75 1528
1304 860
214 1221
1673 1578
568 597
432 693
1007 281
575 919
1561 893
623 40
1240 617
846 841
704 94
181 1082
1519 220
1029 632
828 1263
537 1218
558 1386
1624 413
636 6
682 1545
458 127
291 1111
593 1149
967 923
1541 78
1601 1281
1315 1201
819 351
1025 788
799 1551
652 1347
1193 1465
266 1298
1022 1084
1275 558
1648 492
297 590
1393 906
1300 1400
142 627
1645 1407
775 982
1624 719
1326 355
117 918
1556 145
47 1180
468 74
906 784
818 343
608 173
671 1495
592 1602
964 1050
1176 997
572 891
70 1347
430 1032
1513 377
1468 359
1414 435
396 1538
1422 337
1415 1261
1616 917
1216 1640
788 1560
543 1392
865 1670
225 1427
16 592
1629 458
129 1409
898 422
278 341
311 1611
779 60
1604 416
738 671
906 1462
336 1486
892 528
876 1488
406 653
440 1212
1044 985
1403 1159
673 601
1367 884
215 57
124 746
848 890
1083 123
1069 1663
1670 1103
1618 1024
573 1256
1391 997
800 418
572 1468
1057 194
1117 1076
458 485
798 615
1528 665
524 1578
1622 734
1213 2
1337 1273
266 541
1250 575
1478 779
741 328
9 1438
1656 1151
851 1557
1319 1426
1217 1419
303 825
885 88
831 1504
1388 1383
127 1427
540 903
859 656
311 1265
1105 336
1465 1342
1045 649
875 908
931 1276
72 1452
1674 1358
1378 130
994 1174
221 459
977 485
520 1338
1143 693
333 144
327 398
1541 881
903 1070
1206 772
805 179
1498 171
1577 139
822 479
590 1130
951 573
1015 1595
1239 931
326 681
332 1623
546 1308
430 467
1419 496
1627 611
1016 420
1199 1118
978 1200
1579 1108
1287 500
710 632
355 34
579 851
810 1376
239 860
1553 682
336 608
1675 884
412 1390
1068 1321
334 311
1236 1602
1630 617
709 764
763 309
267 167
706 1045
658 262
869 149
1546 1127
85 1274
1075 969
22 352
344 697
1294 1258
1193 213
1145 1445
451 1622
169 860
1251 755
858 1419
338 582
1252 956
1396 1337
1084 1169
602 487
1383 469
619 658
1352 1642
990 364
220 407
253 1283
291 16
994 1396
1238 527
1454 911
772 978
1087 1492
364 1480
1197 1405
1168 1600
26 15
342 1385
1624 1240
589 1459
23 19
1198 1580
1053 1396
660 448
1336 1587
262 672
582 545
63 312
519 1453
1007 53
721 1306
1078 722
799 1350
1117 706
820 263
618 1230
1294 714
158 265
1171 1391
410 1205
913 1055
411 703
267 177
194 1206
1476 1519
1440 140
352 1594
1009 849
1184 1185
182 1364
365 228
1408 596
1697 755
912 826
666 963
1299 1335
1291 659
424 6
71 1068
288 1062
824 682
1076 1176
376 979
1378 575
1631 1457
113 286
1572 924
731 150
778 1520
939 10
565 1353
964 220
268 215
550 637
1412 1535
1072 1337
704 436
773 1113
220 327
1225 1667
120 831
106 1680
635 410
791 444
811 1186
881 37
583 586
733 134
1339 1483
720 58
1655 580
1050 1053
912 1585
1296 552
1587 160
398 1216
757 1577
359 877
472 1109
811 288
824 1340
903 1544
189 623
1389 304
564 1542
1472 768
931 21
275 720
255 413
653 904
1561 1624
611 352
231 31
1012 1171
1152 271
1270 64
435 1370
1651 1446
1097 1074
1336 1016
1321 1166
1154 1328
443 419
1605 1406
972 246
1642 993
578 1305
12 626
827 1013
701 1631
534 1320
1161 468
180 1617
482 413
1163 588
196 75
2 872
1463 1496
1389 1276
618 79
436 780
960 579
1581 1436
1429 1087
1287 766
436 425
798 894
1639 259
795 394
920 26
313 1667
403 1071
88 1082
1515 573
1373 1113
1695 495
1585 1006
1664 1667
1004 738
1428 542
1018 1257
778 616
1531 790
85 299
8 577
196 625
1243 1158
684 1049
1381 348
1074 220
1675 169
305 943
1421 859
1574 707
1437 748
1571 984
461 501
879 754
328 901
1182 1178
630 150
635 216
1685 12
14 1632
1217 195
635 168
909 1327
490 225
618 1012
336 433
1136 987
1407 1444
1011 82
763 1359
264 73
907 1626
210 860
1657 111
1048 1509
133 533
1309 1581
828 727
535 1352
393 1624
115 1049
25 153
1057 359
1240 1504
1250 962
274 1333
995 671
602 452
605 637
489 1155
785 348
1378 700
1522 1361
1575 629
1320 14
180 861
307 1107
1442 262
288 938
1551 1560
636 1009
1457 405
1430 1084
1560 761
418 1645
1319 373
165 1458
270 159
998 173
9 1544
1575 508
1117 1005
541 1328
864 563
602 1074
1127 1067
1319 630
1243 1640
1541 1204
1560 417
1000 679
747 353
449 1305
68 1651
641 1355
820 1169
1012 1613
156 104
506 644
269 91
381 727
443 1638
168 443
255 1033
1596 402
500 620
711 1363
400 943
1161 742
1413 999
398 1539
675 1027
1629 1349
1342 534
115 692
1044 472
762 1051
1467 1671
597 1540
84 1059
518 1374
1232 1152
433 501
627 566
1389 68
893 65
995 423
356 766
853 1639
1658 759
1619 120
1306 551
836 1611
287 662
680 535
1141 625
155 676
1550 779
494 1013
759 706
1510 1183
300 1023
868 310
626 167
741 806
59 1632
1628 1313
1353 963
845 686
989 1233
943 713
893 1389
389 1448
1403 1330
1091 1033
1217 863
1043 1035
838 1458
1368 1270
694 214
1509 1356
331 880
415 226
778 1696
1678 625
1487 165
472 1666
330 1276
1437 828
450 21
695 1077
402 376
468 1291
609 1250
647 1596
1543 862
331 613
1468 282
636 1373
725 732
623 1084
389 1243
663 543
204 1627
1432 1668
1226 285
1301 1457
1399 1466
467 451
395 266
598 1509
1091 796
1053 994
1123 656
139 1467
1456 1427
410 224
284 625
782 1508
1177 861
436 375
1190 967
959 459
615 370
1470 721
704 957
922 348
539 1361
1423 328
1548 1160
684 951
931 575
1346 1040
1514 1357
365 1237
1661 1686
845 1367
1130 947
395 1144
1234 260
1412 423
247 848
589 139
1068 1325
367 235
1567 597
888 1141
657 948
328 486
1676 1323
160 135
964 22
436 1462
992 1329
642 475
1120 1252
932 1487
1320 1475
627 278
82 1036
684 699
559 673
5 724
1061 1230
1541 1364
759 301
1456 1144
830 1268
1003 1222
852 781
149 690
1345 199
205 1196
638 1072
1235 96
1052 329
449 847
505 23
506 1673
300 816
1076 368
1524 1531
565 419
530 892
609 95
1381 1015
453 1236
172 357
1154 289
1287 1670
139 210
496 1027
1581 28
1292 986
1178 748
1262 665
895 462
1440 1111
717 809
223 620
1553 1605
1270 1380
1356 1612
1608 714
573 1616
495 1192
569 113
1304 1635
548 77
945 570
1316 1087
475 1466
527 428
1222 804
1148 794
773 1044
626 1058
175 470
1313 1035
741 1225
750 1500
711 1484
973 217
1178 241
1574 1671
1280 1168
320 1596
975 1247
1404 1538
1676 1683
1487 1010
364 1671
578 316
255 1426
1602 1670
295 816
925 1452
785 1323
1474 1641
248 118
286 148
1558 866
1371 1613
1241 208
1157 1203
1046 1007
725 1188
890 841
1684 1440
510 46
581 462
1021 94
1410 31
1069 1129
179 455
727 1565
270 724
381 580
1260 961
1179 48
852 885
1452 393
1061 247
1565 782
665 1577
853 1645
90 496
1637 755
81 1695
1115 762
599 236
742 73
1311 947
139 1461
363 235
1022 623
1383 238
1156 1163
934 1584
1593 454
1605 1077
580 1067
1164 486
1494 1472
882 492
453 16
333 985
865 912
974 1543
695 15
1541 998
338 312
721 564
1690 1415
475 437
1238 1286
321 582
1420 1195
600 428
1 115
1287 1178
484 853
1457 293
768 190
392 755
278 1442
1413 1278
457 63
1122 454
1253 836
1077 1681
1546 985
1343 1226
110 1572
1564 1086
900 771
1069 535
775 144
323 750
125 634
1147 625
309 344
834 1685
168 1175
429 1628
1232 1056
190 1447
1648 1338
558 1317
612 113
1543 968
566 1587
752 663
272 713
1322 595
1542 1232
130 1235
819 58
1287 593
1316 911
770 1429
521 337
1307 1331
0 365
499 47
531 1143
70 765
415 1632
407 1175
1127 754
1159 1191
1224 1370
655 645
1046 1650
921 596
1239 1490
398 1551
272 417
729 1004
680 494
1204 1449
1524 885
1007 135
749 1022
683 471
952 1047
1088 1431
1296 1022
775 1592
1083 48
1199 888
212 1351
729 1014
1340 467
757 1695
1619 674
13 1441
16 951
299 453
1047 334
693 260
419 857
1650 1373
1223 621
1054 436
1020 264
11 1158
1246 884
719 836
683 1029
200 1490
1392 1252
1666 970
1240 507
642 1077
1436 1448
1349 408
72 358
1074 508
877 379
445 1056
1698 1154
998 306
1329 780
1609 841
700 1107
1441 1659
1102 1157
1107 1051
1240 964
126 779
1604 831
284 576
1534 1089
683 815
1159 308
628 406
938 1078
414 817
1283 1521
958 952
1673 86
1382 1201
1283 407
1180 57
784 1098
984 485
484 628
1661 1108
478 726
1085 1506
1101 1547
251 545
310 1252
1546 291
540 1678
605 230
347 1564
407 327
1099 136
1330 166
1358 258
921 143
681 124
738 1498
1483 1580
1225 834
65 48
341 803
851 1150
152 607
1002 390
1221 1354
430 1418
196 465
808 1255
1566 1409
1279 1675
190 128
760 150
1413 1415
814 926
1055 1194
913 1391
215 1542
657 725
1535 1694
136 141
69 1218
736 528
940 1041
927 883
677 1025
36 1249
453 1668
1565 1297
1650 1628
1431 947
381 1596
457 631
1228 250
1569 439
608 1415
25 500
73 200
1199 1208
1458 904
44 670
231 801
556 1354
1019 902
215 501
119 214
726 647
975 1231
107 658
1012 854
56 1260
939 1328
545 1154
953 1430
1687 1603
137 487
234 1403
1509 1296
1190 1597
1271 382
1199 1481
884 1652
1346 666
289 720
1665 979
772 1160
215 109
660 184
729 471
490 133
654 1547
750 886
231 526
649 1232
968 1260
1029 1380
1337 1130
614 1621
1153 1327
240 1389
1386 717
1680 147
472 707
1339 628
186 560
827 567
170 1172
264 914
1635 1124
1631 1401
1096 713
1699 748
1518 1340
1636 515
840 1169
1227 749
1288 1012
107 217
1000 1146
695 328
189 1491
1624 385
601 121
984 324
1188 862
199 693
1497 1547
1371 1464
1441 1035
312 479
1226 146
73 678
436 1561
14 888
363 207
107 525
166 2
746 1555
1076 1659
888 1619
1589 579
648 43
677 1661
864 1355
1035 1527
404 464
1469 676
405 1089
1567 412
991 1687
1570 1035
1656 1310
1610 27
546 1669
1632 1001
640 1609
795 1624
814 165
63 545
173 349
1296 115
9 1671
239 150
390 1642
1457 380
96 522
1391 449
1047 755
835 18
1432 1057
1168 1645
960 1065
1194 943
809 102
1505 82
763 275
59 1522
640 1278
1441 984
374 1505
72 272
1088 701
1105 1177
185 868
432 1423
1114 864
1047 1566
2 920
1525 1386
985 104
418 785
887 889
1627 537
1290 932
1264 840
198 710
776 1505
1377 631
1384 1119
352 459
493 935
1544 1671
1491 861
623 817
1688 1259
1541 1339
650 599
1148 1218
420 442
1386 596
12 45
269 135
955 178
1048 1033
180 786
533 842
1236 867
770 1342
666 1268
1548 661
1411 732
522 19
889 715
81 408
429 810
519 1086
1315 1347
424 1338
99 518
1317 680
1370 1036
384 1380
1180 257
926 309
668 357
194 794
325 124
1694 481
5 1052
285 957
1609 431
730 1197
1221 672
1402 431
462 1402
1304 1559
129 1200
327 1675
472 959
71 363
142 289
43 1099
1263 1539
407 849
1010 64
1265 160
1131 568
1692 977
648 1214
426 1639
1498 1358
920 1180
915 1688
416 294
766 596
891 1333
423 1224
158 777
631 1454
42 60
74 1009
735 812
667 1652
332 1659
1659 513
1130 119
204 925
1090 1126
1681 328
682 1418
1413 110
1388 944
508 407
1602 1407
1500 629
1100 980
87 1599
161 413
326 1198
909 671
460 1396
1196 183
691 480
824 114
1459 14
368 1528
644 1003
451 210
221 1598
1165 657
1546 1210
257 215
1048 1091
48 113
919 1623
1456 764
796 1225
390 468
1601 575
1398 1333
910 24
6 1661
640 1587
1028 230
134 692
333 752
458 47
804 1625
814 1177
427 401
664 336
1031 119
301 305
1120 1456
596 530
1452 804
1570 16
471 1629
747 635
790 635
158 188
693 811
783 1546
303 1472
836 762
819 510
822 284
455 941
93 1409
1209 1333
932 1374
917 128
1478 960
716 957
119 200
685 789
655 1684
339 1294
1280 1215
288 1186
1688 1617
1513 907
1424 1369
1009 1024
794 772
1013 980
406 1136
1224 850
36 242
1252 1175
724 886
1650 321
223 1621
116 938
206 133
193 180
84 1652
1638 833
1544 1526
961 1330
966 140
816 465
1400 407
986 865
291 1209
709 1442
1553 1496
930 484
1241 1397
604 1525
940 1035
959 1342
982 1367
1021 1012
1106 1281
307 161
1290 1451
1361 784
884 5
6 783
1024 1037
1583 1037
316 699
1684 1232
1639 250
855 1088
78 1474
1656 1528
338 1184
722 405
9 1258
1167 258
176 505
1611 1195
111 515
513 1618
1146 431
709 333
754 719
1312 588
1357 210
614 181
11 123
243 679
1546 1388
593 871
702 1124
1125 1205
948 960
881 529
2 1056
1668 1350
916 1534
1039 1496
181 878
627 592
1051 385
864 899
66 1545
1547 450
803 1644
239 1258
1204 938
486 379
802 997
1364 432
176 878
961 1571
919 266
693 1135
708 956
1282 1658
1236 604
999 339
1331 603
14 1038
1230 1575
564 1554
1042 1280
269 750
331 32
1536 357
398 1158
507 187
649 987
1123 1471
1591 1330
1588 1258
940 1081
453 1329
1424 1691
1122 38
59 888
113 501
994 292
386 943
887 1115
1222 302
1395 144
639 1382
364 1030
1207 1092
1315 1663
1512 1649
1059 295
327 859
839 134
1557 64
1211 169
81 1568
169 496
857 1065
37 291
764 1604
1096 589
1447 866
1142 132
741 263
248 158
1562 1235
1469 336
1005 171
1161 85
654 239
557 1236
1697 291
614 1691
1515 1682
594 324
1645 1060
979 437
213 210
298 794
1438 1018
1664 1256
33 453
1318 996
451 386
67 468
1062 184
790 549
1597 486
484 418
16 1441
857 838
1465 1500
872 1071
1537 35
1526 1647
454 1066
520 507
439 1660
797 1659
1288 1475
1533 1024
493 211
1624 377
488 430
292 147
1284 660
1665 437
1397 1039
1602 369
529 1672
1600 516
1656 1256
922 1210
1149 306
1229 231
488 467
942 812
493 214
452 952
715 324
1614 1039
1568 461
1445 41
711 462
153 1581
735 1240
1661 1668
434 1490
1691 710
1113 1481
966 1475
892 297
1058 101
503 880
544 367
1088 1568
781 350
1678 679
1576 991
73 1192
407 1107
956 1051
1159 1368
975 1020
1445 433
676 530
928 1131
1200 1679
779 141
1676 1342
1616 903
1367 1614
1225 260
1128 55
811 562
1652 1050
125 367
110 1045
401 229
1114 1612
1620 525
776 897
1630 953
1062 58
853 1319
746 483
832 1533
890 927
153 902
1436 755
23 1113
369 545
133 470
273 807
1292 982
379 1049
838 161
63 369
1556 211
324 1082
1625 49
385 1601
78 869
411 983
66 710
1667 1245
523 1353
1060 8
465 1370
409 623
893 526
1541 1066
288 1243
389 1334
138 1665
212 1593
561 377
1096 1489
488 870
92 1451
738 1264
290 1302
840 704
433 1124
229 1076
491 1629
1161 1450
23 1476
57 128
230 1294
522 617
642 859
1518 1032
4 208
211 1463
1505 658
566 1409
742 1494
306 1254
893 945
654 1669
608 92
310 1591
1382 1036
1101 1696
513 1030
1386 1497
1351 1120
556 1207
304 778
1283 920
212 1099
818 906
948 953
602 1611
451 1170
1630 560
1492 305
1094 358
30 47
1114 1096
379 1242
385 502
1147 143
299 1147
1355 1620
456 572
684 1523
805 1306
894 1621
190 582
1169 263
847 750
825 1357
448 236
961 1581
934 712
287 628
988 725
182 1068
1430 414
141 1051
352 303
221 930
683 1327
421 714
1614 1687
1049 1613
1330 22
1202 599
1169 40
1271 1115
1619 1311
995 918
1678 463
550 212
1034 532
1181 1040
857 160
1645 143
868 797
159 331
20 1672
922 722
56 968
1034 608
847 39
1477 144
380 1557
1691 498
616 687
558 732
411 733
476 762
620 1121
1477 469
288 1158
1374 846
1251 1250
987 874
481 555
301 1417
564 1334
834 1307
766 937
20 1650
274 1556
333 887
100 1052
158 532
1558 1402
1207 1204
140 509
1091 1101
1486 100
141 1590
1316 770
1567 1334
1387 715
1037 1630
485 574
1563 786
390 859
178 1567
59 547
607 210
1105 1469
473 1352
1303 1441
950 806
668 886
1282 778
689 666
1095 284
365 1597
864 934
964 763
1298 541
1503 1036
1406 876
216 173
1144 109
1377 1256
172 209
774 519
857 996
529 275
587 1346
1214 437
1314 507
1423 828
1573 515
842 1051
1278 124
142 23
390 441
1486 1246
1205 1552
586 219
1128 87
1232 1307
412 1545
550 848
626 878
946 289
271 987
1627 291
460 1188
1634 1544
892 1309
1314 1402
81 1577
1304 439
850 547
1058 399
393 176
699 195
1172 760
719 1599
727 613
50 1647
1150 1451
640 681
214 1490
1467 658
1575 1436
268 850
38 1069
556 1204
234 732
137 1258
775 1644
427 1080
1073 875
944 0
280 1096
1394 334
289 275
1552 1664
926 1627
1179 1180
1002 1418
1415 751
1528 643
991 1586
1160 825
1583 1295
133 519
711 650
1186 86
889 1040
1290 928
1436 470
1554 166
1264 671
1115 56
652 1484
968 955
731 679
1288 1695
1387 548
245 354
1542 1443
983 475
27 701
580 1203
969 256
206 464
444 1647
1175 73
956 1360
1646 1172
245 469
183 1014
810 212
600 1000
16 1602
1525 1116
497 880
1379 653
160 126
1613 123
588 826
391 364
228 1250
689 963
753 1347
1438 965
992 697
1182 1210
876 1298
1470 1499
561 1341
942 1155
1469 176
1396 1081
1530 1553
773 783
1438 1620
282 1231
281 414
1552 508
1330 282
42 697
997 373
1061 1450
1179 257
56 907
532 125
1039 1694
1309 917
1195 1436
5 988
1160 1514
1616 313
909 1344
1607 799
223 1124
1299 547
430 563
1118 85
723 1115
422 377
1144 1062
1609 1643
742 360
829 445
596 1415
108 26
1071 463
925 843
1005 1405
644 266
318 172
1090 989
724 841
644 584
842 1269
846 10
740 705
1496 1672
1109 286
1669 123
1168 1323
1268 1581
1057 102
718 1402
383 1286
441 622
1275 1482
597 432
409 1090
1092 2
1662 40
9 841
1046 1628
1676 1064
884 1102
1218 1298
1094 1441
1151 1058
1521 1633
229 368
74 859
455 1196
1229 754
984 232
1239 769
284 429
1265 1245
40 1026
260 1322
1384 193
1079 662
349 1683
53 192
465 1568
840 1638
586 1487
115 294
1424 198
1458 60
1165 1162
149 283
1690 2
531 627
909 1099
617 1555
1069 1626
55 865
540 1656
885 404
188 1078
933 767
924 1267
668 519
157 1347
155 1619
456 1697
1504 461
460 844
172 1477
753 765
1246 1123
734 1555
352 910
1371 1578
1254 1111
501 1253
252 536
824 687
1500 1416
1073 1530
1097 394
36 481
349 7
380 1140
1340 430
295 1338
307 958
1641 876
54 1259
1596 905
1560 1435
1419 884
1560 835
1253 700
1058 870
117 546
43 530
1646 793
1324 482
833 1586
1043 1434
454 998
1322 1390
401 802
479 184
37 1329
813 1538
362 622
561 337
1648 1636
604 1556
1547 580
950 1430
399 832
64 1451
1021 425
1293 22
634 1481
1265 326
784 1487
1576 483
787 960
540 1232
1306 564
1386 899
1181 922
751 1420
1240 1552
1052 769
737 822
814 1105
1520 871
621 1628
1481 1209
904 1179
522 218
672 1204
27 855
493 712
1026 76
311 238
966 764
480 826
527 581
55 1042
616 1443
554 1146
702 1551
1506 262
1101 886
789 1374
1658 301
365 877
1096 139
821 377
551 1554
1576 1414
1668 411
663 451
1534 1027
738 744
1241 1518
145 1525
1234 1395
1486 514
1187 789
403 1452
78 277
1652 139
760 860
1516 831
626 980
270 629
589 1467
629 1224
1477 501
1597 261
807 832
618 1285
999 110
512 1383
1125 371
1333 209
506 758
1116 1682
664 1007
991 1582
1000 743
1355 1438
1165 227
787 948
646 334
561 821
1489 1467
776 1370
1186 1384
333 798
1376 208
1341 703
877 662
698 272
164 156
1488 1427
127 1175
99 71
1235 1310
1654 1554
1615 1215
1391 118
791 1104
940 499
1461 138
1033 731
1157 1661
28 392
1541 1433
1329 1129
779 960
247 810
1517 270
1394 1016
1521 327
449 163
250 688
368 771
1174 147
1233 76
501 1056
570 1523
1286 450
1203 515
1391 595
225 154
1648 1266
273 20
1099 1320
495 77
132 167
444 1495
6 1625
15 1576
307 1202
870 1683
1236 1164
1442 1109
1328 1608
1262 1366
885 729
370 926
61 63
334 111
1344 815
1139 1458
1133 272
951 1432
158 1109
1080 1182
737 1478
1053 314
583 1641
1538 1571
812 1148
817 76
863 1669
612 569
1244 1634
726 894
1453 495
1158 448
86 859
636 1049
227 279
372 261
510 1284
800 704
393 1223
1373 60
1313 57
1075 688
1263 698
652 461
121 130
1306 192
864 1399
1390 503
1689 1455
971 904
241 1564
1285 610
430 1589
1399 475
408 1405
174 581
1093 1340
1270 1505
874 1540
456 153
1587 954
1575 295
129 1597
535 622
853 1204
989 40
1484 702
484 51
1517 53
668 1344
884 100
656 1630
997 364
635 759
1537 1078
1053 339
460 1174
242 185
672 714
912 835
1367 837
35 1289
1410 897
1347 1058
451 1088
1404 1385
154 1551
5 657
1680 615
687 1195
467 1622
919 218
133 1484
35 1118
770 3
102 1365
569 501
1497 270
866 1643
925 1444
1600 1323
358 1356
1303 1501
1410 1471
229 802
1131 42
160 1576
9 1634
658 973
1656 1057
644 517
1004 464
1234 1477
1015 422
1626 611
1242 1266
356 525
75 894
1610 950
880 175
265 528
809 1063
851 1564
1295 688
1139 838
457 86
185 146
1350 1286
950 1665
478 1383
674 1573
212 1575
1146 208
1546 887
514 1200
655 1432
830 1040
907 1494
344 1274
1182 265
1373 89
707 1168
1483 919
354 1632
1555 579
1406 536
1205 1521
940 83
699 1419
1317 611
57 286
453 1136
953 539
970 143
1515 951
1671 1555
738 113
1058 701
1470 1233
644 1528
878 1027
41 1415
981 1306
380 1010
426 673
1560 931
932 1097
3 1259
669 1498
1326 243
1326 1258
913 490
945 727
1543 1540
1177 336
614 147
868 1103
1204 1660
102 236
1473 1485
1193 560
122 744
686 466
796 741
146 7
218 1206
1006 400
935 1549
1695 1114
1645 1198
1394 764
696 1435
886 1547
1341 943
1314 251
1650 531
1625 24
470 812
151 785
511 2
787 1478
935 455
864 873
532 707
240 1564
1091 182
684 163
452 650
1338 905
1275 732
1350 696
784 1401
1212 1516
540 1432
1176 1180
509 222
1018 530
92 1509
1633 1216
885 34
201 1647
1234 1208
1411 769
421 978
1255 959
278 734
1369 770
193 420
213 1075
1512 1184
969 254
682 648
360 1371
705 1264
1629 1410
397 1372
890 1691
48 1542
357 1284
1631 784
170 393
1191 449
1619 1590
81 665
1056 476
1431 665
246 1189
1285 961
759 1149
1042 702
1547 999
87 116
1550 1478
716 59
1438 155
1115 707
858 804
1471 368
245 1398
537 1206
1056 329
1498 920
1604 527
1270 11
4 1006
1473 334
670 118
1349 317
162 721
1653 1337
1221 630
436 133
628 230
118 245
1100 70
1070 173
1065 474
1467 1544
912 1664
363 1380
1423 619
1650 1485
1102 1635
736 1478
1246 374
903 641
1331 369
518 982
667 623
98 605
222 1334
427 229
689 938
1425 298
277 1440
500 134
620 902
836 700
284 543
1492 716
341 1044
990 417
1039 203
391 477
333 974
1486 933
1442 1295
122 1264
66 512
1135 245
664 1557
96 244
1298 339
66 416
1408 676
371 474
68 644
534 1577
994 920
1147 1619
1035 604
929 360
685 237
866 1439
490 533
963 1390
1157 613
344 13
1556 1434
353 801
1667 563
1384 1038
1348 1178
869 1641
1450 547
712 67
1368 927
1631 978
1519 1249
677 1565
423 518
1365 231
693 1511
195 794
650 101
1105 983
715 1376
1397 202
604 450
873 1212
1198 862
96 1610
170 1095
58 1268
903 1664
909 800
514 1679
1113 854
1599 536
1522 1462
1232 687
849 1529
106 466
119 1221
695 376
968 125
1491 268
819 1122
1408 530
609 228
572 16
1185 1248
1202 1276
1480 1569
739 499
1643 1006
568 1033
903 679
1112 846
1560 1254
1464 257
1069 1137
1053 689
7 1497
370 617
287 1231
804 621
1406 89
1417 1591
221 826
944 300
757 665
738 1697
654 443
1349 1428
384 63
19 941
933 1192
592 1589
988 1215
1596 152
438 823
1267 1516
471 94
799 1684
517 108
387 399
847 1508
802 1178
1200 1608
1240 1283
1157 1202
1078 1028
1422 81
853 708
1450 309
1496 895
1062 1036
94 533
17 415
83 175
862 1281
616 1149
1174 292
35 254
1151 601
1451 1379
1669 100
1543 1288
964 1423
933 1538
740 216
1609 1197
707 1000
643 489
1688 1139
1488 1212
260 19
690 319
568 1091
1325 1332
576 531
1390 188
405 637
1568 1036
1004 654
322 1253
1668 1487
1005 1609
1504 1232
951 540
33 736
1101 140
368 599
1313 1147
1461 695
1584 387
265 350
72 170
930 853
1622 231
1120 31
8 899
93 1103
407 1633
1571 421
1649 784
1435 24
424 1652
822 429
967 104
1002 467
28 755
1686 411
532 179
1193 1041
954 746
131 1222
661 1649
1113 1546
114 1631
793 471
1092 1449
576 1214
1593 927
12 1067
437 1155
1309 53
1031 1627
554 431
1305 1353
555 1300
946 1504
1367 1187
1681 979
1634 1355
1469 1046
1100 813
171 647
55 487
1337 1404
1336 238
723 596
949 1030
927 1563
1222 905
193 684
418 932
264 742
1176 854
987 842
927 1188
1023 386
1418 451
1502 523
1652 1123
996 492
68 49
1386 549
948 1453
326 1559
1162 1103
1054 1501
136 551
1497 1465
96 103
383 807
504 239
1638 971
1556 1515
121 372
458 1120
1666 593
1004 1508
1143 627
1180 649
796 189
615 665
120 873
1350 983
662 1251
1443 482
249 609
1059 657
1355 1544
722 230
522 1406
1234 648
1468 1293
572 1618
1276 554
610 772
37 557
314 1680
961 546
901 650
1490 319
898 1516
1168 785
124 116
1257 297
850 1152
1293 877
325 486
942 599
1100 1501
684 541
1311 463
611 1201
1486 1077
1625 472
684 486
1663 680
810 890
1522 1428
292 213
1649 1401
172 819
580 1508
116 598
1159 1593
1324 1298
1447 1609
1548 550
541 504
30 8
245 1439
127 19
170 282
513 1496
1171 1567
1276 48
77 271
747 867
181 629
52 1447
1239 942
650 126
1322 1577
1279 497
1624 53
428 507
1213 758
1667 1070
253 1379
1012 231
1163 991
1435 835
387 1649
745 1052
1106 1668
1319 477
785 568
285 269
281 83
807 387
1521 1017
898 132
87 1072
64 263
1623 339
102 173
493 168
1445 1621
457 800
790 574
1642 362
290 1484
1628 627
1691 950
752 21
1067 765
1355 973
1032 756
601 267
347 64
1669 1027
68 1373
1587 1194
635 740
332 344
284 1650
44 882
433 186
1599 1063
423 1292
1172 208
467 251
1491 962
470 1493
1667 1343
1222 1104
839 1306
1170 1392
1110 1370
219 82
24 1289
431 1194
1442 887
1581 392
754 402
359 372
795 183
1040 202
24 1100
791 1142
1615 1479
1143 1272
546 212
285 1670
1315 535
216 1264
347 1140
108 858
187 733
676 718
225 290
1163 201
114 415
824 921
898 817
1262 81
370 1525
857 1483
424 1651
1348 1319
819 357
1543 1260
23 1272
430 883
715 1609
1039 193
214 473
1192 1180
1161 647
568 1107
1128 76
467 1032
1646 829
782 1462
491 7
505 20
189 321
1309 1320
1134 1044
575 218
396 844
1190 1522
1042 221
234 573
1597 1182
172 355
107 386
374 1411
402 1399
444 1604
619 778
1437 288
1634 40
1002 539
1020 1012
834 1568
926 85
1641 1017
829 425
874 188
333 1121
1054 695
1335 833
994 801
256 85
1085 1378
1193 1081
1634 107
1145 1624
387 712
230 175
381 422
1015 1142
1268 874
1646 815
1307 1126
1370 14
728 1434
1309 1372
18 1316
85 1450
1143 1506
976 1141
17 1479
1039 308
270 1379
404 740
1025 1607
1030 921
1538 462
1345 1354
1397 203
1157 1485
51 426
248 709
1640 1501
1284 514
1060 1665
127 439
378 1329
1383 989
1327 1029
1153 439
178 1351
1656 641
105 1674
1652 1471
1500 331
5 1615
1468 287
1296 104
1236 406
1042 529
1017 616
1342 1594
1639 1060
682 1127
967 659
1230 234
1573 1148
132 1591
769 270
437 452
1177 822
1232 1289
1439 1055
1603 1692
1226 91
939 1679
1524 747
1333 145
935 547
547 674
1171 178
102 98
708 1692
15 1514
765 757
319 999
1062 482
951 717
1523 1155
119 751
1230 546
1440 730
374 615
86 1446
151 748
593 301
1194 387
1277 1433
474 414
1080 229
1092 1635
1055 1082
189 1502
1596 138
1588 1269
1307 63
748 1036
182 1634
502 772
80 816
722 991
993 622
1501 950
321 511
464 964
240 304
424 565
1357 714
280 892
674 1677
294 929
1348 997
861 684
1450 291
865 786
1210 605
1302 276
1146 606
985 958
1640 684
129 767
1590 474
458 244
913 956
610 1575
1116 1295
403 773
1350 12
1320 1306
774 1451
1628 424
72 259
1183 1665
1400 1423
472 985
510 70
527 1331
962 772
205 651
1199 256
1013 339
1255 943
75 1678
950 1254
769 323
355 1655
262 648
892 52
1509 1578
546 769
847 1118
573 1377
1166 564
1532 641
420 623
1205 1400
898 561
1329 572
1535 203
599 1455
562 1384
19 448
824 1605
350 1559
1664 229
1493 194
2 706
509 980
1283 1263
1458 519
114 1266
1573 201
1016 686
1240 1355
151 156
132 201
466 97
1134 278
1567 1368
1217 163
344 1209
1417 1428
1317 742
395 1011
1506 341
1397 593
1517 130
756 855
304 1548
854 321
581 507
1659 771
601 1517
1496 598
1182 229
285 121
1279 496
1348 1227
605 1028
557 16
854 1237
1639 1033
201 444
430 1127
163 1655
1552 920
1335 111
1055 208
318 1269
490 1092
1431 1114
1560 450
1602 1525
1566 1336
145 1515
1043 145
1531 509
808 1037
1181 34
532 12
1044 325
1322 805
1061 241
970 339
724 331
25 1621
1514 760
49 158
1524 351
921 1590
533 1412
1625 1113
1515 1386
660 331
90 1652
815 1629
723 532
117 300
5 535
760 1269
950 765
668 819
856 301
307 452
1243 1431
781 1536
1369 1287
116 876
1507 1461
1082 807
228 401
257 1542
1428 579
243 791
1259 1103
1584 473
238 686
1552 1437
1224 335
1215 1275
1631 1301
717 1377
1085 531
441 1024
1484 72
1430 442
1526 831
1218 1598
1657 515
518 1689
701 1431
50 1267
1063 1232
247 1551
499 962
325 979
1157 538
1128 675
902 1581
1272 1476
590 136
653 552
1544 973
116 483
811 1572
1585 1174
358 592
1599 89
1189 175
1316 1658
310 447
98 386
281 1662
911 1666
605 991
747 1159
634 1208
810 981
916 277
926 1455
1533 622
1262 757
616 871
158 1546
1583 1682
569 461
792 189
359 446
1236 95
1003 243
884 1123
1642 74
401 900
1347 922
1193 973
57 113
866 187
1670 1347
1541 1277
819 790
978 825
17 1538
789 1137
1288 1126
1048 702
938 833
1018 95
357 999
913 533
1583 688
355 525
619 241
1684 509
731 630
410 994
828 1454
1232 148
1293 1014
766 530
342 803
1152 382
1198 906
1594 1067
1129 1460
79 190
1595 1681
1597 229
812 502
1176 364
640 1254
181 241
1202 598
875 881
358 1043
859 622
556 672
961 1171
117 521
1421 1168
618 1008
551 899
451 754
35 1070
1451 519
709 766
1657 201
1309 1099
1408 350
1466 437
1136 141
1192 82
16 1303
167 1346
291 1094
616 1696
1525 520
1125 795
552 360
965 577
683 926
813 581
302 505
739 7
483 435
117 1678
132 17
367 222
925 1310
680 1693
636 23
228 817
304 1440
637 1254
667 1187
825 1679
826 1600
893 1548
412 166
2 1498
659 552
633 407
317 509
1139 1086
366 705
1288 1020
17 827
1475 1455
1069 872
64 659
71 1188
1480 1030
532 544
710 927
1551 238
730 1435
773 158
1632 1677
492 1245
108 690
1502 353
348 1540
396 52
411 1560
1416 1679
1171 1280
0 415
589 438
1592 667
916 1639
886 498
365 1571
167 554
972 1337
71 1451
1594 45
1204 838
1116 1515
31 1495
563 1324
137 819
16 1035
1291 1298
909 126
341 890
1606 201
1156 748
122 372
62 1632
1595 15
516 1525
1467 973
600 1220
1046 1085
206 740
1175 406
175 1254
1205 387
1274 352
1676 605
1693 1594
1565 150
1034 1269
303 1320
858 620
435 14
647 1436
345 1675
827 1293
1469 284
372 609
923 1160
1355 823
603 1185
386 524
995 168
275 1346
29 0
1594 1379
1171 1403
793 1070
1031 1145
889 999
520 250
1410 5
1477 33
218 772
525 190
449 207
1617 345
228 1182
566 311
949 921
997 1245
117 247
517 986
1645 568
1165 736
1088 806
1605 467
931 363
1192 524
829 375
641 1667
1497 629
169 884
796 1528
890 710
1123 1380
499 292
20 748
1498 500
1353 1481
377 1654
917 192
799 962
835 1224
1534 1254
417 348
830 1310
728 520
294 904
385 919
1182 401
1625 723
897 1655
353 878
1275 1358
637 1586
1664 1259
875 1400
1085 582
1029 39
280 84
976 625
315 722
1257 528
346 973
1606 313
1135 1525
1236 1441
322 111
651 1249
1337 1680
498 152
659 1379
30 730
174 1495
1372 857
145 1682
698 339
980 1347
1047 545
456 1627
762 161
645 1656
1163 529
886 896
289 161
51 928
1635 25
1052 1411
541 210
49 248
421 841
819 1504
1515 712
926 1359
1266 93
1056 382
896 1058
928 255
40 76
433 1698
1653 1193
336 1046
434 441
494 45
777 1658
435 1612
567 446
520 549
1342 70
7 769
33 455
955 1578
1109 1090
1112 1468
1171 1594
1298 825
1137 1255
1483 124
857 326
704 793
947 174
394 1283
1183 242
269 868
562 348
1394 397
903 1057
1074 1423
447 267
51 447
1484 131
909 58
178 848
1587 1278
1319 1008
1427 1647
602 938
704 1235
65 1686
257 58
1016 238
546 1351
1501 1148
1528 1030
1163 426
1556 1583
1235 719
588 418
1137 917
1258 1248
306 1586
341 874
1035 714
1074 1124
637 991
1008 1090
22 365
643 1169
562 1688
73 1013
485 470
1612 1310
798 1537
1062 830
885 657
747 654
1008 949
1237 139
1027 1111
43 1309
1350 686
43 162
1084 1307
127 1406
708 498
582 720
856 1381
822 720
849 1578
114 1672
429 1506
996 929
349 601
726 35
251 987
1334 321
1624 394
251 762
577 101
56 1438
678 626
598 1580
774 1139
74 860
300 1641
1318 618
572 1303
220 11
1367 919
1236 592
957 1147
744 443
135 953
1425 574
1301 579
1608 538
1046 41
551 214
365 1064
646 1604
168 1010
332 697
1343 285
1655 1203
1416 945
448 1338
840 793
1158 1384
1238 30
558 1559
838 1453
1318 1658
1312 1168
271 1253
787 126
713 624
975 618
496 12
1661 799
589 1544
1304 713
1496 488
282 0
1313 1044
1337 1294
283 1390
1303 1176
1682 951
606 103
128 806
1181 188
1378 91
892 1320
134 1436
1287 1666
1274 697
1388 408
196 1680
636 783
726 370
840 1576
1592 87
710 1563
1014 1130
196 1075
1196 203
1324 184
865 837
1340 1672
1287 1489
328 844
1171 842
880 1586
259 1580
588 1645
1171 848
1488 1604
1514 714
1617 767
1022 83
1680 1651
1562 96
1644 691
604 1594
702 502
781 54
1441 1011
554 1082
961 1091
1511 980
446 1064
451 226
425 652
363 18
1280 418
738 1420
1178 391
178 810
1506 961
285 323
626 753
1109 707
1354 1092
927 1082
408 1577
1566 156
398 954
811 1539
484 1676
586 60
1681 1214
1523 613
772 1623
889 110
1330 143
1260 956
82 830
106 1451
36 1150
929 1192
602 5
1028 991
1302 1548
306 470
559 119
736 903
1663 73
1106 1297
1279 634
17 191
960 617
1019 977
1600 255
312 1154
849 1138
1164 1116
450 1630
1049 929
885 1002
1529 343
254 350
1459 1487
1235 801
1363 917
551 1141
1564 1362
561 132
274 807
638 837
901 324
863 1419
1110 59
261 197
492 681
1587 1173
508 1315
885 1157
1145 562
564 941
1097 1674
1207 624
408 589
484 588
59 1335
1575 1593
1018 43
833 306
1254 223
522 1175
635 122
1622 458
1596 924
99 1023
121 1648
1359 992
320 87
152 376
309 1627
506 1172
1353 1211
553 692
350 924
1044 723
906 542
1304 357
1229 1170
1160 10
1337 798
1614 1694
1291 1248
685 694
1668 383
397 1103
1603 1019
357 693
814 897
429 208
1263 1017
27 47
1604 581
1603 1621
138 1077
602 668
1089 1687
1326 630
1659 241
1651 919
736 1241
331 677
1396 1193
865 930
548 836
377 1231
1085 424
1443 1346
301 1674
1458 1453
689 202
1630 1512
401 1089
902 466
1226 121
1186 1228
733 902
416 1527
631 1282
1184 1144
572 274
688 381
1233 1184
1680 1247
441 74
267 190
309 1209
270 1237
1201 73
1349 290
1697 139
662 1080
206 121
1641 1414
1470 53
646 448
1093 1605
502 1281
1653 1261
382 836
969 1517
161 720
1571 210
855 701
869 1474
384 1331
1104 1445
113 1056
1191 760
894 254
192 962
1235 1155
510 635
527 104
1244 1509
1368 99
410 238
1303 604
1310 188
283 86
1360 409
684 863
376 1698
902 1448
209 1583
943 1291
539 1393
1653 1229
141 956
106 929
497 656
435 850
183 452
1676 1485
178 1603
434 78
225 186
465 370
1430 474
490 1213
822 273
959 906
813 1404
1672 123
