0 322
1698 118
4 1520
6 722
7 235
1692 268
9 869
10 81
1690 928
11 731
178 1522
78 587
865 1568
372 446
1 1042
3 976
5 1160
1697 1631
1565 77
1274 1644
134 1334
1139 1683
1470 879
750 1650
176 1179
2 1125
8 258
1695 365
13 658
1691 1676
1308 654
1554 1053
1607 1176
424 13
528 249
1694 1131
1693 1111
14 243
279 48
1149 1600
420 80
269 405
693 698
743 583
317 1569
1209 691
837 520
1050 1190
1609 1312
70 1304
898 1101
1204 898
15 595
16 811
17 997
106 610
1380 221
687 855
519 1400
1184 83
1680 972
1699 808
690 280
479 959
98 1471
851 608
153 826
1197 1544
1647 1511
1427 1293
12 995
18 1589
1696 815
319 1102
500 932
548 454
1340 945
738 1618
773 1458
1171 1157
305 255
1493 1091
1652 1382
1513 1262
1220 728
923 1049
542 693
893 1539
1178 701
76 1554
1073 1638
695 451
20 1418
22 1011
278 362
1095 1265
346 910
1040 53
23 730
825 881
1498 1097
331 1673
753 229
997 1694
1104 670
109 1357
813 877
912 1559
19 1699
24 746
1499 270
1320 1137
253 1537
857 363
1459 49
505 558
796 668
1218 1492
1236 651
866 886
583 978
1564 1070
767 188
515 1287
52 1104
529 799
1456 1478
26 749
589 39
706 740
1003 57
1157 645
685 596
1098 624
27 1337
28 591
291 999
286 33
1213 342
43 1624
75 467
214 443
927 1452
1222 284
689 930
89 125
785 321
1102 990
21 1181
30 613
507 1496
1573 524
1473 1565
715 1613
472 800
746 1246
964 640
350 919
992 590
1548 575
25 1397
29 114
32 661
739 994
1188 153
1476 369
1350 964
33 1089
557 501
1051 357
1605 1409
1162 479
67 1671
650 1013
621 1592
31 963
34 285
1641 830
481 217
35 1063
1294 491
1620 756
710 1622
436 415
1622 1391
801 302
955 1199
388 65
427 536
49 88
791 1324
906 241
1039 1319
684 1099
559 466
37 1052
38 708
208 656
1540 884
1269 980
966 504
416 505
1185 710
510 372
714 1128
36 385
39 1500
1575 164
1000 872
241 1546
268 603
812 1233
465 1217
1037 1392
40 1200
1154 27
1560 1481
676 1186
1293 846
1333 865
42 1074
949 301
378 1637
41 3
121 313
145 551
638 823
1277 946
232 1079
654 752
1406 902
1482 1593
1454 108
251 1003
417 1362
1458 1570
1394 706
281 1297
44 513
1477 272
907 844
384 455
607 431
257 361
1067 38
1344 1504
45 1326
46 1438
47 1317
491 1542
758 1446
637 1183
670 291
218 638
845 251
223 1085
48 117
919 1645
1408 510
1571 630
976 532
740 1029
807 1158
1601 639
50 315
820 1563
632 299
51 1156
678 1048
1126 1693
466 781
1291 476
386 1116
274 1630
874 1059
1119 1021
53 1387
968 151
451 1661
419 392
643 488
370 1068
55 278
1375 413
1517 1606
478 516
1351 1120
1599 150
688 29
1216 328
452 1354
56 720
727 101
675 261
379 1335
160 394
1180 1427
630 1601
540 714
1660 1165
225 146
54 21
58 59
860 307
117 507
1341 1340
1440 1353
1529 1051
749 169
1021 545
59 1144
376 801
195 239
1395 851
617 1025
1413 215
645 702
1451 761
57 1604
255 1272
501 949
1474 1162
276 1609
122 61
792 1480
62 1057
107 1147
235 1629
1272 133
110 498
1301 375
60 672
61 887
1621 1044
826 863
236 1007
413 1531
1124 1412
1416 1159
921 1360
99 1515
1142 606
1587 619
65 1692
333 533
1590 1627
1422 1002
970 916
1058 1678
63 866
64 1115
66 316
993 203
766 92
1625 1514
556 483
703 73
506 544
336 880
352 1524
1210 568
69 1152
560 1088
68 1150
71 1545
1411 360
463 626
609 1686
901 485
1403 599
1628 103
155 685
1257 1578
641 1696
1327 1379
839 713
72 920
1611 1182
1076 742
1465 796
1527 490
73 1014
1325 1249
1450 1684
1645 817
367 1207
1248 347
497 1327
1568 908
348 534
334 67
85 1258
196 1119
1510 526
375 1041
200 802
853 186
1138 1254
250 724
736 987
996 427
944 356
1359 814
1181 55
74 1469
275 1614
280 66
598 1529
787 711
931 367
77 312
79 1220
888 1058
1019 840
1636 1332
90 1532
494 579
470 1434
905 204
1285 214
597 787
81 842
1388 45
503 927
197 914
889 294
911 1177
639 206
459 871
80 1440
82 326
83 1584
406 1078
545 1195
408 617
381 1284
1561 1422
536 245
447 231
1433 1040
231 549
86 58
1191 120
104 553
1424 769
87 743
1483 23
1396 1229
124 816
1070 1020
88 1405
1060 542
215 923
1313 94
518 1117
283 703
1286 472
299 758
1480 1231
335 1345
373 414
444 1509
705 570
1401 115
776 803
242 1445
1418 508
1642 1351
599 1526
900 717
84 965
91 1681
92 1031
660 632
626 1213
1167 1313
1250 922
1494 1507
265 182
93 441
967 605
998 1209
1466 1227
483 979
699 849
1045 1408
390 183
1198 1292
1679 1581
95 1635
468 1664
298 1473
628 962
1612 537
1302 1499
633 1436
925 1132
1462 471
1264 430
94 1077
1251 1106
1677 149
1306 1143
1253 95
404 350
665 407
1260 1208
161 834
1323 839
97 1443
1421 1556
815 739
101 196
387 1247
601 180
566 1306
170 1173
1586 1038
1084 521
198 424
1066 1608
1637 585
103 1588
1175 281
150 1196
844 1095
102 974
779 843
1616 773
323 303
1113 983
96 1586
100 729
368 469
1543 267
430 1560
721 1597
1331 1005
780 531
852 72
338 1318
1552 1687
105 1670
1670 298
897 1534
593 993
1337 666
1079 1615
1212 1140
359 848
108 824
1109 1080
797 318
980 148
1379 1211
187 1488
1661 1274
988 1141
1326 254
440 860
113 1441
244 320
1562 931
462 1023
824 124
246 1656
114 882
112 935
1558 89
115 163
116 481
111 127
1468 1424
140 1268
539 600
1071 445
810 358
1203 325
154 295
1687 907
574 765
131 1493
1319 1155
873 874
1522 460
118 1036
119 106
120 397
377 977
238 123
230 955
1263 1310
786 470
240 1197
1581 119
1404 464
512 686
148 1428
1023 696
123 1390
125 1663
1364 716
1624 1641
144 1248
395 503
127 144
1447 574
662 417
126 1136
128 885
1442 1442
1147 308
1024 432
595 1175
486 1598
1627 827
1487 609
1516 90
129 213
158 459
755 1513
130 1166
132 1653
1032 399
163 1018
899 1321
1655 552
267 96
1092 966
751 287
1405 159
1267 85
1526 1647
133 1367
659 535
135 134
616 390
261 419
136 52
137 323
934 1032
1546 891
138 232
403 420
1488 625
725 1463
849 1308
217 809
139 1455
805 1634
1455 741
1391 1451
1460 1516
1246 1250
731 1550
330 620
141 1127
549 10
940 388
396 1585
1472 917
487 1654
142 1263
143 615
1043 853
1596 643
619 782
754 351
1217 1344
1503 663
1211 938
1644 438
1508 1643
147 1579
1579 1030
883 1677
891 1467
1069 1415
146 831
1537 1316
1078 854
985 1251
392 637
149 1655
151 1275
1534 1286
1163 1674
1234 1540
1682 192
1397 753
152 611
974 1283
892 324
1153 1216
880 838
1338 317
469 1406
156 465
1354 1055
673 909
702 589
1500 936
1176 1431
157 644
159 1016
310 379
917 1075
1536 354
869 1094
681 1453
938 733
700 664
859 130
1096 614
945 896
781 1395
201 290
342 227
1685 252
1512 859
162 550
431 953
620 1636
1239 1290
1574 1462
708 1555
258 225
1221 1092
577 680
1087 398
410 177
166 1448
1052 641
614 1660
1141 1064
164 306
168 93
254 1298
1042 34
1444 19
165 1371
1088 594
1328 1487
219 971
789 1028
167 1523
169 1429
957 1662
347 1466
443 895
1252 1558
775 141
211 986
1485 560
171 1067
757 905
987 51
173 24
1255 736
1613 1432
835 305
615 647
737 11
172 577
1283 212
707 794
411 396
1085 1381
174 580
1133 791
1100 1257
175 257
1014 576
1237 1543
1407 1426
576 253
1030 416
831 1072
756 403
646 1110
1355 1188
712 1305
1027 1421
177 161
358 171
1585 219
1491 829
969 804
179 1341
1594 1066
1001 234
655 1299
769 14
181 573
273 1194
216 1172
1034 425
182 1134
606 1682
819 181
180 1561
371 1616
555 333
1634 1073
184 265
1481 107
1547 690
1428 687
1151 627
183 1314
185 727
1545 646
783 642
1199 1328
716 735
340 705
1097 497
1099 1577
942 1139
337 671
586 138
1347 1626
1671 98
1386 1148
953 310
734 1375
1307 956
189 1000
307 1459
772 767
233 296
186 1368
929 209
188 1574
190 15
1324 1410
1225 1573
975 393
963 269
511 783
191 1465
192 1402
1511 1280
1646 1688
311 1689
1489 1413
477 1237
1453 1536
884 903
1557 1423
1471 679
193 244
1414 105
802 1161
1689 1491
1374 870
1015 1333
1292 1648
933 772
1062 1241
284 1325
264 409
194 578
814 264
778 1281
744 56
877 1378
433 1485
1258 561
327 113
550 116
809 185
199 36
202 1235
1501 766
1053 1590
435 1288
1193 832
357 1435
1520 1255
565 1240
1610 1666
203 1244
1036 1138
205 486
1033 586
937 1425
1290 7
1535 750
1006 54
204 402
206 168
207 540
1140 70
569 274
306 1081
543 1355
1580 189
1244 259
263 950
210 1582
822 755
928 511
325 1695
1296 1035
1182 309
209 418
1367 734
682 1224
1630 154
212 31
879 1295
956 112
300 709
1684 1103
1505 555
514 1350
1160 901
558 1401
1261 366
847 969
288 1557
958 1349
870 1015
784 892
213 478
220 423
999 17
1055 1218
221 191
887 368
222 650
1155 515
1597 496
351 1657
1074 400
982 178
1117 1087
1515 1552
1044 1477
226 1212
458 32
499 200
777 1238
1631 635
224 1027
1080 1649
227 1658
1425 1617
834 649
1365 41
228 25
229 622
683 1498
1161 683
1189 1112
1688 156
1348 788
1196 1239
282 143
537 330
1280 421
234 292
1229 1404
850 1416
1654 1403
1106 246
1378 1633
649 1583
563 911
296 689
320 26
608 230
1387 0
544 835
237 1009
239 924
818 37
694 1171
1329 224
1334 900
1011 468
1111 1675
973 1483
344 60
1423 875
538 725
1316 719
496 1510
516 798
243 968
504 1130
1303 695
474 1605
1415 386
1059 933
962 548
1004 289
1566 792
426 954
398 1385
1588 190
679 985
247 744
871 1380
680 795
1669 893
248 754
249 912
1136 435
1017 474
1643 721
1029 1394
1346 700
245 1264
701 567
1061 380
252 618
1452 506
380 1126
295 344
1310 444
578 237
1284 500
1121 1184
256 74
485 628
1048 111
817 1022
259 1444
546 1164
713 78
374 1277
513 904
584 8
978 1548
260 779
872 607
692 1221
1578 1012
324 256
266 1193
399 84
732 18
1056 602
1235 434
1570 1393
297 665
301 812
1650 1576
1393 1215
669 158
795 1282
437 1273
262 387
285 1625
1195 1384
270 1198
520 569
752 371
1478 68
429 1129
461 1420
271 778
1390 502
1674 1105
1254 1017
415 1528
961 1517
709 1411
768 1082
272 563
1091 667
277 1311
1675 681
302 1054
1402 202
971 1602
1463 152
596 763
1370 236
1446 1243
916 1185
446 1594
389 492
1169 1348
1228 1100
1289 1201
1399 1454
422 142
1148 1046
562 1142
1083 682
1065 845
490 768
1417 790
289 1652
322 1399
1532 1069
287 883
480 759
533 1267
290 1043
1626 1026
571 878
1278 1076
292 174
525 1668
977 1564
1431 461
704 1518
439 242
293 1047
1649 1271
832 1261
843 1245
1186 1553
294 1153
1309 288
765 1260
309 676
455 348
1672 889
407 1376
1368 1336
1638 110
1063 63
1215 1470
1174 528
591 1347
1122 1628
1224 1599
314 436
1572 1114
524 100
1441 1538
304 697
587 391
1312 165
747 1230
760 9
605 458
972 131
308 571
303 1296
1009 343
1430 1457
1270 71
846 1039
1663 1620
1352 40
742 1045
636 862
657 139
1168 1430
1262 382
1618 336
312 440
313 494
527 199
1315 1356
965 582
651 1407
1082 82
316 1396
764 331
1276 1223
315 1575
1107 179
1600 1339
854 1309
361 688
369 547
1553 311
318 631
1604 514
1219 1276
1531 1366
1449 1595
932 184
1559 850
816 793
554 1205
321 218
730 868
363 982
936 283
1172 780
717 1501
1158 678
1509 1289
1275 707
1046 593
1089 1266
1201 1389
1068 1236
326 1019
653 989
561 621
1589 677
952 996
830 517
1539 22
364 1525
329 248
328 376
610 1084
881 475
1240 715
1429 760
332 847
943 623
863 104
867 442
1131 389
1563 1343
1166 297
1249 262
339 145
414 1121
611 412
341 1096
1551 381
365 35
1265 915
1214 747
441 1323
343 1607
1382 482
1437 489
345 279
349 176
941 1691
1420 1269
471 1437
353 929
1381 913
354 745
1623 1294
858 1386
355 926
1005 50
1497 1456
572 1242
1231 1512
1242 160
1464 273
1226 1460
530 1472
1603 1232
356 109
1525 1417
360 970
878 167
1288 958
954 1285
1041 1359
1640 97
1266 277
838 1146
913 364
362 1214
456 1503
460 1505
366 1482
1656 410
1366 341
1518 157
1363 327
994 1567
1592 1632
1461 1521
1676 1502
464 201
1110 529
1377 1234
1273 564
522 1109
829 957
625 662
1322 1495
939 1056
382 1151
383 374
1103 338
580 1203
467 1034
385 1519
1576 1322
1016 250
391 1206
393 1010
635 353
1519 76
394 1535
821 906
1238 1479
790 448
397 960
1318 1580
875 718
409 669
1502 1226
697 355
517 47
401 867
575 449
1164 12
400 819
402 1414
771 673
1606 1651
1202 1093
405 1122
1479 565
1120 1461
1159 572
770 1640
745 175
442 1202
1281 1611
412 228
658 1508
794 456
1114 463
1135 538
803 1062
1116 601
1358 1490
1342 193
502 1372
1664 1447
418 1621
421 1192
995 1174
799 636
918 774
724 462
1490 530
1330 384
425 1489
1230 546
423 1256
1086 378
1608 359
428 450
833 1369
1617 207
1170 1169
1105 102
1514 87
1409 1228
1020 777
434 429
950 981
432 934
1384 899
990 1
836 1476
1598 129
1134 864
438 260
579 554
841 1383
1057 1433
604 771
1349 1107
582 275
445 240
1256 612
804 1361
720 1494
642 726
624 1439
1101 2
449 238
450 1278
1369 69
1506 1098
1542 1698
448 675
453 732
473 437
1372 836
454 937
1584 271
677 873
1165 64
1118 525
457 1610
1435 543
1232 633
489 1301
668 16
1146 1001
788 653
1496 300
885 1679
1657 1133
827 876
1443 894
648 897
532 30
1371 170
534 1033
475 1497
1145 775
1432 1669
1028 1302
1665 137
1383 776
476 1222
1192 1352
482 1219
1668 44
1445 211
1194 786
984 751
484 784
1360 233
551 1279
1436 46
488 1346
1125 140
1200 314
541 1450
1666 426
618 1124
1075 921
495 395
930 961
492 942
1653 1364
588 495
1486 789
493 1154
498 1170
622 557
1177 286
686 822
1635 1388
1311 42
991 694
828 1603
1361 518
1426 198
1152 428
1469 556
1022 401
508 1303
547 173
1049 1315
509 652
1137 1398
1357 559
924 947
644 944
1259 1596
1550 1008
979 1300
1632 770
521 1419
903 166
1673 655
523 584
959 276
862 1377
526 349
726 984
573 616
902 1065
1593 147
531 1004
910 339
728 805
535 1468
1156 195
733 304
696 62
1314 210
741 1024
1008 1374
1268 973
552 918
1243 406
1595 1189
647 604
1144 1685
553 1571
1639 132
1583 86
1128 216
564 370
567 598
568 943
612 1191
1475 659
793 581
570 263
672 335
864 20
1007 1486
1335 539
1662 818
946 1123
882 1253
1538 1163
1544 1167
1629 222
581 988
948 940
585 1168
1614 806
1659 1562
1108 128
855 208
590 858
592 1252
594 293
1282 1697
711 1619
1484 998
602 1071
600 91
652 523
603 861
1031 939
613 172
1150 509
908 712
848 28
1173 1484
623 135
1439 1108
629 373
1567 480
627 797
634 1667
1467 762
1345 422
1686 890
861 345
631 1690
640 738
1412 592
1321 519
1112 282
1376 737
922 205
1400 1475
1247 197
1521 648
981 967
667 925
1389 1549
656 1086
661 1118
761 888
663 764
666 1178
1035 1566
1132 337
904 122
664 411
840 1474
1223 1680
1523 948
671 220
674 1225
1298 1329
722 1665
1492 828
1457 1259
1398 1135
691 1090
896 1180
1681 1330
698 1291
823 837
798 704
1524 1572
719 1210
718 5
723 1612
729 340
1353 684
735 951
909 433
1179 541
1615 1547
1602 852
1495 447
1507 75
748 1551
1339 1006
1081 1642
1279 692
759 439
1438 820
1183 807
762 1464
1317 1061
763 757
774 383
1012 6
1305 1506
856 1659
1208 660
1410 487
1385 43
842 562
1619 566
1241 1587
1299 1370
1304 1358
1392 226
782 1204
1556 634
1026 1639
1373 1113
1300 1342
915 408
800 1331
1658 1338
806 453
947 332
808 187
811 657
1245 1365
876 352
1054 1363
1504 223
890 334
926 162
1332 1449
1295 155
1115 1591
1555 856
1569 1541
1651 992
1064 79
895 247
989 821
1448 699
1633 785
868 484
1038 1307
1287 991
1227 1646
886 810
1010 975
894 1533
914 377
1419 452
1187 493
1271 194
920 1187
1047 1037
935 473
1541 329
1013 1527
951 825
960 527
983 952
1127 404
986 723
1356 512
1002 1530
1130 1149
1549 99
1018 4
1025 1060
1094 1083
1233 941
1297 126
1072 597
1129 522
1678 477
1077 841
1090 588
1093 1320
1190 121
1528 499
1336 674
1123 319
1683 1050
1143 136
1206 857
1207 346
1205 1623
1667 748
1434 1270
1533 813
1343 1373
1362 266
1577 1672
1530 833
1582 1145
1591 457
1648 629
