0 1684
1898 844
3 1167
1897 1122
5 1266
6 621
7 704
9 573
10 391
1889 1417
1888 552
13 1208
1886 929
15 207
1885 526
178 827
1407 2
1137 654
1633 527
1338 625
94 969
1744 727
1804 217
152 278
1 668
1899 53
4 1045
1895 989
1894 1096
1891 1184
12 448
1890 943
1887 119
884 1160
452 639
1661 1880
1150 1886
878 1092
814 44
173 1894
1321 974
112 434
1746 1210
2 706
8 208
1896 1448
11 1207
1892 543
14 406
1717 1389
837 1312
166 1504
1265 1834
908 1781
134 1431
1646 1196
1765 536
1313 1844
16 1856
17 1316
18 1454
1594 866
1079 807
1618 1158
905 768
1047 834
1578 1631
1893 1641
1098 1704
893 20
1023 429
69 1271
1873 1002
1607 915
1027 1642
620 1464
1687 1396
1457 1590
1314 364
549 204
1388 1478
412 1620
1442 366
1410 496
902 495
245 1146
1436 1320
354 230
1247 450
1749 1225
1734 1218
364 1399
1368 887
19 1741
21 275
106 899
1288 470
357 888
740 1634
1398 103
1237 1393
1846 293
657 1713
1775 776
20 876
22 1872
690 1858
344 1044
871 968
1546 959
1781 29
96 1644
1494 1578
782 653
23 1583
376 473
1071 1359
1654 1511
695 1006
1507 670
351 247
1852 858
1766 1678
918 754
1296 1845
184 1024
24 213
862 896
742 1206
1683 852
758 317
208 1475
752 1544
1588 671
99 1674
1279 312
25 231
1855 1186
942 93
1768 264
1347 1529
1883 843
526 492
331 1040
1100 1472
1038 1330
679 210
838 1690
1203 895
76 636
618 38
271 1618
1533 1627
1667 912
532 1408
100 248
1805 1263
1223 772
1502 1672
1091 638
440 1425
822 1786
836 444
541 290
1453 937
28 135
1048 520
1755 493
1355 281
1553 1586
1214 1829
1185 1790
1636 352
1169 620
1499 673
1645 361
422 1744
738 145
1422 150
1831 238
475 127
1837 1507
29 1277
30 356
512 900
148 1402
775 131
605 1854
1776 1405
1158 1599
26 1788
27 1274
31 1307
954 1005
897 484
936 1473
617 644
554 626
1318 1179
291 708
1295 837
1778 1820
1871 1550
1882 1661
419 544
1301 1280
1359 1493
1686 845
32 961
1856 337
709 436
57 967
1771 100
459 1423
666 1574
1555 905
1739 1531
1164 1177
1493 907
34 723
1866 1775
652 1230
1524 606
349 339
1157 1525
1460 117
1544 1018
1751 322
33 838
314 1679
1753 948
1354 1761
47 80
36 1773
1406 376
1330 590
1505 978
676 1172
499 528
1642 1111
35 555
1725 791
305 1373
1516 1212
272 1250
917 1802
534 1367
938 1746
1721 1332
535 351
37 481
1319 314
1653 1890
877 1698
384 1688
728 753
1044 1737
1677 1190
743 1619
377 1180
38 1755
1641 200
279 1221
683 750
154 540
289 764
636 345
1413 1594
458 1335
849 1215
1523 1792
318 1063
39 1693
895 963
415 745
174 512
1788 1004
896 894
1791 502
41 713
212 1822
566 752
798 1683
1836 530
633 425
147 1830
1334 134
1003 141
40 1074
42 1101
1036 1017
659 1692
1474 572
1798 1234
890 1720
1874 1242
43 1523
1241 411
766 1813
335 1633
1823 233
713 1577
392 1297
813 144
673 1805
1463 682
44 990
783 992
312 416
834 1252
213 1815
1572 311
45 831
1828 1141
1854 1838
1716 709
1409 1653
689 1241
105 1545
1101 594
1122 395
1428 1677
1034 1131
1284 1394
1709 933
409 491
630 6
300 681
894 1120
1361 142
1070 226
229 301
46 956
68 1251
1530 1873
1366 1430
496 1441
1391 568
48 587
162 404
87 811
260 15
1437 604
1577 1689
220 105
1549 950
1363 277
49 925
826 169
1007 726
1127 99
1408 602
121 1796
261 1659
940 570
1617 178
264 1378
1177 946
1551 810
1708 1787
1860 1336
997 565
343 1226
795 758
934 1791
1736 159
622 1521
50 535
866 1012
1762 1487
387 617
1126 219
163 1062
51 931
53 598
1565 970
586 1497
1656 25
1015 36
1501 777
320 120
581 1416
974 1254
52 1882
1858 1189
181 1476
1357 935
1102 257
1497 1340
435 433
763 1539
612 1705
1342 1424
1182 542
907 402
455 1597
531 1409
54 1681
1510 1400
522 1150
794 417
1652 1323
55 1365
827 282
126 1166
1054 1051
568 1562
1358 581
1377 480
451 952
395 828
1868 455
222 0
1735 77
1747 792
1138 1832
1819 1722
56 1165
58 266
156 1651
546 1471
1367 1794
595 1037
228 265
1816 21
224 648
593 1615
1396 273
1670 1779
732 532
1503 1789
851 1700
1282 556
1487 822
223 1660
59 300
61 414
1729 1110
246 1261
508 174
1323 577
186 1049
1255 650
110 1501
60 548
874 893
1026 608
1800 683
962 419
1051 1596
1416 497
1043 46
648 187
1446 1370
62 313
63 1203
115 432
427 23
120 618
1496 812
1298 1687
724 851
1418 225
1689 732
242 1153
64 1181
429 1553
91 1581
345 1090
1500 1224
463 1372
1081 148
803 1540
993 1047
988 1154
746 839
1842 751
705 1841
1876 797
65 803
66 1436
1200 245
1339 1041
1336 203
1647 1387
885 1401
1629 1048
67 1109
1286 652
1141 1185
460 1512
1272 14
1547 71
1171 1729
1879 1035
253 357
1426 846
461 971
1829 1080
542 276
939 1169
1727 1809
1650 469
1073 525
315 346
1807 191
1853 1608
1489 1385
1785 1840
323 1530
637 1259
1731 216
71 284
523 438
1276 1859
1814 576
537 867
592 584
70 1168
72 615
787 1867
494 1712
1464 765
1469 1099
912 1492
200 488
125 1281
73 427
240 107
1116 457
1793 1636
1198 381
128 194
1845 995
1322 771
444 1022
130 400
958 181
1480 1191
1695 1071
1839 1603
74 310
1835 1421
831 390
75 1011
1055 85
1063 1104
764 172
1310 664
1506 1575
1099 271
1269 1699
883 153
450 177
1705 1776
1376 1379
77 798
78 988
990 1763
341 1724
239 655
1024 783
462 1248
1715 691
1844 102
1820 902
93 826
254 498
1548 1519
1880 734
446 998
563 1883
410 1377
1331 1731
984 534
79 1528
478 1149
658 1565
575 205
197 906
82 785
1630 823
80 855
81 1498
83 1363
275 1220
1848 721
325 392
564 1268
1270 922
1259 1382
84 687
1114 740
333 1536
1832 736
267 588
1086 1147
1205 1580
1424 37
1662 603
187 1315
1758 1591
352 836
830 744
559 755
85 1558
86 472
1145 1334
770 873
1303 1595
820 261
1627 237
889 1881
417 197
1867 942
1631 1446
1663 1451
1520 1671
1013 1896
571 146
479 707
88 1835
89 743
1264 850
159 1772
1283 774
90 1748
727 1533
802 325
1350 342
1712 1033
1495 380
1222 236
1678 955
930 1223
829 494
92 500
1838 1723
519 375
136 541
241 1342
1385 1057
507 161
1305 1650
670 640
1097 456
692 1360
639 884
1673 1482
413 183
311 715
959 737
324 1662
381 168
484 676
135 1229
95 138
1387 1097
585 106
597 600
485 286
405 326
385 349
524 1314
97 1527
660 256
615 592
1012 165
284 1782
1105 1386
1763 109
1806 1739
550 1182
98 274
967 1205
1352 360
307 586
399 32
216 747
470 835
835 1272
591 1728
1271 121
1186 767
374 816
378 1622
1058 251
583 1857
1302 716
584 1810
1292 1706
706 108
101 629
182 692
250 1598
1121 1338
1211 83
703 307
281 1211
735 733
117 1258
102 813
103 841
1740 862
643 451
1483 149
1657 962
601 1064
520 1443
1752 1718
104 859
226 1042
1066 1038
1429 332
1014 1317
629 1422
1299 507
1815 321
368 1640
1235 60
1863 1026
1660 1843
1417 634
635 607
107 569
1671 1865
326 575
160 1246
1701 35
1812 916
287 412
1065 1222
956 1420
530 415
1096 1325
1172 54
1107 1646
1268 1301
1528 1404
790 1392
439 775
1326 365
539 56
1567 101
1020 1893
1467 1848
1536 672
340 551
108 164
109 319
214 1351
799 1760
421 868
1392 538
1028 1117
215 474
1830 1093
832 1326
1218 738
1640 1357
408 378
1720 924
1518 228
1219 830
1478 82
1059 1406
1456 1278
230 447
1450 820
1364 949
111 308
113 1469
236 1806
1621 712
285 1582
971 1176
144 50
1773 1138
712 769
190 1670
1341 1410
1216 1163
1850 983
1143 825
1317 1227
540 235
842 1488
1498 467
1078 374
114 817
116 1198
1592 1295
457 124
1570 155
445 612
609 1098
953 1836
1090 270
204 891
1452 94
716 1657
1349 1629
118 41
691 1296
779 1116
1659 1264
1197 966
846 359
1509 33
131 1321
1123 986
482 919
255 960
119 1691
587 12
453 1262
650 1238
1525 1356
678 864
476 718
915 689
1087 1520
1597 1842
923 1291
342 137
157 731
1783 9
949 605
145 1616
122 1878
123 1762
278 84
1605 1623
672 531
737 212
1168 1194
336 1461
1300 1484
1440 917
386 362
473 1384
888 1306
1229 490
468 741
1585 856
252 643
1228 920
1792 1014
124 1727
921 806
734 1397
420 179
1543 1604
931 1275
127 1568
348 957
992 939
266 1319
437 250
1083 90
750 482
868 1174
1435 115
841 1415
129 1318
1713 651
561 657
516 440
600 991
574 1371
1620 42
1475 393
1579 8
847 1753
151 1771
1110 1654
1587 367
665 742
606 1635
525 1245
1345 909
996 104
1378 379
155 1655
710 890
132 428
133 1514
231 688
511 840
388 601
1384 1554
1529 1817
1188 88
576 994
700 1669
404 1828
1710 1143
1764 1658
1049 1637
1156 980
1236 192
1118 1173
1372 1066
1554 515
697 1187
951 1697
137 1747
138 175
1030 461
495 1239
1230 1823
556 802
411 875
641 567
1064 869
1019 656
1833 51
994 335
1454 1719
140 1308
389 443
1009 517
596 1702
1486 65
1556 1346
1423 422
1124 871
139 1243
141 1095
142 1289
815 1663
533 1094
631 1000
1521 431
1581 1139
602 936
403 1339
1690 702
205 1548
1245 294
143 95
833 1069
674 1112
232 343
280 272
777 58
663 1413
745 1546
1789 522
528 354
1144 139
418 157
146 1703
149 642
1234 1388
557 1119
1035 1889
1084 1701
991 206
649 854
536 501
1817 597
1599 1383
393 661
1135 26
1373 163
1320 1440
1514 1516
150 1803
1479 1322
721 1202
937 561
1803 1494
153 951
1638 1778
179 1861
607 280
1067 1305
1333 1273
1552 611
1252 1453
1104 1668
1346 637
1559 1489
1133 1587
747 1028
944 1567
1639 631
1488 824
503 729
1278 1463
1583 787
477 464
1484 1249
642 927
963 211
922 878
158 801
739 1609
424 1031
876 1716
1225 1232
1590 1302
589 1570
161 61
864 1029
1148 1491
1611 1486
855 240
1325 220
614 1734
1872 784
1062 1876
1534 630
1622 1079
164 1313
1088 1750
960 1770
1262 1474
400 190
1558 1825
1841 539
1093 786
165 1418
553 1102
647 426
225 1201
1033 1309
845 1538
1697 1483
1757 1795
1261 815
1625 976
952 1766
1564 863
1221 1213
167 714
168 1265
717 562
1184 112
928 255
506 1694
169 513
170 1217
423 1621
1684 719
957 977
1649 591
1217 842
1291 34
1772 757
185 122
755 616
171 623
599 383
823 306
262 659
172 1612
943 239
515 446
1386 1123
1566 1824
1050 1549
932 667
1511 1799
1242 1560
733 1412
175 5
176 1639
548 152
1115 1107
1159 766
950 509
1076 1717
177 663
443 1826
551 1341
671 1068
861 479
792 386
1515 1895
206 1645
207 1432
621 503
1742 254
394 1780
180 118
370 675
1542 921
1253 881
769 147
1193 504
292 861
762 918
736 1466
486 1888
301 1812
191 74
1207 1310
1337 698
1526 1850
1132 489
183 1573
1574 1884
1142 1434
1632 1237
1787 524
1056 703
346 947
920 1638
964 635
789 267
188 48
500 1643
502 593
1821 1100
608 1745
1624 408
1877 262
290 549
828 1500
543 460
1490 229
1187 928
1568 1311
189 1445
1472 911
863 1821
1082 1214
1397 39
1267 437
1519 1337
330 1374
430 1709
1340 1021
1379 1765
941 1175
432 1240
654 344
1381 130
347 1505
248 193
192 1601
193 849
1623 1133
365 724
195 1027
1353 17
1371 126
1335 1547
1390 563
1294 259
1707 790
202 975
196 13
1443 965
514 1751
466 1862
965 987
1847 4
198 1091
299 73
491 305
1405 160
194 1053
199 647
1032 1132
976 665
363 463
655 69
1421 853
1824 760
669 913
1163 1807
570 57
572 1161
646 1159
913 1052
1414 571
1400 693
1175 1870
859 1256
201 523
373 940
756 669
425 1162
1191 67
1394 700
704 1349
203 795
707 189
760 848
909 263
1146 129
538 821
1415 1808
675 614
1462 892
702 1362
858 633
1470 1072
1006 1736
594 1324
882 1479
510 505
210 1664
1109 1752
1307 1606
1782 847
1094 1827
1767 1292
209 1589
211 1366
1010 1290
765 1871
955 114
472 483
1117 1084
1477 111
1591 521
366 47
1039 385
1285 1738
800 260
1431 1030
999 514
1441 384
774 1115
1383 808
218 1442
914 1542
624 399
781 1352
217 680
219 1495
1375 1624
741 1465
812 466
221 97
945 610
295 471
1002 1015
1199 1450
547 778
1404 1852
1608 1050
1875 1784
805 64
1696 1508
518 529
489 985
1412 140
1432 1666
565 613
1210 182
308 1009
916 1853
227 1164
328 800
1189 435
426 224
359 1563
1257 1129
946 1361
469 1007
1052 1804
339 452
1698 1087
1733 387
1153 373
688 1003
1001 30
436 309
715 128
726 1328
1016 1140
490 299
396 627
1399 756
233 439
234 578
1584 1294
1769 7
1403 833
935 1630
1174 1142
927 697
1586 1287
383 449
235 696
1080 934
552 31
474 1837
1694 666
906 885
1125 1130
332 1673
1263 195
238 1680
313 1551
438 341
1459 1819
1074 1579
1540 1344
237 1329
398 285
1324 1503
492 1800
362 1846
337 1025
711 1686
881 1078
243 1304
1362 1877
244 40
852 1675
613 1585
1730 1864
1095 1833
316 1032
247 1541
886 401
644 779
1461 1135
1651 662
1427 1060
1192 1108
1802 877
249 1231
677 403
1635 63
1031 1480
1703 151
1796 458
1072 370
772 244
487 1059
1738 1055
251 1614
1134 788
1550 872
265 695
1108 465
304 1735
947 796
1676 1499
1348 972
256 794
1106 298
978 19
1215 1458
402 1611
968 1572
844 70
791 1447
1560 1667
257 347
1213 389
369 1732
1704 110
259 1869
1795 1742
625 1569
628 1649
1810 599
258 1460
1745 553
1672 1759
1541 1429
375 59
723 1831
682 1726
1465 1381
577 1785
449 1887
1790 910
380 1602
277 814
981 1
925 1891
263 291
1438 218
1849 1605
751 1600
1728 316
995 582
1060 475
753 923
268 1769
1628 793
274 154
1447 24
867 269
270 1235
269 1874
797 445
282 324
319 485
768 699
273 22
1458 486
619 328
276 49
471 1467
1029 596
1021 156
1061 55
1512 323
465 1327
327 1076
1425 1192
986 819
1600 882
817 999
854 1105
302 1019
1799 1354
780 287
1113 1039
1784 1740
1606 574
1226 773
1022 1204
1466 886
1178 1682
283 1085
286 1299
1522 184
1433 583
694 407
848 1269
824 340
919 1145
1756 818
372 423
288 1509
1041 1625
880 1839
1170 1459
661 658
294 953
708 1183
1774 234
1797 1510
627 1369
590 1610
810 1375
297 857
1183 1749
1130 1433
1719 511
796 27
1535 303
611 860
808 338
293 759
1173 1764
749 1233
1612 558
1596 185
296 805
1220 295
298 1721
1840 1010
1089 1439
687 302
975 1023
1249 1452
1604 1543
1119 735
1615 1754
1869 1743
1306 1267
303 1345
807 1001
493 547
1204 227
582 113
310 1170
1834 243
306 1656
1759 418
653 550
1131 1257
309 622
900 944
1092 1083
744 1276
1289 1008
1449 420
454 1155
804 86
714 68
529 725
1699 1082
1040 1707
1244 730
1370 1715
1008 1696
1881 1725
1277 252
578 1757
504 898
860 1522
1448 1524
933 1506
1575 982
1741 1811
1573 1188
1251 394
1260 125
317 874
1637 180
350 232
1468 1566
1068 1152
321 241
1801 1283
322 1885
1155 28
626 1013
684 701
1232 1380
1254 1178
555 804
1209 167
329 201
1794 870
1196 508
857 711
1136 363
1561 1054
1737 333
1780 880
334 645
729 1419
1595 705
1444 358
1688 1626
1504 1899
1439 1270
982 1632
1811 997
1668 1588
598 1898
338 1798
406 170
693 171
603 369
1491 133
1332 1209
911 932
972 81
1562 1127
353 1056
456 996
517 1710
699 253
1602 1070
979 908
898 1571
819 116
1112 1462
1147 641
973 296
447 1286
1176 1364
1655 865
1593 685
821 454
1723 761
1614 1557
1539 297
1682 75
1476 76
1243 537
1878 132
464 1199
1770 799
434 1148
1000 1879
448 136
870 242
1665 331
725 1390
910 646
778 499
356 421
1609 1114
358 1350
1231 1556
1722 123
1280 979
355 1481
361 938
544 1534
1166 1331
360 330
1017 52
1761 424
1601 1391
428 162
1865 559
1537 176
483 678
983 1758
397 694
634 1020
1037 1555
825 1136
573 1106
367 560
1884 1355
1149 1855
668 1118
1748 595
1664 1866
1316 1333
1315 518
371 62
1202 72
558 1676
929 1537
1724 1617
776 398
414 477
1675 832
1111 198
1190 382
998 1128
481 897
1250 1711
379 1652
696 660
970 1513
1648 1077
1706 1730
1360 686
719 1065
1818 1592
382 1564
969 1034
1085 973
1248 1016
390 624
391 780
801 92
1420 762
1473 98
816 158
588 1477
924 413
879 410
1274 45
442 941
1613 409
784 1236
718 889
1513 348
869 1559
1598 487
1290 1282
480 329
401 557
1813 258
1351 368
1045 1648
1859 377
1329 1561
1714 89
1643 186
1343 609
407 566
1492 1358
1287 209
1411 1255
850 930
662 1293
1165 1156
1580 1496
1380 1368
416 372
645 1411
1179 984
1018 1067
843 901
1718 1073
1328 1058
1471 746
1576 353
1616 533
1293 78
431 585
433 196
1374 903
1239 462
1626 1303
948 554
1309 945
1681 214
604 188
1870 1137
1545 1046
640 1200
441 79
722 1081
1005 1089
966 632
1843 722
1011 1584
1702 1219
1389 1535
1693 1216
1857 1279
664 684
1732 829
651 1468
513 1576
757 1298
773 1526
1750 883
1538 545
1445 580
667 1253
1120 1075
632 914
1864 10
1297 1457
1162 1801
467 16
1434 649
1563 1518
840 710
872 1244
1057 1816
1327 619
1152 66
505 1426
1760 1613
788 1151
785 304
1685 268
488 222
1779 199
767 1247
806 739
873 1343
1238 476
1862 1284
497 1456
498 1428
1025 18
1808 1260
501 1124
1129 336
509 1552
1557 327
865 1797
977 749
1128 1427
1161 926
1517 43
521 1134
527 318
1167 11
1644 964
748 430
1311 1860
610 1714
1103 1407
1069 1171
1275 453
1181 954
786 1777
891 879
1691 516
680 283
1273 1197
1827 1695
818 246
1451 1347
545 1285
1304 388
1826 91
1481 717
1240 789
1208 289
1822 279
580 1875
1455 1088
1589 215
730 1403
1053 1897
701 981
560 350
899 1818
1401 993
562 405
567 1768
1201 1193
1046 1814
616 1437
569 1515
1258 249
809 1103
1700 143
579 166
1825 1444
1312 1449
1569 1793
1233 809
1077 677
1726 223
887 958
1395 1121
903 1438
1711 1767
1382 1376
1619 202
1666 1144
685 1708
1531 1733
1004 728
1194 579
1075 763
793 1863
623 1414
839 1126
1140 1195
1256 397
638 904
1754 1502
1679 1455
1308 1868
1154 589
1482 1125
656 1647
1634 679
1139 1685
980 1395
754 1113
1485 1783
1603 1774
1786 468
1674 478
1610 1300
761 1851
720 441
681 564
686 1036
1680 288
985 1435
875 442
1508 459
698 1849
904 510
771 320
1777 1398
759 1847
1356 1470
731 315
1365 1665
1344 1086
1224 1532
811 173
1151 87
1227 3
1212 1043
853 720
1393 1485
1281 292
1206 781
1042 770
1861 546
961 396
856 1228
1692 628
926 1756
1743 96
1266 1157
892 674
1582 1593
901 1607
989 1892
1809 519
1369 782
1430 1288
1669 1517
1658 221
987 355
1402 1353
1851 690
1419 371
1180 506
1527 748
1246 1490
1532 1348
1160 1061
1195 1628
1571 334
