0 185
1699 553
2 187
1698 631
1697 480
1696 1333
1695 1409
1693 925
8 1097
9 127
1691 443
1690 1567
11 697
1689 749
12 1478
13 1417
1687 1475
14 598
15 917
178 1459
279 1553
420 698
1364 1112
397 150
756 1614
1050 1042
64 1383
766 618
515 514
850 1276
1583 642
354 797
439 85
418 515
1 139
3 748
4 137
5 1467
1694 1670
1692 303
1688 1225
16 1528
1686 1624
1563 336
1658 1330
774 994
109 152
1338 1518
519 979
1127 792
685 245
736 685
616 634
378 432
6 1165
7 1442
10 126
17 1630
78 1455
839 1121
327 1283
1305 465
1340 1058
1299 289
410 761
512 134
545 1458
112 818
1560 593
1146 1162
1652 1378
225 1258
355 283
992 677
678 752
1548 1281
299 408
1057 1014
19 421
433 892
268 874
1206 1168
1335 871
633 177
1573 1226
1601 1041
1473 1686
885 1080
1351 1644
910 354
1350 309
1185 259
419 301
106 1619
319 202
47 194
1377 1482
681 497
1157 1626
1404 929
350 103
436 843
157 1403
1165 3
1659 949
894 1603
597 341
1272 183
627 1305
1304 1680
18 953
20 422
690 1534
305 1547
95 1296
848 1237
1498 401
404 1640
1552 852
1407 1661
336 1298
1557 1625
118 282
904 547
22 1659
498 252
783 277
542 1231
1102 702
760 36
650 1150
892 208
21 1096
23 641
369 68
1490 1085
688 1460
1509 1419
604 1253
1213 912
1357 1435
1205 430
893 151
1175 824
1649 1615
791 74
559 1166
677 1234
804 1201
1202 324
25 1430
278 1183
1093 15
472 266
1564 1070
1680 197
105 454
1021 607
169 867
1288 1196
1108 1634
24 905
823 896
866 1037
758 545
315 908
1631 105
1419 332
1003 592
26 191
689 546
1099 1299
89 1381
110 567
99 206
113 1484
1410 1533
94 1078
27 1318
28 620
1499 1284
589 1184
286 248
1317 1149
248 879
813 158
156 153
486 44
521 55
1296 405
1681 513
175 739
29 320
1653 1578
1233 966
927 342
577 90
253 348
241 1685
812 897
38 1114
1016 848
1655 286
440 1689
30 648
1209 1160
702 1208
507 269
1000 1153
739 1098
1333 793
1454 1431
1361 528
31 657
291 795
1210 369
1249 343
1605 1132
1162 1543
261 11
232 884
1048 489
810 609
939 13
386 622
43 389
75 509
211 1449
1219 247
642 1604
779 292
638 1629
1396 1123
1443 650
1060 1373
421 1242
1148 760
32 808
33 548
881 1287
696 1286
557 1602
1051 1609
1569 358
625 577
1584 1255
34 333
294 981
801 1674
1284 295
461 159
733 394
949 688
845 75
87 1443
35 967
1670 39
607 1368
1174 440
1461 680
1417 919
36 754
1622 371
344 617
727 870
57 790
807 1521
603 565
856 1328
1641 4
966 1483
720 1199
612 516
1315 555
385 1395
463 1293
497 1405
1189 84
259 663
1292 1271
1618 396
906 1423
706 319
651 1406
943 562
820 985
168 1366
811 65
1526 24
293 1008
434 427
815 687
950 630
676 364
382 1429
1617 1660
384 1146
680 344
352 30
413 329
643 1399
1144 804
1502 637
37 841
39 25
40 299
1036 864
671 26
1231 1045
1293 1089
637 1195
1221 813
673 228
1291 512
370 822
809 56
208 482
762 1667
1150 1506
874 41
592 1048
1635 1099
1525 519
1230 494
1250 58
135 1011
1088 944
480 1223
41 1323
42 947
1145 936
726 849
494 359
1642 140
1458 1334
995 317
1406 932
254 1314
450 478
1023 1575
1453 1638
579 1654
1047 639
44 1696
121 962
1151 1313
654 903
571 869
540 998
767 1407
45 1371
819 1128
73 444
907 59
376 531
46 195
827 267
142 746
1327 682
1107 926
961 1530
1141 1448
1263 508
1012 1505
1320 541
1477 1550
230 529
1408 338
976 601
1468 308
122 778
683 21
48 1676
491 355
249 888
415 144
1574 573
743 543
511 1347
1038 1498
1380 776
267 504
1301 1362
1290 125
1368 1489
49 782
473 1027
1303 249
697 1211
1437 1507
659 89
1324 1194
1580 463
50 787
936 1520
755 1270
1142 374
391 1236
1349 1495
876 1285
51 521
1348 877
666 331
1201 706
737 714
916 323
1058 819
205 671
786 1400
274 49
917 1207
1465 1573
1294 540
1566 1469
691 451
991 165
143 1346
725 865
1581 835
1646 1205
1083 786
925 1086
52 34
53 893
1401 935
1539 1345
923 833
617 1588
1254 891
1225 1036
675 189
1121 1496
462 1677
1089 532
368 370
453 1682
54 654
55 1243
188 448
457 681
448 81
970 1502
260 1101
1607 1069
1100 665
997 1563
1375 1157
963 1024
445 184
1625 694
405 1260
425 1473
56 1601
1044 734
946 1620
160 827
107 1564
1521 461
58 669
1514 337
475 1222
941 1420
1594 1662
1413 198
959 1190
1382 265
301 580
1678 168
308 77
1358 186
1275 765
124 464
59 1224
60 807
529 604
1474 1044
438 398
1262 1554
1256 179
940 435
1565 1075
1015 774
61 588
195 287
955 945
1172 1174
207 838
1173 495
119 554
272 695
858 520
310 1093
235 883
114 1218
624 18
1416 1010
1515 353
1372 1244
645 1326
734 1365
1007 133
250 1508
576 1322
180 272
63 1021
276 1355
898 1537
1392 1369
302 415
614 674
922 1001
283 866
630 1580
1181 345
931 586
1456 576
62 619
1200 686
499 524
1422 418
271 234
609 1600
778 403
1623 32
65 456
1286 47
1169 889
1138 861
1019 19
1071 716
958 1394
585 1200
780 379
1606 1632
130 599
1326 1249
476 217
67 1289
236 918
993 1574
1119 1415
704 684
868 1452
1452 310
1536 1059
66 73
68 1228
247 1214
104 530
556 1500
1123 470
1278 129
693 181
897 1081
888 1155
1572 1433
663 178
69 1066
333 1637
98 37
901 983
1451 772
1585 274
853 1633
470 445
93 722
905 1104
710 1064
1321 791
198 200
1137 27
70 775
563 1100
566 759
1466 351
231 544
182 288
731 794
1411 549
684 696
493 757
424 1206
320 552
468 385
443 803
553 115
349 7
1101 223
1062 969
608 71
1129 156
155 1485
887 725
1076 112
554 349
1555 784
467 834
1081 909
1633 1319
71 708
74 1610
606 1115
912 94
1389 473
975 53
775 1389
1608 493
1535 1060
692 1203
1159 988
72 72
944 1269
1252 296
634 1623
628 237
1313 485
1390 1408
1427 991
1034 377
1370 1254
1082 633
990 826
238 800
375 1106
200 1179
171 572
1513 1265
599 585
574 38
1306 785
1260 1462
76 1324
77 1560
1323 1440
1510 972
1447 279
996 207
364 1292
1245 22
213 1071
799 375
1098 406
334 1219
82 1688
1433 646
242 1077
945 1583
1318 1571
1424 417
488 100
417 948
879 762
732 1427
197 438
127 788
79 1163
80 1339
81 1693
275 486
280 615
1388 1421
459 701
147 155
1494 240
1612 1142
1136 1618
639 1156
381 1562
528 1584
373 747
1155 745
1459 1316
83 263
1636 911
911 483
88 250
406 414
1309 564
1399 380
1534 1488
1677 1013
1030 1007
1271 733
1508 1513
84 1198
1059 107
500 218
890 241
1645 1666
1634 157
1247 264
889 699
536 828
447 293
682 313
851 1658
1632 779
506 1361
427 174
661 610
482 1102
1208 605
85 658
1561 366
1462 1425
1061 382
1421 285
662 318
1409 1025
1084 423
745 1672
239 551
86 990
1264 357
408 428
1483 1291
335 1491
1253 526
496 718
1005 86
830 840
1609 136
1163 691
1113 281
578 1372
90 717
1383 643
1056 574
982 1470
1331 141
91 1522
1310 534
342 491
357 413
1066 977
269 537
1022 940
1637 1094
1478 1410
590 627
92 880
508 360
297 1390
399 938
626 1480
1087 582
1045 857
1418 1551
1027 61
430 594
837 1321
1398 80
372 863
1570 1263
1616 625
1628 1581
1285 603
1197 1304
1586 876
266 1359
1212 268
240 304
730 9
660 982
699 477
1164 227
96 280
967 875
452 1332
1385 1681
1266 48
1590 1569
504 97
1597 130
256 1176
97 690
483 1016
380 860
1184 82
1663 209
1679 758
713 1116
411 922
1522 1392
288 1616
615 399
1302 1428
629 243
1277 40
170 271
307 132
298 647
665 5
455 1412
987 1549
1558 805
311 1191
179 1504
1654 1645
1220 455
586 54
928 1019
196 121
100 1350
101 1256
343 1088
222 1340
909 17
1109 1215
838 1235
102 950
541 1663
173 735
153 297
1115 1120
219 1594
103 1303
1578 882
416 420
1043 362
1248 334
558 1329
1381 410
361 817
136 1061
1161 651
321 1464
325 1000
841 95
568 118
1337 215
374 340
1067 855
282 578
273 616
513 640
1178 278
1486 951
1484 16
527 173
108 1038
1666 1177
593 770
781 1523
1540 210
203 809
873 1597
423 662
1685 490
635 769
761 719
796 1451
322 868
1270 649
210 1302
980 123
1374 261
495 1312
933 568
1343 1342
824 1301
738 1090
1643 561
331 738
1063 1072
1531 815
341 1487
611 1570
1194 1186
709 901
840 1137
1571 102
148 1209
487 1598
111 907
797 1151
442 1325
802 229
191 257
187 1586
1599 190
367 312
444 1627
115 391
986 628
1341 1248
1503 469
281 1697
244 397
460 1144
835 1279
1588 1022
1516 352
530 1127
116 1315
537 821
131 1679
1426 325
1627 836
806 652
117 1538
1446 1082
1097 527
794 766
1029 859
543 1105
855 426
1440 1161
751 575
555 1411
477 113
1112 1568
1464 710
1020 1261
125 1126
1170 196
1068 1631
1475 976
1237 1413
921 204
154 629
1684 635
120 314
123 1374
753 536
377 820
777 1379
1460 6
174 404
126 108
359 1606
1092 110
552 904
217 1311
1562 1438
884 1593
330 1691
1620 1331
1638 704
140 881
968 104
1004 823
862 755
128 1434
598 214
816 411
129 1111
526 700
469 1240
1369 1032
1445 939
964 1108
1403 1049
1472 350
649 1472
525 636
1523 506
1439 1074
456 1113
1139 1494
1218 79
770 550
132 1241
1024 1555
595 450
701 1468
133 93
1487 1065
1032 1393
1259 923
215 1649
772 542
134 1129
1405 0
746 1212
1517 1002
228 1232
262 927
1046 433
1039 816
1553 1358
1619 858
137 356
842 1375
1621 726
769 670
383 242
1488 667
1311 50
985 829
1467 1189
1114 1268
1648 1185
138 689
564 612
1395 933
883 1548
479 560
763 1250
1192 742
141 1035
403 273
719 1030
956 1531
891 10
1470 1463
740 885
1441 381
139 1272
1203 442
1582 138
263 476
754 1148
1217 239
1243 645
1644 522
1529 145
718 1307
151 142
145 1641
549 1621
1485 941
561 1517
1682 678
146 839
1432 737
601 235
1328 70
1489 388
836 590
741 1143
144 1690
1135 211
548 703
1579 64
1298 1288
1229 1138
1153 1051
149 1056
1676 409
828 1432
1091 802
1106 1275
1493 225
163 715
1598 474
1242 974
1344 276
489 1454
150 886
974 172
1055 1370
1463 1054
484 854
1006 1181
1533 376
532 1017
953 1173
152 116
1604 928
277 1012
1147 584
583 1308
1073 1063
708 954
218 539
1236 1582
1149 1031
789 943
1261 1477
1512 1053
1287 1259
1168 656
1444 1524
356 1084
158 1471
1177 487
938 902
1077 1247
1096 400
764 995
159 900
869 1655
749 170
161 393
1026 1439
581 1266
1511 942
162 1396
679 147
817 1280
431 579
1669 751
164 87
776 1512
1052 1668
560 1335
185 162
165 1309
785 88
1267 517
962 76
1491 1612
1329 1384
167 201
1577 511
1241 452
712 971
969 1557
658 583
166 1095
347 1382
1492 1282
1111 1354
229 921
861 1187
1132 1182
1345 447
957 1684
757 898
1105 1605
1602 1437
251 1539
1355 721
340 1125
309 42
620 767
172 1364
255 1
1085 558
1167 122
575 811
1356 1317
952 705
1183 780
983 1596
1239 518
1567 1188
979 92
1671 233
1274 1695
1075 1004
1283 424
1269 167
716 1029
1002 449
429 825
176 1320
1543 29
1610 589
437 291
1347 1172
723 290
1476 1424
224 429
177 363
1014 1327
1207 98
622 143
407 148
1639 1122
765 602
852 256
1053 675
1128 963
471 436
1647 1363
870 507
1134 1277
303 1664
1013 957
358 1526
908 284
1182 1540
181 365
1506 1068
492 1647
932 750
1204 533
752 101
183 595
184 1527
1545 1118
1166 845
1626 1559
1547 330
605 160
805 236
186 111
371 856
1420 1511
1198 1164
1280 66
332 1033
942 1367
1423 1552
189 1566
878 587
1186 99
1258 392
1193 51
1078 1481
1080 106
1611 914
1436 1441
1008 1221
1442 499
929 707
190 472
857 1274
1587 154
192 596
1334 1607
395 339
748 161
790 1657
826 1344
1362 1006
193 43
1222 146
264 1665
937 1264
1519 453
618 28
194 1130
1295 1671
435 302
449 439
871 510
847 1497
1457 1694
1414 756
798 850
1308 812
1244 847
1360 1067
875 535
318 632
1651 1499
199 361
814 668
1289 727
1238 783
270 1246
669 1005
1246 1617
501 987
1297 732
1589 1388
1336 1391
877 894
914 1052
1550 571
201 1087
1325 120
742 1646
1520 666
1131 614
1033 1444
313 591
535 1611
202 1295
346 373
803 1170
204 638
722 91
750 937
1095 1561
989 709
1037 600
206 1018
1140 1546
1276 220
784 335
209 498
1079 890
854 729
623 1278
1428 1418
646 1535
212 387
1576 163
363 1109
402 1135
1126 1119
1332 731
1435 311
1160 216
886 212
1425 1349
1188 655
951 1028
214 1360
216 910
1660 244
1227 175
1434 505
1668 899
223 523
1415 1426
670 984
1090 1055
220 1297
518 814
1481 801
1117 395
1196 246
1143 1652
1593 1220
1279 322
221 661
562 466
1353 1124
1528 1167
505 1599
1366 1140
478 270
1257 1131
632 1590
339 1353
1072 743
1665 964
514 83
227 346
705 230
226 383
1190 1343
516 931
458 924
664 796
954 1171
520 1608
426 1642
550 872
1378 255
252 723
1387 913
1495 853
924 1589
844 557
1191 203
233 741
1379 538
973 810
234 556
1158 728
306 999
1240 1516
1040 1026
539 1169
531 997
546 581
694 128
474 1147
652 1397
296 799
1017 171
1234 12
481 315
237 1034
1504 316
1316 1229
1346 1545
773 1501
1011 457
1656 221
314 1134
602 916
544 1076
538 1613
243 1273
687 1262
735 1556
641 502
245 1050
246 608
728 1577
999 1141
1591 23
295 1699
899 676
832 1493
672 484
1171 481
1281 1503
1496 1073
392 468
329 45
1133 712
503 367
257 131
1391 1416
1497 1145
401 378
591 307
1074 878
1430 1020
988 119
1438 1385
485 1542
674 1110
258 1536
919 1202
880 62
1507 1341
707 1238
965 1398
1359 740
1480 624
1544 213
1501 959
1199 1175
872 437
510 492
971 33
265 372
1549 887
1386 1306
915 753
1575 1337
389 1300
1010 294
396 1217
1042 566
795 1356
446 1290
312 1192
1307 254
285 1023
920 975
1615 789
393 416
800 606
711 920
1683 626
1450 1210
947 1040
1049 1003
833 1509
834 1446
695 52
1524 232
1673 1046
978 1336
1273 946
1176 1422
1448 1158
714 46
388 1117
580 1648
284 1197
1041 1639
1402 1103
422 1592
1603 1233
1232 831
366 1348
390 1136
788 300
287 724
1018 1257
524 1376
490 1310
843 298
621 1579
289 1525
290 1079
787 1414
1556 1386
1412 996
292 164
1629 1636
918 479
1482 193
1226 488
972 563
565 673
1672 1239
1319 135
1235 117
948 1252
300 980
759 842
1265 1387
900 462
533 525
304 1656
1195 496
1069 1461
570 238
1393 970
648 1558
729 906
522 205
1530 192
1613 260
930 1510
1527 1180
1662 806
849 1514
316 419
317 1683
1429 1466
1551 262
1449 1595
1104 180
1596 500
818 1474
1223 1092
1180 69
1479 275
1600 224
323 768
653 1585
1009 1159
1630 253
867 199
326 837
360 1492
1054 14
1400 412
328 1015
715 231
351 124
1103 621
793 934
1224 1576
324 660
1505 1402
1211 713
1500 1490
619 328
596 1447
502 1009
441 475
600 1267
1215 693
1216 1152
414 771
337 679
338 569
934 1457
365 8
454 1057
1314 326
572 78
636 1139
721 730
398 986
1455 930
345 1401
1546 258
1397 1565
656 1515
1367 1675
348 973
896 1133
1667 1294
747 471
1228 1351
859 763
353 1043
703 1230
551 96
1469 1635
1363 327
582 1479
362 777
644 1178
1094 1039
631 1544
1640 978
825 390
1592 226
994 1251
428 384
464 844
1624 720
509 109
829 166
926 952
667 961
984 1687
846 114
379 219
864 1653
1120 1532
610 611
1614 446
1214 222
902 993
387 188
1554 1357
1352 1519
1664 460
821 1678
1300 149
517 347
981 57
394 1622
771 501
1674 1529
400 1628
913 402
409 1698
1116 1591
613 653
1537 60
640 459
1035 1213
1086 431
412 1456
1342 1047
647 764
792 458
657 968
1156 736
1001 1216
1384 570
1650 958
724 664
1130 368
1070 67
700 851
768 832
831 1587
465 1572
432 1476
1187 1445
1542 1107
1471 989
1255 35
569 659
668 830
451 1204
1568 683
1371 1541
717 613
1330 960
466 169
977 1465
594 956
587 1227
534 955
1065 559
1559 915
686 321
547 1673
588 781
1661 182
1028 1486
1110 744
935 1062
1376 434
1154 1450
1354 1643
573 1154
1282 31
1064 672
960 1436
567 1380
1532 1404
523 407
1394 1193
1339 63
863 846
1122 467
903 895
1268 1692
1675 1453
1179 2
822 425
1025 1669
1431 798
808 692
860 1083
584 623
998 873
1365 773
1251 711
1124 20
1518 386
1031 862
1125 644
1595 992
698 1338
1322 1245
655 305
782 1377
1118 1651
1152 1352
865 176
744 597
1657 1650
1373 1091
882 251
895 306
1538 965
1541 503
1312 441
