01 17
4_5_28_38_46 16_25_49
11 24
20 76
31 23_69_73
7_32 68_86
29_36_52_63 91
37 66
47 84
62 53
3_6_14_18 9_45_55_59
21_26_51_60 8_44
22_39_58 21_26_51_60
24 01
33 7_32
35 3_6_14_18
71 18
77 47
84 22_39_58
85 15_57
87 89
40 40
50 4_5_28_38_46
53 29_36_52_63
61 90
64 2_12_19
68_86 13_43
23_69_73 37
75 80
82 82
8_44 61
9_45_55_59 35
10_27 74
34 56
54 87
56 72_81
65 20
66 31
67 71
90 42
2_12_19 65
16_25_49 33
41 30
18 64
42 70_79_83
78 88
13_43 62
88 10_27
89 34
15_57 50
17 41
30 85
76 77
80 67
74 54
91 75
72_81 11
70_79_83 78
