0 1631
1749 1287
4 936
5 1520
1745 291
1744 574
1743 819
10 1463
178 488
1465 362
739 950
237 1269
951 552
1678 119
843 773
1498 1404
408 1073
462 1354
502 972
1240 441
1 951
2 1046
3 1714
1748 917
1746 1094
7 1136
8 1739
9 705
1742 890
1741 1740
1576 1159
999 1447
1552 489
1585 704
966 798
6 862
1747 1127
12 902
1717 118
292 1107
1280 1172
1691 660
845 1626
162 447
11 234
457 1479
1285 190
1074 666
1053 290
137 1049
25 1569
82 95
142 1378
13 824
1098 1588
435 908
1375 64
192 363
1262 1706
1540 338
476 1417
900 523
344 1635
1374 179
581 202
562 735
14 1236
15 811
1395 1715
1265 346
1155 961
1055 1171
206 480
1135 623
106 205
19 1613
479 774
731 1633
207 942
1360 139
747 1742
16 865
17 470
690 263
384 624
1226 785
456 808
18 1048
370 678
1679 347
1316 510
510 1250
986 379
1013 1403
195 1383
1103 877
1596 70
1170 697
461 1469
1574 448
893 425
279 806
310 25
1412 1539
1127 101
1229 1035
20 1121
21 1727
107 1217
222 432
341 496
1675 1264
22 429
1483 1397
541 799
1198 392
944 946
1575 1016
1589 289
227 332
23 1412
1244 49
1408 784
62 271
48 1109
1664 219
24 641
1499 420
1161 712
1183 388
382 1077
429 535
526 1198
1407 54
1436 842
589 766
629 318
885 593
477 1662
83 1548
626 845
26 23
1670 999
1138 706
1177 436
61 561
1254 1729
291 287
76 245
1102 1651
897 852
135 6
485 1470
923 1561
585 570
1094 900
941 1312
28 484
43 1475
700 1391
1377 1272
858 1618
27 36
881 930
264 133
482 77
1091 233
188 670
647 1183
813 66
29 688
30 1141
359 320
1694 1324
873 353
1117 1153
31 257
155 741
1571 789
147 687
121 878
1532 718
624 114
898 56
379 759
75 1443
1066 737
33 1340
1300 1042
1631 874
633 1179
1553 1165
672 1186
1603 100
32 37
34 502
399 340
794 1686
185 802
779 198
1390 188
35 990
1010 1400
503 201
651 284
1302 840
36 1559
689 1590
1293 1676
37 1595
539 778
1031 14
213 463
531 941
144 847
38 1078
53 1281
91 1393
840 1511
1334 1634
422 1374
1693 611
1079 1150
431 1030
39 93
40 539
1136 859
1646 232
722 138
49 532
1738 954
103 894
675 1090
911 258
67 1399
785 905
557 1329
805 94
584 1546
1174 1143
753 838
918 736
41 540
42 1318
1508 548
214 154
380 1420
1547 812
1210 1537
1111 856
1707 654
1363 343
1561 199
909 1364
1190 1132
1239 1370
705 957
706 146
1600 1361
638 1678
198 1513
1537 1216
44 603
46 1687
1359 1199
592 1477
957 1436
163 1449
1008 297
1685 1505
1236 1080
45 1498
47 1260
855 1565
922 996
1060 126
996 382
1417 1160
496 830
377 1111
455 1313
1208 1647
1347 399
576 656
268 668
236 113
1387 1006
928 629
221 911
69 831
1487 659
50 468
189 503
407 120
1734 398
1305 1501
608 208
120 1642
249 650
253 658
52 729
997 1570
1655 945
1096 1747
199 357
1619 602
699 1123
1405 1237
641 868
824 804
532 924
1445 0
728 434
1113 1346
423 317
1376 153
54 713
1690 1317
1165 195
1250 1033
930 1630
51 1342
55 585
727 617
982 315
1348 858
128 1468
917 1246
56 449
386 1038
730 644
307 940
1315 600
1455 1265
863 46
1711 651
208 844
1325 1315
1414 1497
466 1533
692 76
978 471
296 1401
659 897
58 958
241 479
1367 1637
170 813
183 717
405 1197
281 754
664 75
59 1725
1622 562
218 720
465 1226
688 1182
552 882
60 1322
1200 1394
1712 1693
1344 30
797 889
1286 1053
87 352
1386 243
964 896
938 1296
723 1352
365 1356
1454 616
520 525
57 921
248 1606
1578 725
1043 863
90 975
421 1471
625 244
467 1201
1473 861
346 676
63 341
334 400
754 1486
1440 1291
1301 1609
175 628
64 99
565 992
1184 1744
483 322
1703 1275
65 1526
66 1124
780 1227
378 227
929 1267
1680 1659
1510 335
272 105
1029 1459
1050 1092
233 919
1021 835
711 637
716 1238
883 538
396 1692
767 1464
1651 316
194 1701
200 1598
68 575
383 1495
487 19
1163 342
356 1605
719 526
172 993
1120 206
70 749
361 1484
321 1187
1011 1645
239 795
709 426
1497 906
1225 702
1399 851
72 944
990 1188
442 1181
1420 522
1615 926
933 1521
246 1166
1132 1292
251 764
1333 416
1160 1578
323 373
71 1129
1713 359
1450 181
1579 1060
1384 1577
73 1558
74 1700
1722 920
1159 1212
309 111
1141 698
196 1300
542 716
1452 1072
1125 1708
434 1347
468 1192
275 1026
914 224
962 664
1100 1405
932 1105
223 1543
1083 1440
138 102
642 384
77 183
78 1276
1636 124
288 1557
1520 833
734 1056
290 657
337 26
79 396
564 1677
620 380
1423 1670
86 1728
80 259
81 428
889 1043
1271 989
410 699
1274 391
390 512
745 514
1197 493
285 423
1065 1668
776 1367
1206 1224
269 1069
411 1722
85 1170
577 1620
1708 721
315 1655
1461 925
618 478
84 1396
265 162
439 880
161 461
160 260
1628 231
1709 475
1466 770
695 1336
720 456
1393 796
1134 143
262 1142
364 1707
1195 238
973 1095
1365 1472
1612 1232
758 1592
1148 1387
342 1721
88 1735
357 1289
535 1039
1326 1730
89 477
267 196
371 607
1004 457
1663 1524
1627 837
515 1600
1130 751
660 424
454 300
1001 1139
1310 485
1379 1446
1411 409
1032 948
661 171
751 28
1320 1148
92 495
93 742
1150 508
1373 881
308 1703
713 849
968 636
555 84
847 1736
1227 266
1146 1657
1269 1585
679 1671
1092 1538
663 1389
1519 330
1563 805
437 226
1306 1273
830 1103
94 1283
95 368
1582 207
792 1426
1706 816
145 973
534 604
314 1629
96 1658
97 53
125 1462
1223 1545
1661 1621
1104 90
1521 1219
1616 1492
98 350
350 1065
566 129
339 59
1324 1089
1562 311
1477 1022
786 521
903 588
99 1672
1068 1500
605 1476
969 1263
100 563
724 1240
836 339
231 203
101 970
102 1096
940 556
247 1499
154 767
394 684
943 74
1216 649
1140 492
1428 596
694 61
358 818
820 1571
561 708
974 1450
1105 1384
1573 1689
105 800
211 1015
104 261
127 1007
1451 953
762 209
1710 753
1343 1530
1202 16
654 197
810 922
1422 1544
906 1638
516 435
108 949
1728 1345
1099 857
340 1066
1468 632
544 356
1020 15
109 1562
260 1554
1587 1145
393 1550
110 1418
857 1366
841 1076
1234 573
425 155
708 1301
718 321
111 394
112 1616
1534 67
844 1362
113 1482
1277 820
1296 274
796 648
114 88
1460 826
697 1551
305 938
959 487
790 1082
517 1225
1560 690
395 1062
116 825
278 270
818 1175
648 1504
493 815
1168 1695
1658 1663
838 1390
1517 1047
1037 528
1073 483
117 1395
921 1180
1406 1085
538 1
1238 1274
644 377
771 48
449 371
118 1202
119 1024
1129 722
839 1280
115 848
1434 1087
146 1576
1507 1231
322 1002
406 934
817 1000
1149 1690
1489 104
1526 79
1523 746
1446 1128
1581 801
1620 10
274 33
1592 169
450 1051
1005 365
122 1068
124 1644
1458 378
1389 455
1542 1681
1527 639
1740 214
123 1057
665 761
1456 1270
226 601
1176 1641
126 615
597 1005
1421 1529
242 1456
1047 618
1024 901
452 1494
1255 1114
392 1435
514 1583
1081 1461
701 1363
1509 1149
491 1422
686 685
129 1125
556 498
812 185
1192 1028
177 310
1087 301
1283 1705
215 367
1358 69
1479 240
130 11
131 1738
132 213
134 864
1644 586
1660 1161
1342 280
133 1371
136 1527
1248 1666
609 1284
1097 1734
403 1108
1014 578
1171 402
328 827
1075 157
139 1623
892 1710
400 1441
414 1193
140 1113
837 1716
217 980
327 887
1346 123
549 1194
1594 828
1424 383
1652 204
1069 577
1245 809
141 52
300 516
1186 630
143 1698
649 775
550 1593
256 248
1115 253
509 710
1539 417
1217 519
574 1423
1349 814
1218 31
985 107
1474 401
1382 1061
286 211
169 419
1307 1439
1341 1467
148 967
1617 34
942 81
201 1063
591 792
1449 939
149 1460
1203 1724
586 797
1327 1508
670 719
1640 163
463 222
151 1510
802 18
1196 747
721 1409
1070 1465
153 701
1705 187
306 427
1623 959
289 1654
823 1413
1214 633
150 57
152 42
1181 560
1314 1130
1383 987
981 22
1295 35
673 1732
353 1234
156 1437
459 1683
1511 264
979 915
814 695
775 1628
1051 403
683 131
916 853
1275 1656
1541 1619
1531 758
157 1720
602 1112
1372 886
653 12
1444 453
1019 472
657 1041
831 1556
158 1624
784 1434
1496 1307
518 246
658 267
1544 58
1696 1316
1625 620
343 128
1368 344
159 192
877 529
349 1017
1230 189
880 550
1488 1034
687 130
573 1632
1249 1100
1471 175
1353 1601
164 2
1505 1337
631 1018
294 841
165 1733
1036 581
1272 276
1608 122
1180 576
1565 1253
166 1293
787 952
1401 541
804 1408
167 404
783 168
971 1669
1364 1255
1723 142
445 793
168 135
1182 988
1491 1691
243 1070
1131 467
1028 803
303 1268
752 490
970 173
703 1376
443 1245
1549 1458
171 446
1583 554
674 164
1543 771
1470 1563
1052 661
1297 740
173 1349
746 1025
1025 1334
424 1350
935 156
1232 866
1493 63
174 1599
1672 533
611 1036
1388 349
1235 1643
1429 50
904 1052
1378 1650
1040 1097
176 1380
627 1519
1194 145
835 1196
949 1302
803 834
1059 1622
725 241
335 193
179 191
347 1673
513 1075
770 351
1634 726
759 184
180 929
606 1573
899 910
186 150
1318 312
181 176
543 1745
600 1748
872 997
636 956
619 177
870 249
1022 137
182 543
936 855
580 1257
1673 256
499 673
184 1416
1453 610
1017 772
1313 762
1362 1541
261 9
302 1448
795 511
1669 354
560 981
402 319
1518 1185
953 1104
187 1117
1613 872
1185 680
765 1567
1253 1582
190 559
1481 1614
1572 1203
1256 1091
1403 723
1172 932
191 546
567 1218
1154 158
193 599
1688 1625
1109 406
1082 236
1018 907
1153 1098
864 1575
1667 1531
426 515
616 1694
197 62
1462 65
1261 732
440 1591
568 1242
1475 739
1270 1509
1224 1032
1258 1174
202 1373
1095 27
1054 780
1503 846
373 451
203 509
757 1402
980 807
859 366
235 507
368 431
301 1377
464 547
926 621
740 893
204 182
205 395
490 1523
1606 1116
924 765
486 452
622 724
1033 1414
507 1665
1692 709
404 1177
829 293
1492 892
210 1360
1188 78
960 285
209 307
212 598
972 1266
1726 29
1494 47
311 1368
760 1699
1448 982
860 1328
1442 1375
630 501
523 21
545 454
1501 557
1078 329
887 791
216 1685
1287 1154
1385 962
955 106
852 1540
367 1021
219 776
480 534
1166 991
1416 215
733 995
220 237
912 583
1695 1646
958 569
583 415
316 8
682 700
601 89
460 41
976 1081
993 738
652 622
952 1608
270 1636
224 1055
1237 781
834 832
704 497
225 161
1080 1031
1546 1278
540 976
228 937
1430 1451
821 1243
1247 931
1222 612
1133 1134
950 218
1704 1044
229 390
230 1131
1049 149
1012 1286
832 1119
1371 1156
925 1488
1366 643
336 587
1231 757
232 1213
894 268
1478 582
788 1386
234 1151
1432 1518
896 553
1569 430
714 1542
854 1719
500 294
419 1438
741 1507
1048 888
886 1711
691 867
481 1010
773 1474
240 1311
1114 499
1514 1424
238 505
388 675
1145 1560
276 869
1677 978
433 1297
1370 1190
1323 460
1654 1332
1158 17
1718 1222
244 1406
1721 117
1684 387
245 1099
919 691
927 116
1330 662
1246 313
352 625
1720 549
1447 1220
1345 1244
1731 220
1653 1381
387 1083
1061 947
250 374
504 1003
1299 1388
1584 1279
558 681
1002 817
1063 1429
1530 160
511 91
1580 565
418 239
252 671
1629 1697
1312 386
525 405
1209 3
255 966
578 152
1335 1454
319 928
257 898
548 348
1538 1627
258 1157
1329 360
1006 252
254 381
259 1358
1586 1457
1402 504
967 1743
363 606
389 98
501 1478
263 674
533 646
1504 1611
1056 87
908 672
1076 1532
1268 144
1548 410
266 1204
628 112
1484 1731
284 397
1404 60
277 663
522 1163
878 631
756 1178
1039 376
593 141
369 72
282 73
1057 279
432 1369
650 689
599 985
702 667
1045 481
273 221
1554 1251
895 653
1500 1602
420 174
271 255
1686 1308
1502 1535
1015 1327
1426 302
1086 634
355 884
1588 909
1354 965
1009 513
280 1452
1041 1310
954 165
324 1008
1607 1247
994 217
913 92
317 551
505 1536
782 1589
391 68
1116 438
283 873
1144 1137
1088 272
1727 1221
1169 1013
743 1191
1219 1503
287 1445
1331 1365
1674 1737
1162 923
1173 1330
512 1235
800 1093
1495 1713
991 613
497 228
448 1515
1641 545
1303 955
299 40
293 486
312 345
1308 665
1555 933
735 147
1443 669
1716 927
676 1709
646 1552
295 412
409 1410
603 1717
1110 1746
1687 1741
1156 779
297 324
1522 979
1151 325
298 983
884 121
1337 1314
850 696
1682 1359
1737 24
1506 304
615 1421
304 1305
736 1341
1263 1277
826 790
1659 1357
1072 1229
1191 1012
712 299
1598 170
313 134
1259 904
1328 172
774 1050
1042 1466
551 652
1464 693
524 369
761 1009
427 1168
798 1493
571 103
890 491
488 1086
1381 450
1719 1353
1485 1525
1668 1207
1649 494
318 473
320 1176
1683 1664
1204 115
1147 879
1119 968
853 1660
848 1428
1278 1228
989 1442
397 151
1107 210
1398 1411
325 524
1413 1661
1211 1617
537 506
360 850
1284 1680
381 1480
988 744
1317 782
498 1084
326 1679
330 1723
438 1553
331 1610
1332 385
332 1355
666 752
768 1528
329 216
333 1674
1433 1088
1221 1210
1431 895
905 977
995 1155
1591 591
956 518
1409 1581
1630 1597
613 1058
338 1323
1610 166
1023 1110
1397 743
1207 1303
983 1652
1199 1649
444 421
345 870
572 1517
508 1555
348 964
946 1688
1550 159
1472 262
351 1189
1463 1496
643 1027
1459 1140
354 1455
374 1118
1700 433
1351 1299
1291 655
617 1306
1106 1162
595 918
1260 1444
1457 829
907 1205
362 1079
789 308
1152 1490
715 1566
366 1491
1599 1430
587 1326
1038 1579
632 821
1394 186
1729 733
610 769
684 110
1044 810
1179 843
372 482
588 127
910 763
1624 1425
1435 212
375 389
1533 963
945 1333
590 1485
1281 1335
376 711
749 969
1205 984
1656 707
1735 564
1034 413
1290 1067
458 7
977 903
1490 788
1566 1344
915 1407
668 1749
385 407
1564 860
1243 1385
1577 1023
1715 971
1298 912
1137 566
471 281
1590 1432
1512 787
1288 303
635 411
1410 730
1121 13
693 1382
799 277
698 935
1482 745
1071 1594
1639 1304
1551 1338
742 1126
1084 1252
494 1320
398 1102
401 1195
920 783
842 1169
1282 1248
882 1054
1439 269
1476 393
963 223
640 1138
1118 250
412 254
1220 584
528 609
472 605
413 108
1233 1040
1701 459
415 614
766 1547
495 235
416 96
1699 1158
656 334
417 568
791 1325
1108 466
1007 943
1264 682
1311 823
825 247
1212 1298
1524 132
1645 38
681 1431
547 647
428 885
827 1549
1139 361
430 422
1635 1572
1392 1173
707 542
987 1612
473 333
1026 465
546 571
764 1667
530 328
1601 418
436 1568
1614 1516
441 32
1124 677
1666 1029
1611 278
934 469
806 1241
612 1147
1657 748
446 686
447 286
594 960
1513 55
451 1522
1339 994
750 1290
453 109
1035 230
1427 1037
1662 1261
1242 1502
563 1534
755 314
862 728
851 1684
1418 1348
575 443
645 974
469 1696
470 567
506 326
867 442
474 645
1535 580
475 572
1215 597
478 638
1000 474
875 1343
1665 323
717 148
879 1208
484 883
1340 273
984 71
808 544
634 1309
1556 703
1142 275
1425 986
811 1288
948 97
489 1481
902 1702
492 265
998 839
1267 337
1157 998
1289 1059
1309 679
1467 305
1396 558
1189 822
809 437
1067 358
1077 794
1558 1144
1090 136
1016 500
1648 462
729 876
1736 80
781 125
1689 288
965 1233
582 1319
1545 1682
519 140
772 1282
1441 1115
521 589
1085 755
1093 1020
1391 750
527 914
1525 336
529 555
833 1419
861 891
1725 1133
1143 1164
1319 1607
1602 178
1400 731
536 1427
815 1262
621 1453
671 414
1609 167
1251 530
849 1011
1027 372
769 86
553 85
1536 1294
554 768
559 1152
871 200
937 1209
1089 370
1112 440
639 1214
569 727
570 327
1276 51
1369 476
1568 594
1605 627
1697 683
1322 1256
579 590
1304 1639
1123 640
1516 1398
828 1167
1193 608
846 331
819 45
874 1285
992 714
596 1718
598 1712
1528 408
1724 1206
685 306
1637 1603
1632 1064
604 1249
726 1564
1437 1640
1101 1379
1228 251
607 626
1419 355
667 445
1257 642
614 1726
1739 854
778 592
623 44
891 1331
1714 464
888 1014
655 1506
738 5
1122 1351
637 1339
1438 1101
1352 734
793 517
1698 83
1595 1704
876 364
866 296
1062 225
939 1211
1638 180
1681 82
662 875
1733 1392
1515 1004
1241 537
669 1615
1642 1001
807 1489
822 1106
677 1045
678 1146
680 1584
1279 619
1338 1200
865 295
1618 1239
1164 1184
696 242
1557 1586
1567 520
1030 1604
1356 871
975 777
1597 43
710 194
1201 1258
856 1259
1593 1271
1650 1254
1626 458
1529 1295
732 1071
737 1372
1559 1223
744 916
1126 1415
1671 786
748 1487
1357 635
1003 1230
763 1122
947 531
1730 595
777 282
1187 1473
1064 1574
1355 1580
1570 756
801 439
1350 527
1178 836
816 1321
1361 292
1294 692
1175 4
1647 309
868 229
869 913
1486 694
1732 1120
1273 298
901 1019
1643 444
1167 1512
1058 1675
1469 39
1213 899
931 1648
1702 1135
1046 1074
961 1587
1480 1483
1292 1596
1380 283
1336 536
1266 1653
1415 20
1252 579
1621 760
1128 1514
1321 1433
1676 375
1604 715
1633 1215
