0 414
1898 726
3 759
1897 1782
5 1227
6 1872
7 188
8 982
9 725
10 670
1889 1117
1888 501
13 1562
14 161
1886 752
15 795
1885 1865
178 1050
374 1563
1407 927
1137 1770
1633 462
614 486
1338 1536
1254 598
94 420
260 1149
1744 1206
421 1297
1804 937
1 626
2 944
4 1812
1895 1532
1894 197
12 1276
1887 13
16 978
1595 174
884 421
452 1577
1661 1155
1523 201
1865 397
1150 351
878 1170
173 225
1321 1649
112 804
1746 1343
1896 1273
11 1401
1892 986
1891 1468
1717 202
837 1249
166 388
1265 323
908 1158
134 603
1646 888
1765 1361
1313 1061
1452 920
1899 1635
1890 896
17 1099
18 36
1281 1584
1079 1368
1618 56
905 770
1047 1421
1578 1107
1893 34
19 1165
1098 320
1835 403
893 256
1023 629
69 835
1873 836
1607 1353
1027 1242
620 1605
1687 290
1457 1710
1314 1186
549 1727
1388 711
412 1352
256 587
1442 1826
1410 294
902 240
1073 1161
245 85
1436 1720
354 1829
1247 703
1749 686
1734 293
499 1078
364 851
1368 1581
21 232
106 1363
1288 1869
650 715
357 110
1468 1553
740 840
1398 17
1846 1799
657 1556
1743 1640
20 1095
22 477
871 1472
1546 658
1781 1404
1494 1187
782 93
23 1531
376 1236
1071 1853
1181 1791
1654 535
695 1777
1507 1147
228 810
351 445
1852 419
1766 1611
918 1382
1296 298
24 131
862 1303
742 1731
1683 1122
758 255
208 563
752 218
1588 1433
99 185
776 1555
1279 1307
25 1596
1855 917
942 1505
1768 1180
1347 1452
1883 764
526 1081
331 1716
1100 733
1038 1120
679 426
1203 906
76 720
618 251
271 708
1533 1336
1667 1684
532 1372
647 275
100 1495
569 1512
1805 89
1223 765
1502 962
1091 1540
440 75
822 19
541 895
1453 1136
470 1633
28 1567
1005 1487
1048 1285
1755 144
1355 1546
1553 1756
1214 792
1185 1113
1435 1430
1636 635
1169 1284
1499 394
920 1529
819 1721
1645 544
1664 330
422 1045
316 83
738 1231
1422 1875
483 296
1831 382
475 1790
1837 1896
29 637
30 534
512 12
148 645
775 1196
1095 1318
605 1817
1776 1365
1158 781
26 1462
27 1758
31 1100
954 124
897 1625
936 1899
617 1695
554 1428
1318 1617
1491 1263
496 364
291 672
1295 118
1778 1146
1871 530
1882 159
419 1485
1301 1173
1359 25
32 809
1856 718
449 1106
57 125
1771 182
666 1743
1555 263
1164 1001
1250 135
1493 665
34 979
1866 1840
450 490
1192 404
652 761
1302 1176
1524 1412
349 1565
1157 1523
451 744
1460 1781
1544 447
1751 32
33 2
459 538
314 493
1753 1730
1869 1306
1498 898
1354 1589
47 1851
1180 569
36 803
1406 227
1330 1850
779 103
258 1879
1505 59
676 1765
1642 551
1725 436
305 1456
1516 1171
272 407
917 533
945 151
938 1185
1721 1139
535 890
37 506
624 318
1319 1679
1653 1852
877 1507
384 484
728 346
1044 143
1677 1717
1088 1543
743 1703
377 147
38 1780
1641 1344
279 1526
683 155
154 399
289 158
1445 305
636 1168
1413 1037
458 374
849 882
318 312
35 947
40 102
895 1038
415 238
174 70
1788 712
298 985
896 411
1791 136
39 342
41 460
212 508
1284 446
566 26
798 33
1836 636
633 401
147 863
1782 866
1334 1498
1003 780
42 789
1036 661
659 365
1474 6
1798 1369
890 1616
771 1118
43 408
1241 1093
766 656
335 627
1823 1047
713 1692
1242 1443
392 1736
813 287
673 678
1463 980
44 14
783 869
312 1747
838 633
834 1328
213 1324
1572 362
45 1638
1828 1470
1854 918
1716 1083
1409 1029
689 1235
105 1450
1101 15
1122 1197
1428 707
466 578
1034 1564
1709 223
409 859
630 1560
768 228
300 37
894 341
1671 266
801 1460
1361 267
1070 1357
229 1422
46 1610
68 280
1530 971
420 1834
219 1723
1391 456
48 24
162 1771
87 1475
1437 948
463 794
1577 1220
827 512
1363 1394
49 1722
826 1767
1007 1399
456 1386
1127 924
1408 1786
121 1650
261 1030
940 1051
1617 747
264 1528
1177 798
1551 1513
1708 1142
1860 1887
1378 1310
997 1423
343 892
795 1802
934 1737
1272 522
1736 454
622 463
1764 983
50 1320
866 957
919 264
1762 0
387 315
1126 1239
1669 74
832 1794
163 1224
51 1652
52 518
53 1420
1565 562
586 932
727 1052
1656 902
1015 126
1501 276
320 1154
581 1389
974 331
54 1587
1858 1309
181 737
1357 271
1102 507
1497 1798
435 517
763 204
191 1135
612 938
1423 881
1342 1087
109 956
1182 87
907 424
640 1079
455 1110
531 1330
302 148
522 464
794 539
55 766
126 1480
1054 714
568 1341
1759 1855
1358 1566
146 657
948 1768
395 1032
1868 1098
222 1858
1735 649
1747 974
1138 1112
1819 998
56 1223
58 437
59 1014
542 1483
156 923
546 1435
1367 596
595 1890
1816 1569
224 1411
593 1362
1396 514
1670 497
732 1367
1503 1457
1282 1687
1400 375
223 500
1395 325
61 1517
739 100
1729 1519
246 291
508 1091
1323 1134
186 112
176 1298
1255 763
60 132
874 1436
1026 1660
1800 101
962 472
1051 1796
247 822
1416 1861
1043 760
648 691
1446 1221
62 553
63 570
115 367
427 1600
1700 1823
120 1322
1496 504
1298 1086
724 1431
1028 777
1418 1108
1689 1651
242 1184
64 799
429 1832
91 1506
345 994
1165 192
1500 1630
1081 1202
803 839
993 1508
988 146
746 692
1842 104
705 440
1876 81
66 370
1236 613
1339 1140
1336 668
1647 149
194 49
885 964
1629 20
65 887
67 1425
1141 736
460 356
95 1714
1547 1366
1171 641
1879 1133
1055 1481
1426 561
1630 1347
800 1492
939 137
1727 1041
1650 1499
1200 753
315 877
709 1816
70 1424
574 353
1807 762
1853 1788
1489 1000
1785 368
323 1283
637 620
1731 45
71 651
523 172
1276 236
850 973
1814 208
537 1764
114 1496
344 349
592 585
787 1696
1464 219
1469 868
912 1591
200 1238
700 1559
125 1213
1449 643
73 213
240 867
1793 1156
1198 35
1089 1387
128 631
1322 580
444 797
122 354
72 97
74 1174
589 1628
130 1448
1711 1675
1030 1544
958 900
1480 1694
1839 195
75 1533
1521 1606
597 610
1366 557
831 1623
1300 1677
448 1132
1205 303
1769 689
764 1441
77 824
1310 912
1506 742
1099 1054
1269 873
883 639
1705 878
616 1345
1676 1821
1376 1141
78 1354
990 929
341 1552
967 756
1024 406
462 1883
1715 1198
1844 313
994 536
1111 1476
1820 235
93 193
254 679
1548 345
1880 928
446 317
79 332
1331 1667
984 261
367 1870
1261 205
478 1043
658 1813
1614 529
575 879
197 1895
82 1233
1682 1757
342 702
110 214
80 958
81 1479
83 1250
275 1219
1848 123
325 1614
564 1073
1270 457
1259 1795
481 1673
84 1778
1090 893
1114 1230
333 1153
1832 242
267 1084
1086 430
1830 1488
1424 1012
970 617
1662 940
187 644
1758 1711
352 853
830 1391
559 1776
504 1454
85 86
86 186
1145 244
770 1409
1303 1549
820 1280
1867 663
1627 1674
889 1287
417 1815
1184 383
1631 1539
397 615
540 1838
88 575
1663 872
1520 1407
165 73
571 830
89 165
1264 642
159 1103
1283 40
703 842
90 1654
802 50
1350 996
1712 302
769 1377
1495 1515
1678 969
930 1787
408 1356
829 776
1598 1039
92 117
1838 1005
519 1261
136 808
241 326
1385 907
1002 455
507 1329
670 338
1097 138
692 1311
639 1304
1673 1469
413 1658
311 1866
959 373
324 1873
381 1820
656 358
484 945
1297 674
135 1551
494 837
1387 775
585 1163
485 1806
1183 1636
405 950
1884 163
385 540
524 18
96 1793
97 108
660 1148
615 745
1012 249
284 825
1105 966
1763 1143
1806 360
175 309
550 337
143 1035
98 405
1352 28
326 826
307 1867
399 355
216 727
961 1521
835 200
591 666
1271 1486
1186 1575
378 1769
1058 1326
583 1371
584 1500
235 970
1292 250
706 1571
101 1741
102 801
182 1669
250 960
1121 581
1211 1027
1403 1337
281 1518
735 1439
117 662
103 778
1740 1009
643 1374
1657 820
601 1212
608 1876
1752 1837
104 1364
1237 846
226 121
1066 1281
1429 384
1014 1427
629 1246
1299 1137
1815 1712
1370 739
479 624
368 376
1542 1842
1235 990
1863 1859
1660 602
1417 1359
635 452
107 253
160 1672
1701 1144
1812 1685
287 1
1065 418
956 1857
530 1754
1096 1245
1172 1208
1107 1836
1268 883
1528 593
790 1333
313 145
439 1308
1680 8
1326 1169
1567 1698
1020 350
1467 1070
1536 444
340 1473
108 1177
214 1319
799 701
1392 805
111 141
215 1524
1218 914
1640 482
1720 1527
1219 941
1478 199
1059 975
528 802
1809 167
1456 92
1364 1416
113 1693
236 262
1621 951
285 1458
971 1760
144 1291
1773 607
712 247
1652 1751
190 1663
297 1024
1850 160
1143 211
1317 1358
842 543
1011 1831
1078 1580
116 499
1592 618
457 274
1570 443
836 377
445 1188
903 1150
953 1856
1775 31
204 22
716 1811
1349 695
118 1210
691 841
1659 1877
791 930
1197 1655
846 1573
719 154
119 729
1509 1286
131 675
1123 1681
206 769
482 157
255 1384
453 1376
1108 473
1525 1266
678 212
915 735
1665 989
1087 1130
1013 1818
1006 548
1484 268
923 829
157 1639
1783 180
949 1599
145 1126
123 963
278 1800
1605 1613
672 849
737 1715
1168 1075
336 527
1377 428
1440 1077
386 1530
473 458
888 751
1229 1312
468 864
1585 1699
252 1643
1228 732
1792 1064
124 470
921 650
734 322
1543 1199
1118 1510
931 1269
127 1340
992 1274
266 588
437 1557
1083 738
750 1400
1596 1160
868 523
841 577
129 1848
1706 505
516 860
600 630
1620 1302
1475 51
1579 676
151 357
1587 1860
665 1314
606 734
525 439
1345 916
996 142
155 69
710 619
132 10
133 311
274 220
231 304
388 1750
1384 1270
1529 965
1188 1465
576 819
404 68
1710 215
1286 652
1487 1554
1049 1339
1156 911
1372 116
1554 1398
137 949
697 29
951 731
138 1620
590 478
398 1351
556 904
411 532
641 310
1064 120
1019 115
1833 716
1454 175
139 385
389 992
1009 1745
295 1234
1486 415
1556 91
140 1277
141 273
142 1010
533 347
631 16
1025 1609
1381 555
402 308
1581 566
711 348
403 417
1690 1237
205 435
1245 772
1864 1092
833 1228
1213 746
674 838
283 412
232 1761
280 1670
170 1474
663 1313
745 1265
239 843
1144 1801
418 279
149 1121
557 680
514 1884
1035 785
1084 1735
991 1007
150 704
649 1167
536 1201
1817 1718
1599 1350
393 935
1135 931
1373 1253
1320 782
1514 599
227 233
152 286
1479 1892
721 521
937 1661
1803 1701
153 1477
1638 1380
1845 1067
1822 1292
414 1568
607 1162
1195 1145
1067 1740
1333 1491
1552 416
1252 1020
610 748
1104 1550
1346 955
1559 817
438 1641
1133 1447
944 1807
1639 850
1488 107
503 301
1278 834
1583 1471
477 1603
158 396
642 1379
963 5
922 389
424 1338
876 494
1225 1413
1328 461
1590 1746
1041 1579
864 1222
1148 1211
1611 611
855 1676
1239 1218
1325 1744
220 1453
161 1779
1872 295
1062 71
690 1455
1534 479
1622 1490
1597 113
164 1375
960 1044
1262 1774
400 855
1558 23
1174 369
1841 1889
1093 959
553 67
225 1055
1033 623
845 281
1697 1175
1757 1797
1625 1668
952 1626
1612 1749
1564 1090
815 571
1221 1789
167 697
168 1097
717 589
1063 813
928 371
506 1501
1094 99
1110 474
169 307
423 438
1684 1023
957 542
1649 1323
1217 1241
180 1803
1291 1057
1772 694
185 1289
599 1094
823 1502
262 272
171 190
172 1033
943 442
515 1036
1386 487
753 166
1686 1632
1566 1808
1050 1288
1511 1647
1810 1164
733 1115
548 334
1115 1725
1473 1833
950 222
1076 1893
177 134
443 934
551 176
1305 1814
671 234
861 485
469 282
910 1888
1515 621
207 1301
1784 1732
621 926
1742 260
179 76
925 988
365 1192
394 413
370 977
1360 150
755 1697
1253 1349
1193 156
762 905
736 681
301 1624
1207 184
1337 62
1450 27
1526 1116
183 1225
184 909
1574 616
1142 1131
1632 1290
1787 1825
722 724
1056 105
847 1207
346 431
964 1729
789 1525
188 1370
500 768
1821 1772
1624 259
1877 1016
290 1011
360 1260
543 773
1490 283
476 793
1160 812
1187 728
189 1189
1472 894
863 1383
1397 1049
1267 1419
1307 693
1519 1678
330 844
430 953
1340 1082
432 1631
699 513
347 713
248 1537
192 30
193 601
1623 1688
309 133
1068 583
195 1582
1353 57
1335 84
1390 1257
1707 44
202 278
196 207
1443 314
756 876
965 1060
1847 1607
198 1597
299 559
491 352
486 767
1610 1111
1405 169
199 237
1032 1784
976 1114
363 1327
655 1072
1421 162
1824 378
669 327
1163 1494
570 1278
572 257
646 1819
913 677
328 1522
1175 609
1379 1229
1779 730
859 1018
201 88
1371 1585
373 63
425 554
1191 1707
1394 1127
704 1015
602 638
203 667
707 771
760 1828
909 614
1146 1894
538 1268
1415 229
1112 1056
675 1088
1459 1214
1462 520
702 66
1470 390
594 1046
941 925
209 981
587 847
882 1183
510 372
210 671
1109 7
870 1706
1767 700
211 952
1010 1783
765 567
955 1074
778 821
472 300
1117 1664
337 1355
1477 897
1591 61
366 1332
1039 82
1120 1076
1285 1248
1341 466
1431 574
999 832
1703 903
596 1482
1441 1748
774 706
1383 54
218 531
914 1734
781 757
217 605
1375 1657
741 1862
812 423
221 743
1147 1602
1018 1059
1393 1561
1199 386
547 755
1404 1125
1608 634
1875 1542
805 576
518 1724
489 319
852 230
1412 459
1432 329
565 750
1210 1759
308 885
916 1775
1029 1642
1189 1622
426 221
359 591
1257 1547
1674 321
946 1843
534 604
1052 871
230 1874
339 387
1789 502
1159 541
1733 796
1153 1378
688 270
1001 1410
436 1031
747 833
715 39
726 64
490 1461
396 526
1399 1810
233 468
379 410
1584 1182
234 471
935 1062
927 1827
1586 1195
383 1346
1080 1882
474 991
906 854
1125 1598
332 1497
1263 1048
238 545
237 1511
881 427
1074 4
1540 1232
1476 1244
1324 1595
492 1254
362 1804
1016 475
1216 1847
243 340
1362 1194
244 547
613 465
319 1755
1730 790
552 1109
886 899
644 779
1461 1181
1651 511
1427 1385
511 289
497 226
1802 80
249 1259
1635 1040
1154 21
1031 1841
653 1191
1796 1572
1072 96
772 252
487 52
433 343
1134 1700
1874 1545
265 1590
251 852
253 1881
1194 1397
1212 196
304 1830
1593 1440
1603 449
1215 324
968 1335
257 90
844 1570
1560 1179
668 573
369 1608
858 1637
1704 434
1795 519
625 1071
628 889
1739 1315
259 800
1745 660
1672 1300
1541 806
1728 1822
1042 1417
375 1373
723 65
682 999
1465 1464
577 1429
1790 1849
380 510
277 1708
981 856
263 1619
578 1405
1438 1604
1849 1388
1332 628
751 1123
502 1645
995 1021
904 880
1060 306
293 1738
268 1665
664 818
1447 972
464 1252
269 646
867 655
270 451
1600 248
1466 828
797 1593
282 1618
273 1299
1458 285
619 1264
276 1258
471 1151
1527 171
1021 1659
1061 1459
1512 669
573 425
465 584
1425 682
986 741
817 48
854 525
1799 1662
780 203
520 1671
1113 139
978 297
1606 1028
1510 848
1226 1621
1022 749
1178 831
286 335
1522 480
1492 823
1433 861
288 865
714 1785
848 913
824 450
1756 528
372 393
1774 786
880 625
1170 1295
661 1426
561 1204
294 582
1797 453
627 690
1294 993
810 640
1130 1534
1719 600
1535 503
611 441
808 984
292 967
1173 1886
749 647
296 1705
814 1648
348 1190
1220 858
1840 1178
687 152
696 722
562 579
1249 612
1604 217
1615 1193
1414 1272
1306 72
1455 723
1576 1538
1234 1402
303 1396
807 1209
493 784
1401 94
828 128
1204 1612
582 409
310 1766
1834 1898
306 683
804 1845
1131 1104
900 379
1092 1509
744 687
1289 1583
796 1449
454 1854
788 815
529 791
1699 915
1040 874
1244 43
1008 1891
786 1124
1881 608
860 476
1448 336
933 269
1575 246
1741 1058
1573 698
1251 1053
1260 1022
317 1666
321 632
1786 1438
1637 95
1722 942
322 1689
350 119
1277 1824
1801 1105
1155 1864
1274 60
626 1331
579 1138
684 1588
480 1305
1232 183
327 1493
792 1763
555 122
1209 1844
329 1792
1794 1467
1196 1008
857 498
1136 1157
645 170
1737 114
853 943
1780 827
1106 402
334 392
729 673
1304 597
1444 922
1688 1096
1518 1839
1504 1739
338 524
932 936
1439 1615
982 688
1811 1128
1668 1805
1696 862
598 1484
406 586
693 496
603 398
1694 328
1713 568
911 429
972 1159
1562 1444
353 1101
851 774
517 140
1602 98
979 179
898 1878
973 467
447 316
1176 654
1655 997
821 333
1723 1601
1594 1451
1539 1393
879 1004
1568 381
1243 1752
1878 1514
1770 1003
434 933
1000 594
356 299
725 1215
1609 1880
358 1558
1231 187
1280 1025
1628 1068
355 1682
361 537
544 41
1166 1686
1017 659
1761 1006
1208 77
1601 1773
428 1019
872 359
1537 181
983 696
634 710
1037 1080
825 241
1149 1594
777 47
1748 1414
901 78
371 1342
1316 1066
1315 1653
1202 622
567 699
558 109
929 254
1724 816
1224 1013
1675 395
1190 1442
985 1728
1538 558
382 344
1485 590
563 1348
969 648
390 1627
1420 224
391 788
1698 127
816 709
588 564
924 910
442 987
1613 1489
784 1205
718 483
1201 363
1513 284
869 1063
1290 178
401 1644
1813 1282
1069 592
488 546
1045 1466
1859 1293
1329 488
1714 210
1643 961
1343 995
407 1403
1287 1296
1481 814
410 1548
1580 1535
1380 391
416 1868
1179 845
843 939
1718 495
694 1129
1471 164
1616 560
1293 198
1561 9
947 1835
431 292
1374 908
1626 231
638 216
1681 719
604 288
1870 1656
1545 653
441 1503
1419 1026
966 1017
1843 754
1238 339
1702 552
839 1762
1389 1360
1549 549
1693 1381
1132 1316
1857 1172
1732 42
539 1271
651 1334
757 1646
773 1294
1750 921
667 1392
461 556
632 265
698 277
1162 664
467 489
1116 811
1434 1445
1582 946
1563 1516
759 173
840 168
875 515
1057 1709
1327 901
1152 1885
505 1255
1760 1065
998 422
785 1256
1246 361
1685 1592
767 1704
1351 1863
1082 1629
806 191
873 758
495 1390
1862 206
1222 58
498 721
1808 717
501 258
1679 1406
1129 572
509 239
513 550
865 870
977 1897
1648 492
1128 1719
1161 1243
1517 595
521 481
527 1683
1167 1262
1644 1418
748 783
1311 1325
1103 1432
1275 1152
1309 129
1691 11
680 807
1273 1226
1827 705
818 1275
1451 565
545 1102
1826 194
1240 1520
987 1216
654 432
580 1200
1589 469
730 606
1053 1034
1695 1415
1139 1753
701 1691
560 1408
899 1002
1550 1574
1411 46
1046 1119
1825 1504
720 891
1258 1203
809 509
1312 919
1569 1690
1233 366
1077 1395
1829 1279
1557 1702
1818 1240
1531 968
1726 1680
887 380
708 1478
1382 787
1619 111
1666 1634
685 1069
1369 1089
1004 38
1248 1042
609 1317
1075 1166
677 954
623 243
891 1267
1140 1437
1256 1247
1738 1742
1754 189
1308 1446
892 684
1482 130
1483 1085
980 884
754 1463
662 3
761 55
681 685
686 1726
1508 400
1777 491
1356 448
731 53
1365 209
975 1809
1344 1586
811 1541
1151 740
1227 1871
793 516
1571 1251
1348 1578
1206 1321
1861 79
856 1846
1692 245
1266 1434
989 976
926 857
1430 177
1634 106
1402 1713
1851 153
1230 875
1658 1217
1085 1733
1532 433
1119 886
1124 1576
