01 17
4_5_28_38_46 18
16_25_49 22_39_58
20 76
31 82
7_32 75
29_36_52_63 91
37 68_86
47 77
62 53
3_6_14_18 34
11 10_27
21_26_51_60 11
22_39_58 01
24 7_32
33 3_6_14_18
35 50
71 47
77 21_26_51_60
84 15_57
85 89
87 87
40 4_5_28_38_46
53 29_36_52_63
64 2_12_19
23_69_73 41
75 13_43
82 37
8_44 80
9_45_55_59 9_45_55_59
10_27 64
34 33
54 74
56 66
65 85
66 72_81
67 20
68_86 31
90 35
2_12_19 61
41 67
18 24
42 30
50 23_69_73
61 70_79_83
78 88
13_43 62
88 54
89 56
15_57 40
17 42
30 84
76 71
80 90
74 65
91 8_44
72_81 16_25_49
70_79_83 78
