0 256
2 158
1947 735
4 212
1946 191
1944 777
7 621
1943 1456
8 829
9 178
11 1934
12 1668
13 430
1936 619
374 36
1902 1539
1509 226
1876 1945
317 1174
1046 1255
916 248
1661 162
1582 1007
1123 646
1075 662
1 1469
3 308
1948 872
6 131
10 263
1942 807
1940 1670
14 1441
1938 1745
15 676
16 1404
1598 1242
839 1180
370 207
454 1458
1542 1606
1151 198
1949 1788
1945 778
1717 13
120 1447
1124 1009
643 1864
1921 231
568 1121
806 353
161 1891
1104 373
1829 759
18 748
1105 1647
1110 1516
825 918
480 1628
358 257
982 1152
1799 1773
811 139
941 1154
1441 600
359 1389
1165 1460
985 824
1867 714
838 23
5 1685
17 1126
19 1292
429 168
775 166
1016 46
751 35
1899 694
1772 245
1470 6
1493 1004
812 1346
1319 721
24 620
1798 282
1779 437
20 1608
1941 948
106 1307
1291 156
76 1529
226 1770
1299 1233
1653 900
529 1217
1193 312
690 189
298 576
1657 878
1017 1259
1355 648
866 718
21 940
22 1751
23 1318
376 227
1689 730
484 1309
1296 1871
1918 1239
90 415
345 1268
1430 330
1408 213
422 1889
1067 961
995 1378
318 79
1107 1197
222 630
101 1748
683 710
25 1326
1855 712
215 550
962 1677
313 1443
1722 62
1490 1094
663 1376
125 1737
1816 1818
26 1837
756 487
350 1479
149 978
1223 905
1505 389
267 713
578 90
1627 1321
254 1070
273 366
1335 1358
837 1472
1840 1231
1063 1638
218 1132
743 806
1129 408
1225 280
29 863
1499 1229
240 1434
692 453
1479 369
1831 1227
1454 1337
1595 1816
82 601
355 273
704 1694
1399 1165
1577 324
28 1756
30 33
381 956
118 1368
1423 691
51 1698
562 511
27 1682
854 417
482 1409
380 1826
1148 188
1885 220
291 1451
377 660
779 1274
246 399
702 20
1773 340
1684 907
919 1045
1416 1264
898 77
31 564
32 869
33 1894
316 1306
547 1275
909 478
443 1917
54 706
1287 763
611 1236
699 1853
34 271
1866 1205
965 1021
297 22
937 301
1010 1680
1231 518
873 1704
79 941
1037 400
1114 216
1460 407
1534 244
1269 58
584 1859
136 1327
1237 1715
520 1739
1774 1166
242 40
324 1579
163 588
1429 1865
36 506
1915 1405
1305 657
525 170
652 422
1467 855
1215 152
259 284
35 123
37 848
624 1852
1322 1463
1656 752
473 1504
511 709
1300 1016
38 749
1641 781
1917 1949
233 264
1932 1661
117 914
375 1430
1160 566
1613 1738
1752 222
1666 1821
39 1710
850 1467
734 1352
203 1726
1538 1320
516 736
1444 329
356 287
212 1414
587 1038
1671 421
133 1487
940 1601
1398 865
1755 16
901 1398
339 757
309 1374
40 922
1435 462
609 342
1633 1052
184 1440
915 1785
696 455
550 743
337 459
1612 1804
1713 741
162 1858
782 1649
502 383
1576 218
519 1427
290 1350
881 1250
950 1067
1757 1594
42 272
43 1941
1896 1433
1297 753
1883 810
70 101
1468 509
41 716
45 1940
1828 1480
561 1724
999 622
463 1313
847 1410
1280 1474
777 118
1101 832
44 1108
46 414
1345 1527
1853 321
127 666
1458 202
518 73
1472 1799
1333 1881
47 1713
468 288
1487 1022
156 1862
794 841
48 614
214 171
1874 919
533 664
1222 362
1640 1072
613 989
49 973
792 26
1606 663
322 1537
691 97
1515 669
50 18
315 744
130 148
295 187
1157 514
1381 503
744 1257
678 1734
1736 1801
1347 986
1636 974
1230 959
976 184
52 445
485 1639
747 317
1597 1495
923 52
788 1263
169 1238
964 820
321 1211
615 164
769 416
705 1831
515 181
1756 1173
676 1877
1118 1186
1286 1520
1795 1189
465 1133
952 1874
1811 533
53 814
91 610
1146 99
816 1534
135 1538
1158 999
1019 1803
55 977
191 684
1697 587
1131 1466
1696 435
746 1742
1880 1402
56 368
1029 1131
129 1944
1342 1461
362 1669
813 440
455 1733
563 1168
722 105
1863 402
168 1272
1218 19
599 1817
548 1011
185 1147
1164 1219
58 983
997 800
845 232
319 1936
1806 1084
534 1214
776 135
1658 1711
528 214
105 300
1254 1533
1278 1329
1033 1058
57 1566
1462 350
1159 1240
330 1610
1243 1367
60 219
1720 1902
1914 201
332 1800
1332 160
1120 1589
893 739
59 1386
392 659
739 125
1422 782
1692 1848
1001 74
1284 1854
1792 1177
820 850
875 439
841 1764
944 611
836 325
924 1823
1739 805
1547 446
1351 598
1073 299
421 1223
849 1656
61 167
62 1406
63 1176
71 682
1212 1010
1618 627
1087 289
1868 444
689 1202
1078 1379
299 1797
627 235
700 1182
1823 1845
64 1317
65 990
884 1820
450 1572
650 794
1414 1514
194 1929
1125 1598
1185 1667
449 570
1122 1771
66 925
862 582
287 1033
1833 1766
1649 476
934 537
1387 1342
517 1841
67 1916
68 1651
253 997
1478 0
1744 1872
994 667
1173 1652
1382 834
1445 140
217 754
1204 1344
1009 803
177 1353
236 580
628 1143
767 1648
943 1452
1748 529
142 1035
155 703
1502 993
1262 1228
69 821
540 692
438 255
761 1122
1346 1567
154 1691
1819 920
532 704
1719 1617
72 322
1400 531
554 452
1759 670
1130 1612
1247 371
1675 1809
146 314
852 1029
73 1630
953 838
963 901
606 130
647 1554
1884 1135
1622 1225
590 1285
74 751
1920 836
748 1939
798 1283
1264 1904
399 51
1760 740
75 513
423 1416
596 359
1113 1511
1599 67
1500 1779
1121 364
475 1526
684 1018
320 381
649 1276
851 154
1646 27
1267 653
637 1921
1098 1749
600 1266
1584 298
773 1395
77 306
990 635
677 482
335 1578
1250 969
1716 968
951 625
1307 1428
653 1157
249 772
582 1459
1375 895
1841 1106
80 1909
327 153
487 1066
183 717
594 927
503 180
1242 94
925 1418
81 1085
1340 391
476 1100
1080 1013
78 470
83 958
1607 650
888 186
323 1563
1473 489
84 1273
1047 854
928 1040
1822 1660
179 1901
1511 1012
1401 409
560 1054
1848 563
85 1089
795 995
1645 1449
1548 1679
1801 688
774 1814
874 572
1391 1825
1862 1562
597 1191
385 281
1910 727
1673 947
889 29
417 464
1629 731
369 1435
595 32
996 1039
1872 290
1903 253
954 1662
1442 1754
87 1730
88 127
139 1251
1776 1023
601 107
865 1798
989 788
1827 523
86 403
89 1149
1216 846
113 254
608 1462
1712 852
859 1752
688 1761
1781 398
817 1696
727 1369
1226 1183
1588 719
1202 1119
840 423
1875 843
666 1383
687 1597
1882 1279
1747 1178
1279 1194
1838 1101
1394 410
195 839
470 1790
877 501
1517 1657
187 616
697 902
241 1673
752 418
93 957
1330 1507
1797 1851
1317 734
1065 1109
1463 1782
659 1288
709 1399
1643 991
1239 334
92 1513
210 474
434 42
1116 1311
197 347
827 769
333 406
1775 1624
1352 928
94 267
1189 64
1832 1393
772 1028
96 120
1937 858
1758 887
1881 1098
906 1671
1873 1341
95 276
97 1512
660 1076
1745 1499
970 795
1513 885
1742 938
939 521
98 538
967 393
425 1481
1144 1454
1109 1920
755 1446
99 641
1150 1928
1690 1577
223 185
209 1246
931 496
1625 1719
389 1357
1897 1221
366 1115
437 1938
340 1360
1303 420
946 1252
102 1763
413 1815
1482 889
1040 1907
1234 38
966 457
1691 357
1686 697
100 1193
103 618
232 1421
1359 526
834 728
341 1305
268 1772
1062 796
680 556
180 1884
1900 449
895 1432
828 936
905 1605
104 1258
1083 1774
1388 1164
592 631
159 1910
1826 1137
1236 746
1814 1114
1459 173
1683 1128
980 155
1837 1923
1069 615
1559 1356
1172 1681
160 585
1705 980
1099 933
768 1059
1682 1209
793 1411
717 764
753 1424
1261 1253
1506 799
1412 241
1389 1497
960 1046
1735 1857
506 560
109 1873
1365 931
902 490
432 165
107 44
110 1140
111 1722
622 680
1573 1159
1927 229
360 1078
819 250
921 1095
108 1056
112 876
1221 384
932 945
1294 1840
1871 707
1022 1620
799 377
1421 877
1292 1000
1437 1672
541 1805
237 1618
190 1868
1268 738
1404 346
115 828
1180 1160
797 1905
929 555
1930 981
1438 1047
1443 642
1450 233
114 1510
467 1365
1791 812
1651 1875
402 1324
1088 337
1710 485
1489 319
119 360
1512 1105
1426 873
1761 1615
116 822
1495 898
456 388
280 1120
382 1150
1390 985
479 85
616 493
1259 1200
122 825
157 1036
1788 589
505 723
1707 305
822 1015
121 1083
123 892
278 1203
1481 1172
499 1181
386 291
1805 722
1360 98
1695 424
1642 1692
474 595
1436 1822
1497 473
1176 1345
1579 1571
124 88
1188 1789
418 926
737 798
1257 665
1094 96
1186 510
1807 1308
239 574
1824 1644
344 816
1045 332
270 1600
128 875
1200 24
247 492
145 789
1258 157
1891 1834
126 638
1620 1232
314 412
293 302
1235 1315
325 939
393 745
200 1599
131 965
132 1008
803 1196
1070 548
1277 1867
969 881
1260 583
1318 1922
1594 916
1846 787
134 413
1024 628
1809 502
1455 215
1241 596
741 859
682 395
1003 711
137 259
736 1542
869 904
481 270
1415 304
1637 176
1812 549
524 1942
1453 1468
1554 558
1804 791
1477 1746
558 831
1890 48
1368 86
679 1744
1198 1068
138 1328
365 1933
695 1943
296 31
610 1911
1766 390
992 1531
140 1158
814 774
403 150
141 845
1815 1576
927 1256
1466 316
1537 701
1581 1613
667 1794
815 685
565 144
457 1207
1197 469
1014 1523
143 946
1025 297
196 103
1008 532
1665 654
1149 206
1568 1925
885 138
1677 1650
1253 1631
1714 864
1541 1370
536 1819
1344 203
144 223
986 817
913 1390
305 1767
1923 450
1282 1574
1702 34
1295 729
604 21
147 1812
549 355
618 303
1093 1810
1694 1297
188 1849
148 1717
908 37
1407 584
452 318
150 1654
364 1490
1363 1924
948 871
1741 224
1135 966
477 1614
1196 488
1337 45
1263 1026
390 912
151 375
152 1289
510 984
391 1482
685 1783
1603 172
1252 608
153 1729
435 539
983 468
645 190
1378 234
1140 1282
656 1005
238 886
294 208
158 504
1652 1686
1783 903
1304 1545
1701 629
1328 1914
1913 1032
436 761
1751 823
260 1280
749 1226
445 987
286 758
1095 1403
501 882
1516 575
430 1697
1906 847
1626 372
1071 1843
312 1678
1026 442
414 1530
497 1535
164 1382
165 1611
553 1885
1323 1296
213 644
166 451
1703 336
1449 1827
1911 228
809 1699
1825 1488
1108 1609
1591 1287
167 1204
1527 1878
1369 1340
871 867
713 1643
514 552
170 1244
870 952
633 893
171 1918
1567 534
282 499
1734 1493
419 897
1266 9
1580 661
172 210
261 804
807 475
1171 1517
787 1602
1616 28
1562 1787
348 146
1145 1130
1023 1455
1048 960
174 1705
605 536
1681 1471
1731 1301
245 1485
1341 1144
173 1450
175 1073
791 76
1096 1079
860 811
176 1192
1199 1496
1433 1863
821 1348
570 605
1939 1343
1090 507
1718 765
351 102
1864 571
178 1714
1667 1373
1916 25
1249 363
1147 1314
1543 1693
1334 1104
1056 1103
835 1151
1545 479
1474 1041
181 1869
1411 1621
1044 932
957 1842
725 883
914 970
1621 115
1068 163
971 1034
1050 1695
182 808
279 856
1006 1213
1060 1169
1878 70
258 307
1560 327
1893 1080
1578 382
1057 1338
625 747
186 283
564 545
802 269
494 671
396 1946
1376 436
1630 1123
1708 1683
1420 463
189 530
543 568
284 1093
1678 1634
724 1437
1061 331
1898 113
1901 737
1905 1948
1565 1148
1432 1727
192 260
193 81
216 310
1005 119
1733 1425
1055 128
283 651
1600 1757
1765 1856
1106 1044
1324 1855
1808 1325
288 11
1419 1388
198 637
394 677
274 1491
1227 237
936 1503
894 1592
1440 397
442 500
199 1355
1676 827
1869 1625
1889 1081
1251 645
201 1900
202 597
844 1736
1475 1161
462 1792
363 837
942 785
1728 432
1635 1199
204 1470
354 934
1865 142
720 315
1484 348
864 544
1020 1043
790 1077
626 1565
464 562
1248 696
1821 293
401 802
911 411
796 49
205 1619
206 1248
1039 1110
987 879
1184 1201
207 484
469 320
1379 1300
780 1361
208 1486
1049 1633
1563 1701
388 1185
1859 775
1786 358
1465 1254
1583 1502
1782 78
572 275
263 1069
1410 842
235 12
1520 1413
745 1215
1285 988
1413 1780
863 3
712 82
1207 75
211 117
1480 104
1660 1293
427 633
1032 396
1373 1241
461 1387
387 17
1255 1575
1338 251
1638 868
789 554
219 1269
1206 1753
428 1334
868 1136
639 1216
1229 1339
879 466
384 1847
220 953
1494 705
716 1184
576 1336
221 767
1464 1890
1888 1489
1526 1811
292 1765
251 1569
224 1091
489 132
512 1830
1483 853
1027 1703
225 1664
571 266
824 950
830 1655
227 91
1785 1926
1861 1603
1887 786
1813 486
1469 1234
1439 1134
1290 134
228 567
728 755
733 1208
1839 1381
230 1663
1392 937
492 929
229 569
231 1741
1168 108
1288 573
400 1322
1409 197
1709 1556
1364 1230
493 141
642 720
1011 1444
617 1543
804 675
411 1319
764 1006
977 95
1418 906
1245 975
1617 840
1504 192
896 352
1611 1484
234 333
507 762
890 1179
1132 56
1384 819
956 1561
1615 683
1372 1718
686 1740
1519 862
1312 1002
1654 1604
1503 1190
671 1014
1727 1139
872 1879
1154 1690
1523 1025
1510 1759
409 242
588 1888
1233 1218
243 1284
711 833
244 742
1800 1515
1275 169
1721 1417
1623 1582
459 15
439 1721
538 121
1674 1019
1810 1465
1289 43
546 1684
329 1750
935 1500
1704 1536
1525 311
661 626
349 674
248 1583
981 1559
522 448
250 1728
1551 7
1628 1295
1220 179
1072 1708
1308 992
1907 557
433 277
1919 612
714 53
252 909
1112 702
1041 1237
1183 236
1934 998
707 93
1084 844
255 1265
426 1118
1321 80
1679 1332
498 1846
878 546
256 1111
406 1912
1170 1294
1926 944
784 689
458 866
257 1886
1762 1037
651 797
805 826
266 193
1529 1896
1367 1870
1879 239
1424 1031
451 565
1137 911
726 1210
1325 1302
410 1426
1858 151
1749 1723
1167 1550
630 581
262 516
395 750
346 913
1924 884
1273 851
264 1024
1610 609
1655 279
922 349
763 1573
1556 773
1447 672
573 542
265 1524
1452 1107
581 607
1687 1720
1175 602
307 380
1434 1397
556 776
271 441
272 1653
1431 1570
1156 1323
1152 1333
740 1622
1647 708
269 240
531 1676
1314 143
453 1142
1228 1212
275 495
276 971
1572 636
1354 1731
585 860
1639 652
785 870
858 1385
681 100
1928 1351
1326 779
1522 1316
1688 199
1427 1247
277 14
781 1281
521 1802
1540 370
281 1075
634 10
1521 1866
1015 512
1491 1436
638 715
1609 1551
1217 591
361 246
801 278
975 1519
1155 1082
632 339
285 313
1066 1163
583 268
1163 1828
1700 114
1271 1065
483 434
1711 1585
972 376
1377 1057
607 1364
635 923
1179 768
1908 196
668 59
289 528
1276 1675
654 1030
1552 835
352 1688
412 1919
904 1743
715 461
1162 292
1767 1832
1894 815
669 559
545 624
1895 592
1089 221
1740 1303
471 1260
1386 1476
765 1557
580 1220
880 491
301 1632
961 1359
300 962
998 425
1847 640
1569 1716
302 793
304 954
1753 1590
1128 174
1265 456
303 1580
310 1267
1136 1623
1849 84
867 1791
1601 1331
730 1372
488 1806
674 1498
306 1053
308 830
1763 1396
1331 1291
623 632
1457 524
979 547
1406 1141
311 1270
675 857
415 917
577 1198
883 551
759 1102
496 175
1632 1839
478 1813
441 39
856 639
968 1366
1533 1540
842 5
701 1088
1650 145
897 1897
693 1596
495 1725
1857 1419
527 1003
771 896
566 1290
1557 1709
1587 112
1570 1377
1000 1525
1169 1880
379 1407
1929 1937
621 617
1750 1146
658 1913
1448 1235
991 963
371 328
591 1784
930 247
326 1298
855 1903
1693 295
760 1546
1374 1808
1203 1635
861 1092
1670 594
328 230
1624 1932
1724 1824
448 419
818 1117
1270 1155
1274 1915
1451 335
1818 1558
1309 1777
1592 1477
1820 1050
853 1760
1350 1087
334 182
1778 147
938 1090
331 1768
1672 195
1336 1781
1706 374
1298 30
1174 89
1856 818
336 1844
338 447
1550 361
602 979
829 1171
343 1786
342 770
1456 61
1396 935
373 205
1912 1278
959 1391
993 972
1117 1508
1737 1659
347 994
721 1097
1178 1310
353 1
1366 1548
1796 1420
1777 465
1787 756
446 2
857 41
754 1048
1339 1096
1177 726
1726 1637
357 658
698 351
472 1401
537 964
933 543
619 137
1530 679
1585 540
1802 50
757 1829
1604 1836
673 1930
368 211
778 1581
367 471
1571 943
1644 921
1397 472
1619 955
574 1931
372 1457
641 1593
694 1892
672 1552
491 1584
444 1129
644 647
1153 1415
378 1439
1192 1506
1589 378
1052 553
1699 69
1461 1394
770 66
1771 1335
1546 942
1281 780
1561 1641
1402 1412
1301 874
1097 1588
750 1665
1064 1642
383 1706
1780 579
408 1666
1793 809
1004 1607
1877 394
1852 813
490 1071
1486 678
912 1347
555 996
1313 1249
569 505
1834 1629
708 285
603 1099
1349 520
1028 930
1086 1762
1492 1074
397 1423
398 1505
1789 296
1076 1422
486 1429
1428 238
1085 1392
1659 65
1194 590
1102 784
1566 603
1743 673
1754 515
404 1674
1507 286
405 109
629 790
407 1051
1213 535
1835 54
648 655
1614 1658
612 1775
926 431
892 1187
907 522
1115 1555
1842 159
526 1438
1051 261
416 1640
1485 338
420 890
1380 1027
1329 634
1471 1747
903 1893
958 1758
1729 1906
1283 1494
424 1330
1922 83
848 47
887 894
723 792
1079 695
831 1776
431 126
1586 1304
1564 426
1663 924
843 1448
1302 1363
1358 262
589 341
1395 1064
1909 133
1830 326
762 1712
1161 63
1662 467
640 519
1100 57
557 428
1508 71
1166 687
1723 508
440 365
1851 194
447 1299
1211 1271
509 1835
1685 888
1209 656
706 1732
876 72
1536 967
832 1478
575 1778
598 1541
508 1375
1488 92
1608 354
719 1553
823 183
460 87
1715 699
1648 1887
1007 1261
1035 1898
466 1876
1327 1138
1357 217
1575 323
738 517
710 880
1574 1362
1021 1564
1043 686
1535 111
1343 1162
1514 541
1059 149
1385 379
1142 1882
1544 771
1425 1380
1034 1125
1476 494
1214 951
899 1224
1854 586
1119 1060
1528 1501
1362 1483
1031 8
1238 1899
1784 1587
1315 480
500 477
833 110
984 481
504 577
1246 1001
1030 1354
1768 1445
786 438
1141 1492
542 910
513 1170
729 1431
1013 60
974 401
1769 106
1219 1626
1870 405
1860 1707
988 613
731 1927
523 1222
1886 982
703 693
1306 1568
742 124
530 294
1892 1522
955 668
670 1860
1518 1895
535 433
1371 1935
539 561
1531 498
735 915
646 1124
1038 724
1133 274
544 1795
732 404
551 1509
552 1262
1631 122
1904 443
1496 783
1143 1349
1311 1277
559 801
1602 116
567 1646
1590 849
1393 1627
1224 1464
826 1453
1634 1833
579 1616
1201 1061
1126 309
973 1755
586 733
1240 1591
1208 1735
1092 1312
1293 4
1844 265
1074 527
593 1793
1018 68
1103 1116
758 578
1191 258
1138 606
949 976
891 725
1405 252
614 1528
620 1702
1256 161
1524 861
631 623
636 1113
1668 1518
1187 1112
1370 891
1316 1547
1698 649
886 209
1553 1687
655 1206
1790 249
657 204
1139 908
1931 1286
662 1245
664 356
665 1371
1501 599
1082 1062
1361 1049
1353 55
918 1042
1134 367
1730 1127
1596 1595
1356 1769
1843 1243
1746 497
1348 243
882 177
1850 1063
1310 460
718 732
1091 1521
1770 386
1549 1908
1181 1807
1764 1473
1053 1188
1593 1532
1383 1586
1272 1645
1555 1883
766 483
1190 200
1182 1086
1002 136
1605 1549
1081 1175
1127 387
978 1850
1012 129
783 1017
1036 766
917 1020
1738 427
1933 1400
1558 1796
1111 385
1794 1195
800 454
910 1636
1232 1947
1669 700
808 949
810 593
1803 1560
1244 225
945 1442
1925 392
1417 1384
1205 344
846 1167
1935 1700
1725 345
1539 525
1664 604
1320 343
1732 429
900 643
920 1838
1498 1408
1817 690
947 1544
1845 1861
1077 698
1446 1475
1532 1689
1058 1153
1403 1145
1680 899
1054 1055
1195 458
1210 681
1042 1156
1836 760
