01 78
31 75
3_6_14_18 66
35 85
71 13_43
77 42
4_5_28_38_46 91
61 37
8_44 53
7_32 84
56 17
64 54
65 64
66 01
67 77
90 56
9_45_55_59 62
11 8_44
53 65
10_27 34
16_25_49 47
24 24
41 31
84 4_5_28_38_46
40 82
2_12_19 22_39_58
42 89
13_43 61
29_36_52_63 72_81
15_57 15_57
54 40
17 90
18 88
50 80
30 16_25_49
80 74
20 35
37 71
21_26_51_60 9_45_55_59
82 23_69_73
22_39_58 20
75 67
87 76
62 2_12_19
23_69_73 70_79_83
68_86 33
89 7_32
33 18
47 50
34 41
78 87
76 10_27
85 11
72_81 21_26_51_60
88 30
91 29_36_52_63
74 3_6_14_18
70_79_83 68_86
