01 15_57
4_5_28_38_46 2_12_19
11 24
16_25_49 30
20 75
7_32 23_69_73
29_36_52_63 74
37 67
47 87
62 64
3_6_14_18 10_27
21_26_51_60 9_45_55_59
22_39_58 21_26_51_60
24 01
33 7_32
35 3_6_14_18
77 41
84 47
87 22_39_58
40 89
50 88
53 53
61 4_5_28_38_46
64 29_36_52_63
68_86 85
71 90
23_69_73 78
75 37
82 76
8_44 8_44
9_45_55_59 68_86
10_27 35
34 80
54 65
56 50
65 91
66 16_25_49
67 20
72_81 77
85 18
90 66
2_12_19 33
31 17
41 71
18 70_79_83
42 13_43
78 62
13_43 34
88 54
89 61
15_57 31
17 40
30 84
76 72_81
80 56
74 82
91 11
70_79_83 42
