0 1638
2 325
1947 1685
4 1237
1946 214
5 356
1944 1326
7 545
1943 1894
8 1702
1942 1480
9 1886
10 1318
11 1601
12 1773
13 1605
1937 1016
1936 98
1935 412
178 328
374 1786
1902 473
1509 569
1876 1784
317 646
1046 284
916 395
1661 1635
1582 1735
1123 821
1075 1466
1 1609
3 825
1948 560
6 46
1945 970
1940 69
14 939
1938 348
15 1714
16 1612
1598 1626
839 1464
98 342
370 10
463 1392
1617 59
454 1282
1151 868
1949 450
1717 938
120 717
1124 1740
643 872
1921 299
568 1245
797 1260
806 1496
161 263
1104 639
1829 1680
18 29
1105 798
1110 204
825 1701
480 1317
525 444
1885 1887
39 863
358 1745
982 1281
17 1476
1098 906
1799 1515
811 736
941 1671
1441 709
393 759
359 1665
1165 1582
1048 371
976 820
985 880
1867 1524
838 992
1760 1629
1575 1004
19 1807
429 68
1359 309
775 1494
1016 1018
751 864
1899 1794
1772 244
1470 134
1493 294
812 1060
1319 1338
24 966
1798 1912
1426 1293
1779 242
1438 803
1745 1573
1941 1630
106 398
1291 483
76 389
226 183
1299 265
529 153
1193 1422
1274 1003
592 213
690 257
298 158
1657 482
1017 199
1355 1027
866 1120
20 1425
21 1312
22 1249
23 259
376 505
1141 1109
1689 1131
484 980
1296 1378
1918 580
90 1271
345 92
1430 1445
1408 1816
780 1532
1294 727
422 1076
1067 138
995 1299
318 461
1107 902
222 417
101 1933
683 1398
25 815
1855 1411
215 894
962 1717
313 1448
1722 102
230 1916
1490 1068
663 493
125 1611
1816 647
26 1026
756 270
350 90
149 414
1223 222
1505 1579
267 525
564 1759
578 44
1627 1454
254 442
273 1443
1335 43
28 670
923 1287
1639 187
363 963
837 216
1545 666
1840 418
1063 1050
218 1700
743 1401
928 583
1129 177
1225 1575
29 369
1499 1796
240 1172
692 1061
570 287
1479 435
1831 541
1454 1112
1595 762
82 464
355 1175
704 965
1399 1561
1577 733
27 687
30 207
381 1011
118 1593
1423 1492
1656 1438
51 458
562 1210
815 889
854 209
482 1110
380 193
1148 1085
444 1190
919 626
1845 1608
1363 175
31 708
291 1059
377 197
1741 1052
779 36
1759 159
246 1484
702 1527
1773 659
1684 974
1416 1042
898 365
1091 592
32 281
33 1192
1856 406
709 314
316 1903
547 930
909 1375
443 1716
54 440
1287 80
611 941
34 1253
1866 1154
965 839
297 228
937 1902
1010 379
1231 1193
873 1354
79 664
1037 1355
174 419
1114 931
1460 32
1534 476
865 1128
1453 1036
1269 1437
584 469
1597 534
1237 548
520 706
1774 1544
255 339
242 1749
324 1264
396 1945
163 324
1429 308
35 1015
36 728
1915 809
1305 424
652 1650
1467 497
100 1708
1215 73
259 962
37 401
624 1180
1322 1022
473 512
301 1658
508 1750
511 215
1300 671
38 289
1641 1387
1917 690
233 1927
1932 804
117 19
1276 1379
375 93
1160 1348
1613 866
1752 1546
413 1006
1666 1
850 1334
734 975
203 1116
1538 1374
516 1672
1444 1353
356 273
212 750
587 1804
1671 1809
133 1368
207 847
940 498
1714 1449
889 63
1398 18
1755 84
901 1322
530 430
339 1553
309 1130
40 1146
42 1769
1435 610
609 240
1633 1038
184 792
915 879
696 1864
550 1214
337 345
1612 1296
1385 1495
43 1511
1713 1041
162 1921
502 950
1576 760
519 677
290 556
881 1009
950 1683
1757 140
1896 1400
386 802
1297 1079
1883 876
70 1467
198 765
1468 956
41 1935
45 1303
1828 198
1327 128
561 892
999 650
847 1771
1089 1241
1280 857
777 26
1101 908
44 330
46 591
1345 1439
1853 1715
127 275
1458 1536
518 609
1472 1633
1333 1710
47 1088
468 89
1487 919
156 1453
1163 203
794 882
48 427
214 1414
1397 520
1410 566
1874 126
533 795
637 1570
1222 900
1640 1410
613 5
49 1370
792 1558
699 1461
73 855
1606 1432
322 1347
691 713
1515 1256
50 1098
315 1669
130 283
295 549
997 1742
1608 1620
1723 1134
107 1827
1044 11
1157 785
1381 1007
744 156
678 329
1736 1435
1347 651
1636 271
1230 1177
52 1539
485 1396
747 1408
788 1344
1422 1813
1238 716
169 182
964 13
615 1703
769 205
705 470
515 701
1756 1286
676 1321
1118 1841
1286 1918
1795 301
465 977
952 689
1811 1213
53 1232
650 1460
91 911
1146 1405
816 27
135 1506
1158 455
197 507
1019 1847
252 383
55 362
1544 1294
191 443
1697 1890
1131 1556
746 1388
1803 799
1880 562
56 959
1073 522
1029 441
129 1778
1342 1023
362 249
959 1090
813 1187
455 1417
563 582
722 1833
1863 1377
168 917
1218 40
548 1428
185 1564
1164 1940
58 604
845 986
1336 1857
319 236
1806 1744
534 52
776 1371
1658 112
528 1849
105 49
1254 1173
1278 147
1033 223
57 1723
1462 0
500 590
1159 280
330 1731
151 1216
1243 796
1931 304
1178 1481
59 1365
60 1904
1720 256
1914 1035
332 1313
1332 1168
1120 1772
893 1834
61 1830
392 1386
739 890
1692 1924
1001 125
1284 1843
1792 1336
820 1766
875 139
841 910
944 1505
836 394
924 1385
1739 1655
1547 1290
1351 1508
599 624
421 829
1875 1221
849 108
62 1640
63 1140
71 358
1212 163
830 1576
1618 115
1080 1824
1087 1722
1868 351
689 1441
1078 135
299 913
1512 1530
1061 978
177 28
627 1418
700 1922
1823 692
64 480
65 1346
905 1278
884 1760
450 1186
878 1893
1414 1246
194 254
66 1551
1200 875
1125 1639
1185 253
1477 1151
449 234
1701 403
1122 812
862 641
287 630
1833 661
1649 837
934 510
1387 111
517 1557
67 685
68 1820
253 290
1478 888
1744 535
994 1781
1173 431
1382 832
478 1891
1445 538
217 241
1204 1761
1009 1341
69 83
236 288
628 853
767 247
112 1077
943 723
1748 78
142 537
155 1218
574 1252
1502 1681
388 625
1262 1861
891 363
540 1442
438 1413
761 1328
1346 655
154 202
1819 1817
977 1606
532 707
1719 298
72 481
1882 387
1400 475
1888 1747
554 1433
886 1554
1130 667
1247 1664
1675 488
146 75
852 810
953 230
963 171
606 843
647 1915
1884 1831
1622 787
590 38
74 57
589 644
1920 361
1507 1143
748 940
798 166
993 1197
414 1412
1264 838
1864 1327
399 1358
1307 1489
423 157
596 1272
1113 1107
1599 747
1500 62
1121 1037
475 1302
684 1270
320 1874
75 679
1660 211
649 1877
1778 1835
851 1823
1646 1471
498 1054
1267 45
600 773
1584 408
773 334
276 212
1390 489
77 14
78 1498
990 1053
341 1319
677 1234
335 1239
1250 852
1716 1814
951 150
653 338
249 1925
582 1534
1032 491
1375 1199
1841 224
80 267
327 1542
183 1179
594 85
503 828
1707 1932
1242 466
521 300
925 1280
81 552
1340 801
476 540
83 1067
275 563
1607 1201
888 1624
752 463
323 1372
1473 1802
84 449
1047 1774
1822 1149
179 1132
1511 366
1401 1309
560 1490
1848 1719
85 740
795 668
1645 1523
1548 206
1801 1389
774 1062
874 756
491 1078
1391 846
89 883
1862 1519
597 564
1188 295
1099 1380
385 269
1910 836
1076 823
1673 1832
417 1777
1629 1948
369 400
595 1362
1696 1258
996 346
1872 1603
954 953
1442 1520
87 34
88 616
139 1161
1776 335
601 1470
989 1176
1827 1881
86 1082
1216 274
113 1416
608 359
1712 172
859 642
1341 1080
688 845
1781 1751
817 703
727 1850
1226 793
1588 1741
1202 997
840 988
1596 146
666 1526
687 533
1747 1148
535 1568
1279 451
1182 61
92 1805
1838 1089
1394 1590
195 196
470 763
877 1182
227 867
1517 1659
187 1842
697 1407
241 1324
93 221
1097 822
1330 1758
1797 1250
1317 949
1065 178
1463 1228
659 1819
1643 1822
523 385
1239 579
210 1768
1412 587
514 293
434 1689
1116 859
827 788
333 1926
1775 1342
1352 1782
94 969
1189 1093
110 1402
1832 971
772 718
96 25
389 1726
1553 1261
1758 743
1881 990
906 277
1873 448
95 180
97 56
660 1029
153 1028
970 824
1513 817
939 873
967 1913
425 1693
758 1465
1144 891
1109 1055
755 297
99 1865
1150 523
1690 976
223 1646
713 1516
261 37
931 1468
1625 1044
1897 1775
366 568
437 854
1302 1676
340 232
1303 570
946 245
102 515
136 1862
1482 1885
1040 532
1234 192
966 1812
1691 806
955 945
1464 372
1686 757
103 124
232 1233
834 1588
314 1366
268 1491
1062 195
680 1138
104 218
180 322
400 1548
1900 1585
895 465
828 1884
1083 438
949 54
1388 133
159 979
1826 748
1236 1451
1814 347
1459 1512
1683 1133
980 752
1439 137
1155 235
1837 415
1069 1406
1559 1487
1172 769
160 1095
1705 91
1812 1867
768 1156
1682 784
793 955
717 861
753 243
1261 1356
108 1308
109 1367
229 1208
1506 1645
1389 1718
960 905
1735 1423
506 645
1365 1045
902 130
432 39
111 1641
622 1674
1573 673
1927 374
360 1581
819 1872
921 1914
1221 508
932 23
1871 64
1022 1121
799 571
1421 790
1292 1856
1437 16
541 1907
237 160
190 1879
1268 617
1298 1497
1404 1075
114 1752
115 1930
1180 1677
929 826
1930 567
714 42
1443 1307
1450 500
116 1939
467 1115
1791 1549
1651 7
402 1479
1088 1415
1371 1869
623 509
796 1163
1710 1888
1489 1094
119 107
1603 511
1761 1219
566 1595
1495 1152
456 79
280 1361
382 176
479 499
616 1147
199 1145
121 354
173 1696
1259 1656
1102 989
645 944
122 1628
157 1171
1788 1770
740 467
505 1647
822 460
123 170
278 742
1184 841
1481 865
499 1188
802 320
1031 1482
124 1919
1805 168
1360 1086
1695 381
1642 782
474 1779
1436 1298
1497 1223
1176 726
524 1021
1579 375
418 367
760 370
737 316
1257 1363
1290 1657
1094 844
1186 484
1364 1785
1807 1198
239 248
1824 88
344 1117
1045 262
270 1666
128 1024
1869 326
710 1231
1192 987
137 416
247 954
176 665
145 1815
1258 1599
1891 933
126 1211
1620 530
603 660
158 1227
293 1360
131 445
1235 1518
771 605
325 1485
1731 1776
665 472
1167 188
1808 602
1115 615
200 1229
132 1792
803 490
1070 1444
1253 1660
765 1616
1277 786
969 1732
1053 973
1260 1064
1318 1397
321 516
1594 577
1846 1393
134 1652
1024 164
1809 730
1455 397
1241 151
1768 343
741 1063
682 76
1003 856
736 1854
869 715
481 399
1415 1475
1637 897
1554 1793
1804 711
558 1577
1890 1178
1368 390
679 767
1198 1858
138 327
556 1403
365 1310
695 518
296 1756
610 226
1766 1381
992 680
140 1048
814 531
403 8
141 1563
1815 503
927 1765
1466 878
1537 341
1581 738
1025 578
667 310
565 849
457 599
1197 932
1014 1065
1431 877
143 1184
196 698
1008 1000
1665 754
1149 874
1568 755
885 55
1677 775
1541 1604
536 1105
617 842
144 1648
1379 691
1924 1181
986 143
913 1789
305 936
1923 1679
1591 996
1282 720
1702 123
604 835
147 21
148 693
549 896
1623 634
618 1124
1093 586
1694 1598
188 1040
1353 1343
908 1323
1407 948
452 772
150 1081
364 581
379 1848
948 1513
1939 246
1135 405
477 1900
1196 1746
1337 1434
1263 1456
1860 681
390 1613
1852 1709
152 478
1762 943
510 136
391 1836
685 41
1252 286
435 1183
1698 1504
983 942
250 1946
1378 132
1140 1876
656 1279
238 1538
294 1662
887 1949
406 524
1652 1602
1783 1873
1304 303
719 1113
1328 1459
1913 1661
436 1840
1751 1728
260 1070
749 628
1085 1928
445 1897
855 1754
1567 1705
286 384
1095 233
501 904
431 452
1516 22
282 251
430 1942
1906 1202
1626 1477
1071 1649
312 331
1026 97
703 462
612 972
497 783
164 526
165 1798
553 925
1323 1910
213 1244
166 603
1703 688
1449 1247
1295 1896
1911 513
809 53
693 683
1825 1615
1030 210
1108 144
1619 1165
167 528
1527 893
1369 502
871 565
170 575
870 920
404 1205
633 436
171 923
1734 1215
419 109
1266 1698
1580 1106
172 550
807 675
1171 1734
787 797
1616 1711
1562 848
348 1291
1145 194
1023 611
1043 1631
605 1787
353 652
1681 1808
245 58
175 811
791 1104
1096 1636
860 392
1199 1748
1433 912
821 1838
1672 272
1090 9
1715 1667
1718 33
351 1653
1667 658
1916 916
1249 149
1147 700
1543 1010
1334 1226
1413 657
1056 296
1229 250
835 1871
1474 105
181 17
328 1349
1836 1057
1411 914
784 1547
182 1845
957 1424
725 618
914 410
1621 596
1068 1753
1711 420
971 266
1050 71
279 777
1006 1562
1060 654
1878 332
258 714
1560 1625
1893 1472
1578 501
1057 1529
248 1844
625 506
636 672
186 607
409 869
494 1127
720 220
1887 1917
1376 1469
1630 47
1708 219
1420 145
189 958
543 1592
284 87
1678 1311
724 819
1475 1574
274 1391
1898 1119
1901 881
1905 1571
1565 51
1156 425
1926 1203
868 239
1432 1189
224 492
193 909
216 521
1005 1839
1733 1883
192 119
1055 1369
283 584
1600 1623
1765 573
1106 985
1324 1263
427 179
288 1047
1419 555
394 851
440 260
1457 1072
343 871
1227 81
936 1315
1383 349
894 1222
1440 1352
442 1587
1676 20
1889 1923
1395 1084
1251 1806
201 1012
844 1763
462 1668
942 121
1728 1531
1635 576
204 597
354 1259
1865 1351
202 779
1484 1560
864 50
1020 1811
790 1051
626 1074
205 1713
464 561
1248 1764
1821 1509
401 6
911 1248
206 834
1039 794
1021 1096
987 117
1103 1499
469 1522
208 884
209 1301
1049 1447
1563 633
1859 557
1786 860
1465 1394
1583 632
1782 1030
572 1944
263 1642
619 761
879 656
235 623
1520 378
745 1727
1285 1737
863 1333
712 355
1207 1225
1343 291
211 1720
1480 805
1726 951
785 1295
1843 1137
1373 1345
461 1382
387 705
1255 360
1338 1103
1638 1501
552 471
789 96
219 816
1206 129
428 1426
639 1909
357 380
384 967
507 1142
220 749
1494 1276
716 1586
576 1837
221 926
1854 479
1526 1580
292 1446
251 1644
489 437
512 710
234 1699
1483 694
1027 1288
225 1269
571 1929
824 1031
1785 1863
1861 1200
228 921
1813 1305
1469 1337
728 1859
733 827
1839 862
1392 496
492 1283
231 1870
1168 1017
1288 1525
1325 964
1409 1767
1709 1545
493 311
642 744
1011 307
804 1899
411 858
764 682
1680 1755
1418 1087
1245 487
1504 663
1655 553
896 173
1611 1566
890 1880
912 453
1132 1135
917 731
1384 1008
763 536
956 1091
1615 695
1372 1194
686 601
1519 252
1312 928
1654 1892
1503 165
671 421
1727 3
1154 1634
1523 306
800 1938
488 317
1510 1123
588 118
1233 636
331 1083
243 433
711 572
244 781
1800 1129
1275 268
555 1251
1721 551
459 1429
439 1141
538 1810
1674 608
1810 850
1289 99
546 1032
1209 1707
329 674
935 1941
1704 391
1525 1733
661 1828
349 1517
918 1102
981 676
522 1736
1551 1875
1628 1329
1220 1694
1072 1503
1308 1285
1907 1706
433 1474
1092 1578
1919 1607
1112 382
1041 1357
1183 547
1934 840
707 1878
1084 595
426 622
1321 629
1679 1224
256 619
1170 1632
458 1687
257 86
651 376
805 774
266 1153
1529 517
1367 697
1879 589
1424 1535
451 1431
1137 946
726 141
1928 1185
410 1821
367 1262
1858 1690
1749 1273
398 1889
262 1157
557 808
630 614
395 1376
346 1895
1273 1359
264 459
1610 1404
922 82
1556 1729
1447 1066
573 1569
265 1139
1452 116
581 1488
872 336
269 885
1687 1901
1175 543
307 1114
1434 1621
1557 961
271 800
272 982
1152 261
1647 1682
531 1673
1314 559
453 1002
1228 1906
907 1421
1572 1457
1354 724
1224 1005
585 110
858 1704
277 1049
681 637
285 1257
1564 323
1326 1600
1522 468
1688 200
1427 229
1542 1212
829 1217
781 1126
635 768
1540 352
281 74
634 519
1521 527
1015 282
1491 1108
638 1528
1609 1204
1217 1905
801 937
975 1069
632 814
1738 662
1066 1721
583 1684
1700 934
1271 1320
483 998
972 929
1377 477
607 627
289 1073
1179 1196
1908 1436
668 305
303 903
448 77
654 684
1552 12
352 1627
412 423
904 1738
715 833
1162 770
694 1800
1767 922
1894 1537
669 791
424 495
545 1697
1895 208
1740 807
471 1230
876 886
1386 935
662 1589
580 1350
300 1159
880 1169
408 766
938 1046
961 1882
302 238
998 1458
310 1430
1847 2
1569 413
304 1014
1753 1541
1232 292
1128 1268
1161 1688
1265 1591
1136 154
1849 999
867 887
1601 1292
730 1450
674 1001
306 162
308 643
1763 1195
1331 758
900 1543
342 456
721 426
979 1332
1406 94
311 1136
675 1100
415 735
577 1610
883 620
759 640
496 1220
1632 1122
441 313
856 1618
968 190
1533 1678
842 1330
701 1533
1650 741
897 1692
1370 1390
495 319
1857 101
527 1825
1634 1043
1587 1866
1570 1797
1000 554
1169 649
1929 122
621 895
1750 1552
658 1034
1448 174
991 1637
371 155
591 1071
930 699
579 1846
1787 1757
326 386
1693 1622
1374 148
1203 1686
861 606
487 439
1670 227
486 377
1624 635
1724 357
818 984
783 1335
1270 422
1451 402
1309 1795
1592 702
1820 1235
853 1565
1350 722
334 1868
336 1206
1396 1670
1706 1331
361 1101
1174 1039
338 1277
1550 1643
602 404
1190 446
1456 1851
373 1399
1912 544
1117 678
1737 1340
347 368
1366 1306
1796 1583
1777 1818
1081 1596
1082 1144
446 927
857 915
754 1162
1362 1383
1339 409
1177 1510
698 1584
472 1762
537 1473
933 321
1530 279
1585 653
673 142
1903 901
1802 612
757 337
1604 1651
567 993
368 753
778 1167
593 1373
1571 1158
1471 1427
1644 1364
1933 225
372 113
641 621
832 255
672 1540
1315 1500
513 746
644 1150
1153 1300
1077 485
378 725
1589 1803
1052 1267
1699 1780
1461 1791
1925 185
770 751
1771 546
1546 373
1281 574
1842 131
1561 1111
1402 924
1301 1801
750 1462
1064 1908
383 278
1780 994
1793 594
1004 167
1877 539
490 217
1486 1507
1059 30
1313 189
569 1097
1834 719
420 1936
708 542
823 1931
1349 1502
1028 1254
1425 1170
1086 1614
1492 593
920 1395
397 434
1789 1092
1428 95
1659 780
1194 285
1566 600
1743 1572
1754 1339
405 1164
629 983
1007 67
407 1514
1213 899
1835 1860
648 732
1614 186
926 1943
892 393
1126 585
1208 161
526 344
1051 514
416 237
1485 1452
1380 952
1329 1384
903 1243
958 1284
1729 818
1283 1730
1922 789
782 411
723 169
1079 1266
831 429
1742 1594
1586 1550
1663 103
1653 696
843 333
1358 184
1909 1829
1830 1314
762 1788
1074 1826
1662 771
640 1654
1100 981
1508 1663
1166 1934
1851 745
447 1555
1211 734
509 1255
1685 100
1784 1617
706 1783
1536 312
575 127
598 1174
1488 1937
1403 739
460 1691
978 704
1648 1790
1035 486
466 432
1357 1275
738 340
1574 1125
1535 191
1201 318
1514 258
1142 114
1602 776
1034 1025
848 1304
1476 35
1214 396
899 1898
1344 558
1119 1463
1528 201
657 4
833 231
984 907
504 991
1246 1033
586 1242
786 995
1664 1852
542 830
729 70
1013 364
974 712
1769 648
1524 1695
1219 120
1870 638
988 264
731 65
1886 1166
1306 1207
742 1013
1892 1019
670 66
1518 1099
539 1325
544 957
1498 1478
1042 1619
1531 737
735 1853
646 1419
1038 1597
1133 447
732 315
551 1712
1631 353
1904 48
1496 1058
1311 721
1143 1316
559 350
1590 831
1393 1238
826 1455
1181 1020
973 60
1240 1855
766 1486
1293 598
1844 588
1018 104
1191 918
1138 1155
1405 388
614 1236
620 1725
1054 778
1256 72
1818 1160
631 1209
1668 960
1187 1724
1012 31
1850 1191
1244 1409
1316 181
1532 1240
655 613
1790 24
945 631
1139 870
664 1056
1549 1739
1320 302
1501 1675
1361 947
1134 15
1730 1297
1356 1947
1558 813
1746 729
1348 504
882 152
1310 494
718 1920
1770 1118
1764 1440
1593 1559
1272 1483
1555 1289
1002 529
1605 898
1127 474
1036 669
1111 1799
1794 454
910 276
808 1274
1669 1493
810 1743
1417 1420
1205 1265
846 1911
1725 106
1539 968
1732 457
1210 407
1817 1567
947 428
1446 686
1058 764
1195 1521
