0 1414
1748 1275
3 638
4 1043
1746 584
5 105
1745 702
6 769
1743 225
8 255
1742 668
9 1653
1741 223
10 679
11 318
1739 895
12 397
1738 720
13 807
1737 1725
14 1741
15 1493
1735 1556
178 1575
1375 528
228 244
429 868
1477 1210
440 1396
479 736
1215 1359
1646 1046
1731 1224
1 873
2 652
1749 1431
1747 22
7 340
1740 1698
16 578
1572 1208
1044 399
994 609
1458 523
696 165
1516 740
835 1074
1066 1696
624 926
317 1507
81 848
1585 542
627 1221
17 42
1717 1462
288 261
1274 853
1596 180
1198 1539
62 919
1254 628
1553 445
1603 416
140 464
1143 1052
1744 1216
566 54
1068 641
1217 1657
1408 1405
61 1621
259 472
1151 1076
1591 927
541 804
103 1383
1231 1544
18 1028
19 127
1098 101
435 440
222 1181
186 784
1128 1430
1255 29
465 469
331 1051
1355 499
651 1035
1302 332
558 538
538 764
1298 1175
731 1623
20 1444
195 1485
1671 193
1256 177
477 1480
513 1095
1091 387
689 1681
1113 81
1449 1050
22 1124
711 1121
1205 299
591 733
94 884
86 190
106 1574
310 1564
724 1339
1346 245
281 494
1061 1436
1322 1393
21 353
690 734
107 864
460 1449
374 1008
121 1526
434 770
1094 815
23 1613
370 175
589 1687
968 1610
988 272
796 527
1339 1645
24 1061
1670 520
1097 357
264 1234
1694 536
219 812
1684 831
1306 1226
623 994
25 460
893 1646
279 135
897 1661
359 77
779 1535
584 984
1392 412
1174 1386
753 1638
958 1749
567 814
1455 1715
752 1027
528 1553
26 899
826 337
1648 1019
130 1384
421 118
27 1528
1479 1554
1692 238
933 858
1568 867
1363 840
1155 657
781 988
28 200
1102 1541
1237 87
344 227
36 547
1650 1248
600 1241
705 667
457 611
706 504
636 368
799 436
1342 615
29 85
1499 1073
1175 891
369 210
422 1340
509 666
1045 852
1414 687
1537 496
95 1204
980 1647
1159 896
1608 76
30 13
898 1305
878 813
1617 1542
1236 1619
1611 1155
31 997
1132 986
1171 243
1413 1154
49 576
1554 1148
32 1649
291 959
76 1172
155 1417
129 566
1177 1277
474 26
912 290
574 606
1111 761
1071 251
576 112
448 1103
644 140
1713 1483
1586 841
33 1075
43 1425
698 155
244 1368
1131 948
69 1441
1008 911
124 1016
1491 1423
1009 1291
34 540
881 471
469 625
167 1136
1734 549
407 871
1618 588
1001 410
1252 843
35 158
539 599
1161 872
722 335
253 817
341 999
851 1517
747 935
1092 424
920 1213
1715 805
1510 122
53 1463
557 1162
1210 431
135 568
1511 1372
199 10
1619 1137
1517 1628
144 1559
777 213
762 1042
37 75
431 1097
1325 147
364 545
423 296
54 1055
654 1739
1427 254
38 382
1641 1627
1297 670
1627 796
628 1711
1574 1549
198 747
650 1701
765 1584
951 898
395 1129
785 987
1239 485
648 1515
783 1694
163 34
173 1580
1371 1189
1323 758
316 1171
1599 1025
902 903
40 505
1005 82
1025 506
488 553
1315 115
250 590
41 1130
209 271
512 1747
805 1335
978 302
1268 428
408 1614
175 1345
42 221
911 1007
909 0
1023 1328
996 304
1387 1054
201 816
520 231
354 450
1204 20
764 1353
238 534
39 713
1320 752
552 1402
1672 710
1284 27
44 295
1575 1142
1073 1262
957 501
797 1710
266 1138
45 230
1561 1408
1639 777
1053 1413
82 723
47 45
60 669
794 1169
1250 1392
365 1369
1454 278
1189 753
319 153
1352 1231
46 1606
191 28
876 559
236 635
467 1021
1486 369
1157 371
1588 1744
1060 65
376 465
1541 1509
223 715
301 1631
1089 284
1686 1713
565 1237
98 455
48 624
120 1017
1182 1014
1184 343
1703 570
1573 582
1562 621
1316 1531
1655 983
1096 1105
727 981
692 1158
179 1639
336 1634
1259 1285
1543 787
50 564
51 908
1405 458
587 106
1664 975
1021 1699
605 1338
1442 945
52 187
853 1665
1690 1432
1406 5
1069 1018
1598 1721
1651 1688
200 915
1126 162
1476 107
548 961
405 583
1195 1474
1333 1563
172 1714
246 72
840 1179
1666 1464
156 1538
699 286
307 1194
550 649
688 1394
1386 1630
207 1294
1465 1421
718 596
1660 1037
1230 103
55 1196
189 1220
208 24
1344 1447
938 1151
193 1521
1497 543
1225 1504
1283 1119
1399 1149
646 592
669 910
170 192
471 326
57 1322
997 942
742 1253
817 1276
1450 313
185 339
656 653
1463 1228
946 311
56 732
1711 692
1481 890
1712 306
393 344
634 463
521 1297
1434 1397
1141 744
1354 1311
803 741
1359 1707
1326 970
87 293
1440 1045
1152 699
233 500
905 640
1328 951
758 1303
1084 850
59 631
1622 1486
964 408
1329 1612
892 1581
842 605
1441 1314
248 1255
867 876
478 401
386 510
728 525
1043 1127
767 182
926 188
932 25
1437 550
426 1265
58 253
861 893
754 275
1258 327
1404 1398
455 179
356 1435
138 1268
1583 529
273 490
363 93
635 943
116 1387
63 430
377 46
237 682
1361 849
176 803
183 1256
150 1202
640 108
710 209
1024 877
64 969
1578 1729
214 1458
461 703
378 477
929 80
1163 1520
901 329
930 131
360 1085
65 331
251 1267
1438 146
1033 1605
66 1092
1286 1429
883 1514
309 936
532 391
745 1232
462 648
1196 860
352 342
1335 348
1645 247
67 726
780 1684
953 1440
730 1242
712 1516
497 1318
320 100
83 1511
269 1484
399 1500
603 1547
442 1733
1451 567
411 697
1160 1448
680 1376
1602 863
1484 826
68 462
1290 1312
1425 1270
841 982
70 1692
1466 1598
231 569
1310 132
71 1578
290 1360
162 373
164 1381
1653 1
470 593
72 829
709 1190
962 234
1039 1734
686 1280
691 1676
1549 195
549 663
542 145
665 19
990 695
1539 800
811 883
74 661
480 1489
708 1443
1153 1111
1722 1078
914 1587
1087 1643
390 336
339 1467
298 1518
1411 1058
1058 63
1615 660
535 1157
547 1673
73 802
75 1709
239 1726
1530 1566
1665 977
1206 1288
1223 1293
1708 737
896 673
1330 1737
1609 535
1520 256
1124 921
1314 512
1138 454
798 589
335 688
869 1010
1706 1354
1628 104
1558 1550
1146 1013
491 359
1327 1260
879 706
77 924
79 634
1612 1434
1519 1101
1563 1282
297 194
78 808
196 721
1685 846
1107 1445
830 1001
522 612
931 222
424 1192
832 1641
918 952
910 493
998 288
1656 791
275 947
776 1065
1305 422
295 380
1168 189
1082 1068
818 73
80 904
577 443
503 1356
515 772
1065 1249
786 1246
1108 674
387 457
924 1442
615 1225
970 869
1636 298
375 881
723 321
485 1391
314 879
570 1116
1267 392
85 352
1403 1494
177 748
1212 1703
99 1230
160 704
263 170
148 1128
84 1374
889 866
1379 714
1260 1576
392 1214
943 514
1264 560
1443 497
410 1611
267 991
334 1495
397 1069
88 1217
1105 642
89 1730
1194 14
286 1583
1710 198
90 1094
1262 730
1698 931
679 1642
306 69
1104 1572
595 629
516 1460
568 1215
1607 212
1018 1041
159 483
174 1548
1279 354
433 78
1688 1437
672 292
697 1348
1109 1261
1202 6
1116 509
1232 400
152 888
91 1562
92 1206
510 1362
258 1476
1190 650
847 1319
966 1498
736 722
1269 928
350 821
518 658
1280 1295
1079 955
670 788
437 91
675 614
836 518
991 64
1642 856
1600 1203
1488 1501
1436 1057
93 1624
1582 1024
756 920
1112 1279
136 918
96 492
660 905
454 1139
999 1617
1303 507
974 1113
1460 355
663 857
967 151
1324 173
740 1048
1296 696
97 124
1150 1177
372 985
1362 1675
453 968
713 420
858 681
766 966
1209 1321
517 1385
1683 902
1350 1004
1081 181
472 1590
1118 922
608 388
101 449
544 830
975 963
1110 1540
875 996
100 617
102 358
406 268
304 1269
1695 561
133 413
771 1660
202 396
849 150
125 755
940 250
1547 998
1647 486
146 1674
104 1412
346 537
562 727
333 1315
1551 1400
1050 1201
884 383
105 861
154 1199
1644 705
1446 94
1697 1317
361 1597
717 297
400 414
1523 1716
1503 1038
1026 294
1593 30
127 1404
243 580
1616 990
147 1090
1115 1403
1334 530
1675 98
260 1161
657 208
1418 1325
1277 86
683 1195
1542 1355
944 435
108 801
1579 8
816 756
857 134
556 1180
449 99
734 546
1176 232
109 1537
211 1096
844 539
1253 1365
427 269
1444 719
111 724
739 31
1633 1502
1248 1108
1211 446
110 1718
112 933
1343 575
1199 360
1412 1163
888 1350
707 97
1534 1299
1721 1525
1457 978
995 745
388 735
302 555
1191 1532
1358 7
113 1677
114 1626
188 1309
1580 1410
1011 1380
1526 516
1022 1523
1304 656
115 953
952 319
1243 558
1592 58
1213 44
1183 1603
265 1596
1485 949
1569 585
305 316
703 346
322 885
368 1296
674 1117
925 964
1285 52
226 498
773 15
296 865
637 837
1632 786
782 655
117 1143
118 633
1059 92
642 395
382 241
1723 291
119 157
278 281
221 121
819 1218
823 315
960 398
122 1488
274 627
827 484
315 958
1509 1229
1496 1044
1014 1579
934 50
507 1452
169 526
123 289
921 1245
452 201
1227 125
1652 258
863 1453
1624 716
1123 773
1581 90
814 1039
750 1602
1072 573
1245 154
292 126
126 448
1500 1416
287 1211
391 1678
257 587
466 385
977 647
1483 117
1144 1569
1478 1271
128 1323
1620 750
1221 572
300 1683
1370 774
1382 962
561 811
1464 944
791 49
1452 1705
1724 1588
1158 1352
1474 677
464 1433
332 1336
694 608
131 1527
1103 1373
891 1070
1020 548
338 1519
402 806
597 211
599 224
463 1370
594 1746
230 178
1555 41
132 1077
1487 974
1732 488
1709 317
1292 594
638 38
973 671
1336 562
1424 1633
1070 415
1395 1719
585 366
1701 1107
321 1457
808 1477
1185 1002
1149 1439
398 511
1365 111
1590 598
1663 956
846 390
134 600
1383 1555
956 1552
217 1420
241 665
1074 1635
659 1032
1407 1334
262 1363
1623 1573
1208 1329
1433 701
139 1644
1428 1011
677 954
775 1592
815 159
704 1239
837 1056
1241 1717
985 21
789 995
592 83
1531 36
1192 434
1078 1651
141 862
403 729
1594 610
1019 1742
658 1112
682 680
137 1618
1052 70
1514 1479
880 1126
142 678
890 613
256 1551
1122 1475
358 508
1368 1522
143 1164
145 33
355 421
1307 825
313 839
573 1091
396 1292
804 84
289 672
981 1015
1007 217
586 1600
972 1330
1353 60
1164 1473
649 646
1218 897
487 324
1518 544
1135 1098
942 478
563 116
1445 266
1565 1308
807 790
149 1102
1203 1427
802 1183
1272 1145
1002 1672
444 519
1669 1274
486 795
445 591
639 603
505 167
606 1367
268 495
282 423
1275 1428
417 1622
1207 541
1638 62
151 1666
1613 377
1076 74
653 965
415 967
907 240
1331 9
1679 916
560 1131
153 1099
916 1654
1630 429
1357 130
1295 780
602 35
1165 1582
1447 1560
833 972
157 1059
714 386
631 259
1614 1186
1705 1401
873 204
1388 378
1055 129
871 229
158 1165
1461 1545
459 1685
1170 1727
1040 1029
345 743
979 1438
668 1060
1364 389
1378 273
161 934
1507 1115
906 48
1401 828
681 1728
877 322
1249 249
725 1193
212 1122
948 1047
1423 785
347 1505
759 1182
165 468
1625 1663
343 738
848 1006
166 847
1036 1668
855 1632
414 1529
611 1607
499 1658
1532 1053
404 1390
168 1132
318 1697
1048 303
1501 1424
1140 771
1429 419
272 1009
443 148
633 1595
1265 365
923 1072
1162 53
1571 602
546 1030
1106 186
1031 345
787 89
860 88
171 1536
412 776
1179 404
1470 889
1235 1589
1142 218
1017 1543
735 1695
1046 685
947 374
607 1331
328 276
1536 842
1597 1100
1222 362
1577 1332
894 1144
482 1469
409 1278
1041 174
580 128
612 929
1439 1071
1468 1690
1567 1399
1680 441
1489 620
899 957
983 236
1000 1735
1426 2
181 844
886 1316
598 783
667 1499
872 778
829 320
540 845
1136 630
1515 1680
792 1409
327 1324
312 1506
1475 1577
294 1745
180 338
184 1411
795 347
1430 1123
647 1693
1214 751
182 120
261 980
1246 1342
526 912
1226 138
373 1422
187 1636
543 607
1154 1156
895 301
626 709
1276 55
436 637
1351 632
247 1546
812 940
280 57
456 1141
928 689
190 1200
553 32
954 1446
192 645
1492 168
1064 163
904 581
1289 1358
1288 1533
1687 466
770 1426
813 993
308 1114
194 260
695 1185
1301 473
197 824
1462 1510
720 1034
235 694
420 233
1309 1451
1016 782
1482 364
1147 1040
325 102
1167 1290
1054 950
419 887
1273 690
529 718
1015 809
1240 1650
1062 882
203 1333
733 394
1689 731
760 1244
1467 142
984 909
476 309
205 1188
206 1455
1219 1235
490 1478
1282 1557
1037 393
965 1341
204 1461
1095 1662
955 639
601 1207
664 698
324 586
224 379
993 350
757 185
1216 636
210 1736
617 1470
458 901
1693 1731
1251 571
1448 1629
1559 1740
1704 1375
213 479
1728 1236
545 1482
1012 1343
468 1083
1287 900
824 799
865 427
1601 618
215 762
1188 370
937 216
788 675
216 40
843 1503
737 314
1494 160
583 700
500 711
1244 906
1610 664
1421 191
218 372
220 1620
519 1344
1544 246
852 930
950 833
1394 941
270 280
821 235
1180 1264
652 257
1366 1491
1396 136
225 1301
276 152
1668 226
619 1263
430 1063
870 676
536 1640
227 1079
1718 23
1422 595
475 859
828 1310
1299 453
629 1146
229 447
1435 1669
1156 683
578 1135
1720 1160
1083 270
232 1087
1080 1593
481 330
630 1601
1385 405
1409 917
1229 1604
450 1273
1139 1067
820 1302
234 274
809 95
323 1691
1030 1086
864 1093
1696 123
874 1257
1367 282
838 205
242 203
394 851
1120 1289
625 1049
240 61
729 1616
1077 1304
801 1109
534 1377
1341 763
919 1571
1691 1723
992 1704
245 760
1063 601
900 202
1042 870
1347 1259
379 1732
1134 267
982 757
778 1184
1393 775
1356 265
936 1033
1527 1337
769 1022
249 384
1714 1558
511 1561
362 1667
1311 923
551 894
1338 854
1402 691
1471 206
252 1252
254 113
1506 487
1056 1088
255 1586
504 1466
554 285
432 1266
1522 1496
385 459
1193 67
501 521
380 1170
284 597
1535 907
1719 1125
1010 515
389 832
496 11
533 1568
1566 196
806 604
1380 418
1057 1565
1508 184
1169 1415
271 56
1513 619
761 886
1546 156
1521 1708
1088 793
1525 684
342 426
885 1637
277 351
913 228
1049 1530
285 759
1266 565
575 1670
987 1748
1086 1599
1682 444
1727 417
1397 992
1657 960
1313 1679
882 1615
1369 467
1649 1625
283 119
367 169
1173 176
1629 797
299 17
941 361
494 626
293 287
1391 363
1659 133
531 662
748 1233
1270 1472
1067 1300
676 68
903 1174
1317 1286
741 823
357 1689
1389 1209
715 880
1716 1361
1293 503
1415 892
524 279
1667 1222
571 792
685 407
1495 517
1626 1223
1637 1656
746 300
1294 110
1654 1187
1234 341
1312 143
732 708
1145 1106
1129 1664
1201 1594
495 47
1004 794
721 1706
1564 1357
303 1176
866 798
1707 1313
1318 1150
1119 574
1278 1120
825 781
1398 219
922 1652
1733 1497
1006 644
416 1407
834 1219
684 1152
719 532
1640 838
850 376
701 1366
311 789
381 1118
498 1567
1661 438
1032 1133
1725 1608
915 1281
1321 172
751 1379
483 768
1681 502
743 475
1381 939
1453 96
523 717
976 563
1137 1320
613 1012
1238 325
1349 277
1677 818
1121 161
643 334
831 141
610 308
673 375
425 480
1431 1023
326 171
772 1284
596 1227
1459 79
768 1243
784 139
330 820
1390 742
616 1459
1114 973
329 1134
693 437
969 199
1548 616
1166 522
1473 1481
559 1026
859 765
337 307
666 1064
793 1712
1051 1168
473 349
1410 452
1605 1084
418 1298
641 367
1376 1153
1224 659
340 1490
1550 214
579 1104
961 932
845 579
348 1724
349 470
1038 1212
1729 409
1337 1456
755 686
351 1327
527 878
744 1062
1291 766
353 855
971 1738
590 489
1360 1258
1186 1722
1101 728
1034 746
1505 749
1587 215
383 875
366 1389
963 333
1726 264
1730 425
1557 1082
1384 1349
439 59
1263 725
949 71
1127 451
908 822
371 979
588 1512
749 1147
1533 1743
986 18
1700 643
514 1198
839 1395
441 1110
945 819
581 381
569 1283
384 533
1125 754
738 183
887 1570
716 874
1635 554
1003 1465
1545 1000
1673 651
555 403
1498 109
1099 552
1027 406
401 39
1200 1254
438 976
1220 1382
620 707
1631 262
1524 1513
662 531
428 524
1133 1720
413 1419
1540 1005
678 323
702 654
687 835
1432 166
1013 1031
1308 1686
1257 12
530 237
492 556
1606 1159
1117 622
661 925
1373 1682
446 1418
1197 411
447 946
1242 623
451 197
645 827
671 248
1187 149
868 1036
1417 37
927 144
822 476
1556 1307
1658 1081
854 937
1560 4
989 551
1538 1238
1529 1197
582 767
484 263
1674 1306
1172 1364
489 66
1678 1454
1374 1388
1090 1080
493 1020
1319 1585
1589 1166
655 834
1662 712
502 481
1736 1450
506 442
508 433
1456 1471
1281 1492
1035 164
1552 482
1469 1487
1233 1089
1181 1251
1528 557
1512 1406
618 836
525 312
1420 1655
1075 1247
621 1003
1634 1178
1377 1648
1400 207
564 137
935 220
537 356
572 779
609 913
614 739
862 1659
1340 1191
1148 914
1604 1534
1472 810
593 239
939 1371
700 1173
1332 305
604 989
1100 474
726 252
1178 456
1504 51
622 513
1093 1468
1130 1351
1261 461
1416 439
632 1609
800 1702
1372 16
1570 1250
1576 3
1584 1326
1345 1378
1595 1167
1699 491
1502 938
1676 1287
856 114
1271 1347
1419 283
763 310
1480 43
1047 402
1029 971
1490 1591
1493 1066
1621 577
917 1346
1228 1671
774 1240
1085 1700
790 328
810 1205
1300 1524
1643 1272
1348 1140
1702 242
959 1508
1247 432
1028 693
