01 65
4_5_28_38_46 42
11 35
16_25_49 91
20 8_44
31 82
7_32 74
29_36_52_63 90
37 87
62 64
3_6_14_18 34
24 21_26_51_60
33 24
35 01
71 31
77 3_6_14_18
84 78
85 37
87 33
40 76
47 30
53 53
61 4_5_28_38_46
64 7_32
68_86 41
75 18
82 15_57
8_44 29_36_52_63
9_45_55_59 22_39_58
10_27 10_27
21_26_51_60 68_86
34 77
54 23_69_73
56 67
66 47
67 88
72_81 16_25_49
90 20
2_12_19 84
41 13_43
18 72_81
42 71
50 80
78 75
13_43 70_79_83
89 17
15_57 62
17 54
30 56
76 61
65 50
80 40
91 85
22_39_58 2_12_19
23_69_73 66
74 9_45_55_59
88 11
70_79_83 89
