0 310
2 1108
1998 1419
3 1201
1997 1482
4 1941
1996 567
1995 1845
6 414
1994 1853
7 1255
1993 1706
8 997
1992 881
1991 51
10 1855
1990 1699
178 1860
375 1455
1398 1687
952 417
859 1428
37 403
767 528
1045 1577
593 445
1344 1462
1582 730
1 1071
5 1971
11 276
1603 1723
1237 1963
800 1606
289 114
1049 383
1384 423
174 152
1999 8
9 1420
1717 1253
1422 1588
79 1282
1089 772
245 789
750 1132
12 622
13 35
49 1426
960 1067
586 1212
157 973
1527 1076
14 1550
1766 1688
734 1129
865 1877
1466 676
1294 210
252 1506
123 1089
886 1771
411 1319
654 1531
15 931
1812 1300
1286 1220
565 1250
658 1452
107 820
1088 830
1242 972
1665 1333
232 625
16 1894
106 179
104 1985
821 818
1150 809
335 1443
470 1867
1437 1709
17 1069
690 1367
257 945
1900 1532
1547 15
28 1793
1137 619
377 462
949 1670
35 1504
1667 1209
290 1365
1103 1219
1728 443
1852 1293
410 242
1712 281
1111 942
464 371
18 360
1478 668
703 536
188 247
1913 1104
19 387
20 1960
1855 803
236 385
1646 1
25 1724
1948 311
21 923
841 713
941 88
43 808
233 1930
1783 1796
1972 873
1223 804
1510 160
540 1850
112 977
384 1841
342 1485
893 89
22 1320
23 1001
847 185
725 862
1353 188
896 243
970 314
784 1221
24 1233
1989 1037
762 1537
575 292
1332 193
1262 194
1757 576
1082 1470
1987 1451
262 34
1334 817
26 1538
738 355
778 1799
226 1103
998 238
301 1060
27 906
291 706
1708 1256
1509 1351
1649 478
91 140
1409 1203
552 1720
1856 502
711 1759
1615 511
353 811
691 1271
1863 1509
722 1381
320 1141
698 1646
731 1460
953 47
1194 1553
1791 1036
494 1881
1431 947
1183 1054
1215 1241
29 858
30 1500
31 586
1371 1666
1087 1273
906 1736
740 251
284 651
1836 1197
32 282
436 591
1689 186
1419 1778
1112 1817
373 1353
1693 55
33 1082
1326 663
220 1286
704 227
907 1058
1195 599
1169 924
1641 964
192 553
1825 1975
1961 1752
1037 235
139 930
923 109
1007 863
1251 476
811 1487
1011 205
1226 1543
1068 1033
36 1632
795 1044
1526 1547
1418 254
1034 415
48 1563
1156 1651
1781 1522
1522 1340
1127 148
1932 936
1629 155
308 545
1915 1062
1922 1477
514 1848
34 482
38 1515
39 736
525 841
679 1476
684 505
1771 1051
1828 1598
1094 884
1252 1289
443 703
607 1713
769 341
672 381
40 1315
41 654
1638 1742
82 1041
1013 393
42 968
1980 1369
1944 946
92 48
173 959
1363 563
1263 777
781 477
254 67
44 1674
93 859
582 438
242 1669
279 1138
1244 53
455 1095
807 1972
1385 1661
1752 1176
441 106
543 571
1614 79
46 1948
869 280
596 1779
1451 1073
1179 1915
1622 204
1619 1079
47 1006
389 1359
181 585
322 418
1276 446
1173 1837
198 875
752 1049
45 279
533 1192
741 395
1928 1768
1158 877
1897 834
1494 825
1810 234
838 1447
1596 285
50 778
1544 298
885 987
1891 244
938 1785
1278 466
1975 422
1690 738
1974 890
619 548
1612 991
51 941
52 1885
1720 1267
53 28
997 1246
1302 1120
1696 1052
1701 1876
625 1223
745 935
1467 1821
1895 1603
1642 131
1085 1403
1656 573
80 1260
137 535
1178 697
1025 320
848 0
55 1775
1687 218
1724 745
96 1096
1973 894
1243 1753
1012 1228
755 1193
54 886
56 1342
393 1619
742 746
1659 1737
196 1386
957 678
1731 343
1686 735
1317 284
57 1914
878 1587
868 966
721 1806
810 1643
1516 896
1400 847
381 213
753 1939
58 356
77 530
1866 857
894 1766
1877 434
366 1968
758 1722
59 1590
258 269
1744 147
760 899
259 1257
60 435
1879 1898
1200 839
1035 546
317 1349
1285 46
850 409
1351 197
61 1090
1573 375
132 153
611 1317
62 1977
63 833
253 629
379 162
1898 304
936 354
1147 1216
477 856
474 1733
616 1264
1849 1938
1216 705
64 1649
65 1153
66 1227
481 1005
1788 975
1271 241
67 416
627 105
1247 1085
805 1656
1180 1196
1378 266
1813 726
1830 1011
573 173
68 885
69 1644
589 1149
1962 556
1858 801
1685 44
1515 1697
554 1214
191 1296
1009 999
1323 844
1181 1573
1377 4
70 939
71 1904
1776 288
72 495
1233 121
1433 1021
1610 1725
520 1569
1234 1665
948 1325
88 315
321 1208
1052 837
73 1824
990 1014
642 1002
881 1992
1490 1015
74 1565
913 1035
1977 1708
75 1642
1098 996
1095 344
246 1751
1152 1536
1868 922
1184 1634
756 784
1597 1473
76 1561
1805 716
772 1621
1227 700
1379 1896
713 10
1843 1631
1413 1878
78 295
275 1311
1475 1840
1779 1057
521 915
1010 1003
1703 725
1749 389
1580 428
336 920
424 1306
877 1284
1148 1980
1636 1833
943 1275
1934 704
1356 1636
1511 126
167 989
81 1650
1802 812
1981 329
889 1585
418 1989
1000 679
83 692
1401 558
1264 1595
1219 849
263 1961
85 584
727 887
1113 461
1125 1535
924 1677
368 1199
473 1743
84 1053
86 853
1842 452
1521 1489
1078 1118
256 846
1001 1907
1027 1467
1838 1083
154 1312
1145 1384
352 94
1283 119
429 871
1288 897
87 660
1097 589
608 176
1834 240
1513 880
1417 1070
1738 1361
917 1417
1976 1505
1627 761
1735 531
1926 1397
90 350
1506 492
1672 327
966 1235
1472 1566
89 1501
736 1580
916 1331
1172 711
183 1679
1818 779
1524 824
1917 1622
1919 253
1193 224
1236 107
1426 455
967 1012
879 201
551 454
874 998
141 664
146 104
707 990
1971 1911
299 794
95 689
1044 731
692 929
747 1448
1539 1836
94 1812
1662 796
1955 1511
1428 1900
414 1336
1408 1464
890 1310
1084 722
1129 357
207 1027
1546 1194
1881 541
97 49
98 1175
1670 1429
1067 410
1246 1407
1529 1584
640 1901
1005 494
1943 1412
99 1946
359 1224
570 1405
744 1774
442 54
1229 1761
1086 169
101 1162
1727 751
1940 680
799 955
1793 348
212 539
100 1301
1381 739
944 992
102 978
1623 961
798 882
880 568
1745 358
1240 1888
103 1299
160 516
1710 1475
1871 574
1657 1421
364 1905
621 1814
147 1109
1189 1791
897 814
912 1794
1790 249
105 950
214 1449
1954 161
469 1155
836 782
1128 652
428 474
1254 637
858 43
1569 1457
1224 1337
435 349
1055 1327
1161 1816
1648 216
1549 1970
1600 532
648 693
813 1479
1118 733
1425 673
108 301
109 900
1799 277
1046 441
853 1689
273 826
425 1762
218 1173
296 81
985 1826
1066 544
445 255
110 52
111 182
1383 1491
502 1581
962 257
1541 810
1457 657
793 504
860 816
1104 1020
749 1757
113 1858
114 1513
244 82
1517 709
360 1908
801 132
733 640
1778 1875
567 630
338 1645
125 183
701 1909
1107 1364
1637 868
115 981
1691 1123
842 1165
1339 1690
939 1341
585 174
117 1304
269 759
1564 1712
116 1434
118 1063
278 1279
776 364
1370 451
345 223
846 1673
119 1339
387 1170
729 1944
227 785
991 1966
1705 1663
934 1615
120 1105
921 883
1404 513
238 1484
1755 533
121 1463
1114 1676
1140 58
369 312
892 412
122 1727
1591 575
155 1843
669 1835
1688 1297
981 278
706 750
124 187
1474 1190
1217 707
138 93
1851 702
1537 682
1620 420
1483 519
1221 27
814 102
1920 748
1784 1168
126 1711
1225 142
1651 268
448 720
127 91
1023 1672
600 594
726 708
1574 1592
576 353
605 481
1774 632
561 1507
1758 1145
128 1130
129 326
895 522
1930 800
1176 318
1250 649
1386 872
130 1890
1024 337
1199 621
815 1188
303 1094
1523 1268
1487 1780
1773 793
1552 1728
486 228
751 156
694 1030
1175 1874
131 1798
613 1932
1444 1150
1496 1530
1367 332
133 1735
316 1749
1162 1202
1570 1348
134 580
556 1647
324 1418
1306 1788
908 1182
135 1657
476 1684
1432 611
1748 1251
136 1436
1815 1465
851 473
1967 1389
1345 753
148 655
1782 623
1390 1899
403 1024
922 1601
649 768
716 1655
140 754
1910 1952
770 791
475 479
1017 144
1060 860
1699 1854
564 1398
1850 1039
835 100
1982 1370
305 122
728 1469
1504 1692
1931 1974
549 184
501 22
1832 600
1220 1685
277 404
1935 1805
142 1459
1239 372
1739 1056
1753 1151
1081 1124
216 1072
1249 1334
1062 506
143 165
144 30
1004 962
1135 517
1298 1542
1083 1453
1021 1184
145 1597
1318 840
423 497
331 605
200 41
1421 1393
675 1654
1588 325
1942 101
968 239
149 607
1951 1671
1228 134
873 1437
150 425
1324 1435
1939 1179
1287 57
954 1247
169 136
420 734
444 139
151 661
152 1157
1186 267
153 32
1057 248
383 70
1492 1114
557 565
1102 944
1886 845
243 1715
260 1466
1554 1092
156 550
542 1210
780 1445
1157 1844
1149 1758
969 1586
462 954
857 538
1872 1523
1682 1335
194 29
1453 616
963 934
1674 1714
1026 1610
1484 912
1794 1940
488 979
1854 684
159 1612
1806 1730
478 1128
376 1583
1458 1029
158 1558
161 1472
645 855
1760 1564
975 1274
1595 1441
1625 319
560 1864
1465 457
162 1200
1551 1181
221 1927
1177 321
1763 690
163 1548
164 1191
1532 1318
1256 489
592 407
165 1605
1803 346
875 1664
1924 1328
433 1705
1461 1929
166 1917
261 1641
1795 1136
350 1572
1058 66
636 658
1946 198
702 1204
1203 1593
1820 952
1811 1607
1885 1362
1144 138
1598 727
168 181
1491 384
1497 1144
1222 1811
977 1818
528 813
1321 911
493 1678
171 1604
1338 514
1036 1717
1399 1211
479 260
1653 1350
1840 484
1500 1032
1792 11
202 1810
170 606
1945 1887
223 1146
1402 547
837 1792
172 1895
826 1055
1543 1981
271 1589
1555 1323
175 1740
370 1995
374 436
558 670
176 1889
995 491
761 317
1563 1745
504 1394
177 627
1823 322
1630 1571
1697 1112
1655 1789
827 1638
863 1652
635 1022
314 1675
1988 1721
179 1869
915 180
1562 1474
180 192
1893 1784
1136 154
911 1074
816 1639
285 1861
286 1461
1299 823
182 774
606 1402
341 583
1912 215
1141 1838
1397 92
898 369
1800 108
1380 1135
1445 1809
1389 275
184 1258
1480 1195
615 272
1301 1630
993 1478
559 1763
1032 1856
715 671
185 677
186 1158
465 507
1968 245
1202 38
187 1068
779 233
861 933
628 23
1683 1777
817 1959
355 598
516 1562
189 1483
1006 515
1572 1106
1786 1596
1732 250
1889 523
1785 40
190 1456
1296 1163
700 1851
1857 604
1153 1767
872 1600
313 938
1214 1599
1824 1701
204 1017
862 1372
193 271
818 1043
1833 1923
195 1719
1559 534
201 1439
1796 620
1780 1387
395 256
1031 1278
197 1756
919 686
759 819
1110 624
1073 61
199 1528
354 225
610 646
1909 453
1827 1000
1958 763
825 1215
905 485
1936 1964
365 1594
1033 1965
512 220
651 388
933 1744
1587 71
1352 236
505 1180
203 149
983 470
824 1270
683 1994
671 771
1767 125
1960 579
205 1236
340 1541
958 1346
792 691
532 870
763 1834
686 87
280 645
1916 133
1713 1773
206 1945
208 421
623 1769
209 1187
1485 1391
1970 1404
1581 1931
1507 913
1609 949
371 634
300 411
484 1906
538 732
1300 1849
1423 829
211 365
287 1093
1442 1533
639 626
980 1217
210 399
647 202
577 1018
499 540
1260 309
831 1231
213 427
1188 1527
1056 888
1602 1422
641 1298
1741 1884
992 1514
531 790
787 1782
1355 1406
215 1061
217 729
790 564
1589 1156
219 904
518 150
490 1807
796 1808
1952 447
852 631
1096 1494
788 1578
222 1546
534 1943
1030 1004
272 378
1205 878
1449 1772
1476 1050
926 1983
574 1375
1387 1997
229 559
224 767
339 130
1876 1891
1307 1608
471 960
1584 995
225 1314
1305 1910
964 450
947 1549
1862 1186
1174 1582
1303 1183
845 688
228 715
399 1529
1253 1519
1218 1739
982 401
1647 1554
1772 1154
1388 45
1382 413
925 1609
230 1303
467 112
247 914
927 7
231 128
920 146
1272 747
951 1567
662 475
318 644
463 498
234 496
1454 1882
274 464
1821 115
1206 1591
235 1680
1119 1912
1412 1574
1358 1710
1015 1659
329 1119
594 1354
988 948
309 262
237 1016
1369 1624
1459 324
1429 683
1903 335
638 943
1503 368
239 1243
240 1827
583 822
1312 723
241 1493
1645 852
900 953
468 596
1275 1872
972 1602
1684 480
1530 1025
903 1819
1558 463
1762 865
783 1870
1761 1281
1420 20
1396 967
866 1828
1477 976
1719 483
976 1614
1907 615
248 1703
1038 16
400 252
677 68
891 84
1966 99
1639 468
1816 1438
249 815
1694 674
1743 1993
250 1117
426 1922
1611 1700
351 1950
251 1344
737 552
1721 1172
844 672
1826 561
1047 910
302 1559
1829 1741
297 1760
407 1934
255 1242
1754 786
378 601
1054 765
1716 429
719 1226
1978 1949
1315 208
595 918
380 1648
267 1468
1870 1166
1040 643
578 1738
1984 77
1395 1358
999 572
637 1113
1279 1803
676 1239
1322 760
546 926
601 449
503 1309
1918 1026
1844 775
1258 1495
264 264
265 190
388 1415
266 602
307 752
1168 1115
705 60
1902 1142
268 286
282 974
1681 1545
356 1620
1441 1499
979 1458
994 718
1798 1755
270 724
1963 56
1212 1635
367 1825
1008 1982
956 1322
603 1259
1455 635
536 307
276 1967
1663 398
1531 525
1340 1637
626 1048
1590 1731
1362 1820
746 927
315 1263
1718 206
579 1556
480 17
1577 639
281 345
876 776
1122 1080
1196 273
693 788
1436 650
1213 231
1372 1691
1533 1143
283 1616
1041 63
1933 1815
1723 633
764 1510
1607 958
406 1360
1080 424
1964 1392
712 405
644 902
843 1321
688 854
1065 1316
288 1140
292 171
1671 1288
597 1034
1424 351
571 64
294 1234
293 1520
1341 1313
295 96
1201 1516
1550 1185
918 37
298 289
937 876
1297 675
1108 1285
828 638
1456 741
945 740
310 609
323 1919
409 1658
1801 1734
1368 662
1768 510
408 1503
325 303
1965 1019
1016 1382
1775 1996
1878 175
1644 799
306 787
1463 636
1079 1765
867 458
346 1746
304 259
438 1693
1586 1087
431 795
1875 85
1512 526
506 749
1043 1218
1737 1159
856 366
1333 207
1337 1377
491 376
1759 283
311 1291
312 432
720 306
1311 1390
766 73
482 76
1652 18
1704 699
1750 1007
1613 835
511 1308
602 222
1197 1928
1403 509
659 557
1534 1290
319 1222
673 274
513 617
914 1343
1154 1613
326 1081
580 1893
1894 1411
1020 1280
1407 1100
1860 1363
397 1579
1817 172
1777 78
1109 551
451 158
1956 543
1115 1442
723 406
1261 1432
487 95
1074 1846
398 653
754 440
327 1783
328 909
630 1009
330 1238
1101 1431
1867 1986
332 1378
1051 391
1267 290
1447 1077
1628 1732
333 1302
929 1926
1440 802
1540 291
334 1174
1231 493
1631 614
1473 1868
757 396
588 1423
666 797
1561 512
1471 983
1486 308
1624 195
337 864
617 1920
1859 74
1126 31
446 1116
650 1862
1722 1097
581 1237
343 472
1711 1498
344 1999
1479 1045
681 5
1309 1169
950 1047
1567 1287
1869 1266
1131 843
1702 1787
1280 1371
363 1942
1464 956
1734 1167
1501 1292
347 807
802 893
348 386
1204 127
386 50
855 549
349 1517
1092 701
1733 1831
1566 1913
1075 831
909 1918
1901 721
1616 486
959 1338
1819 1776
887 1830
357 608
358 656
1846 209
1048 487
1117 1424
1211 456
1266 1396
1069 737
1508 117
524 1497
587 928
663 687
1050 39
1460 129
1077 1075
361 1702
1929 426
362 124
1499 159
1439 1269
598 1865
497 1065
417 460
1452 390
1443 1225
996 342
526 921
643 1059
449 1662
1164 694
1350 1954
1949 695
832 1936
1450 143
372 919
1519 141
1847 1122
507 1086
1959 1832
1837 901
932 367
1106 805
510 1618
709 1207
1329 1754
508 430
901 377
1983 1540
1528 163
1822 373
382 1726
385 1374
1556 714
1366 1525
1003 433
1360 362
1668 1560
517 1232
735 1352
390 578
830 1978
391 42
392 891
1241 439
1100 328
674 1088
1789 1935
823 780
1270 669
394 1265
396 1198
1905 339
1726 1625
1698 1681
1808 380
1865 503
1787 1345
1090 1486
1121 764
631 62
864 1823
1319 116
401 265
402 1879
1138 993
1448 1682
1105 917
569 394
794 971
1255 1430
404 542
775 1747
1985 214
743 755
405 1028
1715 229
1887 925
440 1925
1342 98
971 1984
412 769
1364 1102
685 1031
413 1770
1374 1440
415 1127
1679 1539
730 1427
833 1245
498 592
416 211
1495 916
419 756
1979 287
624 374
421 340
450 1953
1542 1383
572 1425
422 1991
1747 1863
849 1161
1248 392
1142 1873
427 743
1797 566
1268 1628
687 587
1678 199
1669 1903
804 1839
1634 1098
430 1933
1514 1206
432 69
434 103
1257 1471
1770 1414
437 529
1880 889
930 1277
1123 590
809 593
439 798
1427 1355
1245 258
870 970
812 2
714 838
1331 905
1468 203
447 867
652 1177
541 1329
1947 792
1986 212
1070 1400
452 217
1633 560
453 1924
1831 1521
1498 1973
1192 14
454 1937
456 305
553 903
622 168
1874 363
1730 1125
457 851
459 1979
1481 1330
1864 1568
1518 1134
1626 524
708 1230
973 667
458 581
460 299
461 226
485 1627
1274 221
765 595
1906 1444
1676 1880
884 1786
1594 1842
466 111
1064 336
871 1987
940 1388
472 988
633 1252
668 1496
1575 1240
1277 1046
1579 1399
1725 1324
661 1121
1950 1557
1209 1013
1022 1857
1565 570
785 1307
1941 1147
1273 1683
483 742
523 196
1171 1790
739 1916
1259 331
489 1189
1393 334
1284 1552
492 1526
1238 1822
1585 408
495 1373
496 698
1908 762
1814 1795
519 1433
984 1781
500 1800
1133 984
1736 1395
529 1413
1165 90
1232 1801
1911 459
1904 1248
544 1866
1039 1213
660 465
509 1570
530 951
1583 1488
782 1695
1617 1326
563 1969
515 1813
1746 842
1293 1376
1604 1576
1927 712
522 1660
935 1617
1406 895
1063 728
1488 1110
527 137
609 402
670 994
697 1829
1680 330
1769 1066
1666 499
1505 118
1394 861
535 1694
537 113
1593 359
1553 1696
539 1305
1210 848
634 261
547 1254
1376 969
808 1480
545 937
1635 642
584 508
1343 827
548 1512
550 448
1493 1947
680 582
1335 382
1143 648
1354 246
555 501
1059 1276
568 1962
1765 400
1414 1152
710 296
1411 1502
1348 166
562 521
566 1667
1292 588
1187 1575
1938 527
1365 744
1675 898
1848 1091
1151 352
1658 120
803 1802
946 1698
942 170
1502 1084
612 338
1435 467
789 1764
1282 97
590 836
591 907
773 719
599 613
883 490
1295 178
839 1883
1130 1401
786 442
840 1356
1182 347
604 1804
1545 1133
1535 612
1548 1008
1146 135
1751 681
806 770
768 24
1921 932
614 985
1159 1450
1654 1171
904 1010
1269 641
1489 1955
664 696
618 1892
620 980
1482 1410
1804 302
1290 6
629 821
1430 1847
1328 1294
1882 1988
1520 908
1163 1551
1632 361
632 520
656 397
1953 83
974 1078
978 1626
653 986
1890 323
1316 659
1888 191
646 1454
1446 1137
1336 628
1028 940
1538 200
655 1446
1139 1178
1327 1748
657 80
699 123
1664 1164
1845 1653
665 444
1099 1380
667 1261
1330 1126
1166 1295
1375 1131
1695 597
1438 1042
1599 1544
678 828
1462 869
931 12
682 219
1601 471
822 59
1839 1064
1560 1990
989 86
774 145
1160 33
732 1640
1470 1481
1434 488
689 1160
928 333
1346 1249
718 874
695 75
1835 1262
696 1611
1308 164
1314 1148
1557 610
1281 518
1742 1385
1643 1244
1892 1040
717 313
724 316
1925 603
910 3
1873 766
1707 832
1134 1633
1310 167
888 1107
1673 1332
1650 647
1883 1976
1807 1686
965 300
829 294
1170 562
748 1555
1571 157
1061 1668
1809 1508
797 1524
1120 806
1576 293
1608 1099
1116 1490
1606 879
1923 892
1764 1704
1969 1038
1304 1408
771 230
854 177
1568 758
777 1902
1914 781
961 1921
1410 65
1167 1023
1093 237
1416 850
791 1729
1391 1797
1677 1357
1265 1409
1896 773
1469 554
1359 189
987 1718
819 263
820 26
1714 537
1124 618
1578 1101
834 1951
1592 1859
1536 1492
1661 1229
1207 151
1230 1347
1002 1416
882 500
1132 1623
1660 1897
899 666
902 963
1071 1518
1392 36
1373 1707
1053 1750
1357 866
955 717
1155 379
1640 1111
1899 965
1525 1272
1756 783
1740 1283
1019 685
1291 1871
1853 1957
1014 9
986 957
1605 1998
1841 1379
1313 665
1700 1139
1076 577
1018 297
1072 469
1861 72
1185 270
1029 1886
1884 431
1042 757
1198 25
1706 1629
1415 370
1235 569
1091 232
1320 13
1289 110
1618 21
1325 1852
1190 555
1191 1716
1208 419
1709 982
1347 19
1349 437
1692 1958
1361 710
1405 1205
1957 1368
1621 1956
1729 1534
1937 1366
