612 315
1682 15
495 515
1031 1629
352 911
755 157
1519 968
1260 1370
450 427
1084 1748
1391 1076
1320 285
1017 1037
501 389
23 840
127 889
1382 1714
1529 917
297 1109
84 955
325 871
562 1533
262 606
1026 654
943 18
1249 946
665 657
1033 1649
93 1172
795 329
1476 1625
1075 1658
162 759
1330 462
756 1637
583 1166
1240 772
1328 1317
1284 1551
653 65
825 542
950 1088
26 830
1086 1644
197 1343
141 1461
1653 1323
221 1511
446 1098
1170 637
429 1086
1458 18
1715 177
216 153
1244 1724
129 1519
590 966
1540 1157
214 362
86 51
1652 498
285 1089
421 1554
1044 644
1412 1633
1251 174
1177 896
321 506
525 1115
7 222
1070 212
1183 501
1554 65
60 462
948 802
1694 1313
1474 1026
737 308
604 206
0 1448
434 1080
1158 638
224 902
1655 1568
446 1670
1255 1518
390 1656
505 1138
638 1026
1008 916
1626 1582
1115 1720
1663 1586
409 1426
852 1365
844 56
1652 1741
123 465
983 1541
634 1045
707 1247
310 1060
181 234
1549 790
554 939
950 927
718 1498
521 1223
679 652
989 705
1704 158
1140 1011
1455 851
523 1506
1298 110
1147 905
73 352
1003 530
1703 183
807 216
68 570
1296 892
651 1029
32 1057
900 1322
1385 1360
207 631
1200 930
1677 146
1519 1344
265 1737
931 1666
590 1234
918 1736
367 938
426 1107
64 935
399 373
1016 355
1137 1068
1022 1404
215 539
1473 1127
1295 1275
271 1491
193 25
1544 707
738 1185
1400 1009
1562 992
1283 1115
1280 775
1007 397
1436 395
31 1208
1353 102
731 1748
1349 493
1130 1171
1158 853
876 1628
1647 1116
941 529
701 1195
1155 1619
1558 1430
1166 1280
596 1513
831 1257
1442 43
391 365
1090 1335
540 1705
1741 539
42 235
1218 1739
1531 1612
1372 1078
1154 111
1205 1634
97 1023
335 926
1430 448
959 842
688 149
84 328
611 1060
802 1591
6 1375
981 970
716 353
1120 830
31 873
818 551
126 254
418 832
446 386
1384 1243
1065 1212
930 1308
650 867
197 1252
706 1004
1470 860
829 1126
1399 775
1009 320
723 1220
267 1441
543 1190
1315 894
583 437
106 11
467 87
1562 462
883 959
1638 1228
73 1039
646 401
1504 750
762 69
28 1278
157 620
589 92
25 441
1420 122
662 513
1142 846
1671 348
381 341
205 568
1631 1122
1016 713
225 531
6 44
1039 23
111 183
1597 670
1401 1672
1396 1639
1139 56
1446 1406
1256 996
41 513
280 894
521 541
1666 658
886 488
298 1164
1335 984
1261 1411
597 850
190 1041
1228 1466
348 1466
383 1610
1004 1398
1661 722
1465 1226
683 301
578 59
1003 1577
1025 373
1327 506
1402 1644
93 793
1655 91
0 356
1416 1203
82 168
1302 589
143 19
208 1040
1497 1344
200 320
288 1494
251 491
149 1169
1591 62
197 616
736 1518
692 313
1622 263
866 1461
1481 1531
72 774
774 418
1620 165
178 546
385 473
1438 1075
901 178
1488 1132
332 966
789 639
1123 893
1112 670
521 131
490 1361
1221 1714
309 897
122 1601
869 1486
247 1365
1657 461
62 1707
1096 967
595 921
1414 1574
891 546
833 1041
1021 1415
592 201
189 22
1263 309
1096 13
2 1258
1567 1105
376 1738
94 506
19 1461
290 863
1267 1614
111 381
284 1398
1694 685
1029 395
327 1089
1203 1077
608 1118
707 1290
882 1572
1036 1458
858 1652
134 1484
697 207
5 1047
1041 1698
997 1182
934 1243
226 4
555 1358
1048 376
188 1574
580 780
1268 1218
1638 1226
713 555
563 1736
719 457
1278 1080
997 957
405 1057
531 168
266 674
651 1314
681 1419
1736 1012
327 43
153 723
1602 1531
624 854
50 24
775 757
111 1143
1048 913
798 571
683 498
433 1473
364 171
364 189
847 1011
807 1746
847 174
880 1736
570 914
370 142
1512 41
489 1056
1007 1279
461 897
636 1425
450 1436
1072 1250
1528 1023
318 875
1049 492
993 940
1110 656
1058 1246
353 358
134 1319
82 1183
1736 200
1170 1148
1556 1494
1567 51
944 1600
774 1600
1243 1541
626 578
742 914
213 1139
722 304
1591 1377
887 1304
1651 1185
1219 150
1307 465
1328 1659
350 1085
1371 1744
242 12
1256 936
1001 1116
1195 1117
1380 1446
1340 335
1651 533
547 1477
267 1210
46 236
1136 897
594 1523
875 739
30 238
75 1199
280 538
263 1421
787 1265
638 322
1217 1168
725 1390
246 159
1523 486
544 1118
1510 1605
609 358
1620 1734
800 526
1463 1722
124 108
342 1559
309 656
1503 168
896 460
1584 736
321 1572
454 1144
1021 573
34 211
378 1410
1291 119
102 1537
810 1554
110 223
1082 752
364 445
945 1707
795 222
1641 1404
374 865
1210 1175
1439 231
384 1690
1406 1196
1576 535
886 1618
111 1019
1484 1272
855 986
902 1243
907 708
323 132
1585 516
1470 382
1104 266
1199 725
373 1741
779 476
252 1143
663 113
101 890
152 844
602 619
922 1077
473 1023
137 949
1651 1290
1594 91
195 960
1528 1203
846 1746
200 1017
1089 758
1501 1485
332 1234
1247 1530
1216 741
135 165
782 1424
94 255
732 643
549 1504
1173 238
459 906
1658 364
1626 1085
1047 423
1412 847
161 1311
1447 620
1103 1150
550 1571
213 1141
1563 934
1704 1446
1013 785
1292 1545
987 361
1704 1406
34 900
94 627
358 1036
1453 973
1117 1679
548 203
241 393
1379 1651
1456 423
147 1107
626 230
379 981
621 188
236 892
1036 1219
814 956
789 725
727 939
1654 144
1229 479
720 1546
963 1209
138 302
1073 907
1652 1064
1282 905
173 969
1582 414
632 382
1267 1589
1291 998
1321 174
732 1154
1250 664
1498 1396
712 89
1663 115
1305 715
1561 1476
23 1515
956 576
767 1189
162 1066
1132 1259
608 1194
471 1570
981 1292
773 1628
385 1493
1263 1509
1490 702
1322 972
920 908
449 1241
887 1676
1147 1462
1111 1361
4 1711
48 242
1076 463
703 1440
23 283
561 204
1737 689
1569 177
908 513
1402 244
1641 1527
1631 1573
431 1321
1261 611
115 45
1199 66
42 171
1231 120
1396 386
1316 663
1537 988
1469 1429
252 366
1334 338
278 182
1136 1545
403 536
1342 1002
1083 1442
104 192
1590 1354
1748 1078
587 350
1410 1257
1064 1501
1068 61
1156 915
617 1228
189 176
849 1310
217 422
1379 929
1704 454
271 1465
297 117
416 969
381 1013
1560 372
1245 1689
344 1158
580 1658
588 476
155 1172
769 787
1363 378
1421 1396
599 1013
1301 721
1609 1477
932 189
985 1535
730 1159
10 1129
859 1436
1300 1610
1081 1343
996 261
1424 1330
1688 815
1556 1414
1424 318
511 496
401 1553
1311 773
677 1251
185 687
605 1043
1213 1458
38 731
786 319
281 271
617 1620
1125 226
880 888
1579 1135
55 105
1437 52
437 1103
1234 666
497 470
1306 948
1133 59
1273 58
16 943
740 1315
709 1521
601 1183
1458 150
1578 1336
899 1477
94 19
1210 1481
495 29
491 4
602 467
313 188
23 440
232 227
1372 696
187 397
728 1225
232 253
986 762
1633 251
385 462
1005 1381
632 1158
139 933
186 195
1199 790
699 637
962 798
1578 1330
477 976
1393 644
214 694
936 1110
114 392
466 1636
1386 1374
325 1556
1294 82
745 1476
166 1095
542 1517
991 1383
205 1622
923 1523
879 1274
1317 1338
105 387
268 1422
1214 804
368 561
203 71
619 524
309 1002
349 994
1302 990
907 362
1701 95
1017 1014
394 1451
1081 1248
1234 393
773 197
1732 1142
581 1371
400 1225
999 774
1615 1544
1024 469
1481 1133
1418 10
1513 1569
264 41
1059 599
11 251
340 584
1490 1681
64 297
1596 1116
1301 393
228 812
883 1145
1486 1623
1009 837
518 39
949 782
239 1401
27 380
223 1310
1372 1471
871 967
528 109
1271 984
1702 426
368 1163
1673 1125
1321 108
1083 1474
1643 65
505 825
1668 1516
424 883
728 1
1200 611
722 1569
1528 778
1693 324
1648 881
1299 1127
1565 348
703 1547
578 17
942 1744
802 525
200 1014
80 1707
193 1438
1524 356
327 684
516 547
391 748
698 1305
687 1106
464 101
4 915
543 101
384 759
510 1648
853 312
1002 306
1130 1729
1523 1743
934 1477
634 1203
1135 1332
1436 1238
1201 428
15 1235
1509 1291
1746 780
281 1465
1319 491
1253 517
1695 560
1425 1203
1154 1071
320 1354
341 363
1000 489
1413 143
569 221
757 733
725 433
669 1733
309 1281
1670 645
1283 600
281 1246
107 1368
1226 1566
579 126
1086 1032
791 1545
1466 260
156 395
1678 521
667 984
1628 669
1170 1091
978 1069
1662 835
908 942
639 834
813 1731
514 761
1609 1721
883 522
1312 768
399 527
1589 334
13 1089
1229 1121
953 962
951 115
379 247
1477 1140
1562 1354
708 759
386 218
798 419
1597 274
338 598
673 249
1103 705
267 1610
11 1388
778 1128
1018 747
1713 1403
456 775
1363 1130
772 95
511 284
849 800
460 578
1004 505
1406 1110
184 1646
790 849
1579 1435
918 871
1349 603
181 1215
838 824
742 131
1360 1081
1316 609
626 1239
168 1128
434 627
510 710
46 13
565 845
1016 555
1257 240
149 403
874 1038
211 567
1045 953
929 400
1683 1354
260 895
1099 1155
1702 1729
340 688
1451 357
3 64
1211 784
1017 223
1040 922
421 707
37 127
1671 968
1112 362
1450 507
1596 29
1362 1557
1005 282
830 436
671 519
361 977
1549 1303
587 962
1483 556
155 767
411 972
921 1611
1472 172
391 506
882 767
1044 869
758 503
148 1488
557 723
1389 9
643 1366
1232 1413
1208 1696
554 1587
96 867
1632 636
1006 1509
508 176
1190 1594
989 1623
1546 1618
1679 133
575 381
1453 32
227 211
105 1412
405 1413
1536 593
1151 1023
217 735
1233 318
329 1702
910 886
569 1114
256 288
1156 10
1690 978
168 389
182 974
814 1728
1621 650
1251 591
1059 734
1308 1106
1549 1077
920 621
456 1269
202 1388
1180 1374
934 1307
429 1580
501 1127
459 1531
68 1382
975 518
1687 1035
1106 566
1364 55
743 1633
1455 1
844 256
935 706
533 296
658 543
178 983
23 752
922 959
647 993
847 804
1105 1293
1210 1004
1205 1006
264 1257
388 1506
287 766
333 1643
1178 60
1022 992
1667 775
283 530
966 809
1612 801
169 1706
494 240
1450 1381
781 1290
1221 442
1398 852
767 1690
102 1517
1553 967
424 683
827 1110
1131 82
137 1324
1191 79
516 1609
977 196
1312 410
40 491
1610 1477
1406 170
14 845
1494 1007
1587 1447
169 1103
448 1625
166 1451
127 1118
753 197
1120 1667
347 1229
849 1740
116 1470
211 966
829 92
46 1280
202 1377
380 571
16 1275
1514 446
892 844
743 577
1455 151
1745 1038
1671 233
413 574
1380 1588
636 1252
1234 210
228 737
1725 1699
754 967
1 1619
1109 163
1745 1034
1179 160
1586 1145
271 1379
1569 1362
1496 1043
995 1145
1071 1696
1631 1510
58 1580
766 1409
706 133
607 1014
1605 761
1688 1167
1174 83
956 1036
477 335
1667 830
323 955
1093 143
1454 560
20 1681
1092 787
444 1460
44 857
1024 1579
1123 687
210 317
597 1547
1501 1076
347 584
138 765
237 854
436 111
326 1337
1308 138
850 626
1140 188
1702 394
79 1280
793 325
1671 270
341 770
826 1582
76 463
1429 330
1518 487
1134 1086
1545 613
1584 946
151 512
1592 1328
223 866
263 1603
306 543
261 1743
147 161
1117 81
64 1168
147 1311
778 1146
94 1278
1661 1187
185 1086
1335 645
45 738
1502 350
1080 1664
594 1508
56 1055
342 882
1036 1202
367 1054
127 634
44 475
1525 1262
635 340
1467 1169
275 868
1224 906
1123 1702
1263 1376
992 58
3 1187
675 1352
1003 154
139 537
808 1218
752 431
368 1237
1386 94
1142 1524
513 1411
654 1630
1081 225
1170 1291
1002 1226
655 1066
490 1036
1715 1482
951 1094
1130 66
1225 1385
1186 246
1714 215
705 1440
1287 1589
1415 687
321 1690
1737 1007
1283 678
1608 447
1353 542
251 1078
1028 1731
106 1580
298 791
895 314
579 177
273 1218
710 1152
924 319
1702 1460
1575 1137
533 1185
1147 684
1619 666
1457 1516
1069 1002
630 1021
441 1295
537 114
497 461
1197 298
545 276
1681 1147
286 1499
767 1572
914 1448
548 1641
109 1675
1295 1068
599 1715
958 1446
1201 989
1050 943
1416 816
426 287
1654 1331
337 1127
1705 1079
673 109
287 42
167 1090
1195 1054
530 137
1090 1115
501 804
470 354
1565 600
1607 1596
1064 1008
981 824
437 1681
901 1721
822 1289
253 1732
64 60
1279 260
640 192
38 1154
1178 875
1293 1544
624 1226
409 1456
534 1429
267 1290
844 346
1466 1039
438 872
827 848
621 518
231 488
481 485
1432 910
940 209
1323 1386
1427 1526
1479 1193
53 1447
1489 1066
1747 873
1175 745
1310 181
1597 249
961 312
157 694
944 604
989 746
229 1413
1491 343
1364 1288
1300 951
1071 603
823 1460
179 674
1285 1340
1004 852
1220 90
1484 449
1264 114
1097 922
1433 1404
501 639
922 330
948 1742
608 1327
267 1078
519 409
641 976
104 1344
244 665
179 1470
1381 4
494 574
1299 1698
1441 809
1286 1399
647 832
733 127
1371 1045
362 805
806 233
1353 801
1243 52
1186 969
710 1491
1126 982
824 1313
56 894
804 415
225 616
148 900
840 264
755 1484
310 1494
1694 1269
1051 215
764 991
496 297
1495 38
20 319
146 412
1072 950
65 620
917 488
1200 1336
749 193
1495 436
312 884
1473 899
862 1698
1610 220
1099 42
678 1080
211 792
1655 974
482 640
1247 1248
472 473
626 495
595 888
1287 333
914 980
1397 1418
1205 1657
57 101
1627 619
168 1626
15 153
765 472
1655 774
604 1668
28 19
1540 1518
1241 473
1554 234
1362 837
154 1038
1457 76
867 692
730 283
1254 695
1373 1697
1701 782
1475 1500
1002 237
617 348
1174 937
190 1532
1514 1443
64 47
1543 296
1133 248
874 1504
1642 464
1533 1538
1145 959
1113 203
1149 213
1125 1711
1156 71
1416 931
399 1606
1500 851
1217 1452
955 138
1445 280
887 1631
236 210
111 1327
161 74
1411 1105
943 98
150 1604
484 868
719 52
1248 243
1274 1298
332 1152
1184 1365
196 676
1449 342
730 1070
580 214
580 1332
541 1115
1254 224
520 1235
262 1416
731 1372
1089 829
226 798
1068 1425
982 420
451 503
1041 1002
785 1570
1465 1122
681 353
605 1406
286 1028
272 716
487 106
1468 63
566 8
1192 996
700 1442
377 1264
467 1542
1623 905
722 1009
235 685
1192 173
313 405
433 870
1592 505
270 1450
1333 659
1291 1148
1619 655
358 1213
1662 1267
869 816
633 1166
588 1207
1037 738
1723 1179
952 241
699 1304
519 1670
989 733
1269 279
736 623
996 1738
600 1361
606 1111
623 1275
851 610
1153 521
240 51
1630 1245
321 1679
1443 980
214 1254
712 943
1308 1377
1722 30
1052 370
311 1199
521 44
245 917
1198 1011
1729 1001
1192 1666
902 951
742 1179
474 23
1512 1154
597 1641
1672 674
36 708
612 979
493 1064
158 300
1521 1171
749 1439
1554 914
607 1017
100 151
1570 826
328 377
610 1668
159 844
366 452
1108 767
876 90
479 406
442 1029
1196 1244
865 194
46 799
109 1636
1082 344
694 1316
1470 932
175 1092
1093 1414
1521 1081
866 745
1436 1564
1634 1671
639 1725
376 1649
1642 1413
385 179
1473 901
1202 452
896 104
478 444
1346 1431
54 164
434 120
107 625
664 112
247 48
240 1411
1637 1612
521 721
1626 1616
49 73
548 1640
1453 109
373 1487
758 1564
1436 829
575 454
628 1283
907 1726
1734 1199
375 1261
391 1442
329 1718
136 199
1061 708
1549 607
170 1100
594 351
708 902
1172 691
1075 1155
412 573
123 435
1541 1624
1108 1572
388 465
1364 41
1166 487
1482 739
653 334
1572 720
528 264
1006 1565
1265 1699
1369 1309
1650 330
1403 590
1346 969
1353 1260
595 551
396 59
1160 839
1013 194
243 1413
1232 1541
759 1233
1269 240
879 447
1689 25
124 388
428 552
892 513
1601 709
62 641
445 55
453 523
260 314
1340 472
398 479
1603 11
1494 534
707 1344
1222 1575
1520 1537
250 1284
1728 872
1155 849
1708 1081
474 1003
996 355
797 474
657 1203
887 1650
1375 297
1445 56
353 1266
1080 317
1671 416
977 1186
695 1746
137 963
179 735
277 208
762 1168
1259 1420
1587 1626
1137 1097
306 1207
1120 886
424 404
1706 1698
1176 1717
491 1352
1704 817
1749 1046
1504 1129
1197 329
1617 1048
455 94
1004 1454
47 738
141 1415
31 1638
1691 630
868 1508
1723 1320
1732 1205
1703 599
1124 178
918 1424
302 806
908 167
975 264
567 1705
921 1145
1017 735
912 1072
1258 1240
1305 128
1467 1566
1528 473
907 902
1505 1162
1298 1503
853 963
369 997
1215 1222
1727 1171
960 1088
1488 1259
1618 727
1030 744
1079 1067
136 1145
435 971
698 1293
1381 1713
1635 1670
58 269
496 1623
1677 1614
1569 479
419 16
105 1028
1070 55
942 1283
1634 1119
1563 1333
261 1202
1333 107
990 1168
1158 1051
752 753
1527 1490
48 1108
1446 825
672 1282
1334 640
955 1357
337 1201
333 686
1633 643
681 1649
1049 1027
879 193
1291 374
1204 205
923 952
958 69
1517 327
1156 1065
1415 975
266 689
323 84
563 1730
1084 373
1326 780
368 764
739 1677
461 1253
1572 759
307 310
506 950
955 584
308 1457
1059 1703
672 1377
875 97
1480 619
1347 1482
830 1495
1722 1603
1003 23
891 651
827 1421
697 1573
1482 944
716 609
770 1230
574 289
1726 1674
1539 790
401 549
1019 1568
1549 718
1144 1505
1343 616
1086 293
221 775
659 1016
990 942
991 1073
768 1608
996 713
1622 917
1311 270
1740 204
713 595
1542 1654
825 452
1666 181
1713 1213
748 70
1336 1212
712 800
410 950
1131 1436
252 625
1680 1523
478 0
1337 1705
1329 296
729 1088
1664 330
951 199
592 100
986 574
1470 989
1117 133
553 999
1177 1708
326 308
1096 414
1282 1715
1249 527
1720 16
59 157
1676 1107
1045 237
123 956
577 589
1309 747
1139 658
137 1024
1532 220
1614 707
509 1116
1136 27
1344 17
136 805
813 1691
39 601
628 541
1570 169
777 295
1376 378
431 1475
980 218
452 338
604 1472
1367 912
125 768
416 376
377 627
1052 427
791 949
1658 1732
87 589
564 1627
786 368
265 601
368 1539
969 1081
196 1177
679 1549
399 505
1422 1223
99 393
795 1118
1066 1680
44 1437
1045 854
1146 143
710 1465
855 77
597 1283
429 1148
1619 149
1305 718
393 69
424 1740
1455 40
256 1556
817 1715
280 793
180 1393
345 1438
994 1352
885 1659
1131 1551
1638 147
460 104
1091 1539
1494 967
580 1421
171 513
1660 102
1646 1091
1306 930
230 1239
621 537
1124 392
1288 399
288 1414
420 264
416 1431
24 938
284 1601
1015 863
470 696
1294 531
1470 46
1154 485
988 556
1459 459
355 586
1242 1141
855 1010
1350 867
1435 84
347 1715
761 523
526 404
755 1447
1282 1617
1348 964
237 1467
451 613
576 895
1470 451
299 795
1218 413
1512 554
342 814
878 629
1692 1279
810 283
376 1419
162 613
570 494
1466 797
1667 740
1155 728
1119 1638
702 1502
1089 919
914 218
682 1725
1000 1613
1061 1597
725 1128
1650 1743
295 1679
113 310
1043 623
1435 504
893 500
1009 1223
1431 1294
1646 1695
661 404
1629 1252
1073 1104
1501 960
455 996
630 1415
1058 1575
1415 362
1358 601
949 984
284 30
1372 1369
1571 758
141 1112
396 1263
507 1036
1063 967
1627 1323
1080 642
1662 1677
1469 546
612 210
876 1195
787 308
437 1072
258 1744
1273 747
1308 1282
910 850
595 1678
1470 1629
997 509
1547 1540
794 839
61 1498
160 1469
40 1371
1097 832
1266 1092
985 1537
268 1486
977 1168
126 1142
1435 1367
1694 787
85 1272
308 219
728 1511
1619 1665
46 1444
603 493
191 196
1120 328
1645 1259
1136 1065
805 349
778 1121
213 1387
904 1620
324 228
617 676
786 110
1398 505
918 543
1528 179
963 622
765 1198
1338 327
387 1724
1183 307
1196 222
708 573
1375 897
523 1124
7 120
1714 1177
1454 596
530 430
213 558
1677 629
120 1411
614 1427
918 422
247 597
567 1441
367 1642
889 1002
600 35
946 1598
283 554
1048 449
402 1089
488 4
1414 1321
1260 787
764 1738
1648 887
33 1021
948 928
65 272
1714 1425
508 796
1093 1462
70 1085
291 1196
780 1235
277 403
752 103
40 908
273 389
805 1474
222 1346
1039 810
1546 1043
438 1275
1170 937
71 433
90 1054
962 1693
837 1358
1233 1380
1000 571
262 81
64 527
501 893
658 1207
119 1352
129 191
344 283
945 1569
322 1630
510 1370
1467 642
329 426
50 1646
654 25
666 920
1220 1685
588 919
1516 292
1141 824
372 707
994 1332
798 324
1125 4
928 1210
291 1018
991 364
1549 439
983 1232
882 904
1009 281
296 1582
324 257
139 419
409 718
213 240
487 265
1672 534
196 132
89 1227
909 414
649 1632
1029 1410
732 1548
1466 215
785 1111
1306 1259
44 117
634 547
238 60
54 301
493 404
1582 1502
486 1436
24 844
691 1576
146 896
1639 1368
50 1559
792 950
1728 34
1174 305
1295 665
1199 70
1614 412
407 896
519 1004
1238 234
1638 846
751 933
795 59
1703 1071
1163 1469
1657 651
1733 962
61 107
1450 1490
856 1107
1048 516
1710 553
329 1157
1373 777
1149 558
835 867
942 167
934 871
1644 863
1630 946
685 1313
542 1084
825 674
1453 993
271 1152
145 1417
689 1052
904 1631
272 537
27 688
1538 380
214 1108
706 199
1657 891
315 189
406 281
1625 115
952 275
822 171
305 495
534 515
354 799
384 20
289 631
31 159
462 641
580 796
1738 177
1294 21
1532 1278
1390 870
535 1326
1255 887
1434 738
1071 381
239 199
200 1194
1009 653
1235 1621
25 826
918 217
1514 836
990 258
1266 818
453 926
649 1317
438 94
598 114
881 1620
1647 1472
406 710
126 565
1191 1167
205 152
714 1216
470 1194
607 206
254 243
1382 552
1505 813
842 414
534 1241
238 1623
1072 1555
913 1457
1200 672
970 1136
1573 631
295 592
120 1303
1650 1734
1051 963
208 536
298 479
751 694
599 1696
1387 619
484 69
902 253
1359 1297
912 886
1006 717
1338 715
150 432
47 1232
744 600
1736 1177
307 433
1357 830
753 1324
163 1713
922 1203
1109 1251
1046 441
41 171
741 1706
1484 1624
320 88
468 231
1050 60
378 1273
307 293
1024 377
155 1673
602 445
606 579
1674 1398
609 956
1481 1401
777 1659
281 256
1626 500
1362 271
139 890
951 1133
221 416
1115 1616
1614 331
63 269
1116 29
612 386
1335 325
1366 212
439 1014
314 130
430 1010
773 13
590 567
328 1357
694 272
917 736
1499 1365
149 1529
1288 519
1419 739
803 811
305 1326
1599 230
1466 21
1585 340
1141 191
1544 573
181 1679
1140 1079
1745 740
625 944
1464 134
339 1137
1708 197
527 123
649 735
1138 459
1475 868
928 1076
812 737
1381 1404
1463 1424
958 1101
881 401
910 711
339 559
631 1533
1342 1666
545 1719
791 22
1484 1007
1324 1585
1048 1684
1183 389
479 1422
590 1182
1351 1062
1355 90
875 1627
1095 42
661 324
646 513
1594 1215
120 1511
119 535
1663 1434
1478 1644
1115 532
242 1195
399 1100
402 859
709 738
896 573
1316 640
170 1091
170 608
1658 467
1375 1543
1175 992
444 149
1718 1620
426 394
1713 1555
1661 1144
1069 1281
1193 1680
818 432
917 1518
1577 1051
303 1168
927 1052
1173 1148
571 324
693 875
1064 490
459 801
1688 1507
185 714
343 1294
741 19
1621 88
678 1501
729 243
989 1439
1638 455
1186 1338
730 1577
1250 732
404 301
59 653
1293 350
47 1098
377 1165
1551 702
720 878
1696 1013
356 803
1339 502
35 1198
818 12
967 449
1435 1332
911 549
1160 1156
359 890
813 833
1744 532
518 532
703 48
768 1074
513 101
1155 1451
573 1497
698 972
1329 1284
1649 1159
214 991
900 1132
768 489
805 1618
329 874
1489 272
1244 671
1095 911
908 1371
1506 647
1233 1173
1741 314
535 514
1685 470
1271 1352
814 334
1148 1568
882 1172
1682 1731
210 895
1107 1600
1522 941
1520 1124
635 353
730 1003
632 797
564 177
1233 641
746 231
1401 505
697 181
1243 585
720 71
860 722
941 1630
405 294
1562 1006
1135 741
1405 338
1683 1127
1059 492
539 627
7 1437
1188 88
885 941
737 1176
1332 644
1036 675
1600 1520
1304 75
573 707
1686 616
407 146
605 454
231 365
1456 8
802 34
1584 1716
964 55
1355 1685
540 1185
719 6
1274 983
1640 1592
130 1251
32 806
1500 798
1165 1684
1033 1011
1354 976
542 1612
1274 756
1553 132
1433 723
145 273
819 921
1391 119
43 52
1744 561
337 1492
143 135
1088 392
1565 73
404 273
157 1447
1499 294
1344 35
720 791
38 1587
1722 106
52 885
432 485
222 1385
552 400
972 1440
288 1060
1288 1244
1379 841
142 70
1646 528
1307 455
150 485
100 1330
239 1085
974 47
505 1617
629 1614
170 1288
591 965
30 1131
1486 861
486 829
1299 1066
964 1516
1351 723
155 1592
492 381
1511 13
48 88
1472 1134
1663 1625
172 1287
687 1435
1394 584
670 741
635 613
1208 637
970 427
1267 1598
1478 1316
328 1667
52 1026
824 635
1667 1459
1685 570
1151 49
872 1160
438 603
1189 768
1608 205
525 985
490 1458
667 769
903 1393
1317 322
858 244
191 1281
649 1201
691 442
913 1668
1043 1704
62 1279
994 678
480 1610
937 1320
444 1529
1714 44
511 255
854 1427
625 1448
125 589
675 650
648 843
1449 658
822 1261
2 570
1664 1056
1484 491
1737 1633
1047 1276
996 597
978 870
1246 1040
1297 255
232 1732
276 451
649 1719
935 1288
840 1589
359 696
373 314
1246 865
363 1174
101 1471
1163 1701
1659 1427
68 1087
887 311
1688 347
922 1164
1696 471
1300 252
645 134
983 464
1729 1472
1012 279
1010 889
1483 243
1549 1050
61 408
210 650
1280 416
1674 1359
1058 901
1642 1541
44 131
1154 944
441 360
349 583
685 1394
1477 358
459 1015
1236 346
1195 645
260 1271
215 1048
1254 673
1077 836
1311 810
1682 1543
232 254
406 61
1445 475
757 76
318 106
648 410
882 1402
183 721
504 457
1373 652
527 1100
837 281
715 718
991 578
212 1325
1410 1643
1148 884
283 1629
468 680
1617 1309
1035 997
727 1643
117 1654
1294 1358
696 1748
1571 562
1376 79
876 68
823 966
1266 1219
141 362
1449 555
1644 1032
904 75
244 1295
1519 1540
1634 846
318 30
1651 1284
126 1657
1171 1561
573 1247
1403 966
1218 494
574 487
1608 1437
616 203
1414 1273
53 827
1411 1185
1043 458
1072 1388
1589 157
467 478
1248 309
328 419
887 1409
485 1359
1064 1485
9 776
258 238
1042 1709
363 1170
606 254
1243 143
1418 1697
1606 1384
817 1506
1631 987
411 304
876 1355
1348 1299
1083 718
1588 1446
849 95
937 722
329 298
123 636
1445 1684
262 1428
1480 28
936 173
1160 513
410 1555
788 662
149 841
518 1090
1082 1730
1026 1630
84 43
32 484
1645 1420
430 596
627 1536
419 175
61 204
216 520
1448 954
689 1659
1570 1230
673 745
828 710
1108 256
811 1601
1520 738
602 1242
437 1459
1749 504
1209 1112
904 782
800 1310
1296 242
1214 429
1472 890
1263 1561
598 56
80 97
1695 1094
483 254
1318 1266
881 1734
632 1522
497 1258
1015 1382
144 1403
239 1481
1012 600
109 892
768 293
877 346
1173 1522
409 1047
1696 785
1324 201
1531 824
665 922
1633 1083
309 1045
524 1194
1268 633
844 1315
337 735
331 1344
1260 226
1732 494
393 285
721 131
16 175
931 639
1104 374
904 1676
1571 486
1488 532
148 489
1634 717
1255 736
601 789
1125 851
1134 1644
271 59
923 1415
966 781
1360 571
1407 1644
1411 1336
815 1221
288 754
1110 45
330 243
646 347
1172 1734
122 1476
338 1176
686 727
982 774
1279 1084
757 1113
1538 78
1375 814
732 1210
1200 1212
572 1078
465 209
1164 1635
471 363
1726 483
1454 852
193 1043
1727 1658
1400 1256
240 375
141 1021
314 1471
471 1000
1523 35
423 638
1493 890
1515 103
930 1693
1491 760
1596 370
990 198
1658 602
788 1627
1711 324
918 1693
850 760
1707 479
579 410
806 1067
879 468
1471 19
190 1384
579 931
1685 383
149 208
1673 1711
1724 1001
1343 956
150 769
1256 217
0 20
365 1220
86 492
177 950
1438 680
543 1467
305 1746
1109 1728
820 1618
872 493
483 579
1209 852
2 1685
1154 734
201 700
404 1405
358 551
1605 819
1213 950
399 973
1253 999
144 410
1156 1202
1663 883
1239 79
1647 1165
193 1715
1038 56
275 1594
59 464
1036 818
471 458
298 1101
1385 1346
1298 345
1266 1202
433 967
474 283
865 836
256 325
46 916
1418 1035
427 675
1692 1504
998 664
371 925
316 1242
801 547
1068 873
523 124
264 831
1254 1267
176 542
1071 396
1421 11
1162 180
329 307
567 809
117 1312
1225 1145
1550 491
1436 589
294 1372
1736 1202
601 1725
861 633
1043 1446
930 1067
975 1355
1510 591
814 835
1156 549
699 1576
1100 1399
1400 1084
650 593
1728 1312
1689 819
788 1032
1172 1646
77 969
647 940
1486 89
1330 1231
1181 733
524 1555
1188 1570
1662 350
1326 216
1439 1601
1492 1201
669 1345
203 389
1078 1309
1264 1213
1098 1541
1510 1046
1061 585
1100 1610
751 272
352 1156
637 1662
63 447
1304 292
121 628
1493 1372
1593 79
695 1538
1465 1152
1489 553
1583 481
1199 1096
335 1019
547 901
424 1064
1697 1670
455 1318
1554 133
1584 1521
1260 47
1336 611
1123 654
1073 224
1578 151
535 294
1090 561
271 1150
1452 204
1053 1417
1406 3
1271 884
863 1287
1236 942
31 1156
1545 678
660 868
700 151
458 581
1103 710
848 571
955 1120
1208 528
5 1456
246 1423
1178 238
187 432
602 57
758 829
355 597
623 616
165 1430
1021 1716
1127 547
886 77
761 441
477 91
1389 534
1623 264
688 66
1208 341
171 495
1267 629
1204 584
827 1390
1135 1083
499 1473
689 566
1622 901
1471 916
1746 646
1160 272
644 186
1712 1187
1261 1336
1610 81
1314 1376
1258 1306
777 997
138 292
443 869
229 1241
62 926
1184 1407
1108 384
564 161
1550 1677
161 740
391 1075
952 1164
789 1735
92 1668
311 1409
334 620
42 1358
187 1085
435 1237
779 140
825 459
643 128
656 729
955 1667
1665 1257
890 916
284 1672
684 1715
220 1500
310 1484
949 458
1695 1004
728 40
756 961
1321 465
1614 1452
390 354
189 366
642 1526
417 1082
1732 1072
257 610
1629 959
300 785
1558 761
649 910
948 544
182 21
909 669
612 76
1360 1343
468 602
1358 1621
1696 1509
232 1273
742 1298
931 1657
708 1214
1062 242
1090 1707
1107 1096
420 448
1404 1625
773 480
165 1022
39 449
1738 739
732 430
1192 1541
1033 946
1195 1665
681 177
1123 507
1331 966
690 176
1717 292
532 768
340 1245
874 57
830 148
519 1551
100 1578
1711 915
1094 560
1503 764
428 595
1479 1114
728 1455
1346 1582
570 470
477 1019
1461 165
1731 525
1672 601
1066 679
934 145
1103 472
1088 692
1344 973
320 591
1630 761
1174 1291
541 63
1540 1640
581 466
1367 710
520 1020
1503 786
793 1464
421 43
281 677
245 709
619 702
280 1055
27 1551
580 75
1112 1551
1581 526
649 1556
939 272
662 1190
1301 101
28 1378
252 1257
1228 1411
547 1721
71 1128
1175 448
1332 1653
1649 194
1256 713
22 392
917 208
1255 536
809 763
1150 933
973 694
809 1076
1635 107
506 59
696 135
753 720
337 1095
830 1250
1074 398
1690 720
1651 296
1153 444
103 322
317 484
676 1207
1741 1271
249 1549
450 923
1352 1251
1549 1027
1151 217
1397 1163
227 332
1318 555
187 1731
1149 1139
1738 1649
790 556
180 1450
44 1371
368 1053
928 1688
1239 1167
1420 1281
1270 1236
1592 1542
149 1716
699 1148
1539 1014
1339 193
321 968
185 877
644 1681
620 933
1431 1708
1314 1716
173 306
771 294
616 789
200 1037
381 1319
1626 263
70 844
63 768
1705 1067
1660 534
305 612
180 360
1270 1188
1689 1627
911 1456
630 1450
1677 658
457 665
1265 463
1503 78
372 1373
1221 700
1054 928
760 626
1573 1397
81 665
232 572
177 1550
677 278
1515 933
102 1141
854 642
365 110
1486 1169
272 1473
172 206
1053 833
657 865
770 787
1476 1663
1353 1517
1015 285
1282 793
354 1552
400 771
399 964
671 1100
772 1646
1530 1342
1299 1253
985 809
778 1205
1193 837
455 986
812 1265
1313 45
26 855
152 792
377 1118
517 1473
1288 123
986 22
1164 851
687 331
34 781
326 610
1274 1438
892 1261
769 864
436 86
72 124
726 1130
589 264
1477 1219
1098 1413
623 405
294 101
1027 594
1187 494
838 242
1174 400
301 1160
1088 983
1620 1096
1170 1730
1367 886
517 702
759 291
1287 686
802 211
99 1050
817 894
606 1395
668 1426
529 662
1114 1277
1051 1563
722 373
247 434
1459 855
1518 1304
1297 1595
1586 765
781 210
68 1685
302 1067
1359 1595
1168 1649
292 233
701 876
1170 1155
1216 323
1076 1260
1450 1072
119 51
216 668
1520 1350
144 227
1459 436
445 673
1403 985
648 1211
1656 644
611 133
420 1257
846 1671
876 2
1072 383
1641 481
27 1341
1432 1370
589 982
1304 1745
1210 244
15 1081
414 226
1275 326
910 1702
1676 819
1562 1069
1135 1486
199 284
616 71
1161 334
184 634
618 1336
1088 1699
136 687
1741 476
516 1429
1658 1073
1353 456
25 360
1370 292
1710 888
73 1161
1734 939
391 764
1051 1380
240 1342
988 47
583 912
1490 1308
1405 640
334 139
1427 1207
1268 1057
438 1229
929 562
1364 519
1216 1345
399 1085
1083 1575
603 424
1559 272
373 382
1421 577
912 98
1524 1682
829 528
1309 175
929 425
1377 1347
1247 377
429 305
144 163
254 1732
621 1405
1367 328
846 1466
254 1205
1609 370
274 200
195 1117
368 214
230 400
317 393
1412 890
144 802
897 953
231 1453
1616 475
1015 326
1729 1146
1626 1603
1077 209
270 1004
1513 1474
1474 829
930 192
327 547
347 1204
965 91
1302 1338
1277 350
918 116
1406 832
645 1414
1498 91
398 1362
331 1067
237 415
94 1735
1424 334
377 309
1096 1294
1243 1415
599 1270
972 293
1161 359
475 585
121 518
1083 5
894 938
469 455
747 448
1006 1744
1608 1242
1158 1063
1739 517
103 1031
337 422
103 753
608 663
777 11
1652 683
174 1350
435 105
550 668
119 1247
1441 1001
1580 1434
1640 322
437 822
324 915
321 665
44 721
1438 418
495 1105
1099 452
1595 1405
87 400
1021 1122
438 526
637 1291
1154 1224
158 341
1604 1031
1654 677
169 188
511 1672
1121 710
552 6
972 1287
1671 289
1482 1033
121 311
1018 352
1454 505
914 1368
1090 1189
839 1558
953 642
724 1447
1094 1234
209 330
1197 28
1653 323
38 734
1735 1664
852 1688
912 218
268 816
1144 1100
579 1006
685 1545
489 1149
534 1110
167 1115
857 814
1040 1472
1000 213
770 1188
643 715
103 355
438 858
378 1239
1228 523
1005 362
803 795
803 1010
519 105
978 1138
1043 1661
1204 444
1150 929
290 1564
469 53
848 1089
1357 1250
1392 235
483 1459
1224 307
1724 1206
1152 1122
1437 1077
29 172
511 1004
1157 949
383 1286
1467 1238
1338 643
1342 237
857 1109
1462 1464
772 1022
674 926
1061 1098
1552 1626
345 1075
388 993
73 423
947 1680
253 923
870 1317
1604 485
312 897
737 1725
956 818
574 704
487 1352
1356 130
1104 1546
1435 820
168 446
156 264
828 301
639 1034
1059 1659
1472 1471
780 313
430 1000
558 919
1288 1100
1530 544
659 379
1588 1131
145 1465
12 432
621 1283
1197 811
106 641
1597 805
588 1620
319 228
1417 1243
1303 402
464 1624
45 1651
884 1536
864 1176
674 542
303 869
1460 1408
1242 1613
620 776
498 1485
814 1501
1270 1230
917 1042
1615 899
1137 1350
1552 122
700 1178
1065 1083
1112 1745
1296 1672
0 1178
1281 1226
606 1056
1071 144
507 670
1662 1226
1316 91
1111 1291
1655 72
877 939
1573 265
374 473
590 1545
1223 710
336 1490
834 1175
1633 847
918 1365
469 904
688 1662
345 415
1620 401
548 736
875 62
196 926
1370 464
1065 847
457 1575
1307 1268
1400 1016
1555 434
1189 1177
1195 1101
470 1245
944 1472
862 951
1009 16
526 493
938 256
1511 69
681 1033
177 8
1746 216
820 955
835 243
52 638
1333 1307
1108 1690
47 313
349 820
1572 1676
206 452
454 1196
1684 538
1342 309
485 85
926 204
1055 1556
292 1079
1478 1684
78 16
1148 164
299 1707
1571 1436
1063 1241
623 1676
1120 1551
813 1112
427 1179
16 984
1068 1635
1646 1401
1185 1284
374 172
1605 1673
956 1458
1416 1547
1389 1025
1615 1191
87 1421
1306 383
671 1717
1029 865
1128 1611
820 1367
298 1718
753 934
1458 1748
755 334
329 588
932 169
1332 84
586 858
821 1611
1693 419
1132 1314
122 481
348 923
1235 242
1394 1313
761 826
1227 99
1060 72
825 1365
1063 1633
623 1631
148 1259
147 953
1061 907
33 1186
70 1241
1311 1082
785 43
239 1128
1323 94
1352 1621
631 1346
107 1639
1672 1365
659 455
832 656
1136 635
891 1631
799 299
479 1544
180 60
168 1303
305 735
1624 1078
428 1065
379 1318
1313 757
770 785
555 129
175 326
957 1463
292 248
946 744
395 264
304 169
1742 1210
231 408
466 1031
391 1727
140 1685
27 1622
697 289
371 755
8 1159
827 353
1677 419
1527 1681
894 325
84 624
1543 962
1619 40
606 1639
560 852
1466 894
274 1680
737 913
1374 1087
1100 435
1449 129
1108 285
233 906
307 827
1152 209
1679 457
1437 1276
682 1265
865 1203
1274 1503
1011 1574
1147 1042
9 175
1408 411
327 1437
1492 1645
728 412
350 962
1569 142
254 1743
1104 1542
163 744
1555 1231
1268 1485
346 894
467 235
1513 398
881 1676
48 1547
431 753
1641 735
1477 1266
811 1247
1530 522
788 1089
1439 1635
7 1286
636 1510
116 818
1070 23
566 681
264 822
0 1689
1328 577
49 428
719 1305
836 107
95 1305
238 1538
1121 1103
42 777
1550 146
369 1697
565 1296
1542 228
1120 1125
1725 463
337 1660
529 1323
621 561
860 879
1656 1393
1031 926
1081 976
1037 572
668 27
930 336
508 542
1157 1472
1371 258
185 484
562 1482
1435 1614
1051 84
1374 237
614 509
1552 319
1044 138
1487 382
93 1640
907 249
1705 302
294 1369
504 1110
916 1461
671 123
14 1507
1018 652
218 1448
1376 1191
349 652
219 463
1668 1699
809 944
490 1616
1637 24
1591 389
1034 1684
118 641
279 1248
1399 218
1734 1044
142 844
49 1432
739 1159
1232 464
767 158
1166 1030
273 697
1495 77
1613 610
1622 1485
1518 623
376 863
145 1559
287 1567
838 1721
352 1692
205 1584
1406 370
760 1152
556 692
1242 986
752 1563
1540 155
1244 1551
355 1013
297 895
1245 819
88 182
1041 70
961 973
1163 1697
1691 196
1731 975
577 1388
1585 1341
1022 1561
719 595
431 20
169 271
524 1378
588 1099
430 795
1718 1527
807 932
573 1452
278 320
767 1135
587 4
1617 1020
462 97
1052 464
1485 494
36 1136
856 1199
1535 900
1215 843
193 900
1337 76
1693 1538
392 57
1131 1319
1323 1180
234 665
1517 1153
831 1567
776 1741
239 1646
95 30
1142 651
1430 14
1487 427
555 1613
1119 1310
806 408
1238 1594
1700 234
469 1600
1560 1480
322 1245
758 589
1553 443
414 587
987 1096
1643 334
1250 1495
1401 1184
1003 752
348 161
468 1503
1416 173
1687 336
1032 1440
1446 614
1733 587
100 1722
810 560
316 1149
299 689
1207 186
256 188
381 1270
484 594
90 470
492 1703
852 546
756 375
1302 302
1031 1052
1645 1680
1062 1211
1535 1132
1495 557
695 569
919 1267
730 361
205 1521
913 308
1686 82
1592 266
1040 1498
766 642
839 1487
487 1277
1423 954
1704 317
549 100
80 1408
326 864
1371 603
156 109
1594 1679
1054 1240
1461 559
1741 675
1238 1215
1083 409
215 1042
1384 1150
582 1424
830 1189
1070 581
888 1549
577 1271
1369 834
731 696
919 1564
875 1117
555 597
404 941
1713 525
464 294
736 510
1496 1055
855 1556
1547 1172
857 1654
1476 14
1590 1157
61 922
1168 246
300 1188
672 1473
1054 383
483 1575
497 1054
275 1303
208 293
643 1289
1717 1140
990 1489
1072 1459
1344 961
810 23
1161 980
1227 1736
685 584
1152 1665
98 1176
919 130
976 72
1134 972
1121 1223
1218 207
900 494
1184 809
923 1243
854 658
794 596
969 1113
1444 1314
1552 791
1179 182
1306 1742
430 67
1312 1591
415 1396
1747 1498
715 1047
526 661
1070 344
989 1153
616 1226
903 1200
337 473
1183 1516
1637 184
729 1260
1509 1111
610 682
593 965
1437 1047
154 1126
247 129
230 92
914 784
1405 255
816 1137
1534 905
544 312
679 999
1421 1412
216 494
575 396
682 308
896 412
236 1395
1344 463
415 440
1577 1287
416 1181
49 1539
320 91
179 505
1258 470
1099 728
466 942
103 687
1128 870
1614 1012
1576 1611
1031 1252
28 1231
513 971
701 1355
356 1010
497 636
580 1297
1272 229
381 294
369 911
582 700
1118 1666
759 142
1034 1165
683 1465
618 1527
774 388
1153 1309
550 1355
136 507
83 737
357 806
322 1287
1740 522
1426 1034
962 380
833 620
969 1360
1410 1675
1464 320
1527 672
442 1285
288 422
1734 71
278 866
1163 568
1063 1324
1534 1248
251 29
1711 1693
574 502
1523 154
351 1089
1366 1404
655 1593
723 1091
435 1682
31 709
1429 1124
454 170
1210 184
1492 711
800 438
999 439
293 1440
1493 731
1039 1052
781 834
1140 1574
786 764
1545 205
869 1186
613 340
1299 655
1402 1058
1472 1478
128 1482
612 977
1598 1430
1615 1720
1490 1022
77 167
1310 1501
61 1052
854 863
261 792
281 1150
697 1166
1674 1732
52 636
1298 786
407 744
512 1131
258 441
1610 862
805 512
674 1612
1259 20
127 1069
1195 480
554 111
1395 390
687 1579
1151 422
1719 468
1595 482
247 265
800 858
734 11
1053 1231
605 1522
203 1183
566 738
579 778
1660 1617
1370 983
1239 971
180 185
1508 919
1389 1279
16 83
1068 844
299 122
496 988
1227 1625
126 1357
335 124
676 1046
69 154
126 1377
129 945
1311 1512
565 1062
367 844
757 1686
1137 61
1537 1124
1408 722
1157 1099
27 584
711 879
365 233
1674 1607
642 440
1091 223
1205 1485
33 467
318 662
33 762
519 207
502 265
1227 729
68 18
1016 1367
931 1010
1018 1697
582 1578
947 805
1416 1192
790 67
182 453
1595 640
623 1620
1590 544
474 565
764 1049
2 1054
1274 13
868 859
116 1656
381 1696
870 1084
386 914
1682 968
836 1443
1719 860
545 1093
607 1027
982 1675
1088 1232
145 1276
1657 617
1471 135
611 1393
846 348
602 1327
624 1427
104 600
1272 967
1491 1150
583 1341
571 419
1571 1089
520 382
1391 937
1719 462
1726 902
1515 137
1039 699
1388 1338
107 980
1512 732
1577 856
660 972
1668 1337
1224 725
1698 1026
1156 997
1516 765
1089 1436
487 840
282 406
1682 1028
492 1071
712 1724
717 1162
259 1078
539 677
951 1004
1198 233
443 272
231 690
651 717
250 1345
1102 1493
938 645
1478 972
330 867
210 900
690 1631
1303 351
842 587
747 212
321 1230
34 1668
683 114
82 1069
303 762
1312 800
181 244
1541 464
561 532
266 1546
886 855
308 76
232 730
920 740
1293 1137
1404 1476
1032 727
960 234
323 583
711 742
1234 58
243 1088
1004 1672
795 122
631 1163
828 877
81 1222
1669 827
210 1488
773 1195
633 487
1565 147
379 555
33 1046
1133 1589
1075 1694
373 1356
219 18
312 309
1588 1066
970 635
1531 1074
1559 537
55 435
1427 543
336 925
1321 1506
1519 162
1295 657
1366 14
1190 1700
372 82
1329 669
836 1396
1468 1074
667 1092
1697 278
115 1651
1221 595
189 1351
791 1269
846 1722
269 898
617 383
329 194
1218 1573
1608 1020
1039 344
344 137
1398 531
1220 1385
1588 1595
67 849
1095 458
1175 1273
1719 742
1184 796
26 437
230 456
297 430
901 1477
1311 434
1127 901
1098 359
1500 226
1592 54
305 1576
409 1222
1174 429
1562 31
982 41
1523 377
1308 1534
1262 658
383 862
480 289
354 1197
868 402
1102 968
130 593
291 662
21 774
319 208
809 1444
1201 1252
770 261
849 138
1578 512
741 571
397 1487
8 946
1222 457
1114 157
1156 509
273 1501
1731 702
557 406
1245 514
617 147
74 1550
1214 549
1155 1143
63 113
990 621
9 895
1612 1207
1501 1467
783 973
211 985
801 1221
946 1544
293 867
1479 214
810 1003
1583 598
1659 1207
602 364
167 518
1331 211
1619 235
383 1637
941 1689
1296 829
77 1469
450 180
75 1632
994 572
1433 779
612 461
843 1575
120 868
1601 394
231 1336
523 1600
265 1163
89 1066
565 1019
1163 372
454 1712
744 1525
1490 1617
947 1429
1403 976
689 1697
1748 866
540 1284
20 122
520 15
117 655
1462 534
1573 1358
1158 103
154 159
388 1600
372 503
1087 694
1216 525
934 659
372 1018
1099 822
1587 341
939 729
489 281
673 951
1492 879
497 1649
542 1660
1381 362
231 924
558 970
322 1689
319 874
559 745
337 899
1140 233
179 545
858 424
1716 1510
1462 871
1451 908
874 1725
883 1651
457 1425
56 114
1737 1018
1076 1386
1399 1708
972 1133
245 149
1550 744
1021 1171
208 1337
37 544
1595 338
1638 95
646 1654
126 1214
875 641
1705 18
1465 1377
775 1360
922 1498
1439 1438
1249 1244
1661 1249
446 726
317 69
6 1285
1134 1478
772 816
1721 956
586 67
566 1649
101 1461
633 615
988 787
668 876
1388 1493
516 716
581 139
749 1274
1298 391
1712 1196
1011 217
203 1698
583 825
1743 1564
714 142
817 1363
936 586
1517 1109
125 1000
132 1372
503 1092
819 514
1655 976
945 1229
1634 1565
1585 167
1157 1445
329 139
535 932
627 591
197 1686
1049 467
127 544
602 387
1338 1442
684 1322
470 743
880 200
105 1682
1426 159
815 801
801 1382
1732 31
500 1603
1440 1114
1408 1229
979 57
181 1222
91 523
1268 502
1670 726
628 549
1634 993
705 1379
1470 879
918 964
233 188
1698 941
1082 1003
277 751
1301 1185
615 625
218 432
348 66
1726 334
1383 653
69 402
1152 929
1364 84
1594 960
1333 1209
943 326
1601 1718
1099 458
910 276
796 762
581 621
62 1460
1605 96
691 1721
671 915
1525 573
49 276
1714 754
729 1483
223 1014
661 872
220 239
448 14
1603 1421
734 17
1035 10
586 802
156 515
1645 20
66 1729
1396 1635
1432 1033
154 758
1396 107
800 1146
1078 559
1275 1092
738 522
852 1670
1434 326
1552 1590
963 1400
453 72
1369 1461
887 904
585 325
792 307
101 143
782 238
1197 1010
1081 733
779 1267
514 1445
790 1014
1521 804
321 1542
923 630
454 549
1416 579
757 1595
1098 1493
863 1440
167 1283
504 1419
421 1290
1514 968
87 1597
190 833
257 83
1534 1147
1006 31
1455 1616
6 521
6 857
1559 938
595 567
562 1550
1521 1716
1078 165
1550 946
417 1036
192 1445
117 1178
439 54
1454 1014
1481 76
600 973
151 60
1650 1113
1230 699
1222 1068
128 1456
198 1443
1282 684
1497 37
1199 198
1209 1536
1654 227
345 977
25 1480
1350 1429
673 708
269 921
1568 418
553 1091
1399 221
1679 1133
1331 46
264 1636
194 640
717 564
501 433
102 1382
1519 1641
1074 665
299 1197
614 235
436 1065
1550 1533
520 569
1201 711
1196 237
1031 1334
200 1027
711 478
1744 1090
1636 171
1164 836
1272 1143
35 1118
1631 1581
261 775
1535 1663
510 887
942 1468
1526 440
966 1203
1341 277
1652 1097
82 1730
1669 639
757 1081
892 735
1197 1115
1609 358
770 19
1424 512
1707 735
1703 1696
859 758
263 1412
1381 670
1234 1388
377 366
1529 142
337 1102
156 92
1198 188
1700 1275
1743 1069
339 1449
1247 334
423 636
388 108
1713 859
922 877
1145 540
1109 1160
1726 1416
1234 1262
1337 1717
191 1683
117 144
129 1547
196 139
653 1739
1567 1289
711 746
31 717
1313 444
1626 433
1124 1260
1101 824
590 525
247 342
668 242
1587 1703
131 1057
49 451
1606 387
999 1404
1219 950
379 1016
602 1240
1227 522
1403 525
869 1643
1342 1281
128 863
1636 243
500 547
498 1218
803 298
1570 1476
1565 923
816 655
606 1623
93 1572
577 1514
968 1413
1727 1348
873 366
1307 997
794 177
43 1525
1018 1383
266 759
187 923
363 1001
1166 1327
1384 450
1686 1183
872 1290
496 1398
364 1073
1186 1299
413 494
149 917
150 1031
1608 1176
584 152
1742 756
201 993
944 66
394 42
1286 569
746 1019
528 1410
437 1074
526 156
306 854
577 636
1063 103
366 1297
349 195
417 241
1292 1694
637 305
1437 1698
1014 438
597 1519
1380 1043
236 1535
741 84
861 1501
508 1688
1225 13
592 343
1309 1175
1498 873
294 696
1734 1107
1162 450
458 666
361 1553
1317 961
536 904
1389 449
1203 1514
892 1289
707 37
1691 1384
520 1062
1307 1687
920 1302
1687 45
1210 1283
441 1180
634 1342
1595 192
1676 1620
979 1098
1459 719
878 1459
1620 75
277 149
361 762
874 1718
678 152
1117 244
581 351
431 1728
979 101
824 678
1178 475
1528 422
1459 1495
1616 663
276 879
34 525
492 599
303 473
1683 571
514 360
315 481
1273 1366
1357 1459
537 901
1463 538
145 1646
1510 654
1613 1141
1412 202
1077 1396
1098 1642
692 546
1114 1359
339 996
1569 1130
21 335
671 964
291 1542
1499 1053
1298 1104
965 72
1677 1598
76 138
882 450
1337 18
1240 881
106 794
1734 326
1291 856
597 939
1071 183
900 1733
940 1520
1114 727
1315 938
501 1626
1155 1
1331 1716
1532 450
732 929
785 637
36 262
155 162
34 567
862 184
750 217
347 152
924 1298
752 92
1395 900
726 1607
292 472
748 640
912 1667
532 1322
1291 429
1036 150
1338 1305
1259 661
1233 1496
1444 1418
861 697
1637 1646
1671 1466
201 1167
866 571
242 2
126 1562
519 464
663 425
1579 994
1665 892
1521 488
1713 1601
1412 1065
1049 145
685 1204
377 889
811 874
766 1626
122 874
535 315
94 1327
415 1526
1539 223
1671 511
527 1485
253 492
234 1222
1137 1040
253 579
1058 1425
723 1269
1246 1747
1159 146
633 289
797 810
1681 1377
849 252
1547 1640
305 1226
464 143
786 1727
195 1190
512 933
1339 1274
1409 1096
1341 709
799 20
1718 1368
332 34
235 79
374 1443
691 1173
985 210
225 601
924 808
1064 301
1605 1046
394 166
407 1677
1348 429
1562 1205
527 1606
1307 332
1378 473
439 1027
1676 987
411 1422
1194 1374
1628 68
1205 770
781 1152
137 1060
591 453
826 1323
163 414
1193 616
110 1348
1528 393
668 1362
1156 957
1243 1005
829 359
616 792
720 1331
900 0
129 1540
456 1167
182 357
1746 1738
1647 1290
1424 233
912 26
754 491
1011 1730
1528 742
799 712
741 1087
1187 1244
941 1659
1718 488
632 1031
1501 413
976 1568
367 1237
1225 1286
74 736
611 1308
1469 294
1075 576
242 773
380 257
88 1655
1544 175
1650 740
1615 326
1259 354
606 1674
751 139
1104 794
1624 1471
1054 470
466 763
734 1744
342 145
1671 147
1634 1522
418 465
664 189
1007 1143
28 94
1229 1743
574 840
77 1106
100 700
1742 50
819 544
555 1463
1134 1322
921 1434
1350 835
150 481
1634 147
0 969
974 1372
293 686
394 1095
1066 274
172 1133
1415 1629
1720 845
1171 604
1546 1588
1112 1639
46 1484
1431 197
312 1666
1280 1629
1196 3
129 342
818 950
360 610
0 430
348 319
96 1443
689 1418
784 1130
718 421
1271 675
68 1054
213 950
628 125
192 1426
1453 1704
1400 379
1056 1206
963 469
253 254
1452 640
1443 625
819 441
1554 81
1434 1740
241 868
567 1444
417 74
1718 949
973 1248
1368 1423
169 725
1342 1045
29 124
105 18
220 1646
833 1243
514 1323
489 777
225 1614
156 420
1403 322
253 1733
1044 762
563 723
1370 405
843 657
665 1425
1207 415
1468 1000
55 315
741 441
1511 665
407 946
1070 1498
179 1409
1464 1494
1685 1240
1375 857
559 1198
532 1074
287 1095
1016 996
74 1144
557 491
1201 1470
1155 666
762 250
1432 1023
1347 1483
984 1275
158 183
982 1219
424 919
1665 1038
234 1325
638 941
1266 551
872 954
716 547
1038 1684
337 1506
1188 1230
693 1460
1294 1436
1527 1308
76 18
155 1417
1502 851
1641 313
928 24
1701 1330
31 856
1029 156
937 1148
161 1039
1249 1364
520 565
92 109
319 587
242 1628
679 607
541 316
218 66
668 1672
855 436
453 418
538 793
37 17
801 957
1273 1430
609 1477
447 880
1021 648
879 924
902 37
1283 259
1531 1125
411 945
1424 151
875 1460
1361 481
150 1583
649 711
1158 701
55 1087
398 1569
32 274
235 908
943 769
1406 1204
1664 241
130 647
1459 1250
699 1391
868 1320
1036 950
150 1252
888 421
928 756
443 1706
1632 1276
1188 21
614 182
1181 757
741 912
57 1541
1122 285
1295 61
1558 626
3 1144
1744 1516
998 1507
767 1640
230 79
695 907
673 251
134 967
958 1173
1166 704
1587 1208
509 782
1288 671
524 1670
1096 977
239 465
1075 1316
936 1696
280 663
965 463
1334 1405
556 313
600 726
511 1401
1034 346
95 1673
130 1621
623 1085
209 656
635 1295
1318 541
1441 148
923 490
322 1510
661 301
783 379
10 1182
1314 299
973 544
551 481
78 175
1492 170
339 379
130 627
478 262
322 826
86 1723
1478 1407
1648 623
1384 1469
1439 1274
1327 1374
869 246
246 712
1199 353
414 164
50 1481
11 12
996 1378
934 1333
907 862
964 1263
809 1645
1371 1026
478 36
1713 802
113 1556
1214 1142
74 810
332 567
483 310
663 585
1367 1678
290 1168
954 1001
1084 895
89 57
1178 346
163 34
1538 571
589 395
654 1689
21 523
923 763
1029 906
585 1335
419 984
1003 1552
211 590
432 452
807 315
169 1557
955 1072
173 267
1578 106
967 1143
878 956
1276 1413
1001 1206
1441 1444
1346 1708
1474 883
1727 1113
154 1743
1103 343
1640 1447
1146 29
688 1027
278 88
69 859
1619 1747
185 1381
530 103
8 1604
1732 773
165 58
316 213
1153 81
815 1125
1683 1694
714 741
1707 1229
1161 1294
762 304
722 1423
996 247
1219 1361
695 1108
299 837
379 173
510 1058
686 1440
1610 475
380 419
640 70
208 1255
935 1361
519 811
64 1288
1574 1730
1673 164
1151 1325
1053 476
638 1698
1306 1610
605 1704
536 766
258 901
992 448
1113 531
654 41
640 159
873 194
1439 1453
1732 1167
991 1573
1701 475
170 671
1726 1103
584 702
1450 52
1130 1647
1565 1363
1310 526
1341 1571
1233 575
912 609
146 629
350 226
78 667
916 1273
445 1720
1244 1384
1187 399
1181 491
862 24
117 802
1418 710
696 19
470 1506
782 39
1266 950
25 514
1267 1498
1462 288
253 931
1689 761
1346 441
514 1076
980 784
154 248
1253 751
788 360
1475 1307
909 587
833 128
414 1733
1486 1299
301 1218
1731 685
251 476
1271 539
530 696
313 1413
1467 1507
905 925
1566 1642
1130 1596
199 791
1393 1534
775 1181
493 273
32 664
1402 1215
698 1445
808 1485
1074 489
544 1264
320 1507
251 698
1593 421
960 133
74 1070
853 184
1697 352
1323 1076
1289 905
571 257
605 1239
1746 669
1043 657
198 988
520 209
690 1254
1415 947
125 1608
1268 574
20 167
1171 1729
1695 1374
299 1552
1295 257
650 160
1251 320
1310 124
295 1239
1057 419
980 1211
122 426
1657 387
1193 1253
177 1649
417 797
1074 1457
1192 597
868 594
597 343
554 374
243 1260
639 375
881 692
116 49
743 1147
6 1301
763 1468
1687 1156
1520 729
1262 943
336 215
240 1567
337 1696
1740 1290
1233 1390
1703 396
355 703
210 1502
1441 1066
738 1329
1414 85
701 773
216 550
931 1732
1421 847
1666 624
554 1342
291 1233
197 225
497 1281
144 1713
770 1170
114 1616
147 270
1520 330
437 682
985 1101
553 350
318 1745
867 1260
1047 490
1348 1049
981 1141
1604 452
471 1509
1361 1583
797 1003
1020 1352
176 541
878 877
748 1405
1195 1096
1699 1717
976 453
570 1300
1530 587
69 1464
954 1724
882 1108
296 909
51 618
334 694
1515 853
963 707
719 1678
1158 1419
1322 1032
232 263
451 1382
1439 1503
759 382
184 1366
961 1248
534 576
276 102
1333 577
1517 1428
1574 217
134 754
563 838
1360 1294
1342 624
188 750
937 374
148 1645
299 1010
1005 1415
180 1021
219 765
1301 743
151 106
173 555
1133 727
979 405
1503 173
1552 874
16 1092
224 87
387 1499
1376 115
47 392
525 1441
1208 9
303 1186
291 1656
119 998
801 552
274 1358
1683 1394
873 45
160 182
304 261
550 1265
621 628
1540 1172
54 526
298 874
841 1289
723 701
1120 1643
301 808
57 1098
1452 1344
1636 279
1585 53
559 165
867 178
376 1033
291 788
1576 998
1325 1023
1005 136
809 1421
1684 585
958 641
263 1328
1306 957
857 453
1190 960
897 1666
1411 903
26 1125
1678 1583
1316 901
342 548
1087 241
507 1294
60 1131
1154 492
190 583
383 220
1585 475
1524 388
174 993
184 1401
1433 242
531 789
655 1721
1088 959
529 360
1682 190
1230 429
295 1129
794 97
1201 673
1259 430
1411 618
1745 1165
628 1468
1241 515
1683 635
443 762
1243 1316
686 1643
819 1639
1315 663
1292 635
575 817
530 1185
1004 825
1258 1054
1090 541
236 1074
319 1590
458 911
920 1012
1537 1088
1217 1044
1490 215
1742 736
1690 1104
1475 934
1650 1409
1658 358
132 1169
1734 1553
1005 639
67 526
120 660
1235 1296
1448 1729
682 1457
861 1077
1688 715
1244 823
1461 1022
193 1298
998 79
816 461
1722 238
488 1487
1527 1377
994 63
747 1366
1701 700
527 671
376 1705
365 1727
131 144
613 347
1 1451
552 1153
679 1539
998 988
338 1745
1211 944
1434 1611
1412 1338
365 625
1534 1617
552 4
891 329
915 228
1109 667
754 1319
1653 905
136 975
901 1023
1376 1040
1269 1385
1492 451
5 85
1441 246
1316 358
935 1620
838 1355
188 217
181 657
780 1303
273 808
363 609
862 1637
1071 1208
559 992
482 269
1364 593
125 489
559 1022
664 780
335 915
388 1321
145 155
899 21
1620 856
1493 1057
31 1565
1205 1122
91 72
158 1071
972 1644
1263 154
313 979
1691 833
999 1150
905 376
1252 1334
682 463
615 502
1120 1072
112 150
947 507
494 207
1099 1095
1195 68
1272 1279
1319 534
403 488
1428 595
1679 843
741 1653
148 1314
1259 1314
1708 41
411 288
450 1041
1474 1437
45 522
733 531
608 94
1053 1532
385 1626
799 1197
656 1469
1727 580
842 1502
192 1745
126 1732
717 1062
1475 1611
1093 1101
688 1341
445 478
878 692
1416 1458
1650 856
18 1198
640 598
1247 961
1649 1469
1549 1037
1074 213
1377 1048
1050 639
1284 702
211 781
1119 1565
1658 695
903 618
53 706
643 5
603 661
929 1376
606 253
1578 716
852 1353
444 160
158 706
351 154
1349 252
180 1148
270 810
737 1668
211 46
1041 1723
665 1246
1190 1554
58 14
202 251
337 179
1277 851
860 1339
1061 1742
1124 1088
848 5
268 712
1225 309
323 912
1606 1423
537 547
1197 319
622 455
874 600
830 1154
1199 434
75 627
1395 1399
426 1737
1365 1531
887 1561
490 83
1527 215
1554 181
1457 1717
1716 536
573 1344
1237 1053
1583 432
1245 761
1600 1110
470 1708
911 1692
182 1720
515 314
1391 1422
312 1002
1651 984
1521 462
725 263
224 1102
5 1266
1677 1525
1103 760
620 694
901 358
164 1720
1698 1510
89 661
1581 67
1588 1253
405 1541
61 1203
562 1159
1172 1668
1365 1294
1689 441
1417 833
81 1246
1091 715
1438 110
1448 405
920 1586
1243 185
852 176
1268 413
668 779
201 1526
229 1007
60 596
1016 696
64 170
385 750
736 787
56 475
1171 1116
136 323
1673 851
707 279
343 793
362 953
134 1060
931 687
1255 745
1672 825
413 1573
218 1423
718 52
148 354
1274 786
43 1212
1279 576
721 857
1421 1354
34 1277
237 953
698 115
1218 697
1016 169
1193 255
694 537
220 1637
762 676
878 1183
942 403
759 878
351 1127
1256 53
1200 1319
1286 771
68 10
1376 418
1193 325
482 338
1392 302
397 91
39 1102
859 1564
1719 716
1238 1402
769 326
1326 189
1435 955
441 540
145 1108
922 522
813 856
910 989
656 1483
334 1559
1735 434
220 184
246 1066
1377 684
970 1545
49 649
531 203
58 204
103 469
1513 330
826 524
1618 831
1301 521
1425 604
1403 211
1114 939
203 1224
746 1439
403 1255
1748 559
786 365
1480 608
696 1078
150 927
138 18
531 1102
341 1013
1070 968
1432 508
1134 29
82 203
998 373
648 1728
415 1190
697 629
842 1500
567 985
392 1642
799 1010
1329 1551
1738 1482
104 1452
247 145
380 16
1392 990
802 1012
103 1020
968 476
1071 1093
611 1490
1162 1581
312 1281
1315 1684
731 1624
1722 1284
755 939
1359 452
986 997
160 523
721 1543
538 938
1412 698
337 1152
545 989
278 1354
137 1118
949 394
23 431
788 1555
1408 264
484 1508
622 1476
1243 899
1617 259
1002 854
813 1028
1094 284
1151 337
86 1328
1194 1419
110 1561
1135 323
830 480
908 414
1644 686
1448 1130
1518 1698
135 1461
1331 590
1631 75
1624 1748
1572 1592
877 1740
475 256
4 571
1581 604
931 1142
1205 703
891 1565
1534 1106
453 696
28 434
520 888
105 608
585 256
1212 432
1113 1343
214 140
1239 1225
1356 314
1142 936
170 964
1453 365
240 1261
1719 1339
1602 1688
1054 948
1195 1055
1718 1361
1710 460
1165 346
1721 449
319 122
727 157
1306 570
743 1413
1454 1672
380 78
641 576
631 704
821 238
1503 368
1571 919
1678 1232
775 1294
1356 765
255 844
1061 36
1116 1056
628 561
648 144
36 1726
795 1707
1585 789
1691 1162
1527 979
440 1679
745 212
194 1443
1196 131
816 974
1050 572
613 205
22 1136
543 1566
652 957
1575 1097
535 1020
784 1171
1213 1008
1724 29
833 180
925 157
455 173
1029 528
457 1068
1010 791
807 1260
69 543
1210 24
589 1663
68 1361
618 1212
254 1058
1430 1404
166 666
1217 693
1565 1638
434 1124
385 422
1004 1138
452 320
349 1653
1442 715
1475 963
1315 475
705 845
472 408
824 613
756 862
155 1297
212 1404
963 1024
1702 588
1585 1400
1659 654
477 72
1400 479
872 1402
1153 6
1331 1403
847 698
1425 1498
497 1160
285 503
295 1692
519 117
751 1473
1194 234
1416 618
1144 1220
691 958
1446 118
1228 417
595 1420
995 1611
1530 889
169 115
1508 1743
260 1487
763 1115
1079 472
645 1462
684 376
1231 952
1348 695
710 705
1711 571
216 908
1432 92
1090 546
1614 573
496 1184
1700 133
1496 605
1390 743
1738 562
5 43
1343 1224
890 1008
96 892
1547 1060
539 427
249 253
351 919
344 1051
83 864
474 576
360 1180
275 1130
1326 866
463 1516
797 1386
918 910
1698 1643
151 1190
797 1158
675 1179
1040 1747
391 368
1744 1692
1704 825
40 1649
32 269
1257 255
720 1544
413 697
1150 760
1055 585
912 1146
986 1141
1385 1181
1258 799
1056 1086
602 491
56 280
418 1321
790 1027
396 1270
389 1626
783 936
780 883
621 1090
389 1390
18 765
268 1299
745 448
853 727
1283 63
335 388
730 650
966 1444
1080 660
1262 306
102 104
843 1222
1344 392
478 249
35 889
1156 1659
622 341
1217 834
1067 188
1094 1004
20 776
428 394
372 777
403 1716
1073 699
968 980
620 272
1244 608
1243 925
78 83
176 1688
1641 1700
38 1059
741 328
1527 644
44 1543
1174 705
1449 247
1169 866
1348 256
556 143
521 117
845 943
1398 1602
1450 1112
833 1553
396 1188
526 1064
746 1274
1638 632
45 533
990 1347
731 1078
49 1492
127 1684
1495 1512
1232 405
613 837
186 310
773 497
338 640
1547 1519
114 1642
1588 63
1698 885
687 600
1387 1683
53 936
1481 706
1432 1471
162 1572
945 479
401 1734
560 1138
121 942
1706 636
77 1154
1034 1038
1099 1260
135 1175
798 1720
1538 667
410 1584
1074 490
894 793
405 464
265 250
295 997
1410 593
318 1297
349 1332
1713 278
1161 1152
372 1687
604 1134
1294 1113
822 1709
1468 828
1222 657
1738 1033
317 1303
893 1032
400 79
458 1392
378 841
400 1167
530 142
318 1118
1060 1389
1508 154
1361 388
1606 823
773 1539
1112 975
1580 1663
951 706
387 1691
1338 69
673 436
681 739
1078 1175
296 1551
1227 274
562 1033
637 535
672 515
994 905
1401 1004
955 1459
805 1332
506 1723
1008 135
1217 132
365 162
335 523
852 459
1666 1427
1516 806
1327 1538
1474 43
274 880
106 1320
279 377
1032 992
902 579
1428 82
726 1251
654 514
275 293
821 887
1355 512
498 808
1526 499
603 1652
1328 765
667 83
1310 661
1404 1580
771 1346
107 1260
163 410
532 1149
1051 405
1515 530
878 1522
743 423
605 1712
1100 773
659 783
1650 881
358 1319
724 139
800 252
365 1075
1232 57
1615 79
1463 700
112 1604
1286 1280
110 580
1486 246
1056 1219
743 11
645 1464
1306 1662
299 329
1618 324
1547 93
790 223
1578 30
733 1113
1371 1276
637 978
639 500
1732 1562
827 263
1627 1076
552 1161
0 354
871 1319
152 464
128 1706
359 1057
252 1140
1250 1610
435 1505
69 29
1557 818
1336 644
217 1023
1463 333
1479 456
1529 208
801 1669
1539 1027
598 1445
1392 1136
1111 981
342 1547
133 1295
1728 163
213 28
1541 359
465 656
1120 437
355 342
1724 1478
518 873
1075 991
680 1672
1427 186
448 1404
1424 30
1393 672
968 1443
1672 909
1180 1327
527 1623
939 1447
1136 1390
805 1190
493 1160
1709 1190
744 146
1039 474
572 1137
1324 1307
414 1673
1187 1558
176 1482
1003 689
186 1190
1139 1611
1177 569
1615 1239
1474 718
811 1115
953 543
1126 92
1276 1245
894 1055
941 181
1645 1238
1691 315
417 26
1380 575
111 1219
302 1198
1061 1337
327 5
320 182
662 28
874 1157
1001 1741
747 1561
768 352
924 1737
1533 407
111 734
635 685
812 682
684 566
1632 1461
1157 209
1149 447
1032 333
515 373
1644 1748
1736 439
1081 243
1401 847
236 1017
1162 1532
752 1105
1683 824
240 1575
1685 1054
97 1707
943 610
741 1120
1197 122
290 945
181 1413
105 1524
247 655
44 1490
657 61
966 46
1577 752
588 1
828 404
594 154
1545 27
1159 407
1370 1642
839 1408
65 1559
1239 771
1746 1356
634 1069
1076 1180
1025 895
826 130
1401 94
1090 532
1119 1668
1209 1737
716 1609
718 128
345 230
1540 93
1351 565
1387 635
1407 293
454 1200
973 312
1204 152
1489 1193
1128 925
1077 29
1542 528
661 858
1408 1422
1175 1366
1202 212
408 204
746 742
1648 1631
330 729
22 970
364 983
1206 293
1446 1111
578 961
252 661
759 958
1278 1723
1051 1256
1613 970
886 1250
42 1176
580 1737
250 669
1483 1561
1095 738
1334 748
1290 1699
917 536
260 1356
430 1341
544 1342
408 1325
1246 1097
35 1248
102 428
1627 360
749 1145
1048 681
467 603
137 934
1519 767
353 956
277 895
240 495
1444 0
31 846
549 1182
909 842
898 738
866 1175
90 497
1089 1322
823 1524
1575 922
1656 1336
680 786
173 607
271 343
867 313
659 1498
660 702
760 1122
670 272
1377 1423
1069 897
401 1749
493 1652
1484 1389
906 1325
1243 282
804 1060
619 1076
664 520
1350 1469
1436 156
1714 1464
564 632
310 1414
1326 646
998 1529
1449 597
1011 472
301 306
1357 437
201 1722
740 56
303 443
258 1224
1557 310
1594 244
285 448
924 223
466 518
510 904
1613 1078
981 22
481 1629
113 288
1676 834
1383 108
363 1570
311 1181
1283 1281
1534 684
1727 690
707 1497
1311 84
471 537
1468 541
1483 47
201 151
1149 986
152 1584
288 85
279 1530
655 151
479 1362
611 1554
463 1705
1205 1007
1131 718
956 490
1604 1629
203 792
724 150
1600 209
858 872
1078 834
56 1616
245 403
1293 1598
782 1722
364 703
1370 1232
474 302
1624 1369
153 1296
655 1227
712 1193
1543 863
1542 1233
582 255
1283 1090
1367 1602
1017 54
1080 120
699 429
701 854
1299 1303
1447 1127
301 861
797 1082
1076 94
786 580
977 290
791 426
951 1662
251 1442
1280 1399
1247 973
541 768
1355 1388
1529 402
859 1743
250 909
1646 199
808 494
438 1652
1664 1303
1206 172
1254 864
369 777
929 1239
519 1458
955 1618
1536 160
1339 345
1384 1005
224 1705
958 575
806 1011
1285 178
661 1652
848 1412
1696 812
747 992
181 1316
1405 370
1588 1428
361 1044
434 812
1660 1001
840 1700
1437 1571
635 678
1525 707
1547 875
1712 64
796 801
1583 366
1314 894
1396 726
814 131
1656 130
491 967
1312 60
627 320
949 166
412 1344
1560 1687
762 37
454 1733
234 457
133 130
846 653
1181 197
1653 955
1456 585
1065 698
67 415
639 175
75 856
194 968
1418 352
1155 1455
1727 602
939 65
810 730
1563 1324
66 1116
206 1469
216 1351
1191 1269
563 242
725 1603
378 1191
1426 740
550 869
179 711
179 1201
278 477
875 794
1712 1706
963 1333
531 919
282 1112
582 1469
289 1273
223 572
561 1189
1484 534
764 1346
294 890
971 1261
1216 912
570 1240
599 652
279 127
352 295
489 1613
1597 164
1257 513
1612 719
1603 1611
1141 970
904 473
1235 1225
140 1628
1615 1735
512 794
1305 43
522 1185
866 1273
996 1449
162 291
1247 35
864 308
15 565
1119 1158
1375 372
1612 1428
184 1598
147 1561
1446 1332
717 73
68 1306
146 1614
426 1718
814 1340
986 1387
929 378
871 522
670 413
1148 998
141 1005
1695 790
1740 738
526 424
480 1337
402 1207
316 558
569 969
817 3
385 327
1645 354
3 399
129 1074
447 150
879 742
751 899
837 1103
468 470
950 1604
1398 508
452 748
1074 1607
765 188
1264 1069
1363 79
767 939
1294 653
319 795
741 955
205 245
488 536
1289 1261
1234 1478
149 821
1705 806
368 580
263 1114
1601 166
606 1129
1378 1087
1629 1297
141 1191
1334 217
989 1135
446 740
1577 530
984 83
298 1561
129 1513
1655 335
915 175
88 965
1340 227
649 66
92 1001
201 1701
823 435
893 1390
1230 1468
106 537
261 757
396 1013
1565 617
643 1305
1459 830
1202 950
119 669
1686 601
688 1038
343 1730
1087 702
1406 1187
1327 1231
1051 629
1391 1148
947 975
561 541
1602 541
423 1194
1337 463
288 871
230 1057
786 1385
670 1332
36 1105
536 1738
437 1495
1246 61
1481 1198
221 1360
254 1142
1694 1328
1495 1188
10 957
951 496
1526 1554
253 1205
788 619
446 1368
1672 488
1287 59
278 160
1525 1483
494 35
975 1435
564 270
318 693
1706 1026
429 1458
865 1747
1346 1086
567 236
173 355
1221 1153
512 693
815 1506
121 167
498 1623
1651 540
512 215
99 1091
613 584
47 57
734 492
1135 550
1042 1347
770 1509
50 511
195 499
1030 1697
1294 616
1194 460
1561 212
336 1681
1266 1458
1119 846
1072 779
776 58
380 984
845 1275
1609 192
622 272
1525 104
1328 11
1640 384
754 1494
1678 6
13 1571
1173 1155
40 1749
1360 197
720 908
1479 1727
238 1131
947 1579
560 848
1324 317
425 645
1198 248
507 219
208 640
564 339
1355 1628
266 274
480 1240
1132 82
415 432
1292 890
1647 1001
1710 99
1367 1618
1737 731
1609 609
784 604
757 225
364 1570
1732 1444
449 302
702 1125
80 1145
1553 303
1566 1190
341 785
999 1037
431 1313
34 1621
698 1442
1573 1264
494 840
301 498
1420 832
1303 484
1459 1369
1168 712
1060 1484
1322 333
1415 959
810 654
648 163
1122 528
872 1064
966 594
1656 611
1509 1230
945 398
803 1511
1548 111
840 1560
24 1469
414 350
296 812
1063 46
33 1179
1281 624
1 920
301 1501
552 1514
1680 200
1274 391
15 736
1580 1476
815 1612
1042 1715
1577 702
365 764
498 633
1348 1254
1092 326
806 188
384 229
744 1677
1311 627
280 425
892 495
617 359
27 205
1549 139
166 1692
1556 1464
170 1244
1398 1184
1094 496
124 647
552 1285
711 445
28 866
869 461
1541 731
1564 1126
558 1683
882 1640
609 490
820 1120
140 773
861 1268
530 186
421 1632
1323 619
79 1269
485 1595
1452 37
1602 148
1613 1598
865 1514
957 1504
396 1570
1518 1676
1245 25
1333 1585
753 663
728 1451
1525 1544
833 1180
804 1305
637 937
436 1059
1330 1322
551 112
830 1131
1425 873
328 855
590 926
1727 1066
690 817
1214 1732
1074 203
243 556
678 793
407 1396
990 106
1710 1736
265 1476
1074 1659
770 363
854 1709
1618 944
1448 944
1298 368
676 1320
232 620
1465 1599
1085 915
1263 1230
730 641
232 126
736 1035
484 402
472 1730
163 914
840 631
304 1121
97 398
1611 1145
715 423
90 480
925 65
401 784
1636 892
675 677
615 1166
778 245
1047 1698
72 1321
1176 1337
609 353
685 234
61 1164
470 1742
434 275
311 766
1166 914
1440 1739
1709 1594
129 197
666 1302
1712 28
1157 287
1403 332
1728 1403
429 374
990 628
391 680
808 207
673 338
719 1285
454 98
1029 1665
1559 476
753 868
1258 948
107 726
1272 449
1198 472
955 506
706 765
381 300
1102 982
876 1422
353 1219
118 411
339 441
1473 165
898 1516
647 209
755 1559
1302 167
786 1100
1201 1566
104 578
281 1491
338 142
1349 858
1688 801
1578 60
69 1508
1641 524
664 932
1573 840
262 778
492 1521
863 686
865 798
417 344
1581 54
119 1746
1377 1106
320 1655
887 1295
1249 399
1280 1245
1441 1395
602 459
797 344
24 522
1385 775
703 145
1333 415
1563 1475
1304 1631
1261 1212
943 864
796 1015
532 1356
1031 1297
1491 1465
502 289
1607 604
614 3
678 1313
299 319
474 1737
612 32
1695 496
1228 810
1250 557
1153 1285
384 321
1529 536
1700 1222
151 1330
1261 1105
1597 1071
339 1737
185 1123
237 1673
132 1271
436 38
1705 1198
1183 259
1194 1080
157 65
1382 415
445 1271
287 784
227 1403
1309 1430
1392 1236
650 1493
770 447
1368 218
1505 1053
128 896
1475 469
1509 1391
1340 402
1641 93
46 336
186 440
1013 1263
1375 521
584 1080
1501 1008
1008 1748
117 1537
1514 1670
958 878
575 614
362 639
1093 363
923 1450
395 420
687 845
1463 1578
530 660
1552 919
1746 611
1363 472
35 735
285 1508
449 1084
1507 1625
1500 1711
714 356
86 599
672 1345
384 1601
1702 1718
167 541
632 270
800 661
1565 1331
1007 1088
500 1065
1536 1354
1688 1353
436 732
87 232
537 587
782 318
1347 972
24 1078
1558 343
860 468
1061 1721
97 1408
200 1539
1129 677
954 604
1287 1440
1376 841
887 1087
1179 1251
1426 1038
821 904
433 1031
786 576
1654 1713
970 685
355 1519
1252 1023
570 115
164 962
1639 914
208 893
749 231
1599 378
662 1663
663 256
639 893
560 1398
1090 125
1211 1448
1290 1551
1662 1533
1250 77
1695 511
185 975
1276 1126
1697 1203
462 1290
1186 313
1053 1691
1217 303
1136 1150
1524 187
1388 698
32 15
638 1659
1353 1612
1440 925
1600 647
1672 176
1653 1120
1098 294
654 432
399 1244
1653 1363
801 1715
447 1317
1709 1556
1514 1635
47 979
904 611
1718 287
742 27
961 1118
1391 374
1392 333
323 328
827 743
162 1592
426 728
466 167
933 1609
1344 127
1691 1417
1311 474
1394 1358
1460 722
797 23
1432 451
374 1686
407 629
1534 215
839 97
1231 1080
301 1287
923 282
568 1687
913 219
695 33
234 164
270 775
822 495
1005 1450
786 1196
282 947
1167 962
1161 1301
674 40
352 957
1223 1150
376 1662
1159 1267
23 1158
974 72
650 1251
1102 1029
1237 1532
53 1501
529 788
860 749
362 780
602 1073
10 453
1629 485
1251 88
1401 610
1096 1504
537 516
1451 666
117 1383
1516 1717
1479 1348
1608 1442
884 476
615 1573
492 1696
750 906
198 443
519 72
978 1326
440 1594
1399 416
232 1214
508 674
479 710
859 1523
668 1716
1542 1546
1018 965
965 974
1416 308
966 210
389 307
1388 251
300 471
518 1115
853 1063
282 292
1632 885
1224 71
207 289
786 999
565 563
485 1405
1254 33
1564 845
314 675
254 182
1594 1402
717 1267
713 547
136 206
1431 733
440 1700
1211 1536
1212 562
1185 1551
1418 1717
752 530
1723 1511
40 1052
1067 472
632 1488
259 1033
924 345
856 1749
622 1230
1610 928
428 672
951 1454
586 1434
946 1677
99 1425
1548 1498
1605 514
1376 71
23 763
297 1076
1212 1308
1094 511
1482 1662
864 913
615 1656
530 428
319 1292
1020 517
190 1139
116 878
128 1629
1367 437
1207 1526
907 36
1542 215
637 1544
976 1019
228 769
1617 1106
615 1477
788 408
1543 790
1398 99
1404 921
1427 1566
1604 1359
8 1677
123 682
752 497
447 1141
1734 198
586 145
1691 952
1687 382
175 769
331 1247
680 1167
752 1515
1070 939
1416 1507
333 59
1119 793
978 1126
1 962
971 51
1532 791
109 831
696 1471
1152 626
1058 1137
1518 1736
1635 446
63 115
703 1259
1303 13
276 558
691 1496
1666 1045
303 268
476 278
342 685
618 336
33 673
1678 802
835 556
175 1275
766 881
140 728
754 1484
1038 1315
183 816
611 336
736 1648
1061 224
270 1624
444 1478
841 240
232 573
379 1449
1676 968
1637 1498
973 1088
815 1531
1046 819
1188 869
157 939
181 551
506 660
1593 596
882 905
219 1705
700 1715
1217 196
689 369
1479 283
1054 1736
1111 806
813 190
1180 1232
38 86
1432 1470
277 1584
957 549
1572 1564
92 1675
954 1647
561 768
1749 443
345 1598
82 616
1389 1500
557 38
625 1171
1068 1203
1489 89
1105 930
1100 519
1168 461
1646 522
881 856
1512 828
249 1365
206 293
1586 115
856 1734
1588 454
87 483
567 540
276 235
1292 1394
169 837
1243 141
766 1022
1318 342
678 340
625 218
841 944
521 297
1424 1578
232 606
1603 870
1284 414
1304 1650
1313 205
794 62
456 1079
1688 41
98 682
818 414
1257 1414
251 1338
14 115
673 1505
1520 464
213 191
629 412
49 1173
108 940
99 790
939 1559
1482 407
733 52
1676 1007
1033 1159
1079 204
586 548
410 567
1470 711
1047 1632
985 1234
1678 721
1394 678
506 1087
1722 318
81 1295
345 1369
1121 1557
1665 41
616 1183
580 1116
1685 522
552 442
1488 1645
97 463
771 1385
1502 587
932 216
1690 1542
795 874
1 458
1220 1622
1533 1721
1053 1354
328 1252
686 653
281 850
1459 557
965 1740
478 425
33 1510
1028 1320
683 255
652 592
518 628
1330 1131
1468 125
1643 916
1026 1510
1024 1404
1489 1227
1230 1148
1255 510
833 1005
667 943
897 1262
1535 72
1262 1556
563 982
1567 150
753 383
1507 1434
1505 1691
1013 1270
488 887
1118 1002
1630 1605
1406 1144
1112 507
1054 1300
191 970
193 1274
409 421
442 857
1543 227
143 1008
566 1482
988 1232
43 1721
1269 1026
592 1182
1343 1358
539 130
375 1200
963 1324
1695 706
342 962
411 398
559 1309
478 708
851 4
689 739
408 735
318 1330
1492 163
880 439
1712 170
801 428
711 1439
1237 813
207 840
779 1296
227 410
7 1167
1143 1084
1683 13
236 393
510 311
106 60
1041 1052
1275 812
234 1057
219 1717
432 1297
915 667
1715 250
1349 1185
1408 854
1213 551
1648 314
961 1530
1505 1128
628 188
1134 414
1523 919
79 120
561 397
748 255
1278 952
1682 1079
1214 184
1351 779
1390 1412
483 232
84 886
1272 1007
21 1568
1278 1730
100 782
255 1745
488 311
566 1319
328 959
25 662
1233 765
962 1720
1637 951
1464 754
891 500
670 1435
209 835
955 1404
818 927
565 1433
470 1612
1457 1699
444 1213
522 909
1732 1657
191 700
1141 685
960 244
968 1368
12 1031
410 525
857 1460
214 586
651 599
703 1519
727 653
127 1207
911 1596
908 1709
274 1327
1339 1159
1209 1327
1630 819
1303 69
329 791
1048 1580
401 864
1570 273
1476 1434
617 196
224 1347
1522 1406
811 688
619 608
1690 1374
259 8
202 1305
1732 913
1417 136
1053 813
487 269
1021 946
225 725
1329 250
187 77
572 771
1026 1605
1039 230
1363 841
356 20
751 1127
752 838
713 1599
90 561
1455 42
74 344
1397 369
844 1034
210 0
114 280
1660 552
940 1429
590 851
1233 1546
1339 742
1075 764
1189 316
324 83
276 989
1375 473
536 1560
405 1493
766 512
1264 1596
1378 1374
653 724
917 1255
1679 692
1692 618
265 1373
545 1692
1086 972
732 1584
59 350
180 282
1702 1155
463 357
1162 630
736 311
872 1616
781 1596
275 124
909 1502
301 413
1128 639
912 437
1140 472
733 1260
1312 567
202 1083
585 425
504 956
1714 1285
166 1
1354 91
390 1420
407 1448
109 41
1643 142
1160 1218
787 1668
1668 463
1165 1315
683 273
569 757
211 1591
853 1324
495 675
611 644
1439 1676
1713 332
15 1273
718 1047
1657 1634
1675 822
882 1382
833 630
394 1455
361 1131
804 409
412 1568
1372 890
547 358
857 920
548 1742
1458 1361
552 1601
293 863
908 828
1448 1596
201 100
1681 1534
1062 838
1311 1381
320 477
877 1396
943 1275
1571 859
216 15
1418 1086
1636 831
434 506
439 1581
1636 1567
1687 1418
1619 905
317 1320
522 610
425 913
132 1152
1203 1729
50 1094
1229 1223
723 838
468 1322
1656 672
1160 808
883 76
1364 1176
1095 1392
1331 525
276 742
87 1661
918 735
1465 1150
1562 395
1712 1144
62 80
657 1164
1584 709
1393 1334
675 1536
576 1271
400 456
458 920
676 1297
679 99
993 330
301 1268
439 1050
472 906
1227 679
1339 444
75 1121
916 866
1416 1060
396 1745
932 1351
1198 1079
1446 1007
1513 1709
296 1185
1401 1454
1077 968
266 857
511 1584
519 1499
1065 1338
151 693
165 1561
906 735
321 720
1201 749
240 1105
1142 1634
350 1711
1172 894
67 603
318 1131
235 1397
87 1669
1496 878
558 1141
1606 1505
1468 1189
1639 1607
1679 922
1493 143
870 848
675 476
799 1182
545 3
1113 82
1213 818
475 425
897 624
1651 250
397 373
1555 320
713 597
1039 955
283 752
1675 892
1684 425
902 1416
988 313
410 465
337 298
1242 22
810 1577
424 407
173 129
1478 1086
1205 381
1349 789
348 1575
691 878
212 1185
302 765
168 351
634 897
1587 381
860 193
734 112
729 178
1171 1596
1600 465
123 686
1295 1137
231 1671
146 1359
105 1495
635 80
776 895
54 849
1408 1707
811 1157
180 871
183 471
16 769
145 583
1447 139
1209 1307
1388 327
604 1146
918 1023
1535 390
305 293
461 1227
744 1293
540 1582
616 501
643 1745
1030 1418
168 501
1329 540
860 746
821 1648
1691 185
26 1618
1631 1199
1295 452
500 1598
691 866
1581 252
1742 1676
514 1480
1193 679
1070 752
621 942
506 1080
1554 1700
1313 27
1390 1603
741 323
711 860
1047 885
733 1358
1244 1074
1355 68
1434 898
1086 915
989 853
1214 1273
54 1349
545 860
82 539
378 537
1025 397
1453 1438
781 148
654 1023
1407 686
1357 1072
1372 1185
953 1467
950 150
435 905
85 1143
524 1327
913 1337
402 1571
392 1370
362 721
182 91
349 1663
461 1489
1604 366
1524 1505
1606 286
374 978
671 993
1477 1036
1681 684
311 1032
1542 878
755 751
293 1032
1356 427
816 246
303 1224
500 1412
1050 54
857 297
1001 1322
478 483
934 251
1101 22
1461 58
1606 1524
409 1437
1708 1294
474 344
37 983
703 466
1278 120
270 1366
842 1345
1270 257
248 217
612 664
1634 348
1137 1425
1034 1315
966 1427
1006 893
1453 517
1244 1722
1047 52
650 1179
600 279
1703 1314
1564 1029
614 1144
507 1394
1379 1615
261 1280
155 723
1642 143
344 23
1702 1099
1145 1329
760 1007
1178 106
1499 1731
1046 25
386 980
1093 300
26 1167
30 1561
662 1076
685 613
1703 1680
953 1709
748 338
572 1310
1033 407
1443 1670
1151 1432
816 1489
602 1049
1172 260
697 1267
699 937
1479 1412
437 557
85 1185
876 788
1130 604
1196 751
783 1016
1503 680
744 233
1345 414
410 34
1749 1264
780 1025
1342 1556
398 1229
385 735
620 537
137 753
165 747
113 1457
1601 588
322 1659
1475 1209
1627 826
1211 1171
1134 206
368 1093
636 1689
1427 415
1237 1691
708 606
1382 1375
1165 388
1027 1681
1283 541
1672 505
1699 765
1206 206
287 728
874 556
1555 921
1350 330
395 593
1508 58
367 1499
1082 1070
1062 1000
176 1612
457 650
892 240
1280 419
262 483
1160 818
782 307
581 1236
1240 267
1021 1381
628 735
635 1545
936 247
280 217
728 42
1456 1026
1316 716
1465 1582
775 457
1091 888
308 1337
1735 600
162 266
1189 909
1573 974
986 191
1582 1277
1160 413
994 820
1318 1449
1726 232
908 621
1586 1434
1440 1589
1423 1146
697 615
284 1602
655 250
1507 45
297 1654
1204 149
325 1462
1167 1225
556 546
439 1017
186 1594
1568 1537
75 1553
1064 273
535 612
30 1183
932 1077
164 1711
1115 1074
233 1574
321 759
357 1011
989 1339
849 828
881 1289
1600 174
1700 181
838 1220
1694 1264
1307 339
1653 29
312 112
39 1474
165 1273
441 826
1027 1310
237 1226
997 201
1688 1645
55 1606
1704 743
421 1740
1499 1691
1198 408
1248 346
979 1413
983 1493
87 416
1733 350
410 1591
1737 1582
295 1504
354 89
108 465
861 1160
332 590
189 565
73 1228
1348 211
813 1321
392 326
859 486
1711 380
337 1325
1597 232
1103 1491
1483 392
1731 1384
1117 1554
503 1743
535 188
999 1405
684 1048
1326 612
127 309
1172 612
1253 1232
332 46
156 1623
819 1116
1029 192
390 803
889 1118
769 812
992 14
149 736
746 692
451 1018
589 1665
107 1670
1383 1440
1363 230
1383 686
1533 1293
1433 1389
870 620
1209 455
971 1411
1192 1318
979 1642
1030 829
917 1648
150 12
131 1654
182 976
1144 134
1045 692
1471 1169
1495 1699
399 383
869 655
34 46
363 1564
655 660
327 1635
580 641
1309 165
1457 219
455 339
1477 956
826 1118
974 1019
764 602
856 516
1166 265
62 97
1178 512
926 647
445 36
356 299
1122 378
22 635
1244 707
1576 32
935 671
1371 1086
169 710
386 669
337 618
41 831
1659 1046
1519 438
584 39
1059 183
712 1593
849 858
911 957
59 925
501 307
1749 1217
1667 61
688 245
129 1108
917 510
445 900
599 843
975 349
1473 1609
688 1584
1285 521
1188 1239
822 559
1669 893
895 884
1499 1682
834 1169
1326 932
1237 325
1125 1693
791 1310
152 277
644 1308
599 396
553 1736
1306 325
1492 1719
1593 1715
1524 51
1226 1427
524 1374
1681 1048
579 1562
1346 221
429 914
1727 328
393 13
813 442
1547 767
1687 352
1467 1526
1043 771
1359 1405
714 1435
1514 386
940 1350
1314 799
1395 828
807 1326
1389 397
1408 1569
740 1038
1698 1659
399 55
27 1316
1161 275
1528 1324
617 73
704 1128
815 1033
279 37
1422 1484
1619 376
1047 1456
565 1235
888 607
416 775
746 924
1676 856
745 1430
905 901
65 1484
1477 1202
1442 1526
89 274
1263 1174
884 1179
1095 1037
1273 745
1327 499
1642 1493
313 1642
1234 872
746 76
521 226
1266 112
802 1369
1252 485
836 194
998 838
212 1586
1243 180
1086 845
1649 946
924 1619
1377 905
1462 1494
554 993
1129 582
1107 198
1228 1039
1060 14
987 196
1039 797
166 40
1643 1559
1104 528
337 1637
1377 1568
584 444
552 1388
757 1358
1223 850
656 1350
989 1416
1515 1440
1192 713
210 1507
133 81
915 83
1319 1007
1151 1578
49 1227
1571 154
1521 149
815 102
794 1460
824 685
1570 1111
1188 1170
423 1632
173 1576
1421 202
1087 1723
1018 369
0 390
197 531
869 506
858 273
152 1510
864 787
1096 798
