0 794
999 669
2 145
998 336
89 485
375 445
605 155
1 233
893 811
4 247
858 483
3 100
5 939
296 476
6 69
549 154
377 491
841 496
188 907
53 209
413 389
512 140
7 103
9 683
345 720
8 952
973 465
10 148
11 657
300 1
711 932
12 15
927 316
328 184
663 821
14 474
611 185
13 774
212 164
733 337
749 500
446 631
651 707
15 852
16 424
303 941
17 158
788 691
982 151
19 167
145 818
18 441
928 514
869 722
916 971
387 279
933 796
994 494
20 817
21 977
22 538
875 684
23 511
25 604
312 80
393 434
742 510
878 352
24 854
820 632
433 644
26 780
27 650
28 63
253 302
29 376
575 873
30 784
470 261
32 536
914 543
31 125
341 544
565 948
33 837
148 48
34 839
803 922
35 931
36 375
37 699
725 929
38 763
418 446
39 57
221 770
520 778
92 970
964 664
40 996
969 909
42 762
772 626
464 635
41 606
43 756
44 888
45 493
498 782
414 982
46 574
431 357
88 513
47 228
48 150
712 207
214 706
865 730
49 464
50 298
226 674
51 392
913 14
600 636
52 738
54 772
643 779
567 928
519 86
157 89
516 827
794 230
55 447
56 245
57 949
925 342
58 380
182 649
485 622
59 980
60 141
607 890
61 121
294 994
624 73
774 486
62 427
63 387
64 856
65 11
495 985
881 82
66 401
67 421
68 397
305 529
69 853
241 916
70 865
137 423
71 482
818 910
77 143
72 972
73 12
74 251
444 623
494 611
75 77
542 776
694 957
632 601
511 586
363 735
554 475
76 753
78 740
919 969
871 659
534 681
804 232
843 195
80 599
548 558
261 178
79 406
81 761
205 79
82 159
93 767
83 189
947 470
84 499
330 480
85 162
483 32
279 919
390 560
356 95
564 662
86 698
87 417
898 990
669 752
482 403
90 940
797 725
91 694
94 697
939 37
95 29
354 945
264 862
96 271
97 677
365 286
98 721
99 92
792 741
935 317
105 656
100 846
572 278
487 439
101 248
287 350
681 216
102 962
334 814
103 307
104 296
641 836
106 194
122 571
490 253
649 110
107 191
108 268
109 107
110 21
139 723
111 262
112 859
460 881
920 116
113 894
888 3
114 118
115 283
116 102
117 678
810 790
118 950
119 577
332 292
120 221
872 360
327 747
613 777
686 274
972 128
121 765
123 535
743 828
220 166
124 126
125 492
558 537
755 200
126 524
278 45
267 284
317 530
128 471
907 163
191 676
127 440
129 136
407 978
307 861
166 682
201 563
282 840
532 176
172 259
950 615
130 108
131 668
132 507
133 902
134 717
274 849
290 801
135 452
136 139
324 309
138 340
265 234
141 739
140 871
142 260
988 460
673 936
143 898
144 142
343 412
552 104
146 552
853 444
147 359
852 454
299 743
769 891
150 106
936 495
149 242
513 55
184 4
151 332
152 981
496 183
153 610
766 341
812 312
591 614
751 177
891 579
154 897
155 50
156 501
291 744
944 395
793 783
896 46
795 435
159 844
631 899
993 937
158 51
160 442
235 301
750 523
161 362
492 255
162 408
644 942
164 938
637 749
163 667
165 99
771 146
563 285
167 561
185 241
168 117
169 52
655 884
170 156
171 165
215 764
946 236
173 542
381 180
524 724
732 883
175 663
174 714
176 147
271 489
177 72
292 137
179 131
389 548
178 855
180 719
397 318
403 512
181 652
476 505
183 532
197 638
662 905
504 451
716 671
753 71
186 213
187 226
971 190
189 567
190 254
975 481
192 914
977 692
249 276
193 539
194 590
676 64
195 84
547 7
938 843
196 963
293 76
198 462
775 913
787 621
199 832
200 912
202 696
203 987
204 264
958 742
206 331
594 172
339 83
208 33
747 112
207 385
209 325
210 305
459 944
211 748
259 655
578 595
687 695
426 42
213 334
931 282
240 402
218 528
963 930
217 842
216 915
237 39
660 217
219 630
311 407
886 868
543 315
540 113
222 793
224 845
453 320
223 229
225 806
828 133
227 882
228 61
948 533
229 263
897 877
531 415
319 290
786 786
230 303
934 322
231 515
232 608
719 966
234 863
443 906
551 583
233 757
577 973
236 381
661 755
592 25
238 959
239 308
879 876
242 328
949 685
244 609
422 642
995 49
243 549
398 450
245 651
246 517
523 458
247 240
908 554
587 448
776 926
248 338
901 231
251 463
250 418
252 704
289 299
521 252
619 568
254 546
255 288
256 67
306 214
497 965
257 203
258 879
260 961
263 225
262 816
557 760
266 188
569 9
313 127
268 711
269 455
270 0
502 27
272 541
273 921
533 374
698 311
275 386
628 713
416 712
277 502
276 927
783 593
281 405
280 212
283 345
284 400
285 564
883 90
386 364
807 468
322 745
579 613
286 701
693 220
288 353
468 951
953 324
845 943
295 404
684 43
580 26
450 490
758 637
297 850
298 198
441 585
301 280
729 272
915 348
685 19
325 187
302 673
304 534
581 87
824 469
992 378
308 641
568 531
954 705
309 526
484 545
996 556
629 968
906 265
671 438
310 335
314 54
430 461
315 824
316 645
318 413
320 813
321 478
323 129
706 333
789 872
986 547
388 918
326 354
736 383
333 36
882 787
329 947
331 361
610 399
680 598
382 243
697 809
336 457
739 10
335 487
518 98
639 115
337 93
338 675
833 192
603 433
720 640
911 953
880 892
817 420
340 437
342 935
968 122
344 208
874 132
348 582
346 432
855 174
347 628
536 805
349 358
731 573
350 430
351 371
826 347
352 896
353 429
355 41
357 519
642 617
759 314
358 895
359 111
360 727
819 605
362 391
361 775
658 562
364 304
366 473
979 488
367 875
368 807
860 227
445 23
707 13
369 584
370 658
974 436
371 74
372 759
373 456
699 670
374 581
376 703
926 196
378 648
379 874
380 5
867 746
796 428
477 222
383 130
384 624
385 449
894 603
517 339
391 503
839 768
560 246
396 822
943 525
392 8
394 639
473 31
488 173
395 56
618 999
399 654
965 53
400 300
401 795
402 557
682 960
727 382
506 771
599 565
404 497
405 291
406 869
408 997
409 363
410 886
411 289
412 323
850 734
415 718
417 857
419 238
420 785
421 612
659 687
438 904
941 65
423 277
424 792
816 847
425 306
427 373
428 661
608 294
429 643
593 66
432 109
434 833
822 367
435 295
436 688
437 114
522 986
439 498
440 716
667 993
937 887
442 346
837 16
447 344
449 199
777 798
864 269
917 591
448 672
923 75
451 182
932 578
452 105
454 409
455 287
768 934
456 281
457 815
814 366
458 329
467 169
461 702
462 58
463 773
652 616
465 690
466 709
469 830
471 553
472 781
654 135
924 885
474 967
475 467
527 472
773 858
945 848
478 297
740 810
479 91
480 249
615 974
481 820
962 506
715 85
921 477
868 789
486 620
984 88
489 751
491 826
576 769
726 237
493 266
870 750
737 917
614 351
955 834
499 270
546 819
500 453
702 201
501 202
692 205
503 223
505 369
744 653
507 443
703 38
508 958
509 384
728 522
541 388
510 903
764 569
514 419
515 398
940 700
653 484
866 396
779 516
606 708
622 310
525 731
526 390
798 365
528 479
529 596
530 956
545 679
535 587
537 326
538 244
539 224
664 754
710 411
957 984
544 327
668 726
571 218
767 509
550 831
966 258
778 370
800 619
553 618
555 551
556 575
559 992
561 647
562 665
780 393
566 825
570 797
813 893
646 30
573 633
574 20
620 576
604 422
583 426
582 181
584 908
585 257
586 860
589 851
588 152
590 732
863 594
595 607
596 35
597 867
838 559
598 550
601 812
602 737
815 153
760 22
696 250
609 589
612 186
734 459
617 955
714 660
616 988
890 889
621 138
942 149
623 808
625 17
626 34
627 414
987 946
630 379
802 377
633 256
634 800
635 330
636 829
721 979
638 634
640 597
900 293
821 710
909 758
645 540
650 60
647 356
648 239
688 6
656 803
657 124
748 123
665 572
666 715
834 686
849 998
670 168
672 521
857 355
674 995
675 394
677 59
678 878
679 416
683 161
741 933
910 144
689 527
690 666
691 18
695 275
902 592
700 693
701 508
781 343
754 570
705 219
704 580
967 425
708 170
709 81
713 954
717 157
718 215
738 920
722 120
724 728
825 975
723 923
730 68
735 179
985 991
811 680
745 823
746 70
752 870
756 799
808 267
757 901
761 62
763 864
762 866
784 193
765 646
846 210
877 838
770 736
782 588
785 989
790 689
791 410
836 518
885 134
799 206
801 627
805 368
806 96
809 802
832 171
823 804
981 625
827 197
829 40
830 900
831 925
835 78
840 835
842 313
844 629
847 880
848 983
960 733
851 235
854 2
856 319
859 566
861 555
862 24
905 94
873 349
980 211
876 119
884 602
887 160
889 204
892 431
895 101
899 791
904 729
903 28
912 788
952 372
918 47
922 520
929 466
930 97
976 321
961 600
989 44
951 911
956 841
959 924
970 964
978 976
983 766
990 504
991 175
997 273
