0 624
1749 1287
4 1453
5 78
1745 885
1743 574
10 667
178 1457
1465 853
739 1179
237 1704
951 713
1678 1367
1498 1238
408 481
462 1076
502 155
1240 1500
1 972
3 1662
1748 1678
1747 1266
1746 1595
7 1445
8 61
9 144
1742 643
1741 43
999 1119
1552 1542
1585 1450
858 994
966 1016
2 704
1744 1204
1717 875
292 893
1280 1593
1691 211
845 330
162 191
12 1663
457 1003
1285 1577
1074 235
1053 1087
137 1481
25 1397
82 288
142 1012
13 854
1098 1092
435 627
1375 249
1134 275
1262 389
1488 421
1540 258
476 1563
900 1550
344 592
581 1442
874 934
562 1268
6 1224
14 299
15 706
1044 1077
1395 1084
1265 365
524 1014
1155 609
1055 219
206 1374
1135 926
11 1185
106 1719
19 1633
479 201
731 1171
207 999
965 1443
16 808
17 259
690 1117
464 431
384 1467
1226 1048
456 1356
18 759
370 1458
1458 699
1679 1715
1316 1172
510 981
986 692
1109 69
1013 1277
195 1480
1103 1173
1596 393
1170 755
461 13
1574 509
893 99
279 867
310 1476
566 505
1217 1539
1412 277
1127 957
1229 1026
20 1408
21 1463
828 1106
107 1024
222 595
1516 527
341 823
1675 338
22 1574
1483 91
541 1544
1198 650
944 1688
1575 1043
1589 807
511 432
227 798
23 242
1244 521
1408 1148
62 107
48 753
1664 1699
617 547
24 325
1499 1484
1161 475
1183 263
382 457
429 22
526 858
1407 214
1436 453
589 154
629 1338
885 283
83 244
626 233
26 852
65 1717
1670 746
1138 918
1177 1632
61 581
1254 418
291 1289
76 1446
1102 769
897 166
135 1201
485 794
923 1487
585 134
1094 886
941 66
28 1640
700 23
251 334
1377 241
27 1384
264 326
482 98
1091 979
188 1153
647 1209
813 736
29 372
30 1249
359 1535
873 841
1117 1352
31 728
1715 186
1571 293
147 1178
121 1309
1532 1485
624 1257
898 1656
379 51
75 156
1066 1562
33 1390
1641 1
1300 1422
1631 599
633 802
1553 1210
672 28
1603 1083
32 871
34 1449
399 908
659 209
794 947
185 920
779 1604
1390 1733
35 1570
1510 15
1010 150
1038 1254
503 376
651 1078
1302 1564
36 1628
209 278
568 899
689 562
1293 1429
37 967
539 1529
1031 92
531 35
144 757
38 788
53 914
91 253
1131 1086
1334 234
422 1347
1693 255
39 361
431 1023
40 578
1136 679
1646 1546
1061 1112
722 116
49 712
1738 540
103 872
675 1473
911 1665
67 709
785 491
557 314
805 1671
584 104
1174 159
918 1734
41 168
42 990
1508 433
43 909
214 1129
380 1028
1547 1498
1210 575
314 101
1111 409
1707 1687
1363 353
1561 1661
909 1664
1190 1203
1239 297
705 165
706 1080
638 462
198 610
1045 1401
1537 1359
44 1456
1359 1244
592 1615
957 1269
163 805
1008 1669
1685 910
1236 1300
46 430
47 1482
855 718
922 1335
1060 24
996 1693
1417 1496
496 730
1619 196
377 34
1208 928
268 1701
236 545
1387 930
928 1567
221 522
743 343
45 529
50 1218
189 668
407 292
1734 758
1305 1444
608 607
120 834
807 1643
249 971
253 490
747 0
52 1141
997 837
1655 280
1096 306
753 1320
199 1433
51 510
699 486
1487 348
1405 132
576 1177
641 881
824 1206
223 135
532 267
1445 927
728 538
1113 945
423 921
1376 605
54 182
1690 1265
1165 1707
1250 399
930 708
55 54
727 1120
982 915
128 83
56 401
386 783
730 26
307 583
1315 106
1455 818
863 251
1711 1267
208 1271
1325 248
1414 1571
466 1089
978 14
296 160
58 464
241 632
1367 417
170 1090
183 1281
495 1293
405 27
59 1423
1622 82
218 1330
465 752
688 714
60 1534
1200 1681
1712 1159
1344 1451
1069 1431
797 838
1286 205
87 1634
1386 1165
549 732
57 164
964 1654
938 744
723 937
365 1308
1454 1127
520 1075
248 1058
1578 1599
90 1605
1051 1504
421 1616
625 614
467 1743
346 115
63 602
64 1059
334 1694
754 1373
1440 1675
1301 729
175 774
565 1600
1184 1140
483 362
1703 555
66 1721
780 725
378 939
929 117
1680 1073
272 507
1050 318
233 682
1021 1645
711 571
716 879
883 1331
396 11
767 295
1651 726
194 62
200 224
68 1055
69 1298
383 1056
487 1175
356 436
719 184
172 1667
1120 1710
70 756
361 1029
1011 222
1083 210
239 1314
709 266
1225 301
1399 792
72 615
990 1252
442 451
1420 827
1615 87
933 1095
246 644
1132 264
1333 870
1160 44
323 742
71 1085
335 715
1713 766
1450 530
1579 1234
1384 839
73 1532
74 929
1722 761
309 776
1141 1236
196 686
542 594
1452 1237
1125 1414
281 120
434 943
552 173
77 1578
914 1068
962 690
886 1711
932 1369
138 1592
642 1657
78 559
1636 363
288 826
1520 429
734 272
290 276
337 67
79 526
869 654
1195 257
620 1124
1423 1386
901 988
86 608
80 324
81 1649
889 452
1271 517
410 1655
1274 397
390 1455
745 1475
480 1424
1197 1713
285 1013
1065 1489
776 1070
1206 189
411 336
85 948
577 1545
1708 1285
315 687
1461 195
618 1728
84 903
265 1425
439 606
161 1128
160 384
1628 844
1709 1186
1466 809
695 584
720 238
1393 1258
262 1705
364 611
973 1523
1365 922
295 1158
1612 1590
758 849
1148 628
342 1350
88 1161
357 73
832 1122
535 1053
1326 1601
89 400
371 380
1004 1310
1663 174
1627 141
515 443
1168 1670
1130 817
660 646
454 596
1001 1470
1310 291
1379 1365
1411 428
92 472
967 1351
1032 923
751 63
1320 579
93 580
1150 577
376 833
1373 533
392 851
713 2
968 1187
555 1126
847 122
773 995
286 1136
1227 125
1146 1213
1269 986
679 812
1092 203
663 479
1519 1554
1563 1697
95 1393
437 1714
1306 1580
993 395
830 1302
94 616
406 564
308 1522
1582 549
792 1116
1706 829
145 534
534 1274
96 1509
97 466
98 992
1223 1494
1661 1673
1104 671
1521 1034
1616 468
350 1057
339 1042
1324 1598
1562 478
1477 3
786 97
903 1503
99 171
1068 407
605 129
969 511
1665 1050
354 381
100 335
101 143
724 1648
836 1739
231 589
940 959
247 29
154 110
394 1333
943 323
1216 1725
1140 1219
102 702
1428 402
694 707
820 1613
561 960
1105 722
1573 558
1682 965
104 426
105 1537
127 358
1710 678
1343 1262
1202 179
654 352
810 109
1422 147
267 590
906 1651
516 1044
108 1223
1728 369
1099 388
340 1260
544 717
109 1231
260 501
1587 1471
393 813
110 90
841 487
1234 354
111 1706
425 39
708 560
718 640
112 247
1534 1526
844 790
1352 1612
113 1328
1277 528
1296 60
796 396
446 1082
114 70
1290 17
1460 822
697 764
305 1005
959 1732
790 1402
517 1276
1560 958
395 1326
116 672
648 597
493 843
155 346
1658 1395
838 787
1037 1251
1073 1748
117 80
921 163
1406 944
538 832
211 1682
1238 1421
644 53
771 162
449 1079
118 556
1129 1585
1591 1478
115 1299
119 563
1434 840
146 199
1507 1428
1059 734
300 1232
817 1248
1149 868
1489 178
1526 121
1523 1341
1581 1275
1620 1712
274 350
1592 1479
450 1440
122 1008
124 680
1389 685
1542 911
1527 320
1740 1683
123 347
125 460
665 512
1456 1072
226 1620
1176 1568
126 123
597 85
1421 931
455 213
1047 1114
1024 1490
452 1052
1255 411
1724 1174
514 146
1081 127
701 816
1509 309
129 1221
491 633
686 703
131 461
556 859
812 1623
1192 367
177 1417
1087 240
1283 1074
215 1131
591 1010
1358 864
1479 670
130 227
132 1686
134 1366
1644 1389
1660 1242
1342 768
133 268
136 1392
800 1497
609 815
1097 441
403 518
1171 884
328 1105
1075 621
139 1419
892 997
400 312
414 373
140 887
837 1527
217 803
327 1618
1346 883
1594 498
1424 1065
1652 772
1245 45
141 1343
156 860
1186 661
143 916
649 1357
550 1286
256 743
1115 1416
509 1630
1539 1319
574 79
1349 683
985 647
1474 1217
1382 415
169 1345
1307 102
1341 741
1020 791
148 582
1617 1538
942 1641
201 620
1449 1584
149 1519
1203 677
586 113
1327 623
670 59
1666 675
1640 194
463 1190
150 1412
151 565
802 1226
721 207
1070 508
153 739
306 1724
1623 857
289 321
884 796
823 1370
1214 331
152 898
269 797
1181 103
1314 953
1383 1004
981 447
1295 20
673 1603
459 1469
979 1587
814 655
775 1413
278 585
157 698
683 161
916 84
1275 136
1541 215
1531 360
602 471
1372 1305
653 973
518 1246
1444 598
1019 1107
657 1280
831 506
784 1212
826 1502
1496 1189
658 977
1544 118
1696 1020
1625 72
343 357
358 307
1368 370
158 337
159 532
877 874
349 1540
692 554
1230 795
880 377
687 649
573 1512
1249 1283
1471 891
1353 281
164 1051
1505 750
294 1747
165 1737
1036 1018
1272 260
1608 1360
1565 6
166 1145
1241 274
787 46
1401 190
804 779
167 270
783 828
971 541
1364 1692
1723 243
445 187
168 1047
1182 435
1491 662
243 65
632 984
303 12
752 153
970 938
703 513
631 1501
1549 204
171 935
1583 1096
674 1652
1543 450
1470 1418
1052 846
1297 294
173 1406
746 286
1025 1001
424 1273
935 1349
1232 1493
1493 568
174 1336
1672 814
611 669
1388 1454
1235 375
468 1586
1429 1565
904 1230
1378 1702
1040 1619
176 1025
627 748
1194 133
835 1621
949 773
803 95
725 721
179 659
513 737
770 978
1634 1315
1600 1154
1268 567
759 1017
180 403
606 1403
899 888
186 894
1318 1301
181 1216
543 458
600 269
872 991
870 835
1022 1745
182 7
936 50
580 735
917 131
1362 221
1673 142
499 1022
1453 1045
440 793
1017 550
1313 459
894 1166
302 749
795 1602
1669 561
560 1372
402 1741
1518 760
184 1002
187 789
953 1295
815 525
1576 765
1613 1582
857 188
1185 936
765 975
1253 1557
190 663
1481 1642
1572 1035
1256 1327
1046 941
1172 1200
191 434
567 1513
192 985
1259 658
1154 878
193 158
1688 119
1082 855
1018 473
1153 1134
864 1516
261 653
1667 371
1451 482
426 1198
616 64
1462 763
1261 572
197 477
1446 237
347 514
1475 454
1270 1061
1224 1032
1258 485
322 754
202 1517
1095 645
1503 1115
974 551
373 1030
757 1435
470 1033
203 539
859 897
368 1614
301 1100
1273 1596
498 499
926 1460
204 300
205 1607
490 1253
1606 455
924 1477
486 727
1033 492
507 172
1692 1436
404 1626
829 328
1492 731
210 932
1188 410
960 1376
212 778
972 1220
1726 1377
213 198
1494 877
311 1139
760 824
313 1381
1448 1488
860 1006
1442 566
523 1627
545 40
1078 983
887 1635
216 705
1287 1259
1385 1125
955 1135
852 900
367 780
1043 390
219 437
615 1674
1166 1192
733 345
220 951
912 316
958 38
583 1637
316 681
682 1742
601 1102
460 88
976 1738
652 1255
224 866
952 924
270 1241
1005 138
1237 1155
834 861
737 925
704 1162
225 1461
1080 1510
1546 1284
540 652
1430 1164
821 820
1247 1551
228 1558
1133 862
950 1709
1704 296
229 1205
230 81
1049 970
1012 586
1371 1622
925 416
1366 1156
336 573
1231 1222
232 1533
1478 974
788 1292
234 47
1432 536
896 465
235 298
1569 1576
714 1650
854 1611
500 124
1464 1278
419 1272
741 1638
736 1591
1048 1110
1107 1250
691 1556
1394 32
481 1382
240 546
1114 1313
1514 1346
238 1041
242 422
388 1290
1145 1167
276 56
1677 424
433 42
1196 976
1370 613
619 16
1323 1133
1654 1037
1158 1658
1718 245
244 810
1721 691
1684 697
919 1279
927 890
1330 964
1246 217
994 825
352 1483
1720 220
1447 848
245 77
1345 998
1731 1152
1653 1355
387 904
250 1597
504 1215
1299 1434
1584 1040
558 618
1002 36
1063 625
1530 719
1695 762
1580 1437
418 1113
1431 208
252 1746
1629 1744
1497 1181
1312 1344
525 1060
1209 31
1473 1291
1126 89
255 1736
578 666
1335 1695
254 333
257 177
548 684
551 1653
1538 10
258 181
1329 145
1006 1432
259 1297
1586 1716
1402 987
363 218
389 75
501 873
1501 503
263 86
533 1211
1504 111
1056 1720
908 1317
1076 170
1548 847
266 767
1535 1036
448 1486
628 1243
1484 1245
284 1011
1404 71
320 1170
277 1121
522 185
878 1474
756 1438
1039 1394
593 996
369 664
282 657
1057 569
432 1235
650 1629
599 1391
273 1142
702 1666
1554 1518
895 1400
271 850
275 41
1500 1143
420 180
1686 1722
1502 1168
1086 1608
355 1239
1588 228
1354 414
1009 1411
280 1668
1041 1193
954 341
324 716
1607 956
913 1091
317 398
1180 1184
505 1199
782 1316
391 427
1116 202
283 747
1144 262
1088 1263
1727 1138
1169 919
1649 1378
1219 1027
1331 1132
1674 946
1162 1430
1173 865
512 523
1495 955
287 531
1626 1606
991 1700
1391 1740
497 1399
299 30
293 1294
312 1684
1308 265
1716 966
676 1676
646 1439
409 1691
603 8
1687 1552
1156 1553
297 355
1151 157
298 329
1337 1459
850 359
1737 1383
1506 1067
304 1363
1263 1589
1659 1191
1072 1176
1191 236
712 148
1598 112
1328 446
774 1396
761 279
427 1371
798 287
571 863
890 1358
488 176
1381 200
1719 1703
1485 439
1668 952
318 963
319 284
1683 420
321 1560
1204 1388
1147 1334
1119 1081
853 895
848 1581
1278 1505
989 1536
397 630
1398 1233
325 1054
326 665
1413 1575
1211 449
537 1157
416 93
360 130
1079 836
1284 636
988 1448
1317 151
330 1492
438 660
329 319
331 308
1332 942
332 634
666 1506
768 175
333 1415
984 1730
1433 954
1221 413
905 18
995 1182
956 379
1409 1472
613 1071
338 1647
1397 1549
1207 622
983 216
1108 1088
980 1180
1199 557
444 282
1023 1410
345 524
572 149
735 1625
508 1149
348 1559
946 961
1550 1196
1472 804
351 603
1463 391
630 1495
1459 1594
353 1398
374 57
1700 1362
1015 648
1351 497
1291 688
595 193
1260 349
1705 1466
1403 519
1457 1696
1222 1304
362 724
789 1690
1152 1311
715 1677
366 387
1599 876
881 1146
587 1727
1729 49
610 831
684 404
473 1137
1179 37
372 751
588 693
1624 799
1435 303
375 821
1533 342
945 1160
590 1247
1281 600
1338 733
749 1123
381 544
1205 105
1656 408
1735 1094
1034 694
458 801
977 1303
1490 212
1566 1329
915 1007
668 1420
385 989
1564 1312
1243 378
1298 1324
1137 1609
471 612
1590 290
1512 740
1288 1441
635 9
1410 1521
693 896
799 405
698 48
1482 1749
1071 1208
1639 313
1551 1385
742 351
1084 445
494 912
398 96
401 1325
920 1569
842 167
1282 631
1427 1197
1439 423
1476 1375
963 169
1106 1548
839 1672
640 889
1118 327
412 1228
528 710
472 777
413 1322
1233 1379
1701 626
415 720
766 1723
1699 782
656 1660
417 322
791 480
1042 340
1007 552
1264 1407
1311 1731
1676 254
825 1646
843 1342
1212 339
740 1202
1524 1194
1645 775
681 1093
547 785
428 470
827 993
1139 619
430 520
1630 197
1635 55
1392 982
707 100
1026 601
546 1214
764 969
530 494
1601 591
436 651
1215 444
1614 700
1124 1499
441 1543
443 383
1611 689
934 1256
806 1169
612 74
447 364
1054 1108
594 58
1513 1147
451 261
1339 1097
750 1530
453 604
1035 781
1662 33
1694 1426
1242 483
987 305
563 1340
755 696
862 537
851 1064
1418 701
1577 1307
882 1188
575 576
645 1151
907 1354
469 1288
506 108
867 1049
474 493
475 1462
477 273
478 425
1000 1306
875 52
1029 1718
717 223
879 674
484 394
1340 1368
808 192
634 905
1556 239
489 484
1142 440
1425 1015
811 226
948 1547
840 489
902 1573
492 933
1267 1617
1157 1685
1289 1680
1309 593
1609 246
1467 906
1400 1689
1189 1583
809 542
1303 1679
1077 1282
596 830
1016 1572
1593 1380
1648 1708
1528 771
729 1520
1736 1528
849 770
1689 968
582 1296
1545 504
519 1610
772 1227
1441 940
521 1631
1085 317
1347 1644
527 419
1525 1240
529 1515
833 1195
861 94
1725 642
1143 1524
536 639
564 304
1319 892
1602 656
621 256
671 617
1251 1000
1027 516
769 469
553 1452
1536 232
554 1150
559 637
937 1698
1089 950
1112 856
639 1588
569 1465
871 19
570 474
1276 476
1100 302
762 139
1605 1364
664 1339
579 356
1304 1735
1123 869
1650 285
1193 1511
846 1207
1642 588
819 711
1164 252
992 456
598 1261
685 152
1637 641
1632 140
1369 1405
1121 344
604 882
726 949
1437 1541
1090 1046
1101 385
1228 412
607 1264
781 438
1618 1348
1419 1387
1517 1409
667 638
1257 137
614 500
1739 1323
778 495
622 502
623 745
816 289
818 1066
891 1163
1714 1353
888 1639
655 463
738 1130
636 442
1122 382
637 271
1438 1491
793 962
1093 1726
643 1464
1570 1561
1374 1111
1698 1144
1595 368
1110 800
876 1659
866 5
1062 366
939 907
1638 738
1681 1636
662 114
661 1183
1733 229
1515 695
669 386
822 225
677 1332
678 1318
680 1098
1279 902
1360 806
865 535
696 332
1294 1225
1567 515
1030 1507
1610 587
1426 1039
1356 392
975 250
1597 917
710 183
1443 676
1201 1508
856 467
1067 126
1657 548
1557 1069
1529 1468
1159 819
732 1361
1559 76
1416 1021
744 1270
1671 488
1357 901
748 629
1003 635
1568 673
763 1118
1178 1019
947 406
1730 1531
777 1321
1187 1104
1064 496
1396 1427
1355 880
801 1062
998 1038
1350 1729
1361 1404
1175 723
1163 1103
1647 1063
1218 448
868 315
1336 553
1486 786
1697 1555
1028 845
1511 128
1732 4
910 1579
1643 230
1167 1009
1058 231
1469 68
1213 1337
931 784
1702 374
1348 842
961 1229
1480 1031
1292 543
1558 1525
1380 206
1266 25
1014 1099
1415 21
1252 1109
1621 913
1128 570
1220 1447
1321 310
1322 1101
1522 311
1248 1514
1555 980
1604 1566
1468 1624
1633 811
