0 491
2 1339
1798 481
3 1373
1797 418
5 186
1795 410
1794 249
7 1197
1791 426
10 745
1790 35
12 1563
1788 171
178 419
672 39
87 480
1578 1743
731 1499
1208 18
115 1569
121 531
352 968
1246 208
1 319
1799 102
6 1431
8 1741
963 1181
267 1363
631 922
1249 1065
568 1434
47 223
1710 1425
1511 1581
1796 606
11 904
1793 42
1792 628
14 1730
1717 514
253 1429
1247 1256
1135 12
900 114
1574 1021
238 859
1356 1411
4 696
9 673
608 947
1007 1631
1627 1494
982 1114
1590 331
1629 287
1652 1194
1191 503
1564 995
13 1643
15 434
16 1589
1098 1599
1067 994
1195 315
1608 909
326 1277
146 760
1131 1177
240 1323
940 734
17 1027
699 981
1613 806
1157 202
1401 695
374 1692
1527 1098
1659 384
266 758
1408 1110
106 1786
619 1415
1164 1561
1402 617
19 694
690 1312
429 885
1269 723
234 1784
114 1183
455 189
20 779
372 1379
1756 1735
1296 1423
1119 1435
128 1300
742 687
864 1045
1306 793
625 1515
297 980
18 963
21 1442
1711 701
46 1688
1036 469
22 343
893 1340
1732 1516
1122 1636
496 323
831 359
414 515
655 1473
524 584
1476 511
1288 964
137 262
1493 814
1321 322
794 1504
1331 861
1345 637
789 1192
222 624
926 462
24 1618
25 1487
1177 473
1471 9
175 385
138 1478
1106 1081
23 1280
1094 1592
1075 657
1603 707
184 517
1095 1011
1487 1072
1672 1141
969 84
538 297
26 724
559 1254
773 465
153 1530
708 670
1729 559
640 63
28 856
1071 562
1110 414
1664 224
644 825
1505 300
27 407
29 704
291 317
76 1591
1547 1101
57 1640
156 253
335 574
1170 137
387 1249
741 71
30 1723
43 697
702 219
780 906
1438 218
285 599
1698 1346
88 1647
306 1279
31 1511
32 1748
437 1180
531 136
729 446
1750 15
950 163
1554 1265
1486 200
34 1169
624 706
260 777
1307 48
1500 681
1534 1414
660 1750
1357 592
33 798
1641 1016
1310 263
709 1577
857 24
563 1216
936 953
1366 38
1426 933
1776 1241
384 1769
1302 982
1352 122
35 1033
442 472
364 1387
586 1034
509 744
894 284
1147 736
244 117
873 130
922 454
1671 1364
751 662
974 1649
841 1172
259 882
461 1410
674 783
1643 497
1376 588
37 1398
38 731
210 1336
1722 396
747 812
370 948
1453 1162
906 1170
712 545
36 722
1378 1118
1290 488
918 1151
1466 1132
1556 805
803 1360
1593 205
398 1655
40 120
1137 1507
1403 162
629 1344
1424 819
204 1608
1575 671
1012 1531
381 1664
1224 1032
1279 1076
1583 920
41 1068
288 229
1581 978
948 863
1226 959
691 665
583 442
1611 1575
1034 155
1048 432
1789 1583
1406 501
481 103
1111 1149
1436 1214
383 1533
530 1457
1129 1693
39 976
42 877
44 1559
916 1399
804 1023
1167 1488
911 1751
45 265
345 1112
1517 1788
602 667
116 127
848 393
824 1077
1416 727
1384 1724
1082 138
1506 556
1213 1467
915 1783
148 349
426 672
526 1190
264 354
905 145
1369 1749
522 25
1102 44
1741 1678
1443 124
122 629
482 1470
48 1103
859 33
1072 92
1489 1320
299 710
1375 1689
727 717
1540 23
1283 370
685 1078
562 261
1011 1311
1151 1405
363 1366
1681 247
154 1113
439 567
1230 1700
49 654
50 1009
92 1188
445 1584
550 1380
1778 1283
1313 1697
1146 1796
355 924
1475 1477
189 1661
1459 250
1764 765
1409 986
1395 867
206 0
201 1615
657 1359
988 283
1463 422
1275 1244
51 1419
52 372
54 230
997 1211
837 1597
555 1071
987 498
53 755
55 291
1032 499
1457 50
529 540
456 604
382 310
1297 421
1341 1209
1156 1017
484 557
826 1131
143 691
56 1426
968 908
686 772
1273 1313
1150 931
738 1736
1104 973
281 773
441 1186
1760 1370
388 708
732 797
464 1401
903 820
63 539
274 741
59 134
867 1038
1660 851
1198 950
923 603
924 1195
316 887
251 1588
1709 19
1666 1402
1299 1204
1470 1123
202 807
1334 335
68 486
813 974
1720 43
1694 167
279 1356
623 533
1197 1117
60 1119
61 871
179 1259
430 889
829 780
1587 1080
486 1154
1753 1175
58 1668
1200 355
1235 448
311 1056
855 327
62 1290
487 939
304 431
795 893
1021 203
1707 661
1084 436
64 1734
239 796
217 1413
814 1086
339 5
136 269
65 1374
250 899
1775 868
807 362
676 1288
133 679
337 458
1132 1394
759 763
66 98
1078 325
1152 1247
479 1184
770 582
195 401
1105 682
507 1610
1644 1158
67 840
899 1765
1693 502
1293 1651
127 809
196 1480
962 1257
901 94
1742 1157
976 1133
323 1468
328 1471
246 1328
70 17
589 896
654 1043
1704 1060
1054 1337
262 176
69 1503
71 1390
1579 1354
1781 95
308 655
284 749
521 1780
1382 808
833 733
711 1461
72 1350
108 1342
949 999
168 243
1779 281
668 245
695 775
73 702
241 1333
1472 1129
1669 1728
955 519
103 1396
111 960
74 874
990 248
1389 1690
1586 34
705 179
132 423
1022 822
1615 911
533 1382
1089 459
1483 595
75 1006
1239 837
1073 482
998 151
199 1233
802 1660
1203 601
404 1164
996 52
1236 1372
1256 221
1519 1270
565 1667
880 1095
1079 829
305 1236
271 40
78 99
79 1460
275 441
269 1292
821 700
261 252
1038 495
596 1275
80 301
1168 954
838 522
211 854
77 1444
81 131
1636 128
268 1231
584 957
1015 350
1498 1683
1752 500
823 1424
843 1625
817 1718
452 76
981 428
1754 1469
375 83
1162 602
1133 235
1656 669
811 675
1415 1221
1474 975
82 1075
889 196
310 689
1449 900
243 1645
1642 768
396 1451
412 41
1520 440
483 453
532 182
815 956
249 640
83 270
84 506
85 104
1264 1502
440 644
730 275
129 1037
86 1630
1205 1418
544 1547
714 1666
913 875
505 1759
1458 75
687 985
1163 1064
1607 1686
419 47
165 525
1766 1250
681 778
277 1545
163 36
1400 1628
1670 1606
124 1756
139 1035
1763 881
547 259
354 1527
379 766
89 406
513 305
223 845
327 1353
861 932
1258 244
953 1299
1496 402
468 513
806 1220
90 1760
290 791
984 408
611 1261
91 74
980 799
257 555
1241 1412
1543 1386
1724 1253
590 591
1138 680
457 164
1491 1238
1245 756
1594 366
1315 1155
93 1208
94 1766
967 879
549 605
601 1102
512 1330
541 222
315 1587
934 788
1225 67
95 1772
96 1018
713 360
485 914
661 538
983 1691
97 306
943 852
130 195
1223 507
1097 1568
98 552
1216 659
1610 989
749 951
846 1262
1455 1562
408 918
1736 447
972 1408
680 1225
1559 1284
1748 530
941 1100
1390 191
193 1590
883 958
405 1695
100 415
125 1554
1014 1420
1739 62
1026 326
1468 277
1231 844
1277 438
1715 929
99 1582
101 858
313 449
1448 1617
706 1665
1614 1058
515 88
1452 1198
102 1576
1076 1084
1194 1496
1063 1163
1155 1453
772 1003
1298 353
1261 91
295 112
1713 650
612 821
788 101
276 1572
1478 1171
208 56
282 311
785 358
927 339
438 619
753 1555
104 613
105 198
1691 786
552 886
495 1179
1397 1298
1773 585
609 77
1234 857
256 1274
491 870
1295 1709
212 146
1154 648
107 417
872 115
1548 1234
421 1472
1509 916
1233 1331
109 838
1343 93
1210 1552
775 37
662 14
792 392
110 1518
265 631
1320 1046
632 1417
188 351
942 1070
1522 685
215 1138
863 711
1183 634
270 828
1364 891
945 1794
112 1486
1584 1322
390 346
638 686
606 139
1202 860
1153 1334
113 804
1185 593
501 636
228 398
1359 535
1625 642
800 1139
435 1758
1521 664
1351 214
560 1773
847 1266
1373 1548
159 1483
1074 147
1270 1237
1737 1272
117 443
278 1347
152 1089
422 204
118 785
119 549
449 1524
653 1742
688 1514
1427 1310
748 157
120 625
921 29
1025 1755
1516 966
1730 824
459 140
1387 1135
451 210
1252 586
1243 524
466 1624
1093 926
994 504
359 1782
123 212
1442 572
1464 728
1392 1213
1634 1557
576 460
877 979
1115 1600
1057 1479
1144 1675
1620 1594
203 832
617 523
126 1375
1204 1093
1187 1206
627 897
1354 1176
1024 1388
665 107
1485 1684
932 1317
403 1235
1606 1662
1381 1022
933 917
1719 905
758 512
783 190
1196 1218
1772 1255
131 1228
1140 1104
1454 264
1450 646
149 172
723 475
850 949
605 1019
490 1698
1726 1036
1771 357
502 463
1361 590
527 935
1188 1042
1696 1107
134 630
556 1357
777 668
1125 1327
1044 1264
1004 754
135 941
885 1040
1624 1341
659 1593
1731 487
1305 1048
1727 22
471 1720
812 690
1181 1481
1393 266
650 992
273 1791
573 188
1755 1623
1524 425
884 883
1114 1121
140 1482
597 260
141 738
896 1004
1173 803
142 1287
322 268
618 391
1287 1122
1266 563
1358 1536
1363 1097
367 570
1391 735
1068 57
1497 801
144 996
302 802
746 560
844 1153
649 1142
1158 341
1003 1443
666 79
1199 1090
331 1020
145 1001
1031 11
1329 477
424 721
1577 255
762 970
952 1316
167 612
939 1115
830 337
147 537
1601 1168
220 988
1229 234
236 108
247 49
1605 16
1145 1652
1535 1441
1628 907
1046 1082
1008 451
768 1565
221 1202
1276 1544
1484 589
1380 923
1056 1251
469 121
465 1626
1000 416
151 1223
720 220
150 1308
1141 1067
999 492
693 609
1368 45
389 177
1430 1352
1414 1546
1705 831
1663 1321
1558 280
648 365
960 1738
155 1207
1688 110
1165 1007
701 869
1738 1729
1340 575
503 1717
878 1719
1678 464
157 1549
1631 946
663 516
158 377
1039 1540
1061 921
1600 256
1265 1632
368 1580
809 1391
1242 1063
978 483
160 452
161 420
377 123
634 433
433 1671
1309 478
162 1120
242 1361
1469 1083
312 274
1101 1136
164 1560
1502 746
460 1173
1439 1747
1327 1384
1058 1276
1515 1348
1749 1351
1774 1263
1783 1520
1684 730
519 1381
958 1776
166 651
675 987
1668 1463
338 180
169 1304
258 173
1552 1074
1649 678
1530 303
1725 1539
170 68
1190 1543
587 1005
1421 1450
1027 919
231 1663
1662 1797
879 1421
508 1246
1045 1369
1254 1440
1431 945
919 526
1371 610
1446 4
183 368
171 383
172 761
173 1252
1553 1771
1539 1526
1697 467
174 1227
938 1245
1723 135
989 8
1638 534
176 1437
1207 827
254 490
979 1733
1451 1770
1219 1458
1623 285
362 1242
1770 553
887 1525
986 231
177 85
694 1657
1551 1052
194 627
766 1571
401 1393
180 361
358 1517
684 330
1284 794
232 1055
200 10
207 942
432 817
181 1656
182 683
615 466
1780 333
543 692
1066 386
1640 1573
1567 864
1501 1014
516 753
1175 726
185 166
1461 792
745 379
1033 1764
580 698
186 217
991 969
703 1091
628 1737
571 571
779 1659
1214 1579
458 111
1562 1778
225 543
558 865
187 910
448 1282
874 30
1237 1436
636 597
1240 1367
534 439
1609 1053
1422 1629
190 399
1166 46
664 1015
567 712
964 332
1388 1512
332 1406
191 170
1324 70
1507 1613
1647 1564
966 60
1201 990
294 129
226 835
192 390
233 776
1787 1790
860 764
296 1376
912 890
411 1677
1651 6
546 27
1758 80
1149 1556
667 632
1328 577
197 194
1546 649
198 1781
1006 940
314 757
1550 1355
995 620
1508 998
349 364
497 1362
1161 1422
715 1013
324 1491
280 1160
399 569
360 293
1280 1519
1099 53
771 1744
434 1669
301 1601
205 1187
1109 1156
1355 1653
1782 1377
954 618
1617 318
1514 344
594 1638
970 1349
1189 1116
1379 345
209 977
1637 826
472 1267
1333 1774
450 1092
1504 930
793 1295
1148 1541
320 144
935 1294
1784 276
214 581
1001 1475
1435 895
213 936
971 1392
1494 1301
525 242
566 1427
616 626
643 747
1002 125
216 380
218 206
1566 1484
1513 1566
1488 381
518 1609
898 1432
652 106
219 233
852 1452
1769 1614
1716 1768
1028 934
820 1099
1126 476
845 1513
1206 1739
1308 494
1086 376
287 732
1090 653
224 866
1049 1493
443 558
394 1542
1768 1054
463 1462
909 1062
347 1604
227 693
397 1699
1690 348
765 282
1344 389
447 199
1437 873
230 316
1251 239
1689 493
819 1134
229 445
1080 54
1013 352
444 1710
1765 149
1700 1273
739 227
1733 116
1692 729
1635 1510
1687 81
871 1682
514 774
1367 652
707 1447
553 397
237 638
427 1286
1718 616
658 1795
235 158
671 1607
744 314
1353 1008
1785 1285
1560 272
886 409
1108 484
965 1500
1665 437
946 894
1585 241
350 292
881 846
868 213
1338 1325
633 529
1222 412
336 855
245 1497
1180 1537
1174 342
1035 1025
1267 65
1679 1644
1291 1306
542 862
1009 1302
470 1464
1088 647
1116 771
1423 848
888 1047
1767 1305
752 1676
1595 150
248 1028
840 1428
1055 1703
1360 1024
252 1439
1184 1523
1667 614
1278 1012
1674 769
1120 878
504 901
255 1752
1232 302
1467 1789
977 192
1139 118
380 375
1735 944
578 1598
1419 1476
1370 902
548 1200
726 816
1263 1438
1599 810
937 1694
588 307
321 20
704 656
1589 938
1212 1489
621 271
1050 716
1130 28
1019 320
365 1368
1064 1532
263 770
835 1680
717 1201
1533 598
1549 185
736 703
1398 674
1091 1551
639 1268
1428 872
1418 133
1081 31
511 1319
476 1148
1529 1203
272 568
1695 782
506 725
309 1793
1728 1
1077 267
1377 709
828 1338
1492 1696
1192 1639
395 373
614 32
1626 850
317 1050
774 1124
743 583
716 789
436 1217
283 1343
528 915
642 1057
1339 972
1582 405
369 1365
1030 21
656 546
510 1674
1041 51
376 1185
791 1430
1053 304
1118 623
385 404
944 1166
1761 1030
346 1596
1639 1635
286 1585
425 1715
1100 720
1304 1722
1433 1522
1259 1108
289 1397
740 367
897 790
787 1706
1217 528
1323 1712
348 842
1209 1509
735 1345
292 1713
293 1456
1653 1474
1142 228
750 290
1362 551
1399 1501
1325 403
453 232
298 843
1591 1529
1701 505
754 1620
473 1746
1751 1212
728 813
1447 1602
575 1087
1221 1174
683 1757
1746 1269
300 762
816 1307
462 520
784 635
303 737
1023 236
1633 536
1619 1622
1037 580
842 1767
517 542
307 1403
630 658
1495 1777
400 240
1020 126
1440 573
992 105
1211 641
1680 1332
957 1189
520 666
700 548
673 1088
1706 1278
373 748
1721 395
1747 388
1268 161
756 313
1255 1232
1159 143
1317 587
947 141
1673 565
1238 1621
1117 273
318 1570
319 90
827 1146
1062 876
1571 594
1059 643
836 1658
851 815
1621 752
975 1466
1531 1727
1286 684
1318 340
1490 841
540 811
651 1612
410 928
413 830
1499 294
344 596
325 1105
853 226
1069 1061
1248 225
467 1708
329 943
1744 967
882 178
1570 156
1413 457
1085 1289
1762 1215
330 1318
1405 181
333 347
334 1646
734 66
1757 1492
1479 1126
342 61
1096 547
499 329
340 1714
341 1740
669 72
600 1385
343 1404
760 1799
781 1670
1612 1550
928 1297
801 175
1326 2
635 1506
420 1567
1160 991
392 750
537 424
1282 187
810 165
592 997
1555 1508
799 1199
351 1229
1365 705
725 550
1592 1627
1596 1634
724 444
1786 1000
1777 781
353 955
1330 688
1316 579
1171 1702
1630 718
428 1528
356 334
1712 1754
1113 153
357 1079
796 1329
361 470
1227 435
378 174
1042 1586
366 97
1646 1704
1661 1672
876 566
782 1049
866 1378
1186 1521
721 1763
1385 541
769 1705
1322 527
1677 561
371 1137
1481 254
931 1205
474 209
1182 59
1347 183
1512 1459
849 1409
951 468
1220 1240
1301 1140
1407 1258
692 413
778 113
1337 1147
1655 787
818 1029
386 387
1460 1094
1257 1535
956 1707
993 751
1473 169
798 1595
1650 962
391 78
1622 289
1193 55
393 309
557 508
1047 159
1121 898
1417 1654
446 1178
1434 660
1311 1010
572 279
409 1026
1675 1271
1480 1303
402 743
1686 1538
1632 215
1300 576
645 207
696 1681
406 937
1503 1222
407 1059
477 485
764 411
415 1448
1645 1371
416 1785
1576 1455
417 86
418 299
1597 450
489 1230
929 1145
1070 257
1271 884
908 1725
423 1761
895 1775
1526 818
1703 1309
1482 1701
755 109
431 288
930 993
494 1315
698 1152
622 1144
1456 1167
763 430
1285 427
1714 479
722 96
1523 925
1386 1605
500 328
1215 455
1281 1069
637 544
870 338
1429 1616
1018 1239
1682 295
454 833
1654 645
1545 1165
925 1642
1107 193
492 216
1580 607
1383 532
1404 611
599 1641
535 1291
1572 800
1136 324
569 1578
679 1648
985 1779
757 714
1568 308
710 1326
973 677
554 621
475 152
670 1096
604 1243
591 1106
613 1407
1532 713
1016 1182
478 246
790 197
1441 82
480 564
1274 1051
1043 1787
1477 1465
677 633
1676 7
488 374
1557 849
1179 1191
1143 312
493 278
1444 1031
907 378
875 64
1017 1721
1708 168
1092 132
1598 839
1312 1433
498 1495
682 58
1244 1716
1335 429
1253 1446
961 1454
890 154
1410 119
1372 363
862 13
1561 371
1734 1558
1134 1125
610 258
1528 1673
579 1762
1565 600
1178 369
1350 834
523 148
719 286
1743 1111
1172 1574
822 1161
1657 1637
865 382
1292 719
536 87
1040 1389
1683 1196
539 1534
1544 1745
1412 1335
1272 1358
545 1490
570 1485
1294 823
551 759
689 184
564 965
647 952
761 69
561 615
620 715
805 1611
574 1226
1051 888
1262 1219
581 847
1658 1130
577 3
1289 784
1029 474
1573 1143
582 521
1260 100
1218 1603
585 296
1648 880
1083 201
1420 1324
902 510
856 663
593 608
595 1193
1588 356
598 211
1303 1041
1319 676
603 1498
1176 927
607 1633
1010 237
1618 1449
1336 1002
1699 160
1702 456
626 578
1065 1224
1465 251
1124 1210
910 394
1525 1150
776 1685
917 1383
1250 1445
641 1505
646 1753
920 1553
1396 639
1228 73
1348 26
1127 1127
678 836
1394 1726
1432 1085
1103 1731
697 913
1087 1044
718 1314
869 1260
733 1400
1538 1416
1759 1248
1604 142
832 961
1462 509
1542 1619
1445 1687
1060 903
1745 742
737 518
892 739
891 1073
854 622
1537 89
1541 1128
767 1792
839 1395
786 1798
1346 1293
797 912
808 336
914 984
1536 795
825 321
959 471
1052 298
834 853
1332 1732
1563 461
1349 1039
858 489
1616 699
904 238
1169 983
1602 496
1342 1296
1005 892
1374 1679
1518 1281
1569 971
1314 1711
1411 554
1425 1066
1112 767
1123 1109
1128 740
1510 1159
1685 400
1740 1650
