0 840
1998 506
3 795
1997 1848
4 661
1996 527
1994 124
1992 695
9 1399
1991 1058
10 1422
1990 1227
1989 1659
1988 1351
178 559
375 841
1393 149
107 340
252 589
470 1744
853 1732
1712 1568
757 1984
582 1576
723 1090
1130 728
1 1737
2 451
5 1835
1995 1805
1993 293
13 1573
1603 1833
800 816
289 1484
821 964
1088 566
1089 645
1999 1989
1717 1141
79 1545
1466 159
28 1639
410 874
235 905
889 1794
6 1238
11 20
14 1670
15 985
49 402
565 1061
1667 1555
955 521
145 1487
1514 1128
7 1515
8 273
12 1503
16 686
1098 410
1766 1085
733 587
864 922
1289 1438
117 855
875 165
1082 1340
1185 635
17 1634
1812 1375
656 903
1658 321
970 408
906 1561
1347 925
106 1285
1294 1699
232 1065
102 794
233 1075
25 1464
331 1627
1194 830
817 845
18 174
690 1289
257 1549
1900 1830
1010 398
1938 1652
20 1324
377 522
949 1505
384 1735
1846 1178
301 1193
1863 50
1100 295
1478 1730
703 1388
1901 664
19 515
22 709
1855 927
236 1135
1334 1023
250 373
841 685
941 449
1007 5
1960 1859
21 893
23 242
24 1219
1223 1160
1510 1922
1348 1815
283 539
761 158
573 1963
1327 296
1257 675
704 904
411 1801
1509 947
260 127
740 1344
1169 660
1068 1749
1791 1981
60 1855
26 164
27 1713
777 134
221 1703
993 1649
494 298
29 1079
291 962
1708 169
1644 150
86 1012
907 1583
1398 1721
672 958
540 689
1419 267
888 119
1719 384
30 129
31 305
1866 133
1037 476
692 443
721 1977
942 1048
32 1228
1204 512
960 393
509 122
406 1571
1011 1557
1522 502
276 1379
684 721
1824 123
33 610
34 1007
1684 1728
1107 1879
1915 806
1682 1577
1326 104
1661 886
1189 1912
1614 769
1486 1517
192 861
1820 49
1956 1290
1948 1038
133 1343
917 1237
807 641
36 1409
811 843
752 625
640 201
795 951
1521 1734
279 60
489 581
35 86
38 391
1944 875
1151 595
1483 876
781 1432
217 1842
1115 244
1390 495
37 1718
40 343
1649 734
1629 1905
242 629
1910 1958
1612 146
502 444
41 1096
525 1890
679 762
82 1415
188 1936
1738 690
1828 1446
1094 1541
441 1778
198 135
1975 43
43 1500
1179 1298
1494 1312
1002 1451
42 1230
44 347
1980 264
93 1166
1721 929
92 1095
173 1067
1363 24
1258 285
246 1587
1085 1976
1086 1380
39 839
1278 1293
1178 22
1231 463
278 671
564 611
45 1034
47 864
455 1440
1243 1456
51 1280
1606 1860
46 819
1385 659
1752 441
433 1784
1317 1539
869 1692
1158 69
1446 943
1895 1942
1973 1712
826 323
50 1246
389 1885
1891 742
177 83
1167 761
1877 1470
343 1723
1967 1347
48 1873
741 28
1893 21
745 272
1876 913
1583 210
52 44
885 209
934 318
1879 453
334 916
53 755
1690 299
1731 1255
998 430
1216 1851
1321 821
1516 389
1715 1361
1553 396
55 1154
1302 1838
196 938
1691 1589
1696 1743
620 849
1462 1461
1635 888
1656 309
957 1059
76 1591
1014 424
54 1261
1718 732
90 1419
1001 1066
1830 1091
351 486
559 1223
56 179
393 382
742 257
1659 435
1582 1599
1680 81
1418 1966
408 573
58 1934
878 249
867 13
718 1939
1624 1163
317 1802
371 1523
57 1675
77 1372
356 33
747 0
581 458
1744 405
1859 58
59 1407
61 575
62 1619
1693 547
1200 199
1898 1766
1030 1831
1280 934
346 530
63 1640
64 1021
1052 1292
600 1666
65 612
379 807
1813 1883
930 786
881 1425
1070 714
66 1404
477 26
469 1068
611 914
88 1026
601 1520
1297 1535
67 166
575 145
1515 1807
637 825
805 775
68 588
1307 1176
472 842
1774 1896
877 1269
596 730
1849 1009
627 1027
1234 328
1263 1632
1180 1893
642 766
1977 484
698 1508
1673 252
71 1788
1962 379
1642 157
852 856
1899 1499
72 172
1009 1020
1312 647
1170 73
69 325
1783 1241
1152 109
1768 609
73 1190
74 942
1233 1109
1433 1556
1607 621
518 1697
1379 259
943 931
1511 1251
313 1624
70 317
75 1236
990 648
341 1771
713 41
1802 433
1401 957
1476 319
952 1803
1580 367
1000 1651
1288 1895
1095 953
1862 1442
105 994
78 746
756 428
1622 1673
1926 1996
1395 814
1837 996
275 900
1819 1054
1703 923
1746 1806
1676 1608
414 360
1136 1658
988 1248
1160 1469
80 1300
81 1810
1636 504
1932 1668
459 1041
1351 1988
1078 255
485 1244
966 1234
157 692
1567 718
1628 404
83 598
533 1657
438 1359
1125 1742
514 1430
84 777
418 1923
142 1463
137 1318
874 1550
1556 1370
1264 1650
1219 375
548 1127
797 390
85 1586
1145 924
1818 1332
913 1792
461 191
89 421
1518 1791
1172 334
850 114
1016 426
1411 208
1838 989
520 46
154 965
183 778
1277 1151
409 154
419 1935
212 1103
87 803
608 1575
1638 288
1266 1945
299 993
1826 1258
1406 789
944 1968
109 1072
1735 457
1972 40
290 1206
1546 899
1506 507
1672 1346
1842 1540
1459 140
91 1008
464 1253
736 261
915 1951
879 655
1097 1758
1468 126
660 1174
1005 878
605 1146
1225 498
1414 1088
1919 1381
95 607
967 1284
1529 1781
546 544
1129 952
442 1928
94 1754
96 112
1150 1941
141 1530
144 1150
570 1927
1965 1786
97 1080
847 505
1727 1543
686 529
1472 1865
1425 1593
1526 1149
127 1822
1067 850
1745 890
1655 406
281 597
98 203
99 219
1405 885
473 1899
199 240
543 17
1670 177
1242 1693
1933 211
445 491
359 30
739 657
860 106
1777 1932
1805 541
368 1598
100 1403
1936 1684
789 1841
1779 618
101 36
1381 117
1382 594
1871 419
1568 18
1399 683
1046 716
1066 790
1623 1824
1128 1270
1229 1005
873 1915
104 1480
1710 14
1353 767
1652 266
985 1863
435 338
103 1645
364 1147
621 1326
147 253
214 1132
1954 796
1156 1420
1610 1706
460 1898
1076 1979
213 243
1055 771
815 1220
1643 590
108 1978
1549 1106
1600 1205
1457 1507
123 1740
1799 1056
1192 1884
110 859
111 961
112 773
758 892
1339 822
113 195
296 1050
1705 1818
1969 1369
1383 1222
959 1971
1536 744
842 342
1986 1682
1781 316
115 1888
791 705
1251 1355
1092 1832
706 271
526 1861
737 1335
1259 593
114 1783
116 846
1517 1510
360 1044
796 327
730 376
1537 1911
567 1168
336 1492
120 339
696 725
241 897
1524 1159
1758 561
1686 337
724 31
629 1870
119 1186
1793 1967
261 640
1558 1439
576 1322
405 998
1175 87
937 1961
387 542
728 667
1217 56
1314 1210
118 1475
122 628
921 817
1173 66
1044 691
121 1669
1113 1909
1135 1471
726 1644
880 1000
1484 96
1591 1243
155 613
664 1331
1651 71
561 364
951 1447
124 369
125 1711
1775 281
1386 215
1930 536
132 881
1444 1773
1840 1226
1171 1073
1620 90
814 308
755 1089
303 836
1176 577
1914 1100
694 1427
633 1196
182 1770
1552 959
1646 1504
978 1908
126 1631
607 1620
1023 808
895 1385
595 1018
486 307
1748 787
1869 1011
297 436
1162 974
1725 602
129 1279
130 1715
923 1562
1120 1904
1245 601
269 330
352 591
128 815
1199 29
1451 548
1250 1845
1487 310
1773 182
476 889
748 1767
1982 1702
1062 1777
792 1973
148 995
298 1313
1931 554
1482 535
134 1866
316 1192
1782 1235
1564 286
1935 1929
1215 969
135 534
136 1213
556 32
324 1472
649 254
1771 615
1421 1596
150 1522
1315 1607
1706 1814
245 753
277 1414
1987 912
131 802
138 783
1815 800
1723 1694
1340 1881
1021 1087
361 833
1880 1605
140 1536
1025 793
207 39
1081 1513
444 1602
139 121
403 1846
1753 407
1220 1532
1004 329
767 810
1939 284
1688 1494
143 232
1847 1798
830 350
1493 97
1045 1172
771 902
549 1757
499 666
367 1825
1239 1828
208 518
1402 636
1985 1383
146 1974
423 1962
420 1612
383 1852
1674 1630
975 91
490 1019
674 88
1298 1733
1894 574
954 1093
1984 1880
1742 910
1881 1875
1318 1006
1228 450
326 234
933 1665
1057 1119
1183 231
305 1113
149 1811
1776 470
675 1485
1387 1457
1949 1646
1287 128
1827 971
1324 1374
1453 1001
926 919
152 740
1157 649
165 1288
1186 1161
936 137
969 1844
151 468
153 230
1619 1013
857 1836
1492 1726
557 672
347 735
1049 1389
231 192
1350 921
156 422
1184 765
1146 348
1806 514
1653 418
560 653
566 400
571 1315
462 47
1222 1376
322 1028
159 626
1872 1055
1860 1816
187 1231
676 1924
547 499
158 25
160 576
161 1648
1026 52
1946 1813
1637 313
243 383
554 1514
1795 1629
163 517
645 333
1209 1584
1788 811
1792 979
964 1395
1581 1120
1352 1082
162 1799
1625 1519
164 579
1551 8
1417 503
1532 1397
1252 987
583 1943
333 401
1803 277
1918 431
398 1637
166 883
335 1081
167 1276
169 1486
348 1152
631 1869
1942 1053
699 1676
1279 115
1888 1643
1203 1254
1811 246
314 351
714 519
1048 1259
712 1032
168 1325
170 380
271 1526
193 1366
1491 1914
1697 813
1072 287
171 1137
524 501
1630 1074
172 627
1338 1622
1036 1354
479 80
1955 1194
190 1208
624 1626
174 560
443 1323
894 1578
1389 1071
1736 580
1851 1547
175 665
545 1748
374 397
1299 1405
715 1115
176 194
1543 204
876 1433
482 1185
1132 1216
995 776
512 1394
492 853
372 1548
179 294
1854 792
1380 1546
432 53
1475 411
206 1854
181 372
904 98
1576 1524
707 1017
1739 871
180 553
1458 93
1577 79
274 1906
1119 1551
1144 1760
1332 1155
861 1916
1889 1993
1720 1696
184 1110
606 1834
1908 862
1391 1181
1810 1889
898 867
1439 1537
1890 1638
312 1195
185 756
186 1042
551 1992
465 752
1968 562
1928 200
779 439
1786 1263
1778 758
1669 572
1857 1511
353 1690
189 1249
953 1521
1006 558
1572 455
1958 1800
1424 884
1713 616
1084 614
925 1260
191 700
1296 1982
700 1390
1479 1564
194 1225
1017 681
1909 1917
1461 1618
1633 374
195 1747
1210 1224
1110 1391
671 1983
939 638
610 605
505 1752
984 269
1275 724
197 156
1943 1685
1019 1145
919 1839
759 781
824 1903
1507 189
354 19
1114 1955
1916 509
1426 1303
1749 1641
201 1302
202 412
825 235
902 92
1767 679
203 1348
365 218
1033 1169
983 619
958 1063
267 1452
1050 1296
831 1482
453 1329
204 1272
1423 1462
992 270
200 603
424 45
1970 1043
994 673
1370 148
205 639
1109 222
1087 696
763 1014
1442 1495
504 1418
209 1183
1981 1621
962 312
1699 754
965 1662
617 265
750 1015
211 399
539 1450
1602 251
396 1468
300 54
484 1563
538 225
577 1164
370 973
210 698
854 552
647 456
229 1957
215 488
980 1826
1741 224
1589 1614
1051 901
1597 1436
478 729
762 1750
216 1944
641 1029
218 472
786 1837
395 941
1587 75
632 187
1218 233
219 429
220 1991
1303 838
222 1775
373 532
1096 543
788 1173
644 837
223 276
725 1101
224 94
225 546
272 193
1443 1493
463 139
226 606
1687 848
574 1437
738 1177
947 1722
339 1725
628 1453
753 966
247 1938
1388 1131
1570 733
1155 760
883 1182
855 1768
227 1320
228 478
1305 1689
999 1759
1429 1671
835 1062
1503 891
1592 1720
304 1117
1772 1257
1523 865
1821 355
914 1874
793 1667
230 868
467 1466
851 1184
768 1140
1056 785
1080 658
920 1894
1281 935
638 1856
940 895
658 1776
1195 198
1283 711
1454 160
237 1677
594 809
234 481
238 1769
1407 1691
511 1763
981 873
1015 147
329 1350
1903 680
427 930
1832 1921
285 1559
239 417
1369 1198
251 4
1887 1114
240 582
1761 361
1966 76
1850 1267
804 15
1645 779
456 1601
1262 326
244 1481
886 120
280 1209
976 2
311 1189
1519 1953
407 1426
891 103
1545 1349
523 153
262 1428
1825 1417
1921 1473
866 1516
701 720
1897 247
1683 311
248 704
927 563
1477 10
1716 1987
426 860
950 1779
378 366
466 1057
1694 320
863 1531
1743 537
727 1265
1040 703
249 1444
948 1199
734 1365
829 939
253 1421
844 1705
255 63
288 829
254 1121
256 988
865 1398
292 440
819 1212
1844 1239
266 220
1755 102
834 183
258 1459
1816 62
1754 980
1983 1707
498 1126
259 584
1711 238
1870 1107
388 1876
778 335
903 467
1974 1785
1798 356
1512 1527
380 863
1322 7
578 1790
1979 820
1141 250
1268 1242
263 1086
264 1902
265 697
1902 741
1174 824
979 1518
1221 906
1647 16
1641 1401
268 464
307 214
1917 388
1168 1310
705 1025
1282 1371
1008 1990
270 1892
282 1980
1681 1295
1435 1594
1237 1
972 960
614 1655
428 564
1961 245
1663 1416
1201 750
911 768
1187 1491
1578 1277
667 656
997 1358
680 764
1912 508
1449 967
722 525
909 1384
1034 1687
1525 1950
634 336
1584 480
1790 702
394 475
1191 141
452 1297
1337 844
746 1035
846 1506
1770 1736
273 151
1188 1774
328 239
764 887
968 1342
1574 699
401 1528
1839 710
651 651
870 1970
1029 1202
648 332
1122 1321
286 344
1190 596
1467 622
534 1633
843 774
1724 662
1520 1931
287 1616
1254 168
1678 749
284 130
1964 1124
1833 1030
402 585
1817 37
550 1949
1858 1188
1396 1039
589 1424
709 1122
293 490
787 1333
922 1363
1500 132
1671 386
588 600
294 492
530 1477
1469 869
1108 226
532 1142
1785 331
1090 1429
295 978
1762 1552
1271 302
1236 1558
897 511
1852 1069
1077 1716
1621 1840
1759 1143
828 1920
1456 852
1474 1674
1573 516
798 1327
1548 644
1588 668
302 1411
1436 1565
1368 1247
320 986
1704 707
1953 1940
306 1765
900 1245
1079 180
1924 1529
1197 1094
751 1435
1873 74
513 1136
1356 669
308 1434
1586 59
1848 477
521 1729
1950 757
309 289
1345 1762
310 322
506 1180
693 834
1043 1553
845 917
840 1796
717 473
766 1489
474 1595
315 466
1154 1542
731 258
626 207
1750 1373
440 701
458 1994
390 186
319 108
1400 920
1562 482
318 1367
1377 1134
580 1116
1020 877
323 489
431 1948
493 188
1447 290
896 1868
735 726
754 523
1640 1336
325 637
321 1229
327 1926
439 712
1571 828
893 1808
330 1579
1213 1400
924 954
1362 1636
929 142
1800 1901
528 708
630 1910
1413 1387
1557 1105
332 981
1409 55
1163 1083
1714 1352
434 1274
1137 181
337 1040
602 413
563 586
1473 1413
802 857
666 1479
1561 1864
1471 932
338 1544
340 1317
363 1787
1734 898
619 85
342 445
1504 170
1330 48
344 999
1126 1588
446 423
345 100
681 385
1333 682
450 447
1865 283
1455 381
369 78
349 531
1823 1661
1075 483
350 990
1976 1165
382 949
849 1789
1853 992
652 1582
1841 847
510 1843
1412 1037
1460 976
355 1739
1127 858
1923 1125
1882 1123
357 227
1959 1024
1463 216
1566 1218
772 42
1212 617
1605 812
413 1782
358 485
1111 1820
1255 982
1069 280
775 1129
425 1603
1666 1617
1929 1878
598 1999
1159 723
362 1995
1342 217
1355 1663
366 1946
1260 1003
1047 1704
991 1488
932 1956
643 1872
716 1858
1595 1695
1822 604
832 1167
1843 260
1106 1560
776 556
1560 1635
1366 926
376 155
503 1386
1241 487
1149 236
780 1821
381 1574
1147 1070
1920 1753
1784 1458
1527 275
899 713
1270 442
892 677
385 738
386 345
1892 751
1906 1585
1003 1268
1627 972
1232 303
1698 206
650 743
391 1431
1559 173
1728 131
1789 780
392 991
397 282
1319 748
1616 314
399 1538
1452 1611
400 306
1732 1378
635 1797
794 1215
404 1509
1868 1162
475 1240
887 1382
569 1004
1760 706
1384 1328
1104 1597
1809 1049
468 538
1349 739
471 1271
412 213
1063 1157
430 416
1364 1817
1272 70
1542 1496
613 1756
1615 997
1679 872
416 1010
417 1412
552 190
1654 279
956 1886
449 497
1142 1311
415 1498
421 545
668 1319
1133 1308
422 1490
612 395
1797 1191
1375 909
1165 1606
1701 268
769 1022
1544 1455
1371 1812
558 936
1747 583
429 1250
687 1256
1123 1804
1971 1761
1886 171
623 1724
809 634
1611 968
1488 674
1508 772
1569 798
1769 1642
812 353
587 694
1428 870
437 1849
1885 354
618 167
436 144
1590 687
1598 448
1422 1301
1161 1252
1528 1099
1285 1092
946 1200
1247 688
579 1887
1834 1897
447 1360
1831 1353
448 452
591 278
536 162
646 300
720 1102
497 510
1541 1179
597 101
451 799
856 963
1531 894
931 228
710 1745
454 84
1148 1305
973 465
848 788
1481 678
765 118
1035 1686
732 178
1099 684
457 567
1554 1701
622 1947
1874 946
823 1118
1513 1853
1431 650
871 854
1246 1755
1963 1211
1430 1628
872 1474
785 948
1579 1476
1807 113
1269 1566
1102 945
1604 818
1392 1266
1905 801
1226 1139
1065 1130
1022 111
799 1281
963 1307
1101 27
1575 1998
1311 620
890 1051
480 632
481 1377
593 479
1480 1615
1306 223
483 1600
1941 469
1951 940
663 524
488 175
487 879
1878 61
1361 955
491 1780
1585 1287
495 1512
1238 432
810 643
519 1672
1074 975
496 1148
1341 1309
501 1660
500 1501
1273 1698
615 1064
1061 1925
1134 425
1378 368
507 1719
901 1965
813 1036
508 1525
760 143
1904 1392
839 1423
729 915
1261 1314
1408 1016
1284 907
770 866
1617 256
516 1278
515 1847
782 1339
801 1793
1787 274
1608 161
517 1569
1594 918
522 51
884 205
1244 1156
1018 1850
527 1170
1038 983
697 346
603 64
670 791
1740 1443
1039 571
1323 1986
1376 1460
989 403
529 1738
531 1654
1945 731
1054 1465
537 34
1331 494
744 176
535 1746
1448 1975
1291 1275
1751 1448
1343 1337
818 797
1073 1727
1490 474
541 496
996 1554
542 67
1485 1077
544 202
1083 549
1535 378
1032 555
1335 827
1613 38
1539 1138
1329 341
1116 1171
1193 719
553 1445
1354 1368
783 977
1934 1613
935 138
1196 1827
555 370
568 57
1796 437
562 1678
1372 911
1365 349
1437 387
1290 1772
1927 633
572 365
1675 1282
1609 880
1394 1954
806 1680
1205 1262
987 747
1131 715
1181 116
719 1918
1922 759
1230 1345
585 459
1206 1679
586 1572
1091 896
1397 136
584 1306
590 826
1276 956
1143 241
1121 533
592 152
1240 1731
773 1580
1367 1647
945 438
599 1175
1864 1952
1757 1299
784 461
1118 377
604 357
1177 782
609 568
1505 1610
616 984
1166 1709
1013 1919
1489 297
685 608
659 623
1730 184
1952 1623
1534 125
1648 248
905 1316
1639 1710
1139 737
625 1483
1867 722
1432 1688
974 237
654 107
1027 1907
912 944
1358 460
653 409
636 832
639 1937
662 1751
1346 1534
1208 550
862 1985
1657 362
1441 933
1875 221
1664 1364
858 937
1336 1809
1028 670
711 89
1538 851
655 1871
657 1304
1153 1764
1450 835
661 1207
1937 1201
1274 9
1499 1294
1301 471
665 12
1265 1084
669 1402
673 1338
1415 392
1814 414
677 363
678 1406
774 1097
1884 1273
682 1060
833 717
1765 1714
822 105
1957 727
908 1900
683 1033
688 770
689 462
1733 908
928 77
1911 420
691 371
708 1098
1547 569
695 1144
1829 1795
1112 197
1925 446
1309 1111
702 654
1198 1047
827 1197
1310 1286
1495 1656
1292 693
1737 745
1438 6
1313 1283
910 804
1707 68
1211 1408
1308 1393
1103 736
1224 1653
1214 35
1182 1502
1012 1341
1427 1203
1403 1214
743 652
837 557
749 359
1328 1567
1845 1708
1304 1681
1105 624
1601 520
918 229
820 1454
1440 1877
1404 1891
1764 394
1700 763
1124 1045
1360 1396
1416 1997
1947 1362
1410 1104
1501 663
790 212
868 1930
1631 291
803 1592
1907 570
1677 65
1031 1570
1320 513
808 784
1235 185
1249 565
1856 1133
1685 1232
1024 99
1599 1441
1445 1356
1267 1112
982 1078
816 1933
1662 352
1316 528
1138 1221
836 1046
838 1683
1940 1857
1660 805
1692 1467
1883 1158
859 1664
1207 1233
1695 324
1689 292
882 642
1665 1913
1722 823
1540 1533
1256 1204
1650 1867
971 1862
916 831
1059 1108
1164 1972
1634 540
1053 1609
1836 1153
1763 1823
938 676
1596 358
1359 1581
1470 1076
1756 163
1064 1357
1041 882
961 1291
1794 110
977 196
1896 1959
986 631
1835 500
1565 82
1465 1410
1253 630
1533 263
1978 1700
1861 72
1502 1478
1093 1031
1498 950
1563 578
1042 95
1373 646
1808 1969
1058 1497
1668 1717
1060 1052
1071 3
1801 1264
1434 1829
1295 928
1555 304
1117 1187
1726 526
1618 1819
1729 1964
1325 1625
1140 493
1286 1882
1804 1960
1227 1002
1202 551
1593 1590
1709 970
1344 11
1293 1217
1496 23
1248 301
1702 592
1626 1449
1300 454
1464 262
1357 1334
1632 1604
1374 1741
1530 599
1420 427
1497 315
1550 1330
1913 434
1780 415
