1006 114
725 462
1324 1532
1438 486
1588 676
1492 1601
425 1326
769 1308
702 529
1554 1043
851 633
589 1212
1731 149
140 259
582 1456
1145 128
995 1162
1560 1298
1490 810
385 310
1162 899
31 1233
86 837
1272 1683
770 1245
1032 1394
947 1079
514 854
1563 1093
1603 739
1528 1489
1673 515
1372 1247
658 132
356 521
720 782
632 1252
928 163
560 703
407 160
344 386
1204 377
1220 195
929 264
1034 664
1373 314
503 1402
615 1135
117 461
1265 474
1577 803
963 1579
891 1702
1216 1191
721 344
759 1681
1462 789
395 436
1453 189
901 1022
682 771
1496 1622
211 1333
1246 580
930 274
827 391
15 130
1527 330
1259 1352
1603 332
1150 266
814 100
573 1627
334 767
462 679
6 1604
1249 136
37 1107
1698 258
1459 1213
959 1303
805 837
63 1525
1681 824
76 781
1502 162
1175 1081
80 1685
1051 1312
311 1366
756 1604
214 1300
957 1739
1660 803
1076 1068
1007 565
70 1151
1616 1585
1054 1087
1158 987
1475 1243
1723 1027
1294 1721
931 175
946 489
685 409
217 426
381 1256
1725 693
351 1111
514 166
222 206
896 536
1484 1367
1040 542
675 1512
1226 777
734 1372
1341 171
173 960
635 1460
867 94
891 1298
1393 683
69 345
637 238
1161 1548
203 1385
1537 385
808 242
152 794
1465 934
488 1140
605 810
1196 1229
1006 865
554 473
1175 415
885 890
57 594
337 1296
722 335
1026 14
261 1055
113 985
580 114
1124 652
140 1332
894 1069
694 909
1250 1236
345 845
228 67
28 878
17 1281
929 1722
1626 169
243 795
326 1390
1040 1000
641 130
709 1272
633 1011
1631 231
521 877
369 1098
312 928
221 1092
943 93
1310 1042
44 1104
1026 374
218 1117
1207 1690
1709 1458
651 694
629 996
1711 696
449 89
893 248
1251 322
1523 840
1046 70
1064 1465
366 869
1573 1664
426 914
1720 288
989 393
233 203
625 1612
1595 1290
1680 86
1186 1212
1337 258
1545 850
998 1188
1393 877
915 364
1532 852
845 1267
1744 1699
1683 873
941 355
849 747
315 328
1237 940
1620 888
704 47
1432 1032
1356 115
1621 1114
887 273
667 643
632 1283
1665 256
626 257
384 734
1418 314
1485 156
383 366
34 353
1196 1014
1435 1193
1564 1559
1712 640
185 1255
338 1315
1649 1634
1464 389
127 939
961 660
879 1595
657 1731
514 1431
1586 377
137 1513
1152 1387
701 1625
18 1299
362 1599
1326 1188
190 871
1093 759
492 629
1162 64
928 745
170 1511
91 643
747 488
1241 453
782 911
1418 965
541 1499
504 468
404 271
1388 1321
1382 198
458 1451
94 633
1659 1694
1537 69
793 407
794 437
1683 1293
406 492
710 267
322 4
1328 378
1574 833
1143 1392
1675 794
1018 1584
1369 1326
987 417
1231 1654
432 1099
1302 1156
849 1351
704 93
1108 774
1639 834
718 1607
253 1698
317 989
1526 506
168 740
1409 1425
360 1311
1493 1037
277 558
557 36
1419 501
78 715
1669 50
252 336
748 93
1573 955
1541 1709
542 1682
47 935
1577 732
719 778
742 199
56 727
186 757
1198 246
1409 658
1150 1735
1048 755
1377 407
846 335
1004 436
1431 602
776 1256
1692 704
646 1568
1198 1405
697 323
1053 1337
1673 690
729 1639
1153 1336
41 1346
221 1049
1302 603
1638 1526
1218 1064
242 869
1733 819
1585 1620
350 525
529 1641
1346 177
774 315
901 677
1088 312
1540 1670
1323 421
433 749
1291 41
1161 310
1263 1002
579 28
718 1339
1701 993
599 683
1133 1685
213 462
922 1485
848 645
1159 768
1196 272
506 465
1142 1086
1464 1373
1462 692
1167 1112
294 602
439 448
631 1677
296 1349
923 1677
1125 1345
477 1517
1603 475
1618 978
1279 805
735 546
414 1516
322 637
473 100
1737 1663
574 774
497 583
184 1286
1206 1586
330 1407
244 775
1292 719
1404 1256
524 1244
351 512
51 211
1117 1189
486 374
1386 432
161 697
149 1657
720 46
523 1484
223 826
960 716
1105 1190
1222 1039
1596 1512
1179 1024
1300 144
1239 1020
1597 819
415 1657
1207 1347
1625 689
420 1491
278 176
1314 1258
294 348
306 219
244 337
1426 1448
1328 619
1504 634
640 1311
118 1543
1212 340
673 106
136 594
1158 1042
43 202
396 903
801 1656
1511 486
920 649
422 1333
305 552
917 1409
1167 171
391 999
1580 471
193 900
478 406
322 82
1194 346
1083 1464
460 1253
544 401
1486 1433
151 191
564 39
1144 425
420 1112
1080 555
957 1479
914 828
616 341
1556 1052
582 579
861 843
59 376
242 1488
1323 1107
522 1744
641 1151
1541 870
1417 204
566 602
1046 628
1335 352
729 1712
1454 1668
146 1660
383 429
1403 489
1047 529
422 1443
111 1083
704 73
724 1575
919 1015
92 494
520 154
97 824
1535 1160
1660 1006
1691 16
886 1333
180 545
1591 615
958 1604
1737 1335
252 936
1233 237
791 1721
698 1583
344 58
1152 1273
673 1150
1663 1306
150 732
1092 1089
839 550
465 318
60 1619
726 1049
533 1465
215 133
346 228
1566 1425
1723 906
895 1315
329 33
502 710
1408 1509
737 549
1022 1356
1279 175
774 902
119 506
1493 964
556 1530
513 25
841 1702
1389 880
162 1562
333 413
263 429
133 313
465 1463
432 1217
465 1593
386 308
1119 975
1708 391
266 1339
26 1653
1275 1011
245 455
1331 966
845 650
1592 441
845 148
654 1748
1219 1322
1625 1299
1537 1156
1458 1528
1193 1061
1175 1134
902 383
438 516
281 1569
1699 1502
1109 1438
1708 1047
615 1579
147 1159
819 662
1322 1093
1433 771
1612 1742
279 310
1205 847
1575 804
1639 563
284 171
701 1057
615 290
474 1375
1069 983
1337 602
1422 958
503 1664
1531 412
1236 516
371 176
454 43
71 767
1585 901
743 970
1010 814
695 873
1274 949
1743 1062
1155 470
1587 543
102 290
1255 1409
197 859
1500 541
802 229
880 848
905 872
247 1301
1488 1389
797 978
1453 723
1271 216
1399 754
1613 1369
1118 1545
1688 25
20 653
671 229
1028 1191
1466 371
874 1522
1439 443
493 334
689 587
698 909
1406 688
1252 1491
453 27
607 1738
146 1346
562 1176
48 1641
1102 630
1118 1388
1046 817
1153 529
425 137
611 125
1454 0
887 580
869 1157
394 870
221 309
211 776
1705 1245
821 127
158 98
1045 1025
657 1446
1336 1510
764 1428
457 666
775 891
1424 1233
1156 1466
1653 89
1430 1485
740 510
1626 1313
1156 1041
442 1694
833 249
144 871
499 132
1625 1046
1686 552
1644 979
922 547
444 541
912 1538
73 707
148 369
642 803
708 1022
1217 249
424 1534
301 918
785 1338
868 354
1108 1264
434 519
746 1099
1109 1281
1285 1091
120 1495
995 1580
1181 1148
1700 860
931 131
842 385
308 1273
36 610
853 716
754 904
675 308
829 646
1518 1303
391 917
1012 1722
1310 1544
754 516
1428 815
473 718
406 1691
274 1235
1700 522
1050 90
733 696
699 779
987 823
427 1293
57 1110
495 1709
437 500
1068 412
715 991
1632 1715
1239 519
754 506
1593 239
355 1012
0 1630
688 34
119 725
229 37
912 683
1463 1593
1218 786
685 28
1329 217
160 569
82 1294
109 440
193 214
1352 1157
1676 388
1403 608
1412 1557
173 498
454 1176
1633 1743
258 348
273 1191
178 289
540 1518
670 473
95 835
1713 1322
952 12
1458 1498
1488 400
1421 1653
1195 335
151 281
994 154
118 1721
869 1383
1542 1581
1517 738
751 803
1663 1425
272 1528
474 221
687 21
137 807
1184 428
1394 373
1678 1341
506 1463
40 1554
553 186
364 35
1470 1066
315 1167
61 959
362 465
990 508
1460 855
1704 554
1026 1412
499 1415
1027 950
1498 1707
1505 469
1116 1263
1484 703
879 335
148 641
1175 466
635 987
765 559
957 1561
1416 652
636 597
200 1055
1417 654
319 741
609 248
1210 88
1133 714
204 427
1022 415
515 170
266 727
1105 1011
678 1048
1646 1748
435 90
1010 1440
1392 556
724 298
971 55
110 875
964 303
932 1236
928 1392
1744 808
919 1662
682 21
44 168
1728 318
1355 971
1655 133
745 381
759 318
256 1437
209 1460
1119 1538
296 35
248 1740
1447 255
1047 1721
251 1306
1674 191
895 968
1573 1148
935 1686
676 1272
811 1725
458 1428
1265 979
1020 1198
1075 1141
1191 278
1294 280
309 1402
849 659
1530 703
1723 618
82 275
1266 1257
494 1487
226 561
886 1404
253 348
1747 1072
1517 380
96 255
529 1141
1081 1496
971 587
1340 283
1156 1575
1452 1446
1468 1484
1482 1701
1016 809
393 1650
1041 70
1400 544
1690 1612
1124 842
1657 594
1659 1689
233 53
224 452
1038 310
670 1172
1526 530
596 559
1643 1418
132 1459
816 42
811 255
1744 1743
323 265
1264 1104
1547 1735
968 130
1196 1695
995 142
739 730
768 198
1233 1370
927 1459
1690 746
673 1025
757 1440
280 130
217 1683
129 237
165 492
809 1072
614 1100
67 185
440 668
257 524
953 213
668 950
1558 1258
1745 1384
949 1497
517 917
1452 998
1558 899
1119 459
636 212
1059 131
582 839
535 334
1251 4
461 569
1101 1047
203 661
874 1479
1082 268
1423 1279
1054 666
899 1206
594 1709
308 701
568 953
976 1012
817 291
753 884
1423 455
952 23
1001 1629
1734 1733
1477 1210
785 348
444 1394
544 404
810 711
1057 187
1704 571
1530 236
884 1315
1414 903
1174 1634
86 330
82 410
1230 1333
233 1591
197 988
631 810
78 102
1394 1192
20 968
142 553
1445 317
1105 1439
1079 1462
680 195
789 30
398 381
743 545
731 768
945 855
48 510
271 890
94 266
420 1121
294 566
126 433
627 134
1721 573
825 157
1034 1650
330 1080
1049 1147
1076 1070
1551 357
1442 1174
485 88
1008 155
983 270
1077 745
935 730
442 571
1084 627
1466 543
813 125
990 464
227 404
340 1214
82 1435
1745 394
443 1218
1665 1219
1441 131
278 1162
173 704
1592 1447
1545 1064
1090 1206
198 310
628 920
1702 475
1421 961
164 99
430 667
911 291
725 909
982 335
291 828
1249 980
1586 719
31 740
1264 235
1107 846
1653 1631
276 273
1605 65
135 1199
957 291
440 1589
959 1565
221 1696
574 527
579 621
793 1310
532 1565
597 1250
1421 1654
1462 1318
1168 1101
1724 728
1507 344
453 896
1136 598
1509 189
1263 1061
98 1214
1568 962
275 1310
261 1744
671 130
432 1520
1672 1359
763 1243
109 155
743 925
902 328
297 1669
862 327
1231 1577
961 1109
1457 1255
262 543
428 1318
822 1036
552 1085
725 307
1325 172
1512 1152
1013 767
1682 1013
1611 1567
1294 555
738 1634
1601 66
388 1131
1730 1180
1490 693
199 690
1651 1421
805 970
1156 1452
260 682
1634 1599
789 48
978 1214
56 1222
606 1444
981 85
306 269
401 1618
141 1438
1173 820
504 1385
398 996
1639 967
672 972
246 917
1169 1400
992 1106
1737 1091
856 291
855 372
578 571
143 436
1616 1592
915 1045
214 67
1096 1317
1018 360
723 824
1532 62
549 821
529 231
920 637
313 1523
456 1113
1418 496
1569 145
169 1618
1079 529
452 1749
881 807
892 1437
799 1128
931 1150
1136 665
1480 1316
1457 1362
810 1238
404 1060
1073 285
1598 260
1140 105
1571 977
983 1271
1206 416
847 359
1464 1489
1209 1185
1548 495
827 23
524 1630
736 405
127 1108
330 1063
1071 647
758 422
228 845
650 1010
201 495
173 402
1742 1384
162 1150
58 1716
702 1688
1602 339
995 64
999 1709
345 1041
316 271
141 1026
278 152
492 192
924 495
694 980
881 1293
961 179
1035 26
887 263
750 1065
1433 672
816 1325
1576 927
699 114
1243 478
1355 184
1416 214
1263 1220
568 713
363 332
943 1658
1260 826
952 1116
949 706
1633 983
1257 246
514 145
1002 73
603 1007
446 171
747 354
1121 1715
174 669
196 66
724 940
755 711
655 1516
1431 1669
1027 96
1582 1319
129 634
548 1052
1620 677
1048 440
1734 1
310 1249
1149 404
452 1693
1501 1161
1088 1725
1297 971
565 1183
1290 156
915 306
598 525
1369 1461
1662 781
84 1632
1680 1527
293 337
153 419
1662 714
1490 722
471 1670
1681 723
1142 104
1227 411
1538 1677
772 1189
1282 622
970 1447
1249 1125
1061 1569
392 1082
1121 1509
1717 946
984 129
1191 331
796 122
991 1053
1636 1213
1396 470
581 369
324 1740
852 782
1018 1487
1036 1691
1713 1721
1651 48
763 964
1145 773
1554 1488
1482 1298
1084 1609
1133 710
290 1372
260 458
1385 1085
312 996
1700 1003
1340 946
530 821
507 729
54 1371
1237 778
570 1321
1445 635
1583 1236
1516 961
791 1543
1551 743
1289 93
1083 389
1254 1030
566 711
1119 1208
1161 1228
428 1672
1309 668
1697 1290
166 588
1353 353
465 1305
790 755
516 280
864 1051
1235 1277
1696 1005
1717 610
1269 567
618 325
1133 1207
704 875
347 80
1228 1301
645 620
84 1355
1043 1389
667 1196
686 1644
998 661
197 751
1455 1691
410 712
1025 1436
357 731
302 277
951 34
1176 643
188 666
1676 886
1344 91
594 365
1270 1162
167 848
1314 1693
1691 45
4 13
1135 940
842 1156
903 1140
756 743
984 1606
1661 502
1515 945
782 1597
848 373
1358 543
1635 450
1689 801
1363 156
966 555
1491 130
1362 416
1428 262
400 1684
367 471
69 1302
1217 1180
1307 79
1372 1348
725 599
1181 1494
761 406
910 388
1061 1063
1036 974
496 823
761 1641
865 1705
381 294
1344 978
819 1375
533 934
629 876
1692 73
1661 832
1052 1345
373 279
79 218
1045 1564
1163 495
513 1127
1693 1567
1642 1386
1743 1216
1222 1063
1595 1416
607 1079
230 1248
337 675
1334 506
917 115
30 665
1519 576
787 1106
591 998
1510 1361
1495 218
1522 908
56 1264
534 369
972 1321
898 539
254 1104
363 1702
1414 701
1337 1687
1505 616
550 202
862 610
1614 233
503 1255
1289 1597
192 528
1211 1159
312 676
58 1191
1284 544
153 880
720 1323
1648 1734
764 1294
1732 281
137 551
369 1694
397 1015
874 1134
1063 567
296 258
1234 1055
1512 271
854 1130
0 671
1062 604
1727 687
86 1693
1717 880
1611 837
268 1115
1658 962
410 622
40 1235
1509 1115
970 1656
639 1243
413 559
1666 1282
638 140
523 87
1721 1629
182 225
1132 1319
1141 1591
34 1407
587 1594
736 780
407 1686
385 1564
1108 1167
330 1485
1466 113
990 1496
567 1721
1405 417
909 169
1007 1616
1127 1186
633 1566
632 933
83 99
340 1388
1241 1344
492 135
648 1500
5 362
1262 509
415 858
1368 566
29 159
178 1017
732 914
1226 1602
628 1666
57 449
478 177
1406 1442
1160 1514
736 1101
1221 402
684 1362
402 1038
822 863
1614 1573
196 639
164 1233
816 1198
1500 17
418 1218
157 1166
391 250
700 520
717 1207
388 1065
1258 693
412 418
481 319
101 681
964 699
1076 1038
709 463
423 626
659 1596
11 587
1032 1075
58 1571
445 914
471 1323
1608 1170
755 118
980 1080
1417 1022
72 1591
1115 1749
830 84
37 1722
775 631
1171 446
1049 1542
603 1726
1632 1477
815 480
990 29
926 251
687 283
1554 242
1582 143
386 36
971 184
227 637
495 961
1040 232
1680 1510
1655 12
837 813
1680 805
458 481
283 670
694 1060
875 309
776 521
1216 1129
342 946
1182 1553
60 309
478 204
114 1260
1468 534
1519 1480
1600 967
461 1115
941 1454
558 19
314 1497
61 955
150 423
1436 2
1699 1357
818 1517
385 1302
942 111
590 447
178 1389
1066 746
1096 336
495 660
585 1012
1650 1411
1147 1053
871 661
429 961
1670 1608
220 524
599 539
1310 712
94 2
1201 997
172 497
1397 861
1429 1619
456 755
1152 1414
860 522
733 1248
442 1370
1104 497
1504 529
624 1247
1573 298
683 323
576 1459
1726 1489
1594 1356
960 259
1220 1737
991 1695
411 457
904 1722
1644 715
1589 52
413 27
511 1501
817 1373
1318 739
254 823
1619 903
246 577
831 1537
240 1023
964 1079
1735 1114
1280 196
1581 1574
1569 191
1073 792
1544 439
661 1052
1580 141
1652 925
1052 742
1111 1742
78 351
1374 41
163 710
745 1065
1221 1713
1150 1114
1693 837
571 848
1106 1277
1718 1256
229 627
1325 1146
1205 359
467 348
411 1054
1455 430
793 1023
402 307
357 178
345 166
438 477
287 282
110 1433
370 760
1732 1569
610 621
687 1574
1425 729
1279 792
1413 661
450 308
222 244
454 380
677 1418
1455 974
56 535
600 1510
299 1293
1160 744
1457 1321
1640 1623
1269 666
68 641
554 550
349 863
1200 219
363 933
867 266
345 1452
71 249
1460 300
475 946
1490 633
825 1225
1098 695
548 278
1131 296
1237 892
452 1040
990 1251
513 645
527 902
576 761
475 342
460 889
821 527
893 342
748 444
376 1314
309 1629
1402 1125
878 550
1347 1276
701 1295
101 354
898 1439
262 251
324 1424
1569 531
1284 1370
157 1120
1547 9
1681 563
764 969
698 58
745 1356
990 930
1138 749
1062 548
1736 858
228 170
1113 838
1747 1442
164 814
1073 655
686 156
459 256
259 628
1439 516
378 1523
32 585
645 1568
640 8
1650 858
1475 964
1693 1602
1737 1069
341 604
1148 1679
1431 1666
914 1430
105 700
736 1492
486 925
1335 1087
313 1365
1028 806
1441 566
1379 1535
795 693
633 575
1177 416
953 1392
91 1741
1129 877
1637 273
462 1305
289 1229
465 725
861 832
176 1641
727 1222
1719 511
847 1096
1169 595
830 1028
348 905
336 15
1546 1586
542 1290
475 1179
102 356
956 1046
1023 772
400 168
1069 1244
1321 1214
922 1091
408 829
1104 1087
272 1100
381 296
417 794
955 1045
1719 288
683 936
178 170
1237 493
1590 1315
271 185
310 138
1186 780
857 137
1710 1448
1048 1681
1345 1274
1253 1064
490 1197
1184 989
934 986
430 873
404 337
1549 31
190 511
232 747
1700 591
60 1441
85 162
1553 349
943 572
585 969
1546 1173
1549 1685
403 276
878 1065
72 1232
292 1176
1297 10
980 1234
1411 858
1183 557
1181 153
1535 767
1309 1130
748 1032
836 1187
570 1193
1085 1125
676 953
409 1179
196 1292
569 9
1373 949
206 1296
107 1182
209 1364
1510 1042
1632 1121
788 1110
1252 280
1671 842
832 267
622 1350
751 1304
615 722
1229 144
276 1062
1045 391
1045 1126
303 1243
1729 905
307 235
1374 1358
1578 1012
498 1738
44 961
508 1549
781 697
308 1117
1634 225
1654 1603
612 347
355 1444
112 1414
1165 1410
1349 1087
907 923
516 120
1402 365
135 1672
289 149
1290 697
813 928
84 516
218 1255
1148 260
344 207
437 582
481 1602
763 761
522 242
1528 1438
1716 788
683 948
548 99
796 1071
621 966
1227 642
1378 978
1507 1675
1308 559
190 229
965 438
182 1163
1492 690
1009 693
876 936
1481 377
435 1110
1618 1578
1377 793
1268 1564
283 1198
817 1077
1153 1148
1194 1364
981 1588
698 968
228 344
1239 1219
306 781
988 437
657 1382
342 1425
1219 949
461 189
167 757
16 154
176 1245
431 563
676 1133
242 688
1625 1164
541 943
1604 1339
1006 472
1069 1269
1466 1137
626 299
1526 462
255 555
1361 19
979 844
474 0
1206 426
1353 1083
1227 1516
595 880
1279 628
1276 530
1099 927
345 1702
1134 989
1694 1370
779 1448
372 1290
728 543
676 666
1551 1091
445 566
165 1232
353 1080
904 68
964 1039
1411 664
397 1208
657 92
50 1694
98 17
1363 800
383 1211
183 1645
293 1472
643 703
272 200
412 352
1649 1674
481 297
478 761
1323 48
1588 28
781 1491
1329 1461
1269 1087
938 1199
475 817
53 149
1104 1222
1546 95
943 1082
297 91
328 378
1221 400
1595 214
116 452
1616 566
1564 394
622 160
78 1078
1633 887
35 1349
802 824
608 694
997 1688
94 139
4 705
1402 1085
742 187
977 417
420 1082
1408 1633
1598 605
1535 388
187 1664
886 1283
1434 1283
191 1739
611 1623
977 1655
557 1022
1248 527
1232 180
670 66
1742 323
786 564
1620 1430
1326 1159
508 794
1318 782
1296 386
1416 1030
1046 185
163 507
898 1187
288 1626
309 772
691 1239
527 342
217 110
482 460
682 1242
1718 253
99 218
1027 87
1638 1226
677 986
62 786
1172 336
343 1049
45 147
887 1321
784 1342
1691 613
39 1388
1038 326
1036 204
1013 716
1253 425
915 1200
1133 507
855 840
160 1406
325 1288
960 235
396 754
437 1108
957 335
956 1374
1294 624
353 1066
1014 1298
998 853
576 835
1413 1402
1602 1260
1254 188
479 1144
1676 240
1456 752
158 419
1050 421
106 103
841 1039
720 1587
294 1687
560 236
1156 548
398 832
1333 1151
670 1288
788 88
1729 1315
799 1265
884 1073
233 1487
753 1697
764 1040
1744 444
169 1319
1017 1035
1372 920
1360 763
845 1466
718 1692
244 1179
1635 1473
480 853
1515 1305
1551 1554
1517 340
1654 1577
1414 1321
1704 638
573 426
681 918
833 1491
208 1496
82 1536
1715 167
1539 1345
1367 1246
1678 986
1649 134
844 1531
438 6
1307 1625
445 1543
342 839
193 1254
557 211
672 549
1566 536
883 1127
1387 739
1126 571
1274 1418
681 1069
1386 1206
861 710
1475 1619
1153 344
1227 1654
283 1158
85 1744
403 1700
1146 1716
1087 623
1140 461
985 1143
1067 425
241 148
16 1370
558 547
1646 915
1504 1631
979 13
1426 1212
1626 815
238 712
217 508
1145 787
58 440
317 428
1616 421
756 1076
788 1451
46 1046
1533 288
1563 934
104 604
263 1357
24 1181
737 988
1581 206
559 729
432 1730
1630 546
596 176
1399 596
726 1741
310 664
609 875
239 1414
1254 1191
909 408
607 1408
867 449
66 1692
458 838
1189 1044
760 432
567 1283
128 745
236 1238
821 26
519 893
1422 516
1056 1665
1400 449
793 1247
1576 834
1342 777
1661 408
360 1368
346 1300
1693 1067
78 1097
1142 34
909 1209
311 715
1284 1157
1660 1521
392 1011
879 522
537 887
284 446
46 640
1226 1051
1501 1685
1701 314
353 341
1437 177
691 1074
1521 1006
178 1699
1360 196
1308 449
1339 1388
1030 24
855 505
1204 828
538 1652
476 1425
705 1338
1211 894
1520 1459
601 17
602 638
1225 1321
1634 1163
81 1465
625 418
1749 1410
304 89
950 55
1287 623
372 497
363 618
99 1608
664 959
594 685
1429 20
478 1045
1539 999
1080 1415
1159 659
260 1428
153 1343
1551 440
713 163
1150 1442
1302 1466
46 1646
630 930
793 649
1061 151
210 63
1204 74
818 1127
152 1016
53 509
1232 607
1445 230
1519 622
295 603
1407 1608
295 1134
1530 912
317 537
630 577
1410 118
1186 1492
814 1172
385 657
351 784
572 864
76 1636
1059 550
177 888
102 457
1508 110
264 196
709 490
342 910
69 1156
953 861
1065 1718
1193 1739
139 177
1508 1028
774 31
433 171
152 99
1427 681
286 557
65 372
1617 634
1748 853
370 3
1160 200
1288 1096
184 921
625 651
1223 836
1590 1586
652 907
354 1414
112 1619
1103 1576
903 956
1419 513
925 1013
144 427
1103 1555
253 785
1674 1652
20 1721
957 1398
1346 1200
1007 646
1600 1516
503 1733
1265 1450
1089 573
1096 729
638 1234
773 453
633 873
1128 632
12 1273
63 1600
942 308
765 240
332 1322
1425 1306
1706 1552
1277 1227
1338 38
1375 966
1477 770
451 305
1338 1386
420 488
1712 968
642 1702
983 707
1048 752
17 572
359 814
489 457
845 212
666 923
1483 459
637 62
929 964
1420 1064
1690 222
1361 546
1399 548
319 679
872 638
903 1295
1078 800
1354 969
879 1194
784 1712
1228 1411
80 157
1420 1245
677 1034
229 1722
557 1173
3 1204
1369 1282
2 1178
916 762
1270 292
1623 531
790 833
625 1740
14 1557
1420 277
610 834
437 939
1100 950
629 607
892 163
528 97
577 368
1273 18
1133 114
1428 1310
1066 1263
1056 1239
1162 868
1674 1481
1039 865
187 166
241 504
594 1617
1468 367
80 1270
187 961
1373 913
823 697
1156 650
501 448
34 1415
1044 1214
745 484
365 558
183 970
957 1376
1479 908
1626 1050
1333 427
766 1138
376 499
1375 1331
951 1267
1243 878
79 1180
1686 871
256 848
234 1096
40 1076
1157 1734
876 1445
66 336
764 35
112 348
367 1047
858 1373
544 825
545 394
372 823
199 1091
570 32
271 1308
956 134
1099 1630
382 407
1104 1201
1086 1415
388 752
1478 183
1466 92
1146 549
614 679
145 680
908 1300
34 1435
1354 1454
648 1075
1703 129
1222 857
932 82
975 126
1231 1560
1489 249
428 593
1149 975
532 1193
595 671
259 1377
195 1498
422 1029
921 644
1184 220
689 611
24 448
1380 1153
1352 1301
573 370
1732 32
1736 138
916 576
1439 77
163 1286
692 287
349 1455
1598 899
128 88
1445 944
647 847
275 543
342 1740
821 1685
560 1235
1254 638
1015 828
1638 876
1415 683
1331 1315
1741 533
1654 1558
1577 609
1081 1675
345 256
61 410
969 280
534 1670
498 1492
1472 213
774 284
80 364
164 331
1626 227
625 1559
189 430
895 791
180 1100
437 638
940 1357
761 1638
64 1625
1734 156
197 1150
1227 489
765 1151
1003 1410
1501 988
353 1058
889 1383
885 1070
1647 1583
611 1432
914 778
988 147
1053 788
1160 1013
1235 643
989 1672
472 306
1006 1410
150 914
1567 552
12 1123
797 883
1643 774
25 660
1748 1499
600 655
1607 1517
1127 736
947 1445
1126 770
13 691
1609 1327
818 1696
1648 1733
97 1285
1128 810
1106 1530
443 1604
758 1377
1034 415
1649 1229
1499 1591
1595 193
1650 765
1688 1411
1165 850
1527 937
35 229
1177 1171
1720 1037
1680 1491
1156 1267
328 1226
347 596
545 56
301 889
136 789
407 623
1727 701
995 948
291 870
712 1544
1135 375
361 933
1270 1262
1153 581
710 189
949 496
42 405
1690 625
1659 289
18 1576
609 618
252 718
763 639
397 612
1542 306
1371 681
1093 500
174 1502
972 1142
965 1422
933 223
116 1669
1451 565
4 82
1043 44
1129 206
319 1671
845 1452
1676 1097
59 984
495 179
504 889
62 1044
91 1175
929 284
844 221
519 618
403 402
542 362
478 165
1366 997
828 870
1018 883
5 249
1087 1490
1540 815
1513 1063
147 659
620 171
1329 1610
1217 1459
599 1005
1396 1643
1044 543
1122 1226
396 1713
635 48
1452 1208
1347 625
1209 350
803 685
1465 1678
1413 552
1169 384
85 168
204 192
1031 820
875 707
204 1617
647 235
1389 1241
938 261
1405 719
1045 895
1495 577
1007 467
860 48
1555 296
215 708
808 743
1529 38
898 123
191 1220
180 692
605 1433
1043 1488
307 1429
752 364
613 1184
1190 1459
305 973
98 426
889 544
1236 440
812 1367
422 154
46 799
1488 731
1411 547
487 835
609 475
58 1360
276 444
461 1440
549 988
932 77
339 1260
845 657
528 627
223 1163
1096 1601
1123 1073
1112 318
239 1329
1293 524
920 862
647 670
260 1236
125 1548
389 641
1323 799
777 563
818 1556
1109 535
1740 28
1190 714
1715 757
1056 1340
1331 834
605 319
1125 1004
68 1227
950 316
285 86
1120 643
575 1316
1644 1521
240 171
673 711
798 803
110 508
22 1004
1701 191
978 262
985 1619
1222 1230
336 305
400 445
1358 146
1136 1703
270 11
719 856
1409 790
590 214
397 621
324 1279
325 1024
156 1093
303 449
960 1386
951 639
1329 298
939 383
1256 1729
336 875
67 1614
546 156
45 1225
893 817
983 653
1371 321
1265 803
907 845
1728 1376
565 286
950 1421
799 912
1460 952
937 1095
1469 1554
1017 1381
485 89
580 294
1399 321
1537 907
1679 1343
907 1466
409 28
458 764
705 147
48 529
1604 340
419 224
1288 451
934 8
459 565
7 1265
1228 1022
1596 696
34 104
1342 1695
1719 196
1249 1303
635 1068
366 515
570 395
353 1086
1015 494
559 819
463 389
215 340
1607 564
984 1171
1649 905
437 31
1651 217
1315 653
71 762
866 916
1739 681
721 890
1015 226
291 1252
1628 1612
736 402
242 178
1079 537
1667 232
1470 1259
1021 1506
1047 1617
1266 353
13 1502
1391 1072
990 1647
1197 281
1531 145
1271 851
886 752
733 105
1117 1255
222 1612
826 924
820 1170
572 327
231 1710
217 167
691 1340
77 181
618 47
317 1184
530 504
897 1273
852 468
856 3
101 1677
225 201
1124 52
417 31
606 1031
1083 272
1108 1404
1227 1039
264 77
1523 901
350 1464
974 129
1288 1172
1333 1404
1503 334
1551 1360
865 332
1127 1556
134 1548
390 1564
219 269
239 724
1367 468
101 1535
161 1357
47 552
213 1305
288 1745
435 1007
1484 1528
907 624
149 667
1453 1424
1208 1616
1627 1725
259 410
1040 1020
1499 1401
1720 1292
1215 164
1114 727
383 963
456 13
1745 639
1444 969
1506 853
444 1513
1028 990
1601 936
938 1038
1020 1325
823 323
1407 368
530 1106
485 435
321 1057
1125 1274
1284 1169
762 183
945 263
921 1618
664 415
1449 187
571 796
1116 702
1342 918
323 427
1450 917
74 1520
1352 1284
1533 1657
1132 1341
247 1081
271 128
1026 334
222 1387
1039 1702
1251 698
1598 467
1503 449
1736 136
1733 1576
1657 30
830 1175
331 80
457 1151
849 1349
1192 1499
626 255
415 934
109 1100
287 705
761 1232
1517 39
598 129
234 594
1605 1609
840 533
1512 354
153 389
639 773
1523 1320
686 458
825 1621
497 1384
451 935
1616 467
1229 1246
91 20
902 1365
767 1697
1728 874
1003 913
448 770
384 1476
943 1509
1051 782
182 1548
1460 977
753 317
1721 1627
366 894
937 1237
1582 1481
65 1478
158 260
1162 759
616 1415
1283 480
986 759
407 62
195 1335
643 1482
124 736
515 1528
279 1411
494 635
1163 1057
1429 162
568 1146
1642 1530
1610 1486
1334 119
218 917
1504 250
1630 126
1328 1523
710 625
85 1280
551 438
783 1126
1109 1652
715 1450
1611 960
302 732
1116 1131
984 511
1072 620
44 117
17 1535
1711 1627
1702 342
1650 1099
278 869
5 374
1347 865
684 494
1255 115
430 1275
1690 244
796 1316
380 1388
433 1097
225 235
1088 1407
1323 1247
133 142
397 1048
100 93
752 1615
1418 706
202 1652
1081 1251
1505 1314
526 1229
69 1553
525 872
881 1394
807 1227
628 407
836 524
21 1248
903 18
1031 889
1141 1624
1452 1731
1025 56
346 717
1664 1652
1340 635
268 664
1483 286
521 1044
734 1377
926 418
1350 447
798 893
1455 445
1289 1100
117 658
1312 1100
183 172
1726 1749
1593 1684
1348 1406
596 152
1710 157
1632 1514
516 714
266 1436
850 735
641 1547
199 179
1263 54
270 1012
1621 106
1328 366
1060 515
808 178
587 1354
1188 617
711 819
1294 1476
1324 663
1528 1707
1090 1629
1531 680
866 440
657 919
1369 695
170 493
791 118
916 1304
1268 369
1049 939
6 1212
276 1563
985 532
1535 1555
540 583
1250 190
763 555
356 647
1239 561
1159 373
535 925
1514 835
687 1020
998 47
408 1361
761 461
184 586
1031 1187
619 255
1337 151
129 1631
1344 422
1035 1180
1047 634
1011 1388
1291 329
148 934
228 679
1638 519
986 1164
1038 1554
1091 934
754 585
1202 924
528 70
255 1545
1534 1433
1266 34
1407 570
972 821
22 1373
316 890
359 1096
1175 685
989 1524
46 1323
1434 1087
842 1283
21 1501
957 108
147 183
299 850
642 1187
525 102
786 340
717 1103
402 261
219 1689
1432 70
1484 184
378 505
942 897
1589 1725
644 1386
1145 639
1370 1306
1311 1089
672 1242
1617 418
166 850
1358 1418
1258 706
1706 379
1365 1359
265 255
424 792
277 922
1712 159
322 597
211 1212
1072 1257
1004 1070
80 523
916 761
1600 1599
1054 1151
1514 186
328 1328
804 1434
657 1137
641 1436
480 1447
1186 1101
817 839
479 1253
989 1546
1696 694
958 1212
773 655
174 1696
1627 693
754 1215
176 1540
1639 791
478 141
442 351
1724 1175
1030 1306
1539 250
1711 585
730 552
1529 1282
10 349
1449 225
328 741
1324 335
436 1410
982 401
648 1337
1714 1294
742 660
774 1498
417 658
1537 1280
1365 1211
449 435
862 1348
787 1681
617 768
572 1082
1202 1163
522 357
872 38
1560 798
1059 483
1739 1220
921 560
1613 335
1442 181
1646 903
517 1062
1506 1525
408 298
997 1748
1486 1615
1160 140
821 31
1595 228
461 1217
1473 733
10 1689
572 84
1610 771
1576 729
549 700
1726 467
885 851
95 1283
1034 1565
658 413
137 1500
1734 760
166 427
911 445
1546 1011
1419 1487
549 372
262 899
1596 747
1422 8
541 1368
629 528
168 1066
957 347
1286 271
1043 1635
184 1183
1151 1271
199 1563
1134 557
785 954
207 1345
25 864
575 632
1431 73
146 1521
293 1384
519 1039
479 1115
1005 1094
513 60
630 636
418 123
148 73
303 708
1243 1050
916 726
841 798
888 1650
1736 1249
1437 90
1689 304
121 1583
408 724
371 1554
1516 1528
41 250
922 1474
1682 1412
1542 1056
1049 26
1728 1128
1468 737
1665 277
213 573
909 263
82 1154
1047 1002
678 39
103 750
1330 1244
125 1600
993 793
367 369
86 1611
330 77
1167 1365
1074 283
941 1213
1137 397
244 1520
894 616
10 1685
106 340
922 1361
148 1566
572 334
1467 1565
801 700
334 8
852 1602
422 1134
742 201
708 916
1221 1566
438 123
800 1091
1063 623
960 1332
1251 245
479 45
1714 1666
973 1085
1365 855
956 1370
194 484
122 1367
739 28
1575 1146
1008 2
1200 1187
604 90
818 1182
181 1516
478 576
1008 1104
1683 1486
1063 1538
874 278
215 237
1416 1153
735 1630
868 850
1722 674
1143 861
445 1421
1614 1073
1428 116
867 1264
1565 427
424 245
1191 548
1078 969
1690 768
1569 1531
530 1305
669 53
1560 1039
1168 1105
1237 301
404 1026
1229 1342
450 518
1127 1581
459 421
698 59
1209 217
619 366
1624 1350
610 1375
664 1565
1071 377
32 948
476 27
1185 1486
1050 29
119 183
845 1731
1711 1411
1635 1170
1215 1396
647 325
1029 1203
1334 1472
602 1234
1486 1539
661 309
228 994
837 1237
596 1270
153 260
877 1189
880 256
600 1706
1082 167
795 1481
1534 1183
1696 669
1100 1723
424 455
987 5
239 829
591 96
1149 983
1569 325
866 1116
944 469
244 506
1628 1501
1487 1243
919 678
265 1154
150 856
1490 575
684 1667
530 462
1279 1088
1265 221
389 32
784 1674
814 936
385 1541
929 568
229 182
1645 1557
888 1708
22 1165
274 1155
402 136
1335 1345
707 203
614 318
68 748
407 920
721 1153
224 1671
1747 770
627 826
96 185
800 1444
835 968
1676 1077
1430 1630
1544 1130
862 1747
1228 1736
503 217
19 1093
1406 1658
319 773
900 67
63 422
876 1079
1454 833
1679 481
527 30
970 323
1313 1287
1533 763
409 1740
1221 394
1118 907
282 1499
1252 1444
1195 1398
1691 1501
221 669
467 848
781 1252
1254 24
1262 815
989 64
1635 63
418 1439
1125 1070
666 1538
649 1287
119 1093
1607 414
788 1092
106 1375
64 1035
1590 1317
1114 748
1060 1281
529 1666
66 1002
1333 1718
1436 727
1079 1738
392 84
1374 421
432 746
421 901
1248 1453
1211 504
1597 316
204 970
25 236
483 821
1316 1204
959 1467
1441 1219
864 1228
593 687
303 218
1335 923
376 1360
1445 97
1113 1711
27 819
1080 1263
1746 1130
188 585
1725 1204
152 1262
1589 1224
168 1177
271 87
809 1568
384 1315
19 1606
788 603
875 240
1139 864
1063 516
448 616
1043 814
911 745
1480 387
1506 622
243 1629
1582 898
1322 934
938 1387
1730 828
1191 240
681 489
713 861
81 757
569 1747
1127 1441
1596 1510
437 133
1651 1610
409 1456
897 1619
303 916
153 955
1012 15
143 1132
1233 571
463 263
951 1010
1498 690
330 892
1132 1365
541 1548
1407 1193
1691 947
30 1618
315 1370
1387 29
637 569
588 220
463 604
399 1598
1711 1638
691 446
142 606
1525 247
1191 853
771 508
890 108
764 23
1602 1355
1358 70
81 1704
1641 740
1102 1444
1635 1232
793 920
892 693
1364 491
448 645
1145 1433
259 290
63 830
186 117
97 1408
465 829
1502 560
741 619
480 970
360 1139
378 940
293 518
1253 1149
991 982
1476 1557
1036 947
1739 1001
826 1524
1415 446
1330 555
606 1284
939 1132
358 642
544 728
1371 1531
812 667
1090 416
581 219
1399 347
1236 871
474 1049
560 216
1317 159
945 302
1052 1199
502 1690
1401 380
1638 1462
1050 262
373 563
419 1433
545 1264
1732 1094
82 190
1084 674
353 1193
1650 924
1629 1586
813 1569
338 895
615 1448
549 972
990 1530
1219 816
177 557
1570 1023
989 276
658 1214
623 851
954 200
784 812
924 199
125 853
1315 1317
186 1
1099 1180
1227 579
1679 492
1644 718
29 1045
23 713
1053 1567
612 1544
1290 1742
1111 423
1148 1081
1467 564
217 477
1143 259
434 1356
892 1546
1118 366
15 223
890 485
1077 1131
1649 1122
1235 1231
136 1179
286 487
590 719
1714 238
1321 1356
1690 1334
115 877
580 782
1664 735
119 624
1665 1574
1647 322
1562 1640
618 685
732 828
1307 1640
725 716
1083 490
674 592
737 672
328 383
1260 1027
1670 53
1011 325
935 240
431 1439
735 1245
247 1029
1449 520
1454 781
894 1653
930 698
994 723
1251 1450
1085 1599
1165 1418
315 810
976 1214
1598 1428
502 267
1729 1714
1128 1011
454 469
567 587
1715 461
426 150
1437 557
1420 1630
98 392
146 766
919 712
0 1012
55 238
1748 392
307 1510
1608 359
991 1056
390 1045
597 212
1475 1292
837 301
241 1670
1328 1211
1492 1160
51 1185
122 1674
213 1172
53 998
255 1154
247 1110
663 980
541 392
481 758
508 1242
1461 1677
493 925
1132 1328
1743 1047
625 132
92 1010
897 701
1663 1730
501 1447
161 992
1742 626
197 226
931 673
60 1186
1154 1705
1241 830
319 224
584 1258
1069 352
168 1283
1461 1179
613 692
1332 1310
935 251
1223 1438
650 92
410 1005
1264 857
1556 1186
1507 1300
1095 926
1194 1324
1087 1151
1694 1233
83 1270
667 1229
653 159
1074 1112
311 1078
456 895
1462 1325
1444 1012
439 786
1671 85
514 440
1061 1090
1429 1625
1280 1649
109 490
790 899
309 1023
30 130
863 859
1563 500
1168 736
807 997
767 372
1476 140
1211 1352
1451 1483
893 638
458 1391
1230 648
1476 960
11 1677
1031 1383
485 986
551 1165
1051 777
339 184
706 418
819 1712
298 682
757 1453
4 578
1082 186
808 1157
403 1499
1664 690
1094 1199
420 1632
1137 919
107 124
766 640
615 779
580 1602
1354 365
1575 508
747 654
1168 1458
2 1106
532 129
1381 404
482 1253
902 45
1248 1569
1573 257
1283 933
393 837
92 600
763 1739
964 1297
807 961
1539 658
827 996
661 207
1397 163
428 1065
116 842
1188 1121
498 1121
295 802
1748 360
116 1537
314 836
644 1224
177 191
695 968
710 222
542 875
1443 1590
1283 325
1623 146
1396 869
9 1391
1451 661
1140 1477
311 474
1213 833
470 770
392 572
891 1213
724 865
1223 1202
231 1624
273 1375
576 61
1587 432
1005 1274
374 1412
405 1536
1473 295
947 375
764 1118
390 587
598 1617
1549 1310
175 510
711 27
590 1221
1573 153
449 1451
1200 306
1676 550
41 915
1525 352
1187 1093
1416 387
1298 1577
774 30
1291 1432
1448 1165
684 1509
1335 765
482 479
1417 715
24 142
682 924
1236 1609
261 881
1514 167
1143 1133
1010 612
1641 615
1595 590
67 456
1538 1594
347 337
1599 577
200 960
1291 1006
1584 124
1162 1468
376 1678
226 478
414 246
322 212
671 802
639 1313
1174 1061
1309 1659
226 1159
1378 755
383 759
1264 1009
319 838
8 759
1091 1322
1048 1185
15 802
1508 1175
880 554
402 938
1274 551
1042 238
949 899
1593 575
516 1212
40 581
67 233
998 380
1079 807
542 1296
758 247
1358 125
319 452
617 256
777 1602
144 305
89 1538
648 1165
949 965
419 398
519 609
1667 142
656 1607
268 1570
1249 1708
1505 577
386 623
1208 139
390 131
1480 648
1001 416
522 304
451 1317
776 795
1715 1290
752 381
466 1490
1529 1500
1123 285
1460 279
343 345
1313 1740
984 1503
674 1327
94 1357
885 1291
1325 1159
1726 646
1423 495
53 1568
964 1626
234 1593
1644 1572
312 1095
1273 903
1592 795
608 1472
1417 163
539 589
614 1500
390 673
1631 175
1102 930
1513 1604
99 523
143 654
919 1366
686 551
151 321
7 1098
1404 364
1123 707
760 732
49 1593
1445 692
1519 1455
1079 1285
186 268
967 1311
1417 806
1529 648
1085 1004
1323 37
1326 1247
746 927
180 428
1097 1398
433 1107
1356 1378
1727 691
964 367
1036 492
657 1313
1336 1350
252 814
139 848
55 1308
1509 833
429 1031
1468 144
785 638
440 1720
1343 319
1450 174
1050 1056
446 722
782 1100
1557 823
1746 722
885 1432
1671 1040
516 6
1499 1160
1257 353
991 1680
1741 1563
1059 596
1631 706
96 759
90 191
1486 508
602 1294
857 57
1182 498
1100 262
1456 550
603 1451
1360 793
157 992
995 1316
1094 559
1082 1514
1325 944
3 914
656 1517
974 1638
1297 1298
884 1423
1265 632
1239 1340
387 1075
1718 484
873 356
1161 36
1436 155
1203 735
150 1481
1525 1208
879 824
864 1121
56 515
1387 903
1706 1127
1334 1404
199 187
167 117
963 375
1720 502
688 616
1696 94
461 1689
1382 1640
220 427
165 629
63 1448
134 924
217 521
1117 976
623 631
1520 1099
1420 1474
686 438
1314 324
426 1586
1199 772
698 784
1503 1119
1273 1577
254 1713
513 283
1052 436
1053 77
204 1003
397 1321
600 1379
1680 245
987 454
1469 575
1446 753
1729 954
335 154
1026 71
1025 1008
337 617
585 671
534 1485
539 477
1359 1352
1275 1122
376 58
840 1426
1527 1634
375 560
946 839
1010 1367
1468 64
81 1115
1071 1196
422 111
490 219
1187 1604
575 810
687 713
648 496
1334 49
705 194
659 1296
1011 1283
513 1461
783 1170
1020 231
762 372
319 764
1035 57
778 432
124 498
209 1416
1146 21
1661 843
450 758
1298 1603
622 439
295 1150
1101 656
82 440
407 1042
932 1257
1028 1172
447 448
632 820
1343 514
545 106
982 1105
1317 644
606 460
1420 1705
883 1706
650 753
1277 1701
1082 980
1460 454
692 895
764 769
1541 79
688 870
910 886
320 1029
263 76
1462 471
1524 201
1439 134
33 1217
1716 1242
1700 701
600 494
688 3
835 1601
52 693
1395 1004
192 1445
912 1283
1584 107
1156 845
1727 686
615 820
1713 46
333 896
1630 558
411 1317
1282 1089
1464 1077
1427 1220
623 587
524 555
1223 1536
1112 117
1468 672
1028 1134
1459 585
845 1521
1001 1224
377 74
1679 1713
377 854
209 256
1174 1415
848 1518
731 1442
1606 500
1731 103
753 244
18 1046
7 979
1582 169
1024 814
1284 198
152 176
1099 1662
445 950
552 441
468 339
1711 790
390 931
503 1379
909 2
200 491
421 1422
1366 601
447 1391
987 952
932 440
539 182
1669 1151
336 370
414 1634
50 907
1253 84
652 343
1748 25
1324 908
43 886
1076 1551
266 1222
862 1447
2 1480
1040 981
1740 1077
939 902
1269 1054
699 1289
1238 325
1259 243
637 1097
1037 868
709 829
1065 819
1103 614
910 1077
1560 363
237 1426
1134 1336
1636 781
1335 223
1373 762
528 607
85 385
1728 950
991 1504
962 1193
230 734
746 1217
282 904
160 327
828 1099
836 656
1501 574
1145 1120
726 1542
1051 114
1526 1001
377 291
1569 924
399 1343
637 1350
1070 1418
67 1153
820 1205
46 311
800 1605
1017 1749
1392 131
329 1006
1525 330
934 1678
6 958
1469 737
327 447
180 317
1611 434
1481 914
1334 1463
98 806
1417 948
1278 510
264 1209
779 966
359 473
1262 534
579 886
1392 1628
1340 1074
574 794
1748 644
1399 83
236 358
1050 1304
434 154
1086 683
1313 1304
1062 598
919 382
414 79
347 1607
576 353
962 1058
1130 927
1623 637
10 1313
1610 217
708 751
1149 160
831 343
951 392
455 1611
350 1346
342 579
1650 199
987 236
576 1239
550 194
1154 850
1665 42
14 19
441 1004
536 1384
1626 197
455 95
1009 155
1527 1095
597 1309
1143 969
325 835
1013 1033
1380 432
98 1585
1238 1024
967 968
1432 459
67 1046
789 1141
1134 796
589 738
1457 1599
282 1062
1713 1512
181 1498
1269 1287
50 254
1395 843
1094 1427
339 624
527 1108
82 71
1244 1430
980 529
144 552
658 1648
1619 562
1651 1575
1176 846
477 1663
476 1576
24 1148
1335 270
894 504
1056 1051
1684 1329
1447 299
158 630
837 1374
343 525
639 1223
491 509
954 960
1033 372
1167 142
481 583
1734 27
845 951
242 400
300 424
510 560
1064 1245
1306 1590
944 497
75 836
456 1189
36 1736
412 1606
943 744
489 1063
35 1566
1211 1229
1459 1662
936 1341
1310 382
256 975
12 702
1218 1339
1044 509
905 102
1225 337
966 653
957 563
1490 1491
1465 1563
419 781
293 780
485 1503
1610 1185
1657 1703
1602 1100
1140 38
652 748
1084 223
1385 207
1301 1249
1674 777
638 38
1637 1673
1009 750
701 292
1095 568
1170 1712
147 1225
1027 901
248 238
244 1178
211 752
999 914
1243 708
869 1253
737 253
1527 813
517 1743
679 1329
1526 14
612 1706
211 1718
137 444
1633 517
88 1378
451 1258
1225 1596
1431 1516
1643 1207
155 1077
1618 658
1397 1183
343 845
1715 186
799 221
1006 599
861 1014
708 1304
703 470
287 396
1733 1331
227 147
1734 1206
128 525
1542 53
1055 1377
936 704
837 312
1655 300
182 674
1137 797
228 1591
1452 174
1671 751
523 313
1554 870
1256 1568
917 521
159 1543
1353 665
1118 287
125 43
757 189
1167 798
1569 1739
1714 954
886 1065
1072 616
1067 728
931 1621
1466 650
1691 19
1189 1578
730 1465
1620 1386
1140 1509
816 561
916 1417
791 1001
1032 1500
104 599
1336 322
152 1011
22 1558
808 470
704 144
951 1054
651 547
1447 588
32 151
720 1284
1168 1605
1032 188
76 1668
1027 906
1699 168
293 498
1482 775
1194 255
1106 120
1068 141
29 1373
1375 662
779 1579
1415 1407
123 786
376 1730
865 409
965 1449
391 1426
1613 304
293 1492
1219 1340
921 1277
216 1443
1376 1532
250 326
201 1673
1718 1592
1637 167
1581 1564
1640 1374
467 139
1179 878
675 354
1131 1718
579 1077
541 1748
26 1080
879 1691
1157 872
1238 395
7 742
1471 1091
1233 95
213 1660
215 1543
435 1616
1048 575
688 1086
1224 426
232 868
865 1338
853 1111
742 1060
1377 628
247 296
153 203
1660 41
1050 1617
1543 225
1512 112
311 725
712 622
16 351
571 1351
1508 1587
892 145
1087 1538
418 516
1195 846
377 432
1166 1111
128 57
20 1543
450 1294
1186 498
1104 748
120 154
125 1660
1615 1742
449 1448
292 1623
802 1084
146 33
1602 911
958 786
369 7
532 163
937 827
1067 1149
1532 1507
629 1232
159 573
694 1593
1390 274
685 839
515 1438
113 500
1405 752
1230 1032
1282 62
1285 1332
1577 1702
686 332
1323 1096
384 1294
1223 952
1572 496
1639 781
237 999
1251 866
1329 724
591 1551
521 1578
807 17
82 1424
642 1039
1119 1007
925 374
1485 558
1275 1674
87 788
1533 1558
360 1555
515 1489
822 204
1183 318
377 1213
1017 731
1201 296
20 265
354 308
1043 357
1507 1555
1551 933
930 597
1286 1354
210 1724
1389 378
1115 1453
919 397
363 803
159 1090
908 398
18 786
109 82
1017 1312
193 51
538 1609
481 1428
237 1631
842 254
1706 72
1652 170
675 101
1717 565
1232 123
567 1151
466 632
1337 905
1519 484
1712 118
484 253
1631 999
276 1303
651 150
1248 574
809 616
909 1272
1519 916
208 625
689 1374
655 1065
1045 1547
1191 347
1507 458
665 129
635 1478
8 1107
794 169
1020 1340
77 380
21 821
9 1406
1541 1452
1507 1083
774 169
1539 1520
352 1261
1209 902
394 1009
1084 37
99 66
1645 372
1226 1471
1336 698
568 1397
123 1439
1277 470
1343 458
408 1651
1464 901
687 1340
1042 62
800 1012
996 713
1029 1496
1543 1721
202 194
1446 78
75 1422
415 1467
1374 272
1068 195
359 66
727 1230
131 1150
630 1672
1484 720
40 261
1390 940
512 170
610 243
492 1082
136 665
668 288
1171 1341
354 1619
1442 448
221 1542
463 543
303 773
1728 846
1034 873
1581 53
662 966
1406 448
957 1195
1632 175
456 694
1477 1689
1641 779
219 1547
113 1634
982 356
1536 316
1444 280
1358 1033
1711 63
264 1742
868 1335
152 1471
542 324
1462 1408
64 1713
766 61
754 1191
61 1620
1045 867
1162 1158
904 1427
579 43
639 303
1133 477
239 408
1487 1375
1346 1197
827 1095
915 490
1184 1523
682 1149
1677 1546
489 1087
1569 1068
113 996
1595 437
1194 623
247 1611
1388 79
1597 445
599 281
13 1386
1190 1722
1149 1039
405 213
1428 1591
1561 490
276 243
1701 1163
125 1054
15 520
4 1
1659 1424
94 603
444 487
507 746
1214 74
645 1266
1388 1356
1169 544
865 803
1440 1694
1056 1709
1285 1065
1200 688
226 1417
264 1493
1442 1658
1704 1406
1312 36
642 332
1660 1464
1121 268
818 173
707 871
1598 540
930 1095
286 1303
1124 423
68 442
954 1734
155 1658
1393 269
1368 392
1200 390
334 1478
701 689
153 1113
1372 759
1015 676
1348 448
5 1123
987 839
1653 435
338 1639
443 738
1053 1239
8 1097
623 923
1323 1646
314 898
698 1723
957 879
382 712
1627 547
1011 1238
590 606
932 499
219 1025
223 1202
1033 970
254 922
967 118
455 1444
436 1019
696 351
1383 728
1628 1629
387 648
445 586
524 735
1146 230
1196 1617
1223 977
39 1457
599 321
339 1097
596 816
1354 1459
1243 197
202 1256
605 46
1350 9
163 1133
1200 783
10 303
1169 1253
129 1641
1624 1710
260 1113
1435 683
1597 96
1638 528
504 460
212 359
613 317
49 1084
1561 1579
1473 830
1215 347
1592 1166
1319 1160
1614 1587
1021 758
138 1467
1462 1672
287 980
1028 1622
338 1712
1414 1619
1207 1529
1431 652
910 878
1426 779
428 521
256 1585
1010 532
692 276
687 89
1475 10
1318 1062
1600 218
181 1495
309 1085
1230 444
456 488
257 588
613 393
394 587
1736 664
717 1497
236 1231
1696 1497
1113 1129
1217 1662
1554 743
32 1005
820 835
1441 1355
1695 1100
1295 956
248 739
811 1658
1331 1678
1640 1358
1484 1587
1543 1627
235 690
1031 504
977 5
1492 95
1572 979
696 307
41 33
56 1436
1396 225
370 1606
714 585
949 431
288 1145
972 1108
407 238
1219 564
702 497
504 1383
1374 1558
458 1113
706 123
1057 199
879 1606
897 111
1541 951
1000 50
911 1286
1024 473
1444 986
253 1092
479 611
357 25
1315 159
1166 749
1301 1177
1106 1014
254 444
784 1275
8 994
470 1004
48 634
336 1746
1559 1351
1142 1415
526 398
90 1739
1652 1398
690 1528
276 1009
991 1045
388 1055
1202 201
622 1391
136 30
802 1605
816 748
56 1008
624 410
1519 761
349 773
95 847
782 656
431 1733
796 149
947 492
1352 606
215 1519
1242 1501
1494 360
861 1661
717 1182
1250 411
107 275
1472 530
1664 1489
229 538
926 529
1018 612
707 584
340 246
1698 1092
752 1065
467 1193
25 1139
1245 533
1132 383
302 263
957 1681
460 812
700 171
900 742
211 182
710 843
540 109
1118 1683
83 1016
454 1188
666 65
1317 746
77 1517
233 1573
1304 218
686 1428
9 265
778 1730
97 1633
881 144
1393 931
393 312
1337 348
1320 1031
587 1615
1421 96
320 1134
993 54
1555 744
1661 1690
175 157
1381 1149
148 341
1642 912
180 1738
695 844
1247 1042
1535 594
1616 558
1611 526
574 1549
762 1697
142 840
608 1612
654 730
349 37
1044 658
552 203
1024 380
1662 361
1109 759
1603 803
689 265
1071 1726
687 816
850 1244
307 342
1586 374
576 1666
1619 1576
1571 952
1647 638
648 556
743 178
679 909
515 1107
1168 1556
1067 1381
54 281
1631 1737
1711 518
582 910
499 604
1303 789
2 1391
1150 1264
1654 1402
208 930
1410 1497
1029 990
851 970
844 13
1147 1056
526 1095
914 746
476 610
609 803
82 285
1725 1171
1229 1051
286 177
780 1469
1550 1682
958 1517
428 989
360 744
748 881
21 461
1376 181
14 801
189 1233
1261 592
465 924
1259 1618
208 464
1306 819
661 564
49 213
1485 19
1343 1527
734 993
892 23
1179 407
1632 1140
1462 621
607 317
1529 881
975 986
1538 1443
775 1327
1182 1101
911 1293
1177 334
1111 1447
383 1331
1344 1536
232 1512
422 376
1622 866
863 1131
1575 230
227 1388
648 188
1444 1084
484 1349
98 360
406 1445
398 1736
392 1454
292 1374
1077 1065
636 578
902 1328
722 994
402 902
1269 352
137 145
52 3
875 1413
1735 266
466 156
985 646
137 997
537 287
201 179
787 269
16 189
406 974
1639 1315
912 434
1309 376
1675 99
1605 1084
829 966
1694 604
1085 1274
518 320
1064 558
1231 62
17 1688
1574 1340
1088 1527
1550 1673
1718 194
78 1098
522 1699
161 936
634 326
1267 797
747 386
821 714
212 109
1458 1652
298 1482
1055 734
1406 809
396 1322
7 474
1334 557
867 742
74 1190
870 1190
239 1668
1413 1385
1394 439
1308 521
815 241
237 615
996 1023
997 1535
1540 387
946 1077
518 1508
276 1399
711 1566
1267 919
1000 734
285 390
801 172
1330 1545
791 1311
974 950
624 1332
1194 1522
975 373
989 887
146 243
355 585
228 1395
1193 1732
974 528
813 676
1671 1691
151 681
1669 1000
27 1425
744 1121
350 68
1258 418
1101 1700
158 1035
722 108
488 167
1100 911
1111 697
832 466
807 275
259 624
844 133
626 1330
655 455
1494 686
567 1271
825 862
1461 1065
131 949
926 163
311 1098
880 834
1299 1291
1055 584
504 1400
1328 142
849 976
762 970
1445 1716
808 357
1463 786
333 1733
964 362
980 48
393 1366
1495 1516
1067 1657
200 1476
1355 1027
1461 1433
1362 1629
240 1402
456 364
1194 281
1540 290
983 623
232 354
1 1111
1288 1180
1720 614
1291 146
298 1433
9 645
181 1457
1114 857
275 1332
1497 438
1117 1409
513 818
1268 863
1121 1601
44 1488
1026 1178
689 292
549 103
1150 1063
304 1208
514 1118
62 569
286 1620
27 1590
1020 1223
1492 780
540 1474
778 74
1362 150
1023 1274
1326 923
1282 1350
881 1075
1003 1138
1262 1580
1103 732
238 569
857 1513
1103 725
1416 228
984 944
240 871
865 739
181 1600
1693 330
55 1035
1553 1626
1341 994
1097 563
1131 1065
1364 193
1606 446
931 0
864 1112
1307 1562
1450 1049
97 428
1583 580
82 1591
695 726
768 942
733 549
552 828
1153 194
1120 1570
1671 322
1422 1089
1631 873
1450 1696
1614 738
1240 25
560 1277
1622 138
192 624
1391 645
168 1173
431 1422
1400 472
1363 1102
238 1391
1483 443
1040 85
789 1485
1616 1183
885 88
1557 497
1046 836
536 134
91 630
165 192
673 1735
263 1351
1507 1380
872 954
927 1662
725 457
888 1022
557 1409
558 1678
1257 1080
1367 272
849 232
1486 1146
809 1174
1445 1184
709 263
245 1527
178 1616
882 491
1325 952
1473 1525
116 620
1062 1191
1145 1014
612 678
350 1039
1243 734
747 1687
1143 1397
645 962
1587 488
1291 1521
700 986
1445 1623
196 964
1688 1054
287 1062
1746 1217
1050 349
458 224
1536 965
1020 1074
1075 1338
428 1157
345 650
705 1467
1243 1313
3 732
1141 237
1461 1109
1453 1694
1420 1430
1237 1095
1628 1552
937 1692
1580 1468
594 638
1324 317
468 1027
544 425
929 1145
787 7
669 1641
1404 202
1346 609
1195 824
641 1601
1132 1003
1019 584
1618 1189
1222 634
1296 768
477 181
24 1494
393 122
701 772
285 1693
955 1547
1292 1243
897 645
431 836
1245 922
1032 1366
530 614
830 208
320 990
1239 1631
980 1180
1387 1295
1745 595
1675 121
814 1601
924 1673
510 531
935 871
1565 933
180 1557
816 1074
1593 1349
981 842
1694 1351
1539 231
852 742
1692 47
57 1161
936 305
649 145
145 401
613 97
1507 873
1450 201
545 750
1077 886
87 57
493 249
999 615
1668 355
1694 1578
753 1419
926 1397
442 730
1547 1025
864 167
239 1651
1627 1224
1527 913
1559 149
898 965
890 258
1210 26
579 1179
677 310
350 1631
412 509
277 1485
1124 1611
669 1314
1122 656
290 624
489 765
784 1229
1441 261
1513 1500
343 1466
1715 268
468 1260
839 28
1552 1334
665 1734
1702 817
1212 380
1268 1059
1048 60
1425 536
891 841
48 1068
941 833
12 1060
269 1025
303 1050
267 1024
890 88
807 601
242 978
365 495
1075 1499
377 746
838 151
1136 1047
226 761
1052 441
148 78
1196 154
174 687
238 1422
337 779
337 206
100 47
1014 358
46 1098
61 472
1086 1193
1747 1257
1592 1256
332 803
312 1121
801 1697
1011 1173
78 792
1745 1643
449 645
460 595
1115 382
764 1208
718 93
121 1165
1562 1623
546 558
657 1384
416 719
324 701
1184 1667
1711 1724
1245 126
1176 1353
1481 1746
224 36
90 1531
956 159
1332 407
221 1147
444 188
244 656
1270 786
1500 807
1736 1497
1665 1074
1498 1281
1540 1484
1098 798
142 378
67 1192
852 1355
1466 511
1157 1514
367 787
1402 1749
234 1286
1582 563
947 1001
122 1122
941 323
375 1550
152 311
867 1621
1720 763
1319 1167
1461 1185
188 1109
1475 751
1314 792
79 368
91 990
354 897
1358 33
1021 270
371 231
443 958
1279 86
1211 606
1647 1607
1212 564
933 130
535 374
310 1565
1098 966
1601 718
150 1586
1377 318
53 177
340 1516
1109 1498
1680 1088
301 532
945 829
1374 1353
633 205
510 661
669 1239
225 1057
116 817
917 368
820 647
1738 1408
1234 1294
1496 464
1442 1257
772 1165
1684 1006
1176 338
942 305
1549 774
697 423
40 1398
1500 1748
1072 1578
297 1671
804 1269
1623 318
717 1149
1058 1263
904 909
995 1468
286 1034
462 730
1629 924
816 1439
1475 1050
1078 1668
1127 630
522 157
1179 211
1043 445
701 1299
1473 1274
795 370
1067 45
223 592
639 347
1516 1117
1423 587
222 1334
1487 818
777 1289
1640 1378
1427 411
367 516
655 324
1738 317
1370 556
593 141
297 1118
142 1694
429 606
331 176
1029 873
399 511
1048 1167
1282 238
780 806
1463 503
122 777
697 626
1123 1423
710 1362
202 718
1440 198
256 426
1460 624
1625 826
105 1286
469 304
704 973
843 244
855 1047
313 1282
600 72
104 1086
629 1738
1108 315
191 1427
122 1051
173 1186
793 637
254 1116
655 1423
1208 565
1250 904
451 144
1534 937
1186 1604
1689 1453
492 994
1221 670
133 95
1570 203
1596 232
1351 556
1529 137
51 1573
24 456
1129 331
1624 1579
772 1558
415 959
849 675
68 181
712 1348
203 1085
1475 303
568 601
170 374
951 1023
476 1306
112 1307
1500 997
1492 1390
1463 614
522 869
299 1545
321 804
1240 958
669 1502
1545 524
1400 415
1507 1181
171 722
1653 788
106 1009
483 1723
1095 1143
858 789
338 834
831 842
357 1635
1196 912
1641 1406
1011 820
1328 855
1150 172
256 554
531 1068
883 678
261 1748
142 1352
1534 1515
289 1351
1254 13
62 439
1059 874
897 286
189 351
1692 144
61 783
1059 1508
174 991
685 734
211 550
673 740
1008 321
1732 54
1389 1017
460 1144
1268 475
1594 575
1396 719
305 707
349 267
791 159
353 104
1411 138
1587 1572
222 1722
402 523
1720 639
612 513
1461 771
1241 518
1680 1693
420 1283
513 1441
809 688
487 473
138 663
1025 94
788 1726
576 492
1075 1688
1498 1438
1284 1383
1280 1452
264 1475
209 900
648 1659
194 1337
241 853
202 806
1355 1286
971 96
865 685
359 318
1547 56
122 699
1746 1099
708 665
1559 1372
887 895
1196 824
1 76
371 151
1237 827
891 249
1344 830
1589 1206
1442 645
1667 1637
600 923
306 1126
1426 1641
1175 1211
960 1666
691 1223
1082 1715
1401 1214
121 1216
1220 680
1168 1639
1456 1077
1049 1409
883 1339
872 102
575 873
330 108
1314 1680
330 1447
814 336
291 746
808 1699
208 56
936 336
735 1471
31 1319
1624 740
1483 1616
1254 758
1255 521
1583 240
867 56
752 194
747 246
1206 1481
304 1110
64 1597
385 1588
655 1279
1443 466
1221 1612
14 762
429 1211
122 667
1404 1718
1312 789
1151 216
554 968
55 87
202 920
437 774
708 1519
684 397
659 768
1213 1668
316 1421
1599 115
631 575
63 247
618 409
1731 324
430 1071
588 850
1677 1615
1540 6
1397 532
102 1476
282 705
5 655
1563 1171
354 112
798 1413
96 359
918 804
44 1021
1274 1003
1351 1641
1104 387
1471 1361
381 35
713 563
898 1422
1524 1673
1212 1607
1120 1482
866 578
1723 1597
753 57
177 36
1209 1272
1103 1204
442 189
1440 1233
957 455
745 1718
1221 447
1296 1504
112 986
1071 1342
1635 1690
708 773
407 1668
1665 1198
388 1538
485 770
462 187
984 1618
224 547
278 80
647 835
1357 491
1085 1218
303 278
230 1341
1731 1462
1502 53
256 211
628 1528
1336 1725
369 1265
438 836
1123 884
597 108
918 1449
620 1068
620 1066
300 1520
752 1404
331 1270
1314 1146
1391 1406
1657 566
1538 1189
1522 193
661 441
1579 921
879 656
948 531
1143 1643
629 893
1125 207
191 918
240 8
1221 1555
260 33
38 1055
656 1218
1449 1202
758 712
1535 572
1558 986
1116 1505
75 706
656 585
797 1048
770 616
1059 1034
10 1626
1194 335
1133 1643
1562 1299
1708 30
909 978
584 314
358 1560
899 476
704 1413
705 83
83 152
939 1328
1238 847
1075 98
959 980
1169 800
1060 141
691 1120
1193 90
326 740
1236 1718
1252 1742
535 1026
1234 734
762 427
583 220
1615 205
1745 1245
1725 1481
773 310
1597 1027
1470 217
291 1217
1155 1231
1487 513
1440 189
221 1053
82 1007
497 823
269 1165
52 1481
559 27
931 545
333 1425
1053 669
660 1109
1483 646
1399 705
1114 1104
990 366
217 112
385 1446
1454 800
807 360
1025 1275
673 1621
436 1003
1726 1616
1473 1042
1580 720
483 1532
432 291
138 980
1338 1055
423 323
418 539
333 170
1731 612
1403 1569
417 1645
142 1359
617 1512
8 722
344 836
1199 1070
234 679
1503 32
213 1103
1451 665
1674 1196
564 1457
1332 1372
1683 1666
132 251
1402 1199
989 282
1513 541
1249 594
338 497
920 712
534 720
349 802
1565 1303
1166 1117
1416 51
439 645
200 1294
449 1483
1118 1007
1622 597
1656 583
721 1012
843 1347
43 388
953 1395
1016 1540
485 603
511 1745
1098 1180
884 1244
33 766
1210 584
904 99
751 822
5 469
606 1180
1360 1493
1728 245
1522 313
1311 1090
493 1630
394 1264
402 371
108 824
1467 1303
1304 677
1622 429
219 545
675 307
765 352
1506 1508
1732 1061
708 586
729 1315
1118 831
1436 1230
726 118
1633 396
712 569
1583 708
288 274
249 1412
255 1330
489 1054
1423 766
648 444
369 1587
420 779
166 524
646 848
875 1458
307 101
1729 348
652 1086
927 76
603 89
46 1644
652 1574
1375 895
1469 524
1623 41
650 1076
1743 557
1081 118
933 229
39 1599
1213 1078
757 1694
296 960
1527 1407
1103 1684
1364 1098
233 456
1040 1669
518 1525
1697 323
120 1607
1537 250
1343 99
30 129
588 427
605 1189
1134 930
1579 992
1110 1726
162 611
1085 1749
596 1016
1200 955
736 409
1669 907
1709 1673
475 739
440 929
297 1000
1650 664
1287 1449
521 1281
43 653
1543 644
503 110
1088 795
1299 1353
919 1010
399 1679
347 1016
1507 944
904 1511
1059 1376
256 1183
576 1074
1505 542
1618 877
768 1512
654 112
820 670
930 1477
1032 1039
1208 880
1478 1557
1370 784
617 675
390 545
1424 149
1522 228
1376 684
783 896
677 1301
1172 704
869 460
764 452
371 1157
149 62
50 345
1391 439
1552 625
1601 19
880 421
345 951
686 163
539 77
8 1681
1387 1273
799 979
410 920
1292 1335
1601 644
1119 880
887 665
613 1347
346 590
496 1187
1428 1633
494 250
1041 600
1065 253
1651 327
543 555
1004 207
773 202
1246 1602
1122 453
797 1487
664 536
942 1382
1485 1322
90 531
661 1004
1544 1391
1465 500
96 1482
29 1200
143 1167
1007 1483
992 1481
784 556
1309 1236
750 137
930 1251
1455 466
1578 1648
1302 1398
1365 142
574 484
426 377
1603 1733
534 739
1374 804
510 1642
1308 798
142 47
51 1614
689 1183
69 819
68 490
1178 762
219 931
1514 1477
106 1645
1124 1000
1488 450
1150 2
509 1648
1555 1082
967 159
1213 1084
1505 884
153 686
697 265
1205 835
113 713
825 37
984 658
242 963
1571 635
582 1089
1122 1342
378 1031
570 599
128 1308
1602 573
1223 1405
899 333
1221 655
502 1347
1488 178
1626 1519
1485 1741
1671 586
928 1396
1357 1155
675 868
220 1420
597 1226
1106 643
1648 1663
763 215
1242 1317
1364 1054
417 469
1668 1491
626 265
369 1569
455 805
921 1155
1703 1708
1347 608
477 1607
321 1739
1505 362
66 100
1129 699
1298 1039
1280 400
1186 878
1482 1654
605 912
1350 62
1171 284
1663 1734
1157 460
1148 1724
220 1330
635 1116
1494 131
1602 1443
1021 1013
942 868
119 700
474 844
536 338
1028 918
560 1234
1021 1473
925 183
73 552
796 48
860 638
906 87
88 1110
660 1498
1042 862
643 671
925 1465
515 1281
1013 480
507 375
1144 1353
1530 470
1227 1577
1189 132
1562 292
221 1087
1253 595
276 287
837 398
580 441
345 1446
1077 1332
1156 1454
393 937
431 438
1276 1526
1403 870
310 1698
1569 918
1093 1164
797 1015
1587 752
1191 927
1506 1241
1708 912
415 136
113 392
337 386
750 707
668 511
1522 1468
78 7
1626 1243
1104 648
649 379
691 491
954 1055
959 800
650 745
1574 1325
1339 1516
1674 1288
1645 1697
44 1585
1590 20
1192 420
1071 1229
1282 407
97 317
1335 1269
765 1054
1445 755
842 50
159 1089
473 1692
1512 1414
790 1663
1533 964
1683 230
889 1067
1270 1484
164 1162
1073 324
1024 252
814 1692
1579 1348
400 731
870 1454
1144 1106
245 1716
1116 559
1479 697
192 135
31 1480
1284 811
558 1091
1179 910
288 964
1251 540
1004 1749
222 530
1008 1222
411 1069
1577 1603
391 1257
1647 109
106 1264
773 287
675 768
436 1697
1156 1403
1403 797
85 1302
312 113
41 742
1207 784
1397 1643
466 1615
474 1147
1353 1256
619 779
882 76
776 1718
173 1716
635 1655
1702 618
695 174
1274 1019
333 1060
399 120
1731 397
194 1349
629 310
686 838
1643 832
561 944
568 187
1270 88
1078 1491
754 1129
1333 1656
580 447
773 822
866 1500
771 1248
196 1037
1062 1227
94 106
1529 1201
1071 667
989 1633
1508 1090
1670 824
1192 84
937 338
1645 172
51 1181
623 1443
560 1106
1202 742
1637 1191
1155 1482
1473 1175
598 1348
1018 834
440 196
1405 1571
415 663
627 1327
71 65
105 1115
1314 744
887 1743
1228 310
1319 1328
621 20
994 1195
1574 1198
370 925
1710 775
1015 1706
981 507
931 1735
76 824
501 1086
1026 1682
1173 913
1720 1493
950 890
744 488
818 1167
1120 1252
1567 1163
863 98
28 752
956 1353
1067 1061
625 506
1113 224
483 900
144 1154
328 619
796 43
1602 468
278 1566
903 562
1265 1178
376 1719
1507 1549
608 49
1261 923
245 86
425 147
1555 420
1548 201
1268 1398
986 749
1059 86
74 746
104 1263
33 427
1272 140
1082 1121
1494 605
985 445
1611 656
408 1461
524 1430
839 1747
1106 182
562 956
20 644
1298 123
711 896
709 1684
121 90
82 984
263 298
1553 756
1183 1052
670 718
1156 1137
276 1231
652 981
728 595
120 414
1176 539
1295 562
198 1565
259 1372
1266 616
1358 375
105 177
841 1603
81 1044
214 747
295 1081
1508 1498
189 1370
899 1663
1672 738
1669 343
1053 1574
11 1615
1540 64
992 1235
1264 986
1700 371
1211 1111
1136 1657
28 66
806 294
830 532
282 1439
967 791
1068 1434
928 1639
590 1431
721 1573
518 91
1031 1381
1097 759
1005 1569
964 1145
252 75
1719 653
1708 48
1344 1383
403 1101
844 1696
267 608
759 335
972 1557
268 644
670 252
1274 966
34 1080
896 338
375 1290
254 948
1178 374
1168 403
937 709
393 813
1184 1408
1116 1749
791 968
1066 1058
1150 1009
488 81
686 206
48 179
1245 1485
1659 129
117 1453
686 440
1055 275
29 390
1660 151
1402 1385
1385 441
995 1540
744 1082
902 619
630 1622
188 1500
243 1206
979 474
695 593
85 1073
480 1290
174 593
806 216
1444 933
1275 1196
779 1569
923 982
1085 22
1126 1025
1123 324
1392 1552
1588 1191
624 793
209 251
957 846
1097 1681
688 1174
1010 753
1256 118
167 1704
239 302
777 1367
1581 1665
1025 423
1390 1550
1027 34
187 1498
1089 1589
1466 1446
514 1124
1382 1562
42 561
476 559
628 649
441 207
830 1102
550 1718
33 1692
1127 403
1725 856
98 1192
1355 911
937 45
1237 1111
1613 1569
1646 979
928 664
386 897
1005 1531
1026 1478
178 450
1029 1035
1084 1202
1059 318
1542 691
1078 585
142 189
48 1154
1741 546
1409 132
299 166
562 125
1540 760
39 1166
509 413
1304 1608
891 1039
780 1482
517 1489
362 1430
648 1513
1177 760
1117 1321
1613 830
1718 35
646 1085
1631 1682
505 1031
674 742
1381 1326
1293 1705
877 978
7 1646
654 308
409 839
1680 1045
84 1546
60 396
1104 750
206 1510
1630 1474
1467 594
551 913
531 1737
1461 682
1177 76
669 1020
1736 1301
179 141
817 1220
1279 455
1565 1703
1607 1339
396 1472
413 1663
466 575
1259 378
1636 1252
1684 1610
242 1693
1022 1411
597 1051
1657 1217
518 830
769 1124
131 1025
962 1080
1082 352
1012 802
251 1663
1643 507
1608 1238
292 1358
836 443
988 527
1648 1425
213 725
838 1124
540 4
1330 1154
111 701
470 978
871 309
858 1303
343 69
398 443
270 666
1053 757
162 1213
1053 1410
184 55
674 1524
13 389
1199 1274
41 106
796 784
1684 408
1322 1465
1741 547
1749 1165
1267 397
758 1241
1574 160
619 1114
46 1369
167 1440
534 471
1258 658
1093 433
160 447
1730 870
1683 834
1725 719
1144 364
876 97
38 793
121 597
268 1440
84 420
672 794
1136 433
309 22
314 75
508 549
1441 173
1219 1325
1380 1573
1712 1311
560 1120
1113 419
1022 697
1377 410
596 331
133 328
1070 524
1616 646
1468 787
405 987
1392 895
204 1638
1302 60
834 762
1345 1070
1450 1542
1076 1693
1552 841
290 1377
1412 1293
1423 324
1241 247
1519 478
172 423
1075 541
744 420
117 1094
887 1242
483 706
232 497
594 1708
1508 422
1337 851
419 1029
313 911
1364 646
1392 236
936 730
861 386
880 1257
414 20
1395 1347
589 120
1575 1716
1286 229
439 1406
5 795
724 217
963 161
1643 1392
27 536
952 545
1159 675
1342 1312
1518 677
614 1171
460 1169
570 1732
1551 1488
1034 138
750 321
1142 395
1600 1457
1279 30
1195 108
1375 640
192 1107
582 1676
1535 975
35 1092
146 41
1688 104
859 406
1184 1318
1264 1230
1531 1068
376 511
417 362
1307 1427
706 443
408 386
1268 824
1294 1332
684 1076
1129 152
1540 1713
1182 790
39 1516
652 85
1511 1178
283 1460
943 510
764 1369
1236 499
1020 66
1428 1460
417 1615
546 533
119 234
1574 1219
1469 860
1289 911
185 603
972 31
750 1394
476 338
1037 639
1474 19
646 421
1301 663
1364 1348
1291 114
129 1539
33 588
385 1411
1593 709
1714 1055
126 1093
1612 506
673 1008
381 484
414 39
635 694
402 1700
282 120
863 947
1239 1550
1059 417
1561 501
313 1328
1712 1317
438 656
493 71
1495 1457
1186 761
686 1499
315 1365
1536 1655
796 183
1582 437
841 1678
1355 410
82 1360
1139 1160
352 1151
936 1605
17 1748
132 755
1400 791
324 227
1006 802
1597 431
528 1641
69 650
527 169
116 525
167 1659
1394 1748
1744 768
918 1068
1629 914
66 936
1494 1083
218 1321
1556 1576
202 364
983 666
1616 880
1733 27
357 537
636 4
1225 255
1638 180
1439 958
1335 338
4 281
1435 32
421 554
1480 656
1196 1226
504 544
787 525
260 769
1582 939
728 1149
1009 2
1308 1653
463 768
122 1275
1317 1089
55 817
1276 244
1515 909
1214 899
16 149
1517 181
1262 1484
803 248
1383 227
181 1388
1351 1229
813 985
1708 161
802 182
900 228
1002 1171
303 1313
1119 1726
1031 1400
1187 627
1220 1606
1706 791
1387 1307
159 1311
264 1292
783 673
1267 753
1075 1192
1510 942
49 694
1079 725
760 361
378 550
1700 1551
450 1179
1116 1123
1493 1626
811 45
19 1678
1644 1164
1545 1203
798 685
107 403
160 1747
840 1320
188 1401
942 112
634 1426
195 352
1716 539
1647 1250
1355 445
568 926
672 970
1737 1629
298 1683
749 1107
885 33
2 1230
499 719
1324 1591
913 965
121 578
887 1062
1367 1341
1556 1492
676 861
470 891
1580 913
1427 1739
31 1310
340 1599
400 595
1575 1058
47 973
577 1356
1105 249
1050 916
731 1021
1433 1609
709 1329
1632 575
1242 821
1611 827
213 709
1056 1574
950 271
928 259
81 442
883 579
1491 986
1110 1119
530 725
878 52
879 1613
1243 692
94 888
1418 1422
1595 158
1158 952
1417 576
972 1549
1472 409
1464 382
94 1114
934 433
1222 1178
556 384
22 772
1672 462
1658 34
10 916
1239 1516
71 1033
371 195
457 567
651 1526
1619 1316
1384 166
159 118
280 223
1064 1630
896 1576
1182 402
258 525
567 851
33 1604
727 748
1231 1298
870 714
1029 1675
30 250
1699 1342
464 597
1030 1494
85 1038
350 472
93 875
1091 547
522 808
472 1424
1022 166
958 1218
1012 538
176 61
186 1440
1412 801
230 738
180 141
1060 1458
587 633
309 1385
1700 75
859 1232
1123 424
1246 846
1173 533
289 1649
1407 1707
1510 868
1321 1044
1627 1206
439 1266
1371 191
1357 1339
103 1579
924 742
813 1235
405 1460
1504 1426
322 866
1519 1288
629 1079
764 1358
1554 357
740 1666
1158 1655
241 64
231 1390
1173 395
1593 1126
51 90
494 1048
300 664
964 316
215 197
1190 486
1745 1297
719 377
1640 1608
267 1347
180 97
113 1143
411 765
424 655
391 1591
1514 1390
1017 870
300 583
1246 1206
811 1258
241 654
345 1563
200 275
803 475
783 269
1524 1057
754 164
962 1435
652 1000
510 358
1620 1161
1653 409
1134 1081
1224 416
1533 196
714 1078
1684 829
1198 1460
1468 1713
442 1233
592 134
1598 458
1312 1218
1550 183
694 475
965 1306
1534 1693
310 1136
84 325
598 634
959 1657
1486 682
805 937
742 1673
317 1512
614 533
712 862
1365 1411
845 1137
1029 1102
452 885
1678 1171
427 555
1008 1230
1009 1256
452 50
302 1272
1399 904
1239 42
1391 1348
425 1159
1041 1536
78 933
1523 482
1076 644
1426 1624
1285 558
811 1410
344 485
577 521
201 1557
103 648
1416 1507
1433 939
1393 1547
1305 909
1073 805
330 568
1513 1415
1405 1460
676 532
881 1177
539 1604
1462 147
178 400
454 300
588 524
795 1629
55 906
1080 604
1704 189
1180 714
1300 757
460 1061
1648 896
301 1246
1300 260
1679 799
1000 1215
1175 996
1556 1744
370 719
619 1352
258 785
1575 917
848 557
139 1620
1592 602
401 1316
1215 176
1537 1302
296 1592
12 362
279 198
1706 1048
1306 729
172 1111
595 1381
1074 1682
16 1600
939 1319
1573 834
879 1479
486 533
777 735
1062 705
1510 354
1057 961
578 1236
294 1337
805 1611
662 118
1017 168
1123 362
1346 472
1469 1695
862 1391
1130 1217
472 488
1672 287
1649 936
132 262
1414 1676
964 1320
1390 1278
578 932
1009 1222
171 520
1624 1135
879 209
1597 184
1351 122
655 792
1037 198
472 269
1525 948
193 1416
330 1546
1541 1203
1253 1609
870 1662
1081 990
1231 1138
327 1747
1403 1041
409 946
768 307
689 252
686 1304
1148 1343
754 548
558 1606
423 588
254 724
1558 75
1486 110
649 1042
884 1279
183 497
116 85
1411 1495
610 1576
357 1723
914 432
157 1106
152 1580
1133 267
1304 761
1003 1420
1001 1206
1469 1542
345 1650
1588 951
1148 399
886 745
1235 535
1633 276
155 748
810 401
525 566
856 1204
1082 488
1585 279
1128 401
28 550
912 236
785 1345
1161 198
857 1529
1149 355
773 703
897 1605
138 1136
1262 471
1443 340
1221 770
1095 398
974 876
1412 65
1138 74
1588 1452
884 285
636 1583
347 27
813 1095
143 1365
755 453
1309 1478
384 1055
1287 1538
1640 177
184 96
1222 387
739 1740
356 1238
1378 1214
1635 1241
376 1236
977 1505
1564 867
1174 353
688 962
438 1439
757 461
501 1266
1724 91
1295 1046
25 84
1469 1076
222 1735
1615 1089
702 284
911 184
1466 1267
1157 1075
617 942
156 1678
104 570
1723 184
765 1287
1044 899
596 995
651 1612
861 356
1579 560
487 1288
1030 768
717 403
1599 368
60 1182
452 844
331 99
1228 888
263 1329
484 1092
764 862
1707 493
395 229
1460 386
1137 896
330 113
783 131
666 851
846 154
186 1659
1353 146
204 507
638 384
130 1722
534 78
197 959
630 322
779 602
815 1580
131 56
4 866
466 982
625 119
1080 65
287 754
1434 270
1536 1276
1118 652
1248 111
431 123
1308 201
396 584
1349 1092
1469 778
1202 826
937 529
998 696
507 230
1102 1336
288 1475
1230 881
1205 1096
500 1107
753 612
1194 483
916 859
83 176
1696 1056
1638 49
271 194
710 622
1237 1567
736 1553
1403 684
773 968
289 351
483 380
312 398
775 723
380 1734
757 442
444 1051
1549 939
1613 1522
243 1001
1131 1404
1009 857
510 274
713 1395
427 1705
1417 1408
351 430
1504 1539
718 451
955 219
1284 194
100 451
1367 1289
668 1292
623 1151
469 1123
504 1253
819 1590
573 1725
1268 318
1232 1285
1562 940
266 1264
475 1740
873 1238
100 73
1018 706
1091 126
457 325
1554 1699
138 136
1013 183
261 640
1162 1534
112 360
907 1452
921 703
1370 812
1488 1319
135 1205
1452 464
295 208
336 730
887 1637
6 443
556 1730
1534 86
754 596
133 457
710 1628
1731 45
1062 396
1313 863
44 400
1362 1586
305 1339
895 967
695 1510
1299 611
1402 22
173 954
222 965
59 1705
490 783
590 1254
355 1449
1431 668
1395 11
1183 901
979 155
956 1176
111 394
689 1046
91 1396
640 1543
1194 299
1015 72
1102 464
1623 167
1631 249
1318 1329
23 1666
1545 277
250 1591
1344 1562
321 681
975 901
1608 1205
510 940
27 338
269 1007
74 291
1243 815
607 1184
1024 1288
984 499
1312 231
18 1374
741 383
677 434
1162 316
1549 1108
731 281
528 180
1241 1525
1174 723
1493 1535
280 15
865 817
1247 875
1151 1261
1165 75
1464 1200
719 1327
730 661
1508 891
1392 579
2 857
1408 1476
140 1666
1378 132
1371 145
735 533
1744 75
649 1678
1343 481
1113 514
426 719
1142 1407
168 1473
404 617
862 569
1214 755
1233 351
421 1607
863 884
101 1499
134 1290
91 1102
575 401
21 988
367 1429
1148 1242
403 780
1362 1224
1413 441
807 1234
119 1593
1311 1543
518 200
1625 611
1547 1078
697 257
720 1413
1090 1627
1152 701
1364 506
1009 748
106 66
266 2
503 1716
1636 355
1082 790
1463 1160
1492 860
136 1657
1373 1410
184 1210
12 1149
971 1557
698 984
567 1634
482 889
173 1603
114 911
942 101
624 628
424 324
496 1439
214 51
1585 677
1310 622
483 907
1182 1492
1465 986
481 1397
1043 1699
140 290
665 529
810 1212
1092 32
258 1714
863 165
967 1543
298 332
866 597
214 1030
1602 1289
1141 200
810 1316
127 143
527 328
737 794
1673 1109
523 948
1295 1730
498 780
818 411
319 0
208 569
1116 1567
163 953
88 304
481 450
28 388
57 1483
748 1529
1074 542
620 1435
416 1481
831 1588
1267 1015
1405 454
105 167
224 1552
1224 1206
964 1374
988 925
1099 1217
377 1730
939 570
1273 689
74 870
1074 987
1607 380
1601 336
124 403
1478 767
481 159
698 373
1121 719
1528 1026
941 714
1571 944
151 1531
684 1419
286 1437
1571 12
662 20
115 1378
203 1125
537 1672
1353 1291
1145 349
1553 40
1387 585
1481 778
997 1368
731 983
1031 811
1220 918
1544 160
12 1073
1654 332
572 632
448 1454
114 1597
1384 255
456 605
339 971
1580 699
329 946
1476 1495
808 1060
978 711
1568 616
339 1355
253 294
1456 878
1355 1427
614 601
297 736
1427 1737
985 23
993 624
973 552
984 376
1065 183
1018 72
1004 1274
1000 1537
1089 1629
1347 244
991 160
609 195
667 1275
979 174
506 213
1719 74
1176 358
1502 1574
1549 1227
1623 1035
1101 974
529 555
1295 1299
1343 1431
324 455
1229 1742
1186 1372
439 27
1518 1736
724 851
453 1576
1016 534
1653 626
43 32
1742 220
365 714
946 577
1209 503
247 390
940 992
1134 1622
1525 1401
520 318
1084 538
1600 1495
1557 970
1728 209
1622 488
666 567
331 995
1506 361
298 110
953 502
1673 179
1163 199
1086 1435
216 524
644 1589
1619 18
649 1544
214 1157
1000 1313
153 319
1429 1152
788 57
1069 489
62 1348
247 1363
514 297
1515 140
82 550
605 514
69 741
505 955
1305 263
1017 423
1745 1243
1090 781
84 370
797 1018
848 888
716 970
1255 1189
231 262
618 567
580 852
692 887
458 183
571 1071
1175 1496
940 1106
1525 1363
616 353
241 471
1574 42
232 1345
203 1023
1334 234
995 1558
111 903
1315 967
939 1710
1070 1258
617 943
1518 1034
452 29
851 1321
1126 1150
1357 560
1404 1316
1641 1448
289 784
738 1600
521 882
1014 841
1176 279
1624 616
1132 1064
1153 24
72 717
14 1645
4 1250
1013 853
437 1319
479 544
1303 786
1647 698
1105 14
230 733
691 1022
1018 818
361 671
849 386
536 729
1341 1681
1390 1579
288 1297
1497 539
1044 262
890 185
787 1644
1721 1362
931 394
1157 1169
1672 441
564 1600
1408 926
544 690
843 1526
1433 508
631 466
411 1335
143 1319
502 625
1267 442
1047 134
1706 726
747 308
1540 1411
1641 1710
498 965
364 1592
855 1352
210 1241
1672 887
1247 1409
1711 1508
672 1549
887 610
158 1027
1309 511
267 1117
544 45
285 1423
1022 310
1614 1175
992 296
1670 46
1459 365
1423 792
1493 84
1709 187
533 547
1730 1190
1352 482
310 584
307 1512
1028 1675
548 164
805 383
50 308
169 1328
266 1032
660 141
1267 1446
1552 980
449 1208
296 1187
250 999
403 893
622 1590
742 961
1024 379
646 975
1700 968
751 1210
565 1620
1538 982
1668 585
918 680
110 21
1268 187
1427 412
1377 1332
1053 1020
832 1207
696 1510
291 1099
1393 1126
1456 1333
973 723
73 1413
1268 1000
167 1689
1116 1368
649 862
1635 1506
859 204
402 681
1701 519
300 884
12 166
543 1107
1069 1434
754 1249
1288 252
1014 1422
276 1571
35 877
1337 1729
652 897
1171 749
912 1606
774 143
751 576
1699 479
1025 266
278 509
539 443
816 283
192 180
1716 1234
1649 122
845 1514
1636 1454
1476 259
202 1592
454 1123
133 383
974 272
195 270
1679 319
1526 1463
947 1638
1695 468
1538 1089
1446 1731
1572 844
1543 1090
548 1215
1322 1563
487 1212
536 925
715 1393
688 341
334 1412
1021 25
1440 1659
1015 865
437 169
1254 51
1468 1195
856 255
107 173
821 939
332 248
482 531
759 1195
443 181
547 126
459 1183
1307 1295
1153 484
481 224
1367 1695
695 1053
1319 1224
506 1515
885 1353
410 1282
1667 282
79 573
953 982
1551 1744
1359 1523
1200 641
273 1340
30 529
1682 71
1278 963
1746 1730
1275 1246
1085 1373
400 1017
82 1315
331 1540
53 691
964 732
364 1698
1432 699
1626 773
1147 34
938 756
291 1354
999 1390
499 1533
540 1477
407 637
571 1220
1270 64
1154 1293
1675 1504
941 1252
31 741
806 610
585 1491
930 636
582 878
876 692
1479 1047
884 646
795 823
1001 1589
861 1668
1192 436
506 1593
794 774
1113 297
1443 515
1627 416
962 1066
46 1587
164 1085
556 20
1661 710
1116 358
245 1693
132 1648
250 1631
1262 71
1043 421
72 1127
794 1108
282 1129
1666 1310
614 463
1550 1106
799 715
1258 833
680 1269
1477 1704
1069 1087
258 1729
264 566
1616 554
112 335
1175 540
234 1656
275 640
1408 1158
1743 543
889 1709
1707 334
881 444
1421 788
339 1597
233 1727
649 160
871 1199
254 345
288 621
242 168
29 1710
1489 493
665 391
483 908
438 418
1518 310
12 1685
493 14
1333 752
470 1560
681 145
795 1725
287 253
1400 811
241 523
830 664
1256 1422
1704 351
560 1530
267 855
1548 225
32 1371
1384 265
1409 976
371 581
229 130
343 50
1441 1202
1417 192
62 327
949 898
361 280
741 429
1125 436
743 44
922 533
1297 853
350 766
190 1265
45 1159
1237 238
904 83
408 1272
927 716
1588 512
1493 1297
469 156
884 324
1055 993
866 58
601 37
1641 154
339 1099
1371 1427
1494 555
1302 757
458 769
1090 573
1453 289
1124 981
1683 36
938 833
644 1362
14 65
603 1119
200 290
580 911
207 551
383 378
843 1104
1658 1174
975 36
374 183
1588 98
153 178
1186 1066
997 541
286 848
1307 162
1275 1695
1352 504
1250 984
43 1091
1137 1731
635 944
866 1673
1495 1388
77 1566
879 1681
586 128
738 414
1054 1261
648 1201
1582 973
306 867
1641 231
1544 647
1361 1741
1605 182
737 1549
1579 1357
771 1296
526 892
1644 547
1185 682
1413 1180
365 1078
1272 1332
722 723
1391 1747
1496 1251
1274 1373
553 1155
843 1402
995 1262
746 1459
732 746
198 765
1079 1408
481 1124
1093 446
991 1022
1375 1639
572 1266
637 160
1422 438
1506 518
810 820
1148 1494
205 820
1647 1715
957 1392
1425 338
341 207
282 637
308 52
1625 1200
736 1175
1438 1178
1525 1136
957 1553
1272 681
1587 979
1578 978
190 1474
1529 1513
1334 213
350 1197
426 693
255 588
1587 760
469 890
1271 631
1499 941
81 1689
3 1013
687 559
1032 22
579 1740
1484 1713
912 716
736 1700
939 1167
731 1233
1643 1395
178 1579
305 240
886 776
306 1631
278 164
23 163
732 1730
106 1222
4 698
346 908
589 340
1203 1245
1720 964
965 516
1251 109
412 1069
1234 960
1706 1168
491 543
527 1131
1703 1617
1059 154
56 2
171 759
1048 1127
186 167
175 1710
405 1717
171 1681
352 108
627 1202
1717 646
344 399
1722 182
1144 1381
1613 1206
262 711
341 683
1408 517
1548 235
1332 382
291 1180
1460 1505
1608 1214
1023 1749
341 599
402 591
965 836
23 532
1325 434
1356 760
576 204
1362 426
129 529
1647 507
138 1249
653 1386
416 76
672 1501
1526 465
963 157
434 1654
144 1413
634 1591
1268 841
680 489
594 1163
1419 772
1567 451
397 883
1503 1110
611 157
835 1096
333 961
1066 1435
1179 1177
157 1550
212 1236
1504 423
1483 1717
886 211
1251 121
1728 1398
863 761
1115 624
1128 1316
929 1037
1313 226
1143 163
1747 809
592 1709
561 977
110 122
966 118
1100 358
1718 294
812 1608
1013 801
917 1321
366 1245
1537 1697
907 311
702 1320
296 1662
887 1542
1154 277
910 166
158 1307
1344 1473
385 1156
247 1134
1030 1373
1175 464
1522 1388
1098 1265
1090 1224
915 65
1708 129
633 632
18 956
1651 1185
1153 1518
670 1002
1007 1717
1746 828
419 769
1098 844
1574 455
636 1250
790 546
1724 1029
527 1319
855 429
443 1607
610 819
1415 1339
662 791
537 1044
796 812
1659 442
235 515
1565 1708
375 28
1248 127
1704 1370
281 1531
642 1603
997 588
1310 649
72 1584
530 694
1342 1051
1554 178
375 1155
1555 488
1099 76
561 1405
572 1160
278 1749
149 784
1102 653
640 644
422 1423
63 1193
13 1610
1560 412
515 1652
377 1130
832 1628
1164 759
1400 1557
1679 100
1660 1346
497 626
1737 411
1260 950
217 771
1635 1482
98 256
1722 592
100 936
177 373
514 452
775 841
797 397
1338 1714
92 883
1687 638
1731 1010
957 1613
1636 714
1307 1135
1446 991
778 1130
943 878
24 233
272 468
1711 300
926 770
1318 276
336 93
728 227
707 552
1083 29
123 738
1612 213
152 1162
262 1648
835 1288
1131 476
76 1454
1390 524
173 527
887 517
1396 1014
1171 700
1582 897
825 641
952 5
1453 1639
539 1187
1450 669
906 128
1002 1163
871 1125
1512 1429
124 1492
341 1080
1078 1444
1670 139
285 805
221 174
659 617
1702 865
408 263
458 1431
1356 1189
1306 610
109 58
453 1306
1572 1646
916 1455
752 745
1492 1594
1679 1188
1516 413
421 373
1691 876
1031 479
908 860
1489 334
1397 448
1714 102
1059 1398
349 1304
912 1701
682 971
1089 1386
1526 358
1613 701
1565 1164
163 861
1653 1119
1022 1467
1315 966
423 1384
1629 1725
1007 421
699 782
1619 1602
929 213
283 1714
1502 1581
206 850
491 658
852 1723
507 259
1247 729
197 1347
381 1592
602 872
472 1045
568 1143
472 219
693 856
594 1703
1561 1496
470 535
419 481
1609 1664
334 249
315 1319
196 1493
148 1245
1704 1467
182 826
1501 332
633 925
1439 1604
601 246
862 439
1319 133
903 1064
1703 1012
431 1497
413 1566
1431 239
744 1514
1651 724
341 1435
115 610
1732 948
786 120
1031 6
803 1740
1352 840
1458 141
873 1316
1074 1325
710 644
612 696
494 1539
1529 409
717 1683
1683 110
1639 640
304 1726
388 745
1708 1504
1614 1060
800 1084
1568 1066
61 1197
613 1229
1128 205
1691 1445
1529 188
1096 1002
99 241
1076 1744
1387 1197
867 565
155 1166
1052 1085
186 105
704 730
231 946
1192 1535
739 1676
1732 1005
1432 1491
911 906
1478 1033
1494 260
695 1666
619 855
534 1382
23 1643
876 607
1041 684
1297 1243
861 1690
1128 1668
1105 575
959 1247
1414 1295
1448 1579
903 1562
1587 1639
167 1453
1410 1290
1029 208
806 1349
511 1475
53 1020
328 1167
1403 759
429 840
60 1067
767 970
1525 26
963 341
1572 726
1154 555
327 1589
601 1368
615 510
1207 488
362 670
450 1476
1601 704
541 1139
105 268
314 1422
809 913
851 466
1110 1483
478 863
1210 1653
392 744
1276 1472
787 311
494 678
506 694
348 749
83 331
1299 1176
850 1705
1493 216
988 436
380 1339
630 1675
354 1387
1747 1266
952 1655
330 946
1031 599
1559 667
234 945
361 1605
1629 370
18 558
1200 1002
1358 41
787 46
1280 1137
862 1636
1441 1186
1654 642
819 1639
1748 289
631 746
1038 475
960 1372
1247 216
1703 789
31 1260
1389 1711
1447 1384
598 22
908 1254
1610 1461
1213 1444
1442 688
260 1485
899 413
314 496
840 460
178 728
1659 571
612 899
651 119
1626 729
1173 1024
1178 1013
781 969
892 928
118 1001
740 466
829 1061
559 1733
1314 848
1422 539
1469 1529
1450 991
1112 167
590 709
260 764
1419 157
860 581
261 1043
709 654
300 1073
385 961
654 565
803 817
175 1135
1652 1511
407 1524
347 592
556 122
1561 382
1260 1286
734 1741
326 1278
1105 1615
272 1682
668 1475
418 6
1146 1242
1066 0
578 585
268 395
279 1034
1633 1667
1662 500
1466 954
1408 1359
354 701
1059 1324
953 1661
1212 762
149 122
721 1380
724 638
651 1463
1526 213
617 1296
388 776
180 23
1638 1232
1470 1575
1395 1448
663 810
316 185
205 325
650 183
832 222
945 1684
52 760
1723 1286
156 934
1537 345
1185 806
266 103
1326 825
573 1605
1152 1233
1288 100
1125 1165
92 1458
1743 340
31 902
527 281
1392 465
1453 1559
705 164
1415 1193
1135 963
992 560
1383 1067
1041 1605
344 763
534 1351
188 1688
139 858
862 126
1235 912
408 1470
1303 48
1178 65
1231 470
544 968
491 755
606 889
899 711
1343 260
747 675
766 271
1703 529
1745 1318
1287 11
4 1552
66 14
168 601
700 759
482 1157
1057 1673
139 279
672 505
1704 289
1076 947
518 1175
1080 1058
1572 1500
1117 115
1208 558
1325 1643
1472 1515
301 398
467 1183
243 1589
1549 1226
179 1498
314 1138
1366 1075
1523 1352
375 1642
456 1727
594 665
519 798
1731 753
1303 1504
745 1634
332 11
199 1060
287 1667
472 390
273 705
103 857
490 955
898 126
1194 1613
1059 1501
831 961
1562 355
1724 830
1584 1182
82 1748
897 177
550 806
1326 219
129 1569
1593 725
399 260
962 570
75 1697
99 246
386 101
141 1528
936 875
474 13
1631 496
282 54
1747 1402
61 1190
1273 131
541 426
1608 835
1101 938
743 176
735 1741
1667 970
550 745
1070 1003
474 991
999 1135
1138 1497
63 91
1302 1403
596 80
526 330
649 1350
1406 1072
1612 234
766 1200
368 491
466 1105
1031 1169
430 1122
269 1564
703 912
1371 1094
362 324
900 1030
1261 927
471 7
1552 521
284 1097
677 36
808 44
1150 106
792 1527
462 1684
896 1425
1651 1683
1289 339
621 1430
233 341
116 1196
645 1658
932 1193
1311 644
1532 1065
1255 976
797 612
1611 1527
1054 1063
250 1641
1725 150
48 1652
804 489
1561 411
1230 836
876 55
1625 1295
974 1069
551 1019
997 601
1550 1277
1241 1599
612 431
502 1552
1098 1088
546 1091
1725 3
35 1698
633 1128
668 1720
451 1439
48 237
1484 1311
981 620
841 1652
530 1411
1456 388
452 349
1514 268
311 979
138 594
1149 220
898 1497
157 560
135 1184
1126 878
1460 5
498 1338
1273 611
979 1049
163 502
811 728
585 15
822 392
192 629
337 1629
394 375
1440 442
961 1060
1203 1064
1243 1519
423 265
257 555
856 1730
124 501
648 807
808 95
1595 827
1147 1581
796 667
450 1508
926 663
1017 1241
399 292
440 1533
46 801
818 1441
87 26
700 1164
499 1084
236 1701
1520 1180
1541 1041
415 723
49 462
1335 491
1132 328
1375 1315
545 156
1288 814
1000 664
690 1652
562 941
1242 1430
741 1259
1495 39
147 521
45 337
285 1166
1424 52
1050 773
1379 1248
1686 781
1309 1002
516 372
1020 42
1176 1374
226 394
998 1159
1468 549
398 1109
649 1686
1487 1283
1170 1002
593 194
1319 823
1271 1443
54 191
890 26
797 1419
187 1244
1400 1678
1679 623
446 1341
242 1303
1451 256
706 1712
1520 1190
1418 1138
1103 463
1740 878
384 259
247 91
1670 78
1364 612
236 1391
81 552
127 1132
802 130
637 327
667 1367
608 530
100 935
1129 83
811 1326
1600 246
1688 1139
472 555
968 1001
421 865
651 530
942 1414
1610 1575
553 1121
1321 1378
513 173
1208 427
1500 1688
1079 573
1313 773
1141 27
456 686
158 60
831 907
1252 585
89 1451
532 502
1132 902
843 1146
905 1714
510 1106
587 1105
1671 204
1521 915
919 279
730 1686
1272 828
571 739
1107 1195
1074 577
1299 1358
493 1026
17 1368
1318 1358
1146 1456
272 1260
134 1057
1040 1538
1240 1555
927 1213
1741 156
387 1394
694 727
1185 555
825 998
1566 1576
926 713
1724 247
405 454
1397 1392
1153 1474
814 66
518 422
1674 1246
1423 245
246 1356
851 1105
720 1098
576 68
1129 1215
64 369
293 403
1652 1026
14 767
1631 326
344 452
489 195
70 1464
1687 566
1089 1001
1352 460
1369 1114
1387 87
796 430
1038 743
348 38
73 93
1231 775
1267 1010
692 1653
906 271
1308 645
1393 673
1072 770
12 65
835 1170
1187 516
219 131
591 1038
107 293
1599 1321
1100 445
850 1430
41 745
63 967
213 679
1080 1732
919 753
965 706
242 1043
1100 1355
1428 514
1131 547
293 1221
984 58
310 1458
1372 649
1560 1090
1049 1510
1096 547
1237 312
1340 1198
20 1586
192 11
1476 628
1278 560
72 1168
1467 789
258 905
1691 1425
1515 535
1266 760
168 1344
1226 1246
1360 1413
1018 171
792 245
1672 1667
848 975
430 970
3 778
668 1533
1304 1701
1286 445
837 1114
1643 1690
1086 604
1541 1540
1211 1500
1165 1576
570 604
1369 844
838 484
609 739
1152 1060
890 473
1006 68
1057 1498
481 514
313 1259
101 1387
1035 1316
857 881
1614 399
402 167
762 716
176 1162
263 503
270 1261
1464 306
105 1440
1224 370
46 644
1661 966
963 108
1682 1178
449 359
471 1618
25 1160
1582 315
447 1442
1622 121
1501 821
465 945
1675 351
1247 649
1077 43
1394 1739
1672 289
683 1569
775 519
680 457
744 1303
624 141
1282 1042
138 1703
330 813
666 587
1620 848
23 1396
743 1017
526 113
286 373
636 87
706 1187
234 1564
1187 1218
1613 1595
18 885
948 321
698 932
1327 225
847 1288
1137 149
1097 318
306 783
1098 199
1110 1451
797 566
1275 468
1496 4
569 671
132 524
193 590
1236 680
487 847
942 354
1042 1544
787 369
985 436
1574 383
356 1316
625 1707
227 337
1417 165
1081 1561
1184 1633
783 65
730 240
1644 1369
1358 1521
1649 1590
1062 754
1596 768
1130 941
305 875
952 1505
1394 965
974 607
39 577
284 749
1326 1225
1614 1494
1333 388
1598 514
1254 382
1402 1004
1302 1005
1221 825
190 183
1547 1621
858 510
1579 161
1723 631
232 96
380 738
926 383
657 1452
104 1193
1300 1153
1716 1248
124 1116
1270 1117
1733 1306
1451 1007
751 478
397 1314
1723 950
1670 311
735 1361
227 911
1018 1738
245 1022
1035 185
1427 918
130 223
415 1136
718 73
1389 1635
1330 1293
96 739
1514 757
691 543
1109 690
1301 138
494 72
222 1472
780 371
121 1202
696 868
646 1620
344 233
380 564
753 1427
935 1439
470 585
1280 1466
1184 276
1289 1027
1246 1718
1394 1092
1504 48
1610 1433
341 820
591 1058
1424 1163
1364 1522
243 1224
1724 1525
938 463
1260 1597
1170 1288
1147 1152
1179 1497
1578 543
1486 1575
1129 99
576 29
911 640
419 764
836 418
1671 1537
1186 757
523 367
1560 1434
522 1043
533 1563
205 1011
152 1480
876 135
1251 1647
1477 1509
1613 483
1543 1089
1357 1550
502 707
102 275
631 218
94 294
1655 5
963 1357
339 1723
208 1675
1484 1323
110 1716
197 794
514 1040
141 1293
1021 1711
838 860
195 563
49 1103
1486 230
1492 1700
213 909
963 510
1056 691
305 370
1412 1013
1295 611
1394 262
1681 318
1113 1608
1636 1668
681 411
328 554
1298 609
1621 1264
1433 1354
780 573
489 352
1240 1139
1147 1239
1414 98
1380 247
1291 1083
777 852
1316 1205
83 1540
174 243
1299 885
1633 1637
1043 1299
455 1237
113 23
904 347
1110 1203
10 215
1050 708
319 1428
605 302
1251 1262
889 1144
675 897
1643 1327
701 1562
832 856
25 1632
1117 368
31 1437
876 352
5 1617
1411 136
273 218
782 1286
246 333
1336 784
1204 732
567 1261
17 25
868 1429
1372 1042
1584 1556
1576 338
1002 93
480 1111
1296 747
722 824
483 863
902 186
854 291
695 221
1335 666
1496 636
1326 849
396 1447
960 670
789 291
43 1065
134 495
1352 1160
611 391
1740 1333
930 1622
1197 641
502 1203
1385 1052
1743 282
1480 826
93 552
1475 639
1180 941
1659 1370
1404 806
1362 1177
451 936
241 1104
905 1055
436 130
1636 0
839 546
995 241
558 1322
679 1272
1682 65
1052 1004
1136 1439
1077 1490
158 481
1302 845
591 1409
901 1518
1143 953
1287 587
1618 976
1424 1732
86 1567
1379 1501
528 166
671 1449
1156 1027
1002 451
210 1344
1534 1144
167 1477
1721 1090
185 485
1000 639
1622 636
429 894
1041 397
915 61
363 384
1339 37
1221 1653
1267 466
1159 1109
987 300
1017 1734
590 581
1128 1608
195 1054
1696 582
298 1575
1034 1467
677 1736
829 1461
1703 48
868 101
1376 346
1120 1701
434 1063
1094 531
1647 1309
1272 217
504 1144
1694 1530
479 1067
644 1001
1325 38
1201 1174
988 821
991 227
622 862
424 136
89 880
1246 1425
841 519
811 1275
1630 1741
364 1687
269 931
1571 36
1516 1255
468 1286
623 882
1174 616
283 561
517 705
1748 594
427 850
522 743
322 79
813 312
1242 305
1500 1499
467 286
130 674
40 1734
593 1257
354 1382
950 96
951 1446
1426 1330
401 873
149 970
232 1548
272 339
1689 189
1596 942
985 928
1424 1559
1682 1478
794 1549
1426 175
273 1350
1261 1594
1260 586
1099 299
113 1413
561 839
195 666
451 73
957 1268
842 1593
257 1293
529 250
472 783
133 619
809 448
619 1359
315 133
1416 1380
1124 1671
1060 1195
63 52
1488 1635
148 1646
1102 1251
1366 1394
1307 1682
172 1290
723 108
242 454
1479 209
114 468
50 598
581 1483
429 1100
1619 1640
676 1397
838 1414
1635 149
1561 1497
507 710
740 280
1703 665
1268 1350
1032 881
1247 770
655 245
1376 108
1150 1008
90 281
1349 1729
336 47
1440 1189
1566 1733
539 6
1015 1609
253 1214
73 973
34 1086
561 1536
531 1413
244 651
516 786
1284 662
1553 1700
1199 436
1466 1731
1386 1589
631 1546
1171 1164
352 1063
1304 1155
365 1454
665 618
923 851
1208 646
1675 464
1463 1518
624 732
1299 924
576 627
1485 547
756 1551
519 1702
368 521
274 560
90 1569
5 1314
97 1521
774 1167
1451 646
71 1013
266 1114
997 326
337 307
1001 781
1114 1436
372 172
346 1596
1272 1602
121 96
10 632
110 1213
772 1749
598 1218
387 1154
178 758
366 1031
536 819
1262 1046
1715 1140
939 143
753 1018
953 647
1402 207
1704 1391
1657 665
213 983
1734 559
1288 658
1480 1022
1493 10
1364 1310
749 1681
1240 1600
1621 1150
1175 23
548 176
1281 925
643 1277
1522 346
85 842
366 670
1376 1522
56 106
490 269
734 1247
1030 1412
417 1365
1576 1
420 864
912 453
10 773
819 1331
54 755
664 1249
365 1662
28 1077
990 534
102 1087
1477 461
1630 533
430 556
1066 1080
1236 1533
238 862
264 964
774 328
22 1274
43 1084
1675 540
1561 1336
1462 1298
208 990
739 1645
950 129
1470 1486
1457 218
400 335
352 666
1560 1603
236 1465
793 1666
967 20
1578 755
1685 1319
325 1052
574 488
387 1513
855 1359
1665 1340
976 978
1106 1235
481 533
633 1173
1127 293
1612 1334
1094 1604
1561 676
17 820
131 94
92 397
554 279
1469 938
1659 1233
1137 92
65 183
492 607
722 1681
428 1129
1588 650
129 1426
381 1337
577 515
944 417
343 1036
738 1457
67 1573
1175 1675
1240 392
1282 1001
421 1550
39 79
859 1563
667 1246
63 1071
499 1461
1346 641
1045 673
1554 1123
1434 1287
1058 65
753 1584
1527 526
493 1682
205 1238
350 29
701 1710
1336 1251
864 186
1448 963
165 1209
1626 708
162 1034
186 846
325 819
694 679
859 974
1301 415
550 760
429 1352
57 1726
779 299
1728 1195
527 939
1023 207
686 1343
581 561
425 227
613 1285
1494 1727
215 362
102 824
1216 904
157 335
1508 1525
173 847
1153 1727
1007 1208
1478 1645
1223 987
1501 1248
287 902
888 833
1623 1061
957 984
519 314
678 500
531 804
1729 602
937 1281
84 864
72 107
1140 1474
917 1117
963 1677
1746 746
1235 1530
1573 388
1459 941
1401 1121
1301 1303
1496 322
1428 1040
1049 1696
364 166
378 104
1395 507
1587 350
1322 1678
1120 1014
330 1089
1088 1237
1440 181
1658 1257
1226 1747
149 336
1081 630
1010 1015
282 1399
1572 474
665 1539
580 459
1393 1373
1378 966
514 652
1253 449
111 162
928 861
176 998
59 82
1392 1395
465 1734
736 533
1349 1687
827 624
1368 744
865 34
1521 61
931 982
1478 1013
671 1084
714 361
1167 619
1618 1378
1361 1091
1689 442
743 168
1628 1211
404 1188
1612 1597
65 1033
811 658
264 1746
1553 279
1428 1241
996 953
489 711
719 1730
775 1577
161 1550
595 1326
1323 715
31 328
1069 1063
691 1198
725 798
1729 38
577 1618
306 390
982 1011
962 722
619 1523
973 1570
1565 663
9 834
771 1501
791 1386
1169 1383
249 1557
317 887
162 1467
1354 714
1633 1421
555 1245
710 1347
1097 846
242 1548
284 1341
1532 908
1523 529
110 737
501 688
621 1639
980 594
1399 1215
150 3
1733 338
925 71
530 1427
1556 736
763 1475
677 888
106 1104
531 145
1140 268
378 894
310 1467
942 1152
1369 1703
1028 485
63 1473
1688 1401
464 739
700 1341
177 1161
1435 627
341 1601
764 1124
1271 1594
1223 944
1159 386
768 891
1073 455
1747 645
811 1381
1405 952
1128 356
276 1667
1466 1554
1679 1540
1251 176
1066 377
1351 1071
1677 982
879 314
764 1037
146 941
1566 27
1257 1012
121 1649
663 1047
812 377
1184 537
313 383
1210 128
537 16
373 198
1386 1627
1163 1709
581 1043
1132 619
626 166
1405 14
1548 1673
1196 580
488 339
1178 14
1674 798
424 1657
1518 198
1244 1705
918 495
463 583
1459 1668
900 1254
346 972
1196 777
1710 6
1673 961
1701 1654
389 348
1701 358
1177 1206
1110 565
396 510
854 778
1032 444
107 636
1418 431
1289 184
403 1501
1435 1732
206 659
829 595
1712 1109
28 1131
1239 594
662 640
238 327
422 613
1650 877
1061 191
1339 738
22 436
349 1417
1363 149
127 610
1158 788
1638 607
31 1167
98 1499
456 97
191 626
1203 1244
477 1339
558 126
173 577
739 910
186 81
569 447
399 1494
1716 127
404 1296
292 562
701 18
1391 448
458 196
655 805
1464 1686
1334 1094
1600 79
1175 1561
692 317
1375 967
1070 1165
309 441
247 1311
853 970
713 1661
1353 1660
1448 992
1268 1364
272 782
1555 430
261 743
1515 1112
822 859
1108 939
1523 584
704 305
1425 1331
361 1444
307 868
434 1039
1438 446
1009 1230
767 1093
733 574
303 911
614 302
1469 463
829 268
458 69
165 379
1244 1064
499 624
1702 1090
614 408
669 1665
1180 37
1232 537
852 1260
2 748
1332 410
464 1647
1202 1524
1371 1220
537 333
1496 866
851 473
318 108
837 827
1627 1629
1305 541
277 1741
445 906
165 1036
133 902
331 241
483 346
143 328
588 1545
1096 179
1675 738
1736 1136
1477 489
586 906
1118 892
269 865
135 762
456 1598
1370 351
1251 212
1076 1043
1596 654
959 555
1711 685
1333 327
1719 763
1591 326
809 1266
424 285
5 542
1408 943
6 477
1476 993
611 1358
1606 284
296 806
572 697
1363 496
927 1354
1103 1352
1502 42
1409 1044
879 846
1609 1202
1156 995
826 1548
1188 1341
979 221
286 65
1358 1286
985 1396
1240 572
314 706
690 1281
1743 1460
432 828
913 75
1167 999
1564 1351
882 132
908 595
496 965
1575 1242
265 1545
1220 1069
271 1224
1577 893
739 1338
564 246
1471 547
601 1748
939 73
1638 1197
1247 712
892 676
1427 914
461 1354
1058 32
104 1435
417 1123
900 1416
1056 1074
579 946
1325 621
211 202
326 999
1408 841
412 680
578 109
643 1014
627 225
1057 179
449 1717
1300 869
55 496
905 638
751 852
101 111
737 1130
657 503
954 290
21 574
1403 1015
827 398
1281 493
841 642
357 549
123 539
1268 1479
1421 1210
257 824
1515 463
991 1581
1023 22
545 1178
1432 33
1072 570
235 1109
1532 1286
1018 678
700 8
403 1293
1505 941
1708 166
633 810
235 1060
1055 259
1728 292
199 1498
1059 270
1649 812
239 1090
979 695
1295 1176
530 465
528 1462
1232 584
1606 1678
943 1139
1553 1469
365 1636
1032 980
1516 1656
1252 969
1258 1634
1453 442
170 1178
1296 569
702 1279
1498 1489
577 1255
1025 1114
1746 432
1582 1685
1284 460
1204 1195
945 463
1023 1345
95 626
21 850
