0 1878
2 1965
1998 1326
3 323
1997 1882
4 1364
1996 585
1995 1330
6 839
7 986
1993 1197
8 1085
1992 997
1991 1977
10 51
1990 25
178 1220
375 723
1398 876
952 1243
859 1959
37 1546
767 1850
1045 897
593 1723
1344 113
1582 1601
1 421
5 1392
1994 1539
9 1196
1603 1671
1237 1718
800 1304
289 701
1049 1860
1384 1287
174 969
1999 1992
11 1325
1717 1454
1089 1186
245 1846
750 1843
12 773
13 899
49 1283
960 290
586 146
157 570
1527 579
14 1594
1098 1313
1766 409
734 1784
865 1246
1466 259
1294 1681
252 1589
123 736
886 750
411 1094
654 404
15 1436
1812 1839
1286 1741
565 1083
658 131
107 1837
1088 1714
1242 1270
1665 1966
232 1311
16 625
106 451
104 1397
821 685
1150 905
335 1468
470 932
17 334
690 1470
257 1452
1900 851
1547 1775
28 636
1137 1812
377 798
949 619
35 1806
1667 359
290 143
1103 1171
1728 946
1852 727
410 607
1712 527
1111 242
464 764
18 590
1478 1188
703 1691
188 1565
1913 1122
20 988
1855 567
236 369
1646 1581
25 789
1167 830
19 5
21 1012
941 1704
43 1226
233 275
1783 642
1972 1143
1223 694
1510 933
540 1102
112 1880
384 621
342 1239
893 223
22 1076
23 577
847 1818
725 1289
896 1838
970 1785
784 1958
24 20
1499 963
1989 1912
762 576
575 88
1332 1251
1262 600
1757 937
1082 825
1987 158
262 1199
1334 1346
26 596
738 39
778 1824
226 1327
301 204
27 985
291 1852
1708 706
1509 1832
1649 436
91 1225
1409 1946
552 63
1856 221
711 728
1615 171
691 1720
1863 114
1866 1652
818 673
722 795
320 1180
698 552
731 1240
1194 1968
29 19
1791 1350
494 465
1431 584
1183 826
1215 1005
30 231
31 546
1371 1905
1087 1549
906 370
740 1527
1836 1210
32 1284
436 1014
1689 595
1419 686
1112 914
1693 1455
33 1130
624 190
1326 939
1661 487
220 24
704 96
907 1334
1169 643
1641 565
192 119
1825 528
1961 604
1037 473
1126 927
139 1518
923 1278
1007 807
1251 1312
1011 714
1226 296
1068 1473
212 922
795 134
1526 1507
1418 1630
888 792
1034 1890
36 1955
48 1137
1156 781
1488 419
1781 180
1522 895
227 1127
1127 1213
1629 1017
308 1849
1915 814
1922 1354
514 1588
34 251
38 1502
39 602
525 1377
679 660
684 233
1771 845
1828 1916
1094 1631
1252 1500
443 668
1948 1618
607 1913
769 1442
672 185
40 758
41 1918
1638 15
82 1925
1013 288
42 1731
1980 1057
1944 1558
1831 1282
92 1781
173 1050
1363 1406
953 1410
1263 64
781 1378
1640 645
93 37
582 1333
242 437
279 743
1244 53
44 756
45 540
455 1207
807 1175
1385 104
441 1626
543 245
1614 941
46 1423
869 1580
596 203
1451 514
1179 1827
373 1043
465 195
1619 822
47 729
389 1264
181 1702
322 1556
1276 1144
1173 1049
198 279
353 1481
752 1587
533 346
1928 943
1158 1592
1897 205
1494 638
1810 588
838 615
1596 27
50 1768
1544 1248
885 1637
1891 1780
938 1277
1278 1678
1975 301
1690 98
619 1765
1612 122
51 1783
52 479
1720 757
53 377
997 442
1302 1606
1696 1490
1701 1388
625 112
745 1680
1467 583
1895 1603
1642 476
1656 1154
137 1858
1178 796
1025 1376
848 1593
55 1194
1724 0
96 431
1243 962
1012 745
755 225
54 998
56 200
742 557
1659 874
196 411
957 730
1731 373
1686 1533
1317 720
878 1444
868 682
721 1734
810 1789
1516 1419
381 1093
753 1981
58 1172
77 1422
894 1969
1877 1499
366 970
758 852
59 243
258 1531
1744 846
760 478
998 734
259 1427
60 700
1879 363
1200 1107
317 715
1285 214
850 902
1351 1245
57 813
61 616
1573 1545
132 1441
611 1677
1876 1614
62 306
63 1202
253 1105
379 1398
1898 857
936 1516
1147 1152
199 450
477 1632
474 1924
616 856
1849 824
1216 1788
64 1323
65 1266
66 85
481 806
1788 1008
1271 1856
67 759
627 1413
1247 97
805 1256
1180 248
1378 572
1813 428
1830 1656
573 137
68 1964
69 1212
589 130
1962 1526
1858 173
1685 1544
1515 1512
554 156
191 815
1009 842
1181 1640
1377 286
70 610
71 1031
1776 705
86 1040
1233 379
1610 4
520 387
1234 782
948 918
1307 1736
88 1474
321 150
1052 483
73 1600
990 232
341 1190
642 283
881 1853
1490 504
72 1909
74 1293
913 882
1977 1991
75 468
1095 1259
246 132
1152 1409
1868 1642
1184 561
756 1501
1597 904
1752 935
76 835
1805 930
772 762
1227 650
1379 1711
713 305
1843 1621
1413 197
78 1365
275 1990
1475 446
1779 1875
521 310
1010 1613
1703 175
1580 1872
336 898
424 393
877 784
1148 1619
79 1161
80 237
1636 1782
943 519
1934 1944
1356 1936
1511 891
167 192
1676 1356
1802 128
889 1434
418 965
81 1974
83 1275
1401 1133
1264 1332
1219 1771
548 1428
263 1988
85 592
727 804
1113 1007
459 1059
1125 1077
924 1064
368 614
473 1359
84 133
1842 1716
1521 1576
1078 110
256 553
1001 629
1027 273
1622 1114
1838 844
154 1467
1145 873
352 976
429 1384
1288 1084
87 1140
608 1725
1834 469
1513 563
1417 554
1738 179
917 1477
1976 1657
1627 456
1735 1405
1926 1627
90 1561
1506 1562
1672 1205
966 187
89 977
736 984
916 1628
1172 1091
183 1069
1818 1616
660 79
1917 1986
1919 1866
1193 1979
1236 872
142 623
1426 1179
551 477
874 1647
141 1088
146 44
707 742
1971 651
299 460
95 1708
1044 1635
692 821
747 74
1539 1583
94 1887
1662 1770
1955 1791
1428 1624
414 405
890 1112
1084 1286
1129 339
207 1802
1546 28
839 655
1881 1901
98 1340
1670 731
1246 361
1529 154
640 1431
1005 1498
1943 586
99 328
359 1761
570 1111
442 1115
1097 230
1229 587
97 1215
1086 241
101 547
1727 648
1940 1957
799 1523
1793 196
100 426
1381 1554
741 1345
944 908
102 1411
1623 1899
798 1819
880 1343
1745 1006
1240 1585
103 272
1710 1446
1353 1416
1871 1132
1657 566
1472 1929
445 1538
364 993
621 862
147 1703
1189 399
912 420
1790 631
105 1165
214 754
1399 1183
469 605
836 1625
1128 378
428 855
1254 1303
858 163
1224 1525
435 522
1055 453
1161 65
1648 1902
1549 1972
1600 360
648 766
813 1117
1118 1845
1425 1754
108 151
109 499
1799 484
1046 712
853 802
273 1339
425 1020
218 1509
296 400
985 1021
1066 1385
110 624
111 1823
1383 1743
962 322
1457 418
793 578
860 1061
113 676
1104 52
536 559
749 202
114 1260
244 1547
1517 894
360 666
801 1893
733 1480
567 1956
338 262
125 1009
701 1976
1637 1013
115 1973
1691 529
842 1898
1339 1229
939 491
585 333
116 1038
117 1193
269 671
1564 416
278 58
776 126
1370 1331
345 509
118 1975
387 945
729 174
991 777
715 1633
1705 464
934 718
120 1666
921 268
1404 1790
1755 327
121 761
1114 1807
1140 118
369 1809
892 1831
119 489
122 407
1591 693
155 818
669 1715
1688 840
981 1407
706 1595
124 353
1474 1950
1217 633
138 258
1537 312
1620 498
1483 944
1221 1757
814 1475
1920 1314
1784 325
126 921
1225 13
1651 1153
448 1191
127 747
665 93
1023 493
600 1560
726 780
1574 1232
576 1649
605 1710
1774 797
1758 314
128 1074
129 1318
895 603
1930 1750
1176 711
1250 916
1386 972
130 884
1024 1536
1199 722
303 1247
1523 1316
1487 831
1773 429
1552 1535
486 1777
751 697
694 800
1175 238
131 1982
1444 1110
1496 1028
1367 681
133 105
316 215
1162 443
1570 434
134 271
556 801
324 410
1306 463
908 1484
135 947
328 708
476 746
1432 308
1748 335
1815 1816
851 1231
1967 1672
298 1148
1345 1857
978 1675
136 1851
815 235
148 1156
1782 805
1390 768
403 912
922 1639
649 936
1706 212
716 787
140 875
1910 1842
770 817
475 59
1017 657
1060 210
1699 1740
1850 1367
835 989
1982 1489
305 1299
728 1447
1504 471
1931 1896
549 1543
501 968
1832 733
1220 1465
277 952
1239 515
1739 1745
1753 1755
216 1483
1249 819
143 1692
144 1690
1004 355
1135 725
1298 1386
1083 1181
1021 440
145 713
1318 783
423 1983
331 1096
200 612
1421 1578
151 1861
675 778
1588 311
1942 1820
968 906
149 244
1951 392
1228 1797
873 160
150 1805
1324 1227
1939 1751
1287 507
954 303
169 1638
420 1814
444 1804
1186 1778
153 741
1057 433
383 769
1492 1297
557 136
1102 690
1586 1383
1886 820
243 1451
152 381
260 1830
1554 716
780 865
1157 1011
1149 1892
969 1854
462 264
857 1693
1872 1826
1860 520
1682 1217
1000 658
194 103
1453 318
963 1374
1674 1294
1026 1211
1484 1414
1794 1493
488 184
1854 542
156 1773
159 496
1806 260
478 641
376 1570
1458 1464
158 1087
160 66
161 155
645 1124
1760 1052
1595 836
1625 102
560 626
1465 1828
1551 1612
1422 973
221 1055
1177 1927
1763 1042
162 1694
163 183
164 358
1532 1705
1256 871
592 276
165 1894
1803 765
875 461
1924 1573
1461 1233
166 670
261 881
1795 1900
350 1159
1058 1709
636 1939
1946 1908
1203 1279
1820 1700
1811 1737
1144 667
1598 656
168 1591
406 1450
1491 1426
1497 1126
1222 512
977 1559
528 627
1321 107
547 1276
493 887
171 1604
1338 859
1036 1653
479 1372
1840 665
1500 1125
1792 47
202 22
170 1840
1945 1036
223 1236
897 853
1402 1389
837 1590
172 609
545 38
826 1717
971 497
1543 1674
1555 1329
175 1602
370 1732
374 9
558 1494
176 1032
995 415
761 1654
1563 680
504 374
177 1895
1823 1118
1630 83
1655 574
1801 86
863 1291
635 1995
702 33
1988 537
179 1796
915 482
1562 611
180 1472
1893 634
1136 1813
911 389
816 1120
286 1661
1299 1808
182 82
1473 1403
606 739
1912 942
1141 1870
1397 349
898 1380
1800 448
1380 139
1445 1758
512 352
1389 1051
1480 255
615 1185
1301 406
993 1865
559 689
1032 1563
185 1719
186 926
1968 1145
187 92
779 1537
861 218
1683 1951
184 1116
817 1010
355 1798
516 1961
189 1862
1006 816
1572 188
1786 1795
1732 1863
1889 1485
1785 1829
190 1928
1296 382
700 12
1857 525
1153 888
872 1223
193 206
313 896
1214 398
1824 1342
204 1195
862 1800
1833 1574
195 1063
1559 385
951 838
201 719
1796 492
1780 41
395 1016
1031 653
197 1023
919 967
759 1970
1110 1799
1073 1891
610 1462
1909 1701
1827 501
1958 843
825 1655
905 1524
1936 771
365 737
1033 1048
651 1847
933 1328
271 1253
1587 1622
1352 938
1202 1062
505 1300
1633 1643
980 849
203 253
983 735
824 467
683 1035
671 1874
1767 1219
1960 538
205 1371
1109 1932
340 294
958 1575
792 438
763 1641
686 1206
206 1285
1981 1234
280 1167
1916 68
1713 383
208 17
623 1090
209 7
1485 1914
1970 117
1581 1041
1507 141
1609 1517
371 696
300 320
484 1947
538 917
1300 1513
1423 164
287 1967
1442 556
639 995
1081 1142
210 539
647 803
577 1469
499 981
1260 144
831 246
213 1667
1188 550
1056 654
1602 472
641 928
1741 481
992 748
211 958
531 1208
1355 688
217 282
790 127
1589 234
219 558
518 1072
490 342
796 1530
1952 1859
852 1514
215 1098
1096 1883
788 1089
1268 1228
1030 1787
272 809
1205 1687
1449 1060
1476 1769
926 1608
222 892
1687 277
574 1522
1387 1290
229 1586
224 1170
339 402
471 452
1584 794
225 1897
1305 834
964 640
1048 1086
947 149
1862 1322
1174 753
1303 1119
845 1164
228 517
399 1438
1253 1997
1218 1786
1647 1045
1772 1496
1388 885
1382 1764
925 157
230 915
467 1281
247 1504
927 427
231 109
1080 462
1272 1
662 31
318 1201
463 1889
234 1097
1454 1528
274 331
1821 775
235 1026
1119 1817
1412 198
1358 1835
1015 213
329 662
594 893
988 397
309 1993
1155 1552
237 692
1369 414
1459 1935
1429 549
238 1341
1903 1542
638 502
1503 1953
240 1478
583 776
285 1221
1312 1553
239 186
241 1024
1645 147
468 1317
1275 239
972 1348
1684 341
1530 738
903 883
1558 1479
783 148
1761 209
1420 470
1396 1511
866 84
433 56
1477 1767
1719 774
976 330
248 710
1038 1584
400 494
677 869
891 376
1966 788
1639 1933
1816 55
249 1460
1694 1903
1743 1466
250 265
426 717
1325 1646
1611 707
351 1252
251 1721
737 744
1721 543
844 189
1826 877
1047 106
302 123
1829 1685
297 1521
407 101
255 677
1754 678
378 316
1054 1698
1716 8
719 598
254 34
1978 1018
1315 523
595 1582
267 691
1870 1919
1040 40
578 1487
1984 1310
1395 1033
999 1030
637 1532
1279 167
676 1665
1869 1548
1322 532
546 940
601 608
503 1418
1486 508
1918 1081
1844 1368
1258 108
264 1070
265 1954
388 841
266 1735
307 1744
1168 1645
705 687
1902 924
268 1811
1681 423
356 850
1441 228
532 510
979 1204
994 1760
542 412
1798 613
270 270
1963 395
1206 1235
1212 513
367 1173
314 630
1008 57
956 430
603 1301
1455 646
1663 1921
1531 726
276 1519
626 1763
1362 1308
746 124
315 1707
1718 957
579 555
480 923
1577 1753
811 356
281 495
876 606
1122 367
1196 770
693 1267
1436 684
1213 278
282 1439
1107 721
1372 1338
1533 309
283 953
284 639
1041 391
1933 257
1723 217
764 121
1607 1404
599 571
1964 111
712 1305
787 1280
644 1155
843 1370
688 628
1065 663
288 199
292 140
1671 1022
597 384
1653 371
1424 1100
571 1636
294 1053
293 1349
1341 1071
295 1402
1201 961
1550 652
918 138
937 172
1297 1834
1463 1488
1108 1315
1626 1271
828 990
1456 974
945 1482
310 755
323 1877
409 1884
1368 767
1768 289
408 1607
325 444
1965 1876
900 1396
1016 752
1775 1689
1878 535
1644 551
306 1435
1079 354
867 1429
346 1003
304 866
1778 1162
438 1393
883 1358
431 1996
1875 863
1512 1623
506 1449
1950 1321
1043 1292
920 466
1737 1437
856 1351
1333 704
496 32
1337 36
491 459
1759 1106
311 338
1524 274
720 620
1323 60
1311 1529
766 1610
482 1177
1652 1065
1704 982
312 439
1750 506
1613 1699
511 72
602 1379
1403 703
659 1099
1534 1068
319 1739
673 827
513 964
914 533
1154 1746
326 1000
580 1163
1894 1945
1020 240
1407 1309
397 568
1817 319
1777 1421
1851 1445
451 1938
1956 1075
1115 1726
723 1363
1261 1273
487 177
398 521
754 299
327 162
1749 441
630 1355
330 1424
1101 649
1867 1662
1051 362
1267 1336
1447 1679
1628 1510
332 524
333 1776
929 500
1540 30
334 454
1231 69
1631 394
757 1728
588 1949
1471 201
534 1302
1624 966
1067 1841
337 91
617 1272
1859 837
446 618
650 76
1722 1121
581 992
343 1569
1711 763
1440 208
344 1922
1479 365
681 1255
1309 1774
1567 1095
1131 740
1702 1230
1280 1080
363 1417
347 1237
1734 1209
1074 457
1501 1999
802 593
348 1994
1204 1037
855 1984
1935 152
349 417
1092 295
1566 1448
1075 1836
909 153
1901 811
354 1391
1616 1658
959 45
1841 847
1819 357
887 1176
357 1596
358 1004
1117 115
1211 269
1266 1907
1069 1855
1508 1952
524 994
587 77
663 1306
1050 545
1460 948
1077 1962
361 1738
1929 1888
362 647
1439 1867
598 1108
497 1864
417 1611
1452 267
1443 991
996 170
526 695
643 1257
1164 679
1350 486
1949 1508
832 1566
1450 254
372 1651
1519 1551
1847 1762
1195 1138
507 1550
1959 1361
1837 823
932 129
561 23
1106 1688
841 564
510 1129
709 135
1329 858
508 699
380 340
901 1942
1983 505
1528 1044
1822 599
382 1381
1342 1298
1556 386
1366 480
385 573
1003 1146
1973 1673
1360 1869
1668 1123
386 35
517 337
735 350
390 220
1433 864
830 1495
391 1541
1241 1019
393 168
1100 372
674 732
392 530
1789 280
823 266
1270 1486
394 1980
396 297
1905 447
1726 332
1698 1242
1808 145
1865 488
1090 1920
401 987
1121 1415
631 1772
864 165
1319 1663
402 1258
1138 979
1448 475
1105 344
569 597
794 1147
1255 911
404 934
775 1963
1985 61
743 1572
405 1458
1715 1926
1400 401
1887 833
1197 632
440 1794
412 1669
685 1254
413 1659
1349 1139
1374 1218
415 1015
1679 1134
730 99
833 307
498 672
416 194
449 1352
1835 870
1495 1067
419 1629
1979 890
421 950
450 541
1542 1203
572 211
613 1917
422 772
1747 531
849 702
1142 1609
427 1357
1797 749
687 425
1678 10
1669 698
804 1425
1634 396
430 724
1514 413
432 1151
434 1471
1257 526
1590 983
437 1420
1880 1160
930 1184
1123 292
809 285
439 1515
1427 364
1245 1440
870 1617
1029 1039
812 1401
714 1941
1331 1295
1468 1344
447 1871
950 1476
541 317
1947 1989
1974 2
1541 1810
1986 1109
1070 1713
452 920
453 261
1498 1360
1192 300
454 880
456 366
553 222
622 1803
1874 1598
1907 1001
457 54
1481 1766
460 1937
1864 216
1518 249
1283 1792
708 909
973 368
461 1910
485 1747
1274 1695
765 1373
1906 1408
458 996
884 1002
1594 1375
466 347
1361 94
1064 291
1932 1506
871 166
940 1844
472 1748
633 812
668 951
1575 256
1277 536
1579 80
1725 26
661 1412
1209 1684
1022 1948
1565 1815
785 445
1941 1066
1273 971
483 1886
1892 569
523 1742
1171 42
739 919
1259 1940
489 1382
1364 1216
1284 1214
744 1686
492 878
1238 1128
1585 287
495 954
1908 1399
1814 617
519 324
984 48
500 390
1133 304
1736 931
502 29
529 1262
1165 1222
1232 321
1911 227
1904 861
544 1911
1014 1168
1039 1779
509 89
530 1079
1583 485
782 1634
1061 760
515 644
563 1296
1746 978
846 1459
1927 1505
522 1599
1885 1169
1406 1568
1063 589
1437 345
527 1335
609 1923
670 293
697 1660
1680 1885
1769 751
1666 1249
1505 980
1394 1025
535 1985
537 1362
1593 999
1553 929
539 860
1210 490
1561 120
634 193
1376 1054
808 125
1604 1727
584 1696
1343 247
1493 1724
550 1497
680 1648
1335 159
1143 516
1354 408
555 913
1059 1668
568 182
1765 1759
1414 1930
710 1192
1411 582
1464 1433
628 1046
1348 1597
562 1135
564 181
566 191
1292 302
1617 1752
1187 1457
1938 591
1675 1491
1848 336
1151 1103
1658 581
803 785
806 1394
946 799
942 779
1502 1320
612 1288
1435 669
789 81
1282 1319
590 176
591 1670
1730 116
820 594
773 854
1846 1943
1295 435
1130 1825
786 503
604 1432
840 224
1182 375
1545 829
1535 263
1548 1793
1751 1676
768 959
967 1520
1921 544
614 1730
1159 1577
1654 403
904 348
1269 1931
1489 575
664 1366
618 793
620 901
1804 1238
1290 424
1762 1268
629 207
1635 1557
1430 910
1328 790
1882 791
1520 1395
1163 6
1632 1150
632 1822
656 252
1953 1141
974 1390
653 1461
1890 832
1316 73
1888 1261
1357 548
646 1027
1446 458
1336 1605
1028 1644
652 326
1538 71
1035 1503
975 949
655 313
1139 661
1327 169
657 975
1664 848
1845 1706
666 1178
1099 886
667 709
1330 1555
879 1157
1166 1683
1375 1101
1695 1131
1954 1182
1438 1092
1599 1463
678 1198
1462 50
682 900
1601 46
1839 49
1560 1387
989 925
774 1200
1160 1579
732 178
1434 1078
689 1324
1733 907
928 1756
1346 1274
718 560
1770 1733
695 534
696 675
1308 95
699 1868
1314 1987
1557 1978
827 1058
1281 1934
1742 683
717 229
1925 455
1969 1244
910 388
1873 1073
1707 298
1134 281
1310 3
724 511
1650 380
1408 622
1340 889
1883 1564
1807 1082
965 219
829 90
1170 810
1571 1056
748 828
1809 1848
797 1801
1120 14
1608 674
1116 1443
1569 142
1606 1269
1923 1456
1764 1166
1230 75
1304 1971
771 1620
854 659
1568 1047
777 1881
1914 329
961 1136
1373 1879
1410 956
1093 1263
1416 664
791 67
1391 1250
1208 903
1265 62
1896 1729
1469 432
1359 955
987 1615
1365 786
819 70
822 1833
1248 284
1643 1113
1714 226
1124 808
1578 1430
834 1540
1592 1492
1536 1567
935 1682
1207 100
1673 1149
1002 1347
882 1265
1132 1904
899 1353
1660 1158
902 343
1071 161
1392 1906
1053 1034
931 1650
1576 1534
955 351
1899 1873
1525 474
1756 18
1740 1571
1019 1369
1062 250
1291 87
1393 449
982 1189
986 1697
1293 11
1605 868
1700 1998
1076 78
1482 879
1018 1664
1313 518
1072 637
1861 1224
1185 1307
1884 315
1042 1453
1787 1337
1198 1722
1415 21
1085 1915
1235 635
1091 1400
1320 16
1289 960
1618 1104
1146 43
1190 1712
1191 562
1709 601
1853 422
1470 1821
1347 236
1677 1029
1692 1960
1405 1187
1957 1174
1697 867
1621 1749
1729 580
1937 1241
