0 281
2 1029
4 230
11 92
1540 183
234 1659
206 1365
339 466
1495 1285
142 1617
498 1462
1235 113
1664 1163
481 464
1 943
6 983
1745 591
9 693
10 547
1742 1152
1741 1664
12 1124
13 1017
457 61
997 1177
853 1537
337 1619
5 407
1749 986
7 1705
1746 1283
1375 1370
290 820
1278 922
1395 465
739 1123
1226 23
159 1282
3 1449
1743 877
14 886
1044 654
479 1649
77 1246
747 1391
1170 562
1609 238
1744 696
15 663
16 1009
1098 446
435 266
1259 583
472 445
340 764
965 328
461 74
17 616
1262 1011
520 827
106 1250
728 1056
204 559
510 432
341 1539
1574 473
19 423
690 1457
195 1197
462 336
1217 1164
1516 524
453 625
1229 1464
923 1340
8 1567
20 1065
310 1569
566 358
1313 1491
367 1749
981 1138
1008 572
1748 326
1747 499
107 613
222 1669
1408 974
1330 848
279 225
541 83
83 60
1409 270
1384 276
1691 795
586 730
18 1243
826 217
477 1528
1407 1596
1667 417
990 931
680 1098
22 1486
23 123
1481 1702
429 969
1570 360
1584 173
1460 1427
21 805
589 758
45 58
612 707
476 493
1670 441
522 934
1433 1202
1717 779
25 1489
26 22
1102 1545
897 196
627 598
882 430
858 444
24 939
63 978
1136 1083
1175 1006
359 1695
58 1547
1682 1670
27 655
28 1090
29 1306
76 773
1692 1461
1694 1143
582 854
43 479
698 26
248 1375
1374 646
1553 621
1497 124
121 526
183 1038
1066 304
1557 1095
31 302
32 739
651 863
1112 373
1715 734
1177 728
344 888
144 918
1527 919
62 1093
624 740
163 856
30 911
33 377
375 165
1302 91
72 657
1298 600
34 1175
1629 309
1510 67
667 437
36 393
397 1032
1161 812
790 1366
182 835
1385 293
1342 1100
335 563
37 602
1035 136
499 140
1738 463
270 1430
35 588
53 1128
565 1686
422 469
281 1113
815 949
39 135
1028 1388
557 834
210 1643
141 10
257 1487
40 784
836 543
1331 608
49 1298
1690 84
1174 1566
753 899
52 331
1575 706
911 874
1077 958
705 1555
1643 1683
1058 1416
1239 19
1363 580
670 344
38 1247
42 262
512 474
801 101
706 1141
913 737
44 510
1561 852
909 109
198 1251
1193 1015
1505 1058
1537 511
212 1173
378 1168
1545 738
996 345
1106 808
1236 614
1592 846
1335 410
613 1372
41 321
46 694
1060 1260
48 866
455 1222
590 1577
1387 280
1680 1080
253 1349
69 122
668 1264
47 1233
920 1096
1413 1434
492 240
1734 1503
373 912
448 829
1147 727
120 1195
407 1618
646 284
265 1439
1685 481
608 1301
1096 226
554 896
223 1172
219 1601
1484 954
1618 28
1517 1054
576 724
205 235
423 278
50 6
699 594
245 202
1315 750
765 1463
750 359
1250 1628
805 395
722 1413
54 500
1485 1354
307 257
638 1181
821 1257
1441 1346
723 320
1108 76
1455 1592
1373 294
988 929
51 362
55 753
405 56
1162 1589
552 258
408 1578
56 1350
1711 1166
208 1213
688 927
1343 936
797 471
898 1226
912 1135
386 1657
170 1219
1344 1412
939 1599
445 456
738 254
57 0
59 1390
861 1708
1622 595
382 200
655 1325
354 1033
135 1691
60 255
377 1082
1712 162
180 1715
802 1092
1386 1621
1069 163
161 1087
61 1061
463 169
938 1171
1454 150
1200 1068
1440 1543
1184 462
467 223
1286 52
1578 689
1043 1440
545 306
1215 534
64 1066
720 806
516 364
929 31
87 285
1046 20
1651 1377
415 1629
620 1499
1470 305
65 1450
66 35
780 975
1432 1574
172 924
1021 107
67 1381
1163 1558
767 1221
233 454
1562 1561
1214 667
68 658
883 15
1231 551
1027 317
539 291
711 507
605 774
1568 1580
70 1207
155 1668
1399 1428
685 1154
71 1005
381 467
933 950
484 470
251 1506
716 1182
1115 1719
336 807
1159 21
1094 1721
1450 1533
239 778
1534 754
1359 325
74 515
1722 1337
1613 234
542 1338
243 191
1129 1615
309 1634
1155 838
73 25
1576 1361
1378 387
914 677
932 665
803 440
1437 1571
657 819
138 1655
78 1355
1520 1144
431 237
75 256
79 637
1095 1057
881 1588
901 721
1078 1276
634 1729
81 8
379 104
390 1676
269 1682
745 841
333 453
1243 864
561 329
1420 1673
889 529
1305 231
411 451
306 1024
80 523
410 567
1438 522
84 1329
85 185
1264 426
577 1209
1466 875
86 1062
727 1291
283 768
1063 947
1628 71
1268 1244
1704 942
312 36
832 1663
1612 765
615 1632
82 828
88 718
176 1279
1283 527
263 659
437 495
158 422
157 1520
1706 1733
692 1088
1390 307
362 156
267 1256
970 1502
1362 66
117 1344
1145 452
89 1723
90 239
1168 274
1411 1747
91 620
368 1597
1660 1071
1507 1134
92 735
286 355
663 1322
660 698
999 75
1307 599
847 668
1146 248
93 128
485 618
968 798
658 381
1563 1476
94 170
1150 777
374 902
1269 977
305 985
713 1622
553 1560
365 1651
314 1447
1736 960
96 176
97 826
1582 1687
1088 181
1621 797
95 287
98 887
1324 763
1104 77
789 1018
1703 477
531 132
100 1334
125 1551
1220 1237
1518 1206
924 222
101 139
348 324
564 1120
342 492
1559 416
940 1731
1677 1644
1716 218
103 893
102 723
104 714
1451 1167
1135 726
1547 984
1710 1604
1607 1694
1689 158
99 748
127 1170
818 645
686 1232
105 265
211 110
654 1498
544 786
1099 957
1616 651
759 199
1254 1393
1352 1737
108 1448
110 144
1726 102
338 519
1015 708
109 1627
111 33
188 243
1325 669
112 910
955 1324
1247 1480
838 330
517 935
113 1278
691 1238
1571 1707
830 152
1581 928
114 46
1290 1317
697 1445
395 586
694 396
266 700
323 566
115 1550
1011 1351
1292 940
793 1549
1488 752
1073 550
538 512
956 433
401 1160
1406 1252
644 933
875 1258
116 1367
119 1656
1656 553
154 514
1523 780
1032 1593
146 260
954 1242
1059 639
1234 859
515 504
118 1204
1127 508
1587 385
834 905
450 1742
1431 1523
1334 349
123 972
274 898
1068 1210
402 63
122 79
672 755
221 88
226 174
1573 1051
449 781
1620 1497
1000 549
427 1342
124 134
126 832
452 615
1732 622
665 366
1255 855
904 1425
1081 1383
388 873
597 530
1724 455
491 1379
1417 981
240 244
1042 1315
129 194
1024 791
1509 965
1183 224
128 952
130 556
1487 53
1087 1336
1296 390
1479 690
131 146
132 1422
1740 1249
604 442
133 1681
556 908
810 885
1189 203
417 1385
134 1534
136 1420
659 672
137 116
1014 1335
689 788
1346 1201
1245 427
507 1070
139 300
140 1451
837 785
217 1396
1149 711
1072 81
1594 1718
1713 80
412 1748
292 1253
357 1050
143 1475
549 980
300 1284
985 662
649 369
550 818
1222 49
532 979
1536 1556
591 542
570 195
1428 1211
1327 1109
237 1741
1144 1150
150 722
145 882
169 99
1449 1417
464 671
942 378
1674 14
503 1122
148 573
284 1746
1156 1623
1338 704
1401 1472
1091 1304
1404 354
149 904
1615 999
1666 1287
199 1522
578 1267
1687 339
1070 565
893 702
319 189
151 1568
1636 118
1071 631
289 73
152 54
823 794
153 1266
1705 69
1275 666
775 729
1075 1720
1317 420
147 676
1463 995
756 151
653 867
518 1075
979 98
671 1418
831 1402
459 295
441 1012
977 760
275 95
1110 1734
1368 1404
906 129
1369 842
514 692
1210 1230
1233 836
156 1216
160 680
573 1297
396 1227
343 1531
687 1373
562 1300
1565 747
1353 996
347 1363
1608 1158
631 178
1007 1136
162 351
165 421
1036 153
166 1735
1048 528
1241 1162
164 1191
783 1326
524 1610
1131 1034
168 1169
1491 186
799 1724
1721 1640
1165 719
414 861
1232 1188
1579 1508
628 964
1708 1275
167 601
171 1119
299 634
1591 525
960 1582
606 1376
1225 688
786 1509
1388 389
324 1101
174 1084
1295 1218
1614 685
1023 208
1429 1176
1486 1178
173 1572
1659 1146
1271 1142
177 182
1600 1584
434 976
175 903
617 1255
702 1598
833 607
770 1085
558 1013
179 141
358 968
899 571
800 115
1054 1140
332 837
313 1067
178 68
1358 253
600 269
1022 1517
580 1460
636 914
543 1408
1192 367
181 1642
184 142
200 1110
1227 652
865 391
186 1072
779 994
1309 535
857 815
259 1399
296 1680
185 419
187 211
795 1415
1294 45
953 1690
1185 1675
812 1189
482 744
190 399
1141 375
1403 1323
1142 1518
1084 100
189 164
762 1353
1647 1333
191 1025
192 386
683 103
1169 487
1657 1671
193 384
1153 159
817 1133
261 1265
1322 1595
294 1542
439 1605
196 148
1414 833
1016 86
1213 1689
194 87
1446 541
1424 847
1503 161
197 204
695 17
730 717
288 1047
1130 55
1018 1295
201 1114
563 1565
203 743
1293 117
470 1359
1105 1474
1273 12
235 400
301 581
684 810
926 1303
971 341
740 297
370 1636
1211 638
202 1544
490 705
813 1272
364 476
456 897
207 380
732 404
1493 236
829 459
494 1259
592 891
404 32
1381 413
1492 1044
317 184
209 716
1216 1519
1496 1076
1456 1444
972 215
619 382
1277 606
505 289
1448 769
760 1002
214 1273
1723 145
863 114
1494 108
213 250
215 1271
1287 521
521 913
1498 937
216 482
218 1274
1382 1159
733 1635
504 327
852 971
1157 288
220 1064
316 51
480 1494
583 862
346 1241
1467 1442
1398 1581
601 1292
1655 1192
224 1575
1519 1426
860 1432
1005 1046
677 241
432 1341
225 825
460 168
1237 1356
737 742
1430 227
585 1576
1672 1732
701 948
229 259
1080 1602
1663 1467
647 1540
1543 457
537 1343
910 796
228 160
1443 1711
1242 16
1532 647
230 245
894 749
825 1614
824 1185
227 844
232 1698
1047 1548
500 597
788 192
1425 5
1478 501
231 870
236 611
419 1294
1610 1678
871 851
873 644
652 790
1567 537
851 1648
1514 839
1544 323
238 1611
1308 1203
1180 313
804 72
276 605
886 1145
1341 1116
268 177
880 439
241 992
1196 1424
430 1401
1718 1441
581 1645
1366 340
1158 1433
930 683
451 105
1207 397
244 627
433 1129
840 869
1646 843
242 560
919 498
1720 1368
1447 1352
1435 48
1539 111
1731 30
246 1155
247 879
1244 555
349 1429
249 1055
1508 811
511 1052
1394 1194
700 198
1297 624
1652 630
1209 907
250 1667
525 1532
1340 292
1444 1666
1154 1107
254 1514
973 831
1132 450
255 545
1194 1089
256 411
380 1553
496 1701
1367 799
252 1313
1329 368
1586 713
530 1200
548 761
547 1641
1535 1510
1402 699
260 197
363 1240
501 1386
1501 1490
536 461
389 334
1056 1570
1483 544
258 41
262 1004
964 1001
264 205
1029 880
1482 1362
486 923
302 520
1531 138
444 365
625 793
1062 1525
844 343
1700 822
916 1235
1045 1546
369 212
285 944
1546 513
1057 337
1421 62
420 1607
271 1387
273 275
841 961
272 1132
1272 370
1475 1660
1502 1516
1412 816
1426 1312
922 710
1513 1703
278 1239
1260 403
280 273
1661 1019
963 388
991 1665
277 1380
1371 633
1041 348
1462 172
1103 884
1603 374
282 209
1009 332
1727 883
1312 398
421 1281
287 201
908 941
787 1662
1623 249
1173 1263
808 821
1125 626
959 1027
1391 376
1049 871
291 1360
446 814
1626 823
967 635
989 684
1598 1410
293 1156
974 1458
384 1286
1389 681
1639 1174
943 434
1300 1020
295 824
741 299
416 850
1006 1236
1249 412
297 1319
599 720
298 213
1195 1147
900 271
994 641
308 1008
845 1371
1506 1327
714 570
1030 715
304 130
819 1389
303 357
1270 1515
1061 1321
551 251
487 167
1370 1658
952 1102
1031 916
1590 1364
715 90
903 1477
1332 438
771 1538
1039 1157
603 951
311 1725
704 1091
571 316
1379 531
870 801
1739 1722
533 1305
315 664
752 709
888 938
1668 1470
318 13
629 1395
1326 296
1405 70
1678 1108
835 1738
1349 1299
1707 686
846 1339
321 1118
320 315
322 917
618 687
425 443
1055 771
1013 206
616 1672
394 119
334 1125
326 214
327 372
1284 1709
355 1231
328 1028
885 1035
1076 38
854 94
330 1288
325 137
329 1031
331 1679
983 767
1504 830
426 379
602 301
436 1526
984 475
1461 1225
1473 1438
1328 82
666 990
1427 1730
1166 1077
992 1600
523 1583
1529 1639
1228 1455
1422 1345
1199 1153
1204 1630
978 733
598 629
784 371
982 569
855 1358
1550 1478
540 915
1633 703
764 448
693 623
350 460
351 1706
1595 1616
345 926
353 576
1453 277
352 1579
1316 338
595 792
850 679
356 1717
777 1078
1107 574
1318 1161
1423 1521
731 932
360 1224
361 1384
1684 1137
1258 247
1038 57
1400 1677
1186 1003
675 1112
587 1270
902 220
366 1208
1729 312
1525 428
710 1661
1596 1261
676 1483
1693 486
1179 1505
1701 973
1602 1053
371 775
895 1466
473 335
588 1541
1188 303
807 125
372 290
682 546
1393 1148
896 3
921 997
1172 7
1281 1331
724 353
673 1403
376 640
945 1585
703 37
400 187
1205 1010
458 219
1003 24
1653 1097
995 653
1097 552
1577 770
385 1245
785 1594
387 1688
1733 1481
1137 1727
1083 1179
721 415
1321 1608
383 480
1490 745
1065 1437
469 1220
792 272
637 946
392 1473
729 350
391 649
465 1382
650 1106
986 906
1285 540
1364 319
635 1105
1121 1139
1560 424
1037 1187
773 1320
393 147
399 858
1288 503
1728 584
398 112
1333 1007
1122 449
403 746
1476 536
1679 636
877 252
993 1254
640 392
535 1406
409 179
406 1436
1118 1205
528 1378
917 1469
413 1040
1033 356
1230 776
1079 279
928 494
574 39
1696 1086
641 1311
1489 1151
696 1456
418 736
1004 264
1524 1186
1654 731
1224 920
1190 1199
1372 1564
822 1217
843 800
796 1016
1642 578
1082 1419
428 1348
827 900
1086 490
1310 921
707 1684
424 1693
1585 1591
1601 1037
568 484
1053 1443
1452 532
1627 895
1299 539
934 1196
442 695
1644 564
1356 1212
466 1414
941 674
440 1573
611 1184
438 509
718 298
1126 1039
778 1117
1092 697
447 675
609 590
594 817
443 496
1645 966
1617 909
1100 188
1554 648
1511 596
1052 1492
1635 963
1662 1710
1171 1612
1336 991
454 229
526 1700
1698 678
755 133
884 1042
949 1
1392 1302
859 1081
948 1500
1605 1606
1012 548
468 394
534 593
471 1063
642 1121
474 1405
475 78
864 1587
966 1650
1025 1631
1167 1307
1114 725
478 610
987 853
1564 1234
648 959
596 1214
1323 27
1257 2
1311 405
483 1501
1665 1482
1632 1310
1197 1493
876 1045
1521 154
806 65
958 1049
488 813
489 1496
502 96
1148 1454
969 472
946 175
493 1504
495 216
1201 1269
661 171
497 712
1396 1397
708 1638
776 1280
1187 1726
1589 1557
976 1559
1279 732
1090 361
506 166
1558 246
607 1736
508 604
593 89
1289 1374
509 1332
546 322
1658 1060
1556 1048
1265 1127
725 1183
890 346
1588 190
513 751
1306 47
519 1394
947 1073
1240 308
1181 1094
1178 242
1001 1043
1191 1215
1383 221
758 1421
1020 1309
1050 402
527 876
645 347
529 42
1725 1190
630 34
798 1692
1034 505
957 561
814 44
559 1180
1111 587
1631 157
1415 1716
1320 1524
1256 1021
1116 650
768 930
962 1131
1474 533
621 1314
1203 872
1152 210
1634 1625
1735 803
1709 143
1472 1468
931 1459
633 1728
935 878
769 1369
1246 617
849 1586
1301 180
555 673
1026 352
766 478
1133 131
1702 282
1552 1536
1143 840
560 982
905 1014
868 1488
1123 59
567 1030
1681 1069
1276 1277
1347 126
1468 1446
572 268
1436 1079
681 85
575 1347
569 894
1551 1452
632 756
887 1685
1304 575
579 491
1089 1268
1499 558
584 1485
918 431
1686 1228
1650 1704
1669 1296
915 1198
1542 619
1120 267
1606 1409
1457 489
1737 538
820 1308
1282 1465
1051 1104
1637 1674
1361 660
1339 1637
726 860
1198 691
1085 1149
763 311
1212 809
1376 1290
610 1000
1695 40
828 1423
614 1036
1202 989
892 9
927 782
1480 485
816 956
622 1507
623 890
626 1697
1160 458
1572 414
1548 506
1640 1023
639 29
1109 868
1208 1479
1093 766
643 970
1139 787
717 955
735 1471
1719 757
975 1041
866 1624
1697 1453
1630 1495
1566 310
656 1552
662 1262
907 232
664 1165
754 207
1345 962
669 889
674 1392
678 93
1360 97
679 1512
1002 418
1611 1554
1074 901
1019 318
1593 1330
1671 1646
1266 857
944 802
734 628
1597 1712
1730 106
1314 849
1676 1398
709 762
1221 804
998 642
712 497
1219 1289
872 993
1119 1248
719 408
879 1696
1365 50
1113 1609
1337 1626
781 845
761 1562
736 1745
1067 314
842 865
1377 557
743 1223
1549 1293
742 483
744 1022
1357 759
746 283
748 43
1471 1633
1583 592
749 1411
751 1535
1619 967
1416 1484
1464 554
757 1400
1017 1652
1458 783
1117 1653
961 11
772 1126
1355 1026
1410 1357
774 286
891 1713
1101 582
1683 1103
782 342
1274 516
1253 1513
1140 409
791 585
794 435
1515 579
1303 1111
1261 127
1459 406
1541 577
1350 1099
811 149
809 447
1625 1529
848 517
1648 603
951 228
1397 233
1138 682
856 120
1624 1613
1010 518
1134 425
839 155
1251 1699
1580 1074
950 925
1419 1527
1176 881
1182 1435
1434 383
1218 1563
862 121
1649 987
867 953
869 661
1128 193
874 401
1040 1647
1638 1714
1238 1059
878 988
1688 502
1538 1130
1500 772
1477 670
1604 609
925 1328
1673 1115
1223 1407
1151 1739
936 436
1267 789
937 643
1526 1431
1351 1530
1439 1743
1512 64
980 4
1354 263
1599 1603
1319 1316
1533 1620
1675 333
1445 945
1418 261
1064 568
1248 488
1348 589
1528 1193
1263 701
1380 892
1465 1229
1124 1744
1164 1740
1469 612
1291 18
1442 1318
1206 656
1641 1590
1714 429
1280 998
1252 363
1522 741
1530 1654
1555 468
1699 1511
1569 632
