0 444
1849 545
2 443
1848 1210
3 1842
1847 1570
1846 1006
1845 924
1844 1116
7 1203
1843 595
8 840
1842 830
9 554
1841 1137
10 1585
1840 138
178 1440
973 1405
1766 1357
226 1139
922 1083
1643 294
1602 1446
490 234
1 1252
4 1103
1032 1835
924 1816
544 589
62 869
768 1760
1527 946
275 1029
859 817
5 1384
6 1408
11 1031
12 33
1717 1086
211 601
1208 235
1461 1724
1398 1127
992 1797
1258 189
968 642
1194 640
1329 784
991 695
1462 691
1340 607
520 515
1207 1837
1295 541
13 1745
14 1323
1098 353
28 811
981 1785
1110 597
155 1452
1786 1535
880 442
1715 1351
1762 314
1661 867
15 202
1529 264
1036 341
203 1233
1081 823
1813 1066
556 1583
455 1045
106 114
1703 1650
513 1661
18 996
492 37
1240 1173
1647 1300
958 59
25 183
1182 1001
778 457
16 88
690 773
858 728
387 293
63 1514
1173 952
1556 1377
1636 1436
445 625
17 1415
374 66
1056 539
1815 19
914 1254
1723 742
488 1176
612 422
263 58
19 1313
872 1034
950 373
1713 565
506 1122
385 1261
799 1794
893 301
1058 99
638 489
835 1395
300 803
20 1642
834 750
940 1510
1235 717
739 1496
611 1672
1257 501
927 751
21 1237
22 1314
1498 1660
824 880
1484 1513
1364 44
624 98
1034 1575
1082 963
1095 167
349 1688
23 1162
479 1731
1092 75
379 1524
1635 462
1265 340
118 68
1660 104
1499 49
1008 179
878 1823
954 970
1824 1239
707 1632
1126 1070
774 1741
876 1511
1128 1025
24 1343
127 432
1185 1654
472 1448
1068 1686
647 1307
837 665
1618 1644
26 1009
1834 87
654 1744
985 1171
1024 1152
1820 1190
737 516
658 1714
119 1462
1614 1789
27 1303
291 1168
1579 1151
1550 1740
164 1670
603 760
540 480
428 1104
1685 1334
43 959
705 1185
539 1613
976 894
201 802
797 1167
29 1464
881 263
1161 76
75 1312
1525 1742
1451 956
1608 425
1827 598
30 1390
1832 1824
205 1652
367 1735
31 921
1534 200
1586 300
1039 1321
1253 676
32 790
1502 165
1732 798
33 913
1641 1584
1315 646
1650 116
1236 951
476 50
1015 1461
433 1309
89 739
34 439
305 768
322 1418
695 352
337 72
473 1043
1624 902
896 737
35 304
935 1133
637 1500
76 1097
1286 675
210 604
1168 5
162 397
335 1725
1002 1201
543 879
36 155
37 1296
794 1372
1653 758
125 283
38 645
519 303
299 110
1120 1831
630 313
1063 342
1649 1755
39 1561
1828 274
310 201
933 1037
926 886
408 1010
40 1756
1497 1093
1021 1375
1773 1105
817 1364
1751 1721
484 1780
967 1295
1395 1163
167 1804
41 1784
113 1175
1454 1269
848 1623
1644 585
42 1016
1458 504
132 1779
303 1645
1478 973
1830 1291
1756 1687
531 1035
1134 1607
44 472
1670 95
1148 1428
961 1047
216 583
851 368
45 285
1102 168
399 1631
362 1220
1492 1236
648 40
46 123
1374 1771
435 1751
898 195
1193 1662
173 964
849 1733
47 1305
862 230
138 332
78 1531
1125 48
1477 1335
1724 1333
1263 1259
806 242
946 526
1326 588
68 1718
1366 9
1687 421
48 1026
49 1777
1544 677
318 1463
663 477
526 349
1573 1807
1160 748
827 1758
50 1385
189 10
1755 1145
302 745
1050 474
1558 1195
458 137
486 624
1689 1148
256 1285
1334 1079
1665 933
466 1396
1146 1399
1209 205
52 1371
997 1274
1283 328
545 1084
500 1680
351 812
1709 479
53 543
1821 1722
51 1224
1418 514
1287 1506
238 32
402 530
586 1734
347 1598
1130 55
633 1693
230 1605
533 117
54 1839
764 1719
725 140
179 1160
55 1416
1799 6
1076 984
853 1028
1246 536
594 1155
166 528
56 1591
390 1679
735 534
1014 1099
1771 431
336 0
446 1485
57 614
870 1149
1407 255
1722 1278
1113 1192
1186 1298
145 1074
1394 905
1759 445
160 1135
1010 1413
1296 1338
1787 127
1514 766
1379 392
1764 26
971 923
59 256
136 258
388 765
727 1582
1382 1134
1803 577
1396 627
58 626
60 1634
1200 1036
1594 1426
826 113
1700 1502
571 1400
61 740
589 1209
1587 1517
239 194
123 266
847 707
644 468
320 276
1224 774
1620 1431
1625 1703
250 1077
1712 1212
1491 119
553 1456
1129 829
813 1169
64 797
487 297
984 1762
1121 354
65 743
1430 1229
1243 1817
1750 1520
66 16
1663 778
1006 251
1073 1284
1152 641
1363 1820
932 1729
942 1624
102 27
732 1422
1809 1329
1814 344
861 1809
1203 1576
503 1056
1457 839
548 151
1705 1355
67 169
69 1579
222 411
248 888
1729 657
642 1347
316 1041
1175 394
70 1393
780 916
652 997
1627 404
866 1480
344 570
333 38
241 1354
1388 1071
1421 799
665 1007
312 213
71 1433
72 1337
990 785
1351 1746
1547 1242
1509 1847
899 932
1201 84
73 1753
338 883
497 1119
635 361
74 1235
449 1836
502 463
1639 723
628 1166
939 1401
1285 206
77 1398
459 94
629 1628
814 1439
1349 866
585 550
1656 1417
906 115
889 79
139 1018
412 1178
217 1675
1216 756
1437 1222
169 609
79 1301
877 291
325 106
619 1819
121 928
846 1082
1376 279
1181 1813
80 247
81 1512
1158 908
215 1811
1304 464
951 252
82 1521
415 1379
1232 1638
1142 20
83 1051
1264 1548
919 1554
1442 1054
686 1796
1436 608
1004 1619
84 493
1210 1432
204 184
1539 453
672 1251
1564 777
85 639
1241 1161
1042 1597
1485 45
1781 338
1584 557
1798 434
86 801
1838 1366
783 496
96 1677
103 1106
1765 1182
1672 347
1599 1250
1136 1578
1097 1593
516 793
1140 118
181 644
285 1304
1123 39
736 1566
1137 653
760 1113
175 1196
1298 718
1783 1165
114 1114
321 564
1609 402
722 1238
841 1027
436 1263
1305 427
87 600
88 715
128 1474
219 1815
879 1157
90 1215
324 120
660 1616
460 1825
1012 926
158 1277
1476 214
568 1352
220 1834
91 401
491 1493
236 161
422 1492
429 816
1365 1667
258 54
1580 807
92 369
93 91
1150 379
1785 70
1057 786
1273 1258
1486 980
94 994
713 693
447 484
955 781
534 1228
731 1658
95 560
1302 1128
627 92
747 409
1445 1541
1066 485
900 868
495 1068
944 686
1096 700
97 1774
411 885
227 654
1652 1382
1393 1143
557 918
1782 619
1668 505
1617 1438
850 1219
821 275
1262 668
945 1812
109 330
98 815
1358 731
271 605
489 1653
1248 575
100 1179
1079 17
966 1403
567 1699
1760 35
272 18
549 1218
937 907
99 83
101 174
209 253
1629 734
485 305
196 1803
1494 1702
1758 955
1510 1345
153 1186
1054 1615
1359 1089
391 1698
1698 906
425 522
289 533
1313 920
104 671
745 547
405 483
668 1197
934 108
105 187
212 1706
1033 1726
1736 683
1483 153
1049 724
107 1766
1343 1365
1215 154
1074 941
1141 806
1662 518
1153 824
696 320
270 776
108 248
188 795
1408 606
1546 558
1438 930
1277 988
213 878
290 1330
110 363
683 428
882 334
1423 357
288 1595
440 1705
655 69
691 509
1589 763
1688 273
348 286
551 1017
1053 220
782 1651
1089 519
613 1336
840 1647
112 567
1335 199
565 531
1797 413
111 1200
979 13
987 1732
1545 1572
1505 1331
1291 29
298 243
1003 1129
115 348
563 15
1383 1580
1206 762
869 1226
292 670
116 1420
278 1489
377 441
1674 231
1831 1108
1780 729
1590 540
517 1764
117 1423
921 761
1739 65
856 747
1350 491
384 36
237 1147
528 587
1220 97
151 995
120 1637
126 1004
994 1153
1307 1109
772 1767
122 1014
314 1491
185 903
1174 1663
832 25
1710 1270
750 532
414 621
363 938
255 262
124 261
895 542
1356 882
868 1297
993 1241
1471 1586
970 1339
1669 1244
1520 727
816 1529
1447 1788
1106 616
1131 1234
1655 226
1566 1545
465 629
566 961
1677 21
1360 1564
129 109
1487 229
1519 1707
1745 210
818 211
130 1549
564 699
1642 456
588 62
328 744
1443 1503
131 1543
1761 1271
1373 1552
1716 827
1312 1668
641 635
133 1468
409 1472
461 871
315 1845
454 881
1533 1397
1400 146
986 336
469 1057
134 706
135 60
815 216
1242 694
792 1747
195 584
1768 1649
339 1481
1025 917
1748 141
575 884
494 1225
137 615
403 979
615 1790
874 1206
1078 325
1267 1191
1593 1727
140 1829
280 620
1145 1308
1680 1673
1772 877
1367 408
141 1053
240 271
1339 1078
142 159
522 1627
143 809
649 31
1735 1495
462 612
1612 1618
1690 1202
1135 943
1230 1374
1237 1055
1804 992
253 162
972 1015
228 834
400 475
144 1484
1422 1763
762 599
1384 1060
287 1003
1455 1574
1775 1013
1603 849
146 1676
595 1112
842 1633
1440 1107
912 147
148 308
1812 1262
1007 810
246 1164
598 663
1428 1716
957 426
149 1293
342 719
1377 1640
1695 563
147 190
150 1317
427 915
1410 1712
757 1434
1026 1437
650 1475
1214 1477
463 1248
482 207
1682 1806
1115 1361
1474 789
376 1407
152 1125
154 1826
1480 960
682 512
863 502
941 306
1613 603
1272 506
1381 1389
1522 1279
1531 1782
904 1553
419 1100
812 1322
1456 656
1540 1832
301 939
156 260
157 219
688 498
953 405
283 698
1048 594
1144 1063
197 813
639 42
1561 385
259 826
170 690
518 143
795 420
948 749
550 1240
1116 820
1576 7
161 856
651 193
159 1402
617 105
687 1020
1055 1467
1747 1525
1217 870
977 400
1671 630
172 580
163 1781
1061 1069
1472 1410
1482 1058
165 170
1790 1039
1829 1749
370 1494
1062 1470
684 738
583 985
1619 1694
306 215
1666 80
352 376
734 993
1521 1174
831 684
573 1170
1324 1101
860 1326
168 1442
1195 249
1353 1289
749 1199
728 1118
600 11
710 452
254 1159
1731 1316
1511 819
443 1085
864 655
1149 986
1610 732
1628 1752
171 1681
1155 163
1114 672
413 1287
1543 63
525 1341
1517 449
604 1689
547 1786
670 1098
1473 1205
699 1776
744 1193
1122 1443
766 1187
511 185
729 1562
174 1421
1094 971
1626 925
1567 922
441 1294
1192 1708
334 196
406 157
176 1282
802 1715
679 796
358 987
1788 1102
561 1132
1615 1315
1513 370
1684 947
276 835
1099 1257
1337 1621
706 1588
177 389
1320 1311
359 517
605 520
606 669
389 876
182 1290
1415 1208
1317 1267
1184 1759
180 643
902 1792
1333 681
828 779
819 1573
1686 818
890 1505
740 596
1673 1657
546 1214
785 290
1016 722
693 1765
184 478
779 133
1468 1046
1046 337
186 1518
326 1612
1493 1249
183 225
187 1183
1165 692
579 898
493 371
674 1609
190 90
1412 874
643 223
508 238
1105 857
1117 1370
504 381
191 753
192 3
915 358
296 1602
1800 126
1585 78
1632 767
708 991
584 1353
960 634
956 131
1414 356
1029 821
1064 144
1369 1032
193 164
1429 527
294 561
1132 128
194 1256
1293 339
989 1380
198 842
752 510
903 362
1708 1288
199 927
496 659
317 1843
200 1350
949 103
1281 1140
1835 1611
1180 1373
763 1392
1807 1450
894 1754
1675 555
478 1723
202 1483
523 613
1347 1332
1109 511
1009 1590
618 713
1188 351
307 467
1088 1750
1091 1008
720 775
657 1447
1778 1429
1810 492
673 1547
206 1656
887 1146
304 191
1308 1581
952 1600
1409 1138
983 1614
1172 1830
1323 957
857 1409
208 244
569 458
923 1111
1532 14
207 754
1300 1713
1507 1798
1805 794
430 284
1640 416
284 132
293 176
243 1388
576 455
974 981
943 1587
1753 889
214 324
838 704
1725 772
1043 323
1435 8
1171 218
1297 1286
759 1704
218 410
852 4
798 837
1427 1539
636 1120
839 1739
279 1526
1000 326
1727 1172
947 152
221 1509
1391 1081
1506 929
223 721
597 822
1270 1376
1385 476
998 1696
224 1281
822 1011
225 850
1530 382
678 1648
268 788
355 82
552 764
1721 685
910 814
1044 156
751 1768
281 166
791 1435
1080 311
1060 295
229 150
231 396
232 378
233 828
1570 1730
1501 1328
234 399
1623 277
530 390
341 1465
1554 1473
1500 982
235 1528
364 298
1238 562
1551 1682
1553 1227
1401 1589
811 1040
1523 1283
1441 746
1189 1253
264 315
1816 1019
918 1610
1190 1487
1352 395
886 1002
247 1736
796 1515
1139 1821
1744 948
1638 910
242 1021
529 949
1020 1490
244 958
438 1091
1654 1546
1127 188
245 481
360 966
963 576
621 1325
457 1044
426 1049
1282 1022
833 836
1488 1394
249 1360
1276 1757
1572 611
1314 198
1600 309
481 71
1596 873
251 343
1392 825
1449 1217
769 800
1711 507
1371 551
471 1671
1336 1181
252 322
1591 1711
1245 136
448 1243
808 730
1577 1559
1607 1665
888 1130
380 1643
1742 859
928 240
1802 446
257 1441
578 648
554 976
1221 1479
1460 1042
1399 1542
1331 843
574 1080
1023 726
499 1189
962 122
260 350
754 678
656 1846
261 573
608 236
1345 208
1199 259
631 470
1691 623
262 891
1355 56
1823 1608
1299 705
1792 89
1196 459
790 1342
1330 1359
758 998
265 1738
266 1799
829 321
1306 553
1779 482
1178 1508
807 711
1808 130
1465 1073
267 222
1481 488
1104 733
1310 1641
331 461
269 969
590 974
1784 46
354 437
507 1455
1706 1386
1535 687
1380 233
1452 1791
659 1067
1699 1748
273 525
274 1537
345 1538
1183 1038
1133 1497
1027 1568
1361 1666
1763 652
1059 1838
420 1115
748 1458
277 1088
1646 465
1515 1136
1503 386
395 844
1328 1622
1318 940
1038 537
1090 250
1332 892
371 1550
1819 755
907 1700
1424 622
676 1636
1683 664
1495 180
282 1544
1041 1264
913 1795
381 24
701 1391
581 977
1496 1065
1404 548
1571 372
1789 618
803 697
483 708
286 1369
1645 637
775 186
787 1701
1791 1383
885 102
931 1685
442 702
1325 221
1693 81
450 1527
397 407
1565 1223
901 12
1432 490
1030 544
295 1534
368 1245
1611 1230
1031 741
1651 1683
297 897
1538 43
1294 142
883 269
572 1346
1702 1454
1795 1498
1433 1425
616 377
559 47
1582 469
1368 289
1420 212
332 521
1338 872
664 887
537 1691
609 586
836 1710
1752 172
1111 64
514 61
1229 1158
386 1180
1604 581
995 1793
741 245
1387 471
538 1141
308 617
1370 335
724 384
753 1449
309 111
632 650
1072 593
1162 1087
996 282
1051 845
480 1411
1726 292
738 22
1342 440
788 1255
311 1123
1170 414
1549 495
1231 716
313 1800
1738 403
823 674
1256 96
1601 1059
1467 568
498 135
1516 319
1605 1310
1013 1594
726 1198
1290 804
1011 380
1560 366
319 387
680 904
1743 1451
1271 1344
1490 582
1284 1275
477 953
1657 1247
592 1211
610 1414
1411 1023
1557 578
622 310
1378 1276
1301 1728
905 1560
323 203
1822 792
1213 148
327 112
1413 854
329 1406
1737 852
1344 682
1548 1306
330 1460
602 631
666 1519
756 1737
718 1090
692 145
1697 254
340 696
1108 1299
1479 735
1254 679
805 149
401 415
1119 1075
917 912
396 417
1266 900
1311 52
343 1292
346 759
930 268
1622 936
392 436
1678 499
369 299
1244 1775
350 579
1288 524
1633 1557
515 896
1269 181
1218 1659
353 375
1450 1540
1463 1188
378 204
1719 67
700 307
1147 860
1309 989
356 1536
357 1629
685 1358
1390 1841
417 1024
361 1617
1588 1459
1085 1419
1156 592
365 508
1118 1523
1169 1466
867 861
366 1318
675 1501
1260 239
1416 1486
372 329
524 1319
1101 535
1667 74
1187 1362
541 1154
373 1
1728 1150
1659 569
375 1246
1694 1095
1084 1849
1801 173
1634 296
382 1064
383 572
423 1522
1138 752
755 429
965 633
1597 1532
1261 863
599 688
911 217
1223 466
1740 1207
1793 454
1741 529
418 651
1431 346
587 1349
404 129
1769 591
393 1052
394 365
1774 1268
999 1124
1701 1697
845 1599
398 1126
1389 1142
1070 1381
1167 1221
1776 895
626 1184
1100 412
570 209
1466 312
536 1499
1292 1530
407 364
1757 125
601 1356
1159 1273
1362 100
1568 1061
1818 1690
410 771
1001 1828
1107 890
1575 460
884 1427
421 1787
1595 359
416 500
1676 1709
1177 1445
645 317
1019 1772
532 1302
424 1378
1226 832
1811 34
897 1769
677 1030
843 661
1754 658
653 1092
468 197
560 1121
1528 473
431 1626
432 962
535 780
1069 919
667 1565
434 725
1375 1646
810 1684
437 1669
1512 791
1157 909
801 978
439 30
464 714
1630 571
891 107
1037 1504
704 1592
444 1424
1219 1280
596 237
1047 1533
909 1412
1233 1050
1017 1177
781 1808
1707 808
451 680
452 937
1252 673
777 270
453 177
1279 1596
761 391
1234 660
1239 318
456 1000
1489 486
1341 1144
1552 227
703 246
1837 406
1191 787
746 1363
1202 418
1067 864
1274 1368
776 278
1071 967
1767 393
1022 945
467 503
1578 134
1255 851
1166 847
470 1488
1319 1457
474 272
1537 662
475 1048
1563 333
1419 1556
1746 1213
1839 1012
1426 1094
1794 1720
558 121
1542 288
830 497
1403 1818
1354 1062
662 1783
1322 934
855 552
1112 709
1348 841
1770 1096
742 367
916 257
1637 124
501 430
1648 178
1083 975
505 628
929 158
509 899
1075 1678
925 1555
510 331
512 1655
1606 805
1018 1761
712 23
521 911
1065 549
1681 423
1518 241
593 983
1205 736
527 1204
721 770
1228 720
1303 1469
1555 448
1386 1844
1035 513
1679 965
542 28
555 171
730 1131
723 1272
711 1260
1143 1430
1696 1231
1536 1639
982 1216
1154 1770
844 1453
623 450
562 632
1417 1625
809 232
920 858
959 1320
1197 712
875 1367
1704 1558
577 566
1250 302
733 1110
582 1801
580 1482
1559 972
767 1567
1124 1516
591 666
1448 1266
978 701
1289 1569
1164 862
1464 931
1103 1478
607 968
1225 1507
964 636
1581 853
614 1606
1247 1840
698 139
620 280
1212 1827
1562 865
1077 855
1179 757
625 610
1470 494
1227 783
716 1814
786 1265
1204 769
969 419
634 990
1444 1117
1598 1805
1163 848
640 41
770 574
646 546
1040 1471
936 590
1526 1848
1459 1604
661 383
1825 1563
1446 73
669 1033
1806 1635
671 1778
975 1232
1249 51
681 523
1372 1404
689 831
694 1340
1734 398
1541 1156
697 85
1833 1571
702 942
1357 86
719 782
709 1387
714 833
715 175
717 355
800 710
1052 1076
1658 265
1086 1773
1469 388
1346 1674
1616 1551
743 57
1251 1664
1397 451
1176 1005
854 647
1826 1620
765 182
793 345
789 77
773 954
771 1444
892 1743
784 649
1087 602
1817 287
1733 1476
804 228
1268 1327
1278 875
1028 93
1280 435
820 327
825 1695
1475 1348
873 433
1402 538
1005 360
908 160
865 914
1275 281
1621 438
871 846
1211 667
1508 447
1777 1692
1718 1717
1453 53
938 2
1093 316
1524 1810
980 1577
988 944
1749 487
1631 267
1151 1603
1425 559
1569 1822
1406 893
1045 935
1730 1324
1321 424
1720 556
1405 1194
1439 101
1198 638
1259 374
1222 689
1583 1802
1574 1630
1836 224
1327 950
1504 703
1434 192
1592 1833
1796 838
1692 901
1316 1601
1664 1072
1714 999
