0 294
1897 922
4 1599
1896 361
5 1674
7 1100
9 1176
1888 1031
178 701
737 608
622 1200
1596 935
1147 893
110 306
436 31
1 1608
2 1008
1898 1446
1895 874
10 1455
11 698
1891 146
1890 384
13 1125
1889 982
1014 80
1178 780
1875 1419
1495 484
1899 606
6 1754
1893 302
1717 491
1407 1758
168 210
1170 336
1286 1147
920 539
603 1367
1000 1495
3 81
14 632
783 1248
1008 503
923 449
15 1064
1098 628
837 843
1026 903
1615 1635
1712 1131
1467 1818
12 532
908 1327
845 379
677 579
1261 1457
1765 1300
8 506
106 668
1289 273
363 448
1476 527
1759 666
19 955
256 1323
1167 1601
17 1886
20 456
376 518
1410 165
1515 360
235 791
367 870
1781 1544
18 1172
21 1788
344 730
1265 942
1523 195
757 1638
766 1735
16 1258
22 1851
1855 891
534 1504
570 259
1114 1810
1027 1809
1586 868
24 322
942 642
829 1664
1150 626
1056 468
1365 1822
1228 1144
1768 1447
825 1139
1618 1597
1436 1498
25 1748
26 1677
76 1042
518 1576
1181 805
1237 414
1839 270
900 464
939 994
1327 683
1654 880
1683 1167
1744 953
28 531
291 812
427 1854
86 807
30 1340
1856 422
1774 889
271 1048
134 205
1560 1341
1772 114
23 554
1866 961
1295 1426
1312 1266
1534 433
331 563
449 469
758 1823
1667 1065
1885 1117
27 1141
29 228
32 1625
1415 297
541 374
354 1080
690 748
31 1740
33 781
34 625
459 1510
148 583
1524 926
1533 56
1320 57
1655 940
387 1759
1687 139
96 593
1494 1276
906 453
314 1005
161 913
643 1413
863 1698
1296 489
35 1107
877 1216
423 1102
914 260
1588 536
212 1004
1844 830
450 1652
163 413
1798 696
1350 1460
1017 455
37 18
39 1435
728 1316
1482 1891
902 773
785 391
36 1465
38 545
40 1856
683 775
343 641
1330 824
822 1546
1281 756
1725 1747
272 1517
666 931
1553 1870
689 1389
1828 1876
1412 769
695 514
1109 708
1505 435
1441 574
316 1226
1422 956
483 1712
308 1224
1887 1346
1685 1170
42 1158
43 1298
1854 409
70 1041
258 1322
506 1450
262 1418
312 703
1462 906
230 787
836 1259
45 19
1716 1530
41 1814
409 84
630 467
267 76
1242 565
1157 1567
451 1802
46 1175
1379 169
1823 747
47 602
48 1524
49 1311
44 1401
735 1168
1518 348
420 1338
392 291
1510 885
452 839
50 1217
52 673
1544 678
191 1321
997 1559
463 382
458 1207
1196 1272
51 439
1766 1867
310 783
1122 600
806 1774
53 854
1642 49
1084 1893
54 784
55 597
150 1059
270 1213
457 681
795 1461
957 1579
940 1844
1886 285
1007 800
1520 618
1572 979
1502 1606
57 101
1732 363
1804 1473
827 719
264 1582
1269 144
1034 1077
56 1535
1029 1432
968 1330
1870 1583
1426 1807
801 323
1257 1285
1703 929
1423 758
1306 1534
1431 1271
219 358
58 925
61 845
93 249
595 802
1173 109
1025 711
1549 1880
60 821
59 255
62 486
395 725
156 264
1177 884
63 723
64 1895
522 1417
1285 1508
508 1649
1361 1646
1435 314
1640 745
1367 126
1845 1470
1141 1483
1323 1229
961 1239
65 152
67 1236
546 100
1747 659
68 262
1496 1084
1396 1177
553 765
109 1861
361 1832
69 457
993 1643
217 700
419 558
803 826
1416 7
589 1784
1807 992
1339 1136
99 1830
1023 1892
239 866
864 849
1711 235
66 1453
1851 1488
261 519
962 655
73 1162
1071 1198
732 110
71 1315
1508 447
1769 553
1727 424
1853 1695
176 1616
72 1421
75 879
341 1885
1276 1484
1038 446
1113 1118
1055 350
1409 1
374 1445
1814 404
74 512
77 1058
78 1120
1099 1607
494 1806
79 331
1521 801
128 538
275 244
1820 806
448 1571
1288 91
1092 1505
1089 1538
542 1267
1846 1752
80 598
82 1087
883 912
1480 29
1078 420
520 245
580 710
834 1012
81 1377
417 1685
414 1756
85 1651
333 412
254 674
912 1335
83 752
1264 789
1215 473
1709 996
1302 1623
84 1238
727 1203
1357 1496
1719 1847
1682 380
1848 1286
1240 141
1681 1630
838 1850
1608 930
87 810
1838 1072
519 611
138 834
1388 721
607 284
1832 325
1775 727
764 0
90 123
1097 1661
1882 388
1145 1119
763 1142
321 220
616 1189
973 1805
1867 1231
389 862
242 817
462 1056
510 644
92 525
1788 1604
1015 831
315 1494
1076 798
116 1641
88 240
91 35
639 631
568 589
253 672
1771 1598
89 288
485 968
1630 1355
95 441
405 206
477 520
564 304
94 376
713 1284
599 1520
1205 42
1072 911
1012 1062
252 239
644 1095
559 552
97 1086
1568 1533
425 327
1220 28
710 1655
408 601
1403 21
1490 116
609 319
447 315
835 772
159 901
165 163
1313 247
101 1414
1082 1195
368 393
98 822
250 904
216 256
1243 1070
102 1035
103 475
104 283
105 663
160 250
1105 570
293 534
1104 1471
1120 428
706 153
442 1149
1121 212
555 371
324 1242
100 1350
214 1865
1812 1026
1297 530
1657 1771
840 257
1650 1768
107 1791
108 373
696 1580
1623 488
281 37
1478 1472
1353 401
300 533
111 915
236 313
215 1305
112 969
113 521
1594 1711
307 561
349 416
530 157
1680 1331
799 1134
851 1757
1558 1780
731 952
804 1692
1218 1833
1684 403
115 1135
1172 372
117 741
593 733
285 1730
1033 1587
1392 1220
490 1564
1036 292
1611 1017
1501 1689
479 345
114 1741
119 1310
1216 1351
1863 1512
1660 85
118 1463
120 427
1612 1101
1570 569
386 454
1236 1497
1047 793
204 137
144 1270
1606 679
1090 1827
1659 560
741 387
1273 549
121 1645
1809 470
473 272
1773 1277
123 1306
124 1243
126 438
340 1171
1713 1364
554 1845
125 702
949 714
1300 605
1224 1855
297 72
1143 1619
1304 1834
336 1384
158 675
1123 690
1279 1388
122 349
932 1766
1386 1159
166 754
1366 82
127 1221
130 537
1629 944
1391 1843
348 1724
1537 1626
129 1853
468 1128
482 465
1726 508
131 1052
1164 867
561 1057
1132 1541
132 825
1359 1424
388 481
266 1817
162 852
1044 740
996 53
646 1668
1095 1786
136 375
455 877
1585 1842
135 1165
137 1030
1815 892
738 61
1511 980
590 1836
971 1113
139 421
133 1223
141 130
403 1415
1601 559
140 1184
142 705
1690 15
1166 1016
688 1111
305 386
180 795
751 739
538 394
1235 750
231 1557
146 1687
649 1726
1433 208
1135 286
1375 466
155 1130
205 627
402 161
667 115
1268 1884
659 988
596 1079
1864 423
143 1709
969 978
1849 759
1829 1353
422 782
617 1349
147 1556
210 1407
582 1256
145 694
152 1069
994 1796
154 646
1689 818
514 50
536 213
1043 237
153 617
1693 1365
280 815
149 499
151 1803
1333 451
1009 1265
1705 1633
1263 1011
1833 731
1571 1837
157 1852
865 656
438 685
179 1716
1733 1302
1180 651
703 1044
182 1634
287 883
610 258
416 995
1144 227
227 1812
1647 1054
360 1038
1625 936
1096 1336
1133 629
320 445
528 898
1722 190
952 1699
1500 1380
503 183
1174 1509
1894 147
167 717
1795 10
1328 129
1318 287
1652 1328
1067 298
169 975
605 1361
1597 222
928 1295
164 607
1262 398
1398 1205
907 858
1004 338
170 1456
171 1609
1830 1658
1278 459
173 954
1475 241
1509 785
1309 1849
1239 1525
687 872
174 564
175 713
631 1209
608 1710
318 369
1564 1232
705 654
1803 127
172 1632
177 191
370 399
515 766
1686 155
866 1529
1271 1029
484 1799
1217 1719
1211 677
1052 43
1159 1731
1362 1543
1468 1281
279 334
1506 763
1648 1174
181 17
736 482
1424 1394
1050 767
183 1060
685 1662
1066 1737
1360 1024
1671 918
1543 1871
185 1691
543 1185
925 1383
186 279
322 902
872 333
1405 1133
486 712
1528 242
755 1585
1638 1629
232 392
722 540
1810 1169
184 971
188 202
189 397
779 117
1130 179
353 192
1088 1397
373 853
1646 1820
1338 1882
192 309
1466 1015
187 22
193 792
194 1696
1324 658
241 1708
979 471
1458 269
1626 1575
1032 1096
248 1614
1873 1501
1526 483
292 859
197 224
704 1215
586 20
198 1431
1414 511
195 905
1707 11
190 1398
199 1121
1294 1257
714 1772
196 1036
1118 751
910 770
1791 1411
1152 48
756 3
200 1753
203 1163
676 1736
491 1761
655 6
201 592
206 1406
1175 1569
896 277
207 1785
870 1396
1783 142
1203 103
1191 335
208 581
619 1749
1020 1888
202 1725
773 1137
478 1245
209 1288
1125 1132
623 909
1394 1357
1796 1703
1692 1452
1138 440
1094 1745
691 51
1444 1670
812 233
1447 847
213 1234
1591 551
1307 1718
211 164
976 1282
1582 1475
859 1478
1188 1332
1384 1840
587 1337
366 524
1752 894
545 1385
218 946
1470 281
220 1642
999 167
1697 231
618 203
918 1469
378 425
222 832
223 316
1677 786
221 26
1656 1296
815 635
778 1835
1735 1173
469 556
328 923
295 44
1539 1462
1598 86
226 662
339 1312
1567 857
533 1083
950 362
1404 171
1445 1824
224 753
229 62
497 1531
919 418
228 669
1022 811
225 907
233 1199
1080 1443
1516 305
1757 1186
1532 1474
1162 546
1792 1324
1393 1794
441 1841
964 1442
234 1260
1001 1675
393 1278
1199 516
1620 326
1679 1742
581 1097
237 1477
682 108
891 875
565 522
240 649
884 1342
332 1700
858 1459
621 1193
841 1846
1186 64
273 509
238 1665
444 1063
743 613
742 777
1464 160
1831 1399
787 1482
243 900
246 657
249 437
1136 664
1552 140
1877 1628
1694 1112
244 833
247 1085
1484 1109
1197 1104
926 365
1221 1304
1083 1653
251 1043
948 882
426 1373
1605 494
1678 1196
245 321
984 1732
1432 939
798 1848
673 1114
1214 246
653 619
1016 951
398 1182
255 757
633 1434
257 737
504 177
635 301
1550 1194
1457 855
1443 280
931 1021
556 1002
1051 1553
382 542
259 691
418 458
391 1672
1762 119
465 670
260 221
1672 1683
1645 1679
276 308
1337 1704
369 1678
1857 1829
263 1631
265 517
1229 914
1270 1219
1399 307
1255 112
411 226
995 185
268 1648
1127 1694
269 1770
1317 1439
540 1640
531 1684
941 718
1745 1018
1182 1292
1535 1037
867 920
848 699
274 1440
1156 1621
1576 68
868 576
730 1722
1325 197
759 253
277 557
1115 974
278 1464
1724 490
1799 1769
1622 24
805 1561
1267 105
1233 1416
629 1476
1060 1765
1381 1387
1736 808
592 60
1512 1466
1030 1374
283 1506
1383 1382
1837 609
1688 254
1274 575
319 958
286 749
1041 794
1742 1262
282 1246
288 1552
647 1624
284 134
1790 1627
800 1860
1301 1329
818 12
290 1479
606 14
1019 676
289 1859
1421 1485
1778 814
1179 353
294 693
946 1358
1061 1647
814 1458
335 630
394 967
1334 478
1165 959
299 1610
937 415
1843 1723
296 1549
679 813
302 1713
516 158
656 200
1869 351
1183 1727
303 897
807 1129
725 544
298 390
1477 5
346 1127
304 13
977 1211
762 63
424 861
938 1615
470 984
1063 1593
767 187
1065 1204
715 688
1661 1444
493 1875
301 728
306 396
1100 1317
588 1143
1715 1720
1053 1294
311 1868
788 1188
1124 577
309 58
1370 1701
1644 715
1075 1560
481 1760
744 622
1892 370
313 1570
628 1090
1743 1420
1879 194
624 1429
694 1858
1259 1427
317 1103
347 1436
1058 1009
1161 1318
915 966
1282 276
671 318
1212 266
684 962
1884 724
323 92
1573 34
1284 1187
1454 1405
566 296
1102 1523
325 1082
843 214
1040 1023
326 1019
1385 886
529 790
625 604
1627 1573
1669 1798
1840 1034
1746 999
1834 1743
329 1319
330 419
1335 709
1277 1261
1825 357
327 1673
1446 1839
480 1863
1702 452
453 1551
1260 916
1551 827
909 411
334 1490
1728 1781
1554 106
1835 87
1473 1297
842 1123
729 460
1578 1362
1811 523
960 1596
338 1513
406 47
1395 1151
1513 1613
337 1178
1676 863
342 1392
826 463
1517 172
345 947
1110 1274
573 624
1624 339
1813 368
1364 1515
454 1527
351 359
352 1800
792 236
350 312
821 869
355 762
1800 876
828 1166
380 1491
357 761
1609 1369
434 1680
1787 1055
356 352
358 809
1463 555
700 1532
1176 199
428 79
1111 529
359 496
362 921
1504 223
1871 1874
832 1777
1868 1622
364 1400
365 431
1048 219
846 1566
1340 128
1861 1049
917 1762
1425 1600
583 665
371 170
1876 594
1852 295
1628 1010
1093 1500
1202 987
1037 66
970 720
372 1887
627 248
892 652
1691 504
1617 189
375 871
1258 1518
1595 1333
377 1347
1280 732
379 682
776 406
1488 55
750 977
1021 1797
383 16
1148 788
385 610
797 182
384 1290
1538 1375
381 1454
551 1247
601 1395
895 1705
1408 887
985 1883
791 1078
1750 184
1303 640
1731 271
1305 1183
1116 492
726 159
1208 1155
1522 692
1429 1326
390 238
396 1013
1607 429
1248 1894
397 743
399 215
1821 41
400 1280
1756 83
575 510
1411 1003
1249 1816
404 1339
401 75
876 1890
1802 168
784 1783
407 1092
772 1787
669 93
1299 343
1418 1371
1069 479
879 1250
1376 1252
1234 342
1714 1081
642 356
1417 1468
410 1706
1287 729
650 9
1291 948
412 1391
1469 317
1292 1620
413 1430
415 1590
471 1489
1580 1521
1200 1828
1185 40
1859 836
537 442
1487 943
954 582
1005 1728
1465 1555
1086 74
1331 340
1039 1145
802 328
904 1739
421 1545
1562 1088
1049 1076
1740 599
1670 25
1450 856
430 70
577 1032
1308 927
431 566
645 595
433 881
429 1307
432 1503
437 841
1481 573
889 660
591 924
435 196
440 1051
1189 1602
637 1782
1565 873
439 54
443 1378
716 1197
857 1568
1621 118
951 1539
446 1804
1566 311
913 645
1514 232
1347 204
445 1126
1046 1293
1346 1146
817 30
873 746
983 90
966 933
500 39
1637 768
1011 1240
760 1584
839 1150
719 487
1238 278
464 65
922 804
1559 1253
544 96
674 1702
1860 444
823 1073
456 477
460 526
1246 588
1455 986
461 1061
1699 937
998 1379
1187 1688
1413 535
660 173
1079 568
467 36
745 1493
1247 480
1355 113
1590 1717
1460 638
466 1767
1695 603
472 1889
1616 1899
921 1422
1563 383
474 623
475 844
1054 1481
1741 1589
1782 38
1059 1191
476 650
550 1192
651 1572
1253 1866
1780 1536
511 174
1536 395
663 704
930 154
1662 149
955 1548
1604 1181
487 744
562 400
488 176
1883 736
557 742
709 616
1779 838
1865 1594
746 819
990 938
489 1565
1753 1356
844 917
1614 776
1194 865
1006 621
1129 735
1028 515
1878 1595
492 928
594 778
1806 860
1351 899
1760 591
495 816
498 1449
499 1309
1776 23
1372 528
1068 1275
496 1273
1770 1050
1163 738
502 1045
1390 1179
501 1152
1471 647
505 1612
965 1039
1002 1366
1653 198
956 513
507 410
878 1682
1081 1451
885 1352
512 381
1721 1519
513 1586
943 1372
509 1022
933 689
1738 634
517 1140
1797 1666
1748 1283
1675 1393
547 1314
813 707
911 1334
584 726
1128 985
1584 1122
521 970
1486 1793
1541 1006
523 1410
1018 1707
524 366
1434 1067
525 1826
526 1345
847 1746
634 950
527 1299
830 1303
899 1821
1589 779
569 965
532 1308
1723 1480
535 653
953 1733
1643 1249
1371 275
824 268
539 1697
1842 799
664 1428
1254 587
1639 571
680 1815
1329 864
692 1108
549 1669
781 1578
548 945
552 949
1428 1208
1223 997
775 211
1706 282
1701 615
1140 1776
1064 1157
558 1659
560 850
626 1190
1858 1516
849 1715
1808 1033
563 94
1841 1053
1437 1605
567 1869
1204 1201
1525 143
572 1235
602 436
571 1588
574 1690
1592 1354
576 972
1377 495
1321 680
1862 1301
578 434
1231 1106
579 485
1519 430
636 1813
585 1838
1213 1359
1720 505
1507 991
1439 1734
1836 104
1492 890
597 1153
1818 1014
1793 1164
850 347
1190 1099
1219 1667
598 1897
1666 59
903 1778
1491 299
1668 823
974 919
600 1862
604 303
768 1537
611 341
612 1161
1349 1404
613 1792
1548 1650
1767 99
614 908
615 1801
1356 1873
1373 364
852 332
620 584
1169 324
853 188
753 1542
1227 1663
1874 1639
988 1348
1126 1881
789 1721
816 1047
1651 1320
657 1558
1245 497
718 1750
808 1360
632 1115
1112 840
1754 1864
1106 835
1074 33
1108 842
638 355
640 52
641 1671
1440 132
890 1433
1378 1831
1119 209
1298 614
648 934
1316 310
1158 1233
810 122
1634 329
711 417
1168 1156
916 261
1531 73
654 135
1251 346
652 896
1696 136
661 1068
1710 181
862 45
658 636
1031 760
662 1225
1427 450
754 32
982 1001
1557 389
665 267
668 263
1786 1522
1751 97
670 1218
707 500
893 1251
1171 1409
1042 1562
672 941
881 186
678 1676
681 697
675 1206
854 695
1272 1402
1824 1681
1489 1263
1087 963
686 989
1380 432
1556 1343
693 1686
1540 1526
697 1790
698 993
1449 620
702 1376
1497 385
701 1028
699 1268
1529 1075
708 1180
1336 848
1817 1617
712 145
1499 1279
1389 67
1448 1825
1872 803
1561 234
1785 133
963 218
1459 1255
717 1514
720 88
721 578
924 633
723 998
1737 687
780 686
1134 957
1545 585
774 180
724 95
1764 586
1275 1423
733 138
1430 1202
734 405
739 402
1602 1241
1142 964
740 408
972 829
1483 1390
991 734
1226 932
747 1857
748 1577
1456 300
1250 320
1805 102
1368 612
1137 1877
1241 124
833 1693
752 960
1319 1729
875 125
1153 590
1401 1441
749 1408
1847 1066
1315 684
761 1898
765 1636
782 293
820 1386
771 98
769 1486
770 796
1209 771
793 1287
777 755
1635 1738
1077 193
898 27
1827 1592
1073 667
786 567
1485 1368
967 1403
860 1879
1387 121
794 1363
790 1222
897 1124
992 1160
796 1148
1503 178
1649 344
809 572
1575 8
1103 1550
1003 1528
811 229
1146 548
978 462
819 562
1201 1105
1600 107
1024 1872
1293 1547
944 983
1574 476
1730 764
831 1110
936 1027
1332 274
980 1764
1406 207
1151 217
1062 722
1619 69
856 1289
1777 1808
855 243
1816 1138
861 265
1881 990
1542 878
1358 547
1206 637
869 1344
1603 156
871 1046
874 1269
1599 1098
880 671
888 330
886 78
887 774
1230 2
882 1657
894 201
901 1412
1382 1210
905 1499
1761 1656
1290 498
1631 910
1010 120
1045 89
1184 354
1363 377
927 225
1593 1313
934 290
1673 1212
935 1502
929 1007
1222 1116
1819 1381
987 543
945 1291
947 1896
1354 472
1225 1437
1822 1540
1149 216
1479 151
1700 541
958 1370
1636 851
959 71
1232 493
975 443
1244 1230
1641 251
981 1467
1374 1492
1131 1254
986 1611
1314 1244
989 716
1493 639
1664 1660
1154 1795
1729 1563
1402 1093
1057 1773
1461 1811
1013 1214
1663 77
1530 407
1583 150
1452 981
1160 1264
1192 175
1610 828
1035 1089
1252 1789
1369 661
1698 1581
1826 643
1311 1819
1665 1775
1070 1325
1256 1487
1193 706
1139 148
1085 1574
1442 1154
1341 1878
1091 1020
1101 507
1107 1591
1117 166
1352 1094
1348 1763
1438 820
1784 131
1343 1025
1555 501
1326 378
1342 1448
1155 230
1420 474
1581 1425
1310 580
1210 1618
1283 337
1569 846
1749 111
1850 1074
1739 162
1195 1755
1198 1000
1547 1071
1708 4
1207 252
1527 1438
1498 1091
1587 1644
1266 797
1658 1511
1704 973
1322 1714
1718 976
1880 461
1344 502
1345 1654
1674 46
1400 426
1397 1227
1577 367
1419 837
1472 596
1451 1744
1453 1228
1474 1603
1794 895
1613 648
1546 1554
1763 1237
1734 1751
1579 289
1633 888
1632 1040
1755 1637
1758 1779
1789 550
1801 1507
