0 373
1849 1123
1848 1000
3 1350
4 11
1845 318
6 1783
1844 2
1843 1685
9 1379
1841 1592
1840 668
11 1811
1839 1486
12 78
178 1622
1032 112
1760 1694
1240 1038
1398 607
1715 1323
917 1042
1638 543
1596 1538
1207 1180
486 755
841 593
1 537
2 1532
5 1803
1846 207
8 432
1842 131
13 174
1591 39
923 588
1194 729
542 605
1813 433
271 1219
455 1288
1847 1151
14 849
1717 1472
968 1611
210 1542
18 59
1815 1415
1182 1248
1254 76
1308 899
7 1404
1456 383
1713 1159
1081 1124
1338 1291
778 465
1289 995
786 1109
1192 686
10 937
15 240
16 805
1098 257
513 809
26 212
978 722
1107 1673
1056 1782
1058 657
148 684
1780 1339
25 1602
877 1195
1757 1103
1656 584
445 363
1526 978
1030 1121
1170 330
196 106
739 1575
1556 582
385 258
552 685
799 1043
1662 405
1443 1074
313 1007
961 317
17 55
106 185
858 1768
1701 1637
488 555
1364 1055
1641 159
954 1021
985 57
19 1031
690 434
386 1332
872 1609
1235 758
57 1157
1635 878
506 761
1631 1510
300 156
374 344
1484 468
707 1137
909 124
1721 568
638 118
610 1230
349 1588
1257 401
259 473
952 1469
20 1809
947 77
379 1374
837 1807
611 251
1168 771
759 876
21 1098
22 456
893 1644
940 180
878 1044
658 1501
830 870
1126 97
1515 1503
23 464
834 1015
824 938
1068 357
1550 1664
1618 1476
876 411
922 1129
24 51
479 1764
1820 1408
617 1399
539 1019
1079 1527
1093 756
1614 153
648 1669
1185 298
1089 1555
1161 918
1262 920
117 413
540 696
1655 250
308 512
896 560
1675 1781
1499 1640
127 1105
1005 1512
948 1345
1818 275
119 1397
797 1308
770 765
1410 1205
1122 1649
795 1316
27 999
654 1136
470 79
641 1496
28 1353
1833 500
1579 495
982 1161
1021 1766
730 1633
1493 380
201 346
1832 936
29 1235
291 1247
1015 528
157 222
596 462
1525 460
1253 129
424 311
1679 617
343 1593
30 1292
43 1697
705 334
1502 610
972 1740
991 1388
881 1080
68 1448
1449 316
433 480
1823 449
1534 1552
363 1492
1116 1623
880 508
1796 14
31 372
32 20
33 1303
1580 8
1036 1755
76 342
34 1729
624 1162
1236 1666
695 1818
299 1315
1730 425
335 1284
1247 169
951 1657
1314 681
1649 923
305 578
474 232
85 1799
1002 1004
321 15
330 1478
466 1166
630 1523
103 1473
515 378
1265 1643
260 798
35 1426
36 280
934 409
1024 1824
631 518
408 1127
1280 1493
1559 1520
37 1567
155 997
1625 1828
1750 1256
1351 1541
1464 1726
39 893
933 198
788 387
1647 1081
118 1731
870 970
397 1774
1187 63
40 737
310 1274
512 1203
927 1117
1115 443
1395 1816
1643 916
38 1240
41 1242
1828 663
1830 1583
362 1279
1644 1262
1136 1738
42 132
817 1084
1454 1812
1494 599
1148 601
818 1682
898 1206
1359 1452
216 1116
1770 1625
45 1743
1749 545
490 933
1102 1548
477 96
719 994
164 1563
44 1442
1458 1209
112 785
1263 1772
452 527
173 1358
849 1278
844 891
1670 1725
131 955
302 565
1476 854
1258 1839
663 1360
527 457
1129 757
1228 1714
451 309
46 450
955 1126
1050 976
1326 621
846 1470
508 496
1542 178
1824 750
47 868
138 871
395 376
256 205
1160 940
1687 42
1373 503
500 731
1191 1559
1727 1700
862 223
1724 343
347 218
1096 1198
82 835
1123 323
1665 1658
1471 1678
1331 23
407 1002
235 1287
50 1407
1755 1653
801 754
941 881
458 894
53 723
64 562
1821 1544
1362 1221
1209 1432
294 105
783 1751
48 843
49 973
51 1326
1544 711
314 1194
1076 1587
520 697
1571 1139
1334 478
823 337
1748 248
855 471
52 1599
189 790
545 700
1418 0
1709 1285
725 535
1597 791
1283 1343
1287 1425
1683 946
633 906
1246 1271
594 883
1143 488
54 328
997 293
1478 590
1531 1089
55 514
1417 420
236 896
398 781
582 1373
204 1474
727 1765
229 717
529 362
56 913
1700 472
758 1676
336 325
176 1058
1014 677
1797 1187
1660 68
483 665
850 1466
1803 1724
971 1479
163 370
1743 1554
58 539
390 1416
735 1671
1407 1093
826 656
847 445
571 646
86 553
692 797
1720 957
1110 233
1090 1167
1179 201
1491 959
1587 26
1389 1547
1754 644
1065 1082
531 1801
60 1383
159 1662
1295 799
1783 1427
252 602
1512 1831
1375 948
1759 1447
1568 1236
214 1410
61 1342
1594 1182
135 239
1243 1594
1379 1603
1390 954
1200 192
123 429
487 1041
533 1455
1073 795
1033 1761
406 998
1447 389
59 358
62 1238
63 1719
1286 760
102 521
1224 1096
615 1111
1301 1267
239 1412
1006 515
637 1444
312 1562
65 1484
250 1312
1710 109
1430 1330
1729 943
642 368
809 524
352 151
66 1845
1663 1759
1799 990
977 1165
652 1691
548 1537
861 1549
885 952
1152 1817
1746 792
439 1419
1100 1401
942 1465
503 1306
866 1717
1357 1264
821 152
807 887
67 1301
1203 1208
108 1348
983 1046
1806 69
502 1706
1745 1016
664 179
589 295
1509 1155
1455 267
69 925
70 1122
71 1656
220 426
244 996
1639 658
1172 1324
536 25
497 208
1266 1570
261 873
72 863
773 1507
1623 1433
1363 150
340 1417
329 1836
73 349
241 1667
1385 1615
1277 1276
1451 1628
661 1577
1637 675
74 650
990 1216
1350 1218
1545 682
939 587
1196 1652
75 763
338 1612
629 291
619 1282
1285 1148
1439 652
449 324
1349 1590
1498 1728
889 1258
215 802
1142 683
626 1034
217 552
77 64
459 501
1232 655
169 384
275 671
814 1618
388 390
601 773
1557 631
333 111
78 1585
79 1683
80 1696
906 1189
672 604
584 1094
1650 691
81 458
1636 1610
1128 438
1158 844
1442 556
1781 463
405 694
1436 137
1211 985
1004 375
1431 1051
417 744
394 1372
1672 980
1304 37
120 1558
1370 504
1178 1777
966 1675
1027 1322
919 1511
726 146
1609 216
1584 1147
1681 680
1474 783
83 234
84 306
415 1027
1539 824
686 1286
1329 1582
447 210
860 1101
1264 1483
1564 728
1241 788
203 810
1599 1204
87 667
1738 366
1838 648
472 84
1794 115
1305 806
1602 1003
953 1546
1140 117
95 661
1212 1601
101 1234
1761 1460
984 1499
1593 529
760 764
324 1742
1131 220
219 442
430 767
268 1569
88 13
89 967
1097 1487
516 1659
180 864
284 87
1130 831
568 630
171 1779
90 1402
731 1364
110 1535
718 1346
432 299
659 1030
91 307
158 776
124 241
747 1747
900 892
597 1013
1003 1580
874 56
600 573
1470 203
473 341
733 633
1628 175
92 1387
93 660
660 983
460 166
1012 294
1157 867
411 586
868 419
94 332
967 616
491 1668
1785 1321
418 238
422 277
211 1519
254 733
567 1826
1150 1398
298 1681
1051 194
1271 139
557 1670
96 649
713 21
627 735
1066 412
1668 406
530 1237
729 172
1302 1226
767 1752
1558 1524
109 479
710 1059
798 828
1519 28
98 688
598 838
494 1213
272 487
549 1073
899 1272
924 1788
97 242
99 1047
226 931
1648 966
550 608
1387 1265
1578 1261
668 739
100 718
1358 1119
1510 1830
1611 1705
1736 176
816 1338
1259 1449
1054 1188
270 339
1242 1832
945 1661
326 1110
1046 99
561 1107
519 83
932 566
207 1394
481 856
1492 507
160 400
165 297
149 1703
1426 1822
387 903
1173 641
104 236
105 598
1697 720
421 1754
1193 1794
288 919
281 321
1310 498
337 1311
1452 101
429 1376
744 1808
403 74
1483 713
696 639
929 1104
107 189
212 692
436 511
213 1295
987 385
290 320
401 354
1798 1642
828 1201
1343 230
1214 225
1141 1252
734 98
1546 1800
1576 629
1789 1502
1408 1355
177 1108
1383 229
1147 1056
944 170
1034 1352
613 1769
266 1715
111 1054
1711 821
188 817
683 611
1435 75
414 516
1688 673
1095 911
1291 1314
782 455
651 1704
691 1268
1588 1133
565 1846
835 1505
1298 1406
1366 476
113 286
1423 534
1328 846
528 219
1831 861
114 1421
115 1413
116 1086
1504 1844
1462 29
1299 1153
665 1400
563 1418
377 1329
237 865
716 336
864 1454
151 859
981 1428
1548 1154
278 1024
1307 264
1669 1795
753 1356
1779 1627
510 1037
205 1733
921 816
1733 1771
914 932
1344 71
1624 1293
384 1420
973 1674
126 538
750 1181
1658 749
121 70
122 155
1356 1648
768 1130
1355 1344
1677 1229
166 615
181 777
827 43
1292 1336
357 872
125 308
1620 1708
328 1369
1566 1749
251 969
970 968
892 305
988 1796
1445 1257
575 1786
678 22
1342 820
566 1340
588 523
410 326
1707 986
128 1829
603 164
1400 1756
1592 1586
461 738
1694 353
1169 1405
130 273
1487 89
1312 541
1737 1255
129 46
132 1328
1716 1149
1533 669
409 964
1768 915
469 561
1405 703
133 647
556 1146
736 86
315 1453
457 1509
134 1250
453 173
792 171
1078 1573
958 585
136 262
137 857
815 1283
485 452
194 869
1267 345
1735 1699
1367 1746
139 1434
1766 470
140 300
147 1075
141 1070
1772 1131
279 1784
1138 392
1678 1489
957 724
143 1679
1137 942
1333 1793
1773 1211
762 1087
228 94
1473 1475
1091 1334
144 934
1804 1090
1612 927
518 374
142 1797
145 1443
649 181
1237 1718
1026 812
1208 196
1685 709
1603 9
146 1193
1135 1440
1229 1290
1422 1785
246 569
969 879
1428 157
1273 1597
396 575
595 36
1695 505
1629 1439
381 402
1413 736
283 909
1448 145
1771 972
1674 784
183 600
848 825
1380 1646
1812 127
650 993
1434 72
935 497
342 815
1013 1576
150 213
1634 1380
427 416
591 547
1120 302
1682 1451
376 851
1371 517
812 1313
1007 1437
463 542
1613 423
974 428
464 1251
153 1621
1000 1210
789 549
791 563
1787 61
152 1183
154 1684
478 1629
1094 1196
1705 801
476 17
1540 526
1479 1152
681 1687
419 16
856 1289
404 1071
1268 804
1505 477
156 1298
514 440
1052 436
903 1035
1747 65
1217 398
1450 444
926 917
297 1199
946 740
688 874
276 1773
1045 1391
380 513
190 886
632 1259
170 818
687 1134
175 1534
456 183
1619 1518
1671 638
790 379
943 1085
865 1231
161 1064
162 301
1521 104
831 1456
172 1244
1064 1614
269 282
1055 1847
647 1624
583 1143
399 253
1666 1403
1278 1457
1060 1132
1621 1050
413 782
1062 270
1466 1300
749 1791
446 453
368 710
1117 1636
728 217
682 676
1132 114
1421 167
167 34
168 1022
1732 125
1511 1810
258 1414
1321 243
604 653
454 1102
1216 793
1114 81
703 1431
1739 914
253 193
699 941
1726 186
249 1317
443 845
766 1365
303 4
1146 632
1606 1596
484 403
1622 1263
1019 840
525 1254
1154 1371
345 623
462 1366
1626 1223
174 88
1543 678
1099 1
1440 654
441 532
543 687
1134 1436
370 701
669 1307
949 435
1467 461
359 1275
511 1359
740 1598
1119 837
802 1744
1589 1841
334 288
1337 626
1561 814
537 570
852 1423
1788 1092
976 1617
1633 1396
179 475
676 690
1673 254
1574 1578
358 448
639 1052
560 1173
1508 1564
1827 1471
819 1692
304 60
702 24
182 559
389 944
1686 441
606 1170
693 352
1306 108
184 862
1315 766
1181 715
185 704
1690 1581
901 770
546 41
465 1716
186 1690
890 209
331 256
781 327
579 778
1573 1461
1575 1631
187 1349
779 466
1040 1776
915 706
1776 1395
317 1045
1661 312
1632 1757
467 1192
1369 971
1165 1806
504 417
822 965
232 929
1162 292
643 1840
1105 956
1800 951
355 992
956 365
670 841
316 1655
787 939
191 35
192 421
1324 1723
1411 1732
1420 546
1518 485
989 66
674 1780
754 1233
193 772
937 296
320 1172
496 880
1381 907
195 1561
296 908
1414 268
1029 1378
1061 482
1429 1529
197 1363
1347 48
198 1386
618 807
287 1333
1807 278
437 823
200 643
752 803
523 1393
673 133
1703 1837
199 1049
351 1060
318 1227
202 963
1180 898
1274 1017
894 855
657 247
1276 404
1284 1112
1151 1600
1023 945
1610 904
1009 958
1784 1835
1465 924
1109 572
1088 82
1409 1001
206 991
1782 1504
1532 628
1742 1787
1345 1688
1777 741
1567 85
208 211
886 245
1323 235
1640 1026
1836 618
1725 1351
979 1337
569 962
209 1556
1184 702
918 1302
1472 530
1805 1438
1482 110
1501 1632
1642 1741
1043 287
1149 567
1391 1814
1171 1689
289 594
851 1435
263 930
1188 947
771 1467
704 274
1438 1430
839 714
1427 609
1092 721
635 1273
1297 1039
1758 1654
218 226
1270 595
1261 536
1433 1036
248 1758
794 204
544 531
1530 1536
636 509
1279 1191
998 1821
391 1638
222 1591
996 768
221 1709
1506 1409
853 1770
1486 730
224 361
1604 619
223 1072
339 1156
592 752
1008 1490
1296 206
227 107
1793 1698
1461 1061
724 6
225 427
675 726
341 890
1313 142
1309 950
1712 1553
230 1480
1041 1748
1764 1525
493 982
1403 32
1696 1357
1080 712
1059 92
1523 1381
231 1318
1554 314
233 1650
912 1720
1816 1078
1016 1319
234 743
1693 651
247 252
1441 1033
264 386
1353 1083
1551 1823
1281 116
364 558
1190 467
1774 45
1547 1645
1654 1707
238 1488
805 246
435 351
240 1607
1744 875
1346 753
242 1540
1127 1485
576 489
243 884
425 1750
438 796
262 935
820 1224
1335 889
1718 136
621 1115
1017 304
1734 1711
245 1232
1406 285
741 1245
963 836
1572 259
884 1459
832 571
448 1468
793 27
426 551
776 1660
1048 882
1388 1701
829 574
1336 399
1825 1228
1238 1385
480 265
845 1185
1392 674
360 396
1809 1067
1106 123
1680 319
765 1508
1230 1222
332 525
1047 1099
916 335
559 168
255 708
1607 519
1460 214
928 1833
257 1477
1741 989
1221 1266
1495 1842
578 780
554 1025
1145 1813
1218 1207
634 5
1393 705
599 794
570 1566
605 679
608 829
959 614
489 1579
1199 1677
1691 364
625 640
573 40
265 759
1330 1500
1352 165
1118 44
717 377
751 1012
507 418
785 1528
590 1635
574 184
1459 1712
267 53
1689 290
1183 1695
327 1179
1653 850
1082 261
285 852
350 360
1376 1384
679 1805
1446 1270
522 557
273 1422
1317 474
1826 281
1365 635
274 1736
748 134
1215 1341
1503 1382
1121 1825
1667 1377
1496 1010
277 481
1646 1168
712 272
1529 1175
803 1557
416 1798
1704 1140
800 1239
280 484
1318 921
1339 1114
701 1142
1354 1335
879 1178
1087 716
371 577
1432 1551
1829 1014
1490 888
282 689
908 391
1565 1249
577 961
1186 279
1651 596
286 1560
962 1608
602 1616
450 228
1791 662
775 1176
1325 1626
1010 1008
620 853
882 1280
1605 263
925 322
883 1565
292 148
842 981
1028 130
1834 100
293 1011
1722 811
393 670
1560 1735
1615 912
1659 1604
902 1309
666 1095
295 393
1189 832
653 1246
1702 974
1664 627
1822 493
361 52
1031 190
1424 1533
1322 340
1537 1767
1795 1169
1837 769
348 953
301 347
609 492
1368 355
1752 1429
836 1063
420 1158
1220 1296
306 260
1108 128
1698 454
1598 1361
738 620
383 695
737 388
307 1778
995 1125
1617 143
309 1827
1049 1545
843 533
1601 819
498 1120
372 949
1223 1792
838 597
1386 284
311 12
769 1005
1549 430
1231 1753
1210 960
1516 775
367 699
1437 1088
1167 1790
722 1243
1249 1572
1657 202
1020 163
711 860
319 1722
1361 645
547 1294
680 885
440 1260
1124 499
761 486
322 1539
1778 331
1125 1571
993 830
323 1849
905 719
325 1606
1378 1543
746 625
1053 141
1581 359
551 1584
622 1362
1282 579
344 1367
1340 762
1069 664
1025 1727
999 1713
1384 1462
756 979
581 1135
656 1368
1311 67
1111 414
1327 1775
698 745
1719 367
1234 1018
1144 1177
708 1702
1377 459
564 1079
1075 73
1527 147
346 224
804 1141
1676 583
392 1745
1412 900
1790 1710
1139 922
492 1029
780 1023
930 103
1288 734
428 447
1260 90
796 381
1269 1620
365 975
685 408
353 1062
1044 1672
1627 787
1360 1531
1213 1521
706 1665
1756 1331
1463 1305
378 1589
628 121
354 1838
356 1605
1394 987
863 33
614 1327
1714 634
1156 612
1396 119
1585 834
1416 1804
366 1389
1600 624
700 1450
1555 227
1294 102
402 1277
369 554
1590 49
1541 1734
541 1619
1645 177
1570 200
375 382
1728 774
1303 424
1507 1522
1113 483
1480 1150
1520 1763
965 1819
373 1048
1569 1762
1300 1310
1084 1299
382 1739
684 138
931 1463
810 1693
911 1530
813 1186
423 158
755 693
763 1066
587 161
1070 839
720 93
1769 394
1399 451
1133 1411
400 1160
526 144
534 984
1802 1737
1159 276
1293 255
1001 1375
1708 581
875 789
1198 751
412 160
1562 1647
1104 698
1814 1097
1692 1390
655 237
1175 1494
1401 58
950 289
645 1200
871 659
1485 897
1786 1091
1630 1006
960 858
524 1028
1751 1304
677 1217
468 910
1226 244
1072 494
1811 548
1535 1269
1444 848
897 672
1489 491
1513 1347
1586 1320
431 1128
895 1212
434 30
521 1506
1808 1214
1374 1040
482 1760
1042 1595
442 1100
1233 120
1272 1663
1767 1220
444 580
1275 1281
1699 266
1163 1424
1706 113
1202 1515
1528 1069
1067 91
1684 1053
1022 637
1341 901
1071 333
532 1077
772 1197
1204 182
1205 808
580 544
1488 1843
1583 1526
471 622
1252 786
475 154
1536 613
1419 140
743 1020
764 1065
907 800
1792 439
1112 589
499 895
1245 1517
1553 1495
904 748
1348 847
777 199
867 313
495 162
616 1202
742 122
992 395
913 188
501 47
1083 10
1608 905
505 283
509 988
840 926
1177 371
1775 666
920 348
774 1392
517 1057
1255 1458
936 928
593 38
1404 18
1037 187
994 191
715 520
535 1163
662 1032
1475 502
538 126
553 1253
1035 732
646 1513
1402 315
555 1325
825 510
1835 215
1239 135
1582 1550
1077 1297
558 1138
623 642
1497 249
562 779
1731 310
1415 397
1197 592
1552 446
572 1789
1063 1190
1723 3
1753 350
612 746
980 1630
1538 977
1244 422
585 1068
586 1686
1595 329
1810 50
1457 1574
1166 1106
1164 1634
859 7
723 564
806 1516
1222 338
833 1680
1477 1568
607 1498
964 550
1320 1446
1522 1171
694 80
1469 197
1039 1613
745 1076
667 231
1219 1464
808 727
640 149
1372 1009
644 725
1652 1514
1153 813
1332 1481
1011 540
869 826
1765 269
671 576
857 866
1074 1820
975 1497
1468 1651
1248 827
1382 902
1801 410
1563 1370
689 1445
1018 1174
1425 742
697 415
1762 490
709 1834
721 469
1250 431
714 31
1290 522
1481 1482
873 54
732 19
1616 437
1085 1184
1086 1639
1176 369
1319 1241
757 1225
854 271
1517 407
1201 1848
1256 62
938 606
1101 636
1524 95
784 1491
1206 1441
1316 603
1500 1118
1057 842
811 707
1103 1730
1227 591
1740 356
910 877
1038 1815
887 747
888 1721
891 1641
1155 1164
1195 221
986 1113
1817 195
1174 506
1763 1802
1453 303
1819 833
1577 822
1225 1145
1251 1354
1514 1215
1397 1144
