0 1270
1699 699
3 928
5 553
1695 1038
6 438
1692 380
1691 99
1690 168
178 1163
1623 93
143 821
407 280
392 1296
1612 122
209 149
80 1543
785 1146
43 1290
1607 1563
1 798
2 1596
4 1002
1698 1258
1697 581
7 1039
1694 1019
9 445
1693 1449
11 1435
1566 1660
1665 1096
781 1075
853 1693
362 1066
1140 644
1079 953
1696 1164
10 388
78 1500
331 659
1312 1613
439 778
1487 1652
432 1384
536 558
569 1450
703 902
1153 692
1687 946
1509 364
233 1509
367 799
1470 1589
1269 1348
8 736
12 550
275 1360
1213 1514
1342 67
643 546
1274 667
56 247
904 434
1538 677
934 871
13 473
15 1289
106 1341
839 35
1619 653
54 981
1383 197
691 688
1419 1460
498 947
14 1207
690 538
1554 350
102 1499
855 470
269 214
414 674
70 1569
696 1133
16 1027
17 439
502 270
279 193
420 1665
837 1440
1050 727
779 1454
18 186
369 525
319 272
1497 446
1364 520
756 1287
1516 1065
519 1579
617 835
1225 273
1348 1140
153 651
1197 789
1381 342
19 1680
893 1274
305 997
1182 1654
109 724
1338 796
738 680
278 1473
1095 1259
1340 994
1472 1230
20 962
825 1279
1652 1246
22 556
1474 1237
1085 1369
1107 153
1573 328
111 908
125 45
346 1621
21 1649
23 1129
1499 49
246 290
1324 1353
256 300
164 1056
861 1283
802 27
24 539
1240 1306
1302 770
1498 595
586 782
771 1122
60 401
25 96
709 1591
688 1252
1007 916
783 1155
1459 1580
505 611
291 43
1217 759
1256 884
997 1084
923 1062
75 1046
1653 963
218 531
652 1481
788 242
1564 535
685 533
1418 13
76 1034
26 923
27 261
28 1112
881 1161
698 1308
1209 904
866 499
376 1090
472 1368
1576 1682
355 243
29 1183
294 541
758 234
686 521
1102 1222
474 969
752 943
969 1343
286 627
689 144
89 53
813 585
1473 1260
1196 985
466 957
30 1390
31 754
927 1048
354 1263
253 1180
69 700
1641 1331
507 843
625 190
402 1095
515 474
32 392
33 603
1295 1216
1621 116
713 479
739 476
957 642
438 1638
1605 1394
958 1178
1162 728
1628 397
693 256
435 1135
34 1485
35 239
1043 407
557 174
1051 937
1239 639
749 209
486 245
208 394
906 612
1284 1243
616 403
1660 722
36 648
293 444
1151 104
801 23
735 1171
350 732
518 21
37 1542
38 1036
1575 956
241 1389
1622 1247
1670 506
1003 1068
1533 253
232 1548
271 1585
1158 806
720 931
521 360
650 742
40 596
651 861
1181 906
966 801
81 876
388 907
1046 1200
39 32
949 607
149 1199
1649 292
1286 257
42 768
121 249
1560 276
676 71
1293 450
378 1265
1483 1079
1048 119
132 1642
252 1110
1581 532
894 191
671 47
520 1647
1150 495
727 780
1395 604
638 396
284 1303
41 369
44 971
827 314
1309 1537
1315 365
1477 406
1406 788
1185 263
1351 1471
491 353
673 684
654 730
1458 475
384 746
220 839
607 42
812 33
46 1656
852 858
919 1007
819 48
1574 891
907 1459
637 14
155 610
1333 881
45 436
47 356
48 984
1327 286
1409 185
1546 934
936 828
641 1123
49 142
682 573
1129 672
470 456
1112 1051
50 1209
188 1153
1465 1629
268 990
1408 1570
976 259
1038 1658
456 1508
820 1124
352 59
277 1301
1629 757
51 707
473 965
743 668
971 251
455 1382
697 316
571 1121
427 1014
52 141
955 992
53 6
457 458
1521 1271
482 808
765 1282
948 875
1602 825
972 1536
1141 248
1397 1495
1375 1098
1294 336
1201 655
737 874
1366 712
991 481
1298 587
55 975
1044 1251
1221 666
1285 725
385 740
383 1626
1184 1411
634 1071
860 492
1345 901
1443 157
1532 246
1291 1142
669 1383
1030 1462
57 1238
1399 1505
309 1191
621 1438
929 1340
412 1055
874 1305
1035 1386
58 630
1200 1376
195 1000
503 1024
160 1030
280 1311
1099 830
310 866
675 817
1688 671
1437 841
59 1070
61 1013
107 150
1206 809
1413 1054
793 1513
236 813
1127 1611
925 159
916 41
892 1063
62 773
247 1141
216 1333
529 1350
1272 195
1290 1029
706 696
910 948
231 834
995 721
97 670
64 1114
333 1671
235 776
1593 1498
1515 529
99 1176
63 271
563 586
1635 935
1416 1486
283 462
768 258
413 1347
659 155
66 1194
67 1631
589 1441
356 1550
1108 936
1422 877
65 482
585 1557
564 110
480 1364
110 1148
467 819
993 1250
613 646
921 1544
1372 1487
1404 756
301 344
68 679
556 867
1260 285
704 17
1123 16
647 888
645 982
1335 737
1451 1256
71 650
990 1025
238 530
98 1480
1615 717
179 600
1528 660
72 324
1326 1012
1454 1097
371 1315
901 1501
221 254
1571 262
351 1234
1098 1072
334 676
1411 24
566 647
204 895
73 1492
74 1400
1510 1307
887 844
1076 536
497 1362
655 428
602 210
1555 39
1169 832
77 1539
1339 95
1466 745
1636 952
375 291
200 260
944 511
1322 1182
1414 792
79 1223
996 1549
898 522
888 1228
366 182
889 440
1136 1004
523 1466
460 75
911 540
494 1077
1429 1355
609 57
1264 829
408 862
197 685
684 1688
1138 524
82 170
83 1136
1388 1601
459 1467
84 1630
1192 853
1561 865
639 488
157 227
85 37
406 181
1389 319
381 282
127 1387
485 1554
528 973
1433 920
941 459
201 579
1317 1120
349 517
522 435
1059 1354
287 281
1424 629
1017 1399
1042 1130
905 483
1502 87
87 375
508 374
1060 1397
300 885
403 1662
447 410
1094 1160
104 1205
1041 358
714 1425
843 468
1462 244
1396 103
780 1607
147 1278
1585 152
1426 1574
1650 237
424 880
86 1272
1061 372
1205 68
373 1503
242 1214
288 791
90 25
660 848
335 294
88 1231
91 921
967 664
452 592
998 1463
608 137
1392 327
198 744
483 241
915 1344
1494 269
1390 173
92 894
93 710
699 1685
415 8
1250 1069
1530 226
632 1232
636 689
626 264
897 333
94 15
95 415
1045 545
1254 1523
468 1235
372 1220
1232 544
96 1011
404 145
1306 29
347 503
177 563
1231 347
857 915
124 735
665 1280
180 1023
1113 1113
259 296
161 1556
799 85
389 1506
1271 379
1064 634
368 97
815 775
1534 413
100 70
1179 1393
1277 1186
154 1520
848 1304
578 1117
1586 514
517 941
1645 625
1578 1204
285 1212
448 675
1501 106
1508 357
1669 804
896 1
212 1169
730 1395
101 1107
856 528
222 154
642 980
1616 616
1253 331
103 487
105 1332
210 1566
541 623
1380 1101
430 299
1101 1683
1343 682
731 368
1084 204
1163 833
846 565
1540 1632
1148 1691
797 89
136 1552
1637 933
108 463
187 626
1015 167
1337 107
1109 638
992 726
593 1241
1178 232
1518 683
244 772
1563 570
442 734
464 842
842 1491
112 889
980 983
547 1567
858 1655
796 189
1441 409
113 366
604 40
440 1586
495 1371
374 1451
1118 761
818 1641
114 795
1481 1225
824 1267
282 1032
115 1144
555 1185
481 322
1080 432
1120 36
1678 958
1471 1058
1033 580
142 346
116 1476
1075 1667
816 640
1212 1009
1001 1458
933 399
117 1227
380 838
1398 1357
772 1565
118 1156
1208 1179
1588 1373
1207 1128
119 1546
120 429
539 437
574 552
131 1208
790 917
506 1031
565 995
1511 1352
1620 996
1180 989
1019 852
1646 1645
148 449
240 805
321 964
123 1190
1263 669
1373 46
1278 1606
479 163
1627 1510
152 1599
122 355
1448 893
1415 663
666 493
873 1064
126 363
1446 567
512 601
436 266
733 1145
1024 497
595 1356
909 90
1083 1540
490 1661
1330 1221
128 1533
359 235
1513 1293
129 305
500 793
759 1329
130 855
167 1276
903 178
723 148
1032 219
526 942
1082 136
876 393
419 1104
968 1196
298 1291
1092 1003
1305 568
133 349
134 1358
568 1338
1491 402
1655 851
1222 1253
938 918
135 1418
1405 1436
729 408
964 1429
137 128
1552 126
807 1174
1456 441
138 637
217 1561
139 1053
1249 986
1544 1696
140 1531
549 1018
398 295
1488 329
1400 343
141 114
940 140
170 65
605 485
649 457
299 837
1229 74
1135 976
548 56
1235 275
912 1137
832 1442
1562 673
740 938
1517 1651
144 873
145 864
146 179
1579 160
754 1439
1203 2
325 849
1644 1616
1321 433
499 1538
211 847
1031 1001
1478 44
1154 169
1081 739
891 278
395 1474
1218 1152
150 1666
883 509
1237 1620
1328 367
985 750
1236 505
845 1275
1682 1312
151 1517
1086 929
795 711
1341 307
974 606
1273 469
1168 641
753 133
1357 117
1331 551
1582 1545
677 1310
156 424
1026 1502
1013 576
469 807
484 172
681 1043
1539 1604
158 395
1490 633
1122 1035
1681 1430
979 199
159 1681
1625 320
1028 491
342 183
542 1330
817 1379
1177 1650
917 335
623 1562
977 1295
1248 702
869 1375
1096 1521
1512 575
162 228
1161 1363
928 500
1432 265
1047 1689
1495 1111
1685 1206
599 389
810 1644
165 1005
1352 1695
431 1698
1067 919
776 751
258 1627
1087 812
410 1687
1106 1581
163 1119
166 135
255 1081
1111 1496
577 338
1052 1522
1175 100
168 151
327 9
443 537
1191 229
509 619
357 1478
1444 306
532 198
219 1576
1002 701
169 288
1577 213
630 461
708 649
171 26
1543 860
1259 1528
1617 1336
267 1456
954 1582
560 348
172 681
1215 115
775 1309
1664 1359
1283 1269
1058 1472
550 1086
757 1317
615 376
173 1085
1354 978
1241 924
174 1323
175 1623
982 240
1014 905
707 1575
1100 447
840 1564
176 61
1407 1172
1146 1417
315 729
358 225
437 1314
1005 624
1355 1143
635 749
987 652
273 1022
1594 519
576 1594
1189 1675
606 1678
622 850
181 1511
543 1015
511 846
307 1529
1053 755
344 1045
1482 697
463 1345
182 373
183 1618
1143 760
1431 283
1152 60
880 125
871 636
1647 0
712 130
184 705
185 423
1445 354
1519 102
339 315
798 221
186 1636
953 1484
1316 1404
1547 277
1545 1597
1139 105
189 961
978 1437
1537 999
1164 1150
190 811
1198 1050
890 698
1567 252
191 158
260 498
1479 900
716 268
192 1281
805 1572
227 1328
1310 113
311 1028
1347 12
449 1535
477 502
1587 593
1066 19
1280 1512
1453 890
734 1059
292 518
194 118
1557 898
193 1668
196 814
552 620
782 1366
814 1483
744 1547
264 1615
199 184
877 1419
1334 1342
1057 892
492 200
1265 88
1376 803
1496 1448
202 598
1238 143
203 1284
1036 766
914 1694
1246 218
1507 127
476 1670
1455 1646
1142 1541
1144 1057
205 162
1520 1571
572 54
274 496
702 337
732 206
207 911
937 1605
1258 341
206 1219
1131 1534
1535 831
1583 1672
1006 1138
243 1294
1550 1132
1654 77
1450 1106
722 605
908 1285
1365 1134
1610 1346
1188 1625
544 614
761 1493
809 1453
943 1187
1233 827
213 383
1292 1568
956 1431
214 930
628 960
1484 1398
627 1558
711 1248
363 1242
1332 824
290 1524
1299 743
742 1125
1282 515
1296 217
215 618
951 622
417 298
478 1021
870 1151
1325 187
847 471
1600 52
1074 1444
777 966
1055 1292
223 1266
900 414
1270 870
670 547
1204 112
224 597
458 448
429 1337
433 1686
561 562
784 621
755 419
1679 926
226 22
1667 1610
405 769
297 1326
863 1297
225 1559
228 1617
1387 1193
1485 250
1486 555
1165 954
1344 494
229 34
1247 1099
230 1416
540 1313
1666 1584
1440 820
234 1602
1219 4
1603 362
1056 1321
377 1443
306 1477
421 752
323 1088
611 201
237 657
886 868
821 899
692 1415
1378 330
501 1692
844 840
546 1494
296 561
973 443
705 826
289 1049
694 385
239 30
1011 1102
741 1628
1438 1555
1423 950
302 1380
1159 289
1569 303
538 991
1029 1426
245 64
970 977
687 1010
262 345
962 134
1568 66
248 301
1427 617
1401 1016
249 713
504 138
1500 590
409 1165
1068 1406
1034 1551
250 1273
1425 748
672 171
1210 1401
251 1657
340 988
1460 1229
1680 1482
679 1447
1319 1300
1591 1181
1287 1674
680 175
1476 1335
295 1424
254 869
257 378
717 478
1371 526
471 1060
261 1434
1021 658
1303 20
1194 231
588 1224
1379 472
981 1659
1367 236
1183 411
270 18
513 422
326 1587
263 1327
736 84
1065 1288
265 1217
266 501
939 267
872 1527
965 613
1598 1553
644 215
276 1595
1393 207
1386 1006
1170 208
1480 1334
1267 932
718 1588
465 1422
445 758
272 1255
1677 1378
1307 609
826 781
674 387
1676 1526
1257 10
767 1697
1370 11
1346 507
1549 1676
1410 883
393 390
1227 764
1091 686
1614 211
1421 1525
281 121
695 111
1157 715
1025 131
715 384
1428 549
1147 731
787 1637
1420 631
1611 1197
422 223
1626 765
562 512
575 560
1281 1593
1070 925
1489 1264
1434 628
322 1592
390 513
525 1677
1262 1518
710 708
1336 293
1503 321
1657 718
769 816
1008 1177
533 510
1368 822
313 527
1435 1149
545 120
918 1573
1126 818
1672 879
318 1041
1174 733
487 124
591 582
1226 274
303 912
304 203
461 1042
1104 1392
770 1488
1216 308
341 591
1009 1413
899 1634
1275 1261
1417 1410
308 420
746 431
836 466
1172 1349
1266 361
1069 1648
1130 255
1597 1475
1430 1131
1149 1147
868 1421
411 720
1663 1598
531 747
598 1619
1323 940
751 1026
312 1033
314 719
1402 882
1613 377
1349 1432
365 313
316 1157
317 1489
764 1092
1553 1402
320 309
932 987
1449 442
942 1262
1088 1184
382 1139
324 1490
1110 82
1590 1195
1643 156
614 425
952 857
619 51
1529 386
653 1603
328 1423
959 1504
1054 1061
1195 787
1609 1622
329 1168
330 202
1359 945
1105 1239
865 1094
332 1624
370 534
624 1087
1608 951
1493 381
336 1372
1308 417
867 1407
337 1365
338 1268
1556 222
1132 578
1252 1612
1103 76
1506 815
343 1073
570 1507
1114 1319
1391 786
1570 480
1089 312
348 504
345 62
1463 94
945 859
441 1115
353 73
1651 1403
1353 1385
364 7
747 632
1624 784
534 1044
454 1324
360 1699
361 654
1464 572
1640 1583
425 1103
947 165
1631 1188
1659 92
1656 972
1684 1679
1461 1047
1363 166
631 1414
1526 352
994 1470
1592 139
850 588
1580 1577
1023 1339
924 968
379 678
829 762
913 508
1199 783
663 1388
830 810
1288 695
416 1083
1329 477
567 1322
1078 856
786 72
1642 771
386 741
387 1210
926 38
1012 490
1018 897
391 1578
583 1215
1121 1218
394 594
792 1158
396 194
1039 967
397 421
1318 58
1689 192
620 455
399 571
400 177
401 1233
618 1203
1186 404
823 400
453 1446
1116 693
1124 1608
1022 28
462 802
1523 1175
745 63
960 557
794 1519
418 1420
1115 645
1358 1192
1251 332
1063 1201
803 1663
1097 1198
1551 129
1027 687
1457 1452
724 1244
789 927
423 662
640 1127
426 1109
833 451
428 1412
822 317
1630 763
551 123
835 1249
1020 914
434 188
950 1126
841 767
1403 391
1531 212
648 777
444 464
629 1479
446 1170
1133 430
804 91
450 1409
1565 886
1220 1408
1442 1052
1683 161
451 484
664 1316
514 959
1125 589
988 1189
1276 1089
984 574
646 949
559 1277
760 467
603 398
879 284
1668 216
975 872
859 993
1245 1669
1447 1202
600 577
1301 238
1073 779
668 453
475 452
1145 1445
1243 1093
1214 523
657 1118
1289 566
1658 615
1202 147
554 797
488 1159
773 661
1639 86
656 180
1360 69
963 1614
489 909
493 863
831 785
1350 1037
1167 1076
496 998
592 351
1452 1020
1638 1361
1072 1226
1155 723
725 1457
1311 1405
1160 164
1601 1167
1527 896
1385 656
1166 98
510 224
1137 714
516 1211
983 854
530 1325
1071 1469
1361 1257
748 1690
1062 690
1382 489
1117 1213
1675 543
1313 903
895 599
1514 1245
524 1635
527 913
1268 887
930 79
658 1468
700 1105
535 1684
573 910
683 1427
885 279
537 716
1223 325
766 1465
1156 1082
834 50
1016 643
601 554
849 1664
1040 1236
1599 339
553 1078
1230 418
1049 426
1244 382
558 878
1128 220
1234 1609
778 132
612 569
999 405
587 323
961 55
1475 80
1374 944
579 146
610 31
864 800
580 542
581 1318
1662 548
1242 1017
582 564
1492 1302
584 465
590 1067
1119 371
594 1455
597 297
806 1560
596 1286
854 1428
931 196
1524 359
1504 304
1541 5
1436 454
1173 1639
1077 334
750 108
1572 1240
1176 1600
1037 83
633 955
986 1299
946 1590
728 1100
726 233
862 516
1686 559
922 1433
1412 1643
1255 1108
884 287
1314 1080
661 1464
662 939
667 1396
1589 302
1193 635
678 1298
1558 1008
1548 81
1469 310
1525 790
721 340
701 1532
1536 1633
989 1173
1384 1673
719 1653
1606 706
1356 311
1224 836
1190 602
1618 709
1674 583
1467 1154
1369 794
1362 974
1279 608
1261 845
762 1377
935 1530
763 1351
774 1116
1559 979
1505 774
1297 1162
791 1640
1673 326
1090 412
800 1516
1648 970
920 1367
1632 460
1661 1374
1010 1254
808 1320
811 78
1468 427
1304 3
828 704
838 1074
1394 1370
1542 665
851 1515
1134 318
875 753
1228 1391
878 823
882 109
902 486
1187 176
1584 1040
1093 691
1596 703
1004 101
1634 738
1000 1497
1300 1091
1211 584
1671 694
1377 1381
1595 922
1171 205
1439 230
1320 370
1522 416
1633 1461
1604 1166
