3_6_14_18 01 -0.0209557933189198
29_36_52_63 67 0.0274466076831253
40 66 0.0277281221612413
01 90 -0.007882318343684
82 30 0.042376255652137
24 21_26_51_60 0.124440022065647
53 68_86 0.010112178475893
84 7_32 0.137372841529445
71 11 0.0363504909583231
11 42 0.0272877507214983
82 31 0.0413277002860891
89 85 0.0360011337669251
50 16_25_49 0.0146470774198549
67 91 0.0847955475847759
24 22_39_58 0.0137814255355042
90 47 0.179967100481012
7_32 10_27 0.033925523942363
35 90 0.0075593072441386
88 64 0.0380757534919236
74 01 -0.0420664640215952
40 67 0.0329967044765723
20 53 0.010486133880366
3_6_14_18 16_25_49 0.0682026332501001
72_81 68_86 0.0295384776088705
2_12_19 77 0.0786112292514454
33 42 0.0520621919338529
15_57 23_69_73 0.0149669742738921
88 3_6_14_18 0.0098220704641164
84 75 0.0123743915512316
54 75 0.0002591291270171
78 10_27 0.0430013159100032
13_43 9_45_55_59 0.050728104871925
