0 1047
2 1581
1948 1342
1946 852
5 52
1945 218
1944 801
7 486
1943 1319
8 793
9 1395
1941 1851
11 1407
1939 1592
12 1722
1938 1058
178 1291
374 1628
326 1886
750 1782
1514 851
950 354
328 1183
1057 1059
932 620
1679 987
1491 1766
1860 1241
1602 826
1 201
3 1095
1949 631
10 16
1942 1760
1940 615
13 1506
1598 1344
841 1440
835 936
372 209
429 1297
1115 186
1205 461
1628 972
1561 11
4 380
6 236
1947 1175
14 879
1717 1518
121 361
1126 1172
1902 1610
584 1589
15 956
98 788
161 152
1116 1414
833 902
813 896
817 1655
541 1639
1903 388
857 906
16 1104
1098 160
1801 797
643 1145
814 645
945 1615
1447 1198
367 567
1176 805
262 1868
992 983
1001 1896
1105 345
1363 1124
463 474
780 1602
1876 558
1910 67
1477 1430
951 774
830 1568
1337 1099
990 1187
42 144
1818 893
18 199
106 844
1291 1354
76 1234
1921 1555
231 1152
1305 1541
534 887
575 1250
825 523
1293 117
17 1789
690 1875
299 208
1662 850
1615 126
20 1285
376 538
1141 1000
489 1843
1301 174
1923 1821
97 1272
1448 1919
1671 1762
227 1357
19 1647
1408 1637
783 1021
1936 1786
393 1816
492 1768
335 1864
798 346
1855 469
683 525
1016 140
751 939
241 60
1728 1003
681 1128
1327 371
21 594
23 1089
838 649
1653 25
166 1650
73 839
394 1189
22 754
24 1923
1223 724
1505 1094
215 1341
1689 891
273 1114
572 1831
586 1605
247 1263
927 121
842 726
1550 1730
1074 593
1906 871
998 1845
761 265
25 112
1499 188
240 1274
697 21
1485 1264
1459 215
422 565
96 1801
803 33
386 50
1294 1068
313 1255
1817 1390
1731 90
28 806
818 1322
858 1814
962 603
1154 1093
1772 401
442 1197
261 210
26 1120
27 1526
291 894
377 1834
1743 990
1639 476
1764 398
756 872
252 176
708 341
1698 501
935 1819
1068 404
29 1870
30 411
1856 837
709 1439
1693 446
1067 775
552 901
1048 734
72 684
1306 1725
31 1090
1866 1662
779 1217
363 1196
1831 207
946 1580
1021 857
1243 223
1470 1562
797 1502
454 357
32 138
570 1873
118 986
1473 453
1552 1553
480 747
883 1423
33 1393
444 1316
528 1270
1722 784
39 1488
259 1520
1804 250
482 227
1310 1601
350 147
662 1616
345 1352
1493 1355
1867 1822
34 1706
35 648
624 1015
1322 455
1656 1001
303 281
316 1366
1439 1205
1627 557
1193 950
36 876
1641 1448
1917 1634
234 1259
123 393
1282 194
297 115
383 1310
1169 1584
1840 1631
1490 1076
1629 757
431 561
37 293
852 1482
473 537
136 1280
965 587
208 635
532 1216
38 13
212 532
1677 1850
1020 641
1423 1582
1732 1156
1415 1420
919 1548
548 1715
1597 639
1311 696
525 927
566 239
1507 131
995 1360
354 1233
40 1756
1915 496
168 247
508 1879
507 430
1773 647
529 19
1595 127
307 1155
897 42
41 955
1435 659
759 1190
909 492
254 1464
195 1854
216 1949
1828 1901
1713 868
1331 314
1752 373
855 462
1107 1686
218 1817
43 1574
1673 626
1896 1378
609 1220
734 804
133 1317
209 1413
207 1143
1114 541
1351 94
44 995
1509 725
587 827
199 506
170 948
45 1203
1399 821
1345 756
1416 719
1576 744
1885 1401
543 114
468 568
704 23
1297 681
149 1695
90 1483
1622 1716
994 15
46 1381
315 1793
135 768
1774 1267
48 177
1381 505
999 1872
1110 653
1458 695
686 743
1467 1153
443 548
47 435
866 1224
485 326
1853 1130
753 47
1603 460
617 1680
940 1808
804 1718
873 154
1256 402
79 1499
49 1742
50 1462
615 1177
792 1042
379 1683
521 93
1418 1859
915 1345
1269 1416
692 1235
255 1618
1134 272
1813 454
51 1490
56 1331
1151 1146
1538 728
52 1920
1544 473
191 741
815 364
997 967
1136 368
764 938
53 191
295 1945
1348 673
744 1609
1441 848
696 509
470 384
511 1444
769 1079
1868 913
518 1176
54 961
845 1248
1338 294
1073 1784
138 1334
324 854
1811 1240
782 1939
705 433
1663 1664
515 51
1887 1454
889 1399
1444 752
650 1424
982 1139
1755 1071
55 1081
57 1653
1697 1547
1919 1275
340 1767
1472 1005
1350 1938
829 478
1035 1496
58 1463
392 1362
739 59
1422 550
1694 1935
59 1327
722 40
362 1701
1881 952
959 823
1487 569
1808 383
875 412
948 682
929 552
1744 1682
1029 62
1553 1179
1736 577
720 808
1091 958
1280 73
1883 35
70 156
60 1614
71 1812
1214 787
500 363
1757 1163
1092 280
1096 924
61 1645
300 334
958 1468
1163 355
642 1590
62 1312
1551 595
1159 1660
1432 579
1200 1687
1191 170
1482 466
1284 1082
923 1598
1729 900
467 238
637 968
64 88
1286 596
293 1755
1838 1436
1756 80
322 1479
253 1348
1478 599
1080 693
1182 447
1392 324
488 0
816 417
1347 556
1462 1531
1608 451
1723 796
63 1741
66 1167
236 125
905 1833
634 1909
773 1633
1512 1750
1636 1529
1768 231
65 1211
574 517
450 1396
1246 922
151 1403
169 761
180 1513
1281 637
67 531
68 137
540 1540
1333 422
884 229
772 149
1218 266
171 549
1649 1861
1837 1507
69 312
1884 1261
1125 1192
381 53
1143 1563
1148 945
1696 212
197 315
953 1707
438 1623
862 1550
676 1484
952 1105
563 1744
956 185
589 976
176 1674
1834 28
1894 1137
1299 1315
432 252
963 1098
1122 763
1061 1080
1613 1337
1518 202
493 213
1920 890
1222 313
856 1753
105 68
1254 858
74 75
1469 14
1688 375
1104 1797
554 575
610 1492
341 678
1660 1539
1888 1154
606 1543
647 382
1824 304
520 957
893 1780
75 1774
329 613
596 846
113 100
599 1386
77 1380
78 1135
649 1228
1712 267
1778 736
177 560
1344 91
88 1300
1657 439
700 765
80 778
275 786
1033 881
691 526
886 1191
904 1340
878 198
1049 621
1826 258
1307 962
677 351
249 205
625 1895
763 1669
1528 1708
1419 1665
1701 470
81 1557
82 1408
795 1932
1607 912
653 1593
183 996
785 636
1185 598
506 553
107 1201
1882 1579
928 1877
503 1532
487 1074
603 1162
1759 1758
112 1732
403 935
217 1799
417 507
1017 1392
943 1827
1890 390
85 1101
1346 133
388 221
83 1313
1264 214
1216 830
114 1603
298 1206
1247 1830
977 1044
84 1320
86 1505
87 57
727 381
1230 123
1593 1069
1428 539
1131 815
1877 1783
608 459
1600 1536
1645 640
1188 432
545 1007
1317 1684
993 1853
1795 519
89 337
519 1309
92 43
196 457
475 841
881 614
1527 524
707 825
768 1022
1121 110
1097 503
648 120
139 1437
369 1425
1468 1100
595 1169
128 225
1706 378
1935 235
455 96
1815 1668
174 1559
1776 95
330 1438
101 307
1646 551
1330 336
859 1256
179 1727
1849 1244
1584 677
91 22
93 1551
666 1433
613 1443
687 4
1769 464
1898 1251
94 1688
660 136
389 465
158 268
1483 629
1526 1771
1760 1906
582 82
95 1534
967 415
533 1113
1937 1168
1065 124
766 497
1150 240
225 563
1412 1018
272 1210
514 270
601 803
874 1338
713 947
1690 880
423 884
1189 484
434 1221
1341 1533
1099 1942
476 680
605 985
1302 146
836 679
1296 134
1907 487
351 1404
847 303
413 628
137 1123
1486 1121
292 1305
1046 305
1240 1871
1745 400
451 449
1747 259
1129 463
1391 1761
973 1704
560 438
99 467
100 1734
425 479
839 1232
187 1495
352 480
688 1073
282 1510
181 928
401 1385
901 997
996 1470
846 834
1083 674
232 574
1089 141
1844 873
102 711
1900 1842
1463 1858
989 232
865 1599
104 1711
1814 1367
949 1063
267 1398
659 1215
1577 1025
1781 333
103 1097
160 1809
1705 750
1806 672
784 1419
661 389
1144 1690
110 630
173 155
214 1673
941 1878
1388 241
314 973
1377 1697
108 222
592 300
627 344
1359 689
1591 1023
1643 1644
1221 1226
651 1208
937 572
1843 1326
827 1642
333 27
1871 1527
805 311
1455 323
109 1118
111 1757
190 1096
1272 458
1506 749
1625 425
1440 1917
799 1893
933 644
408 1227
702 1307
939 224
1180 1627
260 885
966 1144
1109 1910
447 545
1079 870
420 566
115 866
1009 782
320 592
629 98
163 946
1069 1675
1394 1724
1130 708
366 1383
1730 392
116 514
1088 643
1791 81
1022 771
117 122
1371 1116
339 820
461 903
286 416
1930 1558
1724 654
1421 352
1352 1086
1691 1570
497 1900
237 1575
1277 26
1118 511
680 1937
157 1825
1788 362
1438 403
513 249
1809 624
1812 609
1393 675
1460 1346
119 385
120 1271
278 589
505 1178
1003 687
1042 1353
1389 1325
1184 353
809 1681
1108 1813
872 1035
1292 819
1445 875
122 951
921 245
1805 1062
1495 339
1172 944
1516 942
1642 1002
1192 1564
954 718
1273 723
1682 533
124 203
740 1061
826 31
1382 1542
125 1008
1094 845
1587 814
382 1773
360 602
126 1719
127 1514
1620 721
165 1296
1735 773
1261 1915
418 683
1846 963
1360 1230
787 1912
129 1011
665 662
757 429
1819 283
714 1292
1565 1174
1298 167
130 257
1186 3
1926 254
1707 1323
131 414
1869 1038
1323 1500
802 45
1390 1247
132 816
1024 172
477 925
1476 1034
710 7
1260 1698
1618 597
1436 1586
1426 969
796 56
1235 183
1830 623
1567 1811
134 168
736 1171
741 29
1695 1368
576 234
556 1746
310 1406
1258 1554
628 1832
1786 898
1070 1617
421 1302
822 1866
931 1046
1542 1333
1142 580
1044 547
1874 1343
1534 477
140 306
1025 1133
481 1242
1848 1790
760 540
1167 1840
1554 874
695 1131
1006 1088
1558 583
141 1200
1807 1924
142 72
143 1678
1928 299
1466 130
257 1459
305 832
1379 1102
565 1435
1197 978
1793 1561
1253 1493
145 570
549 783
623 917
202 1728
1517 387
144 343
1236 1498
1623 413
910 920
1008 770
1274 216
460 153
1586 1052
325 1641
147 502
1353 1166
765 1907
1406 701
1149 974
146 87
1135 1295
364 1892
1334 1509
1640 190
1637 1823
1878 1807
491 810
1714 1429
399 445
1581 581
1531 1486
701 405
148 1405
150 869
925 829
755 607
1703 1281
850 452
655 1107
281 608
435 396
1030 1604
689 1112
524 1225
152 699
1407 1544
406 855
1266 964
1014 656
1541 1084
153 409
1378 347
319 877
154 1608
155 622
1654 261
1308 489
1762 975
983 1800
735 1624
1932 298
597 1638
512 1339
598 1207
626 1572
1651 1067
156 66
1220 867
1783 700
343 1402
754 1815
1267 1836
250 1927
1702 915
233 739
821 1301
531 1663
1568 237
1872 1876
888 1117
1797 8
288 1546
974 330
1026 794
1095 493
436 707
721 1268
162 386
553 338
321 1125
230 1837
1313 418
159 1705
164 989
960 760
1842 1692
358 1397
474 1165
465 1150
834 1180
1373 1091
414 106
882 1051
729 1903
167 843
1798 1503
955 769
1403 1489
238 960
185 1537
1571 979
287 1748
1739 836
1175 1410
793 481
900 206
693 798
1064 1573
294 1685
1140 715
296 1902
1023 926
359 1115
1405 1791
1686 1289
1742 189
1063 536
1358 651
1437 544
535 828
876 582
536 1625
172 444
1075 1916
585 157
1328 1036
1199 1720
807 1400
175 717
867 909
1127 1911
419 78
1933 275
1543 116
1672 573
957 485
1340 564
501 1770
1931 264
370 426
791 5
1128 1703
1563 1057
1158 1083
1841 1752
887 1303
1891 1717
1616 1379
1084 1369
410 1455
279 1231
1667 86
1895 278
1893 1860
1583 442
1734 824
669 655
182 1657
1562 1004
810 320
509 590
184 1445
564 745
819 1595
424 657
1386 1358
870 1855
895 988
725 9
742 688
186 1469
1475 1888
698 732
188 111
479 1027
248 1028
1715 1852
409 1409
1411 17
242 859
189 423
1357 1181
221 1640
478 99
1413 107
1318 1110
1045 1461
1156 1487
1573 273
1880 269
284 173
1666 1798
1332 780
1257 322
1270 65
1060 46
1779 321
1242 652
192 812
193 1374
1055 1583
1162 818
1056 1311
194 954
1324 1931
1908 1670
1761 468
1621 1899
547 1056
1799 161
396 1249
448 1119
936 1141
898 1222
334 1656
1037 1635
445 472
1862 919
198 150
1383 1729
1873 992
1157 813
616 650
200 450
378 1033
636 407
201 1844
462 1658
355 1941
1683 1072
203 350
1484 1733
1072 1611
593 1491
469 1485
1832 1299
204 36
1901 187
205 1652
840 233
607 791
206 1846
1106 253
1471 367
1782 530
573 1449
1605 1173
1062 171
1005 32
1039 1566
559 296
1173 1751
1676 84
871 911
1249 456
1226 289
210 1148
1480 79
1854 448
1250 1245
211 1512
1032 802
342 1009
213 1269
263 424
1449 290
1498 1775
621 1382
619 1147
618 1787
562 735
1765 1085
1410 1857
1145 529
1212 1013
1285 255
639 1053
1511 1149
1494 499
1229 899
987 847
1865 737
600 165
1638 1521
449 1412
220 1304
427 48
219 1897
1237 779
245 933
222 694
879 1236
384 1591
235 395
223 34
1093 1330
1465 1763
712 1467
771 1567
224 1060
1248 431
226 1140
794 1238
1670 1477
1398 807
728 158
1300 660
228 1699
229 1188
1015 669
494 980
622 1779
1823 179
979 1452
800 907
1263 764
1522 627
1255 1829
1675 335
892 287
849 483
716 1286
1265 1525
917 349
1027 703
426 1070
824 1010
1241 327
906 601
1617 822
885 1649
1708 883
1316 342
1234 518
1497 959
1011 516
357 1549
1496 1622
411 617
811 864
1474 328
239 1940
412 811
1168 1421
1365 1151
1102 616
502 897
1372 1764
561 1457
730 1613
1580 1209
1785 301
1546 1055
243 1276
851 200
1227 102
1929 318
344 284
1934 1944
902 143
733 625
1401 1158
1325 1426
1404 1204
246 1077
1709 1019
645 692
776 1856
244 1743
1289 1473
459 634
1395 1202
1326 139
433 1318
1513 670
1796 792
724 77
912 58
1132 1620
523 1372
1047 767
1727 332
981 937
1053 929
1321 61
1606 690
896 638
251 1243
745 799
1179 1442
1857 182
844 41
1767 1737
327 1184
1215 504
1800 1258
1385 1908
256 1626
988 1630
457 163
1233 325
375 1612
331 971
1816 317
1749 1629
1912 1375
749 1006
387 1432
258 105
557 1735
1275 1415
1013 1199
1582 243
775 1377
1763 610
380 1726
395 522
1619 1314
1529 1936
317 1835
632 1350
578 441
1911 1772
1845 762
1704 515
684 668
1155 1921
498 440
1569 1308
1655 1351
1137 862
788 914
264 998
266 242
1685 421
265 1262
922 500
407 916
268 1075
1687 604
746 358
1858 729
1224 482
269 1702
464 1738
1515 292
270 720
346 291
471 1820
271 1411
1879 69
1077 10
1366 365
1113 348
706 835
1579 932
274 1
790 1306
654 619
732 513
942 1066
1572 1934
1152 1370
276 377
285 1691
1699 716
1384 633
397 1677
1446 751
1228 658
602 1129
658 1828
1111 260
1431 128
277 101
1454 1376
781 20
1287 1672
1835 712
1539 753
907 104
1504 931
1239 1422
280 889
1753 1884
580 1329
1588 359
980 271
1564 1709
283 490
1066 1106
1078 263
583 666
404 310
1716 1219
1770 1867
1792 282
1557 211
483 605
1040 360
550 1387
1748 308
1909 733
1041 356
1217 1283
1647 1745
752 1016
1202 766
289 1914
290 1824
718 949
1174 943
1566 1904
674 164
670 366
832 288
1004 74
1751 1474
978 1826
1402 1109
635 1278
538 892
770 705
1276 1535
678 1596
1766 1212
679 1794
1278 18
437 397
1545 1186
1847 30
1614 984
301 664
1238 1710
1821 1252
302 1024
828 1556
1589 1839
880 1373
1283 427
837 1229
668 297
1720 1676
304 1335
1424 706
1658 1447
1368 420
306 1805
1117 434
1594 667
916 1054
672 742
1161 129
309 494
1634 600
308 1465
591 1643
440 1287
311 1785
717 1136
863 145
1082 1769
801 226
1457 1134
1160 755
1194 1273
1668 1696
312 853
1370 1138
495 921
918 861
1601 1017
715 135
428 510
641 895
1570 1666
970 671
631 1778
853 219
1244 1193
868 809
318 888
1481 1451
664 1384
894 39
1120 606
594 1560
1000 1195
1028 1869
579 585
1787 1894
430 1092
1559 1328
860 1466
415 1571
1231 555
323 475
1245 1428
1434 12
861 1294
1886 977
657 1481
1624 612
1213 571
971 276
441 1847
1319 436
646 1157
1420 1721
486 70
1794 730
1610 1621
332 982
1153 1185
1396 781
1451 1889
371 1523
336 1347
1430 1863
337 1810
361 1679
1335 1607
930 1841
1195 1418
338 838
577 2
1710 195
1741 159
911 882
569 256
1631 1298
1123 1160
1456 1739
1087 1528
1479 940
1599 1891
1592 665
347 132
1376 169
348 994
1850 584
349 1632
1364 408
938 204
972 576
1279 1040
675 1636
1681 1359
762 1087
1899 758
353 1585
964 1545
1210 1519
1124 1648
1726 1588
356 554
924 842
975 953
1043 1565
1905 1865
843 1781
1362 1905
1548 1654
1339 151
673 196
1721 64
968 1689
510 1880
365 1037
1829 316
368 103
1397 785
1863 1600
1375 1142
1427 1788
496 1434
1611 1356
726 1282
1802 512
558 886
1177 1475
1822 1441
630 1014
472 999
1052 1458
644 217
373 1064
694 286
944 1759
914 1446
1661 865
1103 1552
1443 495
908 251
685 831
1852 1731
539 394
385 1260
1771 722
899 528
1780 1714
439 1237
1523 1159
1309 676
1839 1321
1081 1661
490 1364
390 49
391 1365
1425 1030
1700 661
869 193
1502 1524
1400 663
1925 1693
1789 1922
920 1887
1019 1849
1271 527
1086 1050
398 1929
1533 1501
544 181
400 702
1524 1026
402 1885
1165 1213
985 800
1659 562
1139 274
1692 89
405 1933
526 1898
1295 406
976 1480
1825 369
1719 691
1355 44
1251 248
416 704
1051 710
1500 83
527 1516
546 148
1740 1796
1897 1029
1007 1194
1630 1517
891 1749
903 1747
1492 1427
1380 965
1147 918
1452 727
1461 71
1827 966
1914 508
778 55
1204 559
1889 1214
747 993
1612 1453
848 1476
1100 1284
571 76
1718 1431
1464 1925
1198 904
1367 491
446 934
1644 772
1209 1065
1574 488
699 860
808 1848
1453 113
1207 1776
1187 1257
1536 611
452 1712
1349 85
453 1048
1750 1494
1183 1577
1211 1667
456 374
986 1170
484 63
530 878
458 1478
1864 1041
1924 1754
1090 1740
812 849
877 1388
1537 1078
466 109
1711 166
1738 863
1262 1795
1288 309
590 1659
1916 923
1387 370
1664 520
738 1417
823 731
640 175
1031 789
1754 618
504 1943
1680 1363
1138 591
723 833
1409 910
516 941
1166 714
581 302
947 1881
1329 746
555 1723
499 180
984 685
522 777
1315 981
1678 498
786 1472
743 1324
1918 1818
1784 1266
1737 1700
991 1930
1733 543
1758 108
1206 1576
638 817
517 1594
1870 1874
1549 1460
1303 399
1648 471
758 1239
1861 991
1508 1792
663 246
1777 1913
1892 1713
969 1132
1342 1597
1059 6
537 410
1859 698
652 521
542 391
1556 178
1836 1246
1133 1371
1674 709
1503 748
1633 1103
551 1587
1219 285
1268 1394
1521 1254
1904 1883
1433 1223
1417 1032
1442 1926
1369 1838
1356 162
1119 279
567 1020
568 38
731 220
1547 1651
1304 1806
671 1265
1652 1946
612 1619
831 1161
1578 1802
890 1182
926 1646
1604 24
1201 1127
1170 197
1164 443
588 535
1488 776
1203 1031
774 142
1171 1126
1314 970
1510 437
604 1122
1851 1508
1050 244
1790 588
1820 1736
806 856
1429 713
611 632
1922 1039
614 329
1520 1332
1010 1253
1585 379
620 228
719 37
1178 1777
789 54
633 1391
1635 1862
1833 1538
1414 1530
737 1279
1101 1336
667 697
711 1918
656 340
1038 319
1489 1497
1225 905
1450 586
1810 1349
1875 542
1775 790
1354 1277
1012 1504
1575 1389
682 1049
1596 119
1519 1290
1684 546
913 795
1501 759
1361 277
703 740
1590 908
1525 118
1232 1012
1181 578
1336 1471
1650 1450
1669 295
748 1293
820 1361
1252 192
1259 840
1034 1218
1560 930
767 1882
1746 1803
854 372
777 686
1002 1948
1609 642
1036 1164
1190 1578
1146 419
1927 1765
1208 1890
1343 1694
864 1522
1725 1108
1320 331
1913 1111
1054 97
1058 1804
1085 1928
1076 646
934 262
1555 1947
1540 92
1535 1671
961 534
1532 1288
1312 1511
1374 1456
1018 1045
1290 376
1071 1043
1112 230
1196 738
1665 184
1803 1606
1626 1515
1530 1569
1632 428
