0 1537
1748 639
3 1292
4 926
1746 779
5 562
1745 1308
6 1134
1743 652
8 1338
1742 345
9 470
1741 301
10 306
11 414
1739 1430
12 365
1738 813
13 814
1737 311
14 1741
15 1621
1735 1560
178 44
1375 752
228 1131
429 927
1477 1210
440 585
479 1269
1215 1354
1646 850
1731 1550
1625 833
1 821
2 425
1749 1113
1747 579
7 679
1740 1435
1572 1433
1044 1451
994 1125
1458 1381
696 1423
1516 1460
835 1407
1066 1365
624 1437
317 183
81 759
1585 549
627 1218
16 42
17 1687
1717 1515
288 853
1274 181
1596 665
62 1077
1254 1627
1553 1272
1603 1278
140 1474
1143 1052
1024 324
1744 423
566 340
1068 913
1217 51
1408 917
61 1209
259 476
1151 1556
1591 573
541 956
103 220
1231 1028
18 400
19 325
1098 440
435 1512
222 1459
186 667
1128 29
1255 469
465 1170
331 848
1355 1552
651 464
1302 558
558 764
538 1175
1187 666
1298 734
731 952
20 938
195 177
1671 1480
1256 1219
477 615
513 1321
1091 81
689 104
1113 1314
22 1238
711 1727
1205 419
591 346
86 626
21 628
106 1294
310 988
724 534
1346 1657
281 1600
1061 900
1322 971
690 944
107 809
460 689
374 1008
121 1358
1631 553
434 704
1094 417
23 175
370 190
589 1120
356 168
968 1291
988 953
796 281
1339 122
24 1391
1670 1246
1097 619
264 187
1694 643
219 312
1684 994
1306 460
623 1646
893 135
279 1640
897 663
359 554
779 1062
584 546
1392 550
1174 282
753 2
958 1581
567 1715
1455 1504
752 1553
528 176
25 859
26 1019
826 1384
1648 296
130 618
421 784
27 238
1479 372
1692 386
933 629
1554 1616
1568 356
1155 200
781 223
28 1359
1102 430
1237 535
344 211
1650 985
600 1567
705 343
457 1402
706 1485
799 182
1145 1636
29 1243
1499 1575
1175 1103
369 224
509 582
1045 337
1414 1544
1537 1257
95 1193
980 1204
1608 771
30 896
898 291
878 13
1617 1168
1236 192
1239 1115
824 1619
1611 1554
31 57
1132 1201
1171 1523
1413 795
49 576
784 1681
668 575
32 1702
291 1172
76 822
155 1744
1177 387
474 528
912 290
574 519
1111 389
1071 1286
576 427
448 131
644 140
1586 1483
33 780
43 531
698 1461
244 76
1131 358
1363 1249
69 248
1008 911
124 695
1491 725
1009 1318
34 179
881 323
469 1367
167 1654
1734 1549
407 714
1618 588
1001 410
1252 843
35 1614
1161 597
722 1680
253 1706
341 742
851 136
747 1517
1092 614
930 918
920 1022
1715 805
53 1723
91 656
557 1429
1210 37
135 1607
1511 1584
199 10
1619 1456
1517 491
144 1559
777 213
762 919
36 75
37 24
431 1026
1325 1728
364 368
423 157
54 1739
654 1311
1427 782
38 1297
1641 670
1297 968
1627 946
628 691
1574 1092
198 1701
650 1242
765 1617
230 685
951 1521
395 1224
785 899
648 1097
783 34
163 302
173 1352
1371 905
1323 1171
316 488
40 941
1005 444
1025 82
488 506
1315 1276
250 188
41 590
209 632
1136 1010
512 1749
805 67
978 888
1268 1133
408 1165
175 1699
42 1059
911 289
909 0
996 233
1387 975
201 720
520 1418
122 231
354 1385
1204 1298
764 146
238 240
1320 1150
552 1455
1672 511
608 378
1284 130
39 1082
44 860
1575 1698
1073 1056
957 90
797 335
266 599
45 1217
1561 777
1639 1413
82 314
47 266
60 669
1250 1513
1454 584
1189 1266
319 119
1352 1174
46 907
191 103
236 661
467 1155
1486 559
1157 237
330 1664
1588 369
1060 371
210 1024
376 66
1541 1255
223 823
301 1093
1089 662
1686 504
565 1586
98 28
48 273
120 624
1182 171
1184 274
1703 634
1573 1267
1562 1674
1316 1400
594 1192
1725 1041
50 89
1655 804
1096 1452
631 1561
727 564
692 703
336 923
1259 609
1543 908
51 617
1405 21
587 1350
1664 1676
605 1714
1442 514
52 294
853 1665
1690 530
1406 5
1069 159
1598 112
1651 1688
200 381
422 162
1126 107
1476 348
548 1705
405 1724
1195 78
1333 1393
172 72
629 1106
246 1382
840 1529
1666 873
156 1710
699 972
307 950
550 1331
1386 1293
207 500
1465 326
718 204
1660 541
1230 1335
55 1053
189 796
208 1630
1344 259
938 1566
193 184
1225 1130
1283 1004
1399 1149
646 1531
669 1656
170 436
323 1431
471 1061
57 1518
997 556
742 526
817 355
1450 390
185 1207
656 774
1463 416
287 1667
946 1096
56 142
58 1104
1711 1102
1481 1410
1712 1641
393 277
521 357
1434 1527
1141 293
1354 1129
803 375
1359 1313
1326 1414
87 1666
1440 1494
1152 461
233 765
905 96
1328 1733
758 602
1084 1588
59 408
1622 1563
892 1123
842 605
248 1138
867 1128
386 1486
728 1027
1043 1190
767 621
926 1127
932 540
1437 388
719 1306
861 699
754 1501
1258 341
1404 623
455 1305
138 180
642 866
273 631
363 283
635 1268
116 1016
63 1467
377 954
237 943
1361 201
798 276
150 236
640 682
710 102
64 1141
1578 195
214 1202
461 1675
378 1136
929 906
1163 969
901 1337
360 1458
65 1183
1200 1671
1510 577
251 1520
1438 1208
572 694
1033 790
66 465
1286 85
883 202
539 641
309 930
532 404
745 700
462 1347
1196 391
1422 1232
352 785
1335 1162
1645 1497
67 876
953 373
730 846
712 1694
497 1326
320 1662
83 1516
269 495
399 1118
603 1511
442 1159
1451 126
411 133
1160 303
680 958
1602 697
1484 1448
68 674
334 1227
1159 25
1290 352
1425 524
1461 1173
780 245
841 27
1466 1598
231 945
1310 1555
71 901
290 1360
162 1475
164 483
470 1625
70 939
72 1489
709 966
1023 1229
962 1734
1039 1079
686 1271
691 731
1549 999
549 1233
73 18
542 353
665 1576
990 745
811 1197
480 409
708 1443
1153 1111
74 1078
1722 1587
914 1643
1087 727
390 1240
339 649
298 1411
1411 798
1058 1112
1615 1060
535 1545
547 1124
75 1732
239 1726
1530 284
1665 977
1206 928
1223 1270
1708 1070
896 1319
1330 1737
1609 1615
1520 890
1314 169
1138 512
335 1539
869 370
1706 307
1628 1522
1146 1434
491 849
1327 961
879 492
77 897
79 1260
1612 457
663 970
1519 1481
1563 393
297 1101
78 984
196 904
1685 808
1107 746
830 134
522 942
931 1001
424 1597
832 435
918 831
910 38
998 1580
1656 493
275 1717
776 561
1305 412
295 786
1168 509
1082 255
863 55
818 566
80 547
577 812
503 318
515 1042
1065 688
786 687
1108 792
924 1569
615 705
970 1442
1636 1225
375 1628
723 339
485 881
314 321
1224 882
570 1612
1267 1116
85 392
1243 1645
1403 737
177 367
1212 1573
99 1660
160 837
263 170
148 186
84 1374
889 732
1379 1295
1260 1345
392 829
943 1533
1264 415
1443 269
410 1611
397 675
88 1389
365 1069
1105 1068
89 1632
1194 1730
1710 14
873 116
90 1574
1262 434
1698 320
679 832
306 836
1104 69
595 1572
516 260
568 454
1607 1215
1018 681
159 328
174 915
1279 1548
433 354
154 1685
1688 861
672 1412
697 959
1109 800
1202 6
1116 1045
1232 1446
152 1633
510 1316
258 1206
1190 1080
847 1126
966 198
736 1589
1032 555
1269 253
350 895
518 218
1280 658
1079 560
1304 1282
670 788
92 510
94 1148
437 1280
675 1163
836 1419
991 1565
1642 499
1600 261
954 1652
1488 929
1436 920
93 433
1582 998
756 1373
1112 1152
1539 1409
136 1239
96 1496
660 1091
454 143
999 1277
1303 1275
974 163
1460 611
967 696
380 124
740 1177
1296 789
1080 127
97 589
1150 308
372 1507
1362 1032
285 498
453 481
713 40
858 1637
766 1439
1209 1590
517 1707
267 806
325 1542
1683 931
1350 963
1081 702
472 1387
1118 993
101 1122
544 1669
975 350
1110 1370
1498 678
875 718
100 313
102 214
304 527
1695 41
133 275
771 1441
202 1021
849 739
125 794
940 1655
1547 250
1647 537
104 1495
346 383
562 1404
333 111
1551 600
1050 591
884 494
105 1142
1644 196
1446 165
1658 748
1697 1729
361 1426
717 878
400 642
1523 1536
1503 542
1026 1090
1593 1403
486 1117
127 48
243 722
1616 189
147 431
387 86
450 405
1115 331
1334 1098
1675 625
657 8
1418 1436
1277 1383
683 270
1542 99
944 443
108 578
1579 95
816 50
857 1161
556 398
449 442
734 922
1176 310
109 31
110 810
211 924
844 451
1253 870
427 1479
1444 1546
111 1033
739 251
1633 858
1248 380
1211 413
112 757
1343 978
1199 1422
806 964
888 1673
707 166
1534 1747
1721 613
1457 1682
388 194
302 1605
1191 1535
1358 568
113 1658
114 185
188 497
1580 46
1011 1302
1526 1258
1022 39
1613 1603
115 1274
952 949
1592 1395
1213 1323
1183 125
265 1057
1485 967
1569 446
305 59
703 52
322 684
490 15
368 1287
925 1241
1285 1108
226 502
773 1143
296 1048
637 258
1632 230
782 659
117 32
118 1357
119 1346
1059 121
1342 1353
1509 819
382 1214
1723 1642
278 627
221 1340
819 753
823 1525
960 1044
274 657
827 1259
1496 1464
1014 327
507 396
169 1245
123 520
921 304
452 847
1227 743
1652 887
1624 490
1123 1262
1581 962
750 334
1072 1307
1245 333
1412 292
292 448
126 1372
1500 844
391 1678
257 1405
466 1506
977 872
1483 773
1144 1592
280 721
128 1371
1620 750
1218 1490
1221 713
129 1085
300 1023
1370 990
1382 1334
561 49
1464 1447
791 210
1452 191
1724 677
1474 139
464 1713
332 267
694 379
131 447
1103 1336
891 1476
1020 297
338 601
402 816
597 1493
1410 129
1449 1746
599 178
463 209
1555 394
132 660
1487 1315
1732 317
1709 1449
1292 1427
638 868
1713 940
973 110
1336 1638
1424 1329
1395 366
1701 522
321 1343
808 1477
1185 149
1149 1222
1214 1356
398 1176
1590 1468
1663 241
134 1087
1383 1650
956 463
241 1469
1074 1377
659 73
1407 716
217 701
262 486
1623 933
666 1562
1433 1622
139 1006
1349 1551
1428 1191
677 426
775 1526
704 174
837 395
1241 1629
985 17
789 1322
592 1199
1531 603
1192 1237
831 1631
1078 1651
141 1604
403 242
1594 610
1019 1742
658 93
682 68
137 1618
1052 841
700 421
1514 422
880 1601
142 523
890 1647
256 1000
1122 508
358 254
1368 586
1233 43
143 1648
145 995
355 986
1307 477
313 1709
573 84
396 672
804 1482
289 1074
981 991
1007 1330
146 60
586 1473
972 646
1353 279
1164 1095
649 1683
487 19
1518 728
1135 1361
942 797
563 1606
814 1332
1445 781
1565 654
1124 1613
807 571
149 608
1203 1421
802 288
1441 598
1272 1205
1002 411
444 167
519 864
1669 1626
445 364
639 1428
505 1084
268 1591
282 62
1275 246
417 150
476 811
1207 205
1638 1303
151 838
1076 9
653 1595
415 1363
907 1099
1595 1415
1331 429
1679 826
560 712
153 35
916 1488
1630 1538
1064 1007
1357 637
1295 1043
602 61
1165 1186
1447 161
833 206
315 1200
157 155
714 1299
1614 916
158 1003
1388 830
1055 885
871 1047
459 751
1040 883
345 376
979 385
1364 63
1378 827
183 1593
934 120
161 828
1507 1478
906 265
687 982
1401 525
681 256
1249 862
725 951
212 1505
948 1184
1423 1012
347 1663
634 384
759 1119
1289 736
815 1396
1198 1285
165 484
343 1018
848 989
166 1639
1036 1390
855 1132
414 884
611 1234
499 973
1532 875
404 235
168 1009
318 148
1048 1502
1501 1189
1140 1072
1429 91
272 153
443 234
633 222
1265 459
923 1194
1162 1105
1571 1235
546 295
1106 1036
1031 889
787 755
860 1244
171 336
964 1110
850 741
412 374
1179 1076
1470 1366
1235 842
1142 1178
1017 249
735 1100
947 1144
607 1181
1216 1564
328 1279
1536 128
1597 1510
1222 1071
1577 1690
894 1399
482 1700
409 1524
176 1073
1041 1157
580 1735
612 1
1439 857
770 594
1468 648
1567 1499
1680 1063
1489 399
179 349
1654 232
899 482
936 630
180 974
983 551
1000 735
1426 1745
181 1020
886 298
598 212
667 1624
872 458
829 1661
540 1182
1515 1608
792 1145
327 912
312 635
1475 227
294 723
184 1179
795 438
1430 1089
647 709
526 1230
182 925
606 1570
373 533
187 1695
543 471
1154 521
895 513
626 401
1276 668
426 1050
436 733
1351 855
247 783
812 441
456 1534
928 1677
190 466
553 612
192 955
1492 616
904 243
353 1185
1324 473
1288 478
1687 53
813 1034
1558 332
308 1440
194 680
695 226
432 1325
1301 871
197 101
1462 1425
720 852
235 738
420 690
1016 1465
1482 1139
1147 344
1167 1273
1054 1195
419 406
529 1187
1015 583
1240 880
1062 909
203 462
1689 1188
636 567
760 787
1467 280
984 1557
204 1711
205 729
206 158
1219 1226
1282 1002
1037 268
965 244
1095 981
1493 992
955 518
664 1450
324 706
224 1718
993 1031
617 1438
458 1731
1693 1317
1448 1220
1559 7
1704 1375
213 479
1478 824
1728 432
545 1444
1012 229
468 877
478 799
1287 449
865 1075
215 762
1188 23
937 216
788 94
216 1005
843 1697
1070 570
737 160
1705 604
1494 22
583 934
1120 965
500 467
1244 1296
1610 1620
1421 208
220 172
1544 572
852 1064
950 1397
1394 543
218 1558
270 1264
821 257
1180 1491
585 1582
652 1324
1366 152
1396 322
225 1263
276 1341
1668 286
619 1013
430 1304
870 1094
227 516
475 1312
828 1310
413 97
260 879
1299 671
283 802
438 450
1435 487
1156 1484
229 1394
578 914
1720 717
1083 768
232 865
481 548
630 1228
1525 1472
1385 420
1409 299
1432 651
1229 278
1139 980
820 801
234 1088
809 1416
1365 507
1030 1653
864 445
418 1689
1696 1054
406 747
874 456
1367 902
838 1408
242 1503
394 114
625 1109
240 935
729 763
1077 272
801 117
1158 1704
534 1015
1341 1037
877 100
919 1668
1691 692
992 1487
1309 397
245 664
1063 1703
900 775
1042 115
1347 539
379 351
1134 113
982 581
1393 1327
1356 45
249 903
1527 1140
769 947
1714 1046
511 686
496 636
362 1252
1311 1721
551 1164
1629 1380
1338 33
1402 1466
1471 271
252 761
254 960
1506 1388
525 730
1056 1712
255 1055
504 402
554 151
1329 569
1522 1065
385 910
1193 11
501 1692
284 1107
601 726
1535 1376
261 563
1719 886
1513 1067
1010 287
1114 225
389 770
533 840
1566 1708
1380 793
757 1398
1497 754
1057 715
1508 744
1169 228
902 1530
271 948
761 98
1546 1339
1521 1748
1088 316
342 1203
885 505
277 1158
913 382
1049 653
1273 1058
1266 330
575 347
1251 118
987 1014
1086 64
1220 957
1727 16
1397 105
1657 647
1313 1500
882 377
1369 1498
1649 428
367 1528
1173 593
299 1300
286 1290
941 1392
494 532
293 1509
1391 529
1659 285
1093 1514
748 710
1270 515
1067 892
676 893
903 1017
1317 936
741 407
1389 453
1682 1223
715 776
1716 1221
1293 1253
1415 1417
1246 851
524 1368
1667 708
571 633
685 587
1495 1594
1626 47
1637 1250
746 1146
1294 1679
1234 108
732 869
1129 1049
495 740
1004 574
1564 874
995 1568
866 264
1707 452
303 193
1119 644
1278 262
825 760
1398 87
922 1196
1013 418
1733 1541
1006 1180
416 592
834 517
684 894
1640 620
701 1540
311 898
381 1051
498 1333
1661 1379
915 596
1321 1736
751 475
483 1599
743 756
1381 1644
1453 1135
1456 552
523 545
976 197
1137 1508
613 80
1238 1378
1121 88
643 141
610 1492
1319 485
673 480
425 996
1431 1571
688 1284
326 921
772 1519
596 1011
1459 1349
768 1432
1390 997
329 772
616 638
1208 1309
693 92
969 199
1548 329
1166 424
1473 56
559 361
1312 650
859 156
337 247
793 58
1170 863
473 1038
1605 123
641 1328
1376 538
340 987
674 1153
1550 217
579 778
961 360
845 595
348 719
349 845
876 791
1038 70
1729 1212
1337 1216
351 1035
527 1039
744 79
1291 1236
357 1167
1318 1362
971 1198
1281 1738
590 489
1360 138
1186 74
1101 767
1034 1716
1505 749
1587 215
383 472
366 1659
963 1547
1726 1670
1730 673
1557 818
1384 1137
439 758
1263 1401
949 71
1127 1634
908 854
371 1040
588 1420
749 1301
1677 1743
1201 1231
1583 1121
1533 1596
986 1424
1700 1081
514 1342
441 834
945 1283
581 501
569 455
384 1578
738 655
887 1030
716 1471
1635 207
1003 580
1545 1355
1673 403
555 1579
1099 1672
1504 544
1027 1320
401 1254
620 1453
1053 300
1524 1248
662 1623
536 1114
428 1649
1133 676
1540 1156
678 1029
702 1025
1601 820
1308 54
1257 835
530 1289
492 1265
1606 565
1653 12
1117 640
1373 683
661 30
446 1261
1197 305
447 342
451 147
645 1602
671 1463
1662 1684
1634 1288
733 221
868 867
1417 1445
927 815
822 36
1556 144
854 203
1560 145
989 766
1046 937
1538 4
856 769
1529 976
484 645
1674 932
1340 263
1021 219
1172 979
489 309
1678 319
1374 315
1090 1720
493 891
1589 1585
755 1166
502 825
1226 83
1736 1083
1718 817
506 1160
508 154
1035 496
1051 1351
1552 164
1469 607
1181 132
1528 1686
1512 1693
618 557
1420 1406
1075 437
621 983
1377 1725
531 1247
1400 1635
564 622
935 26
537 1386
609 137
614 1610
794 363
1490 359
1125 1169
1148 109
1604 1369
582 707
1681 1722
1472 1211
593 839
939 239
1599 173
604 1086
1100 1213
726 856
1178 474
846 362
622 1154
1130 1543
1261 1256
1416 1577
632 606
800 65
1372 439
1570 1609
1576 1348
1584 1740
655 1454
1345 3
1242 803
1699 1364
1502 1462
1676 77
810 1344
1271 468
1419 1457
721 1691
1029 1251
763 106
1480 698
862 338
1047 1281
778 1151
1621 1066
917 503
1228 724
774 20
1085 1147
790 1583
1332 1470
839 711
1300 536
1643 807
959 1532
1348 1696
1702 1719
1247 252
1028 693
