0 896
2 179
1948 1564
1946 1597
5 324
1945 1885
1944 1221
8 844
9 1721
1941 182
11 265
1939 667
12 358
1938 1103
178 1656
374 961
326 575
750 7
1514 1362
950 226
328 1763
932 1828
1679 555
1491 1652
1860 1166
1602 357
1 430
3 1606
1949 736
1943 600
1942 585
1940 1850
1598 1801
841 1745
835 53
372 237
429 503
1115 1118
1205 1498
1628 1622
1561 1603
4 462
6 1273
7 1780
1947 12
10 1504
13 1148
14 669
1717 1372
121 1778
1126 726
1902 710
584 365
15 971
98 1824
161 1792
1116 1842
833 1684
813 578
817 1113
541 1716
1903 72
857 707
1098 1227
1801 904
643 113
814 259
945 1617
1447 294
367 1923
1176 738
262 1750
1001 1930
1105 1350
1363 185
463 704
1876 1917
1910 391
1477 791
951 1949
830 526
1337 432
990 496
42 1635
1818 876
106 1089
1291 1743
76 1762
1921 1701
1305 1381
534 654
575 1259
825 1215
16 1374
17 679
18 1373
690 1162
299 1522
1662 270
1615 1642
20 1093
1141 748
489 1507
1301 162
1923 1070
97 1708
1448 1000
1671 1899
227 1371
19 514
1408 657
783 1421
1936 1280
393 238
335 1901
798 715
1855 1872
683 528
1016 1149
751 1446
1728 676
681 786
1327 674
21 245
23 759
1653 1714
166 513
73 322
394 130
22 1242
24 1375
1223 762
1505 333
215 1185
1689 1817
273 1146
572 1388
586 996
247 1405
927 1408
842 269
1550 310
1074 232
1906 530
998 46
761 33
25 1670
1499 1513
697 1126
1485 1692
422 921
96 1237
803 494
386 980
1294 1748
1817 1795
1731 203
28 512
858 1223
962 1121
1154 1074
1772 1014
442 814
261 35
26 764
27 946
291 724
377 992
1639 940
1764 1489
756 1169
252 1625
708 1317
1698 1580
935 1591
1068 1541
1856 979
709 1681
1693 1046
1067 675
552 75
1048 1291
72 1844
1306 1718
31 1323
1866 893
779 1826
363 1898
1831 760
946 311
1021 1173
1243 988
1470 646
797 431
454 640
29 1539
32 1643
570 149
118 1066
1473 1555
1552 743
480 1301
883 918
30 1803
33 994
444 1275
528 1098
1722 730
39 1037
259 747
1804 1385
482 1694
1310 639
350 984
662 947
345 1284
1493 1262
34 507
35 129
624 327
1322 1039
1656 966
303 789
316 1630
1439 1742
1627 335
1193 1479
36 156
1641 194
1917 1382
234 452
123 976
1282 1150
297 582
383 776
1169 1412
1840 463
1490 233
1629 1751
431 6
37 1454
852 932
473 479
136 1936
965 337
208 1208
532 751
38 1854
212 1389
1677 1193
1020 1099
1423 1481
1732 1312
1415 1848
919 258
548 180
1597 1512
1311 579
525 64
566 48
1507 594
354 313
40 372
1915 354
168 672
508 347
507 1835
1773 242
529 968
1595 1620
307 593
897 1316
41 55
759 697
909 375
254 142
195 1534
1828 1699
1713 67
1331 985
855 1499
1107 1004
218 1210
43 763
1673 798
1896 421
609 1078
734 76
133 410
207 933
1114 902
1351 1728
44 1664
1509 1263
587 1940
170 384
45 1364
1399 629
1345 1251
1416 1638
1576 725
1885 377
543 504
468 693
704 882
1297 296
149 1544
90 91
1622 607
994 1469
46 1903
315 847
135 195
1774 636
48 339
1381 1877
999 1432
1110 633
1458 1437
1467 31
443 1354
47 982
866 684
485 1097
1853 1820
753 1505
1603 22
617 460
940 292
804 717
873 98
1256 792
79 153
49 1483
50 1686
615 1882
792 1298
379 536
521 1230
1418 755
915 1503
1269 368
692 307
255 1313
1134 289
1813 1514
51 120
56 255
1151 598
1538 1777
52 1551
1544 1387
191 167
815 446
997 1731
1136 742
764 69
53 407
295 1186
1348 449
744 605
1441 831
696 1467
470 443
511 144
1868 549
518 187
54 1804
845 1732
1338 1399
1073 1085
138 1325
324 1344
1811 1311
782 1274
705 1702
1663 1129
515 400
1887 899
889 782
1444 1945
650 395
982 1058
1755 590
55 1862
1697 561
1919 948
1472 1003
1350 777
829 1001
1035 1290
58 1929
392 509
1422 1633
1694 531
59 1913
362 103
1881 1938
959 268
1487 685
1808 845
838 837
875 1458
948 428
929 332
1744 1574
1029 1665
1553 1726
1736 1689
720 1429
1280 781
1883 505
231 728
70 374
57 840
60 256
1214 111
500 1019
1757 61
1092 1668
1096 225
61 24
300 1713
958 977
1163 606
642 1648
62 1457
1551 1677
1159 1816
1432 767
1200 32
1191 1830
1482 63
1284 274
923 472
1729 1601
637 1462
64 572
1286 297
1756 1140
322 1245
253 787
1478 140
1080 30
1182 1608
1392 306
488 1502
816 995
1347 619
1462 533
1608 330
1723 1790
63 1112
66 1065
236 1307
905 353
634 1647
773 999
1512 991
1768 577
65 429
574 183
450 1667
1246 398
151 487
169 1636
180 1029
1281 623
67 112
68 914
540 650
1333 1607
884 1390
772 278
1218 59
171 0
1649 519
1837 147
69 1026
1884 1705
1125 1517
381 1052
1143 150
1148 556
1696 1519
197 1370
953 1164
438 1329
862 1015
676 17
952 499
563 1417
956 1397
589 1909
176 279
1834 1294
1894 1858
1299 1246
432 535
963 267
1122 1700
1061 1772
1613 645
1518 617
493 483
71 154
1920 1369
1222 254
856 780
105 1142
1254 1436
74 889
1469 192
1688 367
1104 1915
554 79
610 1807
341 735
1660 422
1888 427
606 1876
647 1191
1824 1895
520 1187
893 1201
75 1764
329 1770
596 1674
599 1866
77 643
78 114
649 884
1712 106
1778 1654
177 849
1344 1420
88 291
1657 1117
80 963
275 252
1033 81
691 1717
886 1384
904 1075
878 299
1049 1864
1826 1562
1307 1424
249 1698
625 1880
763 628
1528 1610
1419 1332
1701 1147
81 50
82 836
1636 937
795 214
1607 616
653 1924
785 250
1185 1821
506 799
107 1008
1882 110
503 476
487 1404
603 1452
1759 1783
112 576
403 1235
217 389
417 1453
1017 773
943 1257
1890 1212
85 917
1346 277
388 708
83 104
1264 235
1216 547
114 1927
298 1857
1247 1361
977 1697
84 801
86 1855
87 1739
727 464
1230 455
1593 651
1428 1865
1131 900
1877 1933
608 620
1600 1666
1645 101
1188 1905
545 96
1317 210
993 1521
1795 1773
89 1831
1838 287
519 218
92 1218
196 466
475 433
881 739
1527 90
707 205
768 957
1121 115
313 1818
1097 1151
648 1904
139 1236
369 722
1468 1540
595 1550
128 1736
1706 74
1935 532
455 1292
1815 1897
1776 705
101 1023
1646 1685
1330 1409
995 758
1849 599
1584 986
91 854
93 51
666 687
613 1611
687 1827
1435 543
94 700
660 1115
389 1875
158 960
859 1662
1483 1516
1526 1079
1760 1188
582 1819
95 698
967 1586
533 903
1065 1020
766 425
1150 987
225 240
1412 442
272 1631
514 1124
216 1747
874 1261
713 609
1690 588
423 1427
1189 815
434 346
1341 601
1099 83
476 247
605 66
1302 1171
836 546
1907 10
351 718
340 1349
847 886
413 525
137 1128
1486 1217
292 1108
1046 1492
1745 803
451 86
1747 491
1129 924
1391 978
973 1749
560 1567
99 1094
100 28
425 647
839 1071
187 390
352 712
688 261
282 392
181 1859
401 441
901 1613
996 522
1083 1088
232 1464
1089 841
1844 127
102 1644
1900 1267
989 1559
241 910
865 545
104 498
1814 1490
949 1406
267 373
659 1526
1577 18
1781 406
103 286
160 1367
1705 1474
1806 316
784 1477
661 1032
1144 283
110 341
173 450
214 936
941 1484
1388 1101
314 1476
1377 1493
108 1422
627 1414
1359 1645
1591 1152
1643 1663
651 39
937 1563
1843 853
827 563
333 281
805 191
1455 1590
109 174
111 1202
190 827
1272 1661
1506 1733
1625 823
1440 186
799 1401
933 942
408 1581
702 461
939 1760
113 1360
1180 950
260 336
966 1247
1109 137
447 401
1079 1825
420 1798
115 468
1009 888
320 73
629 1144
163 720
1069 502
1394 1347
1130 1529
366 164
1730 870
116 1031
1088 1823
1022 1076
117 761
1371 922
339 1618
461 1693
286 158
1930 930
1724 471
1352 126
1691 1182
497 488
1421 1678
237 1111
1277 941
1118 965
680 1799
157 846
1788 380
1438 388
513 851
1809 37
1812 1179
1460 447
119 1337
278 1584
1003 200
1042 909
1389 1134
1184 1881
809 1394
1108 161
872 444
1292 912
1445 740
120 779
122 1285
921 500
1805 352
1495 945
1172 84
1516 243
1642 1024
1192 833
954 819
1273 458
1682 928
124 655
740 770
826 1377
1382 571
125 1376
1094 109
382 1560
360 709
126 1919
127 973
165 1296
1735 958
1261 89
1846 1264
1360 383
787 1297
129 1523
665 1527
757 891
1819 1100
1565 520
1298 1012
130 1907
1186 1220
1926 1155
1707 1081
131 1309
1869 54
1323 60
802 1873
132 1159
1024 42
477 1102
1752 1398
1476 954
710 1051
1260 678
1618 1054
1436 309
1426 1570
796 686
1830 1391
1567 220
134 649
736 1552
741 1640
556 597
310 58
1258 1447
628 43
1786 302
1070 1536
421 328
822 1127
931 241
1542 953
1142 1331
1044 23
1874 77
1534 1935
140 602
1025 1800
481 1641
1848 1561
760 1634
1167 802
1554 970
695 821
1006 1407
1558 1942
141 44
1807 1928
142 1841
143 1525
1928 1183
1466 1110
992 139
305 1649
1379 1715
565 553
1197 1343
1253 8
145 363
549 1175
623 626
202 671
1517 1338
144 1593
1236 155
1623 362
910 855
1008 1393
1274 1021
460 331
325 208
147 1725
1353 343
765 925
1406 222
1149 621
146 251
1135 1900
364 480
1334 1781
1640 1061
1637 1594
722 213
1878 1556
491 565
1714 1153
1581 1604
1531 1676
701 656
148 1122
150 1423
925 282
755 1776
1703 1495
655 440
281 634
435 1704
1030 118
689 544
524 489
152 1006
1407 1154
406 868
1266 749
1014 207
1541 894
153 1947
1378 234
319 1310
154 683
155 1727
1654 394
1308 1431
1762 359
983 1265
735 949
1932 848
597 1028
512 587
598 414
626 1355
1651 136
156 387
1220 1059
1783 865
343 1095
754 807
1267 128
250 1207
1702 567
531 1774
1568 497
1872 1289
888 435
1797 445
288 1225
974 1410
179 537
1026 659
1095 808
436 895
721 1889
553 57
321 1465
230 1299
162 516
1459 1576
233 1646
1313 263
159 1585
164 1575
960 1336
1842 1680
358 1811
474 1416
465 490
834 1232
1373 1324
414 469
882 1443
729 1784
167 1884
1798 244
955 1856
1403 227
238 1400
185 1572
1571 424
1739 648
1175 811
793 1271
900 723
693 1766
1064 29
1140 1143
296 1318
1023 1759
359 1120
1405 272
1686 1240
1742 1501
1063 696
1358 1757
1437 19
535 1487
876 382
536 830
172 1396
1075 1941
1199 1582
807 874
175 1934
585 177
867 859
1127 1488
419 26
1933 630
1543 1254
1672 1222
957 1044
1340 1180
501 190
1931 148
174 699
370 1566
791 658
1128 100
1563 1809
1158 637
1841 534
887 453
1891 857
821 920
1084 1170
410 1472
279 1181
1667 1931
1895 1737
1893 459
1583 312
1734 989
669 906
182 1531
183 771
1390 1327
810 1471
509 550
564 1599
1386 584
870 1010
184 4
895 1172
725 266
742 204
186 248
1475 1022
698 1198
188 478
479 451
248 1277
1715 624
409 1870
1411 165
189 1320
1357 1794
221 1612
1413 1195
1318 1351
1045 1655
1156 785
1573 403
1880 1805
284 794
1332 1813
1257 1383
1898 863
1270 1557
1060 1053
1779 5
1242 230
192 1491
193 1843
1055 1345
1162 1356
1056 121
194 1266
1324 1510
1908 1724
1761 975
1621 595
547 1565
1799 3
396 1068
936 1321
898 1459
334 603
1037 318
445 809
1862 517
198 132
1383 1579
1873 1896
1157 1548
616 1475
200 21
378 285
636 11
201 108
462 691
355 249
1683 1276
203 1691
1484 981
1072 677
593 1007
469 969
1832 20
199 1189
204 901
1901 1687
205 1568
840 173
607 608
206 521
1106 877
242 62
1471 998
1782 290
573 420
1605 1084
1062 951
1005 68
1039 952
559 1256
209 1543
1676 1578
871 1918
1249 1659
1226 396
210 756
1480 41
1854 1426
1250 1270
211 733
1032 1853
342 1839
213 1480
287 1116
263 622
1449 1050
1498 1671
621 88
619 1840
618 1596
1410 1719
1145 1595
1212 721
1285 574
639 1363
1511 817
1494 929
1229 956
987 217
1865 1041
600 805
1638 1328
330 1939
449 219
220 36
427 1268
219 1139
1237 1
245 962
222 596
879 473
384 314
235 1922
223 1358
1465 1779
771 1874
224 540
1248 262
226 1315
794 716
1670 228
1398 71
728 482
1300 631
1695 1386
228 664
229 1468
494 644
622 1741
1823 714
979 1688
800 997
1263 1449
1522 1463
1255 438
1675 1466
892 1184
849 470
1871 1157
716 317
1265 820
917 741
1027 1090
426 964
824 1571
1241 1532
906 790
1617 1673
885 1287
1708 1868
1316 1077
1234 754
1497 1791
1011 1380
357 1814
1496 913
411 931
811 1203
1474 839
239 611
412 615
1168 456
1365 883
1102 157
502 416
1372 983
561 1730
240 1239
730 1282
1580 423
1785 907
1546 1269
243 1623
851 559
1929 919
344 564
1934 492
733 990
1401 221
1325 1486
1404 413
1709 1847
645 1849
776 898
1293 1161
244 209
1289 434
459 812
1395 448
1513 1887
1796 1130
724 1937
912 681
1132 1583
246 1160
523 169
1047 1036
1727 385
981 1609
1053 146
1321 1326
1606 732
1227 688
251 364
1179 1920
1857 34
327 892
1215 829
745 642
1800 1342
1385 1442
256 804
988 1538
457 934
1233 1679
375 835
1816 457
1749 826
1912 1073
749 1494
387 734
257 1306
258 1710
557 1712
1275 1754
1013 861
1582 1226
775 1787
1763 1229
380 1455
1619 938
1529 573
632 1944
578 689
1845 1216
684 193
1155 202
498 467
1569 293
1137 1616
294 511
788 1470
264 1048
266 662
1685 197
265 641
922 95
268 206
1858 1244
1224 295
269 653
464 1214
1515 822
270 257
896 1434
346 1829
1879 117
1077 1200
271 816
1366 1141
1113 1433
706 1722
1579 680
274 1040
790 334
654 133
505 551
732 1707
942 663
1572 765
1152 211
276 1537
285 484
700 872
1699 1651
1384 1288
397 673
1446 1753
1228 1415
602 402
1111 1703
1431 905
277 80
1454 1542
781 529
1287 1357
1835 775
1539 163
907 1049
1504 1425
1239 1133
280 1833
1015 1016
1753 304
580 70
1588 746
1655 935
980 1793
283 1808
1066 486
1078 16
583 850
404 1403
1716 315
1770 1660
1792 1500
1557 386
483 199
550 1135
1748 1769
1909 1080
1041 371
1217 409
1647 737
752 370
1202 1891
289 1627
290 1063
718 1758
1174 1577
712 1729
674 1067
670 1038
832 1832
1004 856
293 1598
1751 1533
978 1852
1402 1205
1666 1860
635 1943
538 1473
770 1027
1276 1846
678 308
1766 632
679 1123
1278 552
1545 125
1847 523
1614 682
301 168
1238 166
1821 828
302 784
828 170
1589 1812
880 766
1283 713
837 908
668 97
1720 284
304 1546
1424 56
448 1506
1658 1334
1368 1092
306 875
1117 105
1594 1886
916 184
1161 832
309 1137
1634 1911
308 224
591 1871
440 1302
311 1353
717 592
863 123
1082 627
801 1255
1160 102
1194 1786
1668 1549
312 361
1370 1845
495 869
918 1319
715 160
428 1653
641 99
714 1711
317 1528
1570 1440
970 196
631 774
853 501
1244 122
868 1199
318 1033
664 1233
894 1346
1120 119
594 860
1000 1132
1028 959
1787 1018
1562 1746
430 885
1559 510
860 1305
415 301
1231 1558
323 1243
1245 1836
861 1279
492 376
657 1206
1624 1379
478 926
971 1914
441 1158
1319 412
646 1011
486 212
1794 229
1610 1802
332 1402
1328 1176
331 1042
1153 1752
1396 1083
1451 703
371 1535
336 201
1430 1025
1767 1293
337 411
361 1785
1335 116
850 1720
930 1013
1195 515
338 319
577 351
1221 344
1710 518
911 321
569 796
1631 1104
780 349
1123 1892
1456 477
1087 843
1479 92
1599 49
1592 1057
347 378
1376 1605
348 612
1850 107
349 1168
601 852
1364 131
938 172
399 1863
1279 1614
675 303
1681 625
762 864
1899 1822
677 143
353 1411
964 329
1210 1392
1124 189
356 152
924 1893
975 652
471 660
1463 1815
1043 178
843 27
1362 369
1548 399
424 614
1339 1916
673 1278
746 323
1721 867
562 1511
968 1086
844 1756
510 557
365 342
1829 1744
368 1131
1397 668
1863 1738
1375 1461
1427 1837
496 1524
1611 1669
726 1602
1802 727
558 1055
1822 1441
630 215
472 2
376 1509
1052 1340
644 887
1457 276
1481 695
373 911
694 1734
944 298
914 52
1661 1056
1103 481
1443 305
908 1834
1852 873
672 15
385 1632
1771 1788
899 879
1780 325
439 1194
1523 862
1309 366
1793 944
1839 568
1081 1775
490 1231
390 769
391 1119
1425 916
869 878
1502 1485
1400 610
1925 1554
1789 1496
920 702
1019 1789
1620 955
1271 176
395 94
1086 151
398 1906
1057 1782
1533 618
1937 1629
400 939
1566 1428
1524 1330
402 1637
1165 1735
985 1043
1139 604
1692 38
405 793
526 1017
407 355
976 1755
1825 834
1719 379
1355 1418
846 1838
1251 810
416 1682
1051 993
1500 1238
418 1272
527 345
546 1456
1740 706
1295 1587
1007 1639
1897 586
891 145
1492 300
1380 1322
1147 288
1452 1365
1461 236
1827 1888
1914 271
1726 418
1911 1771
433 1136
778 1912
1586 159
1204 1109
1889 1249
747 539
1612 1547
437 454
1093 1810
848 838
1616 1341
1100 1177
571 711
1718 1619
1464 1851
1198 1359
1367 1438
539 175
446 866
658 1339
1644 1395
1209 824
1574 635
699 613
808 1573
1453 340
1207 474
1187 800
1296 967
1536 417
452 135
1349 1072
928 753
453 1253
1183 768
1177 1260
1213 436
1211 1224
456 1482
986 569
484 1308
530 1228
458 1806
1864 1165
1924 566
1090 1087
812 1706
877 253
466 1460
1711 1107
576 1553
467 1695
1738 1478
1262 93
1288 1138
590 1197
903 1768
1916 825
1387 880
1664 437
738 943
823 1797
640 972
1031 1518
1754 560
504 171
1680 356
1601 701
1138 795
723 216
1743 1005
1409 1450
516 506
581 881
947 570
1329 1497
555 408
499 1621
1741 750
984 719
522 381
1315 1890
1678 1333
786 495
1704 1508
743 1211
1918 246
1784 320
1737 591
991 1352
1733 273
1758 338
1769 666
638 1767
517 1209
1870 65
1549 1060
685 1419
1303 1314
1648 806
758 1413
1861 1765
1508 426
663 9
1777 1910
1892 1335
686 813
969 1932
1342 1009
1059 1167
537 1624
1859 1163
1886 752
652 1125
1791 1894
1836 1295
1133 1867
1674 1879
544 583
1235 231
1503 1250
542 1921
1633 465
551 1204
1219 124
1268 485
1521 1069
1904 47
1433 541
1417 1451
1173 1878
1442 665
1356 974
1119 670
568 1368
1369 1219
731 1082
1547 1569
1304 1091
567 45
671 1515
1564 897
1652 13
579 1908
831 1683
1578 744
890 778
926 326
1240 589
1604 1192
1201 797
1170 1252
1164 527
588 1258
592 1545
1488 1445
1203 275
774 1286
1171 842
1314 1675
1040 141
1510 1281
604 419
1050 1761
1750 508
1820 40
806 239
1429 1064
611 260
612 1047
1922 1946
614 280
1587 1430
1520 405
1420 772
1010 1690
1585 927
620 1045
719 554
1178 692
818 188
789 788
633 1861
1635 1030
1393 1902
1833 348
1414 415
737 78
667 731
711 264
656 818
1038 923
1489 1657
1225 181
1450 580
1810 1300
1875 82
1630 1062
1326 1378
1775 1348
1166 1709
1354 548
1012 1304
1765 1035
682 661
1596 1145
1519 138
1684 1626
913 439
739 1190
703 858
1590 542
1232 1883
1525 729
1181 745
1336 1696
1650 25
1669 581
748 890
820 538
1259 360
1034 1658
1560 1926
767 85
1746 757
769 1196
854 1213
777 87
1851 1114
1002 1283
1609 134
1790 1740
1036 350
1101 1034
1687 1588
1190 1248
1146 1650
1927 1444
1252 1615
819 1002
1206 871
1208 223
1343 493
864 558
1434 1600
1725 1530
1913 1628
1867 915
1054 1948
1058 1723
1320 1178
902 1520
1085 1156
1501 1241
1076 475
1556 1096
934 1796
1555 1869
1540 397
1091 1589
1535 783
961 1439
1532 524
1312 562
972 1105
1374 14
1700 1435
1018 393
1290 690
1905 638
1112 1234
1659 694
1071 1106
1196 1448
1665 1925
1575 1672
1803 1303
1361 198
1530 1366
1537 1174
1626 404
1632 1592
