0 1120
1949 1318
1948 987
3 217
1947 982
4 999
1944 1793
7 1444
8 421
1942 1563
9 1002
10 1738
1940 1056
178 445
374 1193
1358 1577
1517 17
1424 1119
330 1883
1060 1766
935 303
1682 1345
1 582
1945 1765
1943 1043
11 271
1941 497
1599 1041
844 983
375 461
750 331
685 1121
1630 14
2 966
5 1747
6 1534
1717 993
123 1848
1129 818
1360 48
587 1814
12 230
326 148
1119 648
547 1940
836 318
1267 520
545 1830
1908 423
1946 1134
13 979
1098 156
1804 1147
835 561
816 1264
947 1562
429 449
1450 1261
950 1040
371 764
1179 322
995 1322
1491 403
1005 1522
14 883
15 656
1902 34
1365 268
781 1241
1911 1855
1761 1212
16 1038
106 803
1291 1280
98 774
463 1576
232 510
161 988
1308 263
537 844
1477 1058
813 1307
690 843
76 1136
301 203
643 1489
1921 778
1665 343
1205 1709
262 139
817 309
17 1867
18 286
376 1845
1105 897
492 1417
1305 226
1929 586
102 304
1451 147
19 1758
1141 861
785 1419
1876 399
1855 250
1408 269
1936 1636
242 1375
575 1546
20 110
21 1019
838 1262
683 528
170 1075
1223 642
1505 1260
277 1259
576 1840
590 605
22 1457
23 1827
929 1518
1689 340
393 406
845 40
1554 1460
1077 481
24 70
1499 1310
698 339
1488 430
1016 1219
1463 418
99 122
25 1639
240 1170
1653 1443
820 839
860 204
390 21
1157 827
26 890
27 1371
1746 1603
1767 50
256 211
712 1621
1772 280
1701 13
939 823
28 1623
1856 1750
709 317
377 1889
1695 1231
1639 1050
1294 415
555 1279
1866 1016
962 187
313 27
948 822
1024 1902
1246 1642
29 931
756 33
422 281
1476 166
1555 786
442 1850
31 1828
532 130
1048 413
32 1879
1807 943
363 426
1067 1926
1314 402
1722 1069
665 1046
1470 928
624 1921
1322 1022
1657 932
306 516
1831 116
1441 771
350 1312
797 321
33 964
1641 1704
236 1569
127 1663
1285 858
387 598
1171 631
1627 169
480 1467
1634 863
35 1053
1917 667
855 1876
482 951
444 1309
211 49
1472 1084
1840 1005
345 1498
536 231
34 1808
212 1728
136 959
1680 912
118 1166
1735 581
1493 1937
1420 626
30 386
1642 1714
1423 1497
569 347
1193 1436
1512 768
36 1669
37 1432
38 1223
473 396
965 779
172 1303
510 1910
311 1619
901 1154
39 1221
761 630
1773 1287
1828 1646
1333 463
1597 282
297 602
858 326
909 1786
1110 1682
41 219
1676 683
1915 1356
137 1729
1595 22
1354 872
42 143
1435 473
609 314
508 1100
1020 1560
1114 469
173 1675
44 341
217 1107
1402 1255
1713 755
1509 51
1419 1429
525 142
1886 6
546 525
43 1209
1896 1086
386 1857
705 804
1752 733
218 1394
94 1531
45 531
133 362
40 1701
46 327
1381 1799
315 1461
1345 312
184 74
689 971
47 1772
866 635
468 408
757 1802
1606 1505
782 233
207 1559
621 1665
807 1215
485 802
1297 1585
382 23
524 1894
940 684
1774 685
695 1800
149 401
1139 556
615 1873
792 745
57 1473
999 1476
100 969
1155 1484
1576 381
915 720
1467 1813
152 892
48 1321
49 677
50 995
1544 633
191 315
1853 1500
51 135
139 601
1351 960
1269 1568
1872 772
1458 306
1538 826
52 1490
53 1927
997 434
769 1054
325 1463
1814 698
815 729
786 1135
1668 1213
518 816
54 696
295 1667
158 1380
222 209
338 1712
696 153
1366 206
55 1412
1725 1112
1925 1101
344 976
1353 94
56 452
392 888
739 330
1237 1253
1697 56
1073 185
584 1010
1887 1744
1813 1430
875 1037
1422 663
722 1294
842 333
931 1888
1747 507
1556 1416
744 254
723 111
1094 1575
889 1458
841 1538
72 1858
1217 167
1624 320
650 212
1096 1020
1736 1139
708 1035
1099 1693
982 1602
59 1402
302 1363
1462 189
500 115
961 794
1487 1909
646 302
58 4
60 706
1490 1018
1029 559
362 1392
1200 1295
1194 777
1486 1415
1280 1851
61 106
62 1190
1286 1228
534 1494
1841 1897
959 248
953 1326
253 1421
168 178
1184 1710
491 1574
1163 1096
1478 780
638 1872
777 1778
923 670
65 1336
574 1266
905 748
1001 25
1248 1540
528 354
1756 550
63 260
151 1358
775 1168
175 1177
1654 548
66 1918
540 1080
710 356
385 654
1080 1488
1284 184
1146 273
1151 82
1347 1670
68 1721
1744 1435
954 289
960 882
67 1627
69 1355
589 859
1937 1374
884 1445
1837 572
450 438
755 1653
1895 761
1218 1579
70 1192
176 370
1125 1316
433 444
1124 1224
1868 588
1616 458
515 1706
1521 1551
438 103
1224 1074
862 927
859 1523
1061 104
1696 1097
64 1825
1272 1651
1690 1351
1107 597
676 1842
613 1717
1299 358
563 440
71 877
73 1854
990 87
341 574
963 1178
74 369
956 1719
1920 60
1608 608
994 215
75 565
332 953
1507 0
117 1132
1715 880
1888 1898
649 486
606 903
93 1612
919 1891
520 1783
77 1418
78 924
275 1222
79 871
1052 894
1827 1105
691 1126
596 655
647 1732
886 973
628 1803
1649 1695
766 493
1533 71
1307 1474
1557 1930
1884 1578
788 948
509 1352
177 815
81 1806
795 895
1033 1790
299 1381
607 1083
80 1687
417 319
503 646
677 1673
335 1911
83 546
1629 295
1607 732
653 564
249 28
1185 1928
82 232
84 69
1264 639
1216 530
116 1091
928 442
487 1678
1759 1395
727 1831
1233 15
1596 1150
112 994
85 643
1134 1734
1880 1655
1602 934
183 422
1320 1104
1017 1557
86 532
1838 1938
198 1908
476 763
883 562
1242 1929
1529 1329
771 1933
1097 348
92 32
651 223
1802 1256
298 1055
129 384
1709 1175
1938 222
1247 1659
87 126
88 830
608 906
1816 611
1645 1411
122 1479
89 1817
455 1066
1712 1389
993 197
1854 1542
90 898
996 188
369 1598
1801 1650
179 214
91 972
660 1690
159 235
1763 1181
967 749
389 1755
1330 1048
1122 811
595 257
101 728
1150 1042
533 1792
228 1344
273 1200
1776 474
220 277
95 616
713 1368
1412 1116
427 125
687 1089
942 636
601 758
96 762
1302 334
1341 425
353 1290
97 1856
413 244
293 711
1050 705
1243 797
1065 1051
1132 468
874 332
1317 1059
514 1064
397 1343
285 152
403 1781
1189 1250
187 1829
142 301
434 1073
1092 904
180 475
1465 1543
261 1571
1691 26
1745 1001
1296 503
991 1595
1116 1589
688 522
1391 1462
425 201
1553 1592
1580 1785
1706 958
162 727
1809 1239
892 1348
267 1237
787 1900
664 432
1900 1315
234 100
241 1143
105 123
214 810
949 337
1144 102
1380 814
659 131
1388 353
630 1541
1362 1638
1594 1784
103 1440
104 609
107 395
1221 488
654 1700
1646 1024
1849 1004
110 478
108 114
1587 1271
941 207
809 1485
190 431
1274 1422
109 1149
592 400
314 1122
197 860
111 1061
1082 717
1659 1350
1625 836
113 1409
1180 535
633 476
1506 1713
1397 622
878 1601
1135 1277
1069 499
966 709
702 220
114 174
115 893
1009 970
462 361
290 692
446 1034
1730 555
395 84
1088 1232
320 730
157 599
1789 1246
1791 534
163 789
517 644
1810 509
839 1906
278 741
1371 916
1489 2
1022 379
1007 1819
1045 725
1760 471
119 1743
952 97
811 937
1111 1597
876 443
1930 1187
1275 659
120 492
921 512
1421 467
237 1306
486 272
1292 36
1812 1308
121 645
1495 1404
1389 653
1805 563
830 511
740 1159
1443 1824
124 946
1590 1420
193 1841
238 1281
1620 1341
943 1671
169 500
125 536
126 1049
1852 699
790 596
418 328
1176 875
1820 1904
1570 1249
548 1724
1932 790
1327 447
1707 867
130 1550
479 1410
1817 1836
802 1085
1769 900
714 1875
128 1388
656 477
1399 1060
1186 902
1436 228
1390 1397
1833 517
131 1428
132 1862
1829 1155
1869 1273
134 24
556 1495
368 1248
603 505
736 1521
1633 1552
247 936
1426 619
1815 568
741 1191
933 1718
1438 256
1546 310
135 824
1875 1722
467 949
803 1683
138 412
847 150
1070 1124
891 1616
1262 1448
1534 634
1656 740
1848 1915
140 1148
141 944
305 1545
1466 1330
481 1076
1796 909
760 1142
549 1833
196 813
565 1809
1415 1567
205 46
143 392
144 168
1379 736
1277 947
464 1472
1589 1015
145 1581
1253 1441
146 1727
1623 66
1337 157
1203 1365
1197 1776
814 276
147 1378
495 1450
704 955
148 1922
364 1583
1008 279
1581 1226
658 1590
1910 1528
284 394
1034 1570
1677 1666
1637 1314
150 1194
379 462
410 1373
1640 1146
1271 1243
435 595
477 1773
370 915
1714 1720
1923 285
850 1916
1541 519
424 1216
153 1626
1310 1625
1416 1935
738 296
154 1400
600 1198
1407 650
516 175
155 1244
1705 954
1378 76
346 686
1014 707
946 704
156 1331
541 1843
824 1206
319 1742
1702 513
869 825
1355 1009
692 255
1762 112
983 1917
360 870
1783 808
890 1286
977 781
1256 757
1026 1456
250 864
233 935
160 323
553 119
436 275
1687 689
1694 845
182 1233
1461 991
1316 566
1095 287
1847 172
469 587
321 1174
1591 155
164 1821
1527 618
1376 1044
834 750
885 524
732 975
1799 1768
199 1283
975 1503
1406 1269
166 180
1703 117
1573 246
288 1324
1519 1535
873 7
165 350
167 1860
1178 186
1502 1357
903 1736
1858 427
475 957
1692 253
1743 47
1066 1795
1363 1641
729 1513
799 137
880 1003
1023 521
171 791
443 1172
605 907
693 992
1323 1045
1739 855
294 921
870 788
1130 678
1543 1118
1199 1861
174 288
1460 1561
900 697
1672 1939
1158 913
831 1884
1891 508
791 1791
1112 1391
501 1203
279 351
328 1272
1899 591
1893 1634
672 737
181 785
821 1376
1044 313
512 1482
577 291
822 485
426 641
1667 547
404 311
543 1680
895 576
957 283
1734 1499
192 857
343 202
1475 307
564 876
1195 1870
808 742
1279 1774
185 865
186 1459
1586 1676
779 292
1935 623
188 952
521 439
1359 1106
725 1745
1411 1062
189 1775
248 1853
1335 891
1259 1431
1273 1899
409 917
1006 1028
1782 459
1318 627
1898 1275
439 1892
1165 1257
1413 1835
1324 775
1156 1919
625 1533
399 580
1334 57
282 1553
452 1931
1469 1882
936 1905
337 1103
449 715
1056 59
194 792
195 454
1874 1464
1417 405
865 1514
381 1377
1383 1207
1037 649
1862 1108
200 1067
1027 575
1075 1685
774 1164
472 1901
616 1092
1860 1584
355 1270
636 1525
1484 930
1885 1171
1579 919
720 1731
201 996
202 367
204 1849
209 694
1432 1131
1109 889
1787 540
772 20
1474 491
203 1677
206 1477
887 908
562 1942
752 800
1106 1587
208 1777
331 1880
1480 1144
323 945
796 29
758 747
1032 417
1039 299
1250 1694
1811 1399
1173 1932
1453 831
1249 529
210 554
263 526
622 1730
1049 1796
751 450
1768 817
213 1859
1021 1491
618 460
1188 1252
1215 1486
1803 1211
440 1453
639 594
1338 373
1145 1364
252 1760
1830 798
1563 1672
358 666
215 1689
216 551
1494 899
366 1536
1071 1804
619 1890
759 12
1257 1197
1473 300
333 1234
1410 489
1229 933
1638 523
1548 1881
219 702
489 1656
246 1423
852 1844
316 410
579 1133
1865 378
1093 1733
879 1780
1731 382
1660 1788
221 1645
1516 1801
223 1337
336 259
384 739
235 494
1312 380
657 324
1251 1564
225 1947
339 625
1673 1945
1401 1852
224 615
226 1263
1871 1946
1303 577
405 1293
1138 138
227 1614
229 1691
728 424
1148 1599
465 363
511 1914
851 1334
1268 90
231 968
917 1379
1392 848
1442 1705
494 504
1244 782
1437 1298
906 1229
1567 393
1319 539
1500 9
716 193
230 198
679 92
570 1818
415 1070
1159 583
1708 457
1531 984
1514 719
1011 19
414 1274
1234 1810
642 1346
1781 1335
1168 1805
1321 96
239 55
502 1593
804 68
551 1767
1102 673
1658 132
1230 1188
1220 537
1822 956
347 691
1757 54
1289 1032
1939 840
243 1515
1372 1225
245 465
244 31
776 133
872 1702
1797 657
1325 700
645 769
1031 453
1118 776
1051 429
1931 498
1258 1072
818 242
907 183
1551 1333
981 1328
459 483
1617 218
1181 1413
1727 1299
912 98
251 371
544 923
329 647
488 179
1089 1169
461 1176
745 1699
1074 10
254 1254
255 965
1928 1063
1254 978
1750 1941
406 962
1172 1759
1301 41
1800 124
257 1632
557 1787
1919 225
666 182
1236 1920
258 16
1766 1201
259 470
1621 1582
707 795
260 136
578 1686
1912 1071
1582 383
1572 261
317 1662
498 1240
1191 610
1926 335
264 722
684 1258
586 726
1427 79
1688 1406
265 144
1655 841
411 1437
470 1339
307 868
749 360
922 1610
1137 407
1227 472
266 1446
798 308
268 1606
784 1483
269 1217
531 448
1167 1359
805 1924
270 585
271 1111
1369 1208
701 553
1584 734
272 1088
896 1449
735 338
620 542
1934 482
686 141
505 604
423 1475
1295 1426
1700 721
1498 39
1879 190
274 1826
1115 344
276 1692
1076 1757
1228 173
1152 366
1777 1611
700 690
1836 1093
1693 878
1542 1506
1454 1123
1352 162
1287 851
1384 1396
1108 1289
1431 109
373 980
828 349
280 1487
753 1633
281 1265
1015 929
1711 1145
1282 357
986 990
1588 1547
283 703
583 1210
1564 693
1914 1794
1041 1753
1522 1789
992 1739
1142 1033
1792 30
1497 265
286 61
1748 1347
287 1510
1728 1798
1177 1668
1569 584
1202 1113
675 1
327 5
289 1202
361 658
833 708
291 544
292 621
484 1657
1675 1079
681 85
1084 731
1245 1300
800 245
1615 1863
303 329
1545 1820
538 629
1552 1658
372 1944
1040 672
1276 101
1927 1401
296 1502
937 1012
1162 1078
680 1385
1241 72
352 127
437 624
300 1735
1592 78
1002 746
310 1362
1710 239
493 1834
837 1556
827 1816
1368 1654
1764 160
304 484
1120 1403
1149 1622
668 1438
448 67
1128 515
342 1141
764 793
1161 345
504 140
1374 1196
308 1268
309 807
550 918
1753 154
1085 614
1164 171
1671 1325
1370 1349
539 1674
1143 464
312 1586
763 558
1770 1779
1457 1036
428 1114
566 770
634 501
857 64
1755 1017
1786 436
354 1752
1483 1865
1857 1615
631 368
1826 1529
318 456
721 1635
669 1740
894 590
1036 1367
1030 151
674 419
1788 1807
1889 451
1404 1163
863 1068
1559 376
1000 1425
1447 1027
322 1544
1678 249
1562 1238
324 377
1806 414
899 1323
1231 1414
973 433
1169 567
1601 852
1651 1117
853 210
1724 1021
888 38
673 1109
1409 1878
783 120
599 1837
340 665
1387 926
652 1011
635 607
1078 1630
602 1342
970 1532
365 1129
334 1943
801 375
1698 35
1226 922
1818 435
1843 1903
930 372
897 1361
998 1470
573 284
1123 986
490 1496
1741 43
1823 1077
1479 1604
1456 1812
1604 695
1647 760
911 107
640 941
780 1183
1481 1408
1618 336
1367 1115
348 1697
349 1707
974 294
989 710
588 638
1104 80
678 1631
1382 759
1396 652
1742 680
1174 637
1903 1236
938 411
351 1082
964 1023
1213 1013
380 901
1681 238
474 1427
357 1007
1047 1026
356 743
1364 1771
924 1276
359 832
951 1386
1260 237
1778 1554
746 446
610 1433
1339 298
513 479
1821 1317
1686 773
699 1173
1834 146
1482 752
968 1838
383 675
641 389
367 196
1429 985
1636 1711
742 1184
1863 1549
1933 1539
497 784
471 1452
985 262
682 1741
1511 834
1313 236
1192 632
1300 1057
1611 1160
1019 1520
806 1573
1881 1558
561 1332
644 751
1386 735
1663 270
1068 42
378 1572
1055 1204
670 365
1699 1761
1513 205
1561 1014
908 278
552 846
567 1749
902 716
1526 1095
388 1384
1356 701
1771 274
1907 1815
1425 1618
1683 1245
1780 961
1504 543
1842 113
1793 1152
1079 1624
1081 1156
391 869
1004 83
1083 1877
1361 617
920 346
441 416
396 874
1536 158
1846 466
1086 1319
394 1230
398 819
1121 455
1877 620
400 1110
401 600
629 887
1566 1025
1057 490
1046 1512
402 651
1219 1643
1375 1628
457 199
1825 316
407 487
408 1868
478 579
560 821
893 1338
1614 1524
412 105
726 688
881 374
416 756
1883 1465
1298 1566
1901 1214
420 849
1779 998
419 1313
421 1480
1471 251
733 1537
1444 1218
1452 681
1147 1031
1622 65
976 942
1732 1481
1025 1087
430 506
431 1715
843 593
432 1648
979 11
1204 713
767 224
1628 1094
747 99
1445 1949
1160 940
1612 1811
1662 213
1721 1370
1100 1527
1187 1081
1644 252
571 533
1719 1887
447 1871
445 1847
1377 1703
1183 1649
1532 518
1209 835
703 1405
812 305
1909 1301
648 799
1723 1047
1720 1052
1198 247
451 571
453 1664
1400 1235
454 1511
730 1340
988 914
456 1382
832 1242
458 939
1685 1607
1864 164
1679 1369
460 714
1918 1679
1394 200
1270 628
706 241
1537 73
877 1746
466 1102
1342 981
1265 297
794 128
554 687
593 1580
770 1130
1288 1640
971 881
978 724
823 1354
1311 355
1058 660
507 679
1154 1029
1428 1874
483 1366
1459 1725
944 1065
1873 216
604 364
1331 293
1238 1823
754 1327
854 1493
1350 920
496 1161
1398 1600
984 1555
522 820
1916 165
499 1284
585 569
1175 1006
898 1934
506 1696
1315 1185
1332 1128
748 754
637 812
1064 842
1737 833
1784 1469
1613 1390
1835 1372
1808 1508
1733 662
1153 387
1758 1278
1870 1478
1385 592
519 1439
1528 1468
932 538
916 1127
523 1620
1306 1466
1508 208
663 53
526 420
1819 828
527 1227
1336 801
529 664
1892 1516
972 1180
1062 194
530 264
1373 1594
864 91
1619 191
535 1708
1583 325
1859 873
1503 1189
1439 541
661 1165
765 837
542 589
1239 391
1674 192
1603 428
1922 1292
1329 1288
611 1509
1610 441
980 1296
1593 176
1059 549
1433 866
1598 905
1012 1912
1087 1125
626 267
558 671
559 1519
1440 676
849 18
1430 911
1894 1153
1212 159
1550 409
598 1492
568 177
731 290
969 1507
715 560
572 1158
671 88
1525 108
778 1822
1785 910
580 89
1652 397
581 480
871 805
582 1769
1126 229
1240 1424
1166 1839
1906 93
1201 1763
1448 1608
1518 359
591 612
667 765
1515 1282
1207 134
594 938
597 847
867 240
1878 1504
1414 787
1090 388
848 527
1844 613
743 1251
1574 129
1434 925
1670 1393
958 879
718 829
612 1137
614 8
1010 161
617 1907
825 950
719 1195
1510 1869
623 1591
627 806
789 1151
1631 853
1524 606
1924 766
632 1398
1635 1501
1395 668
737 1000
1650 63
1101 1797
1726 1205
1897 195
918 1613
1455 1008
1063 997
711 603
904 52
793 1179
655 552
1704 1199
1798 1923
1263 1782
914 1387
1664 989
1790 1455
1182 1681
662 1162
1530 1304
1775 149
1357 1764
987 45
1765 1267
1255 1138
1575 570
840 723
1832 1737
1558 1517
694 886
697 495
1091 1285
1252 1661
1222 854
1485 977
1013 573
945 145
734 86
773 1895
717 1157
925 1688
1196 885
1293 963
724 796
1072 227
1038 1896
1054 1886
1393 896
1540 1885
1449 1186
819 1588
1632 3
1214 669
1600 1526
1609 1311
934 75
1890 809
1882 390
762 1660
1839 1629
1751 1353
1605 1548
768 352
1568 718
1136 1893
1795 1098
1740 398
1281 682
1117 1596
1738 1182
1468 437
913 1605
926 884
1850 1320
1028 163
910 1030
1278 578
810 1247
1669 1220
1794 404
1235 744
1043 1454
826 44
1626 1530
829 62
1496 121
1328 1617
1418 1099
1261 1684
1208 1723
1343 1140
846 1866
1904 1726
1464 1756
1283 1383
1211 1748
1103 77
856 712
1648 1652
861 1832
868 1698
1867 1637
1913 974
1666 738
882 967
1539 850
1340 1754
1348 661
1851 95
1127 1297
1565 640
1210 1762
927 496
1547 118
1824 1913
1346 674
1140 258
1170 856
1042 58
1661 1451
955 1565
1520 243
1729 557
1535 81
1643 767
1403 1302
1003 1716
1326 1360
1501 1925
1206 1948
1018 862
1133 1751
1585 1609
1035 221
1131 266
1718 514
1861 385
1113 753
1053 1407
1571 1770
1304 1647
1749 838
1577 37
1446 181
1560 1471
1492 1291
1845 545
1578 234
1549 170
1190 1305
1290 1090
1523 1167
1225 1644
1232 502
1754 1936
1266 1864
1905 1039
1309 1434
1344 1442
1716 342
1349 783
1684 1447
1405 1846
