0 1013
2 470
1698 1546
3 1245
4 124
1696 507
1695 1163
6 675
1694 570
7 91
8 1317
1692 480
9 1621
1691 1097
10 784
1690 49
11 525
12 841
178 694
1509 1045
404 532
78 947
779 1217
865 622
1598 1438
372 361
457 541
1 1080
5 285
1697 868
1693 557
1565 135
1661 661
778 5
1274 994
134 1597
1139 164
1470 1047
1152 1625
750 569
176 1192
13 983
14 1445
329 481
1308 948
1554 1145
1607 273
56 1297
1472 744
424 1271
528 1008
561 528
1699 536
279 1128
1149 319
420 220
269 1069
230 454
365 788
498 59
1487 550
693 1583
1578 1517
743 600
317 595
15 1685
16 819
433 829
271 1305
1209 964
1338 356
639 1261
837 336
1050 1104
1609 822
70 1672
898 1262
925 203
1204 436
17 20
106 638
50 1140
1380 834
1364 1610
687 400
756 867
519 14
1418 958
175 757
1184 1565
1680 802
690 607
479 107
98 1239
851 1249
109 227
410 1623
1556 720
153 682
1197 636
1647 1689
1427 441
18 1354
319 134
500 801
548 1563
1340 133
738 325
773 693
1171 253
19 181
369 1448
305 468
1085 1630
1493 1252
1652 146
1513 314
613 885
1220 937
1343 1569
481 1407
923 408
1372 475
542 1179
893 500
1178 393
1573 1053
76 1333
1023 29
1073 791
695 727
20 121
21 1199
22 448
278 655
1095 1292
346 891
1040 1299
23 102
825 83
688 252
1498 210
331 835
753 755
246 554
997 459
783 1367
1104 960
123 54
813 1523
1421 524
912 611
24 178
1499 842
1320 553
253 599
161 428
857 691
1459 397
505 513
796 409
1218 996
1576 642
25 303
26 16
1236 908
866 161
1299 514
583 1277
1564 934
767 602
515 743
52 240
529 1667
1456 354
589 1531
706 946
1003 1608
472 444
355 224
1157 1649
685 1562
1098 28
27 1434
28 1584
291 1567
1653 1522
286 907
1213 1688
1252 1437
758 1624
266 698
43 90
75 855
214 37
927 445
1222 1175
689 804
648 129
89 85
785 1052
1102 1652
1410 1098
1074 1691
616 644
439 1077
29 1260
30 323
881 1030
698 401
507 1496
1687 723
1473 483
1351 733
715 318
294 278
683 1588
746 194
964 850
350 9
992 392
1548 1585
32 1411
739 1690
495 205
1188 360
1476 1357
1350 522
33 367
557 216
1051 1420
1605 353
1162 1568
67 695
650 1362
436 179
621 1073
31 1633
34 581
1641 1547
110 917
399 1471
35 1166
1294 722
1620 1222
710 864
1284 375
486 509
954 979
1649 1207
241 290
1622 1137
801 346
821 1476
955 67
388 187
1625 894
691 1103
427 1074
1205 812
49 747
791 1485
906 300
1039 1660
1670 1006
745 351
686 310
684 572
559 1133
36 1139
37 1084
38 742
208 752
293 649
651 1348
768 42
720 928
232 96
607 1377
1651 1612
1540 854
1269 627
1148 851
966 517
416 965
732 166
521 1235
1185 901
510 1218
1629 870
1631 1253
714 977
39 902
1575 1012
1000 1110
1530 1190
268 1209
812 1039
465 616
1037 1638
596 692
40 123
41 949
1154 1643
894 1421
1560 898
676 493
1293 1564
1333 731
42 117
949 425
671 291
1150 592
378 15
386 798
1048 645
121 173
145 1101
727 1580
638 1454
1277 1548
1016 515
44 1472
654 417
1406 255
1315 663
1482 84
124 1486
1454 518
45 1589
827 737
251 1676
417 149
1577 152
819 221
1458 981
517 263
1394 833
281 1170
46 316
1477 666
1327 1028
1306 998
907 1696
384 190
1443 1433
257 1457
1067 340
1344 735
47 1343
491 882
637 206
48 1324
670 1203
1107 366
218 921
845 1221
223 1512
852 1227
919 488
473 1673
1408 1429
1571 590
976 989
697 1319
1038 1011
740 789
807 1330
1601 546
936 1272
1543 463
820 21
352 646
632 837
1268 1555
51 180
1465 1376
678 143
1126 1520
466 1513
571 1307
1221 988
1291 1436
103 1135
1103 1100
188 1356
452 1552
274 1268
1621 1617
874 760
1119 52
53 456
1201 768
968 729
737 538
451 1627
991 909
1141 1634
1099 534
419 1212
643 1213
951 818
370 163
54 1148
55 332
1375 922
1517 637
478 1293
761 823
944 188
694 1036
1599 687
1396 1344
1044 1118
1363 1662
1289 772
1216 490
995 1127
1276 805
1270 1498
385 761
675 531
379 1284
160 331
1180 1412
630 1295
540 830
1660 1455
225 1172
1192 676
58 1160
59 407
860 298
117 769
1341 386
1440 1241
1529 257
1688 172
660 1021
749 1556
1021 284
593 41
60 597
376 1025
195 116
900 329
1395 153
617 1106
1413 1296
408 1208
1437 215
659 519
645 756
1026 1590
1451 702
57 845
1200 1320
310 241
255 418
501 423
1474 458
276 1684
122 1461
792 1181
62 270
1286 1349
107 863
235 521
1272 345
916 956
1301 1506
61 482
1203 1120
1515 686
789 23
1290 1026
826 1093
64 1311
236 1468
413 1528
1635 327
1124 1554
1416 623
921 1132
283 242
99 427
883 288
1142 1266
63 363
247 1539
212 1674
1285 24
704 1553
228 1536
1587 19
391 1600
65 1542
333 1243
585 990
1590 1304
1422 1161
970 94
1058 808
66 247
563 857
993 1414
766 573
68 1168
556 51
703 587
506 1143
336 25
902 1201
69 438
1210 140
1123 1058
301 848
1076 1173
1060 1214
560 778
71 1370
1411 382
463 1042
609 31
901 159
917 109
72 1251
1403 884
1628 1204
155 1238
1257 1035
566 1076
641 1075
839 799
1442 935
990 683
238 1078
887 1378
1611 1381
1527 1465
308 578
73 888
74 1325
1325 1285
1450 1302
1645 48
655 1187
367 1081
1248 1391
497 421
1568 77
348 1153
334 209
85 82
1555 781
196 335
1377 1509
1510 1616
375 368
200 1154
853 199
1169 342
1138 944
250 889
77 1413
736 1183
996 1223
1359 667
1466 997
1181 87
275 472
280 1426
598 195
669 878
787 1116
931 533
79 114
1334 487
1167 1283
888 110
1019 1005
1636 50
90 1606
494 651
1317 1303
470 1488
905 420
597 1656
81 192
1136 911
1388 1653
503 707
895 995
197 433
363 905
700 426
1650 1591
82 119
889 1464
911 543
459 1654
80 120
83 1003
406 452
157 160
1426 406
545 1019
762 650
1264 443
1059 1441
381 381
84 914
1561 1399
536 609
447 287
1433 770
231 807
86 1289
1191 1579
322 225
1462 1364
104 339
1424 1158
1390 712
87 1681
1483 1020
1386 362
935 566
1070 785
88 405
215 256
1313 53
345 271
518 1089
1061 1353
147 404
1318 883
1012 1651
975 893
508 155
299 1390
401 95
1090 33
1480 176
335 1669
373 1545
242 1693
444 751
705 776
1401 539
776 1525
1584 145
1642 86
599 826
91 343
1202 1066
198 904
284 6
92 286
608 604
626 815
1250 817
1494 503
265 1144
93 991
967 1540
998 696
1279 985
483 710
699 1129
781 387
1045 1065
390 211
1198 1534
1534 113
1679 970
95 502
713 605
692 244
468 577
298 306
628 1422
1612 1622
94 1386
96 1505
1302 1200
633 371
1113 648
1231 662
409 18
97 429
1251 980
1409 1355
1677 1629
1227 496
1415 1308
799 1051
100 1473
1253 1046
665 588
173 1023
1260 879
661 1646
1323 414
256 1346
158 1000
815 1559
101 1495
1163 718
233 724
387 1242
601 984
170 104
1586 1500
1262 1383
1084 378
575 260
102 1582
1064 1613
222 170
364 1092
1166 455
1066 1363
1637 217
341 333
1175 1538
541 596
150 1070
844 219
574 357
1043 111
516 1300
445 632
1500 1037
1616 806
323 1514
1668 413
368 1146
784 706
430 773
721 1339
590 1686
1331 231
105 185
780 950
765 603
731 415
338 1273
1552 1416
210 652
136 1466
108 198
897 840
1015 1571
1337 1620
1079 1276
1212 684
359 1171
1196 419
842 846
1537 106
1144 1108
1109 7
797 844
980 754
1115 1519
1379 608
187 234
709 1017
858 758
112 352
442 1294
988 612
1326 1442
440 1240
612 305
113 1102
244 1602
1562 1480
462 398
838 26
824 959
374 506
111 68
114 1337
604 105
282 680
987 292
1111 1560
809 71
1558 938
115 594
116 1470
321 941
555 862
1117 1230
1675 1402
1468 562
1028 1231
933 321
140 1529
856 1628
118 384
539 1680
1071 236
1588 1482
810 1578
119 230
154 1114
288 530
131 39
1319 462
873 1431
1522 1331
120 930
377 122
1689 274
855 1130
1511 78
1278 668
1263 1090
786 929
240 317
1581 1671
455 158
1404 966
1176 1224
512 881
1643 1493
148 1372
125 201
909 449
169 1596
475 341
1083 1699
1624 564
144 912
395 1247
1531 13
127 873
1447 466
662 677
1305 869
126 1177
128 130
1147 1048
1475 1326
724 101
129 552
1024 258
595 1444
526 1169
1329 74
1627 1432
130 282
876 1031
1082 350
1266 1336
1516 148
634 535
755 1291
132 1121
1032 411
163 132
899 640
717 714
133 1096
1655 1015
456 1125
267 853
1092 275
751 131
1405 439
1267 177
1526 670
135 1443
261 344
137 1453
934 1174
1546 1196
138 999
403 1604
1324 141
1488 1141
725 447
961 1263
849 880
217 4
1490 865
139 40
805 978
1455 1668
1400 465
1391 424
1460 293
1514 1022
1246 838
330 512
141 1014
549 1228
940 1683
396 1462
570 127
487 1
142 1369
143 1280
1596 1254
1089 1404
619 264
649 1167
754 589
1217 711
1224 1359
1503 184
1135 1398
1232 118
156 866
525 1601
146 792
1211 474
1094 987
1644 1024
499 1603
1031 1082
1508 1409
1579 732
1478 1463
891 1149
1046 613
1069 1447
149 839
1328 529
1606 542
1078 1087
985 304
392 584
151 8
702 574
666 73
152 1641
1234 1248
1682 1576
1397 451
974 295
841 1452
892 374
1153 193
1582 1595
880 730
1168 945
1469 739
469 796
1354 952
673 1647
1432 673
1009 432
1177 100
476 1226
159 1637
681 265
1536 1202
869 836
938 511
1106 700
859 281
817 936
1161 736
1096 1504
945 913
973 540
201 246
342 76
1685 1388
928 0
1512 1537
790 202
592 1479
162 927
431 17
620 892
532 916
1239 212
164 1151
1574 1395
708 251
258 471
165 373
577 1360
1087 968
166 484
1047 232
1052 1524
614 690
875 767
605 208
1348 1516
1553 70
167 1164
168 1406
254 1423
357 1593
1042 1083
1444 628
1088 717
1172 269
219 1594
957 1418
347 1279
994 738
443 261
775 875
211 238
1485 621
171 601
172 585
757 1366
1255 615
1613 932
835 223
615 36
1283 708
707 276
411 790
1241 1609
174 498
1054 55
546 704
1133 280
1100 943
1014 430
437 262
180 1692
1237 1350
581 1072
982 457
1407 505
576 1403
1030 35
831 150
646 523
1355 1054
313 137
712 1301
1027 639
1156 618
177 1256
179 1491
358 993
1585 1687
622 1029
1491 1316
969 322
1594 1435
307 1068
1001 69
946 1107
769 800
181 1142
273 1460
216 856
1053 976
1034 1615
182 1189
606 899
543 467
371 389
1634 775
1434 920
183 416
184 1038
1481 204
1547 973
1140 629
1428 1105
1151 233
1567 793
677 1267
185 903
1545 97
1199 748
716 1458
290 1288
340 1410
1097 809
795 1382
942 476
477 112
337 1332
586 1162
1347 1494
1671 213
953 1327
383 619
734 955
1307 1481
189 1310
1164 1380
1013 586
772 713
405 1679
186 547
190 1313
260 93
929 1282
1225 679
963 1126
511 709
191 312
192 923
1646 182
1392 1004
311 1286
1489 763
193 719
1453 1211
884 774
194 1550
1295 1677
1557 1644
1005 766
1280 746
1471 874
492 630
1414 434
449 915
802 45
224 47
1316 779
1374 1274
1292 786
1062 1543
264 1185
653 27
814 1195
611 641
199 924
1049 1194
480 701
744 721
877 971
1258 1695
327 1682
550 1636
914 1225
1238 142
202 1425
1501 1371
435 697
850 43
1654 685
1193 715
1520 99
1373 349
565 705
1342 1501
1610 302
203 852
1036 200
205 1216
1657 1405
1033 811
1506 1532
937 440
204 58
206 617
1131 1427
1535 489
1006 30
207 1111
569 1619
306 1557
722 510
908 1614
1550 128
209 1086
1580 156
1244 1535
263 962
1449 1419
822 1071
325 859
1296 1592
1182 1010
1367 821
682 1521
1630 151
879 57
1230 1611
956 1526
300 559
1684 337
1505 1115
213 1645
514 520
1332 582
627 1220
1160 1044
558 1467
1125 1456
1261 1368
847 643
1608 1678
958 98
568 1165
1358 347
870 671
220 1060
636 972
999 1499
415 1258
1055 1094
1665 1281
221 376
1155 728
1597 795
351 1002
339 358
1436 1001
226 1188
458 174
429 674
297 1586
777 1440
1080 355
227 759
1664 877
1528 556
1425 1661
834 1618
1365 1122
229 1152
1384 1598
1666 1697
1189 89
1243 1365
537 169
234 243
1495 1393
1229 1157
764 1581
1507 1492
1378 1670
237 1573
296 320
418 222
320 1530
1387 555
544 1642
239 626
886 591
818 548
1165 189
1011 1067
679 765
344 499
1423 1270
538 370
1159 703
520 1428
496 1572
243 568
1249 1664
504 699
1303 1232
474 1605
1183 1043
962 297
1004 1323
1566 267
303 794
354 1551
245 579
868 485
426 575
398 1178
248 1113
1068 460
871 348
680 338
1669 762
249 1533
672 1156
302 154
461 1237
1398 308
1017 1334
252 1675
1077 380
1029 249
1346 1099
701 890
1247 1439
1452 537
380 1184
1190 1490
315 266
295 1056
1310 918
1656 664
578 330
471 551
1121 969
485 544
1194 1507
1678 954
259 1155
513 832
262 1338
584 933
978 1329
872 665
965 1659
324 1648
983 1062
1056 138
1235 245
1170 296
1570 1159
1393 442
728 324
640 678
674 469
285 390
1519 504
1195 740
939 165
270 634
752 1210
277 1361
272 526
467 309
1674 545
1254 1577
836 657
356 1374
393 1373
1091 1632
534 250
1361 239
1345 399
1402 1147
971 437
1463 1626
1219 32
1370 497
1446 843
1041 828
730 1400
446 942
389 72
366 900
602 477
1208 974
1256 1034
1228 1057
1399 299
800 1483
960 10
422 1236
287 1191
562 464
1065 576
490 1182
1417 1352
663 749
289 872
1603 207
1532 1375
533 197
1626 631
292 610
977 64
1431 625
448 412
1008 372
832 1136
843 963
828 1408
1186 22
1207 2
918 1575
1309 1027
1287 307
309 422
1672 849
407 606
1368 494
1638 491
1063 191
1215 403
1174 1246
591 391
1122 827
314 279
1572 1558
1226 558
524 1503
1441 63
304 858
770 567
587 861
1312 1450
747 813
1339 301
760 961
972 237
1430 108
846 957
950 1587
1663 508
1352 62
742 753
657 1193
1618 1244
312 34
1349 897
862 895
527 88
1265 1508
316 125
360 1385
1600 486
854 171
361 669
318 653
1484 103
1604 254
932 1394
1559 46
816 157
554 183
1382 1511
1158 80
1275 816
326 780
453 294
1589 446
952 583
830 1040
1591 396
1539 379
1105 992
328 431
1206 886
610 1451
1240 560
1429 1446
332 218
943 259
863 614
1614 359
867 1033
624 771
1448 726
1563 214
1479 1639
414 951
1497 967
343 1134
1132 741
1551 1570
1214 1321
552 516
441 115
580 982
600 44
349 248
729 1384
625 527
941 1318
1420 734
353 1198
1381 167
1623 226
400 1401
1353 598
572 1150
1242 1049
1464 1315
530 940
1525 1561
1134 876
878 1574
362 1091
1288 860
1419 1009
1108 289
425 1064
1025 1205
1640 1424
913 593
644 1117
460 1269
1366 478
1673 1665
631 60
1518 1061
1592 910
1461 549
1676 501
464 479
981 326
1110 787
1273 162
522 1658
1223 66
924 633
829 1290
1486 1328
910 1510
1322 92
382 1342
922 647
394 1138
635 1059
454 689
397 764
1502 136
1686 1489
1435 12
823 1544
402 1124
618 931
1116 61
771 580
1496 450
1120 672
1523 797
989 624
1617 824
421 1095
848 402
1281 147
412 635
658 1474
794 186
1114 334
803 1541
502 1259
423 1347
1330 1335
450 229
1086 1694
428 925
833 1502
1020 365
432 681
434 1109
1093 725
788 1518
438 1180
579 1312
1057 1635
629 65
582 896
804 1219
642 1063
1101 1396
1129 1131
1187 175
1369 168
1542 1278
1072 654
984 1379
1118 1016
489 1487
603 1322
668 1478
1018 144
1146 620
1245 1663
885 1206
1371 1497
726 939
1145 782
1383 268
482 1345
1445 38
1357 1607
484 1392
488 814
1360 473
551 11
1298 228
1075 377
493 75
930 1389
588 1655
1438 1484
1081 810
903 1527
1533 660
1311 688
1007 777
1619 139
1022 235
1385 831
547 311
509 745
1137 906
1259 1387
979 1255
748 1079
1632 461
523 3
959 1186
926 394
573 1515
564 1250
1593 825
531 953
1544 1123
535 1306
594 716
1271 277
733 1234
696 561
1143 803
1282 1640
1314 1257
741 272
759 1341
553 887
1595 1415
647 1309
1639 1055
1583 196
1128 565
774 1469
567 919
793 1566
864 388
1335 1119
1492 364
1662 1449
711 820
882 1233
1538 926
948 656
1659 1459
806 1599
652 1088
1467 315
1300 283
1504 783
1521 1265
1173 1176
1179 328
623 126
1569 79
1439 395
861 986
1412 81
1321 1631
1112 453
719 1032
1376 1112
763 1351
667 1287
656 1358
1667 571
1389 1197
664 1657
1035 847
904 563
840 1298
811 1650
1457 1549
1524 750
896 1477
1681 1698
798 659
718 383
723 1666
1633 1264
1602 385
1615 871
735 1475
1304 1417
782 1275
1648 369
1297 495
920 1397
915 1018
1658 1050
947 56
808 975
890 1085
1356 410
1010 1229
1541 1007
1127 435
986 1340
1002 1314
1362 313
1130 492
1549 1041
1683 1430
1233 1215
1336 658
