1606 1611
941 960
365 85
390 353
757 975
509 392
112 244
1322 1095
1555 211
6 1327
912 652
1478 1372
1023 1244
704 890
673 1206
1399 1694
930 25
487 1647
0 1507
1181 1315
370 1286
573 318
1007 1667
72 1107
147 1293
1384 228
941 1690
366 786
1284 1303
784 355
18 1535
1127 650
977 1004
169 967
56 489
1206 1166
8 658
459 1350
1007 16
185 166
1554 523
791 191
594 253
1182 994
1020 1124
1539 520
1400 82
1109 595
296 289
199 860
612 375
192 1603
1452 249
1413 133
444 4
974 5
1 244
36 1437
1598 518
124 586
608 683
1600 186
527 513
1309 419
1301 860
285 505
688 1372
835 1077
534 312
1576 737
1342 122
1111 544
337 1574
1433 481
447 451
457 231
1094 1404
1565 620
662 1339
1370 1478
1480 1213
992 279
924 1148
1399 757
42 430
505 1045
601 44
54 751
1499 245
584 550
987 929
612 824
676 503
1297 155
1079 922
149 1532
1352 773
980 405
1408 574
845 1325
776 71
1259 528
1311 20
1534 19
43 947
901 1089
1282 58
253 1380
531 253
1281 187
939 878
1086 372
1022 1162
237 1409
69 175
487 444
303 449
656 487
1117 389
390 750
433 1240
1194 255
692 1583
1623 911
880 1661
1292 559
744 12
353 962
1194 990
611 1591
323 1347
1604 361
1143 1262
879 1469
52 832
1136 1416
1597 904
575 1654
641 82
915 1396
901 1178
425 429
1518 1225
525 863
816 981
1553 359
779 610
867 673
525 1271
71 1509
455 1309
334 1537
492 605
73 885
1355 1088
819 922
416 1642
267 841
1196 816
543 1697
1641 617
521 1004
1332 663
540 733
1129 975
1660 180
575 659
911 1013
431 238
1250 1666
470 156
378 476
181 1533
43 905
345 201
777 1476
830 1141
1464 718
33 959
1539 496
1009 330
1017 1520
208 986
143 563
1211 1470
257 1027
84 634
695 19
386 1531
977 1471
1451 740
918 1589
1204 877
1028 1295
1269 432
1314 1573
797 475
401 102
850 885
371 1258
270 1062
1576 697
1641 745
1457 1416
1582 378
1349 85
1376 1466
1318 459
1380 606
681 1460
242 1661
568 505
1100 1046
1096 669
405 722
1628 589
1346 1517
1523 689
1392 529
479 1443
624 427
1334 1422
1012 1086
1322 788
1399 934
1583 796
634 1504
237 88
135 837
1210 1598
1089 396
949 1588
138 1685
1088 1284
1266 964
43 1405
1249 1678
193 151
249 1400
1011 1445
1662 1327
607 509
519 129
95 232
1443 1065
94 1516
279 1091
57 738
1459 96
496 1102
1680 464
1642 280
1314 1078
601 986
429 1596
1262 1198
1614 682
384 1184
697 276
1578 1112
1432 838
1464 1135
420 699
1184 1420
64 623
641 482
947 794
1038 499
1181 1476
1135 1083
1496 637
78 418
182 44
721 1373
1284 894
786 808
540 602
389 1505
1432 1613
596 618
256 1335
1291 1564
1556 1602
776 1521
267 1467
623 52
457 387
188 246
308 617
1541 1254
1055 1291
467 39
1293 284
1354 130
205 854
1069 132
1245 597
1109 181
177 1663
97 325
532 734
913 911
734 968
887 1242
1125 156
554 939
380 1042
1178 197
904 1319
1370 200
640 1569
1341 504
1305 669
756 1265
48 447
1454 589
211 1522
1488 1102
1017 965
203 1385
1187 1262
1546 1012
1617 1098
317 42
745 773
434 923
187 514
57 1670
23 511
788 352
1157 1560
314 936
720 123
736 232
304 1627
401 290
1021 1097
690 263
993 1621
1275 628
1348 446
588 628
873 154
1 605
403 177
1313 1197
1233 920
1329 1261
1012 906
118 1365
466 1300
1096 1211
448 115
1216 101
1096 670
1600 500
1277 507
698 606
38 308
1439 679
1071 391
233 988
421 582
846 4
1415 336
1545 1636
1222 1049
87 626
923 1284
135 841
1467 1207
1092 1009
1608 1528
555 448
605 1139
1692 138
660 759
475 389
409 493
90 362
253 794
1605 4
863 1697
164 720
649 941
861 1467
346 203
1187 813
21 870
890 721
167 1639
671 396
125 864
1372 1197
309 850
1611 332
745 856
734 1358
1425 1663
1454 1450
1056 1561
288 235
182 1126
1202 697
250 543
419 685
122 1469
1563 270
43 957
307 594
388 1460
1406 1396
1419 1573
460 1553
352 973
1432 1679
1260 109
70 585
111 524
42 501
1534 164
644 1593
1341 1659
1286 698
1232 1193
799 784
419 371
1448 787
314 1568
717 601
1377 482
713 1345
1611 349
1346 1167
673 136
617 322
1361 541
762 1037
1442 912
791 1680
1400 1607
1564 722
570 756
825 561
244 258
237 1469
1308 700
930 1250
1544 1095
631 1168
1611 1164
1565 1167
985 507
1588 542
1358 91
874 1673
1253 772
1535 292
658 1633
1674 1226
418 1086
1147 1120
842 402
1072 549
1333 1088
1324 1326
628 915
705 1553
1055 1133
636 1652
1029 698
460 333
446 850
1150 646
101 407
467 814
1044 1449
720 54
335 261
418 39
716 1401
1366 699
471 380
150 184
40 264
730 90
1105 1137
171 238
48 88
1361 699
837 17
645 472
60 1598
1690 474
309 744
909 1327
1138 1176
1668 1134
46 1612
527 865
317 550
1261 556
259 1440
464 1444
761 143
1257 617
1015 1071
775 191
384 1132
747 1456
1151 1221
1535 1599
1197 1000
658 1451
930 946
594 1513
33 902
1171 960
420 1103
216 783
631 1603
971 978
1407 821
953 220
494 558
1588 539
1302 1022
1550 1615
641 740
1032 1092
1398 1628
78 1646
1089 408
137 634
1174 309
599 1695
197 1455
1029 1072
837 466
126 1640
1040 781
1159 1488
799 786
208 1036
1641 924
1676 1042
585 425
1019 1573
1420 19
897 1453
425 744
844 1666
195 1275
811 1005
453 581
775 326
420 791
54 1687
304 1191
288 1156
322 943
1222 1071
406 499
1310 861
1358 568
1040 1323
691 1439
481 158
894 1020
144 366
697 1121
1102 152
257 169
1569 1672
1357 1156
1093 912
207 135
1175 1188
610 773
126 398
1382 776
160 1427
1576 934
4 1248
1511 1329
1254 587
1064 157
1433 291
479 989
995 1416
1066 811
1359 5
393 1303
1450 1017
926 1232
67 1658
125 802
1461 71
373 391
370 136
1158 1231
367 1581
1523 476
157 787
1040 727
582 140
781 296
590 1383
249 1480
1179 1383
1493 622
1154 327
635 1316
89 1586
615 643
12 1282
1292 785
1422 1571
114 432
1219 1022
99 1014
291 1338
898 214
1140 589
36 313
1177 860
254 924
690 1151
312 1509
1002 783
158 1664
1136 1324
42 912
197 377
1182 222
931 1385
1152 1067
745 1445
1047 718
482 16
195 1126
1087 1124
757 114
1681 688
294 1161
1257 99
147 701
69 1367
739 193
1334 1630
1567 582
278 489
409 162
1207 988
71 667
210 485
958 176
895 1667
1470 594
168 324
658 1426
229 833
835 1320
512 463
564 933
847 1195
676 742
228 886
251 651
760 1466
277 1210
860 1246
1102 224
592 1443
1563 198
347 351
791 465
124 117
459 640
1290 277
437 611
1371 815
1110 709
1507 398
229 1554
991 1678
1383 1640
1134 106
206 1132
652 1646
1219 931
518 705
675 374
12 654
1302 1575
92 261
785 114
1491 1564
1624 1695
1498 1663
83 270
847 1649
1635 1279
196 71
1340 1525
1595 1459
1622 1618
1325 805
300 488
1147 1073
1206 1609
1086 527
685 1673
5 272
853 389
1239 1537
1261 1468
1289 1302
1282 637
162 1119
306 1379
765 1581
806 991
962 1409
430 406
657 394
1680 1558
1043 1428
177 322
16 1321
457 1473
859 862
674 1423
677 181
519 1485
1662 9
1137 393
2 59
1269 971
871 806
1284 145
1669 1177
517 1364
118 1467
454 1645
1517 816
408 1605
1509 872
519 1192
0 1311
1385 577
918 702
1636 642
1087 1401
886 762
1119 937
815 1108
545 1625
1200 1666
1453 762
1256 429
295 1261
753 426
918 17
1144 35
61 21
502 1162
1452 181
9 256
1510 156
508 426
217 355
1499 528
313 559
349 1554
744 929
1446 1330
990 160
1575 725
1497 151
701 209
871 1441
1362 829
145 894
1556 803
1258 826
108 243
1586 695
1045 1456
28 110
119 395
1434 976
1533 1659
564 1511
208 824
341 808
1222 609
486 475
873 1022
915 1035
729 1451
1187 129
736 1454
1367 607
1074 78
56 1399
782 904
31 635
100 619
1431 870
1012 1274
1282 470
176 218
405 290
237 183
397 478
1323 1668
777 1654
1435 704
1207 482
1030 607
1158 335
1255 40
1465 1463
1429 441
1158 1151
80 634
1505 1425
1310 1690
666 82
763 1147
249 44
1651 1357
87 638
1320 1621
3 1226
1132 1631
558 65
489 1230
848 186
538 287
1430 1289
884 216
1485 1511
684 755
529 1186
265 1522
438 777
842 376
609 1106
740 1468
458 1502
1253 267
1094 1289
1299 1247
233 1562
29 580
933 1374
672 953
1559 298
21 804
874 188
1539 696
1344 1263
143 1125
1585 131
558 1281
874 1315
1082 470
867 1206
1209 579
363 809
914 939
1442 51
327 177
556 621
432 1025
1017 1111
1195 45
483 1322
735 468
1234 630
1058 1241
984 261
275 193
149 1447
1105 1007
227 1243
1519 1198
1064 1331
551 1297
510 352
1428 1584
999 753
1045 579
1269 244
1510 151
710 441
1131 1019
1627 1621
1151 1167
418 318
787 1680
1038 1100
507 944
1156 385
1350 1343
651 995
892 139
523 739
1294 1336
66 1417
1266 736
767 1625
1217 263
393 1351
971 1062
984 529
1292 757
88 803
951 1153
948 369
1449 216
1404 281
141 206
815 529
1484 1684
312 1580
633 805
1010 1395
1190 185
882 1056
202 1626
1681 1399
1182 1429
954 72
347 1517
1231 512
1235 1033
739 1440
1204 1329
752 274
891 1325
778 920
695 1139
304 1501
1176 800
1537 505
273 1061
1040 1009
868 1342
1364 1020
1199 2
368 679
1004 1582
162 210
97 1601
1599 292
1262 1486
1667 167
1486 1615
918 837
1452 519
729 425
1613 615
921 754
799 1641
249 1672
623 1696
1076 1347
260 1515
1223 1122
1130 192
1411 245
364 150
1406 891
832 1140
1131 1486
418 426
1465 498
718 780
170 484
414 1130
614 970
928 756
1281 68
367 132
1311 1693
1082 569
692 134
1376 1304
1631 1119
1379 1481
275 665
1159 45
1673 1359
1176 1547
1191 250
397 1572
1467 630
20 321
597 1218
627 201
1312 492
1170 1480
1695 1425
848 1288
226 1636
508 1578
1008 573
694 802
899 1268
74 1551
1388 1192
437 736
935 1589
1528 464
618 337
1217 583
1205 1343
118 718
1424 189
1224 1655
1563 1248
708 139
700 1595
548 37
185 1235
1450 1014
1522 1062
1173 292
306 574
1012 344
1161 551
1257 653
845 1014
453 1444
795 769
676 531
1376 1371
413 210
120 599
236 1188
104 612
120 226
1426 396
203 773
567 185
1084 108
254 78
760 171
1560 76
345 939
704 642
1114 1629
249 848
944 903
659 610
839 334
91 379
1255 1344
249 1296
837 1197
1333 753
175 691
503 1485
833 806
1525 423
1095 821
505 509
826 549
573 93
141 950
1202 1121
554 1460
781 1002
55 1149
1078 126
928 810
714 1572
1198 1045
530 882
30 944
234 191
1693 176
984 288
1492 1089
601 297
101 598
348 45
108 770
823 1496
105 646
1262 955
1382 1325
157 1464
712 361
842 895
229 418
430 499
779 1402
280 1686
443 474
21 522
1590 1486
299 893
1213 544
1634 801
72 1433
1299 378
1507 1284
452 180
270 527
917 1293
1227 1019
456 77
872 859
799 74
293 1521
1512 1385
1429 288
651 330
424 847
926 1185
28 533
103 1182
794 621
530 459
1020 140
447 88
1411 1699
352 688
1485 533
871 327
534 498
1099 907
795 1420
225 671
80 1269
374 74
637 855
657 1059
53 204
1622 53
47 1507
706 32
53 856
719 166
452 1660
390 174
390 1131
1568 445
852 1202
649 973
1441 1186
377 645
836 1494
1051 590
346 707
1211 1454
540 89
424 1015
389 924
692 1338
595 395
1598 1454
31 607
483 1198
21 1162
92 665
1430 538
1552 457
74 340
1273 1369
778 388
1374 506
963 414
1300 472
1074 1646
733 1506
1097 199
1577 1115
742 511
485 662
1616 662
983 588
1048 787
1511 825
153 892
198 1225
1364 1241
59 1460
839 1335
343 997
98 281
1162 617
1383 1499
1400 1665
67 859
749 1319
629 1094
879 1490
1487 203
1689 64
295 670
1400 186
654 1156
278 1233
393 960
937 52
677 1395
1245 26
1067 1090
578 536
419 1011
801 1481
205 1522
804 38
1384 1646
1382 500
802 1434
64 254
997 1330
668 1036
1169 121
1518 3
1280 465
400 61
88 1602
349 134
1368 1428
646 1107
1432 715
828 601
1017 721
1350 640
1164 1304
404 424
157 1548
1685 458
211 439
802 520
427 291
1229 1442
164 1670
838 961
1334 180
903 1525
522 1501
100 1462
1322 79
1372 443
1148 480
332 1222
1066 1595
880 1180
700 670
788 81
928 845
42 311
1676 1075
869 503
438 1262
725 133
183 1602
565 592
1046 1455
532 1554
304 1032
522 804
1680 645
1200 796
1161 1572
1093 887
1481 16
1614 387
460 1107
1022 1546
1544 1081
279 723
1036 872
644 744
552 319
1612 880
897 738
231 797
1033 281
1220 1664
1579 541
699 240
555 764
1061 296
1113 1332
215 844
223 405
1063 815
891 1142
870 804
629 726
1024 452
987 289
504 155
781 1640
927 559
710 1354
404 136
1158 1294
83 1206
1165 268
1370 879
1114 1372
534 1391
821 1241
1665 1599
289 1518
988 482
1617 201
646 14
150 102
449 1677
386 696
1490 582
882 1497
358 230
714 884
902 493
1638 412
1100 1085
691 824
498 220
1408 1388
587 672
461 1686
1654 265
1432 368
1080 230
837 1221
1231 56
388 337
1011 1271
1131 1301
1095 1008
1573 43
409 727
1322 1536
1609 1474
408 1178
323 1368
732 1301
792 5
288 794
132 264
145 911
215 1396
1405 150
1126 1519
1534 1460
1646 873
1010 490
837 613
1488 136
623 1078
233 708
349 675
1347 763
1368 878
1273 1315
127 1418
1314 180
1179 232
21 1662
1038 269
1186 1038
858 1671
1619 162
597 565
1423 567
1606 427
1544 408
831 808
691 767
960 783
264 869
574 1601
912 1602
739 1091
1090 463
1471 107
1646 690
874 174
953 55
760 11
1477 1207
108 1582
725 678
1628 537
877 1631
1503 310
877 46
802 1148
511 20
1055 1303
1267 799
503 1412
736 154
128 1141
795 1365
631 620
885 69
510 1543
1061 289
1222 866
806 1678
894 911
899 54
306 1625
782 790
60 361
1071 1106
174 1022
230 1675
1342 1532
580 1269
374 798
1251 182
103 1145
1304 953
666 579
1206 2
1599 506
102 336
1573 1547
584 1384
1503 1409
132 927
1164 1181
41 279
803 1669
1296 170
1663 1121
114 637
1312 655
1341 1289
287 867
979 1340
137 307
496 480
724 2
458 1524
697 1087
1359 896
1261 1139
1096 698
1370 739
9 1396
1680 1556
634 995
962 975
141 968
1169 546
791 1256
1230 1502
184 479
161 1545
1370 1347
914 159
1343 34
269 1046
1609 56
63 1209
230 1320
551 1199
756 1568
1016 941
813 1326
1538 1237
392 449
1104 756
1317 460
983 1146
150 1508
659 779
983 1042
1030 313
790 281
284 801
965 1111
1282 159
1094 1570
1195 96
1402 1675
1430 605
1180 1446
604 232
1354 218
1627 866
583 1052
165 1340
1659 383
1006 1007
1416 342
484 283
390 1261
1583 425
90 821
1110 518
1054 266
613 100
472 1365
952 1107
1015 1562
662 598
1561 826
757 1390
133 1494
1044 1183
1317 1553
1491 1457
211 1082
773 385
709 1553
1289 348
558 1610
673 1139
1349 1428
231 468
1265 1295
656 1564
1168 731
1626 131
111 1445
581 879
161 683
857 1331
872 1242
473 623
275 1201
1272 1625
1418 796
808 1447
1447 1678
611 1337
1650 1294
1236 246
1680 803
1460 845
1199 1226
1317 1209
711 712
235 1522
1604 1577
62 588
914 1358
504 1022
371 1011
1059 854
400 539
1618 471
371 1083
676 50
1541 758
822 894
1695 435
303 1219
158 313
1042 512
39 65
833 698
1167 1590
1685 1476
840 456
185 602
1375 551
947 1642
505 130
208 1665
291 117
811 1424
1366 144
341 146
210 557
355 255
557 830
821 1075
248 614
1525 37
1135 790
213 220
179 192
719 1098
109 704
697 310
1594 110
1000 1102
1106 1125
848 1600
234 1497
974 34
662 13
1556 1469
622 628
560 4
1283 657
984 916
1277 1340
1449 804
1327 514
958 1187
1538 314
1280 699
1432 1140
409 527
763 77
1141 627
145 800
207 339
510 649
218 1261
1624 1414
97 835
1076 1027
236 230
572 1283
732 1132
370 1192
169 385
982 1226
1584 1588
1179 323
565 797
379 1215
1097 1669
1237 756
470 1449
1295 332
1435 647
1204 944
347 571
285 1421
425 987
1475 1599
1634 1308
1179 418
1593 900
423 784
335 473
1298 785
392 393
1448 1053
704 687
1490 14
921 1069
1466 283
649 1277
703 1446
919 890
1199 59
908 61
994 1383
623 1455
897 1323
447 1481
466 830
312 1477
186 1665
983 1090
424 1514
1103 1366
836 431
1599 1196
1475 857
174 483
998 1519
1216 80
776 27
918 963
1209 709
459 1095
316 41
933 1087
782 828
602 164
100 596
973 1690
560 1074
1087 393
1142 717
978 893
1448 194
1188 835
129 1697
330 645
1162 1530
1268 635
805 942
1530 1528
1487 1195
1424 1110
745 133
1131 1330
1495 1320
418 650
1483 984
715 1224
1428 480
661 969
1083 559
74 473
1096 330
672 1404
1672 44
1474 44
1306 1027
497 1527
1294 523
1382 1229
1477 284
744 441
1157 1476
920 659
436 1308
1096 995
84 495
88 1469
1090 935
409 1557
808 1516
1502 782
251 870
51 1304
1149 918
422 89
1678 1268
1369 103
1498 333
642 1663
1469 903
13 1224
1051 842
508 1585
593 727
100 1014
774 730
646 1570
217 1525
515 235
1495 608
38 609
427 900
741 235
1321 704
618 552
337 115
1006 374
1237 891
1007 1580
907 1670
333 916
850 1115
1595 704
981 1486
883 706
529 1120
565 468
347 1653
0 730
27 1682
501 1168
942 1577
78 295
1350 1056
193 89
665 567
4 173
1281 1121
264 952
166 639
140 783
382 910
894 1547
950 766
179 1450
1279 1377
1578 203
1454 1613
1147 44
758 1016
661 315
572 1410
1435 273
713 1053
350 687
884 308
1334 343
1572 347
1012 867
491 905
1137 265
439 917
541 1566
1560 225
204 134
1438 1013
1079 539
314 1376
223 1688
206 1408
507 672
1205 299
1632 1119
731 1287
327 209
246 990
113 607
738 1569
957 757
360 1610
1340 1372
1175 680
1083 849
366 1023
42 795
1527 537
524 1193
1171 1027
133 766
247 1045
643 3
1285 1091
390 690
36 158
290 1023
932 457
425 1671
1036 81
983 1395
938 115
284 1481
326 998
844 1202
692 1578
1064 1357
1092 727
1460 1522
488 1597
1352 1353
448 377
1549 947
779 1145
1003 260
1553 1107
286 1205
370 52
1212 860
1417 1032
1470 307
365 134
580 1098
1415 1176
715 589
30 870
897 1561
818 1457
1637 641
212 53
1690 861
200 667
411 149
1291 1385
936 1175
740 288
736 1208
788 941
514 1597
517 1670
966 312
484 1083
451 443
747 939
461 36
1677 52
489 1688
713 1664
555 977
1171 1049
705 1567
578 846
20 597
776 1228
230 472
1246 1443
253 183
1646 500
1157 394
245 1281
229 1267
107 1479
1547 140
1523 1537
640 580
9 915
369 0
1003 1676
1389 463
1232 1185
572 1045
855 1656
293 986
1078 1250
1011 685
1056 640
690 410
592 797
1541 1003
936 1625
1496 1041
1659 151
1546 120
1053 199
1128 825
1493 493
1294 1199
783 1303
1620 734
7 533
347 281
1306 593
193 281
1699 558
258 1203
532 155
1189 1405
180 924
884 1247
1460 99
1311 1666
1145 864
657 547
630 1693
1157 218
1588 999
1081 1697
805 1632
440 341
277 234
715 687
607 620
1242 1468
1397 424
1190 198
1033 1677
1465 312
1518 375
858 1309
1430 125
1124 754
306 492
195 1493
1407 541
1014 1111
1269 258
1681 508
390 314
1104 3
1218 1473
386 933
238 1027
731 274
416 0
1665 198
125 1498
151 399
1417 898
74 1101
47 768
1524 1020
1190 1584
379 72
279 235
1147 1273
56 242
338 637
1118 912
1252 265
649 623
746 709
1001 148
251 500
1568 483
892 396
1064 600
1416 956
1409 831
998 637
1194 1293
292 392
1145 22
1284 1623
1542 150
1672 1400
713 1448
900 942
603 1387
1635 443
1489 1075
990 1377
725 1396
1187 377
573 144
213 22
613 467
1615 243
1658 1515
1245 448
1345 48
1626 65
178 1103
1486 1189
880 793
1312 1658
380 512
260 934
678 243
1201 1381
634 243
1496 780
963 199
1648 393
1228 1209
1609 1231
751 1115
74 452
412 251
500 1288
332 1646
468 956
1144 1369
500 605
856 1214
382 1680
609 809
1005 1139
1347 456
1066 684
466 1084
1306 362
496 45
46 1658
399 1511
1369 1576
1386 1624
259 1081
413 1574
117 820
279 1357
1618 326
134 749
418 144
933 1148
1099 95
1593 175
210 202
1369 1598
326 1145
1625 589
202 1051
598 1480
682 1407
1148 1159
1148 348
38 320
1004 704
1375 164
69 562
1444 451
1299 161
588 266
12 569
1338 123
1331 1627
494 1154
1645 1530
1676 192
963 1414
970 73
1344 628
1495 835
531 1467
1132 489
98 339
570 864
1366 104
979 1444
506 949
1481 700
1312 245
135 702
1377 383
1019 1549
1283 493
1330 793
1291 1314
1465 622
488 1059
953 141
1123 1481
40 1583
1438 1681
237 475
434 251
1117 1366
1243 1053
816 1527
53 1681
935 39
1257 1544
675 1223
498 1565
452 1683
1624 435
147 990
319 856
1371 1099
1365 396
1487 583
1501 1530
1357 15
468 797
303 819
564 1579
1122 1352
660 1559
656 1506
1543 720
1462 1330
1182 1461
552 992
744 908
1323 97
835 1675
306 356
385 1336
390 398
621 214
552 1272
1151 1243
534 399
1379 188
702 674
1098 7
1000 658
1466 170
1098 274
1034 1644
1395 463
1567 709
525 1065
1402 949
113 598
733 334
93 883
1066 689
346 207
769 1140
1214 1585
1689 594
1641 374
813 1314
1063 1108
1276 537
1103 221
1316 130
1381 1685
1466 857
1276 1487
718 1631
14 916
1037 1140
227 907
377 472
989 492
86 401
1167 438
1364 1547
1400 44
1533 1343
1520 39
1163 1483
1185 1072
92 810
1482 779
1691 630
1416 1326
1363 1052
401 262
306 1408
1699 245
674 1440
512 935
899 1204
107 1266
768 716
1229 1142
274 1287
1509 288
1622 1685
825 24
466 555
143 1066
1507 251
768 1505
563 1684
1640 255
1461 1572
1585 1586
957 1403
1278 735
368 1553
490 1066
591 40
1170 645
1628 834
1057 522
578 733
932 1218
1371 1157
1086 270
511 1380
1504 1225
320 547
81 872
330 1470
633 472
1125 159
963 702
387 797
850 1110
1073 99
300 394
70 470
751 670
586 521
0 412
1132 1582
1587 864
1146 404
685 53
1391 554
878 883
1118 42
681 1622
1513 1481
1484 1545
143 811
873 1151
1621 990
519 303
280 1485
86 714
396 163
1661 1383
538 213
612 526
1681 743
631 1086
1211 1324
409 1114
1564 1471
632 586
1557 593
1279 1424
1661 441
189 498
923 822
271 743
404 806
1547 783
1577 932
413 1134
912 829
38 1410
346 773
133 836
1174 1331
643 1075
36 327
1561 420
29 432
482 1123
556 235
1343 812
325 1675
543 1111
103 169
451 637
445 1188
969 1331
1278 1418
281 719
58 160
629 1266
1489 567
1021 1239
941 1522
557 1457
413 1073
98 853
807 318
882 496
1102 1079
1209 105
186 292
530 1088
1352 376
90 1521
1412 297
1518 96
1230 179
204 131
105 333
86 1572
240 466
709 1441
461 1338
198 1235
765 1628
824 428
1277 229
1473 1339
270 673
772 1639
907 303
1214 131
528 1349
1444 1340
251 1636
955 680
166 7
324 1090
1568 421
1009 765
374 1697
733 536
941 1287
802 1043
795 1592
1189 203
459 1263
933 1043
71 1229
278 242
818 1613
599 906
259 306
53 336
175 568
174 1163
1455 961
453 782
1106 811
654 1449
30 545
280 1018
917 1637
543 1415
601 706
305 1186
218 476
1307 1261
1325 1184
422 193
209 232
78 690
122 1182
232 493
1161 948
1429 614
349 1253
630 20
192 662
1310 73
636 894
835 6
1597 547
271 1023
1266 646
950 385
848 711
718 501
168 57
553 1373
914 433
586 965
522 38
483 1541
538 100
1057 1449
547 783
59 668
1029 146
1116 778
1505 177
1502 1191
1001 741
1381 1090
1081 551
1440 1201
1149 403
1482 1026
1265 1611
1060 1189
1108 914
541 1272
1354 744
847 626
649 719
1332 655
1598 1094
1000 795
1318 1629
173 1096
1091 1156
1055 930
1341 1302
591 470
1548 864
1083 166
243 753
685 367
488 547
260 1067
268 1150
1655 718
1093 1442
1176 140
1069 367
1405 965
1022 1460
1542 1656
1039 1144
1111 1695
1203 1441
861 1447
633 945
1003 1130
472 1285
950 745
438 1131
352 791
122 169
1641 640
165 203
1309 1515
626 1478
1176 1124
894 1087
718 1404
1286 879
1615 1574
1138 81
310 1455
1594 766
328 849
474 824
1377 988
605 112
542 1437
1359 9
177 1455
133 1438
96 373
985 597
1053 82
1525 1496
1274 14
1690 1171
1376 1022
1501 1162
1435 1316
353 1190
1244 959
349 958
1047 1018
298 905
348 136
544 1657
240 830
4 1646
685 1271
598 13
90 304
423 1180
571 1204
824 767
478 730
871 1434
789 1376
1629 657
1319 1633
357 592
1667 1269
727 863
598 922
759 340
1245 1600
1498 420
831 786
1481 1239
1671 400
458 1130
510 820
167 1464
1089 11
190 1028
60 358
1422 280
1608 203
219 988
996 1502
66 1040
1075 1248
916 1339
1076 1250
440 415
1493 1519
243 757
127 100
570 1611
402 597
1403 1175
1432 409
1493 1054
775 1145
892 604
535 228
1544 911
302 1642
487 550
1398 1068
425 1122
1129 1319
976 1488
300 1418
168 1048
573 417
874 1237
1692 527
472 658
583 181
944 600
1146 1389
129 757
819 1595
1279 701
352 1502
77 778
1086 681
759 751
1441 1434
1634 1481
839 299
654 10
1309 1658
1064 468
518 1317
354 573
1060 1573
1089 315
1365 149
14 1570
1662 1616
1333 822
996 131
1075 1225
975 1287
408 1334
622 588
19 503
1689 1291
3 724
1642 1047
417 1169
1344 1510
1082 1113
43 1615
404 319
798 565
1194 506
90 593
615 1225
69 991
262 1023
1568 380
881 1313
1231 1655
659 279
536 1222
1350 897
97 1188
877 858
1288 480
445 1080
945 329
1570 529
1671 1593
88 1528
1232 1579
346 375
195 1679
181 907
521 1688
214 1522
192 1090
674 741
60 1342
1278 1198
1697 67
1281 604
1499 1651
789 912
1458 1206
1431 522
820 1472
241 1176
581 607
605 971
1524 1587
1589 387
901 1669
936 445
933 520
1245 1665
751 279
1583 1549
288 1357
1390 989
332 109
301 215
475 130
625 1585
1336 1539
1670 1393
1617 639
90 40
19 1464
1165 367
1493 266
852 1455
300 547
668 1509
1211 52
1519 588
1472 1564
995 342
358 122
742 594
1338 1240
201 862
1180 121
418 1
1085 1456
1325 1652
404 919
137 450
863 1521
530 1510
1172 584
206 1149
1287 15
1698 827
1462 689
1171 1006
151 1561
1501 660
101 1069
1678 1163
1293 801
949 224
1183 363
1685 885
947 1476
1408 1379
1693 218
846 295
1028 1568
910 1639
211 696
21 937
929 106
1646 1109
1513 1260
1302 1021
895 605
902 1454
289 1489
203 1135
1685 242
530 1317
680 1320
743 1419
497 1143
227 303
1321 1360
1390 1385
440 329
986 1599
425 435
692 695
1393 99
968 837
796 8
1309 1697
412 1413
1324 1470
1103 1491
23 1031
379 45
1386 717
71 1448
813 335
959 472
374 1524
197 874
808 1558
1665 568
90 598
1374 976
468 1453
1336 1043
846 1691
1256 425
25 1084
72 481
1477 436
931 1222
464 1264
298 276
1344 1318
90 1417
1569 833
420 1280
580 112
282 1643
1015 233
446 1587
1551 1055
486 257
426 894
1418 1313
242 996
1126 14
413 399
751 73
922 426
1406 1375
1082 139
47 303
208 1599
1230 1081
1536 1180
1487 982
1690 532
510 381
638 1549
429 987
9 978
684 1394
611 865
1362 1601
1372 823
542 922
83 673
629 1499
551 826
1423 959
418 29
1443 475
174 1568
997 1297
597 357
1274 359
1005 288
125 1206
1674 1270
81 740
152 539
1630 18
1237 1548
1185 1566
782 249
1507 362
73 1115
1338 223
1506 1486
1631 790
1147 1205
22 1493
1378 921
1443 1473
970 751
929 603
324 1603
1698 602
384 904
699 923
504 1289
650 688
1178 1104
1695 1202
1476 637
771 1143
580 1079
654 1431
302 1532
390 1600
690 1699
117 667
715 868
468 475
1115 491
1386 731
523 755
883 392
1533 795
938 1215
1369 1637
1624 1505
441 929
555 1053
34 1148
694 386
501 1005
1278 16
224 539
1203 713
305 1100
1272 1192
162 1140
125 83
247 1069
1159 496
1397 572
1552 387
1580 379
1098 533
79 1398
222 568
915 232
1019 297
409 202
1349 187
1555 994
846 550
742 1691
1516 959
291 158
1074 677
874 402
66 1009
5 1141
1510 882
782 13
247 1377
1671 194
192 1034
36 117
1492 1628
760 1266
690 519
1418 547
284 1513
1555 49
1220 610
386 34
1156 667
138 242
936 97
267 1002
618 495
308 809
609 148
1608 690
737 471
371 1329
254 1452
848 1535
1061 890
1177 1343
1630 108
761 1066
1413 1653
341 831
1368 1484
263 975
1536 741
80 1196
1076 840
482 1481
686 845
1279 1232
94 1244
964 1399
1172 299
1190 1225
1502 179
488 320
808 1394
215 662
94 296
963 1351
235 214
362 648
1391 926
803 398
1277 532
1379 1139
358 1681
1581 234
287 1458
200 825
876 237
1473 1699
963 593
120 906
1255 688
873 1174
371 106
894 1176
768 1052
779 1202
1498 372
728 1678
635 505
481 430
1096 376
599 1636
1068 1407
1613 342
940 1588
948 1115
1676 647
744 400
1209 1490
521 462
380 1401
1219 833
1473 1651
51 723
1044 682
1149 940
381 892
1542 948
297 1268
798 1443
1078 1370
1648 642
211 248
1328 1012
139 682
651 984
871 209
1282 1431
234 1007
1637 1427
22 1679
547 881
369 1362
380 1331
27 309
465 221
295 1635
1395 919
913 400
1668 1128
1272 52
1530 353
152 999
440 1169
464 171
958 374
714 347
1546 83
384 1281
738 707
875 1305
1586 812
1508 1453
1092 781
1195 1478
796 377
1054 1662
210 1051
1601 1351
486 694
227 1682
1521 1312
986 1245
1057 682
616 1169
1617 660
677 1246
989 812
134 1583
756 1606
1216 1651
286 1239
460 105
1581 43
1294 602
1365 1592
197 1104
1078 1567
1571 855
819 1447
68 474
705 709
1287 864
1621 1155
1175 230
764 1564
971 943
837 376
27 1450
702 259
599 1036
1123 1321
1621 147
115 1019
931 1546
316 89
183 126
120 706
470 1162
692 271
361 1337
983 965
1690 1461
1219 69
958 1551
1571 241
1259 1281
696 1159
925 1410
874 1545
792 506
438 955
436 1513
1363 1217
132 1344
315 345
131 134
1394 94
1467 1062
1551 1101
575 981
1428 45
1655 1549
43 1476
1578 1583
1112 981
221 467
1374 45
370 838
206 1441
1315 991
185 724
896 1035
325 1077
1424 1490
432 978
205 8
467 450
990 1427
1381 652
56 996
1657 1552
1601 1643
777 48
608 1336
1039 60
803 1128
532 133
885 806
1314 1370
898 1559
1397 1144
1619 1114
840 277
187 300
1155 917
1510 1667
1677 128
422 578
233 1195
1395 539
1138 1005
1229 1067
213 1240
909 604
760 1371
1178 1538
289 890
253 992
326 1447
1002 1531
652 418
1439 428
1034 1090
270 1206
681 1656
401 1023
541 1266
455 877
1480 848
765 1352
1158 1641
1157 1535
1116 613
129 1658
437 1211
224 999
770 1335
76 1482
531 1419
1604 848
482 925
1119 849
1243 1340
83 896
754 128
46 805
931 1302
920 1421
1132 702
892 587
1214 1578
1687 1559
28 1559
1287 446
552 725
471 260
1060 615
1397 456
1256 173
523 356
1593 258
448 337
340 670
1674 275
404 1319
914 141
895 112
1586 1484
189 920
1539 34
1167 1549
287 213
888 189
352 1603
1213 1196
972 1018
600 972
1292 934
805 513
525 432
57 1645
1653 377
224 426
266 974
521 1223
1510 273
1417 1040
1378 1105
421 1164
583 1538
265 449
1294 428
1109 654
1398 229
1103 1280
394 1597
1102 542
1241 449
764 1499
1479 1679
1278 537
442 660
1376 1457
303 52
1138 1654
1469 398
1350 1393
417 341
372 1622
633 544
516 25
3 375
963 739
1245 711
60 491
1108 1136
439 744
621 385
601 1025
788 416
1209 460
1647 4
1435 263
556 794
482 82
911 800
1378 1687
1534 720
1560 1249
925 1260
1311 1084
761 1427
882 869
737 179
810 558
862 824
468 1411
690 969
86 23
220 1565
381 712
278 56
595 181
1160 1080
245 1154
260 120
96 1235
1235 164
524 964
935 919
75 22
1446 603
1035 272
1432 1619
1039 1369
1303 627
583 689
308 379
1382 651
272 438
1177 515
537 1590
729 1192
1073 301
60 257
1480 44
1575 827
416 1098
214 386
938 226
593 982
29 1511
814 1532
1664 866
1423 445
1021 969
1127 847
819 538
1228 723
1405 114
679 283
1093 1118
841 1084
227 455
247 51
1566 1193
433 918
1420 396
821 502
92 289
69 1163
1153 793
942 860
1301 957
1603 935
447 356
906 1414
1476 1292
1670 391
656 1219
639 533
1269 605
615 1102
982 1204
935 1474
1256 1593
262 1244
973 941
668 961
1033 1534
1016 352
1413 362
853 703
669 1420
1196 1167
1341 1106
1290 763
232 862
559 7
891 638
1533 552
1094 994
1207 800
1079 999
1294 1101
1478 606
639 660
1018 1631
887 144
840 1347
678 1696
1158 1127
758 1353
1295 1219
693 1547
374 297
1003 1034
1623 1547
980 130
533 1587
1068 1449
1396 782
67 887
60 1092
1267 1493
447 1128
1608 521
221 526
148 761
80 822
257 1342
1578 743
471 179
103 30
876 1528
118 23
1330 716
186 706
1565 938
889 218
66 506
1363 420
197 928
397 243
131 695
541 777
798 387
586 820
1424 159
218 981
1330 155
1335 147
1341 1357
338 1062
381 1310
858 1612
785 1553
1083 1632
1025 1577
301 726
122 231
1093 42
922 1088
26 1552
127 467
1249 669
481 291
800 393
3 1235
768 235
1508 1388
7 442
754 11
671 76
834 1122
868 1276
1102 136
993 998
1690 1527
1376 266
1095 465
1628 479
54 1450
483 72
575 993
804 997
1382 1429
1370 1290
384 1442
343 327
952 1454
541 995
901 591
915 163
1175 97
162 348
1660 764
200 396
569 682
1143 438
838 347
765 1344
724 1226
1135 961
1145 1275
959 1045
626 217
1304 100
1430 1389
449 140
1619 1473
402 1
653 333
549 1085
1418 881
1607 289
263 1138
1542 86
1678 31
1658 1011
690 181
102 936
1533 819
1078 752
258 893
732 535
705 1285
1153 155
1118 1259
1322 649
980 719
1339 1441
898 759
271 290
853 795
668 81
9 580
391 99
212 431
907 1221
93 340
605 299
221 778
1336 520
1121 1451
791 230
559 1617
176 476
1485 1135
111 1388
1691 1249
1260 1537
838 202
203 1694
155 691
1145 771
328 1574
1019 1410
867 1563
1514 680
1411 385
1299 1560
1593 118
439 1429
86 369
870 1145
70 710
206 1637
1519 366
579 1567
908 1282
1179 872
384 1098
259 1306
49 1429
882 1558
1019 955
1587 1046
560 380
1264 688
952 902
1506 1647
1506 444
1634 988
1144 1456
1424 312
367 216
1370 424
1402 610
1269 1321
1462 950
919 1070
1607 1469
1229 1376
1648 599
664 671
904 645
772 145
1173 1001
609 1300
172 566
704 755
1089 1052
1053 447
285 63
1268 285
108 225
1531 933
365 743
80 1105
1580 1408
1057 1407
781 525
1253 511
672 799
978 1331
185 1033
103 299
1650 382
1018 1329
1631 849
780 1119
1039 1486
1407 1443
1694 479
466 1433
971 289
218 775
1066 1463
565 1313
1012 673
863 1269
1055 1486
1294 813
47 1217
352 186
1211 297
974 215
141 1470
1691 747
178 1575
634 488
744 1596
19 280
138 1230
1224 1357
1638 351
527 961
887 1658
1032 1557
778 1275
1478 1542
172 100
867 83
1165 332
910 1607
452 232
1019 1486
667 385
1655 1041
247 1477
1574 1033
1029 611
661 1208
700 109
141 854
1469 1602
225 76
1444 499
1321 549
351 1306
142 939
1321 435
1060 1301
320 505
444 387
1200 717
125 521
623 1179
1550 124
1527 747
1567 1274
1613 1326
1409 620
103 68
648 1445
1008 707
403 1414
1596 1696
815 1431
1012 270
248 161
1007 869
1321 1020
678 923
321 664
1131 777
242 737
1169 341
1413 1507
352 519
347 1413
1097 866
962 1523
585 441
502 1222
631 263
1643 1337
473 64
1581 1007
624 1416
1445 1208
1332 559
1699 871
910 1680
670 69
1307 740
449 1351
111 214
613 1057
46 419
4 254
1142 1199
664 864
477 172
1504 212
321 770
1413 1484
1698 634
897 1425
282 608
1260 1239
947 1399
1660 759
485 1089
903 1444
436 988
368 231
282 232
593 1552
1003 1465
524 437
1488 506
188 938
169 433
954 318
1670 99
8 645
255 1477
1270 1433
115 1590
1375 1612
346 563
800 960
1435 951
699 893
1238 147
1687 639
1291 323
662 879
517 959
446 298
664 1655
412 66
204 1585
840 683
1485 1018
1102 922
1010 376
1680 1648
1408 379
1525 1320
369 1204
1462 552
347 296
390 919
1329 1119
138 1415
1136 307
94 119
146 786
311 1298
658 1184
1471 607
1470 1050
427 696
1255 530
233 626
677 863
683 1636
353 1222
1694 1065
265 794
75 265
1288 1102
550 548
315 1211
903 1422
1464 972
417 603
40 1602
972 718
177 310
366 1558
1348 340
253 577
1250 605
181 1174
146 1595
1249 1305
949 542
789 42
870 502
356 1556
42 1371
422 1172
1275 1519
787 88
1472 834
1248 1296
948 397
1463 159
422 327
1626 1487
1301 430
1171 799
367 140
52 331
416 835
781 120
561 826
1628 1471
328 890
1449 944
602 1226
739 741
1325 633
51 1627
760 942
295 28
1665 497
433 1373
1092 899
202 996
1028 595
199 48
750 259
205 984
1042 1395
1244 1175
321 108
383 646
100 955
1520 261
335 646
1280 612
1631 1404
1537 1595
201 691
1538 355
1646 537
1624 1663
567 1225
1391 48
1082 394
10 1652
432 31
557 469
1375 547
1005 1242
957 934
1406 84
1594 431
839 853
1264 1247
1230 93
1181 354
663 445
1483 607
1458 1563
711 448
415 99
272 885
1091 385
1666 63
407 701
1448 866
892 383
1405 383
235 1156
549 142
203 969
1578 1586
1107 1441
20 218
1671 1228
304 1092
212 385
1663 310
1571 1018
1151 11
1378 1303
1282 979
9 698
834 1185
416 658
752 1231
1666 1224
1162 962
352 941
1572 884
181 1385
409 210
485 1152
854 1313
413 1563
1530 186
167 1140
211 1382
711 337
555 521
372 195
1172 1628
1638 50
376 29
1229 789
74 178
1221 931
1543 1698
734 433
986 235
94 102
824 762
1398 774
734 848
101 1255
709 646
1477 1634
1608 1646
1160 582
93 849
539 589
1223 1694
634 950
1132 828
543 1103
444 534
1434 34
188 466
990 297
383 359
1016 1251
1690 985
1540 728
1545 226
375 720
1310 679
979 217
1120 561
6 361
112 157
994 1586
238 1372
1355 389
626 25
726 316
148 490
598 1102
1489 615
509 1228
1426 769
671 575
836 945
640 866
469 1174
874 190
1277 587
1009 727
723 15
166 731
115 1143
1413 378
1660 369
229 812
1256 1354
1165 813
557 901
443 1075
1539 1159
992 1060
1295 649
741 422
1566 1208
1369 1555
1468 279
884 724
1382 614
1598 1048
1690 1267
389 740
198 997
834 107
1109 27
973 369
632 156
1427 988
1043 1374
47 408
1450 1313
1127 1070
854 559
202 1641
766 581
1147 427
1689 468
1237 570
0 571
768 1331
1345 1503
162 1318
764 1472
264 1047
278 1091
1015 638
807 194
2 1393
407 1259
178 65
1266 437
326 22
733 1561
1132 339
1678 568
1080 1188
309 32
255 1637
776 1656
111 541
485 188
1396 1142
202 279
299 244
317 51
1409 1556
1602 1444
973 690
1209 1553
445 296
439 248
264 1007
931 111
507 252
546 808
198 567
1690 636
754 627
958 1355
1028 268
537 1262
1529 273
1362 1189
1592 1047
608 784
1179 1078
1329 93
1493 1275
819 1337
1271 1255
927 882
537 1455
1556 1444
1408 1236
650 626
192 1549
1051 1276
537 981
22 1126
510 1398
1133 164
1024 178
13 1516
1114 589
720 1460
1016 79
1563 816
1686 1511
1498 752
1546 344
1291 1078
97 1077
380 192
194 1163
1037 283
638 948
393 783
500 1205
305 812
307 1416
997 1153
1633 1184
1 274
967 309
314 750
1522 1043
1687 533
538 1289
1635 689
1452 595
597 539
817 228
733 1172
527 565
791 885
1391 379
1006 675
1541 1164
408 197
262 336
118 1693
495 65
1514 282
1204 1604
1680 94
188 628
132 1037
73 1540
482 1426
1363 1338
986 1244
252 1242
1015 626
641 1634
1002 386
317 1665
62 1610
781 455
558 68
935 1395
216 803
814 503
1570 1128
942 1343
1647 1401
714 0
23 1582
1228 746
781 13
221 1308
174 1165
1598 1330
1146 1196
167 1642
1335 123
1325 1014
252 1515
524 154
1280 488
609 936
442 639
179 1428
760 1475
577 1269
1323 791
737 260
706 1695
1092 1191
1546 1086
852 276
355 865
380 1470
1353 376
1128 39
897 1632
889 859
1388 1272
831 290
647 687
14 1339
1696 708
912 1293
477 613
1302 1328
393 1124
1001 381
644 1354
729 1590
59 391
1310 1554
74 64
1569 791
680 1411
1316 505
898 1348
834 785
524 661
309 680
469 134
1366 1407
518 460
877 1312
950 1694
1549 777
1688 1223
263 687
951 1330
221 245
1362 774
648 655
1170 1294
257 103
1295 700
1065 1624
928 1407
389 1499
165 114
917 1427
734 346
545 48
921 943
116 494
739 1610
801 1123
753 1088
1571 1372
1429 1518
312 1391
697 943
1486 957
1096 1136
723 1522
1199 1633
708 1529
387 592
993 1415
1248 636
1383 451
891 1446
53 1227
958 546
1693 949
799 1274
745 195
785 1353
1057 256
335 1683
1683 946
1697 1021
416 347
734 914
156 555
743 1464
751 340
485 919
1312 1354
287 125
1662 896
338 1497
1355 473
1651 810
843 130
1374 949
1376 311
935 744
1181 1150
324 39
486 746
1602 1027
237 1199
670 194
1653 1040
730 1422
137 1575
1053 348
280 1412
1445 964
1475 1206
748 1447
495 329
221 1116
1626 1276
471 1457
313 496
841 1380
1243 309
790 166
336 621
687 1190
1590 1549
307 770
1150 1274
536 14
1563 1609
239 24
799 523
1101 26
861 1006
692 1586
1082 290
1256 441
361 355
685 1383
107 28
35 236
833 182
1271 1454
1175 1601
1237 1028
473 178
770 476
1352 1657
750 1606
441 1696
1561 360
1509 740
1653 1655
1390 402
86 551
1458 83
1384 560
1174 505
1542 369
1406 1127
687 890
1331 1345
1494 1020
1363 18
716 862
23 1311
954 1270
638 1542
1208 330
433 135
1223 564
121 831
1109 499
738 1352
1111 553
430 119
1336 386
1698 146
516 143
1497 1350
399 1464
1185 661
1314 323
959 1080
991 318
803 903
303 1221
1147 35
204 243
527 1166
630 627
1057 1068
1254 1298
868 1051
347 251
1661 1069
418 1151
768 963
682 30
1694 1353
495 133
939 542
1619 593
201 793
1114 1140
1601 1238
1463 1503
1412 1485
1583 1308
319 1308
1065 389
780 1631
1505 697
1240 1516
1269 112
1579 336
1657 597
1635 1125
959 230
652 913
1465 938
1591 1129
447 216
799 813
1015 1444
1310 985
124 1030
120 1545
662 81
1613 1457
901 1027
837 839
135 1642
515 116
1335 1664
591 843
773 895
1417 1557
1193 154
1094 1429
898 446
1380 1157
1150 359
1209 383
1562 397
1019 146
537 777
644 425
1492 1217
408 18
968 940
462 691
1245 1599
819 34
7 694
410 907
1149 1358
1598 415
80 382
61 1057
876 795
354 286
798 175
336 1080
349 799
1144 1073
1494 625
745 795
1389 424
753 822
1606 483
932 1163
750 1187
1549 1486
1394 905
251 779
540 578
50 851
1258 101
590 1069
985 1171
533 751
1246 1218
113 1386
1553 933
1516 517
1353 1385
343 310
59 1393
929 908
349 559
1519 266
1626 483
370 307
462 1421
113 879
64 1179
1106 561
1581 341
1479 661
391 1325
1294 1355
79 153
357 1246
866 48
1332 598
91 839
889 1582
1273 1039
777 356
1494 1585
204 743
875 331
1515 1216
729 909
1207 136
842 492
51 1371
853 80
1496 1522
838 283
132 1581
63 1110
520 1428
1092 593
1489 665
722 1640
372 1239
1324 209
1094 1182
126 803
778 1462
636 748
724 1670
875 1257
1560 775
1232 111
1046 1085
145 1020
845 1018
887 1515
647 1061
1504 950
763 35
885 1447
1278 576
920 1565
318 1483
186 746
529 825
267 1693
618 212
13 44
25 255
895 1269
1279 831
1442 1041
560 1557
968 135
352 1503
13 1480
359 916
829 565
913 429
117 764
364 1399
1199 724
1322 598
487 584
426 145
532 252
1578 333
40 927
40 1510
1473 475
132 191
620 1045
1279 534
959 236
1551 1634
1651 1154
1497 897
129 524
899 525
395 1456
957 165
1236 574
1152 133
328 615
364 785
830 291
786 1415
1228 1414
1388 1439
77 218
151 24
583 284
1505 1202
1154 701
1254 1587
1332 622
806 1367
606 1386
1360 1061
1561 791
171 1027
1025 280
1554 1483
482 1308
1069 80
248 1100
139 870
84 950
732 1243
1498 1692
1352 989
650 707
520 1374
1358 339
1464 1329
469 1021
929 708
238 1077
382 88
284 1207
520 1488
1379 464
1188 608
172 146
888 1580
441 1596
925 647
1117 1669
761 895
208 1213
1599 6
598 249
120 1336
552 1504
471 999
1467 256
575 1220
1622 1601
1451 961
816 1476
418 907
1366 443
990 812
966 189
1619 413
109 1529
1403 236
1529 647
670 905
358 1356
361 99
1667 299
991 1268
276 961
1518 1235
500 1667
459 746
510 559
1366 1443
1124 951
1407 501
869 582
812 924
632 313
565 231
1571 641
469 901
672 1032
1530 490
1695 1505
684 831
682 944
833 366
169 1452
1562 1081
1692 285
869 1497
838 1554
1440 193
1579 1584
1509 1261
168 1149
1028 73
1628 1232
738 360
313 1489
58 1377
299 860
865 1435
1143 825
618 725
260 1034
1170 1027
820 764
381 861
317 247
396 826
401 1415
190 1606
435 1138
1073 991
176 1582
505 1110
912 51
846 560
179 1130
1377 1427
550 811
1672 1480
1521 913
1611 758
313 183
811 689
657 881
1057 1141
809 148
66 342
23 1467
1214 564
1464 1045
1544 768
1602 903
631 1498
937 1439
1527 1131
1250 1111
1059 1313
907 1341
1551 843
944 363
1644 1010
1269 1064
1193 33
1094 1496
953 1275
104 1116
1682 504
1658 371
698 844
1326 742
1120 1186
476 191
1215 427
536 921
134 729
830 521
449 960
189 1391
1631 28
96 1033
713 1627
1320 611
334 1168
1192 283
1073 981
729 585
82 1260
1092 1485
1637 1634
1129 1313
954 1353
1571 443
1328 1426
857 55
624 852
1106 1066
1300 1030
767 762
617 1530
37 831
644 1256
1370 181
105 14
1501 308
20 889
409 261
1328 1086
608 890
557 518
707 1323
681 278
632 158
944 821
128 1330
1392 692
662 828
1289 1548
494 1499
531 1278
439 1382
769 331
1068 944
438 1019
20 1560
333 348
383 709
798 1455
358 823
993 659
872 794
853 741
1475 1371
1201 334
408 243
298 340
1571 703
783 754
71 1093
116 475
251 1306
1084 1299
1270 493
983 109
1094 1612
1231 278
566 1471
879 1672
720 1670
1426 1592
209 790
1585 217
1561 1251
1647 296
1498 1
1003 1067
1173 941
1093 676
707 420
1557 131
1203 658
353 148
1217 1630
1133 1370
477 612
59 1356
290 1558
1129 411
504 1153
61 1614
1644 1531
451 1587
1549 1573
1543 775
1466 1666
477 1116
593 356
1187 256
1456 878
1081 571
1310 1216
1674 504
24 1336
519 1697
165 1352
1279 1465
57 1054
1522 802
1606 897
363 772
576 641
827 743
574 379
1594 133
1389 919
244 978
896 698
541 43
1158 1355
853 674
1398 532
561 1038
1228 1045
381 1195
328 665
948 478
665 556
1616 1200
1024 1689
684 1240
964 952
248 960
1146 345
1317 1684
1538 1641
860 798
1492 165
624 366
1523 490
619 72
1681 1214
360 1323
749 173
935 463
912 1301
182 581
1672 1245
1217 197
1457 742
262 1415
1214 134
1514 1043
1265 55
486 704
17 275
1210 1576
378 671
648 33
954 16
1482 575
971 657
478 1046
229 863
1280 391
1684 668
1587 73
1205 1667
1095 603
219 834
1104 1610
368 1140
1562 1391
1381 1074
464 1023
513 515
1371 1108
613 208
994 1461
1419 215
751 748
1127 1079
939 883
504 1302
484 93
462 1453
368 331
450 552
1221 1430
940 837
1085 142
1681 271
1641 1522
1663 1330
905 435
741 1421
1035 1396
1101 1055
32 435
928 217
1081 1572
224 923
1330 535
230 1649
1236 954
663 436
1543 596
1001 1231
475 731
1376 120
767 428
351 362
1593 12
372 138
196 1382
1187 1294
349 392
222 562
87 516
1228 518
1021 1331
326 779
1311 1157
1458 673
362 1032
354 423
103 757
597 735
1308 1513
620 518
1643 602
349 946
100 893
807 222
515 597
1214 655
1223 1232
1343 597
434 1109
998 1126
1014 633
1298 857
690 1438
1103 104
1666 1556
1293 1427
1080 236
207 1358
967 782
1283 514
713 1097
100 137
1294 374
150 114
1393 1441
1128 1186
957 1399
884 1507
1068 1183
987 186
1335 787
1334 1052
60 1369
1303 128
763 1273
381 1033
1643 355
2 1670
50 472
1435 1421
288 279
1448 883
1251 1359
1551 473
625 1045
322 1121
54 391
1402 22
130 705
494 1259
540 1172
1092 1040
584 1283
1614 1424
883 1414
1120 1100
1202 310
1398 240
481 156
1161 1081
1026 1220
687 665
328 943
885 1441
708 159
739 1261
1221 1096
1664 382
1514 1495
1660 26
413 715
399 1559
347 1175
1344 234
916 39
106 1431
508 1586
1576 1048
1101 1660
1458 57
868 854
692 131
1030 820
875 210
1558 262
426 693
681 1391
1602 1356
995 1621
350 542
785 479
1346 712
818 1416
245 201
1365 302
1619 851
1130 260
1227 1590
50 669
1677 1351
1695 32
520 348
614 291
66 1032
1171 977
1098 28
1042 133
374 452
339 301
294 650
126 1327
827 212
1081 1638
834 1579
1282 37
391 1296
1562 1362
1012 1563
885 1038
396 274
1041 573
590 1548
355 917
21 1068
652 818
1544 569
649 1366
908 12
921 765
474 493
85 320
413 99
1314 1250
739 808
87 891
1112 574
241 1020
206 1087
274 446
1328 867
1676 29
1053 1356
1511 1678
1579 1185
1306 748
1030 586
934 568
1130 1299
732 217
854 1319
1682 931
333 984
398 171
1602 979
718 14
135 940
929 1029
1474 1070
317 834
1023 1499
1165 1295
1254 133
1511 501
815 355
1380 1297
1692 1125
610 195
963 674
605 978
1433 1550
781 923
928 1697
1598 731
302 814
298 850
796 1129
579 1150
525 1697
1633 669
1275 1679
660 1031
1408 220
1316 1307
38 353
1555 160
465 916
4 1452
1264 217
1454 1457
35 330
659 1075
388 1128
865 917
1283 1451
417 1043
868 406
358 1423
660 446
1164 486
161 599
1692 489
496 1428
312 1408
444 1656
901 408
128 627
156 820
820 219
466 831
712 1167
1040 250
1342 103
1147 1039
1322 44
674 193
221 613
425 276
1164 79
1095 107
19 1047
861 1635
1101 1024
360 420
352 1447
1532 1412
504 287
117 1241
854 1037
559 166
1564 1205
1359 915
1095 1561
1537 704
224 691
1483 226
748 806
254 1074
1607 398
1327 493
29 299
1660 1179
1323 1218
831 1558
919 424
1659 1430
1555 169
62 792
780 790
1286 141
203 989
915 1419
465 1116
1200 160
1405 1694
190 682
237 417
1229 889
1652 805
761 563
1414 177
695 749
937 331
1076 353
1403 1514
985 935
1528 394
1431 1029
1255 234
921 1271
804 944
410 227
1581 869
1030 167
629 450
909 474
1165 1134
634 1444
257 629
189 1408
359 81
304 593
224 922
645 1505
1465 1424
339 17
741 193
918 91
1453 1421
348 480
409 875
1172 1233
529 561
1413 1417
734 474
189 535
173 913
177 1202
849 1617
95 1349
1356 462
96 426
901 1052
985 32
570 1606
1493 62
1132 1197
79 1001
809 1635
295 787
1296 1111
1170 835
1208 651
1523 1106
1466 931
561 812
325 608
45 152
373 1460
1633 851
1254 1016
259 739
940 918
1303 1330
593 781
1497 1629
671 1672
1175 1637
251 1035
1126 588
95 474
286 402
680 1349
1412 399
381 1038
1385 402
895 580
331 589
237 201
1471 1122
376 895
456 1147
696 1428
550 1608
555 934
1050 1691
1506 76
1590 1634
582 529
310 961
709 1490
16 1410
700 1435
166 1268
1521 46
712 65
1324 1085
847 1015
1459 92
955 777
1691 1246
569 194
255 58
829 387
1590 777
1223 926
109 411
1101 178
1250 456
1482 659
1667 1025
1321 109
785 849
346 732
1456 1648
914 55
1484 1648
294 624
174 1265
1452 873
1082 654
1691 1234
1698 1064
475 911
293 129
84 442
92 890
898 864
298 1570
952 651
191 993
1128 1285
2 99
1594 836
507 1657
1472 1628
209 95
1551 1689
1431 1614
629 103
1053 824
1094 1443
673 372
518 709
1346 216
1379 1270
162 679
1227 183
40 1344
1134 61
1582 1220
1446 831
1422 1000
1468 214
1080 883
1063 346
1622 1617
49 967
127 1044
465 974
721 513
1262 1189
369 478
1015 52
1690 486
1632 166
666 482
752 923
1475 1063
347 980
1350 1263
471 1676
1420 1038
1158 818
635 1198
631 83
182 475
926 1180
588 5
1388 1625
1372 616
756 1527
870 1407
683 1545
458 1175
989 1385
1024 1291
1558 1516
1612 104
857 870
1129 377
551 1207
1351 1330
1335 724
1507 1417
147 255
1404 719
1014 170
776 382
608 6
468 728
1133 1372
763 1354
367 976
180 1250
1212 829
1536 587
1051 1492
901 552
311 1063
1191 664
851 1592
1083 1168
469 1544
1273 1437
1069 1532
366 1080
1485 780
1161 369
58 988
862 1453
1042 399
612 778
84 1678
1646 1207
1074 1452
1351 997
234 264
1054 655
1048 17
1278 1131
258 256
1630 87
1504 495
657 488
421 352
89 1172
711 1278
1567 383
791 1168
1685 899
124 313
1475 156
1648 226
590 80
722 1297
804 502
150 50
1348 850
717 1597
233 1161
744 1593
384 1192
1193 1573
745 373
497 1227
1161 564
1430 1652
1050 531
333 14
539 1284
1039 329
1119 1098
860 515
94 1403
1475 1482
1010 919
1388 886
295 1109
221 703
1420 1592
1620 280
1413 506
1007 1629
1410 647
231 389
637 1455
287 1451
591 234
1651 701
196 1429
1203 297
595 519
974 272
344 230
428 832
1653 593
1144 1035
316 424
1357 694
1191 1204
1368 161
1688 1077
1209 1274
1385 376
733 41
1152 184
1220 548
1419 1377
1626 1544
1543 1462
24 385
472 1305
987 354
790 849
804 1501
158 586
1381 774
1246 387
354 772
1426 167
944 29
346 592
946 456
129 1309
412 351
908 54
104 467
495 1456
70 1256
729 620
777 1486
461 533
121 603
362 593
247 1298
1347 105
1565 1379
756 361
158 117
1270 466
295 595
33 437
969 688
1478 1077
934 114
800 783
742 1075
1011 234
702 739
956 878
1089 1363
1474 1127
223 1584
1332 628
852 177
876 1409
1174 1195
231 116
195 1332
259 354
1148 1428
1500 756
1318 640
1162 1222
743 200
765 155
834 1029
463 1070
1319 50
845 636
288 1091
874 314
546 401
1673 843
1267 1574
922 539
151 640
484 718
309 1430
677 676
701 1610
292 1087
1167 537
868 485
96 375
699 282
810 701
98 572
948 114
862 1388
647 1684
516 1478
118 267
179 1676
1557 855
1539 1434
1558 517
377 1197
91 853
61 1582
939 1654
87 650
1540 222
222 956
1461 310
1651 871
624 848
1520 529
672 818
532 1267
491 194
681 549
1657 515
179 1340
383 1553
334 4
1579 183
16 724
826 119
800 1677
1234 992
1430 1428
1337 1194
1109 227
511 1084
204 1578
416 351
501 849
501 283
689 378
1058 1255
1360 704
1533 1198
612 934
100 1545
1262 903
453 662
444 1198
866 1545
1189 1615
1447 1540
1539 1531
1432 366
450 618
285 746
1451 1036
735 387
440 144
1310 810
1006 1187
456 1144
489 802
148 811
1541 1313
1286 55
973 333
1565 624
639 1348
1356 1110
1621 1337
999 1062
1185 541
569 812
1387 1483
1479 964
386 1148
833 465
1650 1006
570 1187
1348 751
168 1657
902 818
1535 497
1001 1398
62 796
887 419
490 811
681 526
787 447
952 1211
1608 1109
74 285
1364 393
833 1251
1384 1275
328 198
368 839
704 322
653 1011
421 1322
1110 1317
980 1393
1227 1260
309 163
1440 578
1699 933
618 745
1210 1342
319 1531
125 516
466 515
240 427
172 613
625 508
1658 307
1580 1213
1062 426
417 1077
1621 361
1463 511
835 1238
89 1061
1514 1268
329 849
251 286
191 448
751 905
1168 1098
1034 983
917 666
1156 723
1279 466
1390 354
421 383
236 835
1400 1600
797 1699
1154 528
45 136
1564 951
1193 736
734 141
604 300
1446 684
102 1483
789 855
1658 585
1647 560
687 1061
107 1047
1178 1052
99 1652
729 173
1381 1452
46 1011
23 865
1562 25
998 1054
1244 589
5 915
1598 122
918 1132
1432 210
1463 920
149 1592
636 900
1109 873
1595 273
1320 608
1213 842
677 873
556 214
1690 714
1424 498
67 46
1253 142
391 1450
612 574
768 1062
1632 559
1510 342
772 1667
1323 1117
951 627
253 1669
1576 827
219 37
389 604
1032 1009
1030 980
1286 1058
441 12
1038 826
787 1360
1369 1048
616 1180
115 438
884 1468
292 1196
219 722
1112 1119
790 442
243 731
356 1528
1051 653
1242 1252
894 1364
1589 1375
1533 309
1461 322
576 1637
656 1677
210 868
620 505
468 407
893 1021
1032 727
1491 1472
1387 786
1183 944
838 413
1468 24
1031 331
840 1566
782 492
1022 213
1581 981
643 1225
1561 488
320 881
1405 757
1276 1363
689 966
1100 499
1538 1500
305 1038
1499 558
1303 11
1315 1405
1138 943
623 1683
875 434
945 805
364 1405
463 919
1192 428
1513 177
1467 1157
1434 1374
791 2
1150 333
450 1575
385 802
1516 336
1320 503
169 360
1194 641
1112 443
897 707
1397 1147
415 123
1231 1685
573 603
1647 1384
1077 6
394 1129
1637 1377
1332 406
1441 1120
1059 93
30 502
970 446
1510 1177
198 96
1667 112
1619 136
202 1257
1348 864
323 840
204 429
930 1078
1142 782
829 932
1210 17
1381 690
808 817
1252 1079
41 444
1604 143
409 1619
1692 56
928 1237
227 1174
125 75
710 1256
52 1140
123 99
498 1391
1085 462
1561 707
1379 466
261 1202
760 1346
558 343
396 503
1159 1374
1193 1096
1690 672
229 1656
1267 675
146 1412
262 517
650 638
540 656
167 280
440 121
947 957
314 418
337 1278
442 1687
672 1324
1132 459
1439 1625
1571 1496
485 724
1378 1612
1413 251
551 1638
1681 1578
554 175
1633 905
1610 209
495 725
735 1218
1413 66
577 1667
129 1312
1394 1049
1616 782
1157 770
1436 1408
1052 874
728 222
591 530
1590 1189
442 898
645 411
332 1164
900 1343
987 687
1497 1339
1173 788
725 1079
1144 746
334 1647
1656 546
1260 1529
553 1343
724 415
1091 621
820 977
1479 1193
1162 761
1407 944
1123 572
1026 1402
183 171
404 847
1296 633
187 824
633 942
584 245
1218 231
358 1555
1607 1556
1061 615
552 212
919 130
1557 1191
884 943
932 387
1690 1524
435 943
692 200
481 1338
1170 252
1432 832
877 239
205 1249
227 1621
978 1364
1347 277
835 1643
1245 292
1501 454
1417 1643
1118 1442
310 1684
456 1356
856 625
1039 1152
1409 1680
340 1540
60 1576
818 1470
1673 1422
1137 564
1269 1640
643 198
347 1110
1220 191
1674 1540
475 949
941 1536
1132 254
912 1620
55 992
523 1355
1105 927
1654 288
249 879
559 639
708 106
793 462
1387 1240
1394 102
1265 1568
1400 1085
152 1079
1375 1156
875 202
12 106
1495 784
1521 454
1595 1547
815 1614
842 16
1516 1023
1203 576
1476 1405
305 65
398 903
248 925
1687 898
79 381
1683 1076
881 645
1689 930
424 87
1139 794
1024 254
370 1290
382 7
1679 792
1024 1445
660 274
322 668
18 50
929 648
141 207
200 947
847 650
1027 198
1371 953
1253 1467
986 292
201 1421
931 1430
682 601
537 298
351 571
945 721
1606 1568
149 1420
222 1367
1266 33
242 582
114 989
1522 1539
516 99
744 987
114 728
754 859
980 1471
32 852
1250 32
400 1082
1540 806
64 1660
1117 699
284 69
1069 1255
687 1548
1238 361
1164 973
1337 92
326 442
1414 1425
481 586
793 1421
293 745
1698 822
80 1485
664 1456
689 534
1541 332
415 845
1567 1150
259 275
1381 273
597 333
1378 778
384 1118
83 319
1221 1219
417 684
530 338
265 1156
122 1461
1526 859
1265 1443
1190 3
264 1629
539 1088
1697 253
295 554
550 78
242 1013
651 719
1276 1217
1006 463
556 1156
1256 109
261 430
838 1626
576 1377
867 344
1553 333
1162 292
572 1239
1362 812
1091 667
1382 847
1062 822
1108 37
382 237
873 657
870 1399
168 122
727 1604
875 1626
789 923
1200 598
240 1550
858 1378
1354 400
48 876
867 75
440 1446
204 70
395 683
152 1437
542 1333
1137 1320
139 1068
1592 1642
396 1639
1084 1560
1026 641
588 1662
227 1341
57 1263
1581 1510
664 1364
43 1181
1282 61
1061 92
1516 1403
773 1168
1517 438
134 710
696 1434
816 115
946 1347
588 974
1018 718
474 394
726 508
1362 1194
690 63
1138 1036
899 567
89 1506
244 1021
758 717
102 1023
747 1085
1509 1139
102 1160
1644 1389
1174 647
455 445
1659 538
1151 907
1041 1623
269 499
481 632
1500 1060
1447 991
46 1681
666 801
997 627
1247 637
157 1627
722 107
1662 1517
1621 1591
1552 668
649 1105
1058 591
1670 54
910 126
1169 603
1463 893
478 412
118 187
1260 1410
1211 1136
500 647
1088 894
1208 1454
1455 1141
1167 1527
415 2
1095 57
106 1044
1078 869
1133 1347
857 346
577 29
346 914
674 726
60 913
1565 1236
327 474
116 389
437 474
1500 1237
1490 984
448 497
610 1469
514 493
115 537
1104 1329
555 1472
945 544
376 1205
647 805
1413 885
634 212
1022 1498
248 317
1266 661
62 628
1486 1315
425 119
1644 772
989 286
587 507
1385 492
171 451
1673 1344
526 305
1511 1631
1523 1125
1448 621
814 280
1096 818
1012 869
422 1105
786 1558
1224 1480
1421 886
771 22
190 390
966 1465
590 1190
541 1353
472 503
1112 920
1152 1676
196 384
704 1439
1056 1137
1068 545
862 1401
568 31
1430 1546
49 196
633 329
429 609
928 570
197 804
1610 1327
697 716
1519 1269
32 697
67 1011
217 375
17 1647
468 1065
502 1545
1151 848
1613 676
16 1020
1083 281
335 178
661 633
277 1147
1159 1288
940 423
1612 1270
1660 946
572 1260
1449 499
438 1590
292 281
157 600
950 678
82 572
517 1403
876 88
1592 1639
1409 910
526 100
334 873
1551 1009
953 433
1206 416
1636 852
332 1679
600 256
110 73
1444 1027
319 431
170 721
642 1624
569 1449
1217 1353
673 714
502 1529
392 1087
48 684
1494 1438
1057 350
849 52
1577 1552
564 136
1486 1573
1521 1309
104 58
536 1127
1133 1076
1183 1113
347 118
844 1142
693 145
322 1509
618 255
1338 555
647 1548
193 484
1085 395
1510 325
1190 567
1361 938
1683 732
1681 793
1211 995
1387 1139
308 1424
709 878
272 113
337 1227
1392 233
1477 58
688 1340
1119 1287
979 835
1521 858
1596 470
1650 1000
77 273
871 1154
1331 866
583 874
384 657
1195 92
522 1183
513 829
433 545
865 1637
609 1071
1004 1223
479 1155
602 1199
1304 552
1211 773
606 581
394 796
1246 1138
697 1684
1276 1089
312 1565
522 389
1611 971
329 288
55 786
1649 6
1096 902
311 1304
423 1656
1078 1031
1068 835
1302 1012
1586 1131
390 28
694 933
746 627
1586 1112
796 854
1156 694
534 1220
387 1065
1698 1504
255 1427
1401 1388
1489 1518
101 1025
398 217
1492 1281
483 411
323 1250
1429 317
494 871
1106 1303
1320 784
127 872
1171 252
1145 1113
1531 520
1252 279
1648 883
1663 322
94 960
1440 1107
289 643
197 1060
1555 122
208 1245
518 1150
35 1369
121 144
1213 1535
519 1221
641 1207
240 561
1324 342
1135 1631
1421 1625
1381 1608
1025 256
1264 1027
87 233
620 509
102 281
1255 1057
813 523
951 535
1589 1260
1474 1392
122 1676
285 1110
342 118
269 1100
771 366
851 1426
124 291
173 1593
1224 208
1239 824
1394 262
1217 1674
1593 400
189 312
1449 545
870 1183
488 205
19 976
624 466
357 735
1502 1067
306 1236
400 1454
190 174
1355 1383
996 1100
708 654
746 383
998 1275
1044 1160
1523 811
972 484
812 119
581 13
147 917
1351 1526
229 595
896 777
802 693
1434 1288
1405 184
116 407
185 375
330 1457
812 499
1365 1532
1635 1465
1275 1672
1611 60
709 582
1689 1126
825 1120
626 1562
1688 554
1491 1087
338 1462
1475 1095
22 1332
929 779
504 931
1566 785
573 341
1067 935
369 220
521 641
797 389
1416 1691
1024 1660
1027 1333
1605 874
36 1584
766 7
1204 1056
299 1025
1527 981
1282 19
478 1413
966 1233
290 1244
1437 426
982 293
1691 1049
1096 1489
440 658
1373 515
1568 680
1482 775
1535 683
741 1685
931 1588
759 1559
1487 47
444 1074
421 1239
1099 1249
859 462
1031 1202
1454 1324
772 105
1230 139
906 32
8 411
1108 489
830 496
703 573
101 132
1157 1299
1664 48
454 1162
248 1289
968 91
1515 371
1045 1567
596 619
1534 373
1007 333
1155 1473
897 16
533 155
204 1526
321 1560
1030 1107
433 1225
273 687
755 92
958 164
955 1615
428 331
199 356
580 647
33 315
1353 492
188 244
724 1534
671 1482
1585 695
190 149
468 1443
1024 1088
1290 1430
10 170
1343 1303
1375 1562
1517 1278
1161 397
1390 286
712 1143
924 1508
233 25
1114 1145
1114 1257
1348 298
9 272
968 566
456 1463
1315 203
1452 418
22 62
630 1157
524 33
395 11
1135 1119
1237 1265
1677 754
1649 1621
27 1666
1507 90
56 471
476 50
1614 522
788 157
1495 282
685 1058
402 852
522 502
220 272
1478 1570
397 774
1196 1278
663 896
1021 37
329 1577
1368 683
629 1457
42 51
911 1176
233 669
1650 60
927 1581
685 590
1191 293
1158 975
55 135
1554 1359
884 571
1438 508
1007 1666
682 1160
1535 337
415 8
519 1243
556 24
1608 632
293 543
1252 1156
651 1136
730 1183
1240 1558
1431 698
981 2
1149 207
1432 1139
778 619
135 339
994 517
1044 237
1544 1363
389 871
322 1138
47 511
279 385
1697 419
205 1313
1431 682
1141 793
26 711
317 1231
947 364
495 827
1682 1142
1071 185
1233 159
1649 1238
1366 521
563 966
1610 327
874 1265
286 577
1494 1238
153 311
1247 1640
1418 1129
78 322
796 1356
1257 1492
164 235
1683 28
923 1623
319 678
994 384
922 923
399 1018
1318 1497
715 485
445 720
771 115
1440 733
773 842
380 324
974 896
1143 981
242 1130
1170 1187
1064 969
1546 1516
474 514
1395 1154
1615 1399
761 689
1213 448
573 121
206 135
1372 1634
1370 1250
192 1272
1109 907
12 568
1378 997
866 1409
1124 960
1464 224
1346 93
1605 1524
410 221
1173 1536
312 920
213 1328
250 894
1019 1301
1690 1342
821 1645
867 1530
659 548
1204 1512
1398 486
803 1602
164 415
1312 46
1559 340
296 1489
841 1157
181 873
813 1024
622 792
48 787
983 470
1131 322
791 580
1048 301
1058 466
655 1649
1258 723
1354 417
1326 175
1357 1522
663 149
1232 541
1162 809
1567 1553
372 1166
227 1221
482 95
471 1524
1040 176
664 770
43 1627
1496 1180
1202 943
1293 58
68 909
1650 1118
1546 142
166 1687
224 1088
539 426
1259 327
60 35
296 890
500 646
1229 912
1018 499
1105 1602
786 262
1286 1129
1112 1354
777 1615
1466 1620
1237 750
792 273
1109 1174
858 717
277 77
1365 1420
1297 1508
595 227
1465 920
813 613
551 1059
912 1021
774 304
778 100
944 616
965 900
554 926
1219 1419
889 664
701 327
391 123
1060 1615
1611 1173
486 1267
1632 281
1396 1666
1300 243
1618 1348
1579 1155
1370 282
1455 1307
244 1203
1380 889
511 321
1416 531
84 1504
603 786
1328 502
586 980
194 177
1212 597
434 677
473 122
1497 1064
1665 894
818 676
1117 221
1337 990
1003 224
1200 662
618 1594
752 1609
1157 889
1009 899
806 175
694 1336
840 1290
1295 268
1393 73
743 1239
1416 949
1673 398
722 123
768 1674
1195 626
976 136
1258 921
82 801
1291 1179
852 331
1326 594
1265 750
145 1547
859 228
1442 247
273 755
1355 1101
302 1639
1495 1367
958 813
1222 490
1185 1061
692 160
1631 93
1132 1236
1309 1062
293 43
222 1678
1673 132
469 254
1571 423
156 854
14 1441
1023 336
682 522
776 1002
783 1677
819 1022
397 347
742 23
946 96
1097 539
238 217
816 1131
1059 904
1075 1518
1378 685
1449 1407
779 503
414 1003
498 920
1680 1469
1273 1073
1290 1144
271 666
1548 394
550 566
1025 600
1034 21
1498 1609
628 5
1283 1597
125 1547
538 125
1509 1654
190 396
174 1028
861 349
139 1431
705 1317
617 979
1360 755
585 429
1628 716
321 889
139 1057
737 380
170 633
1022 966
408 1538
555 1004
1536 1339
848 328
1588 1437
179 1244
452 1385
941 1673
1463 312
546 786
228 1388
1095 1390
1157 321
1484 226
844 453
794 1357
256 1448
0 140
1218 468
938 72
1188 145
28 660
1234 1084
1277 672
1053 382
194 806
449 783
1283 300
308 1530
251 800
616 1446
1580 975
20 1084
1246 1120
721 679
994 776
1583 632
968 873
836 1214
1561 43
1056 1333
983 369
1256 354
18 816
253 1311
268 758
765 1105
968 207
1403 936
1473 389
1290 77
412 1582
501 780
1297 201
1659 506
525 543
138 56
517 1020
397 1638
558 1000
1035 164
358 1358
1699 1259
1252 1357
1483 1198
710 395
1605 1150
1626 653
615 198
1655 1480
8 843
952 1241
1011 1661
62 704
366 290
384 628
87 1375
630 341
649 892
681 1618
1551 1660
1193 437
1395 404
1427 1297
446 864
1580 1379
837 963
1527 1301
465 612
1028 952
1024 1576
1009 1420
537 735
1182 196
1273 77
1290 1073
1391 624
1643 865
693 1176
1612 869
61 1082
1597 854
208 978
1311 886
732 1358
1162 1372
634 618
1689 1413
424 1375
1512 129
523 1024
1012 1399
1673 108
42 324
966 1463
932 1246
1054 622
1643 1621
788 51
1369 1342
434 1151
1014 359
291 555
1498 1086
150 92
823 855
367 1352
1254 1403
365 1585
640 1185
514 394
1112 1517
320 205
1502 1676
578 656
1627 807
1347 116
1524 260
1318 1350
614 42
1103 1088
805 1577
458 996
1344 1581
809 1106
594 128
269 406
1497 1056
815 461
346 1358
677 227
489 1685
4 1608
1514 236
873 227
548 1169
946 683
1504 502
1070 1652
26 1196
602 1534
1240 1415
1632 790
783 1351
976 1584
410 1533
1692 1622
917 1477
42 593
856 1494
913 708
1641 523
736 1096
252 799
1404 1141
286 905
759 970
371 1564
824 886
1016 510
1275 245
82 1553
1009 1080
986 1615
642 1031
421 510
844 606
1029 111
610 1113
711 1196
1580 176
1287 1559
1297 859
1436 1233
1385 842
686 190
151 240
545 751
49 439
547 539
1507 1032
480 1102
1465 1120
1492 583
1535 1196
1444 1159
163 399
989 354
858 419
1596 1526
1156 1522
1537 1529
1012 1596
1512 455
434 1394
876 1680
1482 130
915 1176
980 764
1172 1647
481 36
502 454
316 1201
112 1025
847 516
787 1428
880 101
175 621
67 1515
309 819
359 1339
910 943
963 474
1156 621
590 1691
21 30
544 1373
1259 68
281 559
1391 574
625 131
1487 1191
1235 1617
192 1317
1112 801
309 402
842 286
789 1054
625 1681
906 177
1225 602
334 584
374 926
1162 353
1616 1203
1024 1497
715 1223
935 1389
1360 273
1377 1634
272 662
443 1041
342 1691
4 652
218 671
747 924
1568 401
798 468
1551 335
1601 328
1646 595
686 874
1452 677
1227 1131
927 1548
1378 406
775 659
1224 1400
1481 1321
1595 1437
1291 13
1540 11
898 970
517 445
1201 41
168 1512
668 1654
653 1075
677 1151
750 1295
659 480
863 10
1550 1030
1583 2
1497 57
997 128
1237 1606
1057 461
639 1559
1234 1380
683 1484
691 1272
830 124
741 705
404 740
1177 1212
438 1060
941 1687
419 880
581 1655
290 102
1562 1548
1304 1099
225 378
751 872
973 1339
1117 465
184 842
112 299
1230 1418
429 400
323 1273
1452 1109
48 1503
150 755
1311 82
686 856
626 399
1568 268
1023 1160
442 706
1388 937
513 1246
1006 1158
103 1448
1109 410
1549 1262
1177 513
514 547
1194 576
671 1640
1179 137
417 37
1112 749
793 1388
1641 173
801 81
1217 18
246 1215
1210 708
304 1306
1058 1673
1204 525
1094 248
1459 687
107 1579
752 1166
183 803
292 816
930 857
338 869
147 1637
293 858
1410 1435
1020 1141
1234 1325
946 1397
495 395
1308 572
487 821
162 1565
1627 1664
1219 0
1111 1184
1322 1016
1304 232
1644 925
905 806
1284 822
284 201
1234 1154
803 688
338 640
1697 762
1121 943
965 327
1239 1435
739 275
1133 1290
1044 345
1215 642
49 1395
1506 584
1582 917
822 241
643 1518
1538 1605
1179 1194
623 1359
973 172
1426 175
1650 716
404 1018
743 1354
611 1238
1647 685
680 608
1120 430
1213 687
592 407
498 1580
1031 697
1082 1431
1182 1031
603 265
469 1276
912 1215
706 642
124 1485
660 110
1461 384
355 951
1295 1541
591 1581
1284 1124
1236 938
1362 0
1018 65
278 1618
1640 1194
1424 1423
758 1628
74 1106
490 1305
497 1167
941 1653
257 1555
624 1215
593 604
1199 164
1661 144
216 171
1130 304
503 972
597 119
1180 1169
1223 1628
71 789
1493 588
481 124
218 1428
1237 682
1413 1306
1152 1345
41 633
217 1339
83 1446
715 1294
1635 1450
779 998
760 68
445 1495
1597 881
1696 654
461 117
583 1413
364 1292
1404 1083
1458 1609
514 657
475 1411
1004 926
6 800
301 275
586 555
727 1204
379 1235
1563 466
79 1190
472 669
1242 265
938 830
1108 55
1322 830
1361 1687
469 1051
944 933
13 1655
254 1067
574 978
1555 196
1162 1356
1283 320
497 115
264 1318
1126 801
941 1001
402 772
1539 933
1391 1379
1530 609
1419 1035
1227 1527
1011 1602
911 449
1495 1077
299 432
668 1148
758 1376
1316 63
1068 682
1548 615
1114 413
562 635
1122 541
1047 399
1410 1459
1189 364
624 1433
1321 1459
793 1453
49 1263
1137 833
1626 553
1053 48
182 1280
591 1344
1645 1222
1041 417
1332 1679
457 468
583 1407
879 1400
1080 97
243 493
390 1568
774 1413
1673 1255
612 425
844 782
115 1549
520 976
87 900
247 900
950 1601
131 70
416 774
1529 687
41 584
538 515
1420 1532
1655 1600
1328 344
298 491
1164 205
1295 1227
487 536
307 1180
1026 1145
913 655
588 896
708 569
1642 19
876 1534
277 159
1004 660
1152 822
1424 1436
550 1381
923 426
123 1450
172 1213
1325 10
1161 832
1675 611
1290 1039
1509 1242
578 1506
414 194
1233 189
415 391
88 183
206 918
690 227
351 926
1407 363
1089 47
256 1319
40 1665
338 459
529 1038
1513 1410
1627 1349
1167 1019
1402 599
1476 957
1649 611
456 1342
1512 293
1461 1093
1142 1437
939 1484
1164 352
1488 542
1560 378
1401 824
1679 345
868 1544
564 975
968 1525
1271 771
469 59
1201 578
630 992
25 416
640 1550
1278 115
804 949
221 477
159 1408
1662 215
560 1121
145 1176
798 1218
1677 11
956 226
801 1321
154 1096
1142 453
731 11
312 1236
1235 724
578 1647
929 400
645 1249
520 1159
1278 1227
1696 470
423 440
733 385
861 282
1195 671
354 402
352 1277
1341 287
872 1374
423 1356
1113 1519
1233 312
1123 700
538 1012
1469 126
1063 707
136 1062
593 879
349 1170
410 993
1659 533
660 533
626 369
251 459
1013 1351
490 1125
128 716
587 90
1407 1307
522 713
860 1552
1349 474
759 110
1263 420
1007 1497
314 1165
252 342
1182 384
1592 814
1388 767
993 548
710 585
1036 1261
1487 768
1039 1073
88 1607
603 808
212 646
482 700
938 1433
260 1644
1107 1339
799 783
1164 1016
346 206
214 385
1264 1372
247 13
1513 1123
605 1110
985 109
1647 1074
1172 846
20 664
652 1452
1181 1319
667 694
846 7
661 883
1503 1680
1024 473
1599 567
450 827
1018 484
1133 946
103 781
1638 1507
1578 200
1101 1689
889 537
221 1439
101 1058
791 1103
1466 1281
1492 36
928 390
654 470
999 1284
557 1335
1344 509
189 1471
14 984
574 240
59 99
1247 855
167 399
534 1465
357 285
1402 75
1084 218
202 359
50 1000
1498 19
163 1412
1074 1379
856 276
1351 1153
536 593
1463 1436
1324 676
1280 127
1169 146
1531 1148
1050 150
479 1385
504 213
201 1453
1189 120
897 680
605 893
117 156
1255 893
692 70
596 552
1360 687
97 1272
1639 1531
742 607
1176 449
393 1677
1163 1316
307 281
981 806
1668 1366
323 1103
611 1532
147 576
901 1579
1008 360
1195 1542
1331 391
507 349
1188 230
71 317
584 1608
1214 695
1300 711
1025 713
1489 643
825 1100
1404 1119
1007 459
1382 773
639 274
1673 234
851 795
710 744
493 394
771 1126
58 284
638 124
1355 1147
1154 558
822 911
1049 1023
1015 327
1484 403
1188 783
616 703
1121 1138
230 1077
225 476
695 729
144 1188
214 1336
518 1209
291 586
871 679
1040 1512
1386 879
1161 1390
47 1634
1155 255
742 1601
1468 667
91 1597
1586 70
1561 1323
557 1056
1016 589
370 679
848 26
395 161
968 762
698 1200
1065 475
1106 615
990 58
1517 959
70 644
555 405
926 542
1451 1654
648 524
228 824
1628 554
1487 408
240 1433
549 1368
973 675
414 52
87 531
310 1451
732 433
782 115
723 694
455 1260
701 214
912 596
455 858
1674 305
580 175
1054 800
1648 906
1388 824
760 311
868 841
1636 32
672 1171
1102 506
789 311
33 952
622 663
1112 445
1016 649
815 914
1449 972
1440 316
708 1614
937 1037
357 387
1520 1570
492 580
450 1504
202 401
947 1292
731 759
509 1209
123 1017
1357 667
443 423
103 994
335 142
180 1341
325 59
620 746
649 1070
1137 1249
162 283
21 223
473 452
995 561
1048 1160
645 1305
229 211
1096 315
1294 74
912 1152
1455 1121
11 1297
757 479
1670 1460
1692 1036
1276 1544
372 489
1418 904
739 1674
1218 797
1217 408
1061 1190
540 919
38 1530
1193 1592
844 1386
827 911
1608 475
278 1685
1088 923
439 1368
972 849
77 35
112 1064
547 1129
370 162
172 1543
1146 611
977 554
785 542
273 263
1336 1531
504 710
1292 165
978 1097
664 176
311 1371
722 1029
1289 125
934 1352
667 1002
653 1439
1463 1600
334 1520
287 1546
236 1077
1379 222
1171 1650
830 261
592 116
599 1505
402 376
51 815
1193 1208
1688 1288
967 618
362 771
1602 171
727 1512
1472 1693
1660 1679
173 929
1563 637
861 1171
1041 1169
515 798
1530 1222
211 1593
1611 1382
842 772
1682 819
1643 1238
469 1492
229 672
1053 876
1696 106
1189 947
259 726
478 0
1066 639
1542 1071
1139 265
1497 1263
1396 453
766 431
678 779
1197 1365
1257 801
1070 516
861 334
1193 719
202 1544
364 934
497 337
762 283
1111 721
408 842
1280 221
1461 830
1462 1504
88 1680
658 1305
681 489
1597 1418
1289 867
1382 71
65 812
717 1672
671 606
1017 544
674 826
1123 16
274 110
1190 643
193 487
359 1107
1340 451
1547 393
959 445
808 123
1010 645
345 1484
1516 102
336 445
677 410
1462 618
474 85
1423 1119
907 234
977 1223
58 436
507 1650
1348 73
540 1422
726 1539
1320 361
1603 1395
99 636
1300 1018
67 694
301 739
849 1168
1377 436
306 1391
840 1397
1593 987
1304 1620
300 1059
1276 1492
19 905
836 1447
669 501
244 1064
499 142
1145 1493
1118 760
489 1282
358 629
223 1472
750 1028
632 291
286 1434
1479 1266
1510 975
1226 1534
999 1088
1210 1565
1129 50
1233 220
458 1455
1164 1474
1661 590
1500 174
1571 637
1147 1553
682 1183
262 73
368 1133
1440 422
261 825
0 863
256 1005
594 1239
927 869
1281 909
1262 484
1689 452
823 423
375 817
967 818
1616 1396
738 833
423 239
74 389
1043 1159
737 1130
228 937
228 767
749 1274
424 423
349 1437
1443 943
697 668
1163 562
1008 446
277 1273
1117 31
532 1400
1076 1434
583 1178
702 590
1323 1251
1664 1337
865 990
601 848
161 1484
1075 1148
1221 309
323 763
1079 1333
1166 1664
593 816
1023 936
1618 996
732 918
595 27
186 448
429 1282
1167 1262
1118 1376
93 719
557 1544
887 1679
1469 464
623 668
856 365
1307 1654
190 314
1002 802
1213 711
794 1156
770 1026
1359 792
1201 536
315 818
1642 1686
722 1185
791 1366
696 34
395 939
216 126
909 898
1223 1326
56 225
287 860
792 896
640 1233
903 209
1285 1252
541 648
363 1530
844 113
1166 138
1163 1268
661 1519
1652 721
905 1088
748 807
661 651
1321 1552
1349 627
409 1037
1527 777
820 521
229 1171
1265 91
789 51
1467 1693
1351 951
387 1473
1067 818
1237 820
213 218
359 1520
397 0
488 796
207 91
35 846
1178 1605
350 296
34 520
1676 1191
648 217
1263 1323
461 586
516 1195
54 1248
662 436
1432 283
1485 501
512 1332
1370 808
1619 1600
957 785
1317 1490
1494 1122
447 1607
1347 577
142 599
398 1027
456 1639
514 1418
451 1247
148 143
207 1132
8 1150
619 363
874 639
853 739
1503 1180
965 553
1201 1172
788 498
700 1239
367 503
817 31
309 931
1681 1315
802 696
400 708
67 1312
1303 754
132 965
318 1268
615 185
950 856
50 411
508 743
678 5
251 804
637 445
740 556
1514 325
1394 302
275 422
64 1133
638 889
16 109
1612 363
1218 1443
1495 1675
438 981
35 893
79 358
1029 1445
594 23
1126 1679
729 936
571 1092
652 295
628 792
987 1316
1050 342
454 38
746 705
1598 165
1644 978
1198 1242
271 1583
1345 447
209 68
780 1632
1177 1552
848 183
244 157
1590 43
524 1199
1556 903
969 160
1043 832
745 1486
1610 604
1172 1111
741 1201
107 1029
1231 807
1039 35
1117 1080
1087 1677
855 945
886 1625
789 264
654 1614
712 497
695 1112
1380 176
30 522
569 1057
1043 1148
531 594
1174 27
1555 1094
510 434
644 1671
1131 936
1626 315
55 1558
302 1592
320 1047
1253 1345
613 988
1309 46
1359 448
1558 961
1688 1471
868 656
882 448
609 143
1317 1274
763 132
1516 1423
1227 438
197 110
1357 621
648 661
506 1062
1312 1011
381 762
942 1177
808 1240
697 1138
240 938
1457 1228
1389 1474
792 215
891 1375
480 224
1282 1183
862 228
1442 1475
1141 1330
1257 1276
964 315
1379 240
1121 201
829 1246
948 1096
821 308
1073 16
309 538
2 320
243 150
464 238
524 1208
1325 1567
779 771
1011 1258
739 316
141 1417
1448 1664
1201 1506
535 793
724 1460
1002 1336
15 802
1016 13
1263 1535
889 1299
1220 75
137 1571
1138 1297
1326 703
360 1668
891 628
1294 335
1265 711
656 520
621 24
290 1588
368 1603
1173 806
1672 986
265 621
1506 550
860 747
1423 936
1389 1128
1579 1281
1207 1610
1589 1070
1534 2
789 760
1471 564
1569 1323
1160 325
1556 126
1403 475
596 554
415 59
894 1241
811 1436
1544 47
653 410
936 680
209 187
769 1420
1599 382
1184 814
1529 704
25 369
492 561
77 257
1649 361
629 1555
694 1531
664 76
534 694
898 1287
1318 1056
706 1425
1132 853
1296 965
1428 1102
867 1513
839 1674
313 980
707 1361
1502 32
1688 1059
1203 1448
390 1606
1588 1062
1013 1677
358 1369
790 719
979 451
435 276
1237 314
246 802
1693 321
215 272
628 896
276 310
1541 140
450 105
1665 1313
1407 1501
702 275
1010 1127
98 137
425 65
13 208
604 1283
1619 1646
1188 282
1409 1607
614 776
809 1066
1609 1155
764 977
964 902
191 75
1532 19
165 773
461 1030
631 947
148 818
994 248
534 1662
1254 421
56 582
595 1205
297 1135
148 701
927 1007
1130 324
1601 305
184 114
65 747
1201 487
480 45
1589 1392
1201 656
53 498
1523 1279
1477 160
56 1618
926 834
1413 864
868 469
1223 834
316 832
170 93
1340 1496
1377 284
892 1690
1131 1549
1042 404
190 31
146 1387
656 377
248 939
225 684
900 11
914 135
298 670
873 516
558 209
1307 1285
1543 721
477 566
1474 978
1570 305
606 662
817 1316
382 1528
963 504
962 148
1581 1497
368 1037
799 618
1084 321
1258 609
3 1199
828 175
1583 585
1664 949
626 948
107 808
1019 1189
1276 733
954 300
1333 539
1207 793
1464 1018
849 7
893 1448
1564 926
179 528
345 1456
1586 200
224 1508
1247 423
386 520
214 1002
1366 163
1276 1322
264 1505
1098 1687
897 1569
751 864
558 909
463 87
1284 241
254 949
411 851
109 273
1217 153
160 284
579 1274
673 514
610 998
427 1550
523 1551
1553 385
427 564
1101 621
692 866
1639 399
1376 836
1619 679
436 1150
809 143
1673 1486
1060 1476
1224 1672
1654 1139
1257 649
1076 1397
629 122
221 562
735 231
14 529
409 941
838 1016
1049 1120
1279 563
1258 63
1419 1296
944 1053
260 1152
1130 380
199 237
1048 548
895 1107
1180 355
1560 1662
526 1456
1573 1100
313 152
330 655
1523 563
1433 124
1519 1607
1534 54
861 486
72 1483
238 1525
1630 234
1563 480
1686 1018
1031 310
1188 611
502 363
1436 1613
457 1031
1328 250
1290 1273
319 625
1580 1565
166 442
1207 59
1492 901
1327 232
434 410
1334 583
1491 219
1609 12
1438 271
825 1186
1566 736
821 326
962 809
542 224
1497 1530
294 638
487 560
309 1341
1170 200
563 1465
486 1210
1273 60
1460 1325
331 283
1591 1194
