0 139
1898 472
3 1374
1897 849
5 1777
6 418
7 171
8 1008
9 853
10 86
1889 202
1888 773
13 317
14 1144
1886 1766
15 1577
1885 884
178 1328
374 431
1407 1431
1137 1136
1633 1089
614 486
1338 735
1254 860
94 105
260 517
1744 1344
421 540
1804 556
152 562
1 631
2 591
1899 1658
4 448
1895 1336
1894 13
1891 259
12 1677
1890 421
1887 630
16 975
1595 1877
884 1682
452 782
1661 263
1523 1373
1865 438
1150 1022
878 929
814 873
173 817
1321 968
112 106
1746 365
1896 276
11 145
1892 65
1717 483
837 1575
166 116
1168 45
1265 1603
908 28
134 359
1646 377
1765 1464
1313 1302
1452 1039
17 1749
18 109
1594 984
1281 1142
1079 235
1618 77
905 176
1047 934
1578 1579
1893 1314
19 1763
1098 1385
1835 790
893 621
1023 1836
69 1341
1873 943
1607 336
1027 507
620 345
1687 1475
1457 1598
1314 699
549 1679
1388 1849
412 293
256 759
1442 79
1410 104
902 545
1073 481
245 1256
1436 1635
354 1096
1247 1786
1749 1620
1734 996
499 300
364 34
1368 778
21 764
106 1091
1288 1626
650 1765
357 1560
1468 868
740 1752
1398 316
1237 602
1846 1810
657 597
1743 859
1775 932
20 74
22 987
690 1416
344 1842
871 38
1546 1180
1781 1308
96 913
1494 904
782 313
23 897
376 777
1071 1053
1181 743
1654 1218
695 367
1507 1200
228 713
351 1219
1852 1609
1766 655
918 375
1296 1488
184 1778
24 1473
862 119
742 1335
1683 1460
758 652
208 908
752 592
1588 110
99 43
776 161
1279 1847
25 675
1855 1383
942 891
1768 436
1347 730
1883 648
526 1346
331 1229
1100 1269
1038 267
679 1348
838 325
1203 1371
76 156
618 221
271 637
1533 905
1667 728
532 310
647 1633
100 1211
569 386
1805 198
1223 1660
1502 657
1091 1790
440 1455
822 1704
836 856
541 399
1453 154
470 1033
28 278
1005 47
1048 467
1755 950
1355 1316
1553 1099
1214 729
1185 373
1435 270
1636 356
1169 1362
1499 814
920 66
819 594
1645 1895
1664 1834
422 1204
316 1095
738 1372
1422 1634
483 1824
1831 430
475 254
1837 776
29 953
30 721
512 134
148 1517
775 1242
1095 1366
605 781
1776 1247
1158 1216
26 1467
27 1082
31 1058
954 1270
897 725
936 269
617 862
554 680
1318 1537
1491 1131
496 1879
291 324
1295 740
1778 1730
1871 1010
1882 88
419 476
77 350
1301 282
1359 1117
1686 737
32 623
1856 626
709 203
449 1708
57 1595
1771 1492
459 1743
666 1274
1555 554
1739 1
1164 1397
1250 986
1493 489
34 1061
1866 1801
450 977
1192 1266
652 679
1302 60
1524 590
349 1812
1157 585
451 1418
1460 907
1544 1168
1751 1062
33 765
314 1299
1753 1028
1869 1724
1335 1706
1498 1525
1354 822
47 521
1180 298
36 1333
1406 1653
1330 1750
779 23
258 96
1505 397
676 1772
1642 408
35 1746
906 1349
1725 1405
305 458
1516 804
272 754
917 928
945 1597
534 519
938 403
1721 314
535 1850
37 1562
624 374
1319 347
1653 42
877 1420
384 959
728 1279
1044 217
1677 993
1088 635
743 434
377 1543
38 352
1641 1769
279 1496
683 222
154 1030
289 1831
1445 1739
636 535
1413 1149
458 733
849 1007
318 1866
39 668
40 755
895 578
415 225
174 6
1788 899
298 1248
896 118
1791 1424
41 393
212 1631
1284 751
566 1281
798 1227
1836 370
1462 1549
633 1271
147 1809
1782 1004
1334 14
1003 1037
42 612
1036 1413
659 1213
1474 1018
1798 1199
890 1064
1874 1379
771 1071
43 846
1241 1415
766 98
335 717
1823 15
713 214
1242 189
392 886
813 153
673 1377
1463 1624
44 935
783 1494
312 36
834 1116
213 791
1572 459
45 462
1828 866
1854 1185
1716 301
1409 155
689 1235
105 1606
1101 480
1122 1361
1428 1654
466 291
1034 453
1709 1102
409 320
630 797
768 1645
300 1490
894 749
1671 309
801 1477
1361 922
1070 1761
229 808
46 1165
68 1853
1530 546
1366 955
420 706
219 1445
1391 634
48 423
162 1894
87 787
1437 163
463 1619
1577 1189
220 306
827 1501
1549 714
1363 409
49 603
826 1601
1007 1559
456 420
1127 0
1408 1081
121 663
261 315
940 1401
1617 1243
264 107
1177 1191
1551 1280
1708 619
1860 1040
1378 209
997 412
343 974
795 1194
934 1257
1272 488
1736 99
622 678
1764 1685
50 297
866 1347
919 85
1762 1788
387 1637
1126 539
1669 697
832 1354
163 741
51 1450
52 378
53 1034
1565 1245
586 17
727 1252
1656 349
1015 1664
1501 1796
320 1343
581 212
974 1785
54 682
1858 299
181 742
304 1225
1357 1468
1102 758
1497 1526
435 1047
763 1764
191 1049
612 1736
1423 1307
1342 441
109 1203
1182 1197
907 1105
640 1369
455 1621
531 836
302 199
1510 1646
522 1827
794 1311
1652 1875
55 1529
126 1029
1054 302
568 1607
1759 1873
1358 1540
1377 599
146 1705
948 840
395 1038
1868 1159
957 1158
222 618
1735 1153
1747 1150
1138 1400
1819 1126
56 923
58 1410
59 326
542 311
156 1707
546 1719
1367 1533
595 811
1816 1472
224 1536
593 1822
1396 1135
1670 1056
732 1839
1503 1738
851 566
1282 800
1487 563
1400 1715
223 491
1395 1602
61 1059
739 1210
1729 197
246 643
508 1024
1323 494
186 1322
176 469
1255 64
110 1655
60 1069
874 1754
1026 1357
1800 770
962 97
1051 271
1863 1506
247 845
1416 1696
1043 1233
648 927
1446 388
62 894
63 185
115 1398
427 1589
1700 1215
120 1564
1496 1737
1298 567
724 523
1028 1118
1418 533
1689 1190
242 1438
64 208
429 1042
91 1585
345 283
1165 470
1500 424
1081 258
803 522
993 994
988 321
746 1612
1842 1088
705 1561
1876 550
65 1259
66 69
1200 890
1236 407
1339 158
1336 368
1647 1155
194 1852
885 49
1629 1487
67 449
1286 1013
1141 1277
460 1101
95 1509
1196 1324
1547 1813
1171 142
1879 606
253 1183
1055 1474
293 772
1426 888
1630 877
461 1520
1829 561
800 865
939 251
1727 902
1650 703
315 1817
70 1444
574 294
1807 1878
1853 666
1489 286
1785 1741
323 1784
637 1883
1731 1795
71 1556
523 1384
1276 792
850 35
1814 1329
537 327
114 766
592 1032
72 577
787 1196
494 1507
1464 54
1469 1693
912 1303
200 1661
700 1087
125 823
1449 120
73 450
240 1539
1116 596
1793 1360
1198 1448
1089 752
128 1630
1845 102
1322 1156
444 1147
122 639
74 910
589 25
130 186
1711 1067
1030 1535
958 914
1480 526
1695 68
1839 718
75 151
1521 1816
597 1748
831 824
1300 1209
448 1899
1063 818
1205 1479
1769 1340
764 1740
1310 1489
1506 495
1099 1882
1269 226
883 712
1705 831
616 256
1676 1268
1376 552
78 820
990 27
341 1893
967 989
239 1767
1024 1729
462 576
1715 1076
1844 1381
994 1350
1111 148
1820 1530
93 1432
254 1807
1548 355
1880 1122
446 1422
563 992
79 410
410 1747
1331 805
984 1241
367 1045
1261 1304
478 132
658 858
1614 1224
575 175
197 1703
82 555
1682 802
342 1758
80 1300
81 406
83 1407
275 1055
1848 1880
325 275
564 1690
1270 785
1259 384
481 956
84 1546
1090 826
1114 1006
333 1015
1832 1317
267 1262
1086 358
1830 1649
1424 892
970 184
1662 965
187 1387
1758 569
1068 75
352 1447
830 92
559 1565
504 727
85 1202
86 1699
1145 1792
770 1760
1303 744
820 95
1867 1430
1627 1301
889 828
417 1835
1184 122
1631 334
397 1498
540 525
88 1391
1663 1896
1520 422
1013 722
165 1222
571 541
479 855
89 1617
1264 342
159 1313
1283 1426
703 103
90 280
802 133
1350 426
1712 353
769 1290
1495 287
1222 515
1678 1515
930 196
408 1188
829 479
1598 100
92 1671
1838 478
519 1688
136 1378
241 1731
1385 1547
601 1295
1002 1596
507 1797
1305 114
670 1121
1097 290
692 1255
639 1111
1673 1833
413 731
311 627
959 1572
324 261
1833 991
381 1272
656 1023
484 168
1297 788
135 1244
1387 793
585 1294
485 1083
1183 588
405 1261
1884 1016
385 1863
524 1499
97 1815
660 799
615 46
1012 1452
284 1505
1105 308
1763 966
1806 1137
175 333
807 395
1077 1406
550 690
143 962
98 240
1352 1315
326 1187
307 617
399 1887
216 715
961 238
835 231
591 1843
1271 152
1186 511
378 1714
1058 887
583 1110
584 1811
235 636
1292 912
706 1652
101 295
102 1773
182 1382
250 8
1121 1453
1211 544
1403 1220
281 1828
735 939
117 1611
103 219
1740 1330
643 527
1483 425
1657 129
608 709
520 1421
1752 1518
104 1593
226 432
1066 1337
1429 980
1014 1090
629 414
1299 187
1815 595
1370 1859
368 1583
288 1228
1542 1550
1235 1545
1660 944
1417 140
635 1367
107 1555
160 81
1701 1198
1812 961
287 195
1065 304
956 1386
530 1636
1096 985
1172 354
1107 1768
1268 1783
1528 1872
790 305
313 1605
439 452
1680 1318
1326 1837
539 1237
1567 786
1020 1781
1467 909
1536 131
340 172
108 1830
214 579
799 810
1392 534
111 1092
215 1440
1218 1519
1640 1613
1720 1832
1518 285
1219 123
1478 1449
1059 1078
528 1571
1809 683
1456 135
230 1206
1450 1060
1364 1240
113 864
236 1154
1621 970
285 1025
971 747
144 1554
1773 121
712 205
190 542
1341 428
1216 1319
297 128
1850 1258
1143 1057
1317 598
842 1451
1011 689
1078 624
116 1427
1592 1273
457 232
1570 1756
445 558
903 1054
609 931
953 647
204 1368
716 296
1349 1175
118 625
691 1469
1659 177
1675 696
791 1017
1197 1826
846 1214
719 1358
119 1050
1509 1339
131 243
1123 883
206 1870
482 661
255 44
587 1856
453 264
1108 1544
1525 21
678 162
476 1027
915 716
1665 182
1087 538
1006 1713
1597 1098
1484 265
923 10
157 1627
1783 1789
949 490
145 1580
123 1676
278 1253
1605 362
672 1005
737 1409
336 608
1440 32
386 468
473 1043
888 1251
1229 1172
468 650
1585 144
252 920
1228 1482
1792 587
124 1521
921 1702
734 249
1543 331
1118 1113
931 1282
127 732
348 1567
992 1678
266 1264
437 1675
1083 1263
750 465
1596 1044
868 1323
841 1840
129 1134
1713 1353
1706 671
561 1891
516 1780
600 1576
1508 1146
1620 289
1475 1466
1579 575
847 660
151 387
1110 339
1587 1522
665 903
606 1800
525 1036
1345 1457
996 982
155 126
710 174
132 1265
133 1892
274 1648
231 687
511 917
388 381
1384 806
1529 89
1188 1419
576 191
404 801
1710 1160
1049 1327
1156 983
1372 1818
1554 1114
137 1285
697 691
951 1625
1601 20
138 503
590 1591
398 1541
495 1321
1230 875
556 16
411 835
641 1443
1064 1538
1019 1009
1454 1673
139 329
140 843
389 1331
1009 485
295 605
596 382
1486 1403
1556 505
1124 748
141 1390
142 257
815 272
533 653
631 746
1025 1647
1381 216
402 1221
1581 659
711 1085
602 1399
403 337
1690 502
205 5
1287 437
1245 1338
1864 1663
833 37
1213 416
674 878
283 1108
232 651
280 656
777 1628
170 125
663 520
745 1744
1789 532
1144 1821
418 750
149 1236
1234 1512
557 1077
514 753
1035 1370
1084 1163
991 1642
150 277
649 170
536 22
1817 1586
1599 1889
393 889
1135 1700
1373 1689
1320 1312
1514 1297
227 500
1479 1332
721 1881
937 924
1803 245
153 341
1638 1848
1822 210
414 252
179 1145
607 70
1195 633
1067 973
1333 795
1552 1296
1252 774
610 1838
1104 815
1346 19
1559 640
438 1735
1133 41
747 411
944 1309
1639 969
1488 1433
503 1552
1278 76
1583 1869
477 160
158 1320
642 1208
963 895
922 1698
424 11
876 1684
1225 757
1328 364
1590 1446
1041 1871
161 1148
864 900
1148 33
1611 348
855 763
1239 1618
1325 837
1872 220
1062 1138
1534 194
1622 1120
164 165
1722 433
960 1888
1262 1174
400 936
1558 1643
1174 1861
1841 260
1093 942
553 1026
225 1686
1033 1867
845 1434
1697 1710
1757 227
1625 1020
952 455
1612 1594
1564 1140
1221 262
167 1094
168 1396
717 475
928 1471
506 833
1094 863
169 700
423 1178
1684 825
1649 1275
1217 223
180 335
1291 167
1772 816
185 1868
755 528
171 807
599 783
823 1639
262 332
172 547
943 530
515 796
1386 662
753 1345
1566 1356
1050 572
932 676
1511 1112
1810 834
733 363
548 473
1115 869
1473 933
1159 1086
950 1584
1076 1680
177 839
443 82
551 698
671 798
861 693
469 819
910 1884
792 454
1515 157
207 1097
1784 1293
621 496
1742 990
685 702
925 1334
365 190
394 400
370 1250
1360 1864
1253 677
1193 893
292 1035
762 446
736 1548
486 1238
301 444
1207 610
1337 1375
1526 1558
1132 967
183 1681
1574 1052
1142 466
1632 1305
1787 1306
722 1775
1056 1581
346 379
964 1342
789 809
188 1728
500 720
502 1592
1821 1128
1624 328
1877 80
290 1570
828 1670
360 775
543 925
1490 1070
1160 343
1187 442
1568 1380
189 896
1472 1874
863 614
1082 4
1397 1292
1267 1854
1307 180
1519 906
330 440
430 369
1340 247
1379 1231
941 1103
432 553
654 319
699 1291
347 571
248 380
192 1622
193 7
1623 206
309 1171
195 937
1353 971
1371 821
1390 812
1294 684
1707 312
202 1755
196 1502
1443 30
1324 948
756 1651
965 1063
1847 1239
198 1825
299 392
491 988
1610 940
1405 439
199 1666
1032 979
976 413
363 622
655 1656
1421 1436
1824 1481
669 738
1163 405
570 1732
572 1104
646 1725
913 322
328 1429
1414 391
1175 1011
1779 1757
859 218
201 911
373 143
425 672
1191 879
1394 518
704 882
203 1164
707 493
760 719
909 181
1146 63
538 1326
1415 1751
1112 514
675 646
1459 601
702 724
858 611
1470 401
594 784
209 1846
882 688
510 1408
210 497
1109 1667
870 694
1767 87
211 487
1010 1388
765 1674
955 665
778 1641
472 246
1117 565
337 1588
1477 1041
1591 457
366 998
1039 53
1120 1212
1285 149
1431 1862
999 389
1703 141
1441 954
774 404
1383 844
218 1662
914 1762
781 1805
217 501
1375 1590
741 1503
812 2
221 1615
1147 1774
1018 12
1393 1254
1199 1804
547 1169
1404 1193
1608 117
1875 726
805 1779
1696 978
518 1223
489 101
852 193
1412 1644
1432 1157
565 871
1210 916
308 559
916 938
1029 615
1189 1310
426 1376
359 372
1257 1734
1674 1599
946 543
1719 1798
1052 1283
339 445
1698 1177
1733 463
1153 851
688 1201
1001 674
436 704
715 1170
726 548
1016 394
490 1844
396 842
1399 1491
233 417
234 1742
379 84
1584 1528
935 1485
927 1106
1586 201
383 1173
1080 645
552 1068
474 344
1694 1614
1125 1176
332 429
1263 90
238 850
237 1389
881 1454
1074 307
1540 951
1476 427
492 1610
362 460
243 284
1362 1461
244 248
613 48
319 1151
1730 1139
886 1207
644 471
1461 1687
1651 1694
1427 1640
497 1048
1802 947
249 981
677 1226
1635 1726
1154 230
1031 498
653 1260
1796 1486
1072 964
772 1574
487 1771
1738 861
972 854
251 396
433 18
1134 1806
1550 1542
265 564
1194 1691
1212 686
1593 477
947 340
1603 330
1348 1787
1106 360
978 692
1215 492
968 570
257 1428
844 1665
1560 1820
668 1568
369 213
1704 266
259 1701
1795 1395
625 1465
628 288
1745 867
1672 1276
1541 1284
1728 1119
1042 1278
375 164
723 1162
682 1876
1465 789
577 1359
1790 1014
380 137
277 880
981 474
263 26
578 242
1438 1799
1849 780
1332 1478
751 1234
995 874
904 586
1060 557
268 255
664 402
1628 1513
1447 1695
464 1793
269 1886
867 1100
270 200
1600 1582
1466 1770
797 383
282 1672
273 398
1458 1217
619 1249
276 832
471 669
1527 952
1021 827
1061 1650
1512 1476
573 1000
465 926
327 55
1425 303
986 872
817 94
854 1829
1799 1803
780 1463
1113 376
1606 1898
1226 945
1022 1019
1178 1124
286 366
1522 215
1492 273
1433 711
694 253
714 771
848 1638
824 108
1756 1456
372 58
1774 1791
1411 112
880 1532
1170 385
661 1566
294 1143
708 1072
1797 957
627 670
810 1179
1130 1161
796 1745
1535 701
611 761
808 644
1173 1298
749 1683
296 739
1220 111
1840 1632
687 769
975 1587
696 56
562 1480
1249 1423
1604 918
1119 1534
1615 506
1306 419
1455 1495
1576 1727
303 1845
493 609
1401 281
1204 1411
582 513
310 57
1834 710
306 1629
355 642
804 768
1131 1508
900 1462
1092 147
744 71
1289 1287
454 583
788 323
529 1125
1699 159
1040 512
1244 1527
1008 211
786 1563
1881 838
1277 695
860 236
1448 1860
933 1776
1575 921
1741 188
1573 1858
1251 508
1260 1109
317 1289
321 1823
1786 976
1637 841
322 829
350 1093
1801 857
1155 1718
1274 1553
626 1557
579 1437
684 239
480 1668
1232 1808
555 1414
1209 1046
329 1184
1794 524
857 138
1136 39
645 708
1561 941
1737 762
853 233
1780 1711
334 536
729 93
1304 516
1444 207
1688 1205
1504 885
467 279
338 876
1439 415
982 113
1811 72
1668 1417
598 127
406 1459
693 50
603 1458
911 1484
1562 1441
353 830
517 1232
1602 1192
979 1021
898 73
973 51
447 1012
1176 779
1655 1363
821 551
1723 52
1539 589
879 1166
1243 1364
1878 1497
1770 549
434 881
1000 1723
356 67
725 124
1609 1365
358 224
1231 658
1280 794
361 848
544 1659
1166 803
1017 616
1761 960
1208 509
428 705
872 537
1537 1435
983 183
634 1712
1037 1195
825 178
1149 1152
1748 1759
901 1286
371 531
1316 972
1315 390
1202 371
567 192
558 241
929 1802
1724 484
1224 1181
1190 1600
998 130
985 664
1538 361
382 435
1485 1514
1648 91
1818 1857
969 667
1085 1084
1248 1167
390 292
391 9
1420 1578
816 464
588 1717
924 949
442 136
1613 1392
784 723
718 997
1201 946
1513 568
869 59
1290 1439
401 1075
1813 510
1351 852
1069 1127
488 1697
1045 620
1859 600
1329 447
1714 584
1643 40
1343 1002
407 318
1481 166
662 995
1580 204
1380 1483
416 734
761 1001
1179 613
843 1031
1718 1394
1471 681
1616 1721
1293 1470
431 1753
1374 1523
1626 179
638 963
1309 673
1681 898
604 1885
1870 1819
1545 1186
441 1355
1419 1531
966 1504
1843 1107
1238 1080
1702 1352
839 115
1389 1669
1693 351
1857 685
1732 1720
651 1182
513 1230
757 607
773 451
1750 1524
667 346
632 274
698 930
1162 1623
1434 1897
1582 1393
1563 268
759 1794
840 1510
875 78
1057 228
1327 150
1152 61
505 1003
1760 745
785 707
1246 604
1685 1123
767 173
806 1425
873 628
1862 1051
498 1246
1808 760
501 919
1679 62
1129 83
509 1404
1557 443
865 1500
977 1722
1128 915
1161 813
1517 1267
521 1493
527 767
1167 229
1644 504
748 169
1311 1716
1103 1851
1275 529
891 1569
1691 1855
680 632
1273 456
1827 847
818 756
1451 146
545 24
1826 1351
1240 1129
987 234
580 250
1589 244
730 1066
1053 1141
1139 1657
701 1692
560 901
899 461
1046 1516
1825 1074
720 1065
1258 338
809 29
1312 1608
1569 1115
1233 1709
1531 1073
1726 1841
887 1511
1382 593
1619 1604
1666 574
1369 1402
1004 1890
1075 1782
793 3
623 581
1140 560
1256 580
1754 649
1308 736
892 1814
1482 1551
1634 654
980 629
754 999
681 237
686 1288
1777 31
1356 482
731 1130
1365 1079
1344 1865
811 958
1151 357
1227 1442
1571 1616
1206 1132
1861 582
856 1325
1692 499
926 1573
1266 641
989 638
1430 1133
1402 870
1658 1733
1851 1412
1532 573
