0 254
2 844
1998 1371
3 1743
1997 1323
4 421
1996 104
1994 562
1993 350
1992 982
9 661
1991 1471
10 826
1990 637
1989 1446
1988 1722
178 1620
375 911
1393 511
107 827
470 1750
853 154
1712 125
29 151
757 1761
582 359
1332 719
1569 1616
59 1700
723 1818
1130 1015
1 1545
5 494
1995 669
13 1399
1603 135
1237 269
800 316
821 10
1088 1589
1137 759
1378 1250
693 500
1089 1673
1999 529
8 1536
11 1663
12 35
1717 1264
79 1826
1466 237
28 399
410 1103
235 1040
889 987
6 409
14 957
15 1260
49 185
565 83
1667 1089
173 38
955 1330
579 1903
145 1922
1514 898
7 665
16 1686
1098 440
1766 1445
733 457
864 1254
1289 380
1167 1891
117 428
875 462
1082 1309
642 1048
1185 647
17 877
1812 1337
1284 1729
656 1950
1658 1217
970 1060
400 367
906 145
1562 915
18 1158
1294 1987
232 299
35 633
102 1679
233 491
1145 913
25 217
1194 536
690 1094
1900 280
1542 519
896 606
19 1066
20 412
377 239
949 203
725 1382
384 1055
287 179
1722 495
1846 487
301 59
1100 1876
21 1979
43 1661
1901 589
22 611
1855 1963
236 118
1646 1697
1334 1062
1940 598
250 967
23 755
941 307
1769 1087
1007 1577
1960 514
24 1978
1223 1837
1510 1625
540 314
320 949
334 1771
846 1598
1348 1092
774 930
283 624
1499 1057
761 1716
573 714
1327 1340
1257 567
1431 1112
704 44
1746 543
1975 832
411 1196
1344 167
26 273
1509 1145
260 1778
740 1171
1169 942
1068 425
1791 1239
60 742
27 207
737 1467
777 1448
221 365
993 100
1708 578
1644 1647
86 1189
907 929
1398 60
672 959
1856 243
711 301
1612 639
1419 1721
349 823
688 1949
888 87
1593 984
830 574
30 760
31 1526
1866 149
818 1466
722 1035
1037 668
942 812
32 373
436 715
1172 1917
960 638
509 636
406 1452
1371 873
1011 1187
1522 320
276 1799
684 1431
1824 506
1936 7
33 1643
34 1894
1684 1911
1418 1862
1107 505
1915 1003
364 433
1682 1638
624 994
1326 1047
1661 829
220 560
1781 981
1189 1558
1614 286
1486 936
36 374
1641 1490
192 1842
1820 906
1956 188
1948 510
133 347
917 244
1622 1238
1238 427
1220 1651
752 317
640 1339
212 1430
795 1725
1521 1188
279 946
543 1174
1022 64
1427 84
489 1901
1944 894
70 482
38 666
1151 1228
1483 999
781 1801
217 377
1115 904
1920 1946
1390 1696
37 339
39 579
40 1139
1649 1519
1629 1731
305 1487
242 504
1910 810
502 133
41 1953
525 447
679 1555
82 1377
188 581
1760 712
1738 853
1828 1870
1094 1929
1251 1126
601 1973
198 596
1582 1334
42 1650
1638 776
953 875
1967 378
1179 693
1494 21
1002 180
848 1009
44 479
1980 795
93 1811
1276 498
1721 1918
45 1198
92 147
1363 713
807 599
1258 493
1633 1985
246 1603
1085 1251
1086 1360
580 1072
1278 292
1231 74
278 1211
564 1736
47 1202
455 527
1243 187
1606 26
46 1611
48 1310
1385 735
1752 1563
619 734
433 358
1317 1344
869 183
1158 1064
591 963
1446 22
1895 1318
365 1770
1973 1562
826 1406
1821 1069
50 1297
389 1559
1891 1940
177 856
318 1685
1877 1
343 937
850 705
1383 1693
533 535
741 1874
1925 973
1893 1856
745 0
1799 1755
827 880
1876 177
52 1572
1544 1656
885 1869
1879 1982
53 1428
1690 173
1969 1063
1731 1276
998 251
1216 1417
1321 1404
51 1181
54 291
1516 1154
1715 436
139 1957
1553 1543
55 1125
997 1025
1302 1328
196 334
1691 1510
1696 871
620 792
1462 262
1635 1285
56 1815
1656 889
957 1391
76 1551
1014 402
57 285
1687 214
1718 96
90 768
1001 1355
1830 1745
743 1395
1916 729
351 835
559 1626
58 1494
393 256
742 524
1659 1540
1680 1393
1043 1935
408 1715
878 1307
867 355
718 806
1624 1493
1395 1711
317 1955
371 1541
1377 1512
1796 828
77 952
1178 1028
1541 920
1863 27
891 1279
1849 69
356 91
747 1939
929 396
581 381
258 1965
1744 850
247 1383
1859 1645
61 1204
62 730
1573 1614
1693 41
1200 48
1898 1816
1030 277
1338 921
346 1623
63 1760
64 1146
1286 168
127 631
1052 1305
600 1263
65 1680
253 4
379 621
1813 1773
1247 1477
721 429
930 123
1141 1143
1070 1214
66 1924
477 1289
469 1938
611 1153
88 1117
1297 165
67 1203
575 1316
1515 749
637 1990
1701 205
805 956
68 351
1307 1791
472 343
1774 1608
596 1817
627 1787
1234 1899
794 1775
159 507
1180 1348
1977 1219
698 1436
1779 150
1673 1416
69 1942
71 1822
589 1988
1962 1190
550 834
184 863
1413 1902
72 1827
1009 1215
1312 1222
1170 882
1783 540
1152 45
655 1472
1768 958
1049 1173
74 769
1233 242
1433 170
1607 577
1379 33
1475 1433
1511 114
313 590
73 1346
75 1843
990 1313
341 1952
713 283
1802 1944
1401 1518
1476 1461
952 1688
913 1719
1580 1682
1000 1836
1288 1438
1095 1121
772 782
1862 1253
368 629
105 632
78 1410
1184 1670
756 1270
1592 1707
1926 473
1805 213
1837 762
1407 318
991 129
275 1602
1642 1237
80 1411
1010 1224
1703 468
1676 141
328 443
1136 1030
81 1492
1636 211
943 1225
1932 561
1351 1530
1078 1932
1513 732
966 1102
157 1197
1567 554
1628 1298
83 448
438 634
1125 961
1627 1456
514 1108
84 655
418 463
263 1708
142 1927
1460 1885
85 512
137 93
874 718
1428 1909
1556 1766
1264 198
1881 1879
459 1491
797 1892
357 260
727 697
1109 1082
1473 575
1818 1590
461 1618
89 604
1842 1612
1518 1839
248 446
1016 1172
1411 1514
1838 660
520 1511
154 400
350 1354
1919 295
183 1970
1277 672
409 1794
419 1407
486 349
87 995
1097 1717
1266 1175
299 692
1826 690
1406 1207
944 939
109 1368
91 888
1735 1256
707 954
1972 1067
290 1702
1546 120
1981 1690
1229 1741
1557 1931
1672 1367
1459 405
464 1269
736 1668
915 1271
879 1524
1468 964
959 612
1912 395
1005 1083
605 1280
1182 1845
1225 799
1535 1873
94 1329
95 547
967 1803
1529 72
546 1479
1129 1660
442 363
858 1971
96 667
1150 688
141 706
144 1880
570 219
1965 293
97 1177
847 1004
1044 1907
1727 445
686 1366
1472 1796
1425 257
1526 1855
1924 1414
1067 1322
1745 1621
1655 1497
912 992
1943 130
281 274
98 516
414 899
1405 1858
473 1128
798 282
1079 740
829 300
273 607
99 953
1670 406
101 376
1242 229
880 1258
897 73
1933 644
813 1833
359 731
739 1895
860 158
1777 933
100 861
1478 970
789 1302
1414 1206
103 478
1381 1677
1382 1201
1871 1257
1568 346
1399 943
735 1649
1046 397
1066 1123
1623 1043
1128 109
873 537
104 1790
160 1032
1710 142
1353 174
1652 1923
1161 55
985 113
435 932
585 437
106 1317
621 1694
147 800
1776 1884
214 481
1954 1900
1156 1757
1610 1531
460 1429
1076 442
836 451
424 1157
213 685
1224 106
1055 1664
815 1910
1643 1142
963 1587
108 329
1549 1644
1600 345
643 901
1457 1681
1778 138
1033 1086
123 1983
111 1104
1192 1462
110 1292
112 849
758 1459
852 761
1339 1962
753 1166
987 887
113 460
425 8
218 1252
296 1058
1705 1473
1784 1738
1986 1586
1057 1506
115 1482
791 623
1092 1169
706 1005
526 1336
1259 1056
114 702
116 895
244 1281
1517 264
360 737
1564 438
796 532
730 1789
1537 1308
567 86
336 356
120 541
696 1889
241 1642
1101 1408
1758 972
156 597
118 1995
776 831
1686 1386
1404 1888
928 1613
724 284
629 858
119 465
1793 1483
261 1111
1558 965
576 103
1365 25
340 199
405 1315
841 925
1175 770
937 1283
387 752
728 1185
988 854
1217 746
710 157
923 1152
1367 1532
1314 1306
122 614
921 1114
230 1956
1173 747
121 720
1113 1129
981 1296
1135 408
726 1781
1484 456
124 1886
1591 105
155 645
664 620
1651 555
1674 1739
951 1235
125 724
1775 586
1386 1913
150 542
1467 1525
1930 189
132 1547
1444 868
1840 1733
1171 1381
1620 200
1221 107
755 1422
303 1468
1176 836
1914 758
694 703
633 1709
182 869
126 1209
1552 24
978 796
665 63
607 1333
1023 1779
895 209
595 1020
1748 1968
1869 744
297 1133
130 1689
1162 1975
1725 903
908 208
1733 1866
654 1478
1496 1362
128 1463
129 1021
1143 159
1120 1977
1245 1230
269 602
352 336
1199 39
1660 1165
1451 1018
1250 1844
784 1672
1487 750
476 1115
748 1465
1982 122
1062 1284
134 1242
613 1904
792 1980
148 139
298 1744
1931 1484
1482 6
916 1326
131 1272
316 245
1782 1388
1935 960
1215 216
135 379
136 111
556 16
649 1912
1301 971
1771 348
1961 15
1421 1759
1315 1579
475 1029
1706 163
245 304
277 241
968 388
1987 298
1815 1810
1723 261
1017 1604
1340 31
1021 77
361 1549
712 1640
568 1070
138 144
1880 464
922 306
200 70
140 591
1025 1232
207 686
444 695
403 1164
1753 265
1004 1627
1138 1077
767 1954
1939 1868
1688 658
143 270
1847 392
1886 1698
1493 1916
1045 65
771 1227
549 88
499 1658
804 801
1852 1434
367 1245
1239 1375
1734 1443
208 838
1402 558
1985 1730
423 1819
420 108
383 840
975 137
490 1107
674 1860
1298 398
1894 1849
1080 1098
954 1633
1586 1236
1448 1864
1984 470
1742 1825
1318 1369
1027 1784
1228 1288
326 92
933 1769
1183 1027
1806 1742
307 1460
151 1405
675 766
1583 1666
1387 1937
146 279
1949 1137
1287 521
868 1961
1854 1726
1827 1061
149 162
1324 1130
1453 47
926 161
152 369
1157 1293
1554 485
165 1324
1186 1877
376 1655
936 990
969 1764
153 600
1619 1374
857 1994
488 509
1461 1148
1492 1539
557 1361
1102 559
347 1535
478 1099
249 258
231 1363
1350 1304
1146 1011
542 1714
780 40
560 342
566 417
1598 1585
571 1096
462 1671
1222 322
962 296
322 1915
1872 1259
1860 275
766 909
1677 471
187 938
676 383
547 1662
158 592
161 1554
1946 539
1637 1786
243 991
554 502
1144 110
837 1079
1795 1496
163 1538
645 1413
1209 1772
1788 1684
1792 191
964 1350
1581 20
1352 499
162 993
164 372
1625 786
1452 1231
751 431
1551 1999
1532 1022
1252 36
1885 236
1500 176
583 1223
333 1578
832 659
167 315
1803 962
842 791
1918 1831
398 1785
1489 1243
335 1218
1539 1848
1563 37
169 1798
631 1751
1942 1986
699 1160
1279 171
1888 98
166 1752
168 1131
1203 389
1811 1840
314 886
714 969
1048 1974
170 677
1653 1051
193 1084
1491 474
1697 1039
965 980
1072 1805
172 619
524 803
1630 206
481 1495
1036 663
479 1659
1835 439
1955 610
190 1116
174 892
1945 1802
1389 1976
1736 30
1851 404
175 866
545 648
374 266
1299 1936
715 793
176 1718
1543 1813
876 1846
482 1859
370 476
1132 1812
512 337
492 1992
372 1601
171 1710
179 240
286 1556
1380 789
432 1639
626 907
516 1595
1976 1636
206 328
180 1138
181 710
904 576
1548 152
1576 1959
1739 765
811 1261
1577 1883
274 1457
861 182
1889 68
1720 232
606 1246
1908 955
1061 1384
1810 773
898 1178
1800 1875
1439 545
1890 691
310 976
312 1832
881 1705
185 919
186 1453
1480 1140
615 23
535 1442
1026 1122
871 449
465 410
1968 662
1928 1378
817 128
331 1053
395 362
1197 1669
441 1674
779 453
1786 1599
622 815
1669 1221
1764 917
1857 1012
353 134
1073 1657
660 1561
189 681
1006 552
1572 564
1958 910
1424 486
1084 1735
925 654
191 226
700 1553
1177 1426
894 1941
1149 327
1479 1394
980 1997
194 1352
1909 29
195 928
1559 1385
1110 1210
671 79
939 557
610 1534
1829 1930
505 1609
984 281
197 1782
501 1569
1019 830
971 1683
199 164
919 944
759 321
201 1748
354 608
1114 1421
1426 271
1749 1085
202 652
825 1720
902 1019
1767 941
203 1435
252 9
983 1101
958 1109
267 248
1050 787
1081 1444
831 783
204 467
1202 687
1423 584
678 896
1685 985
1275 852
994 1481
1370 1637
1256 1537
977 1529
205 1216
1313 1370
532 1392
763 469
1442 1746
683 255
504 1678
209 230
692 492
1699 17
210 1607
1415 368
750 885
211 1945
539 1240
1602 680
396 1807
1032 1006
300 1419
484 848
577 1723
1254 1928
1296 1615
854 1893
497 900
265 204
229 14
215 1570
1741 905
1589 287
1255 1881
790 1151
1188 1597
1051 1634
1597 1179
762 1792
216 1783
641 117
531 565
786 1200
1343 78
1587 707
471 484
992 1205
219 119
534 1163
632 1991
1218 308
518 1521
1303 859
222 415
373 1332
223 221
1096 263
1263 1390
644 696
1147 1358
224 193
225 331
272 767
1443 1379
731 864
914 1617
226 1503
574 569
738 1703
947 1486
227 673
339 1576
628 1325
1550 1943
1388 1560
1570 1675
1155 390
883 1351
855 1635
228 977
1305 483
257 1095
1429 1402
1260 595
1168 90
835 1149
1503 319
394 709
1248 568
304 450
1772 839
1523 1523
1091 169
793 1756
1204 268
851 246
1056 945
920 1830
1268 1605
1281 676
638 544
940 515
262 115
658 1300
306 403
1195 1533
1283 1033
1454 625
494 1969
237 872
594 364
234 1176
238 1168
1119 1797
511 566
239 851
1015 155
329 1034
1903 489
427 1161
1832 1356
285 54
1369 1984
251 252
1153 679
1887 1548
240 1631
1615 656
1761 312
280 424
1966 1076
1850 1728
1645 101
899 1958
456 1054
1262 983
886 435
976 548
311 1704
1519 867
407 124
1545 416
523 250
1825 432
1921 1244
1728 1049
866 1124
701 1455
783 1373
1897 675
1683 682
927 1565
1477 1192
1716 1387
1465 1676
426 1948
950 222
378 1863
1713 477
466 1291
1694 1692
863 52
1743 196
1040 1665
1325 1712
1611 13
948 1966
887 1451
844 58
288 210
1798 580
1060 32
254 454
1412 874
256 1814
302 1226
865 1081
292 1447
819 1415
1844 1793
266 1359
255 202
1755 1996
834 1619
1816 736
1754 441
1983 1080
498 1575
259 1808
558 820
1711 1001
1870 276
388 1037
1574 192
537 1000
778 458
903 1871
1974 201
1417 935
1512 76
380 419
1322 253
1361 444
578 311
1979 1267
1292 1342
264 1754
1902 951
538 67
1174 698
342 19
503 1059
979 220
1632 303
1647 617
268 1424
1917 1278
705 1528
1282 556
1008 989
270 1806
282 678
1681 1964
1435 785
271 1632
972 297
614 1872
428 480
1201 530
1207 1409
911 525
1213 1364
1187 1186
1578 184
667 797
451 1753
434 1967
945 310
680 1921
603 1135
1449 89
909 513
1034 1335
1525 1075
634 1646
1584 1588
1790 1052
1191 1747
452 1593
1337 1265
746 61
666 630
1770 233
527 845
764 335
401 1821
1839 1567
651 1762
1505 1068
870 501
1122 1583
1190 884
1219 794
843 563
646 1800
1724 986
1436 1299
1520 1132
1041 212
1678 1653
284 1504
1964 526
1596 805
1118 818
599 1071
1054 197
402 1136
289 5
291 1349
702 517
1817 821
1858 757
1396 723
709 1418
293 1147
787 148
1671 309
588 1897
294 1501
530 722
1469 784
295 238
1226 689
1108 1951
1090 1582
1762 1960
1271 1458
1236 360
1458 1606
1077 126
1621 1046
1759 1353
828 386
1456 725
1474 1026
1588 1248
1368 997
1704 340
1953 146
900 1247
1438 1573
1794 81
1873 996
513 811
1356 1449
308 950
521 1906
309 1255
1950 223
1737 1776
430 1183
1345 609
506 775
1941 1427
639 1758
845 1474
496 294
840 518
717 218
1300 140
474 1038
315 650
602 927
1750 1732
440 528
877 116
1608 1007
458 643
390 670
319 1838
1400 841
1726 847
673 616
862 175
635 908
1020 1630
321 727
323 1850
431 1557
659 978
493 1654
324 594
1785 247
1447 1861
397 1274
754 914
325 1159
1654 1294
327 1505
439 804
1571 1522
893 802
487 1841
1631 1106
330 1249
882 420
1244 717
924 1823
1362 618
1154 876
528 883
457 227
630 305
332 1343
760 1804
1409 1584
1163 733
1714 1023
1662 1706
337 753
1440 1042
563 1093
363 195
802 143
338 940
1561 1550
650 394
1501 664
1540 1041
1319 523
552 878
1504 231
1330 1156
608 1091
344 743
1126 1581
446 1017
345 1078
657 1440
1618 382
661 1331
1333 475
450 1566
1309 97
1865 53
1455 1934
348 194
369 825
1075 974
1063 1266
382 855
849 1920
1923 649
1853 172
652 366
1841 651
510 1220
1927 1016
1616 1347
355 716
467 1734
381 1439
839 418
1127 1180
1882 1890
663 488
1959 1380
1609 1485
1463 1777
483 798
358 1989
1566 1398
1719 912
1212 332
1605 653
449 1865
413 934
1111 764
775 1345
1666 1835
1929 1699
598 1397
507 1774
1159 407
362 1275
1342 1898
1391 95
1355 1520
366 1311
1241 587
1905 341
1047 1320
932 1273
647 582
1804 1182
1347 779
716 1687
1595 846
1843 2
1106 455
463 1851
1560 370
681 259
1366 549
995 754
1527 626
1265 879
561 1691
1270 622
385 1847
892 423
386 1592
517 1544
1360 235
1892 1420
1906 1914
1003 497
1663 326
770 1469
1232 772
1698 1591
391 1882
824 572
392 822
890 1780
1105 430
1789 1403
399 1290
1808 289
1732 461
1121 1509
404 966
1868 771
569 628
1384 728
1104 1905
999 1489
648 756
734 860
1809 1768
468 704
1024 1749
1349 763
416 781
412 988
833 94
1320 99
1364 1287
1214 613
1272 1319
415 1648
1679 1629
417 699
956 290
1142 1110
421 371
668 333
1634 998
1848 1321
422 570
612 181
1797 352
1375 1150
1165 870
769 1365
448 1820
1747 1571
1952 819
429 1947
687 711
1123 1499
1971 674
623 1141
809 1622
1488 837
1508 809
812 228
587 550
437 1628
618 302
1590 391
1773 1212
1833 56
1422 1262
443 751
1528 1314
1285 1050
695 553
445 1502
1834 1824
447 1507
1831 62
820 585
536 816
1937 1450
1227 701
597 918
856 1834
453 156
1531 694
553 1036
931 741
454 344
1148 1195
973 225
1481 1191
765 813
1035 615
732 1610
1099 1500
1874 534
1065 1568
1864 1972
823 50
1524 1829
1029 745
1246 490
485 1425
816 968
1963 1788
1430 948
872 1515
1836 325
785 780
1064 778
1579 1517
1807 1527
1269 1828
1604 893
548 414
1392 627
508 1552
670 807
799 1338
1575 531
1311 1234
551 897
480 1074
1306 975
593 1312
934 102
1951 646
1261 833
1028 931
491 1546
1585 1144
946 1498
744 80
1814 1600
495 75
810 338
519 926
1074 1277
1341 160
1904 1767
529 1695
500 1097
1273 1727
636 34
1134 947
1911 387
901 1073
788 375
729 1208
1408 1476
1617 1981
1230 1475
720 1090
1160 1376
515 1508
782 1341
801 234
1293 1113
1787 1396
1594 132
1913 774
522 324
884 1933
935 635
1018 422
1012 1170
1038 817
1707 520
697 1013
1740 1867
1039 881
1323 1470
1376 224
989 1993
806 642
1331 323
1819 49
584 571
1291 121
1751 1045
1490 496
541 66
996 1213
1485 1401
544 1926
1083 1105
1335 1896
1613 1412
1565 1282
1329 127
1116 1423
1193 18
1354 583
1934 1024
1196 1199
555 1193
1765 1925
1497 726
1206 533
1059 1667
1730 1400
562 1854
1372 916
1437 1795
1290 603
572 1118
1675 788
1394 588
1502 426
1205 1763
1131 46
1181 288
719 1002
1922 11
1506 1857
586 671
1240 57
1397 1809
1823 178
590 1184
592 1120
814 684
773 1031
1112 824
1757 922
604 814
609 401
1639 1162
1533 357
616 472
1166 1327
1013 1303
617 1852
1534 1233
1648 190
905 353
1139 42
1328 601
1867 1155
1432 166
625 923
974 1119
1358 3
653 538
1878 862
1780 385
1970 313
662 1652
685 573
1346 186
1208 1513
1657 1516
1441 1908
1875 1713
1664 593
1336 153
1304 28
1599 924
1538 1737
986 85
1069 1594
1450 466
1210 1437
1071 1701
669 459
677 112
1695 503
1507 641
1884 1919
1601 902
682 249
822 1014
1555 1268
1957 82
1280 522
1470 891
689 1564
691 683
708 393
1547 1357
1883 413
1253 808
1042 777
1822 1134
703 1286
1198 842
1310 1887
1495 1580
1445 411
1640 1065
1133 1740
910 452
1211 748
1308 1596
1899 136
1650 1229
1274 131
1403 1464
749 708
1845 1488
1536 605
918 278
768 1724
1373 361
1700 890
1124 1641
1947 1878
1410 979
808 790
1668 1432
1907 1624
1031 1542
1235 1441
1249 267
803 215
1374 1010
1359 1853
1267 546
982 1295
1316 1088
1896 51
838 1998
1087 71
1692 1372
859 1765
1103 1480
1140 272
1689 1044
938 721
1665 1454
1164 1301
1053 1574
1763 843
1093 1100
1471 640
1756 857
961 657
1498 1167
1978 12
1801 739
1861 43
1938 1194
1058 508
1434 738
1117 1127
1729 354
1464 384
1626 1241
1709 1389
1530 551
1702 700
1295 865
1416 434
1357 1008
1420 330
