0 912
1748 612
3 1708
4 320
1746 1568
5 118
1745 1226
6 741
1743 504
8 1001
1742 182
9 82
1741 200
10 406
11 196
1739 217
12 1683
1738 225
13 1216
1737 357
14 1741
15 868
1735 859
178 120
1375 600
429 1619
1477 564
440 40
479 255
1215 1593
1731 360
1625 984
1 1557
2 312
1749 1056
1747 1384
7 1346
1740 1673
16 100
1572 1566
1044 183
994 1706
1458 1242
696 573
1516 1141
835 1437
1066 345
624 913
81 269
1585 931
17 1549
1717 1108
288 942
1274 191
1596 1718
1198 1188
62 57
1254 1287
1553 970
1603 1649
140 996
1143 1577
1024 962
566 149
1068 611
1408 838
61 1268
259 1003
1151 498
1591 193
541 1643
103 1191
1231 1567
18 723
19 546
1098 1461
222 551
1128 1721
1255 274
465 114
331 479
1355 738
1302 698
558 1425
538 49
1187 423
1298 384
731 1687
195 622
1256 519
477 1113
1113 223
22 32
711 330
1205 300
591 1082
94 386
86 967
1744 1300
20 540
21 1488
106 590
310 17
724 1632
1346 88
281 366
1061 1453
1322 630
690 782
107 950
434 1387
1094 559
370 584
356 367
968 791
1091 1579
796 748
1339 1042
24 1144
1097 277
264 724
1694 777
219 1709
1684 981
623 877
23 1468
893 46
279 1076
897 1527
359 1462
779 620
584 896
1392 1091
1174 210
567 1121
1455 1413
752 1193
25 218
1648 1223
130 843
421 1458
26 264
27 1625
1479 1005
1692 1291
933 568
1554 1129
1568 1432
1363 1240
1155 1152
1102 770
1237 1747
344 313
36 316
1650 1021
600 1143
705 224
457 945
636 1036
799 439
1145 1349
1342 632
28 881
29 301
1499 888
1175 780
369 634
422 1652
1045 359
1537 656
980 1651
1608 1438
898 501
878 160
1617 1464
1239 212
824 1251
1611 1288
30 1200
31 1663
1132 500
1171 1112
49 93
668 1182
32 995
291 238
76 1512
155 581
474 1338
912 1736
574 495
1111 1541
1071 322
576 410
448 1734
644 13
1713 1079
1586 619
33 1072
1131 1315
69 422
1008 1583
124 671
1491 827
1009 1217
34 851
881 1502
469 1321
167 1247
1734 1305
407 935
1618 61
1252 1123
35 705
1161 910
722 409
253 825
341 298
851 1474
1092 639
930 566
1715 649
1510 79
91 1570
1210 78
135 407
1619 1429
1517 812
144 1645
777 876
762 1285
37 926
431 739
1325 1704
364 455
423 1682
54 262
654 786
1427 184
1641 1263
1297 1209
1627 379
628 795
1574 1275
198 1448
650 1710
765 273
395 844
785 250
163 657
173 258
1371 585
316 513
1599 689
902 237
38 408
40 512
1005 202
1025 1266
488 10
1315 1505
250 1262
988 801
41 886
209 941
1136 148
512 567
557 1496
805 1341
978 1407
1268 294
175 1739
589 1626
42 837
911 1023
909 1115
1023 779
996 798
1387 1065
201 163
520 833
122 1621
354 1713
1204 969
39 701
43 999
552 213
1672 752
608 1325
1284 1487
44 1543
1073 539
797 1491
266 1053
45 1238
1561 482
1639 50
1053 726
47 1394
60 973
1250 528
365 1047
1454 1119
1189 7
513 1206
319 1410
783 1589
1352 792
46 917
191 1531
876 787
236 0
1177 883
1157 1236
1588 1435
1060 491
210 522
376 1546
1541 1205
223 850
301 1313
1089 1412
1686 1650
565 571
706 691
98 1342
48 1304
120 1428
1182 875
1184 1234
1703 1110
1573 1194
1562 1638
1316 1591
594 41
1725 1009
50 454
1655 1562
1096 1258
727 1318
692 1363
179 414
1259 592
1543 1102
51 983
1405 222
1664 1385
605 1537
1442 1043
52 231
853 1283
920 291
1690 447
1406 1408
1069 390
1598 1187
1651 682
200 1659
1126 493
1476 826
548 1715
405 1608
1195 68
1333 81
172 760
629 700
840 192
1666 974
156 794
307 1511
550 759
688 993
1386 472
207 1031
1465 1002
718 594
1660 1576
55 1074
189 419
208 1723
1344 1197
193 625
1497 434
1225 1580
1283 774
646 1667
53 1153
471 737
57 943
997 1712
742 5
817 102
1450 1020
185 104
656 829
1463 998
287 1097
946 753
56 1393
58 444
1711 154
1481 1716
393 295
634 1062
521 1203
1434 1399
1354 544
803 101
1359 1179
1440 252
1152 1000
233 1390
1328 769
1622 1127
964 1365
1329 1098
842 480
248 1374
867 1392
478 667
59 1231
386 922
728 1705
767 1494
932 1605
861 1614
754 347
1258 966
1404 270
455 921
138 796
1583 735
642 1221
273 1120
116 923
63 603
377 1680
237 1529
1361 351
176 1208
798 1465
150 318
1670 304
640 898
710 1149
214 909
461 1317
929 1631
1163 1609
901 1677
360 793
251 136
1438 1456
1033 474
65 1354
66 1356
1286 686
883 354
539 1253
309 1337
745 1515
462 920
1196 1352
1422 159
352 355
1335 646
1645 89
67 538
780 1442
953 1172
712 361
497 1372
320 446
64 215
269 132
399 26
442 1359
1451 420
411 765
1160 27
680 1269
1602 1728
1484 674
68 718
334 496
1159 783
841 828
70 809
1466 816
231 713
1310 1588
71 1522
290 1664
162 164
1653 1485
470 901
72 86
709 1050
686 292
691 1454
549 1449
73 986
542 394
990 696
1539 398
811 1744
74 1306
317 87
1722 373
914 445
1087 959
390 1298
298 1460
1411 368
1058 716
938 173
1615 197
535 499
547 1067
75 146
239 1644
1530 552
480 1273
1665 1013
1206 1504
896 1610
1330 1671
1414 1648
1520 1033
1124 1075
1314 835
1138 473
781 1022
335 1025
869 663
1706 1646
1628 703
1558 1551
1146 344
1327 562
879 1077
77 1545
1612 141
663 457
1519 1530
297 616
78 1137
79 1093
1107 29
830 1450
522 927
424 415
918 542
910 1133
998 1070
1656 1186
82 2
275 1528
295 1559
863 400
83 1525
577 654
503 1616
515 1085
1065 591
786 1444
1108 443
387 1255
615 536
970 1035
80 535
1636 1347
375 324
314 766
1224 253
570 165
1267 1308
85 1348
378 1660
603 232
1243 1142
1403 177
177 71
1212 1176
99 1690
160 582
263 1536
148 1679
1379 1606
392 721
943 1164
1264 1668
1443 673
84 1134
410 1726
267 1737
397 99
87 463
88 256
89 1189
1194 211
286 279
1710 1440
873 1368
90 1163
1262 925
1698 555
306 506
1104 933
595 285
516 30
568 1582
1607 710
159 461
1279 678
154 235
1688 870
672 714
697 1473
1109 871
1202 947
1116 1297
152 1095
510 1355
258 1289
1190 911
847 1336
966 1472
736 1198
1032 802
1269 476
518 1642
1079 76
1304 1312
670 248
92 259
437 263
1306 1366
675 720
836 1270
991 949
1642 436
1600 788
954 846
1488 1611
1582 53
1112 767
136 873
96 1243
660 364
454 157
999 523
1303 516
974 958
1460 453
93 1665
95 778
967 976
485 1666
1324 1329
380 725
740 1404
1296 558
1080 937
97 1436
1150 635
285 764
453 1601
713 1533
858 180
766 1138
1209 69
517 1418
325 768
1683 817
1350 1151
472 704
1118 1117
101 14
544 841
1110 201
1498 623
875 1124
100 510
406 1542
304 144
1695 1044
133 389
771 427
202 1731
849 247
102 965
125 1281
940 1700
1547 376
1647 672
104 442
346 289
562 1276
333 1490
1050 6
958 155
1644 773
1446 694
1658 307
1697 1264
361 1343
717 287
400 520
1523 1369
1503 1674
1593 650
486 852
105 1506
127 855
1616 181
147 864
1115 563
1334 1658
1675 1581
260 127
1418 73
1542 790
433 1295
108 730
1579 866
816 143
857 549
556 1371
818 1547
449 847
734 1535
1176 1286
211 1521
844 33
1253 1514
756 310
427 633
1444 391
109 924
111 1284
1437 695
1633 1516
1248 762
1211 1252
110 507
1343 452
1199 897
1412 413
888 426
707 1503
1534 374
1290 669
1457 45
388 336
302 617
1191 158
1358 1550
113 597
114 1483
188 1116
1580 530
1011 1257
1526 1157
1022 241
1613 1140
115 1041
1236 486
1592 807
1213 655
1183 964
265 1571
1485 709
112 641
305 1250
703 736
322 1222
368 822
925 332
1168 865
226 207
296 60
637 1584
1632 1548
782 428
118 1160
119 464
1486 824
1059 690
170 819
952 205
1509 1688
773 353
117 610
121 1173
278 468
823 644
274 1484
827 206
315 615
1496 961
1014 95
123 509
452 1195
1227 198
1652 867
1624 557
1123 107
750 58
1072 731
1245 331
292 1657
126 8
491 556
391 199
977 525
1483 1324
1144 1147
1478 1057
280 574
128 1386
1620 1574
1221 460
129 869
300 349
1370 370
1382 1008
561 1604
1464 954
1452 1420
1158 284
1474 1499
532 1640
464 1087
332 317
694 388
131 1248
1103 1114
1020 815
338 319
402 239
597 1467
1410 484
228 1277
599 1740
230 362
1555 784
132 1299
1487 887
1732 303
1709 771
1292 117
638 377
973 1520
1336 51
1424 477
1395 411
585 48
1701 1024
321 1254
1082 466
808 1447
1214 797
398 1168
1590 1733
1663 1633
846 1181
956 1196
1074 471
134 350
659 15
1407 1309
1623 1507
666 1600
1433 729
139 1068
1349 1064
775 1697
704 1204
837 1040
985 167
789 1165
592 968
1531 219
1192 1470
831 1230
1078 1026
689 108
403 288
1019 1100
1230 1237
682 761
1052 994
700 126
1039 208
1514 1441
880 216
142 1106
256 169
1122 1060
358 112
1233 717
141 1101
143 553
145 659
355 1498
313 577
396 1612
804 1162
169 119
289 1007
1007 1092
1646 1538
137 1452
146 575
972 1497
1353 907
1164 892
649 139
1218 808
487 800
1518 1073
1135 396
942 1389
814 1457
1445 1540
1565 83
807 80
1203 1245
802 34
1441 327
1272 1406
1002 1405
444 1401
149 934
519 153
1669 113
445 903
639 618
995 1630
505 946
606 1279
268 1564
282 128
1275 874
1149 1445
417 1746
1638 178
151 365
415 1397
1595 756
1331 47
1679 1585
960 417
1708 42
560 529
153 226
916 561
1630 1489
602 1201
1447 1383
833 1202
157 338
714 440
1232 587
1614 1493
1026 1293
460 1370
158 1693
1055 459
871 378
199 1239
1461 151
459 1130
1170 939
1040 387
345 1560
979 676
1364 123
1378 369
330 156
183 1422
934 755
906 1486
687 1732
1401 220
681 1395
877 125
725 43
1507 758
212 1596
507 1339
1423 402
347 335
759 878
1289 1684
165 185
343 1388
161 1727
166 963
1036 1742
855 818
164 77
1241 1641
611 1107
499 28
404 1463
168 502
318 1038
463 637
1501 1012
1140 1178
1429 1294
272 412
443 91
633 1145
1265 340
923 1532
1162 21
1571 960
546 1080
1106 346
1031 578
787 1170
860 433
171 267
850 1096
412 839
1179 754
1470 1692
1235 1696
1142 188
1017 465
735 953
1046 1310
947 1573
607 508
1216 915
328 980
1295 589
1536 1701
679 693
587 706
1597 1311
174 62
1222 1594
1577 1322
894 1628
482 54
409 1049
1041 1166
580 978
612 687
1439 462
627 19
770 1603
924 521
1468 290
1567 1636
1680 323
1489 109
1654 1220
899 9
936 665
180 1517
983 1340
665 329
1000 1477
1426 799
181 1414
598 628
683 857
667 609
747 171
1165 775
635 712
1515 103
792 832
327 626
312 1030
1475 811
294 1618
184 653
795 683
1430 856
647 1109
261 381
631 1037
1246 1360
526 1411
182 1069
186 1575
187 70
543 1039
931 1014
895 1333
626 1010
426 534
1449 1590
436 715
1351 648
247 1501
812 1260
926 39
456 658
928 629
1141 1207
190 1055
192 854
1549 579
1492 1523
904 432
1105 666
353 614
1288 849
1687 1469
1277 1725
813 588
194 124
196 170
695 337
730 916
1280 1183
197 1156
1462 431
720 1296
1064 1228
420 179
1016 804
408 902
1482 598
1147 885
1167 1302
1054 1246
419 1118
1273 1350
1015 204
1240 518
1062 813
733 97
1689 593
1428 1714
760 189
1467 1592
984 596
476 1694
1500 899
203 554
204 1335
205 1480
1219 1415
490 1029
1249 1218
1282 1261
308 1376
965 940
206 1518
1095 74
1493 341
955 997
601 861
664 987
324 1090
224 1184
993 52
951 1735
757 1749
617 1620
458 550
1693 1672
1251 668
1448 531
1559 781
1704 1099
262 271
213 664
1185 1513
1728 111
545 1307
1012 490
468 1745
1287 606
1301 1403
1594 456
1425 145
892 240
1601 971
215 172
1188 1071
788 1171
216 1161
843 1159
1070 708
737 96
1705 1500
1217 533
217 1126
583 863
1120 842
500 1623
1244 1699
1610 1398
218 305
221 138
1544 929
852 106
950 489
1394 469
220 1059
270 1569
821 194
1180 608
1366 1417
1396 599
1668 645
1076 1353
981 757
619 1367
430 372
870 1227
536 1232
227 1125
339 992
1718 1599
225 702
475 1669
413 66
1299 1146
1285 1433
229 805
382 631
283 1613
438 297
1435 1402
1156 1229
957 24
828 1622
578 435
1720 1617
1083 1661
481 1711
630 1323
890 711
1409 249
232 168
1432 236
450 547
1139 1063
234 36
1048 1689
809 487
235 524
1365 640
323 882
1030 1430
540 1332
864 894
1154 627
418 135
1696 860
874 1391
1367 105
1563 63
838 31
238 604
241 733
625 1722
240 1
242 772
1077 1381
801 16
243 1375
886 1215
534 1131
1341 229
363 532
1207 1380
1691 299
992 1132
1309 129
245 677
246 209
1063 893
900 244
563 1675
244 1561
379 121
1134 1303
778 380
1393 1419
1356 281
249 895
1527 418
769 605
1714 110
511 1135
1311 478
551 393
1338 914
1402 747
252 848
254 221
1506 475
525 858
1056 972
1421 37
255 449
504 227
554 1446
432 134
257 1373
1522 1629
385 613
1193 1729
501 147
284 23
708 133
1719 441
1010 424
1114 1199
389 306
653 527
496 174
533 750
1566 1017
806 879
1380 254
1057 85
1508 823
1169 371
271 245
669 56
1513 1634
761 699
1546 957
1521 884
1088 1256
1525 403
435 1111
342 1578
885 652
277 1471
913 142
891 1051
1049 580
276 1139
586 481
1323 785
1086 1396
1682 834
1220 541
1727 315
1397 638
1657 333
1313 975
882 820
1649 1482
1578 985
1357 243
367 1409
1629 1154
299 265
941 385
494 55
1391 1331
651 517
1093 1563
531 840
748 681
1270 321
1067 1058
903 401
741 1292
715 467
1716 1698
1293 1316
1415 326
1609 1016
293 1249
1667 572
571 515
685 234
1495 1627
1626 230
1307 1235
758 948
1001 1510
1200 830
1637 684
746 719
1294 1052
907 647
648 1330
1234 214
1312 261
826 282
1129 1654
1201 1556
1368 991
1575 1190
495 11
1004 1175
721 697
1564 1377
303 1635
866 607
1707 1301
1318 425
1119 176
1278 257
825 458
1398 1434
922 84
948 569
815 348
1013 1451
1733 982
1006 919
416 429
834 392
684 928
719 405
1640 1174
701 1748
652 266
311 1597
381 1439
1317 1357
498 1078
1018 936
1661 1212
414 853
1321 190
751 789
483 880
1681 470
1381 1703
1453 1274
848 952
791 583
1456 137
523 1466
905 1213
776 1319
976 1416
1137 1676
884 1702
613 1519
1238 1155
819 1615
1677 831
1121 890
643 1534
1659 404
610 1653
673 836
425 352
1431 1479
326 1219
772 1185
596 1427
768 1290
784 1443
982 1032
872 814
1390 1158
329 1400
1413 395
616 272
1208 314
693 1167
969 1225
1548 166
1166 1655
336 727
1473 90
559 1426
337 1478
1436 286
793 1018
473 1211
1605 722
1376 1086
340 1045
674 25
1550 1233
1551 728
579 930
962 1364
845 1048
348 65
349 75
1729 276
1337 1598
755 1421
351 1423
744 1358
350 601
1291 1678
676 889
357 448
829 1326
374 1481
971 1150
1281 1320
590 944
1360 1719
1186 1271
1101 734
573 1509
1034 1046
1505 1686
1038 363
1587 283
383 1006
362 437
366 543
1362 325
1223 343
963 430
1726 660
1730 375
1384 1177
921 1015
949 98
1127 358
908 1607
1320 1424
698 906
371 1088
588 642
749 908
372 560
373 651
1081 1334
986 488
1700 749
514 152
839 150
1043 278
441 122
945 803
581 1180
569 1670
384 670
1125 1027
887 1122
716 309
1635 22
1003 483
1545 1224
1557 979
1673 862
555 990
1084 1695
753 399
1099 1084
1504 1272
1027 275
1173 485
394 308
401 1724
641 503
919 595
620 1586
1631 1083
739 707
1042 1105
662 1738
528 1148
1133 1602
832 570
678 497
702 872
658 451
1308 246
428 1526
1383 643
530 296
1606 1455
1117 1730
524 92
439 383
661 745
1373 1351
466 918
446 621
1197 537
447 526
1263 1552
451 382
645 1743
671 1128
1662 1362
1533 1553
1532 602
987 1011
1153 1192
1417 744
927 932
467 1004
1556 680
854 72
1229 763
553 891
1560 1637
989 1328
856 951
582 195
484 161
1674 280
1340 565
1021 115
1172 1089
489 140
1678 1034
1374 1565
1090 131
493 1378
492 1278
1319 776
1589 1431
889 806
655 810
1257 1639
502 342
1226 175
1736 1066
1712 1492
506 1054
508 548
1051 12
509 162
1535 977
1385 576
1181 743
1347 956
618 311
1420 1624
1685 1327
527 1361
1075 421
621 339
1569 1019
529 67
1400 328
564 904
935 1136
723 988
537 450
859 1265
1469 302
572 900
609 4
1459 293
1399 1587
614 1685
794 64
1100 740
822 130
1305 186
1148 938
575 1259
937 1475
961 1508
1472 505
1369 1717
593 514
729 845
1332 1314
944 1169
604 116
726 1558
1178 1647
1724 685
1326 821
622 1656
1130 1282
1261 1595
1416 1476
738 242
632 38
1552 742
677 260
1372 545
939 688
1570 1345
1511 989
1576 732
975 636
1584 233
1723 1241
657 511
865 334
1389 1554
1242 416
1581 1382
1388 905
1512 228
1502 1267
699 1103
1676 1524
1528 1379
1271 44
1419 1681
1029 1214
1377 1459
1480 35
1671 1495
732 1544
1494 1344
743 20
1471 955
1047 1244
1490 1539
1538 661
1699 397
1035 1028
1266 1572
763 692
764 3
1621 251
917 187
1228 438
774 1104
1604 59
1085 1691
790 1555
800 494
810 751
820 1094
1300 1210
1260 268
1037 662
862 18
868 624
1643 675
1634 356
1529 94
1540 1720
959 1662
915 203
1524 1061
1702 492
1348 679
1276 1280
1028 586
1247 1707
1345 746
1721 1081
