0 806
1848 927
6 221
1844 1483
1843 1
1841 301
11 430
12 9
1715 967
1207 1436
486 504
841 427
1 657
2 336
3 1291
1849 250
8 1759
1842 232
923 1514
1194 1038
542 367
1173 676
1813 1218
271 1227
455 1368
5 616
1847 1516
1846 1352
9 844
1845 1236
14 478
968 401
210 487
18 380
4 1283
1456 188
1713 291
1338 548
1289 44
786 1375
10 558
13 1108
15 1379
16 500
513 150
1107 1710
1058 1090
148 1306
877 1201
1757 256
1656 1695
1030 1002
1170 907
196 625
739 951
385 1076
552 848
799 746
1662 308
313 914
17 460
106 1180
858 366
1701 1601
488 1271
1364 1619
1641 1083
7 574
19 1188
386 661
872 891
1235 1722
57 827
506 1726
300 1702
374 1003
707 1750
909 1641
1721 468
638 1755
610 878
349 277
1257 584
952 985
20 627
947 1361
837 1253
611 965
22 1270
893 800
940 77
878 1040
830 1324
23 105
834 1206
1068 789
876 1131
24 310
1497 648
479 1204
1820 671
539 1718
1079 510
1614 1431
648 1267
1089 1832
1161 1177
1262 142
117 1313
896 1216
1675 1332
26 318
1499 1533
127 1305
1005 54
948 561
1818 703
119 161
797 134
1410 1777
1122 755
795 1408
27 675
654 1822
470 546
641 576
21 1502
25 1701
28 247
1579 850
201 603
1832 1145
1596 319
29 1478
1015 381
157 653
596 996
1525 362
424 1819
1679 606
30 1285
705 1073
1502 1025
972 59
991 340
881 353
1449 1666
1823 621
1116 928
880 646
1796 994
31 942
32 511
33 143
1036 586
76 315
1093 1014
299 1784
1247 1833
35 418
1314 1124
305 1423
85 1831
330 312
466 1490
630 83
515 307
934 944
1024 1692
631 1656
408 587
155 697
1625 1665
1351 1252
36 670
39 1803
933 861
788 426
1647 1585
397 652
37 873
40 76
310 198
1115 785
1395 231
1643 1402
38 1826
1828 1614
1830 862
362 173
1644 335
1136 693
42 815
817 1105
1148 580
818 1823
1359 892
216 178
45 422
490 1691
719 948
164 1256
1458 1139
1263 378
452 496
43 577
44 810
1670 107
1476 1280
1750 154
663 149
1228 637
34 15
46 1052
302 1122
1326 1428
846 968
1542 589
256 704
1687 1398
41 1683
47 820
433 934
1191 522
690 371
1727 306
862 1147
1096 776
82 1793
1665 1456
1471 391
1331 956
407 1668
235 115
50 106
1755 388
801 1781
941 1711
458 1023
53 1723
1821 55
1209 1603
294 419
783 434
48 982
49 1430
1544 1109
1571 402
823 1395
1748 605
855 1231
52 275
189 176
1709 1320
725 1689
51 765
1283 1579
1287 666
1246 856
1143 739
54 808
1478 465
1531 365
1417 1628
236 1112
204 1418
1124 1648
727 245
229 332
529 1394
55 1667
56 923
758 463
176 406
1797 1125
483 656
850 1093
1803 363
971 1800
163 964
390 289
735 394
1407 111
847 1297
445 1208
692 688
870 663
1720 189
1491 1539
138 72
1587 1287
1389 949
1754 228
1065 1248
58 1574
60 1328
1295 497
1759 884
61 200
1594 1447
1243 1240
1379 1017
1390 1369
123 722
487 615
533 1739
1073 1104
1033 2
406 566
1447 320
59 1103
62 980
1286 1354
1224 1016
615 1015
1301 507
239 1260
1006 135
637 883
1710 1849
1430 639
1729 1367
642 717
352 1663
65 334
66 201
1799 971
977 549
652 130
63 1748
571 1004
885 1527
1152 1359
68 1373
503 1393
866 443
927 1605
821 560
108 1703
1806 596
1811 235
1745 1349
64 860
589 931
1509 787
1455 1263
1700 1752
67 993
220 1035
244 329
536 1840
497 1374
1266 514
261 1415
71 904
1494 1673
340 239
329 505
73 1713
241 95
1385 1790
1277 730
1451 1350
69 946
990 531
1545 708
1196 1356
70 918
72 585
629 0
619 1798
1439 874
74 853
1098 172
1349 992
1498 230
75 1588
889 1333
217 1528
1232 834
169 1181
275 773
388 410
1557 1036
77 1716
78 1839
906 305
672 1121
584 977
1650 594
79 1275
80 1746
1636 483
1211 1085
1004 1355
1431 555
417 1660
1672 386
1304 1419
405 1417
81 452
919 174
726 242
1236 1152
1474 1732
84 1824
1539 357
321 1116
686 579
447 1281
860 1796
1264 715
1564 707
1241 938
203 857
1599 631
1749 1623
87 1119
1838 913
472 1643
1794 1771
95 1364
1783 1600
101 1765
1593 415
760 1535
324 1060
1131 837
219 947
430 1378
268 1572
83 525
88 515
89 473
516 47
284 155
1130 915
568 877
171 86
1292 568
1436 1409
731 24
432 962
158 1045
747 351
900 816
597 1351
1580 1566
955 1550
473 285
1090 1773
733 1592
1628 1606
91 864
92 1690
93 503
660 868
1157 191
86 831
90 53
94 1467
491 1444
1785 1675
418 643
1363 1026
254 1708
1398 1547
1051 741
1271 935
557 370
713 1841
1066 89
1668 744
1302 1087
767 626
1558 1205
1443 502
109 1410
1519 1448
98 1381
598 1595
966 1372
494 383
549 679
899 16
96 750
99 339
411 1661
226 1157
1648 1345
550 724
1387 464
1578 97
668 1586
100 356
1358 590
1780 924
1510 1403
816 655
97 1758
270 1625
1242 374
1760 373
326 698
1046 1596
1078 602
932 57
102 1681
207 917
481 1039
1492 1284
160 778
149 1069
1426 1747
387 78
103 1167
104 1818
1193 1072
288 1202
281 420
337 453
1452 1751
105 348
429 211
744 1343
1483 1399
1185 544
1027 1401
436 1615
213 1056
987 1095
1074 1830
290 521
1798 1407
828 767
107 988
1214 1102
1141 599
734 1033
1546 263
1187 168
1576 446
1789 20
1408 220
177 1463
1383 640
1147 179
944 1441
1175 705
110 686
111 160
1435 1544
1688 682
1291 578
861 1498
691 1756
1588 1071
565 249
1003 1296
835 454
1298 1700
1366 1172
112 1541
113 1390
1328 674
1831 1261
1253 901
1179 1029
114 1497
115 618
1462 1137
1299 617
665 1584
116 1057
563 855
377 1237
151 1330
1168 769
954 85
1307 782
753 1388
1779 206
510 870
1021 413
451 1123
594 261
205 614
118 477
1733 1307
849 424
914 91
1344 796
973 1107
126 1155
750 632
414 360
121 1246
314 1222
1356 1425
768 1411
363 1559
122 32
1355 118
1677 1512
166 910
827 133
120 647
124 299
125 1452
1620 1812
328 1744
1566 720
251 330
892 1636
864 1652
988 372
1445 1760
575 1468
1470 649
678 1477
1515 18
1342 403
588 187
1707 1549
603 543
1100 768
128 1357
1305 941
1694 814
1169 1101
130 1068
1743 836
1737 1555
401 1191
129 1721
131 485
132 1300
1533 1193
409 1041
1768 331
1405 839
133 846
556 1211
736 1159
135 314
134 395
1815 75
453 234
792 650
136 137
137 1387
815 304
194 1266
1267 1481
1025 833
1367 1461
139 1070
403 729
807 1804
1110 1825
140 1053
147 1259
141 146
1138 1815
1678 960
957 1194
143 451
1137 1007
1333 528
762 123
228 303
1473 25
1091 447
144 1114
1804 955
1612 1782
291 237
145 1523
649 475
1237 1624
1026 881
1685 628
1603 1521
146 1647
1229 1080
1422 1769
246 1171
969 747
595 597
1695 1382
1629 258
381 1294
1413 384
283 613
183 954
1380 905
650 1821
1634 1340
427 349
1682 1737
1240 260
142 1797
150 1362
376 1672
338 385
1371 43
812 322
519 1776
463 38
1613 278
974 87
464 1413
153 7
1000 205
1787 1611
478 612
152 225
154 1742
1540 694
1479 1696
681 1094
419 772
856 1712
1268 788
156 906
514 1422
422 1163
459 101
953 1677
1450 753
518 50
297 1809
946 1311
688 328
1045 950
617 1226
190 429
632 1473
1833 1459
175 845
456 70
1619 1599
1671 489
790 219
865 952
159 925
161 1272
162 1278
1521 1293
172 1269
1064 346
1055 709
1353 1229
647 1465
583 1074
600 719
1666 276
165 879
1060 80
413 19
1062 912
446 875
368 851
1117 542
682 812
1132 99
1421 163
168 470
683 213
545 1707
1511 1795
728 684
1076 82
170 10
604 431
454 222
703 620
1739 14
443 1772
1146 1507
484 1012
1622 1434
1019 1472
167 1006
173 575
525 1443
1154 832
1512 1466
345 1763
462 12
1626 1828
1334 1327
174 1165
1543 629
1099 1344
1440 582
441 417
543 390
370 840
669 1725
949 1658
359 49
527 364
511 1488
740 1827
814 567
1589 1134
334 537
1337 338
537 1501
852 1787
976 1242
1633 1469
179 286
1673 1642
358 777
639 272
560 457
1508 270
399 52
1827 183
180 128
276 976
819 886
304 660
702 1538
389 45
178 382
606 1079
651 1314
181 1054
1181 701
184 138
546 1836
465 513
331 1471
1013 34
1575 119
185 644
779 28
915 1504
1611 524
188 1322
317 974
1632 1433
467 1158
1265 58
1165 1063
504 1166
822 764
232 562
1162 1518
182 1213
187 1342
643 1810
1050 963
1105 1224
1800 167
355 547
316 570
982 887
1324 416
1420 153
1518 1392
989 243
674 559
186 203
937 1577
320 1510
192 1031
193 1243
1381 1694
195 712
296 829
1414 541
1029 1028
1061 1098
1429 1594
1007 1484
191 257
197 1807
1347 98
528 212
198 933
215 117
287 540
437 1522
200 1445
752 738
523 1128
1703 1669
1623 780
199 818
318 494
1274 1805
1276 114
202 1646
1151 139
1023 1319
1610 1451
474 48
1487 1838
1095 727
1109 896
1182 405
1493 611
303 702
1782 1570
1532 218
1345 610
967 1315
1409 1207
206 953
208 259
886 1018
1323 1110
1640 1249
1836 512
1725 1644
979 74
569 185
1567 783
1735 748
209 828
1032 706
1466 186
1482 1499
496 1493
1501 164
1642 1195
1043 736
1149 784
333 897
289 466
211 920
212 1492
943 102
704 1061
839 583
1747 790
926 333
214 843
1427 1200
635 533
1297 337
1663 761
710 757
218 930
1270 903
1261 1338
1530 1583
1279 623
996 1686
942 1734
221 1766
1088 595
853 1543
223 1130
339 1637
592 689
1350 209
1296 436
1362 1509
1012 940
227 1552
1732 1519
1793 1799
1461 858
225 799
341 1457
222 995
1772 1754
1313 1146
1716 509
1309 1671
1712 794
1041 1785
1764 672
749 687
493 1173
1696 526
230 658
1080 556
1059 1276
224 680
231 488
1554 759
233 1371
912 847
1816 634
234 1476
247 1043
264 775
1281 1005
918 27
1547 1741
582 742
805 238
1638 1346
1184 156
1357 1170
237 825
238 31
240 439
789 13
243 1633
425 1232
262 1190
820 898
1017 838
624 248
1734 1301
1784 170
1654 519
242 607
457 700
1406 193
741 1685
245 1366
360 1789
544 751
248 1154
832 791
791 1687
1192 939
1048 651
1388 1475
985 438
1825 1705
249 461
252 1389
1343 375
480 1298
1392 1462
253 852
1190 882
1106 1455
765 1215
754 1630
332 911
1047 421
916 1843
559 233
255 271
1607 190
250 61
928 1086
1238 1757
1658 710
257 1500
693 484
469 867
380 1515
1221 779
1770 1846
259 39
554 696
1218 1816
634 1179
1824 1808
570 527
608 1791
959 822
1438 1621
489 692
658 1339
260 654
263 863
1199 486
1691 1450
573 1576
265 1175
1352 396
1118 1019
258 551
507 1245
785 1590
590 1250
751 1820
574 1138
266 1634
1773 1597
1459 1309
1423 1268
279 414
1183 108
327 1219
267 324
269 991
1082 1386
285 1062
659 554
350 638
1376 557
679 550
1446 885
522 1047
272 1517
1040 1551
1317 936
1365 408
274 758
848 355
1215 1317
273 1657
1503 65
1121 1724
1127 552
712 492
277 1262
1761 1214
1529 801
803 1704
416 1129
1704 529
800 224
278 491
280 300
1318 313
701 1474
1087 1578
1330 1299
1230 723
956 175
1683 449
1432 841
1490 908
1465 1096
282 1616
908 1573
1565 1847
577 35
520 1027
1186 294
962 459
602 1370
633 1048
286 274
775 1429
1325 713
1010 1235
787 1042
882 1212
460 450
925 1078
883 1228
1693 714
970 265
450 442
438 678
1834 774
293 975
1560 1513
1659 1426
902 71
666 495
295 411
342 1274
1822 359
361 69
298 1432
1424 1645
1322 393
1795 989
1094 564
1837 1553
292 624
301 1251
609 1150
1368 445
1418 1412
1752 1545
661 1156
420 341
306 1290
1108 1244
508 1613
1172 721
1598 296
738 793
383 1629
308 1664
1617 866
309 1217
1049 1458
1188 462
844 1753
372 223
307 1511
769 1113
1231 407
1681 141
759 1728
367 1745
312 1532
1167 295
722 725
984 573
1249 444
1657 1257
311 269
315 145
500 1612
929 718
711 1743
319 280
1278 1788
1361 342
547 1678
680 667
440 1717
379 217
761 683
1008 1591
322 795
576 959
1551 766
718 254
325 1336
1378 1142
551 1120
1223 979
323 1524
1282 1680
1373 283
344 1567
1340 932
1069 1542
531 1282
999 1650
1384 760
581 1485
1220 1651
656 63
1550 244
1111 1813
335 4
698 180
1561 619
1719 309
1234 1720
336 1115
997 1639
1075 290
1527 1011
1776 983
343 1424
1676 482
392 1049
347 456
1805 743
492 293
780 11
346 214
348 1779
395 273
930 1182
428 770
958 802
1269 859
351 990
353 42
1360 40
898 302
1756 96
378 1489
628 792
1711 1693
354 1377
357 73
1119 835
1442 1749
1394 195
356 1568
614 716
1714 604
1156 268
1396 1580
364 539
1585 1581
1437 1670
1454 345
1416 1316
737 1318
365 1491
1600 593
1680 1632
1053 1762
366 1640
1791 292
1180 1097
863 745
1555 740
1294 227
402 756
369 398
1705 1480
371 1709
1541 1731
541 943
1504 93
1034 734
1570 1414
1260 229
1412 267
1604 1132
1728 1383
1507 1569
1113 1829
1150 1627
1308 797
1480 591
1520 1241
1597 981
375 36
373 1697
1300 81
1505 673
1139 23
1084 412
382 262
1495 62
1592 288
810 400
911 33
813 1010
423 569
755 1496
1135 158
763 636
587 279
561 1210
1070 1238
384 1770
1667 1727
1386 1192
826 538
1097 1000
720 284
1738 397
1601 869
1788 1325
1840 207
1736 210
391 1582
404 1778
809 1289
1399 455
1020 1845
393 490
394 999
396 184
548 645
905 1084
1771 1698
398 37
526 819
626 1416
1802 921
1159 236
400 21
1708 1225
875 1479
1198 60
1746 1099
1464 194
1742 140
884 695
410 1089
412 1446
591 958
655 67
1717 159
1637 1735
1724 472
931 726
415 481
1569 1118
1144 423
950 1037
645 929
871 344
1786 762
1213 1323
1630 1331
960 518
421 1223
766 376
677 192
1140 998
653 986
468 1495
1072 553
426 1001
1259 152
897 641
1489 969
1513 890
1645 1435
843 162
431 124
1526 1814
434 1607
1377 1337
1722 480
1808 1187
1562 1034
512 1168
1646 441
435 1767
1374 1437
1158 1304
482 1397
439 1817
442 1111
1233 1133
1767 893
1160 752
1609 1136
1434 1341
444 1404
1572 1288
1016 1151
700 771
1653 1077
1706 469
1001 1676
448 1234
673 823
781 1008
1758 1506
1528 1233
449 872
978 669
1067 182
1684 1682
773 945
1273 1348
1329 1565
1341 197
1202 1442
1549 1075
1022 428
1635 728
924 1329
1071 1520
461 889
532 1279
1285 1091
772 1360
1639 1196
1204 1554
1081 316
782 387
1205 1563
1488 1162
564 1792
471 120
1346 68
1142 1239
1536 282
475 1560
1627 1602
1839 113
476 392
477 1209
879 467
743 252
1339 1631
764 448
907 433
1112 110
485 1486
746 842
1245 199
1354 1183
1553 1185
904 900
1812 327
1809 635
1052 608
867 961
1769 1405
495 1100
580 3
1792 630
502 1470
742 1203
1766 1321
498 1653
499 1106
903 1617
913 1835
1083 1292
1133 1308
776 609
501 84
505 126
636 1273
1631 1730
1200 1460
1123 109
509 1310
951 1608
1177 5
1506 849
1486 1503
842 1277
920 29
1605 1848
895 1065
1660 255
774 1221
517 1802
1255 437
936 1438
1697 1021
601 536
521 1127
1216 1347
524 202
922 1358
1778 571
670 196
1037 1626
994 984
530 208
715 1536
1311 226
868 545
534 1649
535 1092
1606 499
1744 1254
1548 1176
538 532
553 177
1400 880
540 104
646 287
1402 997
995 1055
555 425
1128 100
831 1768
1835 1363
730 972
1239 1834
1582 508
1591 458
558 1353
623 973
1310 1169
1731 1032
1391 181
1573 1537
627 1571
562 1654
1145 116
567 520
566 1557
1171 1184
1129 821
1063 1806
572 166
1723 1199
1753 1508
1272 122
824 781
612 865
1284 1326
1698 534
980 1020
983 1655
1590 1024
578 1525
579 1487
1559 1783
1244 41
585 749
586 347
1460 92
706 281
622 404
1102 1494
1689 1604
1810 264
593 165
917 298
618 1189
599 1153
1428 1148
778 894
1009 919
859 957
605 1699
723 1775
806 1505
1477 1674
607 297
964 1334
1189 253
891 642
613 572
1222 1714
684 581
1164 1160
1583 132
616 1376
1056 144
1401 805
1522 325
1163 136
851 665
621 1286
620 633
694 66
1552 474
1472 251
1774 1050
625 1059
1469 826
1217 88
1054 530
745 1088
1393 1464
1114 1540
1444 1143
845 535
667 588
1219 731
640 1440
890 735
1372 321
770 379
1730 432
717 129
756 1126
644 1610
1312 90
1321 830
935 1067
1415 563
1419 1764
1332 1303
1523 326
1011 246
657 1558
836 1391
1467 1149
1126 565
1669 807
662 902
1166 888
664 112
1178 1620
671 216
1690 1719
1226 1064
675 803
975 1842
676 1740
1468 966
1042 377
1382 1066
1563 476
687 699
1621 1454
1807 1117
1556 1081
1586 1622
685 157
695 922
1496 131
689 1255
939 94
998 1365
1457 1688
696 798
1212 811
1425 1082
697 1258
699 1384
1762 1715
1125 909
708 601
709 1662
1250 592
1485 368
1595 215
716 501
1652 1593
714 1526
961 598
1290 1780
1608 1178
1829 1197
802 1736
721 677
724 1564
1538 1837
1481 22
873 1638
729 685
732 399
1616 352
1085 1421
1463 1729
1581 17
1404 895
748 1482
1651 1013
1086 493
1176 435
1649 1635
1014 471
1153 813
757 1801
963 1295
1826 1738
1516 56
1002 1058
1134 1761
1248 1186
1517 1385
874 1556
771 8
1319 668
777 358
857 817
794 1044
938 662
1101 937
1206 1706
784 1589
793 1546
1814 171
796 30
798 323
1316 523
1500 1051
804 754
1035 1529
808 204
1306 1531
811 343
1280 1406
1664 600
1602 737
1370 1844
1203 1144
1655 517
1057 1312
1227 1302
825 147
829 1679
833 659
1740 103
1475 64
838 266
1781 1135
1335 926
840 1030
993 1400
910 498
1210 987
854 763
869 516
1038 1141
887 1380
888 871
894 440
901 691
1777 1659
1524 1530
1092 241
1411 354
1375 51
1258 79
921 681
1584 1598
1765 1439
1615 1618
1327 1164
1718 1174
945 1247
1484 1264
1275 240
1441 369
1028 899
965 1449
1537 804
981 1609
1201 389
986 1022
1535 317
1574 151
1817 1575
1254 1453
992 732
1790 1733
1674 1587
1315 1684
1120 1420
1031 664
1336 46
1018 1786
1174 711
1039 169
1044 479
1288 361
1741 311
1763 1046
1077 622
1568 121
1103 1534
1104 786
1197 1811
1293 6
1320 733
1819 350
1155 1220
1624 125
1195 1794
1208 1396
1252 1265
1225 1198
1801 978
1348 26
1702 690
1251 1427
1256 824
1303 506
1514 148
1661 409
1397 127
1369 876
1403 1335
1726 1561
1433 1009
1448 970
1453 1161
1699 1774
1577 916
1775 854
1751 1230
1534 809
1686 1562
1618 1140
1692 1548
