0 1754
2 778
1997 1100
1995 284
1994 670
1993 1654
9 104
1991 1664
10 1018
12 1002
1988 1616
13 1312
1986 452
178 1773
565 52
1393 1646
107 948
1088 568
580 566
1331 1884
1569 656
693 354
1127 155
353 1670
1745 520
1 273
1999 1273
7 666
1992 1257
11 137
14 603
16 892
1237 1108
800 1822
288 1871
821 136
1375 133
1082 1703
1086 1986
557 1218
5 201
6 424
1998 810
8 74
15 497
1717 1347
1422 1555
232 328
3 939
4 1562
49 239
35 1105
1667 1940
173 1439
955 435
576 1473
144 725
1514 1570
1608 898
1741 1239
17 8
1990 40
19 681
1098 1447
732 1430
1289 1907
896 1836
113 227
874 493
641 1120
1938 555
1181 229
1877 705
292 389
1216 663
1756 1508
1996 1922
653 631
25 1851
1656 327
1863 1801
903 1689
1151 1613
18 747
21 1816
1294 646
1900 732
43 1403
99 1603
233 324
1145 183
328 128
301 465
814 488
94 1288
318 41
690 1831
1542 1908
384 248
1007 1284
236 1240
20 860
1719 999
1099 583
1687 511
22 195
23 1628
1478 1854
1646 1878
1039 338
90 1992
24 1557
1855 274
941 1684
1334 547
249 877
1222 1662
841 1527
1431 1488
1768 135
1959 899
1344 91
1464 501
362 649
132 1498
27 1401
1510 459
540 1330
1509 1184
740 434
316 1630
330 1687
1068 1790
60 1177
667 351
1069 159
26 1694
845 356
1169 599
773 1078
411 147
280 958
625 1282
826 1343
1550 752
1499 751
760 1407
1327 832
907 247
1743 94
1973 123
1791 1444
1277 704
895 1918
1198 564
1107 1859
29 1880
30 1363
257 1846
494 1446
28 98
31 1577
776 276
221 363
993 721
906 1107
888 1672
672 962
1302 90
291 323
1707 1178
436 1493
1644 1135
86 461
1419 228
470 1503
1395 1426
234 546
32 1445
1856 49
711 894
1609 1400
704 1417
346 731
685 417
1522 448
1590 1398
1936 1826
152 1587
1100 103
33 1571
34 330
1866 1747
722 625
689 1567
940 896
960 621
1011 383
1203 1657
853 1034
1948 1810
272 1726
1823 177
927 1494
1694 1256
37 902
1684 101
1781 1102
1104 1386
363 696
1680 1655
1486 674
640 1543
1924 541
38 1391
624 1900
1326 843
1661 449
219 164
1186 218
1622 1944
1944 244
1235 479
1641 63
1820 112
1956 468
781 1643
914 1342
279 491
752 1663
1238 189
1390 1125
712 1334
1123 1476
130 545
40 636
1217 1674
1427 1448
36 1420
41 1099
212 1734
795 542
1521 620
242 1589
486 1098
67 1285
762 1713
42 1337
48 1143
1483 680
1975 1358
214 219
1612 790
1115 441
1919 1042
1582 1538
843 881
39 475
953 693
1179 1496
1908 1152
1163 1339
44 361
525 793
1094 1768
1276 983
1494 1517
45 1756
1247 439
807 1998
438 1855
1085 1989
271 1894
1343 172
1637 781
1967 171
1278 1865
1178 167
1001 1170
864 1568
57 1748
303 1762
46 334
47 1821
1817 821
1243 1163
200 890
1362 175
1258 558
1631 1212
190 1074
577 1733
1895 205
1231 1053
51 433
277 907
561 256
1752 748
1891 1242
613 168
1385 401
177 507
619 1327
429 1638
1603 1472
50 146
52 249
591 1113
1446 336
361 43
452 1014
1606 1441
822 1698
1712 394
389 1959
745 466
176 1272
1164 16
1380 1314
1960 312
1433 65
1316 964
533 1750
946 1541
998 672
1796 0
1747 1416
1884 1411
1557 745
53 1633
54 1830
55 632
1544 375
885 1818
931 1990
1260 891
1337 1278
56 1597
1690 979
957 727
1969 593
1189 297
1516 1652
217 685
1548 918
570 911
58 943
997 815
1301 1336
193 1068
1691 740
620 1480
1459 1660
1511 1119
59 1843
1013 1706
1830 955
725 698
1916 163
1686 1619
196 407
1715 1531
1849 1465
1000 1598
743 716
348 1044
556 581
393 1061
1658 1281
1677 1798
1377 438
406 1906
1859 521
61 1372
62 580
878 1028
1573 217
805 1378
1624 1957
368 531
741 1753
581 1979
63 1835
77 929
1538 270
1860 314
1898 341
746 785
929 1192
258 29
1052 582
687 589
1968 347
1229 1025
721 584
881 882
1578 1129
758 1960
64 1433
66 378
1200 238
1338 1966
618 1680
65 1612
379 1752
88 679
253 1103
1813 405
1307 1460
1138 39
189 1504
1070 1915
601 1027
505 262
1585 1461
789 62
68 1993
469 1778
611 1523
1515 1611
637 1371
159 110
1292 654
70 1985
575 162
1977 1877
1779 1280
877 886
596 1142
1698 1946
733 761
802 1890
471 1410
1773 178
1097 210
69 513
72 1658
1378 1198
626 1380
1234 1963
793 1984
1673 1683
1721 1552
73 1110
1180 1453
642 667
1049 296
169 1699
71 694
74 1794
589 1563
1961 1763
547 1393
1475 706
180 1361
1640 1755
848 1213
1408 954
1894 458
1604 230
1807 1111
1009 316
1783 1001
1309 1067
317 977
1815 1279
1212 1454
75 1483
76 1697
652 967
1767 960
1802 76
1951 116
1432 1833
772 1739
515 1373
1379 1313
311 1861
1748 26
534 1123
796 1965
990 926
341 1220
1288 988
79 927
952 1579
913 474
1095 1365
1580 508
1034 1012
105 1685
871 644
1340 1920
80 683
756 1304
245 697
1926 100
1693 1610
1184 1776
1676 176
1592 1565
1952 1032
78 1375
81 1219
82 432
1834 1635
1404 1786
966 840
1872 253
275 942
1642 1512
509 1720
1626 1553
246 1328
932 1626
83 457
1010 1157
142 1958
1136 300
985 1827
1239 668
1636 1665
943 1037
1929 1381
459 1848
1125 1309
484 777
1564 31
1625 692
443 1695
925 181
84 1967
85 368
1818 850
797 641
939 525
1228 1544
87 174
889 1892
418 1973
1428 662
1457 1996
1812 802
137 1700
1881 1286
485 1534
1391 291
1965 294
89 1819
1264 1522
1219 1289
917 1139
299 1951
354 1294
1018 1329
1537 1950
1638 1308
1109 888
1473 1519
290 1676
912 436
461 1265
827 3
1841 724
183 370
1562 1542
1014 527
92 989
154 455
347 86
1546 1970
408 1351
416 1150
944 1847
1121 791
93 931
608 1629
1718 1215
879 278
1005 1765
1825 1736
1842 829
1403 1072
1271 729
645 1789
1672 1679
1732 1925
707 1682
1971 1435
442 975
1720 480
1554 714
1083 1156
1983 359
91 396
95 1408
1506 304
96 1731
464 1319
736 866
1465 1806
956 1644
1786 114
97 1004
660 738
1129 1077
191 1149
602 510
1413 838
858 1692
1530 615
1067 1860
1529 1080
546 1222
162 1402
1150 1008
1044 959
140 1462
473 377
141 1744
1962 186
897 467
1425 1897
728 1588
100 563
713 1978
847 1791
101 216
247 182
1727 45
683 152
813 1708
1526 422
1411 46
124 772
1653 1196
1941 1497
273 1305
1805 591
1015 263
759 1274
98 187
102 21
414 1301
1402 792
798 969
880 1146
195 984
445 280
923 1307
1871 509
1242 762
1930 630
860 1374
1460 878
563 154
103 265
104 1118
739 1524
1046 1625
1775 281
319 483
873 58
365 753
1735 995
1935 723
788 619
1778 1412
1568 1082
1128 1688
1531 883
106 384
1623 610
585 651
108 920
160 464
1710 799
1353 933
1610 1649
432 788
1628 1764
364 1975
621 413
146 225
456 1299
1795 776
109 1443
1954 634
1073 1780
123 1424
986 200
110 267
111 402
836 1511
1055 532
421 1923
1556 1005
963 1169
112 1475
1224 978
435 1928
753 108
1918 1717
1799 1352
643 1434
1030 1812
1774 953
1873 367
356 1367
1057 1702
900 1888
351 1277
114 707
1889 682
115 1903
116 431
425 1808
218 1296
1383 529
295 30
842 1636
1681 211
1966 390
117 1540
958 221
1536 1968
791 1896
1704 861
1089 78
523 1558
737 1190
1255 695
1527 800
1517 1087
227 1132
727 1921
1758 617
1167 1226
1685 736
120 614
567 1427
333 1595
696 965
937 798
153 318
492 202
1765 1021
119 1295
724 1942
1314 1369
121 1641
157 25
726 1418
747 1593
1175 142
122 1783
278 1793
981 1306
340 1839
405 1114
344 1326
1279 1229
118 530
387 96
1386 213
922 1573
1173 1104
1140 250
921 403
226 871
1484 1144
938 1459
479 595
1161 185
126 1853
155 1167
1110 1117
1132 1716
694 156
1363 1933
1696 1006
125 820
127 1287
755 1230
1444 880
948 1723
1323 1331
501 1759
1678 645
1772 1710
1091 1556
1722 833
128 1647
1467 429
1176 675
908 540
1837 1681
1836 1138
182 1050
1168 71
1808 1415
1620 893
1911 331
632 1605
1600 1500
1744 1290
129 1499
1643 269
1869 830
1230 32
1800 102
665 1659
607 1359
1565 1310
654 1180
503 1049
1160 1153
133 1738
605 1536
1982 486
1731 1252
1491 1244
424 1867
131 879
1143 536
1451 212
1250 309
375 340
135 903
1199 1526
1392 945
1660 1637
476 1548
1771 758
1215 1140
1702 576
806 37
1487 1804
1703 1389
268 1632
1028 1590
458 1303
136 469
261 111
1092 113
950 1732
134 1019
1790 506
1223 1514
1561 313
1021 1317
1421 1862
1840 1882
1389 306
1103 1089
139 1382
324 1771
1706 817
1298 333
1081 734
147 234
1310 1898
138 1795
475 1784
1017 70
1424 97
1004 1825
849 1829
1723 130
708 50
815 1901
1880 1530
298 437
1939 1495
444 1599
510 1929
329 1124
143 106
1025 1043
1220 1035
1376 373
1602 1232
403 392
1753 393
1931 789
771 447
1910 596
764 18
1886 782
1857 1492
646 1160
564 622
1844 1927
830 1059
1045 578
1821 691
305 973
477 456
1490 862
148 84
549 1948
496 856
1827 1551
383 687
803 874
1351 47
367 1769
1846 1251
145 1569
869 1406
1113 1262
204 1774
1674 913
307 864
1274 132
149 204
150 869
649 443
1670 728
1387 259
487 1803
1197 819
151 279
1135 5
1297 905
1287 1223
1079 627
954 606
1445 240
1737 14
1876 1895
587 1852
1318 358
933 1617
1293 1355
1946 1737
369 1164
1708 140
674 1379
1583 350
410 1585
451 1267
868 1991
936 1936
926 710
942 166
1811 972
1157 1677
164 1554
969 1158
1350 1578
647 57
857 717
1504 33
156 1062
158 67
1102 1187
1225 412
1177 1261
571 231
1508 1456
230 1917
322 643
1917 272
489 115
856 1952
259 400
1146 852
433 1838
1650 1490
359 343
263 1291
1852 1293
542 769
1137 779
962 1592
300 214
901 1055
1026 847
462 665
1882 1241
1144 848
675 1468
1792 1203
1725 1174
1789 857
1788 1719
837 764
240 28
809 286
434 490
1587 1631
1904 659
163 15
1793 1238
1352 640
1695 841
165 179
1206 1509
1751 1466
751 934
832 538
396 322
161 900
167 1879
1551 352
1452 51
1116 223
166 1364
168 242
1414 499
1027 559
1563 1873
1532 1208
582 1458
1921 897
170 613
1915 909
761 1712
171 755
1630 592
1078 1583
631 342
1697 703
1048 1346
1955 194
174 1020
1488 1627
965 198
175 1693
374 1385
521 1937
481 184
883 1845
1621 526
172 61
1036 1409
1835 199
1785 1539
281 386
1945 534
715 870
1733 1395
1770 399
482 254
774 537
1543 1893
875 940
417 235
179 1849
911 611
516 1039
545 66
1671 1451
1864 1863
181 1221
684 12
286 1348
1458 1046
1854 1675
1655 797
206 414
818 1533
1332 993
467 688
870 1642
184 966
1989 329
1547 1175
1734 937
811 1318
1574 775
185 1283
1964 1947
1401 735
186 1073
187 1467
861 72
553 1145
1240 460
188 19
606 930
817 609
1907 746
197 1246
1388 774
395 1594
1058 251
919 1645
543 1030
898 1507
1436 1876
308 961
310 1464
964 763
1469 588
1480 991
614 1667
331 673
548 6
1023 607
750 1972
1925 1106
1958 1761
1041 1161
192 1275
779 1470
1668 364
1761 1323
350 1186
1909 1528
1084 1199
1356 677
1139 804
1006 719
700 1455
1633 577
980 768
1711 912
194 1546
1295 1800
1174 851
1559 570
1149 994
1476 321
671 1797
304 1485
198 1994
1214 837
850 353
971 1758
394 1891
816 1883
1828 4
989 1811
199 623
1207 1696
1810 1709
228 1962
1133 268
1449 7
1943 470
1019 426
202 809
1507 92
201 332
203 1911
824 420
1114 1561
994 1188
1423 1243
831 360
252 553
1033 1943
1202 362
511 1311
266 1988
1047 523
977 1457
450 89
207 1618
504 127
1087 1742
992 1566
205 612
208 1974
678 236
1272 365
1370 963
1256 765
423 1137
1970 117
209 95
210 1690
1313 423
211 744
1782 1779
763 1550
1981 1322
680 1766
1415 344
370 684
302 1656
872 652
1576 105
536 55
1512 1945
769 598
1032 287
584 1266
1524 700
216 1707
1254 271
967 1298
229 548
213 1545
1418 998
478 315
1599 992
422 144
215 638
1629 1368
1218 1478
1596 1228
500 1217
1342 220
1346 427
220 807
1776 1725
1303 1009
1183 1216
518 1741
490 379
222 1340
225 408
852 1254
377 590
738 120
463 650
644 13
223 1154
224 914
1096 951
1147 1349
731 1999
339 494
231 1564
1461 1521
1196 1704
1440 655
573 1955
1155 750
628 143
1927 1767
1305 1181
1429 742
851 237
1503 397
1056 1834
1165 1486
834 1233
1589 1574
904 1022
1248 141
1632 1324
638 1205
658 1850
1201 246
767 59
915 209
262 366
1080 1095
920 1045
1570 1620
1268 1000
1281 671
237 1614
1581 1474
594 1017
306 846
1468 1949
1063 1063
974 1414
235 1868
238 664
1195 1817
1903 1502
1192 348
1384 1442
1296 1650
1398 1227
241 1300
1119 1057
1035 325
1829 1939
282 982
1369 986
968 1253
1108 1260
239 498
243 1823
1615 1772
528 1268
1932 419
566 1225
583 1195
603 1484
1299 1724
1447 712
244 873
1645 1572
407 1189
1262 145
1597 266
886 1919
976 811
1675 1236
1545 1151
520 919
248 1353
472 160
783 887
378 813
1897 980
250 335
1399 1047
592 1735
251 1482
1315 839
1713 1624
1040 921
892 569
1071 1344
1406 818
1902 1518
887 1815
254 1714
863 1584
1742 859
1211 1387
426 749
1325 1535
1611 836
599 1197
309 1404
1874 1661
924 1147
439 258
255 1977
844 539
1412 1777
1755 53
284 193
1439 1112
1022 1127
256 288
260 472
1928 1491
778 1377
388 872
499 1362
1816 346
1754 720
1141 85
1906 702
1980 1760
1912 504
558 454
676 1576
1867 567
1893 1607
1322 831
1416 9
1361 451
679 1842
380 1041
267 803
1865 1575
1016 398
578 1182
1979 743
1496 1866
1382 1609
264 38
265 952
1397 754
269 445
342 203
979 522
270 1916
705 290
1008 68
972 298
1577 1315
274 1209
532 1809
529 380
1213 126
428 733
1663 169
1187 20
1245 1066
381 1781
1832 1678
276 1159
664 1711
448 1258
312 1914
285 1092
1191 1093
373 150
1978 678
1780 1976
1311 1705
1188 1832
1190 1600
1839 489
663 1259
984 554
527 884
568 1115
283 648
1571 369
1466 1640
1806 889
799 444
1122 1247
1502 1058
287 1902
1513 922
1634 485
400 823
1724 633
1933 524
1665 1431
1520 1320
1118 505
1858 1549
289 1419
1801 385
1593 1200
636 757
336 814
1053 512
825 1116
293 1606
294 1136
701 326
780 895
1396 1449
588 487
706 1824
296 73
787 345
970 197
1090 928
1699 875
1639 1864
1060 1956
1766 1048
1226 1405
1976 1889
415 69
1341 1856
1762 699
335 1133
1619 1872
867 1237
297 635
431 629
1984 1086
1588 1745
1064 11
1474 853
1077 1440
1618 476
1456 1730
1438 1211
1586 446
554 711
320 131
1950 528
1760 1450
1848 574
1029 1094
326 1510
1072 1870
1769 295
1870 277
1124 1176
959 1930
313 1775
314 1270
1381 22
430 1469
1320 594
455 997
839 492
790 151
315 1515
474 618
1519 275
714 597
823 1964
1572 1634
1154 924
905 517
1730 1596
1613 339
1193 1128
572 149
828 1728
1567 371
321 1390
323 737
512 430
910 1586
862 224
1479 1799
325 708
1020 1038
538 1126
1738 1325
656 916
493 560
327 425
1963 27
754 1954
1850 1101
1614 917
1651 119
627 602
1233 616
1054 482
1249 1869
893 481
332 1428
1065 783
659 1718
934 1837
334 1051
1749 243
352 64
454 1489
630 1357
1321 1429
1899 1172
1051 233
1797 780
1409 1886
337 34
1263 1501
338 1669
1236 812
1525 1354
1111 477
1518 1479
1134 784
1659 1885
1652 516
560 1201
555 834
757 48
1471 222
1426 947
884 1520
650 1938
1062 1168
343 1840
1221 1224
686 987
345 1031
1319 971
1501 1376
604 241
804 1248
1126 1581
446 938
1372 1060
1333 1071
1455 805
1405 647
681 1623
420 974
349 556
1339 1788
1819 1081
1443 932
1075 686
1286 730
1616 535
1050 1421
846 1757
1922 191
355 885
1584 935
506 1214
358 252
524 709
891 1841
730 767
1923 795
483 950
357 374
360 1560
1669 701
449 1235
692 1264
666 1463
1957 1366
1566 1844
882 1388
1949 484
1666 642
544 395
526 936
775 206
1709 794
1359 759
366 713
507 565
1757 906
988 473
1477 1471
1442 1987
991 355
372 996
1595 825
371 828
1803 1036
1152 302
899 808
1453 1234
1172 1040
1106 1370
1809 88
698 1983
716 1639
1560 551
514 1148
376 311
902 1024
995 669
1851 1
947 442
1463 192
1366 1715
688 60
1373 2
812 1231
777 1770
1324 1671
719 1016
615 1910
1265 1321
382 1332
385 1271
1553 1691
1304 1668
1887 1602
386 305
1270 245
629 54
890 173
1892 1648
517 1091
1726 478
1555 307
1942 320
1901 1580
392 226
1003 544
770 1875
1232 1166
876 1210
391 572
390 786
1105 801
398 867
916 1881
1365 1743
399 1010
1043 771
397 904
930 157
402 376
1448 1452
537 756
401 1015
440 317
1635 826
404 1423
635 1782
569 36
999 726
409 1083
1024 1727
648 1297
1985 1392
1804 1333
1349 1953
465 42
412 1532
513 944
413 816
1654 77
1400 1751
427 56
1364 957
552 660
1679 1547
419 605
622 956
1252 1396
1454 153
668 624
1549 337
1861 676
1371 1729
612 1302
1374 845
866 496
1888 1292
1701 1622
766 1026
1360 1701
1417 915
1148 180
723 985
1885 1980
1700 1003
1523 1477
1497 1013
1759 1399
840 1904
1914 981
1843 207
437 1934
1692 718
657 689
441 1194
1879 1338
1182 1935
1831 579
819 1746
447 863
695 1601
466 657
1275 1255
651 1722
1934 1621
453 533
720 349
710 282
1541 1155
765 1858
1283 1941
894 310
457 585
1158 165
1750 463
1481 923
1251 416
1493 822
729 1207
1862 1796
460 549
1355 1529
579 139
1662 1792
468 260
498 471
1579 1899
1705 158
1472 1397
1317 1383
1266 382
1736 1179
734 1263
1482 1425
744 1673
1335 908
1101 303
480 1813
1575 518
551 1721
661 124
1259 1131
1306 148
1505 1604
996 301
574 970
1947 409
785 453
488 1121
1261 901
491 1787
1605 81
702 109
1878 515
1358 604
1284 587
1131 1109
495 739
945 1202
497 855
810 827
669 858
1826 1011
865 1165
1657 121
634 1356
502 1088
1061 1814
1558 990
742 93
1153 1802
530 1029
1208 949
1300 1360
508 495
782 1615
1617 387
1683 1064
519 125
1716 1069
1913 1749
1824 1653
522 1249
1244 552
1528 1807
1038 1023
697 299
662 1162
600 1204
1627 543
670 1437
949 573
1093 10
531 653
535 1065
973 1608
1974 571
539 118
559 1931
541 910
1896 575
597 283
794 796
1227 1926
1682 391
633 1591
617 1141
1535 285
1156 601
1539 208
550 99
1329 1206
935 404
1407 1982
595 550
562 946
1462 1173
792 1316
1066 17
691 1651
1664 1079
1394 806
586 462
801 1513
1875 1341
1205 502
1485 1438
718 1874
590 1185
909 561
593 388
1273 1085
1430 1422
1367 1909
1117 1828
598 196
808 440
784 107
1833 80
1291 503
854 722
609 835
1282 770
610 849
1534 854
1728 293
1533 129
982 418
616 626
978 411
1162 1096
1159 1857
623 75
1953 1785
1368 1084
1285 1276
1336 44
1204 658
639 170
1253 122
709 1932
655 1995
1987 428
1171 1054
1210 1887
1308 1432
673 319
1649 773
1739 1436
1814 83
677 1516
1269 188
1246 255
1764 1505
682 410
717 35
1470 1134
1241 1193
928 925
1441 519
1746 844
1883 586
699 1097
1822 87
703 421
855 1245
1194 1183
1688 1537
1348 1033
749 1350
1166 1686
1042 1384
918 1582
1435 1913
1437 1052
1450 842
1594 1981
1130 406
820 1740
735 372
1012 1076
987 257
1763 865
833 1070
1170 161
748 976
1845 79
1120 760
1784 1481
1500 600
768 289
1074 1250
1540 415
1552 261
983 608
1357 1487
786 1905
1410 1130
975 766
1347 1971
1601 190
1598 1090
859 138
1257 876
1714 1924
1729 1171
1920 381
1076 500
829 639
838 741
835 1007
1853 1269
1354 450
1937 215
1267 82
1607 357
1209 1506
1002 1345
1890 557
1591 1969
1059 1997
1498 1961
1777 1394
951 562
1940 308
961 628
1290 1413
1838 637
1112 968
1495 134
1972 264
1185 787
1031 24
1312 1820
1868 868
1037 1075
1787 292
1330 232
1420 1805
1489 941
1280 690
1434 1335
1492 1056
1142 1666
1689 824
1905 23
1798 514
1647 715
1328 661
1847 1559
1345 1912
1794 1122
1740 1191
1648 1525
