0 1515
2 1983
3 443
1997 510
4 1809
1996 1927
6 145
1994 1265
8 1404
1992 1191
1991 515
10 1667
1990 64
178 1145
1398 1147
952 1989
859 1697
37 1374
767 1075
593 69
1344 633
1582 120
1 1555
9 316
11 1117
1603 1504
1237 819
1049 560
1384 1289
5 269
1999 1901
7 497
1995 1935
1993 1658
1422 143
245 1490
12 993
13 1296
49 1990
960 320
586 937
1098 1931
1766 1969
734 1408
865 717
1466 1827
1294 1435
886 43
411 125
654 981
1812 349
1286 590
565 1912
107 709
1665 1872
232 369
1998 75
106 337
821 603
1150 1383
335 734
470 1544
1437 1234
16 1127
690 1664
257 994
1900 180
1547 433
28 668
17 1042
377 519
949 602
35 1787
1103 1271
1728 685
1852 247
410 1616
1712 249
464 568
14 1836
18 1090
1478 1729
188 1906
15 977
19 1342
20 206
1646 690
1167 665
1948 379
21 1031
941 1688
43 1988
1783 1921
1510 705
540 1472
112 50
384 647
342 1687
893 1211
23 1348
847 356
1353 144
896 1548
970 909
784 1768
22 216
24 557
1499 1395
1989 708
575 490
1332 1384
1262 589
1082 399
1987 44
25 207
262 1919
26 679
738 164
778 351
226 1683
998 584
301 1176
27 1573
291 641
1708 1235
1509 266
1649 1104
91 1940
1409 1128
552 1369
1856 1816
1615 784
353 1824
691 925
1863 159
818 736
953 1640
1194 488
30 372
1791 248
494 1073
1431 162
1183 1578
1215 1731
31 1928
1371 468
906 1410
29 1275
436 716
1419 540
1112 1554
373 1630
1693 39
32 1000
33 1981
624 1749
1661 505
220 176
907 287
1195 616
1641 1220
1961 892
1037 1255
1126 242
139 85
1007 624
1251 576
1011 234
1068 1332
36 1361
212 721
1034 1375
1781 1355
1522 1591
227 294
1629 929
308 1236
1915 135
1922 518
514 1812
34 1545
38 1489
39 1632
525 324
684 1716
1771 775
1828 363
1094 1033
1252 1459
443 1083
769 415
40 1615
41 68
1638 1183
82 466
1013 1900
42 352
1980 300
1944 722
92 1189
173 1474
1363 817
1263 611
781 53
1640 307
254 1143
44 1706
93 1526
582 170
242 1820
279 1334
672 1205
45 255
455 1304
543 776
46 1646
869 137
596 670
1451 224
1179 161
1622 1619
1619 1841
181 1600
322 167
1276 462
1173 678
198 1141
533 1377
741 1281
1928 1138
1897 87
1494 536
1810 25
838 702
48 380
1544 427
938 210
1975 1295
47 1416
50 970
1690 1258
1974 1199
619 881
1612 1231
51 16
52 1002
1720 1917
1302 1181
1696 1202
1701 491
625 1372
1467 1451
1895 823
1085 1357
1656 1925
80 1802
137 727
1178 1909
1025 1582
848 968
1687 1738
745 563
96 1849
1243 95
1012 226
755 1076
53 165
54 1852
56 475
393 1766
742 1082
1659 1486
196 1246
1731 1572
1686 198
55 1639
878 1100
721 1762
810 1865
1516 150
381 1240
753 830
77 1273
366 208
758 245
58 745
59 1131
1744 997
760 1003
259 744
60 1059
1200 302
1035 306
317 1268
1285 231
850 436
1351 1329
57 1848
61 649
132 1396
1689 599
611 537
63 29
253 1755
379 822
936 1586
1147 262
199 577
616 1797
1849 1167
64 706
65 1853
66 1426
481 288
1271 998
62 757
627 346
1247 7
805 1491
67 1985
1180 1842
1378 479
1813 667
704 699
1830 1011
573 0
68 389
69 1850
589 62
1962 1933
1858 246
1685 1955
554 1710
191 567
1009 470
1323 1718
1181 878
70 357
71 1698
1776 163
72 1628
1233 1044
1433 1908
1610 684
520 1462
948 1587
1307 793
88 1352
321 882
1052 353
341 552
881 1663
73 185
74 1464
913 639
1977 197
246 1665
75 680
756 638
1597 812
1752 1527
1805 1939
772 1552
1227 1116
1379 1691
1843 136
1413 1511
1475 1450
1779 617
78 1714
1010 742
1703 382
1749 1898
1580 735
336 767
424 1857
877 1610
1148 1971
76 1038
1934 1608
1356 958
1511 963
167 1453
81 83
1802 1056
889 622
418 1657
79 703
83 1567
1401 1661
1264 400
1219 890
548 1851
263 1114
85 370
727 1913
1113 613
1125 67
924 1180
368 587
473 1479
84 658
86 279
1842 1895
1078 57
256 1942
1838 1796
154 171
1283 146
429 1178
87 1461
1097 891
608 1719
1513 1624
1417 630
1976 336
1627 1996
1926 873
90 1204
1506 832
966 1635
736 156
916 1480
183 768
1818 1432
1524 35
660 1978
1919 358
1193 1621
1426 222
967 1966
879 1207
551 1959
1145 178
874 506
141 614
707 1779
1971 33
299 805
89 476
95 595
713 1149
290 1198
692 174
747 1343
1539 1863
94 434
1662 930
414 374
1408 1861
890 976
1129 1406
207 952
839 430
1881 390
97 375
1670 1319
1067 218
1246 1153
1529 927
640 1831
1005 1856
1943 810
99 908
359 1016
570 1653
744 1482
1788 1701
1086 426
101 511
1727 42
799 1086
1793 158
98 827
944 1053
100 607
798 1950
1745 629
1240 953
102 838
103 1370
1871 471
1657 1767
1472 828
445 781
104 682
364 457
621 1694
147 1288
1189 1185
897 350
912 487
1790 1325
214 1910
1156 572
1399 1170
469 138
836 1229
1128 397
428 627
858 1389
1569 312
105 12
435 991
1055 1492
1648 604
1549 751
648 1316
1425 1838
1799 225
1046 482
108 1758
853 1675
273 1957
425 853
1381 934
296 964
1066 988
109 1454
111 371
1383 623
502 1387
793 1405
860 1874
1104 1158
536 99
113 1855
114 1961
1517 1594
360 285
733 1870
1778 55
110 1934
567 339
338 17
125 1243
701 554
1637 1084
115 1502
842 1112
585 748
116 410
117 879
269 632
118 720
278 1704
776 36
1370 1918
345 517
752 1771
991 257
1564 601
1705 1793
120 20
1404 1373
238 856
1755 1392
121 1251
369 973
119 428
122 1034
1591 1292
155 411
669 406
1688 1924
981 342
706 1349
124 1424
1217 1481
1851 1522
1537 431
1620 1300
1483 1748
1221 1756
814 221
1920 1009
642 319
1651 1889
1891 547
448 1598
123 1160
127 1196
665 1110
1023 1695
726 594
576 620
126 315
605 1772
1774 1947
561 1415
1758 689
128 458
129 1530
1930 318
1176 972
1386 1067
130 1717
1523 715
1487 544
923 1882
1552 956
486 1781
751 1095
694 1088
131 1115
613 447
1496 298
1367 983
133 1390
1162 643
1570 566
908 889
134 1743
135 26
1432 1753
1748 1737
136 553
1815 1391
851 1956
1345 564
978 1168
815 1322
1880 663
148 1331
138 1298
1782 408
403 373
1706 1613
716 1893
140 54
1910 1252
770 1030
1017 1154
1850 77
835 944
142 1213
728 653
1504 332
549 199
501 233
1832 213
1220 1279
277 19
1250 321
1753 800
1118 947
1081 228
216 413
1249 1431
1062 1283
143 108
649 1720
1004 1171
144 1328
146 424
1298 1217
1083 396
145 422
331 880
200 1517
1421 1826
151 1488
675 1307
1588 1860
149 1354
1951 1953
1228 63
873 1106
150 13
1324 1208
1939 1721
885 893
1287 834
169 975
420 1960
1186 1487
477 730
153 215
1229 921
1492 1228
557 1601
1102 625
352 1654
1586 1584
1886 959
243 1037
152 1746
1184 1873
260 1400
1554 825
1045 59
156 392
542 1541
780 74
1157 1121
442 1063
969 448
157 30
462 839
857 1592
1872 901
1860 420
1000 1466
194 240
1674 1447
1026 117
1484 1025
1794 1423
488 1887
1854 1785
1967 1520
159 1693
1095 605
1806 1899
478 950
158 714
160 387
161 1280
645 864
1760 220
1595 502
1625 310
658 1133
1465 1060
162 1126
1551 548
221 765
1177 1902
1763 105
1256 1310
1172 1024
592 1538
164 1993
165 1644
433 175
163 677
261 777
1089 723
350 923
1058 1531
636 1975
1203 634
1820 600
1811 1118
1885 112
1144 918
1598 193
168 1723
406 580
1491 348
1497 322
725 464
1222 1403
977 1972
528 1066
1321 1943
547 239
493 695
166 409
171 293
1036 869
1653 263
1840 729
1792 1523
170 1574
1945 877
223 582
1402 467
837 340
172 912
545 235
826 73
1600 1093
1543 265
271 1161
1555 1089
174 1248
175 1308
374 982
176 421
761 1724
1563 1700
504 217
1823 1800
1630 1081
1697 252
1655 593
1573 1890
1801 726
863 477
635 969
314 1303
1988 1618
177 253
179 1412
915 91
1562 1625
180 429
1893 1293
816 414
387 1759
286 1022
1299 1340
1955 1742
182 1754
564 1347
606 1371
1141 1726
1397 1916
1800 1922
1380 277
1445 1050
512 813
1389 354
1480 747
615 94
1301 1476
993 472
559 1551
1032 51
715 1428
186 1807
1931 1360
465 1891
1202 474
187 1690
1458 1519
1710 166
1683 1478
184 1017
795 724
185 1686
1006 520
1732 1125
1889 1402
1785 232
189 254
190 1938
1296 1559
700 1473
1857 1828
1153 1817
1490 1926
872 542
192 1547
313 126
1214 1201
1824 1261
1223 106
862 914
193 1560
939 1954
195 731
1559 1722
1796 1763
395 1270
1031 1732
197 979
919 1203
1175 1470
1073 1915
354 418
610 243
1909 1070
1958 183
825 694
1088 123
201 1501
252 48
651 936
1352 1241
505 1570
1633 1503
980 1393
203 1534
983 860
683 1542
671 885
1114 598
1767 1734
205 1216
1109 789
340 1169
958 1475
792 1976
933 794
807 1193
204 15
763 732
686 1460
206 1301
1981 957
280 1867
1916 1232
1713 1789
208 1532
202 1923
209 1886
1485 1932
1581 1778
1507 173
1609 1272
371 783
300 1219
538 28
1300 366
1423 454
287 1535
1254 1344
1442 1452
577 887
499 1484
210 364
1260 1516
213 1708
1188 499
1602 1442
641 360
316 148
1087 951
992 1054
531 1336
787 741
1355 586
211 894
217 1223
790 693
218 532
518 236
796 1999
1952 1035
219 888
852 522
215 1650
788 676
222 796
534 1247
1030 1815
1205 798
926 1521
574 1417
229 1550
628 1994
1876 1094
471 657
225 1420
1305 644
964 78
224 128
947 1099
1862 1113
1174 381
845 1525
1461 769
982 1165
1647 52
1526 1448
1382 1140
925 1557
230 329
247 541
927 920
1080 1674
920 1363
303 478
1272 1569
951 1979
228 749
231 1965
662 1485
318 500
233 875
888 788
1199 1652
463 281
234 858
1454 1467
274 1157
1385 403
1096 1445
731 1291
235 1670
1412 581
1358 1944
1015 764
594 845
309 896
1155 204
236 1641
237 578
1369 1614
1459 259
1429 785
638 865
239 1897
240 45
285 738
1312 719
241 1409
831 1679
468 1941
1275 516
972 1080
903 1967
1762 646
783 1623
1137 1285
244 1074
1420 1680
1396 1612
1477 383
1719 762
976 1794
1457 1593
400 1984
677 815
1825 132
891 942
1966 481
1639 1823
1816 361
248 926
249 1777
426 989
1611 1407
1970 284
1084 1388
351 1514
600 712
997 836
251 1689
1898 1741
737 503
1721 1808
1982 1039
1572 1580
1735 681
1453 1699
1218 779
1826 806
1047 102
250 546
302 308
868 820
297 996
407 1130
255 1668
378 1013
1716 344
719 772
1587 90
1315 575
380 368
267 187
898 18
1870 1911
1040 1992
578 1500
1984 200
1395 1682
1334 338
999 1250
637 1192
1869 139
1322 710
546 1046
503 648
1486 683
1844 528
1258 1811
258 852
264 1715
265 1418
388 1314
266 1072
1168 260
1279 177
1902 707
1681 941
356 1438
1441 1437
532 1757
979 1864
994 79
268 955
270 407
1963 1028
367 1929
1008 1819
272 1026
603 1833
484 1952
1455 1269
275 27
479 962
276 1769
1663 1444
1531 565
1340 1866
1590 1098
1798 512
746 1330
315 1493
988 289
579 1543
1577 1875
281 1740
1122 1102
289 1655
1521 1179
1436 965
282 184
1107 1576
601 530
1724 562
1041 513
1933 1200
283 1290
943 122
284 1537
1723 1380
764 1267
1057 948
298 1108
702 1317
1964 1284
1717 1359
712 4
740 1155
339 9
843 261
288 61
423 985
597 654
1424 1305
1699 870
571 761
1474 1394
294 978
292 700
1226 1049
295 1629
1201 1225
918 237
1833 124
937 1065
1297 1299
1463 1061
293 862
1108 440
922 58
1456 527
801 1681
945 295
323 291
1768 1197
325 1991
900 1256
1016 116
866 345
305 652
1878 504
1644 1164
521 1326
306 1430
1079 1764
867 847
346 1588
304 157
307 1376
883 463
431 1465
1512 1386
506 71
1950 883
310 688
1043 660
962 31
1333 386
491 809
1759 1036
1924 1040
1311 14
311 101
766 897
474 1685
482 1047
1652 1845
312 1835
370 774
880 1041
1613 212
1739 196
511 919
602 1590
1574 355
1403 1830
659 1626
1534 521
1154 1998
326 1339
319 871
320 1499
1894 701
1020 938
1377 1877
1407 664
1877 393
397 1015
1817 1005
1821 1728
861 1150
1614 1078
451 1790
1584 1620
749 1739
1956 987
1115 1058
905 1341
487 10
1074 1274
398 533
754 1879
1775 612
324 1237
328 1195
329 114
630 619
1213 1177
1672 899
327 1970
330 746
444 671
1867 1727
332 949
1051 1338
1267 1859
929 1556
1540 1648
333 672
1362 1209
1231 264
1631 376
334 1345
1473 556
1339 811
588 1440
666 273
1561 913
1471 1512
1624 535
1743 621
1960 1713
337 286
895 1227
617 1964
1859 1725
446 1468
650 1958
1722 1834
581 1001
343 343
1711 1477
344 1518
1479 404
1309 758
950 673
1567 1843
1702 1210
1280 662
363 1242
347 1673
1464 1854
1734 1773
1501 980
802 854
348 1045
911 1120
1935 1323
349 931
1946 1263
1092 863
1589 895
1566 1671
1075 1382
909 1309
1901 545
959 419
1127 1810
1841 675
1819 485
1527 1233
887 1254
357 325
358 1656
1846 258
1682 492
355 188
1117 1008
1211 153
1266 1186
1069 1443
587 770
663 283
467 441
1212 900
361 149
1929 1446
362 460
1917 76
1439 837
497 1021
417 301
1452 637
365 495
1443 570
996 1253
449 846
1164 1320
1949 1087
1225 1313
1636 1914
832 780
372 531
1519 1549
1847 596
480 1775
475 1401
1837 1524
932 1230
1106 1244
375 1962
510 1052
709 1508
376 1
1329 1422
1318 1266
901 186
1983 1010
1822 311
383 1744
1342 525
1515 1327
995 110
382 1643
1366 452
385 1878
1003 523
1973 766
1360 636
1668 1187
386 1456
389 6
390 229
1942 127
391 579
392 538
1100 1733
674 591
1789 904
963 1379
968 41
1270 38
394 543
396 104
1905 1575
1726 1249
1777 1297
1698 1883
1056 756
1787 119
1737 1627
644 1633
892 362
399 1190
1121 1583
864 391
1319 271
402 967
1138 1662
1448 1353
1105 1677
401 93
569 1801
1255 1642
404 943
775 760
1985 1780
743 192
405 1795
1216 1602
408 867
1400 439
1197 1558
440 569
1024 182
409 303
685 718
413 1986
1349 529
1374 1085
412 1048
415 534
1679 97
956 115
730 203
833 56
673 367
1835 365
1495 1945
1027 278
1979 461
419 773
421 935
1387 778
416 1907
422 1513
1747 1804
849 227
1090 1365
1972 473
427 984
1797 1510
1268 1064
687 244
1678 65
1918 109
1669 453
804 32
558 1226
1769 992
430 1607
434 692
432 507
1770 268
437 1634
930 378
1123 898
1784 1173
809 1611
723 1617
439 1806
1245 141
438 514
830 986
441 292
812 1425
583 1995
1044 1182
714 1337
595 49
1331 11
1449 5
1468 92
447 1672
652 1006
541 459
841 1949
450 844
1986 34
1528 465
856 1589
452 1018
1158 697
1750 1012
453 1649
1110 456
454 1760
456 850
1542 179
553 1004
914 1421
622 946
1874 22
1730 276
1907 650
1481 88
460 1144
823 787
1626 1506
457 86
973 1799
458 771
461 388
485 1027
1274 480
894 1151
459 1894
1906 328
1676 1324
884 1188
498 1786
466 808
1317 1494
1361 1172
1064 1730
1968 450
1932 398
940 194
1773 651
1388 829
516 509
472 1636
633 855
668 1814
1836 160
476 1509
1575 1184
1440 1434
1725 1564
661 168
693 1367
1209 1536
524 297
1101 1397
1022 737
1065 585
1565 1069
785 1651
1941 1562
1273 1364
483 1946
1623 924
523 1533
1171 1884
1259 1051
489 550
1364 21
1284 804
681 763
1645 40
1306 1014
490 609
492 1411
1238 1888
1831 209
495 940
496 1546
1050 974
1908 1315
1814 666
519 1362
984 1696
1736 451
1236 1765
529 416
1341 377
1165 816
500 195
1911 857
1904 1029
507 1350
544 843
1014 205
508 347
530 334
509 446
844 826
735 1784
782 417
513 1148
1617 1174
1234 1287
1061 1711
1224 1413
563 309
517 1175
1746 425
1829 1904
720 1868
515 759
1293 939
1834 1553
1616 1496
1604 191
846 786
1261 740
522 801
935 1660
1718 669
1868 1561
1063 1974
1488 313
526 251
527 698
609 1669
670 181
1594 752
560 555
1038 1414
1326 280
1913 270
1001 113
1666 1539
1505 1963
1039 1876
1715 999
1394 1568
813 1832
535 1782
537 1398
1553 1007
828 851
539 1736
1210 902
1444 1604
1136 971
634 687
808 498
1054 1735
1738 1311
584 824
1343 89
550 1439
1493 304
1583 256
680 1930
1691 1123
698 1159
1335 656
1111 1745
1143 1751
1354 990
568 1603
1765 561
555 1577
1414 1805
710 691
607 2
1411 317
1855 868
556 267
562 674
566 807
1292 1259
1239 1869
1365 1023
1675 341
572 1122
803 1109
806 202
946 1399
1337 1858
1131 107
1502 1937
1151 635
817 659
1435 1260
580 1528
1241 147
1169 172
1368 1505
1077 1257
789 1134
626 1071
1282 884
1133 1585
590 1278
591 583
855 118
1694 1419
820 296
598 933
1556 1631
1757 725
1541 1111
1295 1137
1130 1156
599 501
711 359
604 1215
840 922
1182 1043
1021 47
1548 1222
1146 129
1751 140
1048 211
768 795
1938 782
612 876
1921 1302
1140 1457
614 1221
1654 423
1927 81
1489 831
664 70
1680 1776
618 131
620 1844
1671 559
957 486
1428 558
1482 1885
623 46
1804 1645
629 1973
1635 1135
1430 1068
1328 1194
1882 1609
1520 916
631 1622
1163 1385
954 631
1632 1471
656 1881
1953 111
974 1366
632 1368
1204 539
653 1977
1890 1212
1316 1429
1780 493
639 305
1503 655
643 1206
1277 82
1357 1605
646 84
904 1951
647 1599
1336 1761
794 449
1538 1091
757 1277
1875 592
975 314
655 1982
1139 1813
1327 1224
657 802
699 330
1376 1747
1418 728
1545 275
934 169
1099 1312
667 905
1166 1062
1535 1483
1375 66
1695 571
1954 573
1438 1507
676 134
1599 395
679 1358
678 1318
931 551
682 489
1558 1647
822 1905
1560 645
774 1239
1160 848
1470 1306
1446 1880
688 713
1839 915
1434 753
689 154
1733 861
1159 290
1346 835
718 1152
695 1581
696 1529
971 1783
697 1770
1314 1146
703 1139
705 814
1557 274
1281 1903
1742 435
1643 152
708 100
1372 508
1348 219
1152 121
1892 331
724 323
717 1803
1969 155
990 1162
1033 1980
928 333
722 1497
1873 1107
1707 37
1450 1498
1310 1871
1338 1920
1476 799
729 1750
1593 797
1673 954
1288 1892
732 1092
1650 1792
1149 1449
1427 1563
1308 818
739 483
1607 142
1883 1101
1807 618
965 640
829 1798
1170 1705
748 1119
750 910
1514 272
1809 1606
797 327
1795 8
1608 1712
759 1565
1923 821
1764 230
1230 1840
762 792
1304 1968
765 1818
771 412
1568 103
1242 469
1772 1282
773 1709
777 995
1914 743
1530 608
779 1079
961 1948
1373 241
786 840
1410 1032
1093 961
791 704
1391 223
800 1378
1677 335
1532 661
1265 790
1896 189
1469 1096
1278 1495
1257 438
811 1707
1359 841
1206 1847
987 1579
942 1351
1628 1822
819 1659
1664 1294
1887 1436
1248 597
1845 1752
824 711
1546 859
827 214
875 615
1124 1638
1864 1571
1578 1077
834 201
1704 1124
1786 1678
1192 606
854 842
1536 299
1592 494
1119 754
1642 686
870 1788
876 1218
871 282
1002 755
882 96
910 588
1132 1825
1120 1321
1660 1566
899 1997
902 402
917 524
1071 803
1392 98
1866 151
921 1791
1053 484
1498 1381
1576 1433
1596 1441
955 1837
1601 696
1899 574
1525 1286
1740 496
1291 1676
1634 733
1853 1427
1761 932
985 1469
986 874
1658 1637
989 442
1803 1105
1605 1821
1208 238
1500 945
1313 1862
1134 1597
1925 1702
1462 80
1947 739
1606 1264
1018 1595
1028 1333
1019 1703
1700 1936
1072 1136
1185 1142
1029 907
1406 928
1303 1097
1865 903
1848 1846
1808 445
1042 906
1070 1166
1754 750
1290 849
1059 1458
1060 1245
1198 872
1076 642
1884 190
1585 1684
1959 1019
1415 1163
1827 1774
1091 60
1116 437
1320 610
1289 626
1253 455
1135 917
1325 401
1142 1020
1196 1132
1390 1356
1571 23
1161 1596
1888 866
1741 326
1550 1055
1187 526
1190 130
1191 1692
1207 960
1709 72
1232 3
1235 1129
1244 1896
1879 791
1912 1455
1269 444
1347 133
1965 966
1508 911
1393 1214
1330 394
1579 432
1350 1262
1667 1276
1518 628
1405 1829
1903 1103
1940 886
1416 549
1533 1987
1978 384
1447 1839
1460 1540
1621 1666
1729 1463
1684 24
1714 1335
1618 250
1957 1346
1756 1057
1692 385
1861 833
1936 405
1937 1238
