0 1511
1699 1411
2 487
1698 825
1697 1250
1696 507
1695 1462
1693 1646
8 1426
9 1424
1691 731
1690 172
11 1290
1689 356
12 1066
13 607
1687 1073
14 1620
1686 786
15 639
178 1405
279 1595
420 543
1364 1676
397 1352
756 265
1050 1113
64 192
766 1593
515 535
850 211
1583 709
354 482
439 766
418 141
1 1611
3 1517
4 137
5 845
1694 407
1692 617
1688 670
16 926
1563 336
1658 594
774 464
109 489
1338 859
519 255
1127 1384
685 1346
736 685
616 975
378 569
6 157
7 1423
10 120
17 1009
78 1455
839 1225
327 1356
1305 1255
1340 1201
1299 1018
410 1540
512 701
545 726
112 1449
1560 1178
1146 1249
1652 1072
225 805
1459 302
355 559
992 1134
678 245
1548 745
299 429
1057 1443
19 892
433 208
268 583
1206 826
1335 1002
633 292
1573 1176
1601 16
1473 1198
885 139
1351 1583
910 861
1185 385
419 959
106 746
319 877
1085 1334
47 1118
1377 612
681 908
1157 189
1404 102
350 788
436 1400
157 1
1165 1284
1659 388
894 824
1272 303
627 1305
1304 472
18 1344
20 714
690 406
305 1182
95 486
848 1112
1498 1281
404 1592
1552 723
1407 935
336 146
1557 445
118 325
904 1028
22 1165
498 1665
783 974
542 1036
1102 440
760 1174
650 809
892 370
21 1512
23 1316
369 704
1490 757
688 154
1509 758
604 408
1213 554
1357 784
1205 1087
893 1582
1175 210
997 446
1649 887
791 358
559 234
677 51
804 324
1202 329
25 340
278 1686
1093 1628
246 465
472 1318
1564 454
1680 87
105 1630
1021 1660
169 890
1288 98
1108 646
24 1131
26 545
823 852
866 1564
758 1545
315 762
1631 148
1419 924
1003 1299
689 103
1099 523
89 1033
110 1067
99 1598
113 371
1410 334
94 1132
27 34
28 1597
1499 286
589 953
286 1433
1317 1236
248 1109
813 450
156 453
486 1625
521 568
1296 702
1681 231
175 541
29 603
1653 982
1233 1163
927 896
577 593
253 104
241 842
812 848
38 1499
1016 1689
514 570
1655 1079
440 661
30 1310
1209 601
702 1323
507 793
1000 1431
739 1494
1333 1650
1454 1549
1361 369
291 586
1210 1241
1249 979
1605 11
1162 1460
261 149
232 499
1048 13
810 1543
939 1199
386 667
43 317
75 868
211 150
1219 290
642 1556
779 66
638 650
1396 1373
1443 1298
1060 760
421 808
1148 1682
31 1147
32 787
33 347
881 496
696 765
557 1233
1051 1568
1569 693
625 409
1584 613
34 544
294 1168
801 706
1284 688
461 386
733 638
949 730
845 1144
87 1038
35 1016
1670 382
607 401
1174 891
1461 1204
1417 1539
36 1207
1622 1436
344 107
727 918
57 151
807 3
603 239
856 1393
37 1528
1641 794
966 1488
720 671
612 133
1315 1030
385 1123
463 1534
497 971
1189 1626
259 319
1292 1614
1618 1415
906 1619
651 1420
943 609
820 1288
168 942
811 1632
1526 237
293 614
434 1306
815 316
950 363
676 1146
382 1417
1617 514
384 1591
680 88
352 677
413 1231
643 1381
1144 1202
1502 1548
39 1308
40 1631
1036 297
671 1121
1231 1265
1293 1317
637 1259
1221 512
673 560
1291 425
370 427
669 1667
809 1128
208 135
762 261
1150 1003
874 519
592 42
1635 1153
1525 694
1230 912
1250 1104
135 200
1088 1615
480 1437
41 1527
42 123
1145 1092
726 1078
494 1662
1614 1647
1642 1314
1575 220
1458 1501
995 359
1406 455
254 459
450 1696
1023 431
1453 1608
579 1268
1047 1444
44 998
121 1407
1151 1542
654 224
571 442
540 1358
767 1495
872 1565
45 1574
819 1487
73 536
907 846
376 1430
46 834
827 1637
142 1211
1327 222
1107 814
961 124
1141 338
1263 718
1012 301
1320 1422
1477 21
230 1489
1408 1459
976 556
1468 1485
683 1064
48 117
491 1075
249 1498
415 161
1574 967
743 795
511 751
1038 145
1380 782
267 626
1301 976
1290 1500
1368 1074
49 689
473 1643
1303 720
697 490
1437 1246
659 423
1580 1161
50 532
936 705
755 372
1142 156
391 1651
876 495
51 259
1348 695
666 1479
1201 654
737 40
916 1054
1058 1380
786 176
274 633
917 44
1465 582
1294 1330
1566 162
691 531
991 744
143 986
725 1205
1581 916
1646 792
1083 1569
925 893
52 1154
53 712
1401 800
1539 1341
923 883
617 39
1254 1547
1225 728
675 1309
1121 1242
462 673
1089 1644
368 579
453 1441
54 188
55 1377
188 732
457 413
448 493
970 304
260 629
1607 1563
1100 681
1375 525
963 1013
445 844
1625 990
405 1601
425 1573
56 1515
1044 126
946 45
160 246
107 294
1153 1414
1521 337
58 929
1514 752
475 930
941 1585
1594 1353
1413 965
959 978
1382 651
301 375
1678 932
308 1347
122 829
1358 1224
1275 344
124 604
59 56
60 398
529 517
1474 665
438 748
1262 575
1256 774
940 1110
1565 1603
1015 1245
61 35
195 101
955 796
1172 349
207 631
1173 1257
119 278
272 1311
858 1403
310 18
235 510
114 551
624 264
1416 958
1515 1365
1372 456
645 1677
734 698
1007 207
250 1680
576 1111
180 412
63 862
276 1468
898 1391
1392 1130
302 24
614 1303
922 345
283 1558
630 734
1181 596
931 1661
1456 366
62 439
1200 520
499 1180
1422 138
271 421
609 1445
787 1085
778 1634
1623 1577
65 1057
1286 1183
1169 863
1138 931
1019 610
597 682
1071 1034
958 291
585 777
780 871
1606 1412
130 683
1326 1160
476 563
67 236
236 119
993 1271
1119 571
704 353
868 1664
1452 281
1536 619
66 69
68 140
247 1053
104 608
556 1136
209 996
1123 15
1278 91
693 357
897 643
888 309
213 1024
1572 1058
663 1129
69 963
333 201
98 1429
901 567
1451 1649
1585 1313
853 1410
470 1081
93 260
905 1319
710 351
1321 1017
198 1663
1137 1627
70 754
563 32
566 658
1466 268
231 377
182 966
731 1550
1411 802
684 7
493 1435
424 165
320 155
468 248
443 1217
553 991
71 112
349 684
1101 202
1062 711
608 196
1129 1226
155 1006
887 1671
1076 1042
554 113
1555 267
467 925
1081 1555
1633 566
74 1396
655 403
460 945
606 606
912 952
1389 1379
975 271
775 306
1608 503
1535 1141
692 1566
1159 1237
72 923
944 1335
1252 1008
634 312
628 144
1313 822
1390 572
1427 1235
1034 1138
1370 241
1082 679
990 1208
238 473
375 1560
200 1446
171 1629
1513 178
574 195
1306 463
1260 22
76 1286
77 628
1323 1636
1510 75
1447 1692
996 750
364 1261
1245 850
334 1531
799 82
1098 1654
82 565
1433 669
242 692
1318 60
1424 422
488 1005
417 1122
732 1693
197 813
127 1679
79 86
80 1439
81 443
275 1197
280 1580
1388 497
459 724
147 1546
1494 1051
1612 747
1136 1421
639 1040
381 956
528 373
373 1590
83 645
1636 414
911 383
88 504
406 1039
1309 1639
1399 1372
1534 801
1677 1427
1030 183
1271 160
84 1533
1059 577
500 513
890 436
1645 190
1634 266
1247 836
889 168
536 1589
447 1658
682 1219
851 739
1632 1684
506 387
427 1102
661 1506
482 785
602 284
1208 1673
85 815
86 1010
1561 618
1462 1025
1061 1666
1421 1482
662 1363
1409 1252
1084 1331
745 1624
239 1221
1264 1669
408 968
1483 1203
335 1409
1253 1063
496 416
1005 1294
830 367
1609 624
1163 977
1113 680
578 1370
90 479
1383 1648
1056 1184
323 686
982 1408
1331 384
91 534
1310 835
342 438
357 1640
1066 99
269 627
1022 591
1637 326
1478 1535
590 789
92 485
508 362
297 1186
399 849
626 940
1087 1065
1045 1451
1418 417
1027 533
430 827
837 557
1398 143
372 727
1570 1304
1616 755
1628 257
1285 433
1197 759
1586 9
1196 90
266 1029
1212 1279
240 127
730 1519
660 1276
699 521
1164 230
96 696
967 1266
452 1071
1385 833
1266 690
1590 812
504 860
1597 1447
256 204
97 26
483 999
380 1392
1184 63
1663 837
1679 590
713 722
411 481
1522 1502
288 1200
615 649
1302 1001
629 4
1277 289
170 1359
307 492
298 516
665 1240
455 500
987 1277
1558 368
311 65
179 1023
1654 910
1220 1474
586 1230
928 1340
196 17
100 595
101 972
343 293
222 256
909 1504
1109 1478
1042 1214
838 475
102 1301
541 882
173 279
153 644
1115 1510
219 687
103 410
1578 764
416 85
1043 1292
1248 855
558 1209
1381 95
361 118
136 132
1161 229
321 539
325 1609
841 616
568 1342
1337 25
374 1428
1067 1688
282 909
273 249
513 1149
1178 1472
1486 526
1484 1685
527 1291
108 452
1666 1561
593 390
781 262
1540 564
203 213
873 67
423 816
1685 713
635 1068
761 1605
796 1312
322 361
1270 1156
210 743
980 886
1374 1243
495 980
933 1117
1343 1526
824 1139
738 430
1643 879
331 888
1063 853
1531 343
341 1655
611 1579
1194 540
709 1453
840 1238
1571 167
148 832
487 1616
111 878
797 915
442 530
802 50
191 775
187 1115
1599 1004
367 1697
444 1364
115 352
986 1668
1341 342
1503 1617
281 1127
244 1641
835 1674
1588 97
1516 558
530 549
116 233
537 1538
131 944
1426 282
1627 64
806 703
117 166
539 632
1446 1043
1097 1602
794 70
1029 110
543 466
855 901
1440 1604
751 1140
555 179
477 866
1073 1263
1112 941
1464 1505
1020 411
125 781
1170 652
1068 761
1475 1247
1237 906
921 664
154 6
1684 404
120 273
123 597
753 1099
377 904
777 1553
1546 1133
1460 1434
174 1691
126 1383
359 476
1092 31
552 1452
217 1108
884 659
330 1126
1620 212
1638 380
140 1329
968 432
1004 1378
862 1218
128 1048
598 169
1400 393
1349 1404
816 1349
129 636
526 851
469 392
1445 830
964 275
1403 488
1472 339
649 1052
525 1101
1523 1575
1439 1012
456 333
1139 547
1218 1069
770 1401
132 997
1024 542
701 468
133 0
1487 1285
1032 983
1259 580
215 1653
772 19
134 1638
1405 1678
746 1173
1517 218
228 1100
674 41
262 1350
1046 364
1039 379
1553 697
1619 984
137 1315
842 1675
1621 1185
769 1419
383 37
1488 322
1311 678
985 581
1467 1635
1114 270
1648 647
138 841
564 1399
1395 1343
883 10
479 1106
763 1473
1192 147
141 1272
403 840
719 769
956 585
891 1060
1470 662
1441 1416
139 729
1596 263
1203 389
1582 819
263 807
754 674
1217 1514
1243 1032
1644 992
1031 839
1529 1348
718 272
151 470
145 1524
549 269
394 1227
1485 1690
561 43
1682 1469
599 1050
146 1021
1432 1623
601 881
1328 578
1489 1035
836 1529
741 1571
144 308
1135 225
548 715
1579 1191
1298 828
1229 576
149 1000
1676 854
828 1345
1091 72
1106 360
1493 803
163 922
1598 767
1242 973
1344 955
489 244
150 311
974 142
1055 584
1463 1222
484 933
1006 478
1533 1387
532 719
953 1518
152 1618
1604 1107
277 1476
1147 770
583 1367
708 1683
218 1061
1236 451
1149 611
789 821
1261 1645
1512 1537
1287 494
1168 948
1444 38
356 288
1041 1228
158 469
1177 1164
938 1166
1077 779
1096 81
764 184
159 1406
869 1097
749 733
161 277
1026 1332
581 1206
1511 1077
162 911
679 83
817 913
431 238
1669 280
687 1070
164 1289
776 491
1052 660
185 707
165 1557
785 1463
1267 742
962 1413
1491 960
1329 1282
167 1464
1577 668
1241 902
712 889
969 125
658 180
166 1210
347 1368
1492 53
1111 721
229 621
861 1088
1132 121
1345 420
957 418
757 219
1105 1320
1602 943
251 589
1355 221
340 1019
309 1551
620 1188
172 623
255 1022
1167 458
214 1695
575 217
1356 1466
952 164
1183 806
983 790
1239 994
1567 1327
979 1681
1671 28
1274 1454
1075 61
1283 524
1269 799
716 1239
1002 1037
429 73
176 897
1543 691
1610 341
437 903
1347 296
723 1385
1476 1254
224 1375
177 350
1014 435
1207 30
622 1522
407 771
1639 969
765 820
852 1273
902 1484
1053 365
1128 477
471 1014
1647 1325
870 300
1134 1220
303 1523
1013 1613
181 1152
358 461
908 588
1182 174
1506 946
492 1606
932 1194
1204 57
752 938
183 1212
184 1119
1545 1297
1166 348
1626 1552
1547 1465
605 1559
879 89
805 1562
186 1142
371 951
1198 106
1280 199
332 1192
942 1293
1423 1456
189 988
878 1093
1186 214
1258 1020
1193 502
1078 970
1080 1155
1611 1041
1436 1657
1008 1229
795 163
1442 939
929 1031
190 1143
857 1084
1587 1089
192 94
1334 831
395 1167
748 276
790 354
826 1507
1362 1171
193 5
194 397
1324 515
1222 253
264 1362
937 321
1519 1336
618 1481
1295 27
1508 1578
449 717
871 36
847 783
1457 798
1414 335
798 950
1244 170
1360 242
875 79
318 672
1651 1659
199 1026
814 1047
1289 508
1238 1170
270 725
1246 876
501 898
1297 708
1589 1496
1336 1280
877 395
914 1612
1550 555
1505 642
201 1056
1325 857
742 602
1520 331
1131 1215
1033 1232
313 1397
535 1425
202 1264
204 498
346 1059
803 648
205 68
722 399
750 74
1095 1300
989 548
1037 100
206 561
1140 1326
1276 1137
784 298
1079 1576
854 1095
1673 936
623 1322
1428 1376
212 937
1576 1351
363 444
402 1296
1126 1090
1332 538
1435 1339
1160 1516
1350 864
886 1091
1425 1360
1188 449
951 1584
216 1080
1660 773
1227 1652
1434 987
1668 873
223 506
1415 587
900 1124
670 1105
1090 111
1420 313
220 1457
518 501
1481 96
1155 900
1117 48
1143 598
1593 381
1279 914
221 961
562 1046
1353 1270
1528 283
505 226
1366 203
478 641
1257 1633
632 1145
339 880
1072 957
1665 1283
227 640
705 663
226 875
1190 33
516 527
458 394
664 1234
954 232
520 1536
426 1011
550 1656
1378 1503
252 158
1387 778
1495 1607
924 1177
844 330
1191 1055
233 656
1379 77
973 1390
234 12
1158 823
306 1159
1240 740
1040 1432
531 181
546 919
694 55
474 223
652 622
296 666
1017 71
1234 522
481 1049
237 529
1504 843
1316 441
1346 756
773 320
1011 776
1656 46
314 23
544 1699
538 434
243 1135
735 1493
641 1158
245 1599
728 484
1562 182
1591 1151
295 185
899 797
832 1588
672 235
1171 480
1281 378
1496 615
392 605
329 1440
945 1172
1133 699
503 1554
1391 509
1497 993
401 804
591 1181
1074 187
988 847
1438 1418
257 763
485 310
258 76
919 1594
1393 1175
880 1274
1507 471
707 1148
965 1027
1359 553
1480 1082
1544 1475
1501 136
1199 400
510 625
971 1470
265 905
1549 251
1386 511
915 1114
389 1642
1010 1458
396 467
446 152
1228 173
312 1076
1307 396
285 92
920 1361
1615 252
393 315
800 1509
711 131
631 1083
1683 1162
1450 772
947 318
1049 1044
833 62
834 426
695 872
1524 216
978 1621
1273 1570
1176 437
1448 1103
714 428
388 29
580 1471
284 391
1402 1388
422 1672
1603 768
1232 518
366 1354
390 323
788 1302
287 599
1018 874
524 346
490 194
843 1480
289 574
290 749
1556 528
1412 985
1118 1442
292 1098
1629 93
918 637
1482 620
1226 1525
972 537
565 1389
1672 635
1319 228
1235 227
948 675
300 129
759 474
1265 1483
304 1670
1195 634
1069 457
570 307
648 1189
729 737
1430 1193
522 448
1530 171
1613 818
930 116
1527 1521
740 419
1662 285
316 710
849 215
317 1125
1429 1007
1551 84
1449 59
1104 753
818 1278
1223 197
1180 716
1479 1187
1600 1572
653 460
1009 927
1630 1508
867 1045
326 1491
360 14
1054 657
328 1256
715 1321
351 122
1103 287
793 934
1224 989
324 1196
1211 1448
1500 483
619 1490
596 328
502 1513
441 653
600 58
1215 817
595 247
1216 865
414 1116
337 1096
338 1371
934 193
365 8
454 299
1314 867
572 78
636 964
721 1586
398 191
1455 1530
345 52
1397 1497
656 1262
1367 114
348 1179
896 954
646 295
1667 917
747 177
353 885
703 1467
551 153
1469 592
1363 240
582 1150
435 327
362 1223
644 921
1094 1337
1640 134
825 258
1592 947
994 1402
428 562
464 1251
1624 676
829 1190
926 856
667 109
984 1267
846 1355
379 376
864 1687
1120 858
610 838
1308 175
1214 1394
387 738
1352 1386
1664 928
821 130
1300 54
517 1357
981 1587
771 115
1674 1382
400 1328
913 962
409 1622
706 1461
1116 1244
613 1596
1537 1398
640 206
1035 1698
999 314
1086 1600
412 1275
1342 80
647 1213
792 159
657 630
1156 254
1001 1287
1384 505
1650 552
724 736
1130 1216
1070 1195
700 1169
768 1366
831 462
465 780
432 447
1187 243
1471 1258
1255 209
569 1269
668 128
1554 907
451 1520
1568 949
1371 49
717 1253
1330 870
466 1477
1542 1541
977 1086
594 1532
587 105
534 274
1065 1395
1559 402
686 1015
547 791
588 1544
1661 1248
1028 1450
1110 1486
935 198
1376 374
509 1369
1154 424
1354 811
573 920
1282 1374
1064 573
960 1333
567 735
1532 332
523 415
1394 1157
1339 1610
863 186
1122 250
533 1120
903 1062
1268 895
1675 1694
1179 995
822 2
560 405
1025 869
1431 1324
808 655
860 1581
584 205
998 108
1365 546
1251 1307
1124 20
859 810
1518 884
621 1094
1125 355
1595 1338
698 1260
1322 305
782 47
1152 1295
865 981
744 1567
1369 894
1657 700
1373 741
882 1492
895 550
1538 1438
1541 899
1312 600
