0 438
2 1377
1798 691
3 945
1797 477
5 207
1795 319
1794 1642
7 202
1792 1082
1791 1284
10 936
1790 1169
12 970
1788 1163
178 1406
672 1532
87 523
1578 1059
731 18
1208 1314
115 962
121 382
118 1155
853 1721
352 1231
1246 1649
1 264
1799 1696
6 1580
8 364
1587 1067
963 393
267 547
631 1112
1249 1012
568 265
47 1374
1710 481
1511 615
4 1074
1796 230
11 1115
1793 998
14 1790
253 114
1247 1200
1135 1102
900 1425
1574 1675
238 1037
1356 520
9 1705
608 472
1007 885
1627 1266
982 518
1590 99
1629 1368
1652 912
1191 37
1564 586
13 1467
15 1278
16 449
1098 1315
1195 1716
1608 941
326 334
146 926
1131 385
240 1186
17 958
699 1498
1613 1258
1157 923
1401 1382
1527 425
1659 15
266 709
763 1194
1408 640
106 346
1741 452
619 961
1164 1243
1402 938
19 1017
690 605
1269 1485
234 1514
114 1343
455 445
20 181
372 1099
1756 251
1296 1338
1119 209
128 1311
742 714
864 258
1306 1355
625 634
297 90
18 1799
21 1427
1711 569
46 151
1036 220
1571 333
22 693
893 159
1732 1038
1122 1693
496 653
23 1026
831 1655
1622 838
414 1130
655 458
524 976
145 1286
1288 1181
137 1109
1493 379
1321 698
794 1091
1331 1715
1345 298
789 1319
222 184
926 292
24 238
25 436
1177 1063
1471 1050
138 198
1106 635
1499 1475
1094 1689
1075 1221
1603 727
184 1443
281 1535
1095 1520
1672 297
969 392
538 1552
26 1229
27 1515
559 757
773 538
153 1104
708 1125
1729 1375
640 23
28 426
1071 1563
1110 1325
1664 1632
644 1232
1505 476
29 348
76 1600
1547 1551
57 11
156 930
335 524
1170 1587
387 328
741 1045
241 1432
43 216
702 1722
780 935
175 454
1438 1390
30 874
285 1424
1698 1249
88 1216
306 1353
962 795
31 391
32 1564
437 681
531 960
729 1451
33 1542
1715 1014
1750 1450
1554 522
1486 165
34 1276
624 32
155 760
260 818
1307 475
1500 548
136 1391
1534 789
660 713
1357 223
1641 259
1310 1341
1643 759
709 525
857 1007
563 1369
936 232
1366 203
1426 1737
1776 41
384 1765
1302 654
1352 937
35 226
442 1225
364 722
509 1586
894 212
1147 1058
244 670
873 1490
1671 498
751 1620
37 1758
974 504
841 588
259 1578
461 1176
674 1474
1376 1188
38 381
210 823
1722 335
747 536
370 1703
1453 561
906 574
712 1540
1378 65
1290 761
918 1679
1466 995
1556 951
192 560
803 448
1593 1631
398 1206
36 1049
40 1195
1137 444
1403 317
629 28
1061 54
1424 1277
1785 641
204 1114
1575 394
1012 1340
381 109
1205 854
1224 1392
1279 1366
1583 1137
41 150
288 1623
1581 1785
1226 942
691 1779
583 1647
1611 543
1034 809
1048 997
1789 479
1406 899
481 1516
1111 1097
1436 897
383 754
530 1001
1129 293
39 108
44 1123
916 12
804 967
1167 160
911 1190
45 1533
345 859
1517 611
602 1177
116 1454
848 752
824 161
1416 1651
1082 178
1506 1783
1213 139
915 1358
148 433
42 222
526 1111
264 1430
905 163
1369 398
1754 1198
522 869
1102 260
1443 363
122 872
482 1572
48 224
859 1263
1072 138
1489 38
299 807
1375 880
727 557
1540 1081
1283 1641
576 1199
685 724
562 1214
406 397
1011 901
1151 946
363 1772
1681 1394
154 147
439 1489
1230 231
49 568
50 700
92 790
445 1113
550 1084
1778 845
1313 1697
1146 388
355 0
1260 103
1475 215
1459 309
1764 1185
1409 1727
1395 1360
206 372
201 287
53 303
657 410
988 1729
1463 1708
1275 489
52 1505
54 882
997 1151
837 1117
555 1380
987 1656
51 1773
55 286
1032 493
1457 798
324 146
529 1224
456 1310
382 1645
1297 313
1156 1230
484 866
826 943
143 1396
56 26
968 361
542 250
686 559
1273 914
1150 1401
738 643
1104 1264
441 387
1760 1140
388 1079
732 1255
464 437
903 595
700 1098
63 1539
274 1420
59 1402
867 1164
1660 1093
1198 1124
923 239
924 156
316 279
1709 1147
1666 241
1299 144
1470 900
58 111
202 1316
1334 1119
68 229
813 510
1720 1133
1682 702
1694 1768
279 552
623 180
1197 1502
60 50
61 1175
858 1601
179 354
430 906
829 302
486 679
1753 22
1200 227
1235 541
311 506
272 890
855 1777
62 413
1286 218
304 5
795 1519
1021 1347
1084 1152
64 427
239 173
217 655
814 999
339 1066
65 678
940 423
1775 96
807 1621
676 1793
133 1009
337 577
1132 1638
705 1092
66 485
336 142
1078 1035
1152 347
479 600
770 1388
160 1165
195 1417
1105 599
1644 590
67 1157
899 843
1693 1559
1293 24
69 1201
127 17
196 1305
901 478
675 836
1742 849
976 919
323 402
328 749
246 1442
70 549
589 831
654 661
1704 986
1054 1536
262 718
71 684
1579 1745
1781 1518
308 1628
375 1415
284 56
521 237
1382 1295
704 43
711 301
72 1789
949 1686
168 242
1779 646
1118 1000
668 343
695 1174
73 1126
1472 33
1669 813
261 416
955 719
103 1129
111 1054
74 546
990 591
1389 860
132 657
1022 1754
1615 247
533 1234
1089 732
1483 457
75 619
1239 206
1073 1335
998 167
199 638
802 470
1203 1603
404 1682
1006 1073
996 192
77 883
1236 692
1256 968
1519 1172
565 1619
880 1291
1079 104
305 1409
271 1550
78 1161
79 42
275 1537
269 492
821 1204
1038 128
596 1748
838 1633
211 707
81 846
1636 507
1168 36
268 1160
584 1013
1015 29
1498 725
1752 158
950 412
823 804
843 966
80 330
817 164
452 932
981 1317
1162 1499
1133 195
1656 570
811 253
1415 696
1413 952
1474 1479
82 204
889 815
310 1217
1449 1770
243 851
1642 153
412 775
1520 835
483 612
532 1265
815 1071
249 1256
83 728
84 1365
85 621
440 76
730 867
129 1143
86 1538
544 1389
714 1404
913 1370
1458 1434
1163 267
1607 1333
419 776
165 1512
1766 1215
681 370
277 1577
1270 877
163 1756
1400 1560
1670 553
124 873
139 1659
1252 989
189 1480
1763 1006
547 1566
354 1733
379 120
513 35
223 1660
327 446
861 1763
1258 374
953 542
1496 743
468 97
806 706
89 668
90 1612
290 988
759 865
984 755
611 1312
91 1568
980 1223
257 1462
1324 1706
1241 1440
1543 356
1724 1407
191 731
590 419
1138 338
93 1606
457 526
1491 592
1245 1331
1315 1694
94 102
488 1078
549 126
601 1456
512 1546
1431 825
541 1672
315 276
934 285
341 1494
1225 1132
1523 66
95 535
96 1478
713 1726
485 1254
661 1481
1630 1262
983 1640
97 712
943 1308
130 1408
1223 488
1097 254
1216 1048
1610 369
749 558
400 1627
1455 1469
221 263
98 1120
408 531
1736 585
972 430
680 1608
1559 1766
1748 545
941 295
193 800
883 828
405 1342
100 1359
125 715
1014 514
1739 377
1026 30
1468 464
1231 1503
1277 311
99 327
101 913
1407 210
313 322
1448 1282
706 89
1614 792
515 556
1452 565
102 405
1076 1545
1063 351
1155 456
772 858
1298 1738
1261 304
295 1741
1713 781
612 710
788 1787
276 808
1478 1635
104 1495
1594 1448
208 1573
282 269
785 1534
927 1016
438 622
753 59
1691 326
552 465
1209 944
495 1208
1397 785
1773 72
609 1436
1234 1493
105 79
256 191
491 1060
1295 841
212 4
1154 499
107 1569
108 8
872 1222
758 575
1548 928
421 764
1509 299
1233 980
109 71
1343 1678
775 736
1586 891
662 1794
792 729
1394 1646
110 1410
1700 1297
265 1400
1320 1166
632 924
1717 383
188 1083
942 1461
1522 1556
215 1654
1160 1077
863 248
112 1507
921 779
1183 594
270 208
1364 573
945 1397
1584 990
390 844
638 185
606 1292
226 652
1202 769
113 74
1185 40
501 1298
228 93
1359 1004
1625 67
435 280
1521 1500
1351 1414
560 625
847 644
1373 1044
159 1237
1074 45
546 1624
1737 14
278 461
152 1776
422 1622
117 490
119 1345
449 1639
653 497
688 1691
1427 1047
748 1142
571 848
689 1043
1025 368
1516 183
1730 687
1062 1386
1387 1121
451 1543
227 1604
1243 1565
466 48
1093 119
994 1513
359 791
1442 1588
1464 1562
1392 1209
1634 162
120 957
123 61
877 1668
1057 955
1341 1465
1144 915
1194 1491
1620 703
617 1029
126 1211
1204 922
1187 143
627 1213
1024 1250
665 1158
1485 985
403 308
1606 578
1381 1438
933 1036
1719 1786
600 1769
783 91
1196 1617
1772 428
1487 833
1140 1746
1454 155
1450 521
149 978
723 532
850 735
131 1610
605 1657
490 55
1726 1466
1771 829
502 288
580 1571
527 1666
1188 19
1696 782
134 763
556 784
777 1792
505 1548
1044 172
1004 1582
135 1455
885 1193
1624 1597
659 1750
1731 826
1305 850
471 918
812 650
1181 596
1393 1257
650 1732
573 660
1755 1052
1580 95
1524 1040
884 1100
1114 1547
140 734
597 1239
141 1089
896 270
545 632
1173 1259
142 1762
322 905
618 1236
1287 898
1266 816
1358 1379
1363 47
973 1300
367 378
1391 888
1068 360
1497 1555
144 1452
302 1730
746 339
844 340
1653 78
649 1459
1003 234
666 1781
1199 1011
331 13
1031 1590
424 613
1577 1179
1222 602
762 278
952 610
167 1320
939 534
830 196
147 903
1601 1090
220 115
1229 805
236 407
247 1523
1605 649
1145 1488
1535 16
1628 637
429 282
1046 39
1008 174
768 563
1276 233
1484 496
1056 1288
469 1328
465 1419
1000 1141
150 1371
151 107
720 9
569 1087
1141 773
693 750
1368 1796
389 1144
1430 1150
1414 1599
1705 235
683 401
1663 878
1558 1072
648 847
687 927
960 1384
1688 870
1165 884
701 101
1340 310
503 1015
603 920
878 688
1678 157
157 509
459 1441
1631 1423
663 783
158 1218
1039 441
1600 925
1462 1692
1265 896
368 471
1242 630
978 1517
377 939
634 959
433 1183
1309 1667
161 889
162 249
242 1057
1469 1643
312 318
164 1463
1502 1764
1439 176
1227 1030
1327 587
1060 390
1058 1348
1515 1701
1749 1027
1774 316
1783 984
1684 1332
519 1024
958 778
166 1056
1668 1797
338 519
169 118
258 148
1552 462
1649 662
778 1506
1530 1561
1725 1574
170 1688
970 1034
1158 620
587 152
1421 1719
1027 417
231 1618
1662 1330
879 1241
1045 131
1254 1
443 1033
919 1086
1371 1747
1446 1381
183 1344
1479 1553
171 544
172 175
173 701
1553 819
1539 1702
1697 166
174 483
938 1743
1723 1616
910 359
989 1268
1638 134
176 353
1738 916
1207 325
254 137
979 1267
1451 1791
1219 421
1623 584
362 80
1770 1362
887 117
986 1069
177 1182
694 1301
1551 1445
194 864
766 1736
401 1713
180 1184
358 312
684 1154
1284 1252
232 1778
200 1271
207 62
432 1095
182 321
615 606
1780 1780
181 266
543 246
1066 1118
1640 439
1567 177
1501 1683
516 1699
1175 669
343 741
185 1611
1461 659
745 1251
1033 562
186 716
991 982
703 197
628 46
779 211
1214 747
458 225
1562 1322
225 1226
558 1774
187 127
448 1613
874 1652
1237 1334
636 695
1240 83
1189 726
1609 110
1422 626
190 10
1166 645
664 974
567 1244
964 1661
1388 1246
332 1664
1507 271
1647 1290
967 758
1201 1658
294 910
233 1173
1787 70
860 240
296 460
1707 349
912 647
1210 1615
1651 1426
1758 740
1149 991
487 463
667 1324
1328 1096
197 1107
1546 1433
198 199
314 1275
540 1318
586 949
1550 1653
995 994
1508 1032
349 1383
497 1549
1161 1393
715 373
280 1412
399 443
360 1602
1280 868
1099 44
771 1595
434 324
203 886
301 1309
205 907
1109 929
1355 753
1782 767
954 597
1617 1544
1514 1076
594 581
1379 92
209 1576
1349 1357
1637 571
472 931
1333 663
450 1521
1504 1010
793 1376
1148 408
320 840
935 355
1784 830
214 1784
1001 629
1435 186
213 1354
971 106
216 1422
1494 1468
525 1739
566 852
616 94
643 314
1002 1019
1566 214
1513 972
1488 1070
218 774
518 1273
898 1625
426 796
799 145
652 1501
219 832
852 1742
1769 1690
1716 508
1028 1759
820 429
409 737
1126 1761
845 772
1206 1008
1308 533
1086 442
287 63
1090 855
224 1557
1049 1372
394 1681
1768 201
463 121
909 631
347 665
397 1156
765 820
1344 1167
425 31
447 1528
1437 821
229 1285
230 1529
1251 971
1689 1757
819 409
1153 1700
1080 947
1013 1504
1101 1795
966 1663
444 1458
1765 296
1733 762
1510 895
1692 1064
1635 396
1687 1457
871 1486
514 306
235 1302
1367 711
707 1304
553 1630
427 1349
1718 787
658 837
671 82
744 179
237 140
1353 1541
539 329
1560 1373
886 1021
1108 336
965 1306
1665 1253
946 857
350 748
881 551
868 540
1338 911
633 1650
386 502
245 1274
1180 1145
1174 616
1035 1212
1267 418
1679 1464
1291 1242
1009 1482
470 1428
1088 1403
1116 366
1423 389
1639 1644
888 1636
1767 141
752 1581
1595 1609
248 501
840 950
251 283
1055 875
1360 414
250 1648
252 60
1184 453
1667 780
1278 1346
1674 1299
504 1677
255 20
1232 1192
1467 879
977 122
1139 996
380 1695
1735 708
578 954
1419 1046
1370 554
548 337
726 1023
1263 636
809 902
1599 358
937 182
588 751
321 1723
1589 1020
1212 495
621 814
1050 1698
1130 593
1019 1782
365 1483
1064 963
263 797
835 1326
717 1710
1686 853
1533 6
1549 136
736 1718
1398 1487
1091 642
639 517
1428 88
805 403
476 380
1529 1336
273 1279
1695 794
506 1525
309 256
1728 824
1077 1062
1377 130
828 221
1585 801
1492 21
1192 332
395 1116
614 1395
774 188
743 768
716 486
561 58
436 75
283 628
528 1492
1410 420
642 447
1339 1367
1582 193
369 1605
1030 674
656 1509
510 1687
1041 1594
376 1524
791 604
1053 842
1525 1728
385 1596
1761 1447
286 609
1100 1321
1304 515
1433 908
1383 981
1259 1522
289 1496
740 1272
897 766
787 123
1217 979
1323 268
348 365
291 86
735 451
292 1399
293 977
1142 1709
1757 992
750 1103
932 539
1362 467
1399 1269
1325 1068
453 1554
298 1005
1591 342
1701 1418
754 666
473 822
1751 956
728 200
1447 386
1221 1665
1677 1593
1746 1101
300 537
1626 1131
816 466
462 505
784 788
303 917
1023 904
1633 1280
1005 618
1619 252
1037 881
842 1088
517 1351
307 639
630 686
1020 603
1440 100
1211 1767
1680 529
957 1684
520 1731
673 802
1706 1159
1316 777
373 651
1721 953
1747 49
508 357
1268 399
511 793
756 1127
1255 243
1159 245
1317 1378
317 580
947 1207
1673 1085
1238 244
1117 817
318 739
319 948
827 746
1059 1240
1412 305
1621 705
1329 1189
975 648
677 1567
1618 1444
1531 341
1318 1138
1490 1788
651 57
413 257
862 1361
344 431
325 1673
1081 362
1069 1028
1248 1712
1186 1775
467 1398
1386 1002
329 68
1744 124
882 1531
1085 1526
1762 1714
330 1579
1405 1042
333 1018
334 352
1473 1270
739 1707
948 51
734 25
1476 2
342 116
920 194
1096 432
499 289
340 367
669 516
1346 1607
760 53
781 1210
1612 1287
928 1003
801 1669
1326 154
635 608
420 689
392 909
346 236
537 1473
1282 168
592 435
1555 1134
351 607
1365 697
725 1734
1592 1248
1596 1752
724 27
1786 404
1777 973
353 350
1330 112
1171 1662
428 1472
356 934
1712 675
1113 281
357 450
797 799
796 1453
361 921
378 1670
1042 1245
366 1484
1646 1196
1661 564
876 803
782 1446
866 85
721 771
1385 1760
769 170
1322 550
371 1313
1481 861
374 745
931 1187
474 513
1182 827
1512 1717
849 1352
951 1053
1220 1570
1301 1170
692 1106
599 424
851 1235
1337 894
1655 1227
818 1180
1460 1105
1257 77
956 1041
993 52
1190 717
798 169
1650 1584
1193 213
575 500
391 579
393 624
557 1303
1047 1470
396 680
1121 415
1417 856
446 273
1434 733
1384 1233
1311 1025
572 1219
1675 576
1480 1674
402 671
1632 511
1300 1431
645 964
1120 125
696 1530
407 1510
1503 983
944 84
477 482
410 205
411 406
800 1031
764 290
415 135
1645 1749
416 528
1576 64
417 1220
418 459
1597 291
489 105
679 1575
929 1337
1070 1724
1271 676
810 1387
908 530
423 1720
895 1080
1526 133
1703 601
1482 1281
755 331
507 1293
431 455
494 975
698 440
622 1439
1115 1128
1456 132
1285 1614
722 262
500 572
1215 720
1281 1413
833 400
637 320
870 598
1429 1449
1018 806
454 1307
1654 965
1545 863
925 667
1107 87
999 582
1404 284
460 730
535 589
1572 1476
1396 480
1136 1139
985 113
757 1744
1380 422
1568 1471
710 474
554 512
475 1385
1441 69
604 294
613 1162
1532 1294
1016 1051
478 190
790 1065
480 658
1274 7
574 1527
1043 371
1495 1629
1676 1039
1557 1202
492 1363
1179 1171
1143 272
493 307
1444 375
907 261
875 786
1017 656
1708 300
1092 1197
1727 566
1598 690
1312 1725
682 627
1244 685
498 228
1335 1283
1253 1191
961 876
890 469
1372 149
1561 1327
1734 673
1134 344
610 1405
579 1585
1745 1477
1565 1416
1350 1339
523 583
670 1247
719 1149
1743 434
1683 987
1172 1350
822 672
1657 73
846 617
1264 34
534 1178
865 1598
1292 1755
536 1238
1040 1634
1544 1168
1272 940
570 1075
1294 871
551 1497
620 323
564 887
647 487
761 1583
930 1205
1051 633
1262 171
581 1364
1127 1735
1658 3
1361 1591
1570 721
1445 1676
577 1704
1289 98
1029 1094
1573 664
582 1203
1218 1260
585 187
1648 395
1125 683
1083 1356
591 993
1420 1592
902 275
856 614
593 217
595 81
1588 1261
598 473
1303 1153
1319 811
1176 1148
737 503
607 555
1010 1055
1067 1061
1065 274
1336 491
1699 219
1702 484
626 1685
1465 1429
776 834
917 1110
1250 623
641 1421
646 1589
922 704
959 969
1228 1228
1348 756
678 933
1354 862
869 1771
1432 129
1103 723
697 1411
1087 1289
718 277
733 345
1538 677
1759 812
1604 682
1690 384
832 1751
834 1437
836 738
1178 742
1418 1435
892 765
891 1022
1537 810
1541 189
767 1740
839 1511
786 1146
808 1798
1390 770
914 567
1536 744
825 468
1052 1753
1563 255
854 527
1616 1323
1477 1329
904 893
1169 1671
1602 1558
1342 411
1128 699
1374 1135
1542 315
992 1122
1518 1296
1332 892
1347 1108
1569 494
1314 1637
1411 1711
1425 1136
1112 694
1123 839
1124 1508
1740 376
1528 1680
1685 1626
1714 1460
