0 1245
1949 1893
1948 1631
3 609
1947 1094
4 1774
6 561
1944 1046
7 629
8 204
1942 289
9 1072
10 1475
1940 1452
178 1642
374 1018
1358 17
1517 1119
1424 1086
330 1931
1060 1564
935 218
1682 611
1 1524
2 934
1945 1582
1943 857
11 274
1941 410
1599 1220
844 337
375 642
750 15
685 654
5 1237
12 1390
1717 87
123 131
1129 1514
1360 999
587 1872
1946 1731
326 141
1119 979
547 10
836 342
1267 956
545 202
1908 1688
1098 653
1804 1614
835 1581
816 1219
947 699
429 81
1450 1260
950 343
371 1568
1179 1142
995 1552
1491 1604
1005 665
13 713
14 276
15 1759
1902 120
1365 1472
781 259
1115 1569
1911 1408
1761 1619
16 1225
106 1769
1291 500
98 725
463 1139
232 37
161 1721
1308 1862
537 1941
1477 1400
813 77
690 478
76 773
301 1764
643 1180
1921 1239
1665 443
1205 1017
262 48
817 937
17 1043
18 1836
376 1113
1105 1231
492 185
1305 1145
1929 461
102 1084
1451 891
19 1873
1141 1669
785 173
1876 426
1408 1714
1936 707
242 1681
575 1793
20 130
21 162
838 513
683 1436
170 1159
1223 1359
1505 1673
277 348
576 1112
590 482
1671 321
22 493
23 117
929 1904
1689 674
393 245
845 386
1554 957
1077 556
24 1347
1499 146
698 1803
1488 529
1016 1842
1463 952
99 1529
25 377
240 1913
387 517
1653 1082
26 1898
820 838
860 484
390 1271
1157 113
751 1758
27 1155
1746 1917
1767 818
256 272
712 1804
1772 1198
1701 803
939 244
28 1727
1856 1085
709 1786
377 595
1695 336
1639 294
1294 1016
555 427
29 1157
1866 1066
962 1365
313 1735
948 739
1024 570
1246 735
756 869
422 1538
1476 1393
1555 311
442 486
31 1330
532 470
1048 1489
32 1363
779 329
1807 1504
363 1221
1067 1780
1314 607
1722 1921
665 633
1470 854
30 147
624 299
1322 85
1657 213
306 155
570 573
1831 743
1441 1287
350 968
797 1773
33 1583
1641 1136
236 1022
127 792
1285 1370
1171 1003
1627 1598
480 1876
1634 1367
35 1290
1917 100
855 986
482 14
444 411
211 1410
1472 1428
1840 1454
345 1029
536 239
34 980
212 1922
136 65
1680 1336
118 1419
1735 913
1493 700
1420 1268
1642 740
316 1013
1423 1632
1490 1165
569 1505
1193 1561
1512 1543
36 1830
37 1466
38 1332
473 593
965 1553
172 1296
510 1515
311 160
901 463
39 404
761 863
1773 326
1828 1120
1333 935
567 323
1597 170
297 1313
858 1661
909 22
1110 1567
41 1815
1676 1193
1915 105
137 421
1595 1131
1354 516
42 1711
1435 859
609 433
508 632
1020 1284
1114 152
173 1213
44 687
217 12
1402 44
1713 430
1509 1526
1419 448
525 1138
1886 1057
546 1377
254 1312
43 260
1896 1327
386 712
705 694
734 541
1752 738
218 310
94 1696
45 451
133 256
40 1340
46 1004
1381 183
315 277
1345 1923
184 539
689 1665
47 355
866 121
468 1845
757 23
1606 864
782 1089
207 375
621 1797
807 1907
485 169
1297 1864
382 1822
940 562
1774 756
695 1439
149 1273
1139 1586
615 1006
792 1925
57 354
999 1303
100 1533
1155 1005
1576 1388
915 1752
1467 221
152 479
48 660
49 151
50 945
1544 1156
191 30
1853 1890
1140 1099
51 1497
139 942
1351 1182
1269 1463
1872 698
1458 182
1538 107
255 1123
52 429
53 1814
997 729
1341 261
769 439
325 1346
1814 1253
786 399
1668 1770
1888 1519
518 667
54 715
1656 254
295 543
158 721
222 1424
338 1875
696 295
1366 588
55 1525
1725 63
1925 1373
344 879
1353 1101
56 1695
392 752
739 990
1237 454
1697 1623
1073 1289
584 949
1887 634
1813 191
875 1853
1422 250
722 1800
842 109
931 1840
1747 1595
1556 485
744 1729
723 531
1094 1185
889 508
841 1694
72 831
1217 110
1624 1909
650 432
1096 841
1736 4
708 1183
1099 1042
982 972
1327 1548
59 265
302 62
1462 247
500 1343
515 106
1487 1571
646 1227
58 1787
60 597
1029 1891
362 1210
1200 290
1757 1940
1194 833
1486 1550
1280 1747
1734 599
61 1544
62 349
1286 840
534 1670
1841 1549
959 550
953 25
253 662
1159 1149
168 1162
1184 1551
1394 374
491 226
1163 1352
64 1930
1478 445
638 574
777 911
923 1580
574 1488
905 94
1001 1854
1248 177
528 568
1756 1010
63 1676
66 373
151 829
775 236
175 1637
1654 755
65 1276
540 1883
385 1839
1080 884
1284 387
1146 172
1151 409
1347 594
68 1379
1744 154
954 35
960 1837
67 365
69 1187
589 514
1937 414
884 688
1837 347
450 1103
755 1577
1895 1391
1218 1134
70 1081
176 631
1125 49
433 558
1124 1881
1868 1717
1616 209
1521 1484
438 447
1224 1097
862 519
859 1841
1061 292
1696 1802
1272 1444
1690 708
1107 476
676 1432
613 1633
1299 362
563 0
71 533
73 1316
990 672
341 1730
963 1256
1827 1901
74 1573
956 1855
1920 768
1608 780
75 1063
332 1329
1507 504
117 1105
1660 1610
1715 1844
649 457
606 970
93 636
1659 709
919 291
520 438
77 625
78 115
275 1053
554 1866
908 270
79 1458
1052 428
691 171
596 1349
647 734
886 378
628 153
1649 284
766 1096
1533 440
1636 1911
1307 1402
1778 997
1557 156
1884 693
788 1701
509 243
177 232
80 175
81 1885
1033 1431
299 918
607 1476
417 763
503 1448
677 624
335 1902
83 1712
1629 676
1607 643
653 1078
249 1254
1185 1304
82 1246
84 334
1264 78
1216 442
116 86
928 1908
487 1710
1759 452
727 1929
1596 1385
85 1047
1134 1877
1880 532
1602 263
183 477
548 641
1320 1049
1017 1265
86 769
1838 1380
519 1045
198 1791
476 852
883 1832
1242 419
1529 888
710 1812
771 1687
1346 157
87 214
1097 1167
92 794
651 1460
1802 663
298 591
129 1092
1709 1175
1938 1125
1247 1768
88 1168
89 1301
608 304
1816 31
1645 966
333 1325
122 1494
1712 1666
1188 1152
993 1523
1854 59
90 1823
996 576
369 189
1801 1675
1770 1065
179 1007
1121 1230
91 1259
660 1056
666 697
159 1000
1763 1132
967 1749
389 939
1330 1437
1122 1090
595 525
101 306
1150 415
533 46
228 1299
273 1306
1776 978
220 1740
95 57
713 1401
1412 1874
427 238
687 301
942 1366
601 961
96 233
1302 732
353 1905
97 390
293 953
1050 766
1243 909
1065 135
1882 1357
455 72
1132 1782
874 327
1317 1674
514 627
397 677
227 1733
354 1208
285 338
403 187
1189 560
187 1819
1083 695
142 1002
434 123
1092 819
180 1562
1465 102
261 1070
1691 1590
1745 967
1296 1589
991 331
1116 1311
688 1062
1391 1915
425 190
1553 1658
1580 1655
160 962
1706 1068
162 1361
1809 1849
892 143
267 184
787 711
664 407
1900 1353
234 800
241 1771
105 1645
214 26
949 1895
1144 1704
1380 706
659 836
103 894
104 748
1388 487
630 1020
1362 200
1594 1857
107 1235
1221 1479
654 28
1646 996
1849 199
110 912
108 322
1871 828
1587 150
941 1796
809 1639
190 80
1274 1492
109 1662
802 1030
592 313
314 58
197 582
111 1834
112 908
1082 1593
1625 1570
113 1350
1180 685
633 565
1506 522
1397 1158
878 1364
1135 436
1069 389
966 1748
702 39
114 469
115 1471
566 1691
1009 492
462 1692
290 128
446 1652
1730 498
395 1423
1088 1308
320 1500
339 1164
157 1884
1789 1521
1791 619
163 384
517 1648
1810 881
839 1680
1396 60
278 1293
1371 1763
1489 437
1022 1217
1007 211
1045 1027
1760 765
119 1715
952 167
811 344
1111 1738
876 1383
1930 318
1275 119
921 1630
237 626
486 535
1292 1106
1812 269
121 1241
1495 975
1389 1817
1278 1745
120 1236
1805 330
830 985
740 993
1443 1362
124 111
1590 988
193 188
238 149
1620 501
943 24
169 339
125 253
126 1427
1852 1937
790 1522
418 192
1176 203
1820 1859
1570 544
1932 1643
1707 1746
130 361
479 1910
1817 363
128 180
1769 1019
714 396
656 196
1399 960
1186 69
1436 1059
1390 827
1833 163
131 297
132 366
1829 458
1869 1914
134 1816
556 1137
368 1828
603 1228
736 124
1618 813
1633 227
247 579
1426 705
1815 158
741 1757
933 1852
1235 1450
1546 855
135 620
815 140
1875 1322
467 1321
803 1478
138 802
1025 781
847 90
1070 922
891 148
1262 371
1534 1539
141 1870
798 637
1848 165
140 1678
305 839
1466 754
481 719
1796 876
760 1626
549 1807
196 302
565 1871
1415 506
205 1001
143 101
144 333
1236 510
1379 615
913 767
1277 95
464 1342
1589 1238
145 1033
1253 1283
146 659
1623 174
1337 286
1203 1160
1197 1628
814 931
147 1163
495 246
704 66
148 76
364 586
1008 907
881 1534
1581 460
658 1806
1910 1170
284 1818
1034 678
1677 778
1637 108
150 1939
379 1629
410 1627
1640 834
1855 1739
1271 646
435 1115
477 1381
370 673
1714 1315
1923 1060
850 449
1541 1135
424 75
153 45
1310 845
1416 335
738 1243
154 837
600 1542
1407 36
516 587
155 1843
1705 495
1378 1382
346 616
1270 475
1014 844
946 1606
156 319
541 774
824 926
319 1737
1702 50
869 96
1355 71
692 758
1762 512
360 1638
1783 1944
890 1657
1800 248
292 870
977 789
1256 1556
250 179
233 1023
553 1200
436 133
1687 717
1694 1831
182 742
1461 858
1316 1565
1095 900
1847 288
469 776
321 1011
1591 1076
164 1397
1527 480
1376 462
834 554
885 801
732 679
1799 1446
199 1762
957 1863
975 1897
1406 1392
166 1038
1703 275
1573 137
288 314
1519 455
873 1025
165 998
167 176
474 1433
1178 1285
1502 1518
903 785
1858 1270
475 29
1692 1903
1743 753
1066 866
1363 1279
729 547
799 38
880 536
171 590
1023 1295
1078 1499
1438 1368
443 1318
605 1172
693 114
1323 604
1739 356
294 207
588 186
870 832
1130 1597
1543 281
174 581
1460 1069
900 181
1672 936
1158 293
419 623
831 1510
1891 1467
791 1186
1112 1117
501 474
279 1229
328 1540
1899 1418
1893 871
672 566
181 585
821 887
1044 1154
512 491
577 1031
822 520
426 1603
1667 940
404 874
543 1708
895 1558
192 1196
1562 1028
343 730
1475 889
564 382
1195 1612
808 1468
185 1563
186 224
1586 932
1935 1087
879 341
188 1369
795 779
521 20
1359 1644
725 352
1411 394
189 601
248 317
1335 661
1259 542
1273 899
1334 1641
409 74
1006 1173
1782 651
1318 964
1898 1706
439 1726
1165 1535
1413 1813
1324 638
1156 21
625 1486
1764 760
399 1477
282 1933
452 8
1469 283
936 892
1055 268
337 249
1600 1465
449 793
1621 948
1056 416
194 1649
195 647
1874 1310
1417 1805
865 1275
381 1703
1383 499
1037 1190
1862 984
200 809
1027 368
1075 1080
774 817
472 1064
1257 13
616 1719
1860 1455
355 1462
636 1850
1484 381
1885 1222
1579 701
720 640
201 878
202 1766
204 1406
209 1118
1432 1689
1109 229
1787 1755
772 552
1474 816
203 1501
206 1946
887 847
562 675
752 225
1106 796
208 1932
331 496
1480 1686
323 1646
796 1833
758 1493
1032 1212
1039 1415
1250 955
1811 367
287 483
1795 726
1173 757
1453 1753
1249 1242
210 298
263 138
622 1258
1049 222
1768 489
213 490
1021 1457
618 1498
1215 1947
1803 822
440 1
639 1760
1338 1297
1145 958
252 1098
1830 1743
1563 914
358 714
215 441
216 97
1494 145
366 11
1071 32
619 1879
759 1667
1473 92
1410 938
1229 933
1548 1430
219 704
489 1040
246 1345
987 718
852 208
579 393
1865 1592
221 1942
1093 1396
1731 928
1516 1880
223 324
336 1399
384 1700
235 1079
1312 466
224 1785
657 19
1251 1900
225 112
1673 868
1401 791
226 1789
1303 666
405 1668
1421 523
1138 1756
229 27
1148 669
1266 193
465 1860
511 537
851 1272
1268 1660
231 53
917 194
1392 1635
1442 1012
494 1560
1244 1071
1437 1555
906 1896
1567 1034
230 1021
1319 784
1500 1351
716 1445
679 906
415 950
1708 251
1531 1790
1514 575
1011 82
414 901
1234 1605
1418 456
1781 546
1168 1044
1321 1616
239 98
502 995
731 1286
551 649
1658 129
1230 1483
1220 811
1822 1429
347 9
1289 1372
1939 1512
243 1414
1372 1720
244 1943
245 555
776 503
872 567
1797 1810
1325 1684
645 1324
1031 1215
1118 1416
524 1690
1051 16
1931 1395
1258 406
818 1617
907 691
1551 345
981 1742
459 1474
1617 351
1181 353
1727 1779
251 1199
544 989
329 1636
488 56
1089 1531
461 1536
745 332
1074 1702
1928 741
1254 875
1750 987
406 1104
1172 1794
1301 1640
257 1528
557 391
1919 1411
258 1035
1766 296
259 315
380 668
707 722
260 303
578 1672
1912 1166
1777 1927
1582 702
1572 1547
1622 1541
317 944
498 1274
1191 1530
1926 325
264 1808
684 1634
586 1829
1427 1679
1688 605
265 1176
1655 764
411 965
470 664
307 1128
749 54
922 553
1137 231
1227 42
266 772
268 1339
784 690
269 287
531 1594
1167 630
805 1601
270 397
1515 759
271 1226
1369 917
1117 234
701 916
1584 635
272 650
896 790
735 812
620 929
1934 720
686 1894
505 862
423 856
1295 431
1700 1211
1498 1591
1879 1214
274 680
276 592
1076 1527
1228 596
1152 118
700 1928
1836 515
1693 528
1542 580
1454 1574
1352 255
1287 55
1384 1403
1108 1682
694 5
373 1384
828 305
280 744
753 731
281 689
1015 1470
1711 644
1282 1607
986 1503
1588 610
283 1244
583 357
1564 551
1914 1111
1041 1425
1522 1266
992 6
1142 1502
1792 122
1497 639
286 977
1748 526
1728 1404
1177 1331
1569 1422
1532 350
1202 1722
675 212
327 1608
289 974
361 991
833 405
291 1174
1405 1697
484 883
1675 64
681 850
1084 1015
1245 1127
800 1375
1615 1707
303 775
1545 589
538 1141
1552 1924
372 444
1040 132
1276 1263
296 1473
937 47
1162 867
680 1203
1241 671
352 1847
437 1319
300 1344
1592 1153
1002 1546
310 1130
1710 1892
1520 400
493 1374
408 1354
837 648
827 873
1368 70
304 1264
1120 424
1149 1886
668 1811
448 583
1136 125
1128 1596
342 1100
764 1201
1161 925
504 1671
1374 652
308 1394
309 401
1753 1048
1085 747
1164 1280
1370 383
539 376
1143 1611
312 521
1604 1576
763 788
1260 1918
1457 1856
428 1251
1755 164
1786 1440
970 954
1483 471
1857 1032
631 724
1826 1037
318 1257
721 569
669 1413
894 559
1036 1009
1030 385
674 1067
1788 1054
1889 657
1340 886
1404 750
863 703
322 1732
1559 1129
1000 2
1447 1599
861 1171
1678 257
324 144
1806 930
899 992
1231 670
973 1314
1169 481
1601 505
1651 1751
853 1713
1724 1077
888 1409
673 1088
1409 621
983 603
783 425
1348 267
599 1147
340 1936
1387 622
652 749
1877 696
635 237
1328 1376
602 777
365 61
334 628
801 1126
1698 206
1226 1889
1818 1177
1843 971
930 524
897 1750
998 1144
573 1095
1123 904
490 473
1741 278
1823 745
1894 1506
1456 370
911 994
640 1192
780 1792
1481 1026
1367 1482
348 446
349 1554
974 941
989 1508
1104 548
678 1292
1382 273
1742 655
765 865
1174 467
1903 1469
938 116
351 1108
1279 608
964 1618
1213 924
1681 1934
356 1194
357 1754
1047 1496
857 380
1364 402
924 262
359 853
951 1014
746 1441
594 1906
610 1683
1339 1298
513 1434
1821 692
1686 1650
699 1288
1834 1075
1482 1926
968 1777
383 41
367 1181
641 976
840 1559
1429 1761
742 1426
1863 1008
1933 1625
497 1281
471 1206
985 1093
682 600
1511 271
1313 1622
1192 307
1300 1820
1611 1387
1019 1588
726 1624
806 880
1881 103
561 266
644 842
1386 577
1663 1677
1068 1307
378 1356
670 612
1699 364
1513 1846
1561 228
552 1341
902 1209
1526 1865
719 465
388 1775
642 771
1356 264
1771 1333
1907 1197
1425 282
1309 1825
1683 1651
1780 316
1504 1602
1842 1851
1793 413
1079 824
1081 1039
391 417
1004 67
1361 1250
920 1858
912 1579
441 1240
396 434
1536 1882
398 178
1846 1024
1086 1302
718 1309
394 1765
420 530
400 973
401 746
629 1600
1566 502
1057 1647
1046 1151
402 1282
1219 716
1375 534
715 91
457 340
1825 527
529 770
407 73
478 898
560 810
1614 1945
976 1801
412 1338
413 1887
416 99
1883 1949
1298 782
1901 1417
1779 472
1010 300
421 346
1471 1386
893 201
733 1188
1444 1725
1630 252
1452 1407
932 1355
1147 1659
1732 52
430 947
431 1718
843 1869
432 872
979 1461
1204 1456
767 1507
1628 418
747 733
1445 614
1160 1609
1612 951
1662 1261
1721 804
1100 1698
1026 727
1187 1772
1644 1557
848 1378
571 1572
1719 1389
445 571
1377 795
661 93
1183 142
1647 1224
447 751
1209 1148
703 1234
812 761
1909 1278
1190 1121
898 1317
648 885
1723 205
451 398
1720 1664
1198 1110
453 1335
1400 1938
454 1516
593 982
988 808
456 786
832 1888
458 1150
1864 1109
1679 798
460 1122
1918 1724
1102 921
507 136
706 1699
1537 372
877 1255
466 422
1357 1653
1342 890
1479 905
1927 1420
1265 328
794 684
770 1218
1819 509
1288 1545
550 1102
971 843
978 392
823 280
1311 895
1058 1443
1154 494
1428 1398
483 1585
1459 33
1873 1233
604 1734
1331 241
1238 1784
754 728
854 1041
1350 846
496 1371
1652 134
1398 1055
1101 51
984 420
522 1584
1916 1919
1670 1447
499 1189
585 210
1175 104
623 564
1431 488
506 1116
1315 1709
1332 915
748 235
637 1269
1064 1783
1737 1412
1784 658
1613 821
1835 1405
1808 1654
1733 1663
1153 1438
1758 408
1870 395
1385 1723
1832 1114
1528 1513
916 1050
523 68
1306 736
1508 40
663 959
526 459
527 1744
1336 285
1892 1133
972 360
1062 1124
530 18
1373 783
864 1459
1619 1247
535 279
1583 1861
1859 79
1503 1587
1439 563
730 920
1839 166
1133 198
542 1809
1239 851
1674 1449
1603 710
927 220
1922 127
1329 1912
611 1495
1610 216
1199 1517
980 1091
1593 1827
1395 88
1059 1107
1904 1481
1433 572
1598 1835
1012 686
1087 943
1222 897
558 656
626 240
559 806
1440 403
849 1511
1430 1916
1212 1868
994 618
1550 1320
598 1798
568 1685
627 1795
969 762
572 557
671 7
1525 161
612 1300
778 1179
1785 1323
580 1620
581 1705
871 1821
582 1248
1126 1826
1240 963
1166 919
1906 877
1201 1824
1448 1615
1518 1143
591 1184
667 230
1207 1205
597 1195
867 1058
1878 1848
1414 139
1090 126
961 1140
1924 1491
1844 497
743 1799
1574 1277
958 1899
804 1788
614 602
1349 1878
617 1741
1585 1728
825 1326
1510 807
789 681
1631 43
1524 1267
632 358
634 223
1635 584
737 823
1650 1358
1726 606
1897 1262
918 797
1455 882
1063 507
711 435
904 1169
793 815
944 1216
655 1146
1704 860
1798 1074
1263 946
914 1061
1664 1621
1790 215
1225 1509
1182 217
1685 1191
662 1334
1530 830
1775 423
1684 3
1765 1161
1255 682
1575 453
1304 613
1501 787
1558 820
697 1453
1091 1778
1252 1656
1485 1480
1013 1532
945 969
773 1178
717 835
925 388
1293 359
724 83
1072 617
728 1202
1038 1485
1054 540
1393 84
1540 197
1449 308
1233 981
819 1838
1632 511
1214 799
1609 1073
934 805
1890 1435
1283 825
762 1487
1751 320
1605 1781
768 723
1568 1716
1547 1204
1740 1867
1281 1294
1738 1207
1468 168
926 1935
1850 1693
1028 1920
910 1767
810 927
1669 737
1794 861
1043 549
826 1328
1626 1337
829 89
1496 464
1261 1578
1208 1613
1343 369
846 468
1464 1348
1211 379
1103 1537
856 34
1648 826
868 309
1867 1051
1913 910
1666 1736
882 1451
1539 1464
1434 1442
1661 645
1638 1052
1851 412
1127 159
1565 1232
1210 1360
1824 518
1170 1948
1042 450
955 1252
1845 1575
1729 1249
1535 258
1643 1776
1446 923
1403 896
1003 814
1905 1520
1326 983
1206 683
1018 1490
1035 903
1131 1566
1861 1291
1113 545
1053 1083
1754 1223
1571 1305
1749 849
1577 578
1560 893
1492 1421
1578 242
1549 848
1196 195
1290 598
1523 219
1232 538
1344 1036
1716 312
1718 902
