01 30
4_5_28_38_46 42
16_25_49 77
31 76
7_32 33
37 20
47 91
62 2_12_19
3_6_14_18 53
11 8_44
21_26_51_60 54
22_39_58 29_36_52_63
71 22_39_58
77 01
84 37
87 21_26_51_60
40 90
50 3_6_14_18
53 71
61 17
68_86 15_57
75 75
82 4_5_28_38_46
8_44 47
9_45_55_59 24
10_27 41
20 88
33 62
34 80
35 35
29_36_52_63 9_45_55_59
54 87
56 74
64 67
65 68_86
67 72_81
85 31
2_12_19 7_32
18 40
24 13_43
41 85
42 84
66 78
90 10_27
13_43 70_79_83
23_69_73 89
88 11
89 56
15_57 64
17 82
30 66
78 61
76 50
80 18
74 65
91 34
72_81 16_25_49
70_79_83 23_69_73
