0 979
1699 72
2 1068
1698 1300
1697 44
1696 386
1695 590
1693 448
8 1004
9 1634
1691 1159
1690 492
11 1058
1689 1105
12 1266
1687 1189
14 1523
1686 769
15 1225
178 1061
279 355
420 1152
1364 1445
397 162
756 647
1050 289
64 1586
766 803
515 243
850 1257
1583 1584
354 1112
439 357
418 515
1 1598
3 742
4 145
5 1432
1694 1315
1692 929
1688 405
1563 1234
1658 409
774 542
109 1661
1338 1674
519 560
1127 1322
685 932
616 668
378 1386
6 378
10 1098
13 594
16 627
17 1336
78 215
839 636
327 464
1340 56
1299 1545
410 977
512 923
545 585
112 986
1560 263
7 872
1146 338
1652 442
225 1396
1459 672
992 318
678 476
1548 1680
299 1362
1057 1307
19 399
433 891
268 733
1206 604
1335 995
633 969
1573 750
1601 1423
1473 388
885 570
1351 1658
910 814
1350 1463
1185 354
419 1128
106 384
1085 1173
47 151
1377 220
1404 255
350 1600
157 382
1165 1519
1659 877
894 761
597 849
1272 928
627 3
1304 1641
18 1011
20 1446
305 193
95 410
848 866
1498 1052
404 729
1552 408
1407 618
1557 1016
118 1439
904 711
22 517
498 1078
783 960
542 1041
1102 1275
760 341
650 1282
892 1304
21 1171
23 336
369 480
1490 1162
688 259
1509 1575
604 696
1213 861
893 1549
1175 1137
997 1134
1649 1032
791 27
559 1045
677 574
804 957
1202 1522
25 1533
278 537
1093 1629
246 1513
1564 937
1680 1393
105 52
1021 1667
169 1450
1288 908
1108 15
24 665
823 1449
866 1645
758 1017
315 385
1003 721
26 1579
689 1113
1099 887
89 631
110 562
113 7
1410 1587
94 758
27 459
28 1406
1499 1170
589 988
286 545
1317 980
248 1179
813 1353
156 1571
486 164
521 199
1681 1271
175 470
29 603
1653 102
1233 1296
927 167
1296 500
577 347
253 423
812 961
38 1521
1016 124
514 1194
1655 939
440 1535
30 858
1209 1526
702 1164
507 1197
1000 667
739 444
1333 1411
1361 601
31 118
291 1233
1210 1689
1249 793
1605 550
1162 280
261 967
810 1177
939 911
386 896
43 607
75 86
211 1554
1219 290
642 1175
779 527
638 1207
1396 879
1443 11
1060 1517
421 1511
1148 66
32 1687
33 1186
881 843
557 1116
1051 931
1569 70
1584 185
34 1223
294 1180
801 231
1284 1509
461 1029
733 1026
949 688
845 1518
87 1168
35 712
1670 209
1174 852
1417 837
36 857
241 507
1622 534
344 443
57 1070
807 768
603 723
856 1345
37 878
1641 1649
966 557
720 1284
612 566
1315 1230
385 666
463 1210
497 208
1189 695
259 150
1292 871
1618 445
906 795
706 1520
651 1256
943 1009
820 1149
811 4
1526 626
293 1402
434 970
815 1369
950 741
676 41
382 754
1617 496
384 320
680 799
352 786
413 1308
643 1377
1144 819
1502 296
40 598
671 237
1231 556
1293 1099
736 1589
637 91
1221 971
673 62
1291 1155
370 1215
669 232
809 225
208 1618
762 1249
1150 920
874 1264
592 105
1635 42
1525 738
1230 169
1250 19
135 1086
1088 1499
480 1679
41 946
42 375
1145 577
726 1644
494 1560
1614 1124
1642 60
696 342
39 1071
1575 395
995 121
1406 421
254 286
450 685
1023 540
1453 940
579 1359
1047 1245
44 372
121 639
1151 1248
654 1566
571 502
540 772
767 1046
872 201
45 600
819 790
73 1640
46 1504
827 524
142 262
1327 1067
1107 1208
961 1696
1141 172
1263 242
1012 860
1320 757
1477 1125
230 783
1408 547
976 1611
1468 154
122 1416
683 1430
48 898
491 876
249 1217
1574 1056
743 1537
511 324
1038 533
1380 256
267 747
1301 203
1290 951
1368 1372
49 362
1303 1236
697 310
1437 68
659 1213
1048 1077
1324 678
1580 493
50 1512
936 903
755 816
1142 1420
391 904
1349 983
876 101
51 1033
1348 1472
666 789
1201 744
737 411
916 1580
1058 859
205 978
274 1317
917 794
1465 676
1294 1551
1566 223
691 281
991 1063
143 1329
725 1496
1581 1454
1646 38
1083 1425
925 1627
52 643
1401 304
1539 454
923 976
99 1088
617 1104
1254 1201
1225 189
53 1473
675 1477
1121 1214
462 686
1089 1671
368 707
54 1373
55 126
188 1202
457 617
448 629
260 344
1607 25
1100 1394
1375 622
963 1672
445 359
1625 1091
405 135
425 1244
56 1147
1044 1483
946 776
160 1614
107 583
1153 1012
1521 1055
690 941
1514 157
941 447
1594 1635
1413 1252
959 328
301 321
1678 774
308 1165
58 719
1358 1222
1275 1438
124 147
59 1351
60 885
529 1623
1474 674
438 491
1262 823
1256 856
940 402
1565 361
61 535
195 847
955 596
376 1555
1172 245
207 390
1173 1069
272 671
310 1136
235 1015
114 1193
624 913
1416 1668
1515 651
1372 559
645 529
734 428
1007 1156
250 374
576 1621
180 183
63 1338
276 1064
898 930
1392 1030
302 463
614 781
922 1516
283 1370
630 1235
1181 295
1456 1108
1200 144
499 1192
1422 1498
271 621
609 994
787 319
778 333
1623 656
65 740
1286 1253
1169 865
1138 630
1019 315
958 777
780 1187
1606 1467
130 50
1326 833
168 451
476 110
62 1465
67 1624
236 273
993 1169
1119 703
704 573
868 1662
1452 418
1536 1391
66 365
68 149
104 845
556 479
209 1404
1123 1383
1278 1014
693 268
897 1626
888 1025
213 704
1572 449
663 982
69 81
333 779
98 625
901 212
1451 1479
1585 936
853 1158
93 975
905 710
710 1456
1321 1005
198 1468
1137 379
70 792
563 552
1466 353
231 1129
182 1488
731 1334
1411 238
493 1462
424 1534
320 178
468 96
443 1385
553 1525
349 1182
1101 1582
1062 1254
608 200
1129 1358
155 1143
887 414
1076 1675
554 246
1555 127
467 1681
1081 77
71 301
74 360
655 1367
460 1199
606 103
912 862
1389 1553
975 1670
775 1639
1608 633
1535 1405
692 950
1159 1481
72 1684
944 17
1252 234
634 1543
628 171
1313 253
1390 953
1427 54
1034 1146
1370 944
1082 632
990 1319
238 1666
200 867
171 962
1513 805
599 1685
574 521
1306 737
1260 1607
77 1306
1323 775
1510 461
1447 1242
996 1647
364 364
1245 1020
334 578
1098 104
82 1444
242 1049
945 49
1318 1089
1424 133
488 1625
417 1601
76 1131
732 918
197 869
127 1365
79 825
80 1054
81 213
275 1361
1388 1274
147 269
1494 917
1136 1652
639 469
381 653
528 279
373 614
1155 680
1305 892
83 897
1636 197
911 745
406 1569
1309 1688
1534 226
1677 229
1030 1583
1271 1440
1508 1059
84 1486
1059 1265
500 39
890 1318
1645 734
1634 1613
1247 1398
536 1431
447 1693
682 812
851 1578
1632 1637
506 1470
427 1390
436 455
661 991
482 352
1208 473
85 746
86 1622
1561 846
1462 1612
1061 546
1421 489
662 1409
1409 1109
1084 1286
745 727
239 836
1264 1042
408 1382
1483 190
335 65
799 37
1253 80
496 1457
1005 1262
1609 1491
88 739
1163 797
1113 1272
90 202
1383 311
119 764
475 736
1056 670
323 109
982 34
1331 75
91 1259
1310 412
342 1490
280 194
357 1610
1066 522
269 252
1022 370
1637 1118
1478 1673
590 1433
830 367
1612 1630
92 610
508 76
297 247
399 400
626 494
1087 1283
1045 1311
1418 1006
1027 508
430 855
837 495
1398 462
1570 1184
1285 787
1197 588
1586 874
1196 275
266 1106
240 1229
730 219
699 1154
1164 1324
247 1150
96 935
967 1562
452 576
1385 821
1266 486
1590 95
1597 1524
256 1455
97 945
483 1111
907 714
380 1435
1679 889
713 1216
411 276
1522 700
288 554
615 536
1302 1357
1458 1380
1277 241
170 55
1454 943
307 848
298 1581
665 1448
1246 1335
455 715
987 9
1558 266
311 129
179 1316
1654 851
566 854
1220 1183
586 514
196 1048
100 36
101 909
343 69
222 759
909 1552
1109 31
1042 1460
102 1309
541 339
173 113
153 1366
1115 168
219 1606
103 1277
1578 483
416 705
1043 510
558 1250
1381 1536
136 403
1161 569
321 5
325 818
841 788
568 1295
1337 329
374 1507
1067 1163
282 325
273 1153
513 693
1178 1141
1486 419
1484 250
527 1047
108 512
1666 839
593 1212
781 1166
1540 673
203 541
873 265
423 97
1685 1342
635 955
761 916
858 1157
796 420
322 1352
1270 406
210 1269
980 112
1374 214
495 1022
933 1144
1343 964
824 810
738 1557
1643 760
331 1203
1063 1053
1531 526
341 1285
611 10
1194 1542
709 1288
840 1495
1571 1563
148 873
111 391
797 1492
442 141
802 1395
191 244
187 1642
1599 343
367 1478
444 316
115 1485
986 1676
1341 1101
1503 905
281 138
244 416
835 132
1588 1443
1516 1538
530 1643
116 751
537 51
131 1240
1426 1604
1627 131
806 544
117 1221
1446 1441
1097 1458
794 875
543 349
855 467
1440 1540
555 1605
477 161
1073 122
1112 1263
1464 1227
125 177
1170 1399
1068 298
1475 914
921 1412
154 1620
1684 143
120 82
123 1270
753 985
1184 1697
1546 397
174 592
126 652
359 452
1092 762
552 616
217 815
1562 1650
884 173
330 824
1620 1261
1638 258
140 1028
968 417
1004 148
862 766
128 864
816 765
526 899
469 933
1616 1013
1369 1389
129 156
1445 984
964 1076
1403 1241
1472 520
649 1178
525 94
1523 1303
1439 376
456 1117
1139 1043
1218 115
770 1544
132 1588
1024 119
133 40
1487 503
1032 16
1259 22
215 111
772 663
134 248
1405 650
625 146
746 947
1517 474
228 1691
674 240
262 93
1046 35
1039 563
1619 89
137 691
842 1379
769 924
383 1115
1488 224
1311 1330
985 401
1467 139
1114 32
838 689
928 972
1648 894
138 1648
564 1656
1395 1331
883 1140
479 1570
763 436
1192 1247
141 832
403 429
719 1082
956 46
1470 697
740 155
1441 1354
139 1103
1596 963
1203 1093
1582 369
263 1313
754 0
1217 1246
1243 184
1644 1663
1031 702
1529 1206
718 383
355 235
151 1181
145 166
549 308
394 571
1485 306
561 1677
1382 640
146 1294
598 613
1432 1617
601 584
1328 106
1489 589
836 434
741 530
144 1057
1135 1567
548 1453
1298 1434
1229 1471
149 611
1676 335
828 117
1091 78
1106 431
1493 910
163 85
1598 305
1242 1464
1344 1489
489 98
150 949
974 92
1055 778
1463 684
484 532
1006 505
1533 249
532 811
1553 394
953 195
1604 1243
583 299
708 1340
218 1401
1236 1200
1149 1081
789 1195
1261 1590
152 694
1512 1690
1287 1051
1168 1120
356 64
1041 26
158 1278
1177 1417
938 1196
1077 465
764 218
159 125
869 114
749 992
660 1397
161 485
1026 679
581 958
1511 43
162 1378
679 471
817 488
431 1682
1669 1665
687 67
164 683
776 919
1052 922
560 217
185 513
336 267
165 1633
785 784
1267 806
962 1591
1491 1074
1329 1344
167 1251
1577 1502
1241 1290
277 1080
712 1596
969 829
658 453
166 830
347 490
1492 477
1111 657
229 90
861 648
1132 45
1345 565
757 291
1105 1381
251 1628
1355 883
340 196
309 798
620 801
1167 427
214 1414
575 1327
1356 1616
952 720
983 277
1239 973
1567 1573
979 620
1671 239
1274 1084
1075 1130
172 1494
1283 661
1269 1568
716 216
1002 1142
429 1220
176 366
1543 1102
1610 785
1096 1279
1347 207
1476 1268
224 1122
177 456
1014 595
1207 192
622 475
407 1218
1639 780
765 638
852 205
902 1375
777 1592
1053 701
1128 1151
470 230
471 1364
870 1
1134 210
303 1437
1013 1231
181 927
358 735
908 1572
1182 337
1506 1040
492 1387
932 1597
1204 1133
752 1695
183 1619
1545 1608
1020 716
1626 128
184 722
1547 981
605 1301
879 440
805 1653
186 1219
1420 302
1198 1429
332 1508
942 1547
1423 664
891 1574
189 553
1186 368
1631 555
1258 808
1193 1501
1078 222
1080 425
1611 58
1436 597
1008 387
795 261
1442 558
929 1384
190 407
857 1293
1587 1419
192 191
1334 1094
395 525
748 1008
790 1593
826 1400
1362 1484
193 956
1222 619
264 1297
937 966
1519 1528
618 228
194 438
1295 1451
1015 1073
871 820
847 309
1457 179
1414 198
459 900
798 926
1308 498
1244 1121
1360 1376
875 813
318 285
1651 1646
199 539
814 47
1238 1188
501 163
1589 1145
1336 868
877 1273
914 24
889 752
1550 1139
1505 551
201 959
1325 602
742 251
1520 895
1131 581
1033 687
313 881
535 708
202 538
204 297
346 107
803 175
255 458
1036 1204
1621 130
722 439
750 1232
1095 800
989 1694
206 756
1276 850
784 1333
319 1095
1079 1531
854 1090
1673 773
623 29
1428 1374
646 1559
212 906
1576 23
363 1126
402 1027
1126 669
1332 841
1280 890
1160 1632
886 371
1425 18
1188 1239
951 1320
216 380
1227 770
1434 188
223 925
1415 1326
900 658
670 1683
1090 1238
220 1036
518 1561
1481 649
1117 294
1143 730
1593 204
1279 1066
221 543
562 582
1353 1527
478 509
1257 844
632 1087
339 21
1072 88
1665 1224
227 182
705 713
226 1510
1190 1602
516 660
664 593
954 1287
520 853
1183 912
957 1337
550 1191
1378 1190
252 725
1387 915
1495 1532
924 1079
1191 1185
232 1546
233 1655
1379 481
973 270
234 567
1158 330
306 1660
1240 817
844 1280
1040 646
539 807
531 1325
1579 389
694 1459
474 282
652 1503
377 1310
296 1110
437 698
1234 303
481 1475
237 478
1504 363
1346 1415
773 100
602 437
544 755
538 838
243 1421
1316 518
735 1368
641 561
245 116
970 236
728 426
999 1341
1591 312
295 1323
899 767
832 1603
672 870
1171 1198
1281 831
1496 608
426 1160
392 1174
329 187
1133 152
503 415
257 1148
1391 1466
504 1289
1497 1010
401 1092
591 1355
1074 1123
1430 1678
988 340
1438 842
485 165
258 422
578 1636
919 79
1393 12
880 1410
1444 1424
1507 441
546 158
707 264
965 284
1359 1514
1480 377
1544 1442
1501 1539
1199 1034
415 1211
510 487
971 1007
265 314
1549 1469
1386 1050
389 628
1289 1002
1010 1038
396 893
723 1699
270 1291
446 749
1228 1669
312 880
1307 753
1147 1267
285 692
920 1408
1615 176
393 921
1399 884
371 271
800 654
711 13
1683 136
1140 1360
1450 1403
1647 283
947 586
1049 587
833 523
834 1321
695 1021
1524 1119
978 123
1273 1576
1176 615
1448 1493
714 1422
580 83
284 1172
1402 278
1603 186
1232 748
366 87
390 1302
788 1427
287 1388
1018 1024
524 331
843 724
621 57
786 974
289 74
290 181
1556 1348
1412 1298
505 73
1118 827
292 1260
1629 1577
1628 796
918 599
1482 292
1226 907
1237 642
1248 591
972 28
1672 791
1319 968
1235 260
453 1060
948 1529
300 886
487 1474
759 1452
533 504
304 48
1195 531
1069 1328
1419 307
570 1258
472 348
729 771
1011 1209
1663 1037
522 1083
1530 482
1613 326
930 717
1527 1346
1662 1339
316 699
849 1161
317 356
585 450
1429 1072
1551 206
314 287
818 373
1223 952
1180 662
1479 1135
1600 313
388 84
653 71
1009 726
1630 1506
867 579
1166 140
1265 334
326 835
360 549
1054 1281
565 1044
1400 564
715 1480
375 1418
328 497
351 732
1103 1594
793 568
1224 413
684 99
324 1505
1211 1413
1500 381
619 1205
596 1638
502 1565
441 1085
600 1226
1215 655
1216 1031
931 782
414 1138
337 1609
338 645
372 134
1205 468
934 682
365 942
454 466
1314 1062
572 996
636 1000
721 1428
398 288
1455 1476
1682 1686
1104 1255
345 63
1397 460
1367 624
348 317
896 1461
1668 516
1667 1558
747 472
859 153
353 997
703 345
551 528
1469 572
1363 61
582 1075
1212 731
435 1657
727 644
361 1167
362 1065
1461 989
1094 8
1017 433
1640 398
825 327
1656 763
1592 987
428 120
464 1500
1624 1100
509 834
422 180
829 609
926 998
667 257
631 1615
1071 675
846 1436
379 1350
864 548
994 322
1120 1023
610 1654
1214 254
387 1299
1435 934
1352 1487
1664 709
821 718
1300 580
517 300
981 1530
771 641
1674 1595
400 809
913 392
409 293
1116 519
613 1096
1537 358
640 511
1660 14
1035 499
449 635
1086 30
1342 681
412 1097
647 1556
792 108
657 1585
1602 690
1156 804
1001 346
1384 174
1650 272
724 938
1130 1347
1070 706
878 1292
644 1332
768 484
648 170
831 954
465 1698
1366 396
432 1314
1187 1515
1542 506
1471 677
629 575
1255 993
751 1107
569 1132
668 728
1554 1039
473 6
451 435
1568 351
1371 888
717 999
458 160
1449 901
1330 323
466 446
1037 1550
977 424
594 332
595 1114
587 743
490 221
534 612
1065 274
1559 430
686 826
984 659
547 1312
588 432
1661 822
1110 1003
935 53
700 828
1376 233
1154 1392
1354 1564
1528 1018
573 1343
1282 948
1064 802
960 606
1532 840
523 882
1394 634
1339 637
863 1237
1122 1426
903 863
1268 211
1675 1228
822 501
1179 1349
681 1659
567 1631
1025 1651
1431 1019
1357 1035
808 990
860 1541
584 1692
998 142
1365 2
1124 59
1433 1356
607 1276
1518 1447
1460 457
1633 227
1125 1599
656 965
1595 1482
698 404
1322 33
1251 137
701 1664
782 1548
1152 1127
865 1305
915 1407
744 350
1297 623
1657 1001
1373 605
882 20
895 1371
1029 159
1157 902
1541 1497
1028 1176
1312 393
1538 1363
