10620 10696
10972 11054
9952 10309
10036 9907
10287 10131
10314 11034
10968 10226
11244 11478
10239 9979
11021 9954
11408 10411
10317 11512
10412 11302
11410 10577
10915 10199
10039 10383
10694 10078
11482 10912
11257 10345
11386 10867
10154 10562
9760 10820
10054 10201
9865 9825
10471 10996
11360 10379
11469 9798
10646 10021
9924 11013
10966 10791
9923 11137
10324 11535
11387 10203
11427 11417
10172 11298
10931 11448
11098 9733
10604 10918
9856 10919
10221 10296
10044 11088
11394 10686
11322 11163
10354 10174
11457 10412
10093 10816
10081 9833
10308 10708
10151 10357
11470 10740
10276 11343
11356 10553
9732 10097
10450 10363
10194 10472
10452 10528
10001 10825
9735 9873
10445 10714
10038 10186
11061 10970
9859 11443
11171 10636
10449 11108
10380 9930
10192 11338
9966 10869
10071 10420
11439 10140
10732 10783
11208 11501
10866 11279
10243 11344
9972 10421
10613 10006
10885 11378
10567 11415
10950 10231
9771 10449
10690 11380
9729 11197
11068 10077
10713 11119
10335 9926
9767 9823
10062 11468
10019 11215
10770 10050
10889 10084
11052 10366
10242 9998
10816 11466
11420 11132
10198 11453
10999 10551
10114 10803
9718 10512
10993 10250
9931 10504
10178 10566
10418 10818
10916 11264
10695 10256
10812 11432
10867 9924
11074 10419
9778 10707
10763 10940
10717 10771
10809 10083
9835 11363
11392 11362
11303 11391
11038 10177
10261 10722
10693 10709
9915 10595
10493 10629
10936 9937
10502 10086
10742 11033
10768 10832
11357 11115
10727 10386
11455 10355
10457 10200
10897 9739
10780 9945
10034 10558
10862 10986
10405 10410
10783 9884
11167 10276
11206 10684
11358 10155
10179 10433
11219 10939
10244 11076
11007 9960
11008 10574
11323 10677
10212 10374
10410 10126
10906 10343
10644 11166
11494 10812
11255 10683
10977 10734
11373 10147
11152 9755
9830 9777
10370 10977
9838 9903
10323 10973
11224 10108
10077 10693
10064 10934
9809 10351
11471 9927
10730 10310
11372 10234
10400 10834
10474 10026
10427 10569
9837 11499
10031 11322
11123 9786
10288 10742
9805 10324
10290 11211
9980 11067
11341 9795
10864 10752
10890 10856
10581 10845
9793 10136
10843 10249
11200 10277
10170 10066
10182 10931
10789 10848
11154 10348
10820 9895
11536 11483
10801 9859
10992 10436
10073 10632
10096 11266
9765 9807
9945 11237
9858 10041
10532 11174
11129 10785
10197 10032
9861 10801
9775 10281
9781 10952
10660 9768
10588 10926
10057 10860
10519 10862
11212 11355
10306 10175
11376 10264
11263 10616
10556 11036
11380 9738
10033 10194
11133 11516
11512 10455
10634 10837
10601 11416
9995 10913
10971 11004
10571 11382
10409 10150
11057 9779
10841 10587
11137 11179
11141 10367
11227 10496
10546 10193
10769 10639
10332 10774
11461 11475
9734 10293
10970 11312
11377 10233
9963 10344
10264 11257
9964 9794
10698 9898
9871 9819
9759 10224
10759 10059
10856 10288
10439 11480
11049 10647
10319 11236
11127 11476
11028 11173
11268 11460
9987 11270
11053 11509
11485 10188
10482 11071
10415 10159
10602 11042
10475 10113
10898 9811
11526 11454
10168 9966
10446 11423
10800 11449
11014 10064
10109 10881
10066 10726
10495 11295
11359 10664
10903 10079
11448 10736
10224 11128
11440 10579
11213 10823
10568 10634
11078 10446
10913 11434
11243 10387
10987 10495
11228 10060
10309 11395
11288 10808
11258 11294
11202 11481
10744 10710
11250 9975
10383 9829
10919 10746
10749 10674
10802 10600
10954 9970
10251 10164
10295 9845
11472 10007
9799 11327
10606 11410
11121 10430
11010 9828
11326 11018
11253 11401
10804 10015
10331 9850
10949 11358
10884 10171
10003 10067
10557 10886
9818 9918
9954 10039
11075 10292
10649 11520
9813 10152
10923 10584
11503 10405
10052 10749
10021 11511
10225 11307
11516 10898
10074 11334
11174 10069
10708 9781
10126 11347
10049 10525
10549 11188
10076 10773
10015 10956
10725 11219
9716 9759
11170 10195
10108 10384
10374 10640
11173 10327
10782 11376
9846 10870
10835 11282
10516 11311
10737 11065
10578 10904
10022 11090
11347 10334
10282 11388
10989 10703
10975 9716
11374 10463
10927 11098
10414 10911
11384 11039
11132 10851
11366 11233
10745 10883
10964 9922
11508 11191
10187 10620
10554 10933
9960 11447
10165 10819
10826 10437
11502 9981
10822 11218
10167 10999
10440 10894
11446 9749
11060 10522
10779 11224
10262 11429
10947 10908
11079 10400
10881 10009
10710 10022
11277 10888
10111 10920
9947 9722
9804 10652
10205 10806
10107 11330
10040 11059
10591 10732
11122 11213
10448 11263
10201 11111
11032 11426
11149 11374
10828 10877
10953 10406
10772 11375
9842 11373
11124 11229
9992 9796
10756 9830
10563 10157
10979 10567
11106 11081
9903 10817
10005 10290
10202 11342
11191 11399
11370 10728
11001 10992
10738 11280
10911 10192
10840 11452
11272 10228
10896 10019
11433 10062
11247 10887
11334 10058
11378 11314
10085 11123
11406 11407
11492 10546
9802 11341
10110 10278
9770 10151
11488 9721
9979 9831
10827 10993
9748 9752
9840 11329
11109 9991
9740 10890
11496 10285
11407 10635
11421 10672
10333 10398
10417 10414
10957 10088
10605 11093
10753 10025
11290 11127
10811 11289
11379 10068
10443 9835
9833 9899
10447 11269
11050 10668
10784 11009
9774 10511
10270 9904
10832 11505
11261 10314
9895 9938
10271 11107
11233 11385
10442 10359
11314 10665
11110 10502
11195 11205
10204 9902
11460 9896
10599 9743
11463 11131
10195 10787
10080 10354
10733 11510
10185 10506
9950 10488
10360 9792
11147 10855
10426 9782
10671 10487
11385 10863
9975 10286
9965 10180
9828 10325
10451 10349
11020 10043
10002 11030
11489 10885
9829 10617
10177 10815
10137 11167
9723 9892
10395 10243
10191 9956
10904 10702
10958 10252
10392 10720
11033 10593
10633 10339
11211 11144
9791 10492
11153 11089
10030 9915
11382 11487
9953 11087
10431 10852
9941 9821
10612 10403
9897 10650
9879 9836
10865 10524
9977 10115
11445 9842
9887 10844
11415 10121
10839 10864
10377 10318
9920 11250
11383 10267
10055 10105
11395 10190
9959 11143
10724 9985
10795 11265
11029 10468
11316 9765
9910 9840
11238 11077
9866 10315
10933 10295
9721 10431
10004 10505
10853 10340
10909 9789
10914 11060
10645 10074
9766 10274
11221 10460
10024 11370
10241 10767
10891 9767
10063 10167
11389 9976
10174 10268
10467 10272
10895 9921
11182 10212
10010 9740
10304 11389
10711 10415
10465 9788
10718 11045
9928 11124
9938 9824
10948 11304
10384 10219
11399 9757
10570 11502
10361 9940
10134 10790
10691 11503
11019 10133
11145 10653
10269 10537
11391 9931
10922 9883
10629 11002
10391 10990
10229 10991
10564 10227
10622 11526
11022 11041
9746 11345
10680 10474
10421 11515
10929 9769
9974 11015
10059 11121
10617 11006
9870 11353
11361 10129
9926 10892
10735 10879
10590 11007
9991 10451
9722 10697
11160 10093
10115 10719
9750 11158
9898 10536
11287 11359
10035 10156
11048 11513
10925 10424
10796 11199
11478 9838
11015 10739
11166 10246
10678 10476
11012 11409
10156 9809
11246 9928
10312 9753
10253 11313
10240 10715
10149 10427
10673 11433
10018 11364
11168 10011
11165 10909
10566 11402
9724 11522
10138 9880
10199 11427
11419 11240
9949 11325
10785 10337
10432 10757
10436 11049
10766 10670
11537 10507
11307 10114
10575 10982
9934 10830
10607 10332
11520 9771
11192 11365
10397 11297
10477 10304
11417 11497
10025 11367
10355 10988
10628 11057
10175 11247
11354 9973
10814 10477
10006 10498
10130 9992
10181 9932
11308 9889
9916 9763
10407 10724
11432 11037
9877 10779
11036 11292
9751 10254
9850 9994
11051 10329
10805 9776
10651 10473
10842 11023
10364 10284
10369 10626
11162 11241
10279 11386
11030 9949
10930 11157
9731 9951
10767 10052
11134 10669
11101 10780
11338 11496
11175 10978
10924 10671
11089 11413
11217 11194
9993 11113
10793 10751
11269 11494
10663 10873
10206 10170
11336 10342
10587 9950
9839 11147
10402 10012
11131 10213
11355 11232
10855 11016
11487 9784
9872 11242
10658 11000
9889 11028
10406 11183
10592 11068
9776 10924
10674 11337
10848 10744
11335 10120
11144 10657
11047 10452
10023 11331
11442 10876
11315 10655
11422 10073
10813 11085
11477 11290
10550 10071
10815 10432
9883 10072
10420 10799
9803 10260
9788 11025
10961 10094
10775 10527
10565 10868
11237 11533
10969 10917
10709 11200
9725 11001
10379 9851
10726 11050
9873 11354
11284 9724
11241 10759
11426 11300
11005 10117
9763 10407
10981 10000
11456 11493
9756 10948
10978 10961
10153 11396
10155 11102
9825 10448
9790 10605
10316 11136
10408 11261
10799 10335
10490 9912
10476 10893
11092 11245
10873 9800
10213 11203
9757 10521
10729 11005
10444 11495
10750 11145
10362 10519
10721 11504
10696 11230
10942 10896
10207 11439
10635 10608
10544 10762
10263 10154
9817 10362
10652 9920
11186 10802
10460 11455
11248 10691
10928 10279
9772 10461
10121 9963
10496 10044
9808 11056
11164 11271
10007 9923
10525 11532
11040 10248
11181 11103
10214 10623
11299 11170
10976 10805
11128 10612
11466 9848
10739 10520
10367 11064
10326 11244
10000 10096
11388 10797
11044 9999
9962 11032
9733 10575
10320 10576
10778 10085
10598 10954
10371 9744
10060 11046
10275 10482
11447 9939
11041 9997
11259 10404
10162 10637
9826 9797
10810 10116
11239 10444
11231 11467
9907 9817
10716 10853
10491 11397
10272 10582
10238 10210
9779 10183
9810 10499
10484 10004
10437 10168
10900 10316
11523 9731
10527 10346
10372 11489
10017 11286
9913 10588
10545 10142
10159 10695
10014 11372
9874 10173
11362 10754
11088 11253
10505 10662
11416 11457
10373 9964
10765 9995
11368 10493
9955 11393
11274 10034
9930 10161
10722 10534
11291 10207
10419 11082
10211 11451
10539 10003
10301 11458
9841 10594
10746 10615
10508 11135
10478 10089
11099 11278
11130 10369
9899 10425
11468 10836
10217 10076
10887 11274
10090 10122
10123 10619
10492 11210
10681 10118
10823 10544
11169 11180
10988 10995
10687 10957
10507 10381
10070 9866
10616 11035
11381 9813
11197 11134
10293 9919
11538 10838
11413 10798
10537 11528
10907 10772
10561 10649
11031 11339
9853 11254
10366 11276
10983 10865
9951 10963
10358 10843
10441 10717
10560 11069
10286 9834
10541 11051
10347 9855
10334 10685
10087 10013
11342 10020
10171 9775
10041 9887
10984 11161
9762 11012
10255 9857
9780 11335
10084 10985
11393 10205
11232 11485
10533 10811
11138 11243
10503 10809
10336 9802
9819 10770
11013 10139
11234 9729
11493 10048
10648 11021
11216 11181
10173 10453
10346 10611
10807 10023
10472 10529
10662 10245
10382 9858
11517 10953
9956 10255
11222 11053
10585 10850
11115 10922
10128 11024
10850 11303
11467 11212
10530 10514
10791 10402
9754 10849
10518 9727
10664 9837
10008 10510
9929 10063
10236 10024
10543 11239
10072 10778
9881 11506
9782 10833
11300 10225
11207 10718
10526 11146
10528 10547
10152 10902
10706 10604
10307 10356
10321 11524
10860 11436
10416 9730
10630 10667
10278 9756
11289 10508
11305 10204
11397 11321
11055 10134
9816 10165
10330 10242
10875 9879
10870 10578
9864 11171
10385 9735
9849 10858
10670 10169
11532 10949
10555 10373
11158 11114
10268 10320
9761 10300
10223 10191
10703 10738
11093 11351
10771 9760
10147 9901
10103 9747
10274 9839
10994 9816
11177 11529
10343 10380
10524 11403
11066 10750
10280 11472
10124 10535
10786 11133
10032 10104
10158 10261
9909 11357
9936 11150
10608 11462
11143 10689
11434 11189
10940 11164
10456 9732
10707 10509
10689 10370
11363 11484
10714 11394
11521 11381
11511 10979
10142 10160
10097 10365
11062 10699
10945 10847
10901 10725
10237 10014
11135 10721
10632 10311
10470 10257
10325 10518
11185 11284
10736 11048
10641 10680
10959 9942
10847 11291
9848 9957
9957 11141
9968 10459
10113 10016
10144 10541
9769 11125
11105 10005
10569 10389
10473 9847
11409 10543
10594 11222
9983 11473
11161 10331
10917 9761
10256 11518
10584 10810
10542 11424
10886 10035
11180 11246
10105 10070
11331 10556
9814 10656
10129 10262
10398 10826
9736 10829
10755 10265
10859 11096
10461 10491
10193 9742
9755 11273
10100 10704
10967 11406
10292 9751
11072 11104
9812 11031
11344 11159
9971 9909
10381 10287
11157 9812
10082 9865
10818 10923
10734 11438
9798 10326
11159 11075
10483 11116
10997 11470
9958 10470
10577 11202
11254 10758
11096 10765
11450 10560
10704 11398
10463 10572
11281 10480
10854 10364
11067 9780
11016 10646
10303 9914
10593 10741
11189 10458
9773 10358
10615 9745
10536 10289
10216 11165
10453 9793
10665 11185
10289 11256
11452 9933
9922 9971
10535 10678
11215 10682
10434 11011
10095 10123
11365 10266
10488 11234
10829 10540
11136 10606
10294 11226
11337 10727
11083 10692
11266 11408
10220 10214
10387 9746
11296 9870
10424 10146
11073 9955
11087 10743
11500 11418
10596 11043
11499 10099
11176 10418
10618 10813
10699 10490
10672 10302
11139 9814
10403 9808
10411 11192
10455 10745
11332 11340
11034 10270
10396 10644
11333 11140
10296 10238
11190 11190
11453 10690
11294 9791
9902 9959
11000 10975
10937 11500
10878 10824
10322 11204
10088 11539
9985 9980
10582 11258
11046 10382
10037 10688
9914 10516
10423 9832
11126 10001
9919 11530
9911 10763
9797 10391
11311 10439
10086 11425
10118 10723
11425 11228
10657 10967
10489 10395
11042 10613
10277 10038
10754 10827
11525 10795
9996 10312
10552 11507
9905 11044
10899 10609
11490 10317
10576 11118
10654 11377
9893 9787
11120 11095
10180 11469
11346 10730
10637 10361
10808 9987
10430 11040
9892 11371
10944 10095
10091 10091
10104 9881
11245 11153
10341 10866
11306 10388
10656 11519
11301 10821
9912 9766
9918 10601
10422 11187
10464 11126
10394 10401
10389 10842
11150 10075
11530 11498
11113 10631
10176 10467
10399 10947
11002 10273
11443 11383
9940 11055
9862 10090
10058 10107
11519 10788
10534 11441
10790 10128
10868 11390
10531 10209
10266 10303
11251 9986
11081 10338
10027 9799
9935 11223
10682 10591
10837 10232
10352 10542
10522 10573
10386 11430
11267 10942
10029 10794
10963 9929
9855 10127
9998 10153
10116 10643
10902 11384
10583 10523
10700 10306
10562 10539
10363 10184
9989 10144
9820 9913
11285 10946
9815 9871
10438 11422
11403 10486
10479 10187
11324 10223
10845 10479
10429 11014
11084 10423
11260 10943
10688 10713
10752 10899
10342 9725
10515 10969
10586 10313
11265 11175
10101 10176
11264 10597
11497 11324
10122 11477
11529 11328
11505 10141
10825 10563
11146 10372
10861 10222
10876 10768
10941 10878
11204 11293
10313 10392
9834 10679
11527 10435
11201 10675
10466 11066
11256 11464
10468 11310
10883 9790
9811 10124
11183 11221
10741 10841
10894 10840
11351 9774
10773 10454
11454 10701
10079 10282
10285 10440
10247 10054
10683 10172
10863 9853
10053 11149
10743 11201
9745 11010
10375 11536
11003 10777
11325 10269
9752 10497
10686 9943
10529 11260
10574 11196
9982 10466
10259 9962
9747 10166
10661 9820
10020 10968
11006 10945
11423 10138
9789 10341
10731 10555
10640 11027
9847 11097
10485 9844
11063 10040
10078 11129
11533 11154
9869 10571
9824 10377
10990 11444
10830 9872
10042 10583
11540 10880
11184 11277
10462 11287
10852 10753
10844 10008
10065 10624
10892 9925
10982 9874
11220 10271
10935 10426
10603 10916
10677 10559
10215 10033
9852 10211
11343 11235
10338 10399
11252 11326
10494 10980
11349 11138
9917 9726
10952 11177
9981 10586
10487 11156
10692 9946
11509 10681
10219 9983
11510 10368
11070 11348
9785 9728
11071 10800
9796 10163
10016 11521
10938 10002
11436 10564
10798 10236
10067 10987
11223 9905
10404 10900
10481 9974
10803 11479
10946 10538
10705 10936
9728 10208
11304 10417
10302 9984
10846 10581
11108 10627
10132 10110
10233 10965
10351 10198
9827 10258
10747 10854
10045 10049
10974 10711
10834 10621
9742 10323
10089 10029
11462 10280
11522 10135
10926 10185
11507 11350
10956 11525
11481 11026
10160 11139
10150 11333
11058 9734
11140 10434
10190 11491
11156 10263
10715 11195
10433 10182
9843 9900
10597 11267
10026 10241
11097 11387
9875 9969
10246 11198
11018 9856
10267 10471
11401 10966
10760 10057
10250 10042
10871 10087
10231 10776
11330 10378
11348 10789
9901 10983
10291 10045
9943 11318
9973 10568
10621 10897
10960 11178
10819 10928
11178 10557
9997 10478
9801 10592
10230 11442
11483 10298
11117 11074
11352 11346
10208 9785
10349 10822
10141 10371
9932 10786
9832 11379
11236 11488
11431 10891
11479 9911
11025 10230
10831 10092
10776 10375
10365 9869
10611 9803
10500 10994
10265 10698
10145 11299
9888 10485
11293 10729
9906 9754
10619 9890
9921 9806
10668 10960
11501 10046
11504 9822
10806 11186
9727 10457
11444 11456
10631 11094
10102 10735
11506 10275
11056 10181
11187 10857
10600 10618
11486 10687
11513 11083
9978 11022
9937 9843
10245 11168
9857 11130
9884 11086
10234 9827
11451 11492
11196 11148
11484 11474
10348 10065
11441 10299
11086 11052
9927 10416
10998 10532
10558 9860
10943 10235
10666 9720
10393 10875
10257 10112
10050 11155
9753 11332
9822 10494
9939 10603
9854 10475
10905 10661
11429 9990
10609 11208
10547 10217
11438 11216
10048 11092
9749 9867
11350 10638
9730 11251
9860 11207
11218 10705
10540 9852
10882 11070
10378 10545
10146 10871
11473 10756
11491 10959
10792 10775
10161 10938
10777 11122
11214 11072
10553 11517
11515 10895
11310 10376
9831 10648
11390 10051
10996 10130
10458 10927
11317 9717
9764 10531
11345 11285
10357 11142
10728 10796
10376 11349
10879 11268
10350 10503
10872 10294
11226 9783
11480 10769
10888 11361
10390 11100
10226 11414
11418 11305
10345 9996
10469 10570
9988 10360
9876 10552
11271 10237
10028 10937
10572 11091
10009 11336
10273 10930
10774 10915
11404 10031
11283 10651
9984 10517
10667 9908
11449 10350
10761 11296
11240 11527
10228 11412
11279 11463
10299 10760
11249 10101
9925 9748
9777 10607
10011 10028
9783 9944
10189 11080
11353 9897
11114 9868
10712 10580
10140 11360
9990 11537
11100 11306
10659 9804
10510 11206
11188 10972
10235 10884
9942 11176
10075 10396
10788 10102
11321 10321
11539 10322
10627 11419
10281 11446
10186 11301
11037 10526
11103 10330
10298 9910
11198 10989
11076 10450
10092 10301
10401 10247
11119 10103
10083 10712
10117 10055
10669 10017
9904 11465
11102 10218
10328 10951
10995 11193
10327 10761
10046 10929
11282 11152
11069 10010
10511 10307
9967 10215
10480 10162
10169 11281
10685 11316
10626 10206
11412 10958
10851 10906
9717 9989
9969 10861
10222 10319
11229 9826
11524 9934
9868 11101
10163 10158
11405 10347
11095 10297
9823 10602
10125 9773
10962 10240
10551 10027
9768 10202
10589 9958
10723 11366
11458 10964
9784 10814
10764 10037
10184 10907
10893 10628
11004 10390
10337 10598
11320 10409
10794 9906
10139 10353
11043 9805
11045 10244
11400 9849
11199 10447
11430 11227
11411 10755
11023 9917
11080 11020
9961 10465
11155 10145
10340 11079
10934 9875
11059 10082
10980 10716
11273 11084
10248 11435
11054 9758
10203 9861
11104 11369
11082 9770
9844 10550
11278 11017
10258 9878
9845 10291
9880 10614
10413 10976
10504 9841
11435 10220
10740 9846
11424 10846
11375 11184
10435 11317
10356 10793
11118 11120
10655 10565
10719 10483
11367 10731
9851 10658
10762 10253
11112 10549
10318 10352
10094 10737
10260 10385
10623 9877
11017 10807
11111 10100
10684 11431
10523 10442
10720 11320
9946 9968
11011 9978
10908 11248
10068 10903
10043 11400
9886 11162
11340 10080
10133 11099
11094 10251
9743 11109
11027 10259
9944 10733
10647 11217
10368 10781
10254 9864
9741 10137
9908 11420
10787 9988
10200 10149
11230 9736
11163 10955
11194 10914
10497 10981
11179 9941
10311 10413
10757 10456
10781 9750
10013 11047
9948 10438
10164 11151
11035 10925
10580 9916
10136 10660
11107 10935
11396 11259
10821 10394
11498 11482
11205 9891
11402 11445
10388 10673
10012 10030
11514 10659
10520 9863
10636 10747
11276 10484
10939 11249
10920 11368
10329 10179
10498 10764
10135 9993
10877 10962
10459 9723
9890 10944
10858 10590
11329 11275
10512 11309
10702 11490
11039 11262
9863 11540
9726 10239
11476 10950
10548 10589
10521 10445
10099 11105
10454 9810
10653 10706
11090 9967
11364 10784
9806 10882
11091 9977
10573 11238
10538 10625
10120 10500
10965 9854
10056 10333
9738 10515
11531 10889
9994 10997
10425 10561
9787 10835
11475 11523
9976 10782
10559 11061
10797 11405
11009 9936
10701 10984
11116 10859
11193 11214
11465 11283
10833 10189
9758 9801
11172 11209
10836 9818
9999 10831
10912 11288
10639 10081
11312 10422
11398 9935
10824 9947
10209 11172
10112 10694
10985 11029
10991 11538
10817 10197
10300 10061
9792 10056
10210 10530
10166 10872
10849 11169
10127 10622
10857 10599
10697 11323
11275 11063
11235 10630
10758 10633
10297 11073
10315 10464
11270 11078
9786 11440
11309 11252
11242 10216
10643 11231
11142 10974
11371 10036
10517 10998
10353 10125
10098 10548
10506 9953
10509 11315
10838 11008
11495 10654
9891 11182
11125 10554
11085 10489
11077 11117
10973 11062
9744 11356
11024 9961
11313 10328
11026 11019
9878 11352
9900 11110
11280 10229
11210 10408
11151 10666
11369 9982
10986 11160
10310 9815
11464 10641
10218 10111
10486 10481
11535 10109
11262 11272
11318 9772
10183 10941
9933 10828
10869 11534
9794 9948
9739 11319
9867 11471
11339 11421
11295 11450
10344 11058
10143 10839
11518 11255
11528 10143
11286 9764
9896 10441
10051 11404
10069 10533
9795 10018
11474 9762
10951 10428
10499 10098
9821 10766
10614 10804
10650 9876
10675 10585
11292 11531
10679 10971
9970 10393
11319 11003
10252 11106
11428 10178
9720 10429
11065 10053
11064 10645
11328 9886
10305 10397
11203 9894
11327 10221
10625 11508
9800 9952
10249 9965
10157 9893
10339 10462
10751 11308
10514 10443
11297 10132
10579 10336
10880 11486
11209 10469
10638 11392
11302 11461
9986 10901
10131 11112
10955 9972
10918 10308
9807 10663
11148 11038
9836 9718
10061 11428
10232 11220
10227 9741
10359 10700
10428 9778
11414 11514
11298 10596
10624 10305
10188 9862
9894 9888
10284 10792
11534 10905
10595 11411
