0 135
2 616
1798 1459
1795 830
7 1172
1791 1080
10 696
1790 1452
12 1389
1788 1104
178 1153
672 948
87 1552
731 1188
1208 1773
115 657
853 902
352 959
1246 407
1 138
3 1211
1799 38
6 962
8 1487
1794 1384
963 665
631 1469
1249 63
47 1421
1511 938
4 42
5 801
1796 1042
11 1343
1793 1434
1717 154
253 746
1247 1112
1135 988
1574 1765
238 151
1356 1323
9 647
1797 457
14 87
608 414
1627 77
982 1660
1629 1740
1652 1142
1191 1729
1564 796
13 294
16 1686
1067 1254
1195 887
326 1377
240 932
15 332
17 1595
1613 848
1401 504
1527 1286
1659 677
266 609
763 1359
1741 743
619 1144
1164 1089
690 156
429 376
114 1703
455 472
20 408
372 110
1119 241
128 139
742 740
1306 1659
625 1583
297 162
18 1307
1711 1545
1036 405
19 776
22 663
893 1028
1122 614
496 258
831 460
1622 770
414 1358
655 487
145 1733
1288 1756
137 1059
1493 1680
1331 1019
1345 610
789 1691
222 1148
25 1589
1471 715
175 188
138 47
23 687
24 1422
1499 1189
1094 1033
1075 1456
1603 664
184 150
281 96
1095 249
969 1705
538 1354
27 494
1578 943
559 840
773 1353
153 1205
640 269
21 1553
28 321
1071 1315
1110 564
1664 1479
644 1290
1505 374
1547 777
57 285
156 866
1170 1191
751 1555
26 131
29 882
30 1667
43 1654
702 217
780 291
1438 953
881 813
285 924
88 779
306 1194
31 175
32 454
531 212
1715 186
1750 970
950 1029
1554 531
33 1579
624 1352
155 68
1307 538
1500 1492
1534 1332
34 931
1641 1178
1643 323
857 340
936 1661
1366 540
1426 1344
1302 9
35 1538
364 153
586 5
509 730
894 566
1147 860
873 1081
922 426
1671 1097
37 581
974 1374
841 886
259 562
461 1717
674 121
1376 303
38 1038
370 506
1453 1401
906 618
712 912
36 224
1378 1183
1290 126
918 1463
1466 1760
1556 256
192 448
803 1453
1593 637
40 1388
1137 585
629 862
1061 766
1424 1547
204 748
1575 792
381 45
1224 1157
1279 1522
1583 879
41 1067
288 59
948 229
1226 726
1034 569
1789 1313
1406 1362
481 85
383 1248
1129 146
39 118
42 1597
44 367
916 884
1167 594
345 1228
1517 417
602 626
116 1625
848 387
824 1531
1416 1186
45 1246
1082 775
1506 99
1213 587
915 439
148 941
426 364
46 1529
526 1449
264 592
905 598
1369 1682
1754 268
522 705
1102 843
1443 1232
482 493
48 469
1072 1063
1489 198
1269 1582
1375 1761
727 1741
1792 991
1540 402
1283 1500
685 568
562 1485
1011 1536
1151 989
1681 1197
154 1758
439 1287
1230 1057
50 809
92 1226
550 1792
1313 534
355 443
1260 1011
49 1277
1459 89
1409 1035
1395 1510
201 1611
52 479
53 310
657 815
988 1738
997 227
837 543
555 1619
987 1428
55 721
529 627
456 1281
1341 731
826 1267
143 1642
51 500
54 491
968 1666
542 1160
686 26
56 958
1273 1238
1150 360
738 1152
1104 115
388 206
732 1548
76 986
464 280
903 57
700 997
63 966
274 108
59 1269
867 73
1760 1648
1660 40
924 1587
316 597
251 577
1709 385
1666 325
1299 30
58 915
202 1498
68 315
813 1410
1682 895
1694 381
279 182
61 1475
858 239
430 286
1672 440
829 517
1587 1774
486 1497
1753 1461
60 58
1235 214
311 253
855 72
62 593
487 475
304 79
795 1339
1021 1769
1707 521
1084 0
64 759
217 331
136 1010
65 1535
940 1065
1775 851
807 1288
676 435
337 818
66 822
336 155
1581 1336
1078 756
1296 857
568 960
479 829
160 645
195 582
1105 1739
507 1181
67 1117
899 607
1693 699
1293 690
127 50
196 1224
962 1572
675 1381
976 1235
328 1495
246 1486
1111 578
589 1715
1704 1507
1054 1621
262 950
69 1542
70 128
71 272
1579 1450
308 509
375 1684
521 934
1382 409
704 906
833 767
72 763
949 852
168 1721
1118 893
668 22
695 1039
73 1291
241 838
1472 35
1669 1073
261 1167
955 1147
103 180
111 1629
74 984
1389 398
1586 1331
1022 1217
533 353
1483 1014
75 922
1239 688
1073 1731
998 1251
1203 1109
404 855
1006 1367
996 745
1146 1210
1519 905
565 684
880 539
1079 1603
77 1736
305 1074
284 1399
271 917
78 754
275 489
269 1077
821 1791
1038 1431
260 1365
79 889
1168 1746
838 213
211 773
81 1058
1636 648
268 1335
584 570
1015 1427
1498 944
530 1797
823 1558
817 961
1162 1206
1133 907
811 1730
1415 1451
1474 1787
889 1433
310 164
243 245
1642 1651
412 1171
1520 1017
1357 638
532 1119
815 1390
249 123
80 1170
83 1679
84 455
1264 171
440 1037
129 1169
86 1143
1205 218
544 1565
730 1243
714 1265
913 560
505 27
85 257
1163 397
165 992
1766 1616
681 819
1270 646
163 1124
1400 1214
82 1468
1670 589
124 784
139 1580
1252 873
1763 1599
1418 53
547 1473
379 850
89 825
327 1240
861 707
1496 1706
468 528
806 1378
1757 533
290 1292
1012 1266
759 55
984 165
611 926
1781 892
91 1639
980 66
1241 867
1543 1334
1048 650
90 1382
191 113
590 19
1106 807
1138 890
457 1501
1491 1229
708 1268
1594 881
93 75
94 1138
967 48
549 1620
601 875
512 1704
1431 717
583 1710
315 1747
934 134
341 940
1225 255
1132 380
95 903
713 1342
485 1176
983 312
96 1345
97 1115
943 1316
130 575
1223 678
98 1368
1216 1375
749 1031
846 293
221 936
408 964
972 190
1748 102
941 826
1390 750
193 1430
883 205
405 1322
1258 1480
100 702
1014 412
1739 1436
1026 608
1468 563
1231 706
99 1488
101 1151
1407 772
1448 366
1614 1768
515 1708
1452 33
102 973
1194 1405
335 580
1155 995
772 1534
1298 512
295 951
612 535
276 1744
104 1366
208 668
282 898
927 1663
438 91
1691 1174
513 877
495 1134
1773 11
1234 802
105 1598
256 1525
785 930
618 526
1295 1066
1154 634
108 137
872 1023
758 1677
1256 1517
1548 1306
1509 219
1233 579
109 94
1343 1695
1210 1325
1315 1242
662 1129
792 695
1394 1734
107 109
110 728
1700 1054
265 771
1320 1062
632 1719
106 861
188 1156
942 336
1522 1261
215 553
1160 1699
112 1573
921 451
270 1550
1364 396
945 1752
691 503
1584 1606
390 1
638 105
606 1504
1202 1439
113 700
1185 1404
1457 644
1359 1239
800 788
1521 1474
560 158
847 1285
1373 252
159 1518
1074 31
747 527
152 259
422 805
118 1162
119 811
653 1121
1427 133
748 1649
1730 643
257 971
117 1087
382 234
1062 1369
1486 369
1387 18
451 1521
227 1090
121 52
814 1116
1243 1560
466 1195
1093 1099
994 1617
1464 670
1392 712
1634 1432
576 1519
120 619
123 785
1115 254
1144 490
125 1360
1620 1326
203 1140
617 1008
122 1735
126 659
1204 1321
1354 841
1024 704
665 1683
1485 284
932 1394
403 513
1606 148
1381 1219
933 1107
1719 106
1776 1068
1402 1027
1196 583
788 203
1772 572
131 459
1487 196
1454 996
149 223
723 821
490 1036
502 870
580 876
1361 1088
527 1563
133 1591
134 1737
556 933
1125 834
1044 485
1004 1424
132 856
135 558
1470 1118
1624 1164
1731 636
1305 1271
1727 3
471 1004
1181 1418
1393 837
650 1071
273 95
573 390
1755 1514
1580 1416
884 238
1114 1423
140 1187
627 4
597 1640
141 1253
896 1429
545 680
1173 202
142 921
1287 681
1358 197
973 666
367 908
1391 1790
1068 36
1497 1512
144 725
302 675
746 872
844 868
1653 1472
1158 555
1003 1294
1277 237
1199 482
331 1658
1031 343
424 827
1577 1324
442 671
762 1050
167 1125
939 1697
830 471
1601 1781
220 200
1229 232
236 1437
146 395
1605 605
1145 611
1535 727
1628 149
1046 1202
1008 508
768 532
1276 1559
1484 629
1056 1201
469 1471
1000 1643
147 1662
150 1108
151 54
926 919
569 14
1141 1082
999 1789
693 1578
389 859
1408 1505
609 878
1705 1139
683 1624
687 1372
863 365
1688 1273
1032 1289
701 1508
1738 1513
603 296
1131 441
1644 1561
157 691
1736 1263
663 656
1724 1709
1039 1408
1297 309
1600 1630
1265 1403
368 463
809 1305
1200 1280
1242 393
161 1006
634 450
433 1012
1157 808
1309 76
162 1185
1625 358
242 720
158 1193
312 1052
492 1111
1101 732
278 1696
1502 794
460 791
654 1400
1439 410
1227 974
1327 1094
1060 649
164 774
1515 112
1749 518
1774 710
1783 574
1684 864
958 1593
1463 124
166 497
1668 1155
338 470
169 814
258 1588
859 67
1649 1443
778 565
1530 355
170 1075
1190 955
587 1122
1421 1043
419 297
1027 1655
247 1788
231 896
1662 652
508 709
1045 1093
1254 1380
919 1040
1371 918
183 246
171 338
172 1102
173 524
1553 97
1539 1244
524 281
1697 204
174 1096
938 653
1723 1136
910 519
989 1426
421 1720
1638 1106
176 90
1207 167
254 1653
979 361
1451 622
1219 274
1623 601
1770 277
887 1337
986 1130
694 1247
1551 1350
194 1016
766 947
401 1419
179 956
180 1196
684 603
1284 1636
200 449
177 1132
207 136
432 1622
181 163
182 1672
615 1527
1780 240
1458 1420
1066 737
1640 686
1567 1141
706 1113
1501 844
516 1516
1175 1264
1461 833
745 1053
1033 1799
186 499
703 719
1334 119
571 207
185 1728
779 266
1214 755
458 1044
225 529
1340 1716
187 288
448 1009
874 969
189 21
1237 1025
636 413
1240 1166
534 362
1189 140
1609 13
1422 1098
1166 1554
664 1596
332 1356
1647 1309
966 70
1201 1069
294 1751
226 447
233 667
1590 1299
812 1000
296 132
912 1532
411 1051
1651 910
546 403
1758 1448
1414 221
1149 722
667 683
197 1546
1546 44
445 716
198 1317
314 1515
190 1745
199 308
540 828
1550 298
995 1207
1508 172
349 391
497 542
1321 516
715 1259
280 762
399 319
360 1407
1280 1298
850 433
1099 1279
434 1120
205 1581
1109 65
1355 1308
954 1786
301 1001
1514 220
594 891
970 1347
1379 1435
552 1669
206 215
209 1771
210 278
472 741
1333 189
450 7
1504 210
793 8
1148 464
212 1608
1469 1391
741 388
320 1549
935 1652
1784 411
1188 201
794 697
1001 999
923 1060
1435 536
214 1645
1442 757
1494 945
566 169
643 1249
1002 427
218 1030
362 1612
1566 1227
1513 1742
1488 216
799 438
652 37
213 546
216 1209
852 1635
1769 1333
1716 335
1028 1348
483 1569
820 1600
219 1417
1206 419
1308 985
223 1341
1086 1070
1090 28
1049 373
224 178
339 545
443 846
394 193
1768 371
347 389
397 1722
1690 1676
765 1692
1344 832
425 222
228 1634
447 502
1251 975
1689 434
819 1114
1153 1509
229 795
230 1544
1080 275
384 306
1013 467
1765 236
739 739
1733 625
1510 714
648 327
234 60
313 1690
1687 1127
514 797
1367 1198
707 894
232 1395
237 1371
267 348
427 858
1718 810
658 326
358 1055
235 1499
671 130
239 46
1353 1785
463 537
1785 49
1560 552
1476 84
1063 372
886 17
1108 1586
965 1496
1665 295
946 344
1585 144
244 804
350 672
868 523
633 824
1222 1702
386 480
245 631
1180 1641
1324 1225
1035 522
1267 141
1679 1604
1310 820
1009 979
1088 913
1639 114
888 1445
752 977
1595 718
299 1543
1152 1034
387 378
248 658
250 1100
952 1364
1025 1523
1055 1570
252 357
1667 1491
1278 1078
1674 416
504 547
255 177
1232 1297
1467 899
977 465
1139 333
380 1539
1735 628
1559 1085
551 1002
1419 1411
1637 473
1756 456
1370 318
548 1293
726 1713
1599 399
937 1184
321 871
1589 1470
1212 1128
621 1638
518 869
770 1772
1050 1759
1130 62
1019 1076
1064 1575
835 1688
1686 1275
802 314
1328 1484
1607 783
736 1213
1398 1392
1091 1571
1097 1084
263 1175
639 263
1428 1283
287 1718
1778 845
1478 1711
1081 244
805 1024
879 1204
525 317
511 800
272 1278
476 330
1695 639
309 576
1728 541
1077 1282
1377 69
277 768
1492 591
1192 640
395 1687
1626 901
317 86
774 1257
743 1656
561 1177
436 458
283 781
528 1712
1339 1454
1582 1340
369 1048
1030 39
435 949
1053 78
385 1319
1761 1250
1197 486
688 676
1100 6
1304 1793
1433 1502
286 976
1383 436
1742 143
740 370
897 1312
289 983
1217 761
1323 1397
348 1478
291 1385
1209 283
735 302
292 1632
293 1607
1615 10
750 233
991 495
1362 888
1325 1567
453 660
298 363
1591 510
1701 1693
1533 1556
659 1376
1751 481
1447 1763
575 359
1677 117
1746 1064
1631 600
300 160
816 101
462 1146
784 421
303 1610
900 1440
1023 147
1713 260
1633 1415
1005 25
1726 630
517 41
307 863
1020 1657
473 1674
1680 51
957 501
520 1530
673 596
1351 185
1706 511
1787 329
373 928
843 368
1747 349
1558 1330
1268 920
1255 1540
1159 790
1317 1647
878 1357
947 98
1673 176
1238 1260
318 1585
827 1628
1571 1748
1059 351
836 613
851 559
1621 1503
1329 404
975 474
319 1671
677 1215
1618 103
1531 1301
322 145
323 1338
1286 1494
1318 316
1490 967
324 1346
651 624
410 621
413 225
877 744
862 817
344 1460
325 965
1611 854
1069 1689
1248 1013
1186 116
467 483
1386 392
329 1727
1744 81
882 461
840 1541
330 1212
1524 191
363 1796
1617 604
1405 1018
334 1135
1473 1794
491 1511
333 1061
666 1631
734 1783
1479 1592
342 798
920 674
499 654
340 324
1397 1762
669 92
1346 1664
1399 356
1010 573
760 1150
343 1131
616 1387
1326 994
635 588
346 23
1338 1180
1764 1159
420 1775
1282 1003
771 187
810 880
592 74
1555 590
351 235
981 346
725 452
1592 897
724 1447
709 125
1116 571
1786 1506
1777 1173
353 1701
354 556
1126 1723
1630 1083
428 1413
356 760
376 1767
1712 1220
1117 1393
519 1110
359 1402
357 1272
465 1258
361 1199
909 265
378 1465
543 228
600 161
366 1049
1646 749
1661 1524
782 927
470 157
866 1481
721 1318
365 261
1385 1123
1596 842
1322 900
371 1482
1481 831
931 401
474 1466
374 993
1182 446
1347 911
1619 181
377 1221
849 498
951 230
1220 520
953 1726
1301 1489
864 1615
692 925
599 429
1337 1724
1608 231
1655 1361
818 914
1460 1743
1316 1637
993 1623
1710 1329
1729 1020
1413 1255
798 1056
1650 342
391 262
392 1149
1752 617
1193 1673
444 127
393 209
796 183
557 708
396 1675
398 247
628 418
1384 1700
1612 311
1656 1441
1417 551
1311 736
400 1562
409 515
1675 673
1480 1754
402 170
1632 1086
1363 698
1300 345
645 883
1120 769
696 1165
406 1284
407 1665
1085 341
944 1133
477 946
764 812
415 313
1645 729
1576 422
416 606
417 1208
418 1302
489 270
679 1526
929 689
1070 1363
895 394
1722 561
423 554
1703 1015
1482 734
441 476
1440 1022
431 1256
960 1576
698 1007
622 1678
1430 1270
437 478
1456 1262
1089 963
1714 1154
769 752
1165 507
1720 751
1779 2
446 56
722 425
1523 384
1423 909
449 194
1198 514
1215 1234
637 337
870 299
1156 1770
1429 432
588 1757
1018 1753
1654 16
452 1032
454 1304
1545 703
925 1714
1107 379
1404 1276
956 711
459 1161
535 1349
964 642
1396 423
1767 972
1475 1750
649 93
754 1551
985 307
757 1577
1568 1442
710 806
503 152
554 129
475 88
1441 1328
604 1192
591 264
1507 442
1016 758
478 1457
790 874
1512 1749
480 1698
1274 1072
1043 1566
1495 276
1477 1370
484 375
605 1784
537 304
787 1021
971 107
728 267
1275 492
488 662
1676 406
1525 1158
1143 383
493 428
1444 1179
1692 586
875 43
1017 1458
1708 305
1092 916
494 954
1388 1351
682 1520
1244 549
498 354
1236 1296
500 334
699 793
501 1601
1380 1778
1253 1782
506 641
1042 803
1410 786
1372 111
510 120
1561 865
1171 1537
1734 669
1134 978
1532 142
610 701
1528 339
1142 279
579 1618
1565 816
1178 1311
1350 159
523 386
670 122
563 320
719 453
1683 382
1271 612
1172 251
822 937
753 430
1360 1780
680 942
865 1045
1572 1379
1292 981
1076 1168
536 1444
928 445
1040 782
756 273
539 1681
871 1092
541 1584
1544 530
1412 1644
1272 987
570 1483
660 292
1007 823
1449 847
1330 1557
553 615
1368 80
689 655
620 764
564 104
558 1355
647 1425
1285 980
761 1776
1597 1766
1782 1528
930 1609
1557 1231
574 466
755 1091
1051 885
567 1614
1262 632
581 1137
1658 1005
572 424
828 952
1570 352
1058 733
1174 1670
1445 208
1121 505
577 1779
578 595
1732 1490
791 1145
1029 431
582 693
1573 29
876 488
744 1373
585 484
716 83
1083 1310
1420 100
902 1103
856 990
1037 350
593 1446
595 300
596 12
598 742
1289 787
1737 15
1303 199
1319 1605
1176 694
737 1568
898 271
607 1650
729 82
1184 290
613 1245
614 1777
1336 692
907 1203
1065 525
1218 496
1699 935
623 1101
1702 61
626 1046
890 1694
630 1613
776 1274
917 1237
1250 166
1549 301
642 557
711 929
1113 437
641 635
646 1314
656 738
661 724
959 1409
1228 1627
1266 248
1348 548
1127 1105
717 661
1221 853
1588 468
678 242
1450 192
1516 1041
1261 1218
1437 174
1529 1300
1136 1200
869 1216
1465 584
1436 1438
1103 1533
1657 179
697 544
1698 347
718 250
705 550
1538 1230
990 957
1087 799
1759 939
1562 651
1604 1795
1526 1182
1179 1477
832 1303
961 1163
1462 1464
720 780
834 633
733 1594
1745 64
1432 1476
1503 1764
1352 226
1294 1564
892 1236
1721 1396
854 713
1537 420
1541 211
767 1223
1403 723
885 377
786 735
777 1026
775 1398
781 1414
1161 195
783 836
801 685
1446 168
1762 1755
797 1626
1635 328
804 1455
808 567
1598 904
914 34
1696 998
1536 923
825 1386
1052 1252
1259 32
839 839
891 400
1335 1327
845 679
1648 778
860 282
842 1668
1349 1685
1098 1462
1616 1295
978 968
1663 415
1177 173
1263 623
1257 1406
901 849
904 289
1169 71
1041 789
911 287
1602 1383
908 1241
1342 1412
1610 1233
1128 1725
1047 1574
1245 1707
1563 1798
1374 243
1542 1222
992 462
1518 1320
1096 1079
1332 322
1057 1190
1569 1646
1314 477
1743 184
1552 602
1411 1590
1140 753
1425 20
1112 982
1183 747
1123 1095
1124 1493
1771 1602
1365 1633
1187 620
1211 835
1685 24
1740 1732
1434 765
1281 1047
1291 1467
1725 1126
1312 444
1455 599
1678 682
