0 1139
2 1884
3 1074
4 1380
1896 1643
5 339
1895 1672
6 1710
1894 501
7 126
1893 582
1892 1610
1891 1060
10 1536
178 900
374 683
1640 1898
67 742
620 1635
1345 1216
710 1806
1266 1624
1594 1466
1 1232
1899 1542
8 1361
9 754
1597 1875
1014 129
885 572
455 903
1871 741
1790 514
1701 1571
11 1218
12 713
1717 1891
1407 1052
168 1348
1286 1014
1008 60
1712 453
919 1383
1898 891
783 1669
1290 402
1085 231
845 369
920 1877
1897 567
13 1608
14 424
1098 1763
837 1223
1839 362
896 1005
1026 318
1137 406
1880 212
1614 947
1089 1686
625 395
367 1631
1464 1522
1326 1110
1445 1858
909 706
341 633
252 842
1167 21
15 1521
106 1612
1289 757
364 735
746 696
780 87
671 732
16 425
690 570
256 1081
92 590
17 165
376 1728
69 1518
1661 1038
1523 260
701 371
1513 533
356 1111
1150 200
1779 1752
570 745
18 929
19 403
344 1417
865 878
755 204
1027 963
1855 926
650 791
1618 1002
532 840
526 1500
20 1583
21 962
838 1421
1546 253
1687 798
546 1784
22 1463
1223 784
1503 637
942 909
448 1491
827 1414
841 1180
1073 421
1436 378
1203 1810
1079 307
1054 1065
1760 1229
1398 1478
1362 1758
1237 802
23 408
24 1766
1499 630
923 1004
826 1526
1652 1714
1669 1834
1683 258
431 328
752 1320
76 51
519 1239
1181 681
1654 475
1883 522
1852 176
814 1651
900 302
939 1819
562 992
1327 305
271 265
758 1144
25 392
27 470
291 833
1781 1464
1889 294
1347 1097
427 117
331 679
84 808
28 481
1856 1773
709 1042
1775 879
618 1375
1533 1867
1667 1653
1558 1821
26 1830
1866 473
1295 601
1091 324
1198 1615
1309 85
1531 635
541 1241
354 780
29 997
954 1471
775 1266
1759 155
1846 1646
30 1410
617 411
1415 1079
784 399
96 1554
31 390
32 1439
459 777
57 805
148 439
1522 1128
952 346
624 774
1655 583
387 759
34 804
1641 1720
906 593
281 1649
314 535
161 1748
297 13
1453 507
450 1086
641 12
35 1346
877 1753
421 1805
911 619
36 1698
212 1368
1843 493
1330 116
652 331
1795 306
33 1666
37 1326
666 854
1482 1040
1805 247
272 1447
901 20
1887 405
728 1199
343 288
719 756
1044 1549
258 832
1505 807
316 758
687 1524
1278 1461
38 893
39 1412
1036 142
1725 841
305 1202
40 1162
1828 1391
566 482
696 689
1107 1185
308 1277
1462 500
42 1822
1854 488
70 586
351 134
174 919
298 437
505 1054
41 985
89 687
262 1871
1440 800
312 672
766 338
798 678
1584 726
1242 1153
227 1718
833 1295
633 693
349 208
43 722
44 205
1716 112
470 78
45 625
162 1888
409 1280
268 1541
1823 930
105 568
392 1255
46 543
1379 31
346 927
630 229
213 565
47 50
866 1093
928 1683
420 826
871 206
1122 1051
1138 738
48 1839
768 1349
592 1210
733 53
894 1559
1516 1273
49 653
187 778
1530 971
1366 788
310 268
1363 370
554 521
484 620
1508 327
50 1029
1544 585
191 1166
997 84
463 1700
1348 189
1617 166
51 855
1858 299
1766 1476
1517 1782
1642 315
1007 1261
805 843
52 1843
940 262
133 1363
264 1798
53 263
1380 1023
150 1584
740 391
458 782
795 1298
957 1319
1873 5
1886 869
229 1825
1695 1465
466 949
54 555
1358 1629
598 1813
1682 1289
801 1801
1518 1041
55 66
56 580
1732 172
1804 1293
1102 10
874 1709
1029 74
970 264
1058 469
1870 1575
1423 602
1055 1444
1424 1778
58 752
117 1147
1258 1428
1704 616
125 1495
1304 374
522 1738
1040 286
1429 368
1703 830
59 254
93 1263
595 881
1171 1652
156 213
1022 300
246 736
228 505
395 1033
1272 1849
61 906
1200 1419
429 199
1692 503
1361 432
1367 491
62 1433
1800 519
1816 1036
102 863
1396 75
1284 1814
60 1448
63 641
253 283
1656 718
508 576
1323 1577
1433 862
1636 544
1842 839
64 769
1141 556
186 727
247 579
948 154
1416 940
574 1628
1408 1457
1496 1717
993 1292
724 1509
65 1316
683 1596
1062 1247
551 850
66 1833
1876 1284
790 517
803 1123
1023 1100
1475 948
1480 0
1735 1812
68 295
419 100
1236 457
1339 1179
1204 358
1337 1101
589 1106
134 924
98 471
964 1879
1650 344
1196 1113
236 753
732 1727
240 1626
1807 427
605 847
1853 1134
1372 180
1849 618
71 836
1303 1886
523 483
1069 1607
72 538
1313 1379
1509 333
1116 559
1770 149
771 102
1785 221
73 1167
990 887
377 43
1276 35
850 1774
1814 1161
996 1358
1113 1545
494 396
413 828
372 25
128 886
1336 827
75 291
1409 731
1711 671
1030 1853
1547 1201
74 1807
77 816
1099 648
1521 1198
347 1310
78 1862
275 908
967 631
330 32
1820 587
883 1445
915 809
1071 785
79 1861
80 1385
194 1483
984 1820
1075 701
478 1523
779 365
254 418
1318 1209
81 1537
889 1866
417 995
1331 1887
1261 1531
82 917
83 920
1114 1838
1848 1069
658 1403
1264 1027
1215 280
763 750
85 1582
727 972
1662 354
1357 1452
1719 1755
1502 169
1175 477
1681 936
1832 383
835 799
1579 1226
1605 1682
267 1183
1705 157
1838 656
138 1254
243 764
1388 965
608 907
1009 119
242 182
1771 461
352 104
1103 1786
87 1438
88 660
1097 529
693 1219
1283 1764
1663 1336
1145 1494
1678 147
1013 541
320 691
86 244
802 772
279 1574
1867 1067
1184 991
665 1656
498 380
90 1073
1788 825
1520 1425
1015 677
315 499
1076 819
703 1674
930 1458
112 489
1630 875
91 558
660 1781
639 1265
1305 1623
1111 1688
769 148
1769 436
1812 420
564 915
189 684
485 794
1152 251
408 1617
94 1400
615 422
406 1006
507 1661
475 1055
670 1721
95 313
713 207
1192 644
159 814
1302 790
1553 1705
249 351
642 561
720 1598
184 1367
1568 685
1012 1780
426 1865
1220 217
1412 1371
1387 1486
708 1870
1417 1467
97 1397
1743 1544
326 1535
1490 1378
1183 1160
643 531
1426 1855
99 1359
100 659
1082 509
584 1011
1377 793
556 41
101 1279
1545 1253
216 1205
1241 1533
1422 1252
123 1637
1674 1095
1271 1664
332 48
103 1369
160 1562
1105 1704
294 301
1072 398
1292 1012
104 1654
706 494
442 1342
1121 468
553 1290
214 185
1657 1297
1647 1015
1066 1242
153 1401
300 1010
107 1078
108 1059
1624 1889
918 1743
980 1333
1786 1569
109 1835
190 1470
1478 1317
1353 28
1680 1103
110 234
843 563
215 1260
956 1667
530 1141
799 588
1172 1791
111 1719
307 770
462 440
350 1885
1218 1701
540 1146
1207 479
1782 812
1463 1155
520 101
691 209
804 1828
1830 1639
1392 363
1209 462
1512 865
113 163
114 397
953 606
1132 343
528 690
594 1393
285 345
461 1009
1033 870
656 723
144 999
684 412
1809 666
1863 186
115 704
116 1377
1341 829
1570 62
1609 36
157 979
204 152
152 83
278 983
1612 1258
681 600
1177 1723
1659 248
961 323
1498 569
118 969
119 626
386 1056
891 1585
131 124
1090 350
1604 1243
120 1345
921 708
739 1570
324 921
121 914
1549 1787
1006 191
791 1525
1133 1499
122 803
1001 322
1108 1276
451 1291
473 1878
1300 1130
1713 504
949 1455
640 1327
525 1840
614 1235
124 1846
1620 1172
1476 797
340 137
336 1785
1221 990
836 849
126 1306
1460 1373
1494 734
468 1311
606 1568
1435 1751
1384 1107
912 1837
846 17
127 190
1629 1251
206 46
129 902
1391 574
348 896
1535 877
561 1600
130 404
1024 459
1487 545
132 1339
698 131
259 341
1864 97
1359 1104
158 224
1585 202
412 694
1188 1658
645 998
135 1328
404 578
136 269
1815 296
738 464
303 1487
1752 1759
137 508
815 1659
971 1003
1025 964
389 1422
590 426
1049 1725
139 702
533 1343
1601 1105
1294 933
140 1195
1017 88
1470 1809
141 1381
1690 1112
750 873
1166 228
142 419
1381 1776
237 240
143 69
549 575
596 1021
537 467
1235 934
205 1020
717 905
1486 1510
145 1177
649 434
1135 320
1376 297
147 1035
667 943
1268 64
657 252
1245 871
1862 591
1081 821
146 710
969 1108
1551 889
1829 47
422 1237
945 1678
616 153
211 560
280 647
536 316
777 1008
1043 1382
151 1504
557 360
514 762
580 455
1789 1191
149 1282
756 1151
1744 1580
1689 1797
735 133
1115 1121
154 79
1485 834
1333 712
688 913
1479 6
933 57
155 539
1394 1750
179 1272
1232 643
438 711
1104 1416
1155 866
182 1344
1817 1158
1730 1548
692 70
1872 1576
1180 1117
963 384
1639 292
1016 465
610 1047
695 122
1262 261
1541 614
1035 1357
287 1890
207 859
414 1450
1488 818
503 1632
411 311
1088 852
166 1662
358 89
1625 1604
1096 108
722 151
1328 1084
1064 128
1525 858
1722 314
1500 573
960 526
1109 1775
163 1593
164 1556
165 733
1834 446
428 783
1691 1278
167 652
1607 1436
968 1285
357 923
1199 309
169 1063
1573 1660
1564 1713
1738 1697
943 1418
938 1530
1355 632
705 1374
1239 1803
1257 1442
170 451
1117 1301
176 196
506 1647
965 175
171 1187
172 1007
443 537
609 1592
559 407
1307 974
173 1665
548 749
631 640
1301 1441
317 888
1217 848
712 68
363 1092
1543 763
1038 823
405 1508
180 918
370 1018
515 1845
1291 1557
1231 978
1757 1692
175 484
1686 1256
1159 1354
1050 223
1746 1563
1208 634
177 984
822 492
306 775
1360 546
1214 452
1349 760
1465 817
1506 442
792 1178
325 454
736 663
1310 1206
1147 1641
1792 779
1144 415
685 95
1063 1365
1515 1392
925 1427
844 445
181 595
183 1854
863 1204
486 45
543 22
847 1496
482 1513
675 1214
1511 688
185 599
322 197
778 92
872 1696
1403 7
1057 1384
1593 1404
232 699
318 1356
196 113
1128 1364
446 1519
188 952
500 429
371 692
1374 42
1646 1267
1338 279
1397 510
1821 960
1267 942
1623 1217
941 1453
1450 1031
1373 183
192 111
1324 1315
193 474
299 1558
1458 1250
492 267
329 835
1032 968
979 136
669 698
195 325
905 1061
1707 904
702 463
1414 352
435 1434
1548 1269
197 1131
1255 266
1378 1407
773 973
1340 820
198 1370
962 52
200 1193
425 118
910 667
1791 523
1580 1352
1529 1481
201 177
1371 1145
902 970
655 1779
1421 880
199 194
1824 1873
248 367
202 1137
203 636
360 1389
1191 49
991 237
1095 882
1385 132
464 955
870 1547
1783 1323
1638 676
1201 1634
1569 987
619 1841
848 1001
1796 1230
538 1506
476 1430
1123 1398
621 977
208 1127
1045 423
209 1098
210 697
572 1712
1094 557
1459 937
1444 1532
811 1581
1708 141
1139 1000
852 988
976 278
1581 717
834 272
1010 1808
1645 1394
1637 1565
290 1827
218 1335
217 895
518 1516
489 430
741 1152
1441 1192
999 1043
1164 796
219 1058
220 1240
378 355
788 612
914 751
1092 1896
1675 195
221 1
222 348
853 554
469 1874
1693 1897
1688 486
223 1165
224 143
328 1670
737 1657
295 1872
547 1597
1404 954
1536 1077
339 1707
1566 670
1627 1019
950 1829
1588 274
225 287
226 496
1776 1138
495 401
410 737
1772 1362
659 359
230 1893
555 912
936 1520
231 1630
1080 1514
916 596
1606 864
479 1802
1666 472
379 1527
534 1618
830 528
884 739
477 511
261 941
1443 1460
1671 1082
233 56
234 715
565 236
441 562
887 1742
235 815
1677 518
1653 256
1100 275
369 82
342 54
888 1094
311 1119
238 604
992 1857
977 441
239 1309
859 105
1125 1625
313 1080
1350 1451
1186 795
862 1472
436 1026
241 255
886 761
742 1687
1468 1184
1540 40
679 1831
1665 1474
1831 409
711 1032
545 1030
1694 746
245 1614
1556 1062
1888 1114
444 159
1083 1037
433 130
1860 577
1136 1892
1878 654
1484 1505
1197 1599
654 1312
490 9
1149 709
250 1663
1319 1462
439 1435
244 1489
1590 1638
986 1606
1430 357
1154 967
251 106
677 1729
796 284
1454 951
575 1681
1495 1330
653 627
487 853
951 714
1591 214
1457 1169
255 1140
504 1794
1747 138
366 125
1129 1454
1051 1213
380 417
782 171
1672 1551
418 1171
1297 238
284 1334
1660 729
260 1722
578 651
858 613
274 655
257 1225
415 661
1229 1122
1270 1765
1810 1022
263 1731
1399 1338
1633 1818
265 1741
995 1300
583 1768
723 1691
1178 668
375 386
1126 1174
266 801
282 516
1438 450
1317 649
1664 1587
269 1057
1745 140
1205 680
1728 39
270 1132
1528 646
1534 1102
362 1543
1325 1484
1041 312
1078 222
1364 776
334 376
1446 225
273 1609
1156 1341
1466 892
1419 109
1501 235
465 1413
731 1197
787 594
813 1314
1332 1736
757 1816
276 1601
1724 1034
1600 1760
383 219
277 1572
1799 1099
1431 1539
989 1248
864 1120
751 1159
1077 765
1263 304
1383 1090
1195 1746
1837 1832
700 1482
1684 1534
283 1636
676 1196
647 1826
603 1507
286 1695
1755 1424
714 1594
288 11
800 1115
597 61
816 366
1803 768
289 96
493 1329
812 86
1778 1560
1734 786
292 250
1176 1851
745 1129
327 1024
293 922
335 1083
981 1895
1170 925
576 1220
1084 379
1131 317
1615 1733
1335 857
1020 931
1582 156
582 1655
296 1415
937 33
1780 81
400 373
1840 540
808 1694
1410 1603
828 1429
1254 485
1715 1236
1210 428
587 946
301 542
861 1690
1731 605
302 377
1576 532
1368 935
1761 911
496 145
1869 1322
661 1677
1405 592
1526 1148
304 610
1477 607
760 1757
1622 986
1065 480
767 622
593 945
1158 188
1101 1142
1706 337
1189 959
586 1440
1124 456
744 1792
309 372
1370 498
599 167
1428 162
1765 1588
481 1405
1811 1049
646 703
323 449
628 868
1086 1402
1879 1203
959 1493
1234 1735
511 1767
1070 29
1212 1844
345 993
319 382
1162 19
1280 1586
579 201
1784 1517
1884 242
1277 1676
612 1347
1577 1540
1127 1050
321 721
842 771
1037 1538
1230 1566
1216 1173
994 976
626 218
1567 1044
1742 1783
1773 1406
480 525
1260 1303
1447 30
1700 743
1413 1468
333 1579
857 1790
635 1238
1835 716
1575 168
1595 1899
602 885
729 161
944 334
1473 438
1861 1246
983 1622
772 388
337 617
338 1485
1395 981
1321 1726
704 44
1676 24
907 824
591 336
824 1366
1483 1268
1596 520
694 114
1110 1644
1727 838
1586 230
571 1684
972 1423
1736 1864
1352 1208
1472 1337
1882 65
917 1605
1493 1211
353 1693
879 1189
1382 1699
1246 1399
434 1325
699 144
1296 1231
355 38
550 846
806 270
1572 1133
1768 164
881 1118
1067 385
359 767
725 898
1868 497
397 1620
1351 23
361 1498
781 1168
1334 639
1061 158
1504 332
1048 662
1552 1708
682 536
365 476
1859 1788
524 1715
1519 184
1365 1245
1748 890
581 293
1420 1408
1851 1578
1202 1740
368 1501
502 1039
890 1150
373 361
1256 1257
1767 624
1227 897
474 629
776 611
840 899
749 609
1143 1602
430 664
1774 1645
381 1799
1467 1332
382 298
1226 282
975 1561
531 1296
577 15
1269 146
818 1488
1696 121
753 1233
1538 1850
384 1125
897 1573
1631 289
601 1724
385 700
388 1017
1425 524
1763 1869
895 1800
1406 1511
1491 1863
391 603
1329 246
390 669
1052 1096
1252 243
817 1881
393 414
394 1287
1390 1271
423 598
1248 1157
1265 239
1819 433
1756 876
396 615
1881 1431
398 308
399 695
922 1796
401 1449
629 1351
402 728
1298 91
558 1194
403 1275
1802 506
1813 1627
1299 1283
1714 73
407 950
673 181
1228 1164
1670 1836
797 530
1386 107
807 178
1287 26
1649 553
1847 686
1193 982
1448 725
1185 1390
1259 1045
416 1747
924 674
1005 1313
1039 1761
1046 1154
512 551
678 99
1019 1859
1619 1432
904 1308
1562 80
1668 1673
672 730
424 8
1561 1490
1194 534
1275 93
1250 431
432 2
611 187
1877 811
1169 290
1279 321
1481 705
437 1259
1857 220
1844 1387
1833 58
1163 884
440 1564
1563 443
1644 1264
716 466
1281 837
1449 1648
1699 1135
445 257
1011 515
966 381
1343 1331
873 1294
1418 623
447 1053
651 394
563 1288
449 1087
839 502
898 1076
718 27
452 608
1750 1355
1434 276
1389 645
453 1529
454 658
903 956
674 77
1739 939
1157 444
1238 487
1034 566
1554 135
820 1426
1673 980
456 822
457 179
1753 1281
460 1274
1471 174
1346 1824
1247 1553
829 1350
1559 63
893 198
1474 55
632 1732
1311 123
1777 1675
1587 1744
1021 216
1616 781
1306 259
471 37
467 1046
1710 319
1285 958
472 1091
1598 1181
1542 548
1059 98
1741 901
947 1324
1253 989
1411 413
510 1771
664 1070
1060 1777
794 1304
1583 861
483 435
1148 303
689 1149
726 1028
644 789
985 34
488 748
1697 724
931 285
491 552
1497 1224
1056 1477
1885 867
1000 127
1679 1376
1028 621
1806 740
497 966
1400 1734
499 273
501 550
973 110
1251 1772
1720 115
1723 773
509 1745
1003 1207
932 1302
774 1642
513 241
1611 957
880 173
1797 1072
552 1088
1557 329
1243 1811
516 1372
517 416
622 872
521 1567
1658 340
754 1497
764 227
542 512
527 1066
715 1116
1621 657
1168 928
529 1876
1733 1126
1762 1770
1401 1353
1142 1249
1179 1307
793 1409
982 18
855 1552
1432 1762
535 249
832 192
1651 1555
1130 1502
1560 961
1106 1071
1437 1163
539 792
1249 564
663 1512
544 1136
1451 747
823 94
730 160
1461 281
987 813
1628 1188
1709 233
1140 67
1798 1068
770 478
1589 642
1793 330
759 975
560 1685
849 1793
819 335
634 389
567 1227
568 549
569 76
875 1847
721 1680
573 1228
1532 1437
1808 1711
1118 916
636 1305
1841 707
604 1550
1240 226
1825 856
1685 1446
607 1894
585 16
1213 1386
1510 1880
1527 232
1826 1025
1442 938
1402 1756
588 1650
1211 571
1836 1075
1818 1215
998 1611
868 1222
1865 1234
1190 1395
1219 1480
1626 1590
600 356
1890 1340
1369 1621
1282 1689
1599 458
1161 139
1721 150
935 1089
613 1299
1356 1360
1507 1817
1874 193
1087 353
623 1420
988 1143
789 1706
627 1492
1749 310
680 628
1635 1823
1074 1085
637 1443
638 1186
1119 59
1314 527
810 1640
1427 1848
1632 1789
648 387
955 1469
821 932
762 1109
892 1868
1315 211
668 90
662 72
1342 1852
707 1528
1322 170
1165 347
1274 210
761 1671
1610 1716
1093 349
1550 277
851 203
1174 1815
876 1170
1489 4
686 1595
958 673
878 1679
1537 883
697 953
1845 1883
1634 495
1068 1388
1565 874
734 547
1787 1124
1737 810
1134 1515
1244 14
882 1668
1608 393
1173 1013
1602 1737
1224 744
743 71
929 665
1456 120
747 944
748 375
1160 1769
1153 1860
765 675
1053 1703
854 597
927 766
1344 1244
856 1842
1726 1221
1827 1591
785 1200
786 1613
1794 1616
1042 1182
1233 1856
1524 851
1354 1475
809 910
1146 400
978 1318
926 271
1206 1190
974 1456
1758 806
831 1479
825 581
1375 1016
1320 720
1740 1730
1288 1702
860 1589
869 326
867 894
1603 682
1120 1064
1018 513
1539 1795
1514 1473
1182 1633
1574 1396
1469 650
899 490
1151 1270
913 1175
1316 1739
946 584
908 1754
1293 1286
1222 1804
934 3
1822 996
1729 860
1002 831
1764 410
1004 1156
1455 103
1031 589
1698 1176
1047 1262
1273 994
1492 1048
1850 1503
1643 719
1225 844
1112 447
1555 364
1875 845
1452 215
1578 448
1801 755
1187 1749
1592 787
1312 460
1439 245
1702 1546
1308 1411
1718 1459
1393 638
1751 342
1754 1212
1571 1882
1613 1321
1648 1619
