0 1545
1949 577
1948 636
3 1435
1947 889
4 1774
6 714
1944 1219
7 1057
8 1787
1942 1405
9 1054
10 185
1940 932
178 1420
374 1035
1358 17
1517 1119
1424 394
330 907
1060 1522
935 1752
1682 1395
1 737
2 762
1943 1622
11 356
1941 1572
1599 370
844 1220
375 194
750 388
685 14
1630 654
5 1697
12 1833
1717 1346
123 132
1129 1234
1360 999
587 255
1946 1694
326 798
1119 1204
547 10
836 308
1267 956
545 1109
1908 1655
13 1607
1945 560
1098 284
1804 1879
835 699
816 80
947 857
429 1279
1450 1758
950 286
371 296
1179 428
995 1314
1491 713
1005 1228
14 487
15 1278
1902 211
1365 380
781 675
1115 1855
1911 1859
1761 1684
16 952
1291 961
98 1259
463 1139
232 36
161 1100
1308 595
537 1599
1477 730
813 520
690 407
76 1293
301 936
643 1180
1921 1922
1665 870
1205 183
262 49
817 352
17 826
18 1454
376 1113
1105 973
492 879
1305 1563
1929 745
102 303
1451 1262
19 604
1141 1043
785 1114
1876 1562
1855 153
1408 260
1936 1213
242 1079
575 479
20 1809
21 513
838 1390
683 1159
170 1335
1223 405
1505 1823
277 672
576 855
590 885
1671 489
22 1507
23 1087
929 1788
1689 872
393 1896
845 288
1554 368
1077 1347
24 1337
1499 1338
698 529
1488 1793
1016 811
1463 883
99 1856
25 1666
240 517
215 1082
387 1324
1653 21
26 1245
860 1923
390 113
1157 1832
751 1155
27 35
291 1551
1746 735
1767 1945
256 1400
712 138
1772 245
1701 251
939 1143
28 1483
1856 1122
709 224
377 1460
1695 1488
1639 427
1294 390
555 1023
29 1902
1866 118
962 1237
313 1657
948 1934
1024 1783
1246 53
756 1449
422 510
1476 237
1555 389
442 749
31 1489
532 1078
1048 488
32 1842
779 1221
1807 1504
363 1033
1067 1921
1314 633
1722 1350
665 148
1470 795
30 1233
624 1215
1322 1014
1657 1123
306 958
570 1431
1831 968
1441 761
797 1439
33 1161
1641 1022
236 792
127 1604
1285 1905
1171 558
1627 1876
480 347
1634 1290
35 100
1917 583
855 1005
482 307
444 219
211 1459
1472 1384
1840 1029
345 731
536 1510
34 980
212 540
136 1062
1680 1509
118 913
1735 1542
1493 1442
1420 740
1642 925
316 934
1423 1764
1490 1223
569 1629
1193 419
1512 216
36 481
37 637
38 456
473 1580
965 991
172 1369
510 1706
311 463
901 184
39 322
761 326
1773 1136
1828 935
1333 1032
567 683
1597 1313
297 1127
858 1671
909 1500
1110 741
41 569
1676 214
1915 1010
137 1718
1595 1270
1354 1588
42 859
1435 433
609 1650
508 1284
1020 48
1114 964
173 687
44 12
217 173
1402 431
1713 902
1509 764
1419 465
525 402
1886 1377
546 225
254 578
43 59
1896 1767
386 280
705 692
734 155
1752 408
94 1696
45 1198
133 1746
40 1404
46 1361
1381 1134
315 1505
1345 1310
689 763
47 1665
866 1579
468 1812
757 1643
1606 22
782 1583
207 461
621 750
807 645
485 1425
1297 125
382 1679
524 1822
940 874
1774 1024
695 542
149 191
1139 521
615 439
792 344
57 285
999 728
100 766
1155 995
1576 1388
915 734
1467 336
48 1817
49 1121
50 151
1544 1196
1853 452
1140 665
139 1605
1351 982
1269 1728
1872 942
1458 1765
1538 1016
255 1499
52 321
53 107
997 490
1341 816
769 1668
325 443
1814 1691
815 625
786 771
1668 1623
1888 1055
518 369
51 1502
54 867
1656 715
295 546
158 1475
222 319
338 1424
696 467
1366 158
55 900
1725 581
1925 63
344 535
1353 725
56 984
392 709
739 331
1237 990
1697 988
1073 1197
584 1939
1887 1144
1813 1726
875 1140
1422 139
722 182
842 233
931 109
1747 1472
1556 137
744 1297
723 1374
1094 805
889 249
841 609
72 469
1217 328
1624 110
650 898
1096 979
1736 72
708 4
1099 1183
982 1729
1327 1373
59 987
302 411
1462 62
500 1426
961 846
515 16
1487 1640
646 268
58 206
60 1414
1029 1899
362 1042
1200 290
1757 1940
1194 1675
1486 572
1280 1556
1734 1387
61 1853
62 1367
1286 840
534 499
1841 1578
959 1034
953 99
253 1575
1159 1128
168 437
1184 459
1394 374
491 229
1163 694
64 1275
1478 445
638 574
923 911
65 160
574 698
905 94
1001 1188
1248 509
528 1525
1756 1779
63 41
66 753
151 1496
775 1641
175 146
1654 755
540 680
710 416
385 1674
1080 884
1284 240
1146 965
1151 1898
1347 594
68 1379
1744 1705
954 1634
960 1837
67 801
69 848
589 397
1937 642
884 1391
1837 1289
450 856
755 1749
1895 425
1218 1596
70 391
176 318
1125 50
433 849
1124 561
1868 1717
1616 772
1521 201
438 703
1224 87
862 1017
859 1841
1061 553
1696 651
1272 1444
1690 1099
1107 1838
676 1474
613 247
1299 362
563 0
71 533
73 164
990 822
341 1730
963 1687
1827 1298
74 474
956 152
1920 1740
1608 780
994 655
75 1593
332 1753
1507 1105
117 1059
350 1434
1660 457
1715 1857
606 720
93 28
1659 681
919 438
520 1469
77 115
78 1053
275 555
554 271
908 52
79 970
1052 1323
691 825
596 705
647 378
886 600
628 379
1649 1736
766 1145
1533 1115
1636 217
1307 325
1778 1355
1557 1543
1884 712
788 1372
509 232
177 175
80 202
81 1315
795 904
1033 756
299 634
607 1207
417 1470
503 15
677 122
335 676
83 643
1607 294
653 1750
249 1356
1185 948
82 1698
84 77
1264 1476
1216 548
116 1908
928 837
487 1600
1759 1929
727 916
1233 1047
1596 1328
112 442
85 1768
1134 1541
1880 641
1602 1021
183 770
548 815
1320 659
1017 1045
86 1791
1838 1731
519 523
476 279
883 673
1242 1292
1529 1847
771 157
1346 949
87 270
1097 1819
92 1891
651 1336
1802 597
298 180
129 623
1709 1125
1938 618
1247 239
88 557
89 448
608 1555
1816 966
1645 1031
333 759
122 882
455 1836
1712 1523
1188 302
993 1479
1854 277
90 1334
996 800
369 1243
1801 1007
1770 1230
179 1782
1121 865
91 1156
660 1447
159 1132
1763 1571
967 1772
389 230
1330 1844
1122 1419
101 1322
1150 1514
533 46
228 1299
273 526
1776 1311
220 1738
95 57
713 1138
1412 1383
427 238
687 301
942 55
601 743
96 1461
1302 166
353 1326
97 860
413 953
293 1649
1050 858
1243 135
1065 1342
1882 1217
1132 1165
1317 833
514 1329
397 612
227 417
354 1870
285 1343
403 696
1189 1083
187 478
1083 971
142 695
434 493
1092 123
180 1609
1465 808
261 102
1691 891
1745 1590
1296 1763
991 145
1116 796
688 1154
1391 864
425 1676
1553 190
1580 1658
160 470
1706 29
162 1068
1809 920
892 1849
267 143
787 689
664 1704
1900 406
234 56
241 538
105 1907
214 1816
949 387
1144 1895
1380 1790
659 1537
103 836
104 1036
106 1064
1388 928
630 508
1362 774
1594 1826
107 1235
1221 794
654 1701
1646 1854
1849 1573
110 1536
108 1559
1871 281
1587 435
941 760
809 377
190 177
1274 1560
109 1721
802 674
592 1866
314 58
197 1906
111 1834
218 554
1082 1433
1625 1932
113 496
1180 1630
633 1415
1506 1916
1397 501
878 1364
1135 1095
1069 967
966 1569
702 901
114 834
115 421
566 1745
1009 492
462 880
290 1769
446 1398
1730 1926
395 316
1088 1308
320 415
339 312
157 1557
1789 1521
1791 1229
163 657
517 868
1810 1910
839 136
1396 60
278 1072
1371 159
1489 310
1022 1624
1007 444
1045 472
1760 1382
119 350
811 475
1111 1353
876 926
1930 1027
1275 669
120 119
921 1452
1421 1430
237 1503
486 1480
1292 1167
1812 1592
121 1519
1495 128
1389 1296
1278 1236
1805 330
830 985
740 1712
1443 1362
124 111
1590 832
193 1411
238 149
943 181
169 1077
125 339
126 253
1852 265
790 1937
418 1792
1176 1195
1820 752
1570 1839
1932 329
1707 1403
130 27
479 484
1817 150
128 779
1769 1465
952 726
656 398
1399 565
1186 960
1436 69
1390 1012
1833 1149
131 163
132 1597
1829 1473
1869 1864
134 992
556 608
368 266
603 1773
736 700
1618 124
1633 813
247 354
1426 1516
1815 386
741 222
933 1757
1438 790
1235 947
1546 1917
135 686
1875 305
467 30
803 502
138 1478
1025 802
847 1365
1070 993
891 1227
1262 881
1534 1450
141 1661
798 1528
1848 1737
140 1858
305 324
1466 839
481 854
1796 1526
760 1930
549 829
196 32
565 1462
1415 1871
205 1332
649 1001
143 101
144 1645
1236 172
1379 615
913 1628
1277 95
464 1265
145 754
1253 81
1623 768
1337 103
1197 831
814 1177
147 1612
495 747
704 1747
148 1163
364 1865
1008 66
881 76
1581 1688
658 981
1910 141
284 1918
1677 899
150 1845
379 1843
410 989
1271 582
146 108
435 243
477 335
370 1171
1714 975
152 174
1923 646
850 781
1541 1381
424 1409
153 748
1310 1060
1416 1874
738 1135
154 994
600 45
1407 393
516 503
155 1050
1705 1120
1378 1287
346 1512
1270 587
1014 930
946 364
156 1104
541 1484
824 799
1702 375
869 782
1355 983
692 616
1762 1028
983 1613
360 1544
1783 96
1800 71
292 1250
977 543
1256 1565
1026 1944
250 624
233 409
553 1672
436 1635
1687 744
182 1801
1461 1739
1316 1200
1095 133
1847 724
469 306
321 742
1591 297
164 1170
1527 791
1376 1178
834 1797
885 1418
732 1152
1799 1397
199 1627
957 462
975 275
1406 1226
166 1531
1703 1751
1573 977
288 1863
1519 711
873 1437
165 1393
167 78
474 1915
1178 314
1502 1882
903 847
1858 573
475 176
1692 1222
1743 127
1066 777
1363 785
729 824
799 1294
880 765
171 1711
1023 468
1078 938
443 547
605 37
693 345
1323 576
1739 1498
294 24
588 668
870 1413
1130 257
1543 114
1199 1331
174 1681
1460 621
900 188
1672 1685
1158 567
419 1282
831 1786
1891 1069
791 426
1112 1621
501 413
279 506
328 632
1899 1467
1893 1436
672 1584
181 1692
821 246
1044 819
512 1168
577 1166
822 566
426 1175
1667 208
404 483
543 491
895 1051
192 919
1562 611
343 940
184 1317
1475 1011
564 1013
1195 1549
808 810
1279 1239
185 841
186 524
1586 1662
1935 1850
879 1494
188 1673
521 1147
1359 559
725 341
1411 701
189 1048
248 575
1335 441
1259 1002
1273 400
1334 601
409 1191
1006 661
1782 927
191 1231
1318 33
1898 74
439 1249
1165 92
1413 351
1324 162
625 1063
1764 1446
399 875
282 638
452 20
1469 1486
936 549
1055 1477
337 1933
1600 8
449 1914
1621 267
1056 269
194 653
195 261
1874 1263
1417 962
865 412
381 628
198 596
1383 1407
1037 1805
1862 120
200 167
1027 585
1075 648
595 522
774 809
472 603
1257 1080
616 817
1860 1784
355 1491
1484 447
1885 793
1579 500
720 910
201 200
202 1440
204 272
209 640
1432 878
1109 259
1787 873
772 1931
1474 929
203 511
206 317
887 552
562 1804
752 1485
1106 1946
208 1070
874 361
331 1303
1480 1039
323 1707
796 1652
758 1686
1032 1646
1039 131
1250 1735
1811 627
287 205
1795 1535
1173 367
1453 944
890 806
1249 1606
210 539
622 476
1049 1802
1768 1025
213 1093
1021 338
618 579
1215 1741
1803 1755
440 276
639 1947
1338 192
1145 1
252 1760
1830 382
1563 1349
358 13
216 171
1494 662
366 656
1071 1019
619 97
759 1253
1473 1941
1410 532
1229 1076
1638 343
1548 1097
219 1174
246 1438
987 568
852 1008
579 1162
1865 1345
221 420
1731 323
1516 1689
223 1520
336 1942
384 1396
1694 116
235 112
1312 1806
224 1186
657 274
1251 1081
225 1357
1673 1126
1401 19
226 234
1303 218
405 1867
1138 1893
229 1789
728 91
1148 518
1266 663
465 1756
511 751
851 894
1268 193
231 1885
917 537
1392 1272
1442 117
494 769
1244 381
1437 1897
906 626
1620 1577
1567 1410
230 422
1319 43
1500 410
716 1803
679 531
415 1458
1708 1160
1531 1319
1514 429
1011 544
414 1775
1234 242
1418 1185
642 311
1781 1547
1168 458
1321 1886
239 404
502 1616
731 98
804 371
551 1286
1102 1660
1658 298
1230 631
1220 1111
1822 1429
1289 9
1939 244
243 1193
1372 1924
244 453
245 11
872 1639
1797 607
1325 1333
645 1810
1031 1558
1118 282
1051 639
1931 516
1258 1690
818 1761
907 1598
1093 1301
1551 1727
981 1052
459 1840
1617 678
1181 562
1727 1903
912 353
251 1901
544 1904
329 349
488 1533
1089 392
461 414
745 1846
1074 75
1928 360
1254 933
1750 1422
1172 221
1301 974
257 820
557 1714
1919 1306
666 1004
258 1273
1766 1131
259 1241
380 315
707 342
260 842
578 372
1912 1112
1777 1518
1582 593
1622 702
498 1281
263 738
1191 914
1926 1274
264 1304
684 786
586 1153
1427 480
1688 1869
265 460
1655 1130
411 1820
470 309
307 473
749 1900
922 504
1137 1656
1227 1316
266 494
268 1354
784 887
269 1339
531 690
1167 1453
805 1594
270 630
1515 1651
271 227
1369 1638
1117 1818
701 1244
1584 241
272 1508
896 602
735 1096
620 418
1934 1190
686 23
505 209
423 1456
1295 862
1700 1648
1498 843
274 1103
276 732
1076 1890
1572 300
1228 592
1152 199
700 691
1836 1680
1542 1254
1454 515
1352 528
1287 1240
1384 614
694 997
1431 1725
373 1003
828 1682
280 5
753 373
281 1466
1015 723
1711 551
1282 47
986 1722
1588 644
283 83
583 1133
1564 610
1914 1567
1041 357
1522 1102
992 876
1142 1309
1792 1268
1497 6
286 1066
1748 333
1728 252
1177 436
1569 1892
1532 863
1202 1238
675 722
327 1831
289 1067
361 34
833 1608
1405 348
484 1116
1675 1148
681 1742
1084 1073
1245 519
800 64
1615 1416
303 986
1545 1824
538 1375
1552 130
372 775
1276 589
1927 1141
296 1574
937 482
1162 1829
680 1182
1241 1548
352 866
437 1040
300 147
1592 580
1002 1376
310 679
1710 1344
1520 1385
493 1546
408 1158
837 530
827 629
489 1085
304 1595
1120 451
1149 903
668 70
448 84
1136 154
1128 525
342 1173
764 1041
1161 126
504 727
308 1187
309 667
550 1203
1753 590
1085 635
1164 1394
1370 1566
539 31
1143 1445
312 1280
1604 383
763 376
1260 1611
1457 248
428 1576
634 1884
857 507
1755 939
970 226
317 1799
1483 1550
1857 954
631 471
1826 1811
318 1038
721 1075
669 355
319 1490
894 399
1036 1212
1030 1009
674 385
1788 1807
1889 1540
1340 1401
1404 647
863 685
322 1909
1559 430
1000 1129
1447 2
861 844
1678 1285
324 1919
1806 144
899 897
1231 1497
973 670
1169 363
1601 1796
1651 1295
853 1513
1724 1402
888 1554
673 783
1409 1088
783 807
1348 736
599 1553
340 787
1387 1732
652 1408
1877 213
635 1137
1328 1366
602 1421
365 957
334 923
801 61
1698 886
1226 1201
1637 1106
1818 1340
1843 1202
930 823
897 1258
998 1172
573 1380
1123 1527
490 1798
1741 38
1894 278
1479 1074
1456 1506
1647 424
911 969
640 1192
780 1748
1481 1644
347 1482
1823 446
1367 845
348 941
349 527
974 1880
989 486
1104 273
678 1664
1382 1862
1742 803
765 449
1174 1216
1903 828
938 89
351 1633
964 924
1213 505
1681 1194
357 1754
1047 1261
356 707
1364 1693
924 262
359 1724
951 1702
746 570
594 591
610 1780
1339 1883
513 1851
1821 292
1686 1455
699 978
1834 1257
1482 684
968 1582
383 1110
367 912
641 893
840 1000
1429 1911
742 1815
1863 658
1933 1625
497 1468
471 1018
985 384
682 1378
1511 1117
1313 263
1192 922
1300 1570
1611 1877
726 1564
806 650
1881 693
561 104
714 784
644 931
1386 895
1663 1271
1068 1636
378 1771
670 871
1699 1581
1561 718
1629 228
552 1814
1589 812
902 223
1526 231
719 1501
388 1529
1771 586
1907 1828
1425 495
1309 337
1683 1825
1780 853
1504 1642
1842 85
1793 1210
1079 976
1081 1762
391 287
1004 299
1361 67
920 1795
396 729
1536 204
1019 1448
398 1092
1846 1065
1086 178
718 313
394 1302
420 1683
400 697
401 1619
629 1169
1566 746
1057 195
1046 804
402 1209
1219 1151
1693 283
1879 1708
1375 534
715 179
457 652
1825 972
529 1288
406 73
407 1723
478 1794
560 1943
893 996
1614 1830
976 1813
412 1463
416 1949
1883 207
1298 1037
1901 1860
1779 1710
1010 541
421 1386
1471 1432
733 455
1444 1925
1452 358
932 346
1147 1800
1732 93
430 1341
431 835
843 1632
432 134
979 1325
1204 1591
767 1647
1628 332
747 1176
1445 733
1160 1585
1612 1283
1662 951
1721 1208
1100 617
1187 1637
1644 1759
848 256
441 1778
571 156
1719 498
447 1495
445 1719
1377 189
661 606
1183 434
1209 1224
703 1157
812 851
1909 1781
1190 39
898 1389
648 1770
1723 514
451 1406
1720 649
1198 1086
453 1530
1400 909
454 1006
730 1709
988 235
456 1327
832 1935
458 1888
1685 51
1864 1150
1679 203
460 1848
1918 1330
507 888
1108 921
706 212
1537 1699
877 937
466 1091
1357 1246
1342 215
1265 250
794 905
593 1493
770 1044
1819 1427
1288 1218
971 788
978 1276
1034 1108
823 432
1311 739
1058 1015
1154 564
1428 1443
483 1620
1459 1101
944 1631
1873 797
604 1368
1331 1734
1238 105
754 1835
854 776
1350 1142
496 1464
1652 1371
1398 556
1101 1056
984 1269
522 401
1916 896
1670 258
499 861
585 187
1175 1049
623 106
506 186
1315 1089
1332 688
748 129
637 915
1064 1251
1737 1538
1784 1026
1613 1412
1835 1677
1808 1667
1733 1084
1153 1654
1870 1663
1385 588
1832 304
1528 395
916 1720
523 1020
1306 1561
1508 293
663 68
526 1618
527 40
1336 959
1892 1181
972 1744
1062 403
530 1603
1373 1256
864 1124
1619 18
535 599
1583 1873
1859 1938
1503 821
1439 1861
1839 908
1133 1587
542 563
1239 396
1674 165
1603 86
927 892
1922 1392
1329 1214
611 1242
1610 220
980 236
1593 1777
1395 121
1059 619
1904 1517
1510 945
1433 1827
1598 1247
1012 1107
1087 1481
1222 1785
558 1733
626 423
559 169
1440 998
849 1399
1430 25
1212 1881
1550 1189
598 1511
568 1670
627 1868
969 440
572 1602
671 1225
1525 1255
612 890
778 1568
1785 666
580 7
581 161
871 1300
582 950
1126 1199
1240 943
1786 946
1166 1821
1906 1248
1201 721
1448 963
1518 1659
591 466
667 955
1207 1552
777 1260
597 1184
867 716
1878 1205
1414 1586
1040 1428
1090 140
1924 1872
1844 1852
743 1351
1574 1179
1434 497
958 1703
614 1277
1349 512
617 1889
1585 334
825 1090
789 1894
1631 1532
1524 1206
632 485
1635 1615
636 254
737 1267
1650 366
1726 1312
1897 1887
918 1058
1455 1358
1063 1715
711 1534
904 1441
793 1539
655 706
1704 850
1798 1601
1263 1875
914 1264
1664 1146
1790 26
1225 1928
1182 869
662 1061
1530 1417
1775 1071
1684 1713
1765 44
1255 264
1575 1318
1304 830
1501 1700
1558 3
697 550
1091 682
1252 454
1356 613
1485 664
1013 1653
1156 210
945 1307
773 295
717 758
925 327
1196 778
1293 1743
724 1098
1203 719
1072 359
1038 677
1054 789
776 289
1393 717
1540 710
1449 82
819 197
1214 1164
1368 1617
1609 1320
934 917
1890 605
1283 584
762 1515
1605 42
768 1524
1568 1487
1513 320
1547 1321
1740 1094
1758 1716
1281 767
1738 1913
1468 1695
926 1878
1850 168
1028 1359
910 1352
810 1920
1669 291
1794 1610
1043 918
820 1678
826 196
1626 365
829 814
1496 88
1261 464
1208 1492
1343 1808
846 90
1464 757
1211 340
1103 477
856 877
1648 536
868 1626
1867 1370
1913 818
1666 1669
882 708
1539 1451
1661 1211
1851 906
1127 1118
1565 79
1210 1614
1824 660
1170 1232
1042 1360
955 54
1845 1948
1729 450
1535 773
1643 1252
1374 622
1446 1766
1403 1776
1751 65
1003 620
1905 704
1326 827
1206 1348
1018 838
1035 1423
1131 1363
1718 1046
1861 1291
1113 545
1053 142
1754 170
1640 1305
1571 598
1749 1912
1577 1471
1560 1266
1492 1936
1578 571
1549 198
1290 671
1523 852
1232 1927
1344 1030
1716 1457
1632 1589
