0 1204
2 1678
3 301
4 379
1796 1077
1795 219
6 386
1794 946
7 68
1793 92
10 216
1790 337
178 1685
653 1192
90 99
1215 335
1066 570
131 601
126 1655
861 20
1 1222
1799 33
1797 817
8 1444
9 1181
1792 579
1791 196
1587 997
964 345
633 1631
1068 1776
235 721
572 1599
1579 165
1719 1739
1798 674
11 627
12 1433
1717 1016
1248 1383
267 1358
672 1130
408 1255
1581 328
608 178
1009 133
1630 241
1578 715
1595 1289
168 569
524 530
1661 1265
13 334
1098 426
116 163
1069 970
329 1674
117 1028
1136 182
249 1510
1065 951
186 1353
5 954
14 1591
15 1329
699 1318
1615 588
1160 278
377 765
1135 937
731 1000
853 398
106 540
1742 1105
622 761
1169 1698
1249 1410
799 1606
16 14
690 914
430 1408
1608 98
237 418
900 942
124 1416
17 1577
372 1227
1269 1189
1401 1206
1124 1134
982 1082
133 128
870 1200
18 220
19 1179
1756 291
1038 283
893 246
46 1774
1296 1238
1527 349
1129 1214
115 214
238 1524
20 964
831 248
1622 1572
1131 543
21 358
1493 777
797 525
1571 1173
1337 532
1350 78
940 1713
22 752
23 1147
1321 1724
1476 630
326 302
148 587
24 990
1499 1752
1096 1665
1078 101
655 508
286 666
1102 1152
25 1400
561 1626
776 391
937 1564
27 524
1073 1551
1112 814
1667 1370
1306 673
26 415
76 1660
58 520
1603 354
338 54
391 385
759 176
28 754
43 238
702 417
780 500
1547 694
153 316
175 931
881 780
156 336
287 1191
1703 122
98 22
315 1765
29 1177
1170 1602
541 920
737 645
1715 341
88 617
1753 1452
644 1322
1294 408
145 805
1106 148
30 235
32 1506
155 1161
437 808
141 1097
789 539
31 1309
1641 1051
1310 1375
709 347
260 602
565 1798
387 1185
640 1486
33 1025
442 1456
365 186
857 1223
512 1340
647 796
950 1588
1152 1359
1505 963
35 531
975 1418
846 1490
264 365
1729 1363
1652 452
34 1292
36 1677
210 1649
1722 561
586 1584
936 209
1366 660
374 1421
1554 1780
914 1184
921 116
894 559
337 217
1500 243
741 851
37 44
38 318
1290 454
693 1198
1142 1624
1426 1548
1776 1365
1432 1392
1575 1644
1014 236
747 1775
244 393
39 1757
1583 1430
951 234
1466 825
1616 884
660 126
296 832
40 370
41 1625
288 1369
658 355
539 1106
42 1067
157 502
1406 323
1174 552
346 837
1226 73
691 1022
118 692
828 1513
1424 722
1302 1508
916 1445
1085 187
481 1441
1496 930
381 1615
873 1612
1453 420
1221 315
45 858
602 449
528 1083
804 167
583 304
674 1167
1369 1144
1111 1042
1448 151
1436 1500
1061 873
44 983
859 213
1754 528
1272 135
301 981
1380 816
735 898
1224 1492
48 924
1072 75
335 600
1016 771
1156 113
848 1497
366 498
629 251
1688 845
49 405
447 1720
1205 653
1153 1768
364 305
47 1411
50 1093
189 1032
562 786
1489 1112
1769 1710
905 1037
1034 233
51 468
92 1215
406 985
53 615
1741 1158
383 819
1470 776
52 1156
997 1219
550 1110
559 481
1458 479
531 1507
715 1652
385 732
1300 606
489 822
1384 1533
1032 1008
988 1306
973 288
1313 1074
122 461
54 599
837 1673
743 1366
1109 918
1540 1084
538 911
55 1787
56 1636
388 650
732 671
968 1127
456 768
1341 973
705 775
57 11
867 199
1761 1059
1200 553
319 1094
253 1419
1716 392
282 486
203 0
1335 730
1660 505
70 311
1273 896
1150 701
1701 998
180 19
431 746
923 1559
464 613
1592 1703
1275 836
59 908
60 1715
858 623
924 388
61 1346
1286 1045
1672 1528
813 1024
903 1634
309 1675
62 529
239 1135
1235 1448
829 374
817 680
496 119
144 705
63 1481
250 1586
1751 1320
1777 1547
487 609
1682 1404
812 175
137 1175
340 1249
1139 840
336 614
1155 32
1246 878
486 767
568 1220
824 857
1402 1707
199 699
281 927
1666 688
64 372
65 17
66 150
479 1403
1698 1669
1301 145
67 654
198 1014
770 437
904 171
339 1595
332 1079
68 373
589 893
127 628
899 1186
1709 1228
676 789
69 736
654 1036
310 518
675 1026
1387 867
1781 409
952 1623
160 100
77 1174
272 919
678 1697
703 797
241 1546
1474 1614
284 842
1491 1001
961 423
72 635
990 1232
134 1795
1025 295
1618 1621
1094 1054
71 1137
1669 206
108 326
261 723
1005 1211
73 1762
74 1250
1534 111
1074 1732
704 1581
591 425
1613 661
886 1629
976 577
1236 215
1203 1190
273 285
1054 1637
75 1745
275 453
305 779
306 1396
1256 1019
404 1209
533 1169
600 1620
78 1277
269 27
1519 993
844 106
555 1058
1636 729
1168 1477
270 607
587 1651
1006 760
1506 1475
1759 1601
103 1323
80 23
454 792
821 571
683 1171
380 1526
1140 1148
1118 597
79 1692
889 177
1125 94
1015 1777
81 1345
1410 783
996 141
82 1180
83 1072
1264 1242
1449 917
981 1557
84 1653
727 1566
247 1648
1520 1050
544 950
440 899
1166 1299
1610 806
730 1688
1079 683
85 751
86 1231
125 1695
140 464
1253 1458
687 820
191 793
1766 568
363 1343
513 124
1670 180
224 582
328 421
1163 1393
864 1262
1261 338
714 676
483 224
472 1302
1764 465
245 1523
419 487
295 1040
1018 361
461 745
767 625
991 1150
89 883
259 352
631 1470
1330 1627
953 651
910 1663
532 46
91 1394
1724 733
1247 1381
980 758
1331 1552
712 1496
87 885
967 1607
488 88
1105 1468
551 190
604 681
355 1153
1620 1288
971 1312
593 1414
942 1338
93 1681
342 76
1228 306
1528 626
129 1009
94 1532
713 290
370 1782
664 804
989 611
590 1252
95 621
1283 537
946 156
681 490
754 307
850 1202
1237 1240
611 29
96 419
97 725
1738 439
1562 308
1431 1753
1132 65
1216 807
1031 1071
1473 125
1238 1115
1133 753
1284 738
99 1579
266 1282
972 892
1418 1428
941 517
1223 157
1076 173
1407 1141
1110 1756
130 280
1194 1193
297 244
615 16
263 1736
1746 897
1594 483
165 888
100 1737
101 1004
102 1142
209 66
1390 1357
933 1594
761 1089
1691 1682
554 1495
1063 231
788 1064
499 727
1524 1395
706 1592
1780 1437
104 1043
786 1573
493 764
620 320
1303 1650
212 1679
256 1646
1157 509
276 1733
105 861
1209 972
785 934
107 1368
1343 52
1210 1307
872 1102
1318 69
667 1100
1397 273
1323 724
1711 949
188 1659
1048 1596
1614 43
1478 877
109 260
922 504
1548 886
1556 1236
110 1122
111 1464
1584 1145
215 995
792 507
112 646
1460 563
231 346
1586 1199
438 1608
320 1397
113 1504
1185 48
226 1388
1475 955
1364 1069
1509 843
114 710
560 474
501 512
810 1514
1376 77
800 1160
1277 941
1394 782
278 695
162 484
465 757
1773 1348
1295 545
159 999
1359 835
1279 826
752 709
1750 824
579 476
449 284
1028 1390
1092 1133
1733 658
119 169
382 932
1064 499
1351 778
120 331
459 1018
1100 1773
121 1108
814 1576
1444 829
1427 952
906 399
1116 134
695 900
1344 412
1202 536
123 1689
877 1176
1464 642
625 574
1151 382
1362 1598
665 953
938 1722
1382 1628
1204 1561
670 64
1783 377
1036 401
1485 798
762 1
943 938
1024 83
1241 848
793 1078
257 631
994 105
1487 1213
783 1616
1644 267
154 410
403 1512
405 1068
606 174
1454 1417
1728 1645
1196 791
506 1313
466 620
1144 1140
128 795
490 992
1392 1342
556 1794
778 647
1127 1270
1771 1611
1450 496
627 130
1011 227
132 1301
659 366
1311 763
135 1563
138 1424
505 854
885 740
580 1212
480 909
1731 463
1188 1091
369 1362
136 460
379 943
986 86
1755 643
1393 292
1727 907
1624 945
1772 546
139 85
896 381
1580 906
619 107
545 161
1044 533
549 1687
1287 36
1704 749
1508 115
1146 737
142 947
1173 1593
1358 50
751 1233
851 608
143 296
649 37
1391 1321
427 325
146 25
1329 974
1713 1429
147 1783
248 669
1114 928
716 905
1047 1374
1010 1662
771 204
1315 632
1535 1530
429 462
471 1157
1546 838
1577 598
1373 1384
150 146
516 1267
221 327
1601 1172
149 225
151 1485
1056 657
1004 368
152 1781
1141 1377
720 1610
1421 1234
1705 1741
1408 1210
1430 397
1560 1021
724 1536
1663 1405
1035 1751
1747 53
605 1459
1484 852
1134 865
1647 889
1368 300
944 1310
503 21
648 1696
1745 1218
1229 493
1529 1291
671 755
685 948
878 1117
1710 1729
963 81
158 192
1268 1237
371 686
863 226
1206 1680
325 903
1145 828
637 272
739 859
1165 1493
1317 770
1625 1269
345 711
547 430
331 1012
313 1793
407 1728
947 324
161 1075
242 1509
163 1545
1233 492
433 1505
164 250
1058 371
1515 118
1502 1207
1752 91
458 1107
1207 1337
460 586
473 1087
1631 110
978 1336
166 956
167 644
258 696
862 1670
1555 1766
1684 369
782 132
1327 422
1190 1469
169 550
1439 245
255 578
970 1471
1158 1785
882 12
254 1522
443 1438
1649 1239
1361 240
170 815
171 459
919 1315
527 1005
643 477
1706 259
172 70
1543 982
1539 79
918 56
314 5
742 117
519 573
173 558
174 1489
1494 143
290 596
421 1011
1371 1723
1027 555
768 1402
1623 802
358 1799
694 823
610 475
820 1556
979 172
208 1735
176 15
177 1149
179 665
1258 49
441 303
485 894
1490 1734
1789 940
181 1499
207 1721
401 1023
1653 1451
983 641
543 403
195 13
1572 811
1451 881
525 344
182 672
183 1705
1219 340
749 1119
334 1744
584 871
184 229
887 988
1640 1146
632 1382
1340 1339
185 1570
779 166
1463 1092
1167 590
1217 488
1567 1120
229 147
795 450
450 1432
1461 1511
187 787
1422 1229
190 1244
1324 1155
1452 1399
1650 1671
1240 1684
1662 1515
1664 1385
192 562
826 1371
214 784
819 1188
193 1325
233 989
657 96
917 720
843 1554
194 849
1414 1275
1026 1273
1590 1349
966 1568
1334 1550
1213 1755
236 855
316 348
469 1208
197 67
985 104
1332 1195
534 605
540 200
445 181
1377 1796
934 534
1517 8
349 383
500 357
196 556
200 406
201 790
360 168
1280 185
1192 1224
852 977
1550 649
1104 648
1208 1412
775 448
294 1440
1095 256
1161 863
995 1587
1197 984
1651 1589
641 939
202 944
204 1748
1782 700
205 1473
324 1641
206 1463
700 1398
927 890
392 445
303 850
1227 603
451 1714
428 221
1736 1565
1629 547
1349 841
399 1205
211 424
1504 1096
594 1053
796 10
1443 1196
213 967
1760 971
621 1281
1442 427
571 876
566 1389
1121 1183
1322 1259
1518 1527
1333 810
871 1344
518 293
1609 194
1148 154
216 263
217 253
1770 1708
219 72
312 28
362 1297
1383 1727
218 218
220 690
898 1759
1211 84
563 1341
1316 566
1086 801
455 734
409 497
1566 155
292 735
1563 433
222 268
984 538
223 322
444 329
397 707
636 1131
463 1247
911 42
302 1090
225 1642
1090 1272
955 197
1690 844
1445 622
347 249
1593 589
367 247
1263 97
228 1435
1081 1771
1080 891
526 1790
227 1516
1103 1466
1668 1266
1049 874
453 1791
230 541
909 89
816 691
1768 1454
993 1549
232 428
1734 1327
1689 103
1695 853
384 1686
262 1718
1510 1699
1700 687
468 741
234 1617
1635 444
1278 869
847 212
1721 1002
707 567
1659 378
673 1163
856 59
1479 389
1353 1264
883 1706
1513 516
1243 309
1718 333
1429 1319
352 458
999 1182
1687 1779
875 1197
240 1276
697 1123
1179 447
1619 1057
1041 239
243 1033
1180 193
1694 585
1665 535
1214 670
495 1128
1726 862
1291 1582
1082 121
1091 895
1785 1761
246 1003
1088 936
1604 716
426 1420
1282 1422
1423 1287
1178 1060
1159 41
1639 501
634 926
1309 203
523 1027
299 523
251 1221
1055 223
1360 912
1164 237
1097 1080
504 1750
1184 1279
1305 708
252 667
840 856
1498 1113
888 299
1267 1376
1735 958
1232 677
1674 137
578 1044
1765 624
1467 24
945 1086
548 1039
708 270
1218 839
588 375
726 833
663 179
321 1052
1050 330
1419 1427
1441 441
1199 191
1589 1426
746 281
802 961
1533 1070
930 744
304 968
736 431
869 1797
1788 1719
1637 1484
1787 144
265 663
1748 364
1606 442
279 1537
639 910
628 510
1130 1257
268 1164
520 343
1398 321
717 1450
1702 1225
1607 1178
271 6
1288 184
1612 1284
318 384
1737 1494
1101 595
1671 1143
642 1138
274 62
1379 975
835 640
1744 1290
1501 82
1381 1693
1193 112
1137 1088
1298 1521
719 61
277 664
638 160
1345 258
1486 929
1585 576
280 142
1033 1618
1767 1203
317 1129
435 1544
650 921
794 1114
652 913
1123 1479
283 47
781 1638
376 739
656 689
395 208
1648 252
285 1020
1053 491
692 149
745 1664
425 860
1262 756
1457 1453
1525 494
787 183
974 404
1239 1331
750 1555
1037 1754
1057 1081
1212 1580
926 604
291 880
289 612
998 1476
1404 1372
1304 1387
293 1633
1325 31
1591 411
298 904
825 1712
1749 18
645 879
954 1095
728 1300
1447 472
457 1558
434 287
300 1726
1023 1258
753 1386
1677 1613
1435 470
1008 367
1492 935
1119 1609
1198 362
884 1583
1297 451
766 1597
1020 762
308 261
1370 565
630 1260
1113 495
962 363
1143 572
710 901
307 414
1354 1717
1242 9
1093 633
1319 210
992 1298
1553 685
666 1725
511 1483
756 387
823 1647
341 457
1257 1355
1162 1436
1558 286
842 1763
311 994
1656 1034
740 1535
1678 438
757 114
668 1378
400 831
879 230
827 1525
1415 1701
677 1311
1495 485
322 678
323 332
1551 513
880 636
868 400
1611 416
1725 279
987 1501
1075 162
1388 979
1568 40
1062 506
1186 274
353 1151
1730 978
327 1201
1154 1126
1763 1656
1000 1356
330 350
1634 1241
956 655
1693 120
378 957
333 93
422 138
1099 554
1617 1465
1497 1333
1521 152
1252 594
698 87
617 962
616 1031
686 471
1564 413
845 728
928 198
343 1409
344 1574
1338 1585
1281 1425
413 1124
1602 1361
1633 35
1400 359
1326 662
348 1488
498 1539
351 830
436 1743
725 1770
350 376
354 435
1712 1085
1117 271
356 682
965 731
1471 1373
357 407
1012 123
1559 1472
470 1352
733 697
359 1439
361 1304
530 652
1126 1457
1483 1704
773 511
1385 812
1597 1567
1646 1295
1536 750
772 1235
368 1332
1265 164
866 864
1679 1658
373 313
1182 394
1181 1691
939 57
375 432
1565 875
1347 1159
618 748
1220 1283
1658 656
1681 1226
420 1165
1225 211
1254 402
1328 747
1346 593
849 478
386 1632
959 527
1655 1263
1779 991
1732 976
818 228
1413 1640
390 1316
448 564
1030 922
389 785
393 90
394 1294
635 1303
575 1187
557 1740
424 1254
1673 1760
876 726
396 1455
398 1534
1425 1553
1530 1498
576 127
446 297
623 1030
402 1758
1469 1683
1312 1118
1308 1786
777 522
765 1792
915 1407
478 262
1632 813
696 1073
1503 2
662 1769
1120 1518
1002 312
410 1099
477 443
497 455
411 266
1363 923
412 1700
1395 255
1645 1543
1378 440
414 456
415 1098
416 1047
417 1788
418 610
682 915
932 1449
1307 549
815 592
1576 1778
439 809
1468 684
1271 396
1356 551
1084 153
1696 714
423 254
841 794
1440 480
1784 294
755 544
509 109
1455 1168
553 759
432 1423
901 1467
624 1406
609 1731
1438 1194
1786 872
494 1789
1270 1529
874 1482
1367 916
711 202
1481 1562
1230 1619
769 1246
546 1280
1642 319
1293 1716
507 933
1089 222
1420 1035
542 102
1389 959
1428 659
607 693
722 1154
1285 1007
1183 30
1523 26
1019 519
537 1474
1541 1575
1147 966
452 395
1600 1256
1107 1764
1743 353
1654 60
1411 1354
529 1517
1638 986
1545 1360
1417 514
1456 902
1599 264
599 1643
669 339
1138 800
462 1462
1396 718
1357 1162
738 1245
1339 466
1774 1010
467 1443
569 1109
897 298
760 277
920 1347
1522 1048
1516 1049
474 159
1532 201
475 1101
476 1460
798 1738
1077 489
613 1694
482 55
484 742
791 706
1462 242
680 469
1299 868
1003 71
1412 1285
491 1461
492 616
908 257
1697 583
535 1541
958 276
1708 704
803 429
957 629
1250 1709
595 1702
1758 591
502 1711
860 515
1043 314
1552 269
1740 870
1017 1413
508 1431
1561 1590
1255 1251
949 140
510 1351
1365 380
514 467
517 195
515 713
948 1364
1149 634
1570 1569
521 95
522 788
1051 34
854 317
1108 580
1399 847
567 131
723 1480
1115 1015
1686 1132
1122 80
822 1503
1320 1013
1657 1447
865 139
931 446
1045 1391
764 1667
536 542
1386 188
1292 769
1511 1519
1201 232
573 342
570 960
1628 679
729 526
1059 834
1013 719
689 7
552 799
1374 1293
574 1136
774 1324
1070 1772
651 882
558 1784
807 1491
1675 773
564 1125
585 1166
612 1531
1189 1062
836 356
577 675
701 1305
581 1401
1573 360
1029 1747
1266 1540
1757 619
582 743
1544 1065
1416 1367
1001 207
744 158
790 1334
684 866
592 557
596 1308
902 668
597 1046
598 51
1676 987
601 1380
1775 1630
806 1635
603 1041
801 1672
1040 1676
830 1066
1680 1520
758 1560
614 846
1723 1434
1437 581
907 473
1067 1328
1336 1056
1582 712
1465 74
626 1603
960 1379
913 170
977 1006
1482 1442
1699 1278
1022 1061
805 1111
679 781
646 205
895 136
748 434
1549 4
1187 1326
1007 1230
1259 774
661 821
1538 560
1021 58
1598 1103
1480 1261
1244 1335
1514 1690
1372 827
1191 584
763 1661
1231 1654
688 1271
935 1330
718 1415
1260 108
1707 980
1172 1116
1569 351
1643 717
1626 129
832 1639
1052 1217
1778 1286
1060 289
721 45
834 1666
1355 1487
734 548
890 63
891 1542
1234 521
892 925
1472 1170
1459 310
1083 1104
1557 766
1405 996
784 702
1274 1274
855 618
1762 503
912 575
1507 637
808 1216
1574 1268
809 1314
811 1538
1526 1076
1245 189
1071 390
833 1502
838 1029
839 38
1039 436
925 639
1477 1139
1434 1296
1488 1055
969 265
1342 1253
1627 803
929 1746
1128 1446
1605 1248
1531 282
1176 3
1375 275
1175 1668
1171 638
1596 1063
1087 703
1177 1749
1042 1317
1714 698
1046 818
1352 1571
1685 39
1276 887
1348 482
1251 1742
1433 1578
1588 1478
1409 1350
1692 1038
1195 969
1621 1767
1512 1017
1222 1604
1314 1622
1289 1657
1739 1121
1720 1605
1403 1243
1446 1730
1537 772
1542 965
1683 1600
