10620 9892
10972 9850
9952 10495
10036 11501
10287 10203
10314 11070
10968 9946
10977 11055
11244 11177
10239 11485
11021 10521
11099 11376
10317 11286
10412 10344
11410 10421
10555 10224
10130 9976
10915 9758
10039 11082
11144 10404
10312 10267
10694 10864
11482 10826
11257 9998
11386 11528
10154 11129
10892 10799
9898 11377
11337 11026
9760 9916
11373 10634
10713 11278
10054 10893
9865 10092
10471 10685
11360 10884
11469 11300
10646 10611
10966 11213
9923 10652
10906 10739
10324 9873
11387 10328
11427 10177
10172 10317
10931 11095
11357 10840
11098 9879
10604 11343
9856 11411
10044 10976
11394 11294
11322 10912
10496 11406
10354 10560
11457 9779
10093 11081
11440 10016
10081 10922
11128 10702
11324 11137
11463 11062
11356 11513
9732 10935
10450 10105
10194 11520
10452 11045
10001 11226
10804 10028
10445 10742
11061 10293
9859 10263
11171 10584
10449 10573
9966 11012
10071 9954
11439 10820
11208 11260
10179 9732
10866 10519
10243 10014
9972 10644
10613 10299
10567 11507
10075 10877
10950 11539
9771 10180
9729 10220
11068 10090
10589 11248
10147 10114
11095 9790
9767 10049
10019 10434
10770 9893
10889 10596
11052 11367
10242 10345
10816 11239
9965 10391
11420 11180
10198 10060
10999 10237
9718 11165
10404 11337
9776 10113
10993 10868
10096 11005
9931 10152
10178 10253
11138 10714
10418 11466
10916 10111
10695 10447
10276 10701
10867 10534
11074 10870
9778 11238
10763 10335
10717 11499
10809 10347
11134 11378
10072 10552
11303 10430
10527 10925
11038 10636
10261 10342
9915 10006
10493 10285
10936 11451
10502 10783
10742 9939
10727 10044
11455 10833
10457 9889
10897 11223
10780 10118
10034 10011
10862 10374
9781 9974
10300 10683
10405 9813
10783 10796
11167 10330
9991 10384
11206 9718
11358 10464
10251 10350
11331 11274
11219 10569
10455 9890
10244 10251
11007 11022
11008 9927
10212 10649
10644 10867
9963 10027
11494 11522
9938 10585
11152 11402
9830 11034
11173 11256
9838 10481
10323 10047
11224 10689
10077 11387
10062 10758
10907 10809
10064 10713
11157 11110
11471 10369
11372 10869
10400 10403
10474 10885
10221 10668
10427 10647
9837 10305
10031 10524
11123 9799
9805 11360
10355 10887
11341 9894
10864 10085
10755 11484
10890 11463
10581 9926
10843 10155
11200 11450
10170 10955
10006 10610
10789 9783
10151 10331
11536 10651
10801 11532
10992 10890
10073 11498
10451 11423
9945 9914
10195 10219
10532 11222
10197 10936
9861 11432
9775 11015
10660 10769
10461 10061
10201 10436
10519 10653
11212 10354
10306 9723
11376 11041
11000 10680
11030 11365
11263 10800
10556 11249
11380 10080
10033 10037
11133 10773
11512 10307
10634 10939
10601 9806
11185 10275
10409 10592
11057 9880
10841 10979
10295 10121
10566 10209
11137 10624
11141 11076
11227 9785
10769 10039
10332 9854
11461 10711
9951 9990
9734 11526
10024 9766
10885 10907
10475 10378
9964 10623
11014 11194
10698 10498
10288 10923
9759 10827
10759 11235
10856 10484
10439 11477
10913 10666
10319 10129
11288 10023
11127 10159
11028 9789
11268 11158
9987 10452
11053 11529
10415 10218
10602 9963
10829 11374
9799 11131
11121 10419
10898 10104
10410 10363
10884 10124
11526 9825
10264 10616
10207 11346
10168 11000
10446 11053
10800 10728
10066 11281
10134 11121
11143 10679
10495 10395
11359 11333
10086 10351
10903 10046
9871 10927
11448 10957
10224 9833
11213 11042
10568 10805
9782 10703
11078 11276
11243 11505
10987 10215
11049 9763
9947 10986
11228 10412
10309 11381
11363 11290
11258 10424
10744 9764
10806 9980
11250 11419
10383 10457
10919 11168
10749 10523
10802 10146
10930 11275
11485 10555
10482 11161
10954 9750
9774 9878
11472 10346
10606 10502
11010 10568
11377 11085
11326 9995
9723 11028
11253 10205
10331 9855
9879 10451
10796 9941
10003 9844
10961 11404
10557 10148
9980 11515
10308 10780
10042 9734
11075 9840
10649 9920
9813 11291
10923 11203
11503 10660
10543 11077
10052 11321
10021 10500
10225 10045
11516 10271
10074 9815
9941 11016
10109 10257
10997 10719
11362 10042
10708 11517
10487 11469
10959 9870
10126 10520
10049 10255
10549 9802
10076 9901
10725 10175
9716 9956
10370 10620
10108 11033
10374 10079
10782 11004
9846 11540
10835 10736
10516 10852
10737 10770
10360 10116
10022 9857
11347 9981
10282 10212
10989 11056
10975 10184
11108 11173
11374 10181
10927 10074
10414 11217
11384 11266
10941 10815
11366 10621
10745 10726
10964 10525
11508 10886
10554 10445
10301 10207
11391 10461
10826 11264
11502 10513
10822 10708
10167 10161
10440 11142
11446 9811
11060 11331
10779 11135
10564 11397
9852 10455
10214 11084
10753 11439
10593 11425
11022 10985
10262 11157
10947 10343
9956 11383
11079 10879
11460 10581
10617 9726
9870 10194
10881 10387
9818 10294
11277 9771
11036 10950
9804 9733
10205 10754
9954 11392
10107 10062
10040 9918
10591 10409
11122 11372
10448 11237
10778 10604
11032 10633
11177 10340
11149 10242
10875 10497
10953 9754
10772 10467
9842 10474
11124 9989
9918 10503
9735 10828
9992 10144
10756 10959
10563 9872
11106 10189
10202 11048
11191 10698
11001 10565
10738 11112
10911 11138
10840 10238
11272 11232
11433 10160
11247 10859
10192 10938
11334 11039
11378 10729
11422 10314
10085 10839
11492 10627
9802 10417
10110 10352
11392 10855
9770 10717
11488 10200
9979 9831
10827 11037
9748 10428
11174 10407
9840 10553
11109 11427
9740 10259
11496 10098
10035 10537
11407 10099
11421 9877
10015 10284
10333 9977
10417 10847
10957 10339
10605 11332
11290 10880
10216 10139
11114 11330
10005 11537
11379 10071
9833 11221
10447 10924
10270 10727
11261 10097
10185 11171
9895 10272
10271 11495
10442 11319
10025 10967
10347 10381
11314 11140
11110 10193
11031 11335
11195 10477
10599 11074
10080 11080
10732 10171
10733 11183
9950 9742
10949 10896
10426 11230
10671 11104
11385 11072
9975 11182
9828 11060
11029 9847
10820 11284
11020 10400
10002 10470
11489 11448
9829 10582
10137 10983
10395 10115
11170 10133
10191 11296
10904 11435
10420 10571
10958 10170
9816 10953
10187 10715
10392 11375
11033 10987
10633 10733
11252 10367
11211 10962
10812 10878
9791 11347
10735 11253
10004 10818
11153 10762
11382 11079
9953 10988
10431 10075
10612 10737
9993 10329
10177 10441
9897 11215
10693 9747
9887 10405
10865 9842
10030 9993
11445 10319
10174 9849
9903 11424
10138 10779
10839 10320
10377 10982
9920 11511
11383 11083
9919 10835
10055 9807
11395 9762
9959 10606
10724 11327
10795 9793
9746 10048
10111 10816
9910 10813
11238 10657
9866 9765
9924 9757
10933 10684
9721 11268
10853 10254
11452 10394
10443 9838
10573 10050
10909 10707
10645 10948
9766 10309
11221 10463
10241 9988
10063 10131
11507 10368
9835 10830
11389 10862
10467 10216
10815 10656
10895 10931
11182 10757
11403 11458
10711 10786
10465 10898
10971 10570
10844 9738
10718 10917
9928 11198
11055 11007
10948 10316
10384 10302
10578 10232
11147 10883
10570 11494
10730 10138
10361 9911
10691 10510
11019 10798
10246 10323
11145 11036
10269 10932
10863 10162
10629 10812
10391 11339
10229 11509
11340 11400
10421 9865
10929 10012
11361 10515
10651 9728
10588 10385
9926 9964
10590 11119
11370 10476
9995 10889
9722 11299
11160 9839
10914 10841
9750 10179
11415 10669
11287 10831
9888 10030
10092 10526
11048 9769
10925 9725
11179 11133
11015 9804
11166 10956
10678 9888
11012 11002
10156 10564
11470 9768
10240 9962
10673 10586
10018 10191
11165 10659
10508 10282
10436 11364
9724 10236
11419 9814
11399 9836
9949 11051
10785 10661
10233 10529
10432 10793
10402 10298
10173 11487
10766 11144
11537 11361
11307 10438
11233 10577
10988 11010
9934 11094
11178 9915
11520 11124
11192 11188
10397 10333
10477 11088
11417 11413
9932 9824
10628 9800
11232 11206
11354 11175
10814 11123
10622 10140
10181 10587
11006 10035
10304 11421
9916 11069
10407 11338
11432 10051
9877 9812
9858 10511
9751 10734
11129 10682
9962 10288
10632 9899
9850 9972
11051 10397
10805 11096
10364 9871
10369 10518
10149 9820
11162 11457
10791 9848
10279 9935
9731 10663
10767 10843
10380 10618
11101 11191
11338 10001
10924 10588
10813 9717
11089 11310
10793 10784
10550 11043
11269 10965
10546 9795
10663 10234
10206 9834
10653 10268
11336 10031
10587 11460
9839 10980
11131 11433
10473 11166
10855 10229
11487 10024
10607 10472
9872 10973
10687 10018
11434 10490
10891 9864
11237 10377
10658 10550
10114 10291
9889 11349
10406 11391
10674 11106
10848 11254
11335 11422
11047 10567
9927 10899
11315 10169
9864 11116
11175 11328
11477 11454
11255 10858
9788 10607
11027 11009
10775 10795
10163 10197
10565 11270
11058 11497
10334 11277
10463 10804
11465 10278
10969 11054
10709 10312
9725 10775
10379 11489
10726 9782
11464 10527
11018 9959
10338 10766
9873 9817
11284 11227
11241 10906
11426 10579
11005 10435
9763 11373
10981 9784
11456 9969
9756 11111
10978 10258
10153 11075
10155 9949
9825 10949
9790 10158
10316 10017
10408 10509
10799 10977
10490 11200
9874 9841
11092 11430
11291 11502
10873 9722
10213 10277
10454 10107
10597 11078
10729 10836
10444 11283
11532 10913
10079 11318
10750 10136
10362 10056
10721 10396
10696 11279
10942 10544
10635 9788
10544 10084
10094 10709
10768 11211
9817 11214
9809 10910
10652 10944
11186 10522
10460 10274
11248 11252
10928 9987
10199 10674
10121 11233
9808 10794
11164 11379
9736 11490
10007 10195
10525 11059
11181 10999
9798 9830
11299 9853
11466 9832
10739 10744
10367 10963
10326 10172
10000 10332
11388 11263
11044 9778
11246 10123
9733 10493
10105 10832
10371 11438
10060 10334
11259 10283
9826 10741
10810 10749
9922 11282
11239 9737
11231 10290
9907 9936
10716 10900
10491 10358
10272 10402
10238 10357
10029 11193
9779 10557
9810 11246
11443 10531
10703 11521
10860 11280
10484 11176
10437 11465
10900 10760
11523 10413
10017 10563
9913 10542
10983 10392
10545 9944
10159 9774
10014 9934
10630 11500
9757 10625
11088 10069
10603 9761
10373 11446
10765 10954
11368 11295
10847 9960
9955 11459
11274 11385
9930 9752
10065 9837
10722 9931
10419 9743
10211 10356
10539 11399
9841 11245
10746 11103
10193 11107
10343 10122
11168 10073
10478 11029
11130 10142
11468 11147
10217 11025
10887 10364
10090 11527
10123 10745
10492 10439
10681 11001
11169 10066
10507 10178
10616 11122
9990 9729
11538 10747
10537 10243
10088 10245
10561 10239
11381 11456
9853 10182
10366 11444
10358 11162
10560 9940
10286 11431
10541 10789
11294 10440
10087 11468
11308 10856
10171 10297
10041 9910
9762 10125
9780 9780
10575 10916
10084 9861
11393 10157
10533 10304
10503 10227
10984 9803
9819 11224
11013 10020
11234 10612
10882 11382
11493 10882
10346 10942
10441 10213
10807 10230
10723 9868
10472 11326
10285 9903
10662 10183
10382 9978
11418 11301
9793 10646
11316 11205
10456 10083
11222 9909
10585 11093
11115 11148
9765 10891
10781 11231
10850 9979
11467 10761
10530 11395
10518 10782
10664 10147
10008 10671
9929 11516
10236 11356
10784 11440
11405 10821
9901 9755
9784 10383
10128 10326
11506 10655
11300 10873
10268 9904
10526 9895
10719 10617
10528 10902
10152 10694
10706 10249
11447 10349
10307 11006
10162 10850
10535 11251
10321 10450
10416 11530
9943 11027
10278 11049
10469 11453
11289 10306
11305 10825
11397 10276
10175 10072
10859 10038
10330 10692
10204 11396
10728 10082
10896 11426
10385 11322
9849 10506
10670 10244
11158 11429
10922 10324
10061 10545
11207 10753
11040 11011
10558 9821
10223 11510
10701 10803
11093 10308
10771 11181
9936 10163
10103 11199
10274 9727
11066 10533
10280 10473
10124 10844
10786 10443
10115 10453
10032 10371
10158 11369
10608 10601
9738 10089
10940 10731
10339 10211
10707 10838
10689 10262
10047 11132
9917 10876
9752 11234
10714 10087
11511 11408
10142 11250
10901 10128
10237 10143
11135 10696
10470 10165
10146 10971
10641 10730
10476 9913
9848 10201
9957 10888
11323 10989
9968 9846
10113 11449
10870 10231
9769 10857
10095 10768
11105 10494
10569 10266
10594 11416
9983 10040
11161 9724
10256 10614
10357 10765
10584 10327
9786 11289
10542 10287
9820 9983
10886 11257
11180 11472
10289 9937
10372 10408
10700 10482
10144 11475
9814 9856
10129 10771
10398 10903
9960 10248
10857 10000
10235 10722
10654 11514
11517 9896
9755 10281
10100 10432
10917 10217
9812 9898
9971 11126
10381 10752
10082 10547
10186 9930
10290 10845
10818 11159
10734 10629
10182 10427
10220 10103
11159 11344
10387 9933
10483 10256
9985 10578
10037 10141
11521 11443
11513 10952
10577 11538
10505 10353
11254 11228
11190 11313
11096 11303
10070 10574
11450 11021
10704 9756
11281 11452
11067 10241
11016 10164
10303 11044
11189 10386
10976 10824
10615 11524
10710 11329
10453 11420
9854 10767
10336 11047
10828 10751
10760 10641
10275 11241
10365 11415
11041 10076
10325 11293
10665 11334
10038 9991
11113 9796
11215 9809
11423 11113
10434 10866
10351 11031
10488 11170
10640 11362
11136 10303
10522 10639
11083 10311
11266 11240
11296 11471
10429 10086
10963 10286
11073 10631
11087 10021
10266 9875
10690 10093
11500 10190
10596 10096
11279 9866
10500 10475
11499 11125
11176 9908
11409 11143
10592 11105
10618 10185
10023 9966
10699 11128
10705 11149
10265 10904
11139 10361
11050 11187
11225 9874
10403 10648
10849 11099
10411 9749
9773 11141
11084 10538
10970 10117
11332 10892
11034 11152
10396 10055
11333 10759
9999 10981
10296 9745
11453 9985
10097 10296
10854 11493
9902 11195
10878 9859
10322 10672
10888 11525
10702 11118
11046 10004
10135 11030
11355 11483
11126 11087
11118 11065
11132 10233
9911 9984
9797 10787
11311 10996
10118 9897
11425 10975
10657 11317
10489 9829
11042 10781
10277 9810
11196 10964
10754 11196
11525 11441
9996 10994
10552 10041
9905 11155
11490 11229
10595 10100
10576 10638
9824 9753
9893 9947
11120 9869
10180 10554
10680 11216
10637 10901
10808 11292
10430 10626
9892 11058
10944 11348
10104 9819
11245 10210
9720 10658
11306 10643
11301 10126
10345 10504
10842 9775
10811 9826
11345 10480
9912 10608
10422 9736
10394 10462
10389 9951
11150 9731
11530 10348
11197 10370
10176 11506
10399 10389
11505 10602
11002 11073
9940 9921
10058 10613
11519 11050
10534 11336
10790 10206
10736 9739
11435 11192
10190 9797
11365 10551
10868 11150
10531 10380
11251 10318
11486 9843
11081 10214
10583 9808
10027 10341
9935 11134
10682 10640
10222 11023
10837 10025
9881 11302
10352 11100
10386 10675
10614 10535
11344 11298
9855 10686
9998 10406
11072 10416
9899 11153
10752 11512
10116 10881
10902 10192
10773 9886
10688 10937
10363 10109
9989 10360
11285 11482
10464 10471
10438 11368
10479 10822
11390 10837
10845 11363
11260 10755
10342 10393
10515 9746
10586 9794
11265 9973
10053 10399
9974 10776
10101 9881
11264 11092
11449 11218
11497 10811
10122 10968
11242 11040
11529 11340
10825 10854
11146 11405
10861 9958
10876 11462
11454 11320
11204 11508
9976 11536
9834 11341
9821 11380
11201 10002
10466 9997
10468 9858
10026 9720
10883 10208
9811 10414
9925 10465
11183 10202
10880 10984
10894 11064
11351 10797
9862 9798
11216 11492
11533 10015
10247 10198
10683 11531
9815 11212
10743 11259
10375 10127
11003 11311
11325 11258
9977 9772
10686 10681
10529 10920
10299 11447
11230 11519
11346 11236
10574 9851
9801 10860
9982 9917
10259 10951
9747 10834
10661 11304
10057 10415
9789 10580
10731 10670
10832 10005
9909 10933
9847 11013
10078 10134
9869 11139
11540 10928
11184 10645
11375 10010
10462 11202
10852 10763
10376 10819
10982 10756
11220 9883
10165 10221
10935 10228
11063 10448
10067 9827
11481 10019
10946 10433
11416 10654
10215 10003
11343 11445
11256 11442
10494 11008
9981 10808
10692 10321
11509 11035
10219 11496
11187 9884
10524 10699
10600 9744
11510 10336
11070 10665
9785 10566
9796 10483
10016 10998
11436 10969
10798 11488
11223 9805
10335 9900
10250 10637
10481 9953
11462 10054
9728 10068
10302 10313
10846 10966
10582 11386
10132 9760
10994 10532
10320 11201
10164 10746
10045 10548
10974 10536
10834 10355
10249 9955
11522 11481
10926 11262
10956 10168
11442 10261
10160 11273
11154 11018
11352 10802
11501 9907
10677 10632
11156 10791
11484 9777
10715 9776
10433 10970
10819 9982
10139 10516
9843 10597
11097 9943
9875 10738
11194 11032
9876 10431
10010 10690
11273 11352
10267 10459
11401 10479
9754 11204
11163 11089
10871 10706
10231 11461
10292 10978
11330 11146
11023 11255
11348 11393
9844 9948
10291 11086
9973 10926
10293 10788
11214 11518
10621 10379
10562 11038
9997 11434
10996 10934
11441 9835
10230 10444
10009 11470
11483 10091
11117 10710
10208 11523
10349 11190
10141 10853
11236 11436
11431 10863
11025 10491
9939 10145
10831 11063
10741 10591
10776 10918
11429 11090
11140 9925
11478 10390
10145 10589
10938 11316
9906 10151
10619 10817
9921 10774
10668 10310
9807 10530
9727 11398
11444 11342
10990 10365
11071 10375
10435 9862
9827 11127
10356 10101
11056 10572
10648 11061
9978 10029
9937 10561
10245 11315
9857 9867
9884 11209
10234 9905
11479 10807
10348 11184
11318 10247
11086 9801
10536 10007
10667 10132
11408 9852
10998 10280
10943 11269
10666 10057
10393 10301
10257 10594
11283 10541
10050 10693
9753 9961
10232 10088
11480 11504
10609 10156
10547 10487
11100 10120
11438 9996
10048 11345
9749 9787
11350 9928
9730 11003
10830 9759
9860 11169
11218 10505
10540 11353
10571 9860
10378 11057
11217 10063
11473 10273
11491 10150
10792 11115
9832 10705
10777 9919
10553 11407
11515 10265
11310 10223
9831 10488
11017 10485
10458 10622
11317 11307
10979 11410
11504 10077
9994 10785
10424 11371
11148 10720
10879 11350
10350 10704
10872 10222
10294 10823
10263 11174
10390 10846
10610 10790
10226 10875
9890 10914
11229 10777
10945 10598
9868 9823
9988 10426
10655 10359
11271 11172
10028 10154
10572 11370
10273 9902
10150 11366
10020 11455
11404 10972
10774 10919
10685 10615
9984 10325
9803 10562
10761 11418
11240 11136
10228 10929
11498 10022
11249 10322
10284 10723
9878 11467
9777 9816
10313 10997
10011 10496
10459 10810
9783 10688
10189 10528
11353 10945
10013 10137
11267 11164
10140 10559
11349 10486
10659 11267
10510 10106
11188 11312
9942 9994
10788 10909
11321 11219
9743 10865
11539 10382
10627 11533
10281 10362
11037 10235
11103 10958
10298 10814
10823 10442
10255 11167
10120 10842
10068 11486
10401 11014
11119 10721
10083 11160
10712 11178
11091 10469
10012 10539
10117 10697
11102 11288
10669 9971
10161 11019
10952 10595
10995 10947
10327 10700
9908 10549
11282 10725
10511 10678
9967 10429
10480 10603
10169 11179
11313 10540
11412 10454
10851 10033
9717 11412
9969 10292
9822 10517
11524 10064
11424 10034
10512 9929
11198 11272
10626 11185
10131 11323
11367 11325
9823 11114
10125 10174
11342 11163
10962 11108
10551 10250
9768 9786
9772 10094
11458 10176
10803 10501
10184 10423
10893 10992
11004 11151
10337 10778
11320 11101
10794 9845
11043 10499
11045 10974
11400 10119
11199 10153
11430 9922
10501 10070
11411 10543
11304 10376
11080 10468
11155 11480
11205 10628
9792 9773
11226 10546
10340 10289
11059 11242
10980 9751
11054 10691
10203 10961
11082 11120
10965 10225
11276 10008
10258 10508
9845 10366
11270 10095
10413 11097
10504 10110
10740 9967
9851 10032
11396 11117
10762 11464
11112 10410
10967 10851
10318 10173
11293 11109
10136 10716
10934 11243
10905 10772
9958 10053
10598 9740
10623 11417
10951 10043
11111 10664
10684 10270
10720 9767
9946 11491
10636 10246
11011 9957
10328 9986
11413 9791
10908 10687
10939 9950
10283 10337
10133 10204
10043 11403
11107 10149
11094 10422
9883 11210
9944 10718
11172 10673
10647 9945
10368 11351
10254 10750
9741 11355
10787 10915
10200 9891
11339 9828
10672 11145
11069 10599
10253 11271
10497 10991
11076 10067
11459 10460
10311 10872
10757 11388
9836 10897
9914 10995
11035 9932
10580 11091
10089 11261
9948 9999
10821 11389
11402 10166
10388 11474
11514 11225
10520 11535
10991 10466
10920 11244
10498 11208
10877 11102
10858 10081
11329 10940
9886 11186
9795 10662
11039 9942
10932 11247
9863 11479
10485 9975
11476 10187
10102 10102
11202 10260
10548 11401
10521 10990
10099 9992
10631 10058
11364 11068
9806 10372
11406 10373
10538 10052
10056 10199
10329 11503
11531 11324
10341 10401
10425 11305
10937 10478
11475 9968
11312 10943
10559 10458
10797 10226
10423 11154
11116 10642
11193 10930
10833 9876
9758 11359
9880 11357
10899 11046
10912 10576
10639 10941
10069 10425
11398 10130
11527 10420
10209 10630
10985 10801
9904 11428
10817 9863
10297 10575
9961 9730
10227 10437
10210 9721
10091 9748
10656 10300
10166 10861
10127 10456
10248 11314
10697 11067
11275 10135
11235 10446
10758 10264
11309 10743
10747 10186
10643 10635
9787 10946
9745 10036
11371 11478
10517 10712
10353 10388
10098 10732
10506 10279
10625 9781
11495 10849
9891 9887
10838 10108
11125 11409
11142 10677
11085 11207
10836 11394
11077 10512
10973 10013
9744 10724
10499 11156
9900 9770
9726 9924
11280 10848
11210 9906
11151 11265
11451 10895
11369 9912
11298 11066
10486 11384
10523 10078
11278 10829
11535 9818
11262 10338
10183 10583
9933 10167
10960 10112
9794 10908
9739 10188
9867 9938
11295 9735
10344 10398
10046 10600
9761 11020
10143 11358
11518 10960
11528 10609
11026 10065
9896 11017
10051 10492
10869 10269
11090 11130
10106 11414
11474 11309
9742 10590
10119 10806
10650 10792
10675 11308
11292 11476
11302 10556
10679 10619
9970 11390
11319 10593
11428 9965
10310 11197
11065 11285
10509 10735
10910 10740
11064 11287
10148 10252
10986 9923
10260 9716
11328 9952
10305 10605
11203 10411
11327 10026
9800 10240
10157 10911
10751 11220
10218 10507
10579 10009
10642 11473
11209 10418
11286 10295
10638 10558
11009 9792
9986 10449
10611 11098
10955 11354
10918 10695
11104 11052
10824 10650
9894 10894
10428 10905
10513 11306
11414 10993
10624 9741
9737 11189
10188 9970
11062 10489
10252 10871
9764 10667
10112 11071
10359 9822
