0 158
1799 1442
2 1642
1798 457
3 1174
1797 1056
4 1055
1796 1203
5 281
1795 973
6 1498
1794 1644
7 1233
1793 135
8 74
9 377
1790 647
11 1746
1789 1212
12 1158
1788 1616
13 532
15 1540
1785 687
178 1433
80 1405
1198 263
113 1384
940 110
114 1687
848 1776
1243 498
1136 1297
395 241
1 1206
10 1524
1791 1491
1586 669
962 383
627 147
1296 706
1131 181
1571 928
561 1685
1707 7
613 524
1096 725
1264 41
1792 1541
16 799
17 1362
1787 886
1717 403
608 1716
252 1230
1246 995
1732 172
1569 86
1402 124
489 1735
14 660
18 1292
1003 582
1620 296
655 1542
1585 585
145 1451
1649 820
1188 1418
19 1170
1098 1488
699 1734
1062 781
1190 479
414 1582
319 206
139 1760
1125 1202
789 1620
232 873
1306 1470
174 60
455 470
418 841
652 1369
1561 1250
20 140
1269 1702
1606 784
1150 605
367 397
524 1630
840 1008
297 720
260 1303
759 825
1400 779
704 1421
1347 1132
21 111
106 1487
1739 345
1756 1786
612 1535
1158 940
1356 785
573 1723
833 685
22 1733
690 932
428 1144
46 1518
1603 127
227 522
27 101
175 1493
1729 484
1476 1127
496 1508
23 214
372 968
1711 1743
1070 1153
1113 1625
122 1015
858 1602
621 1109
137 1307
926 235
194 1211
1032 1321
1170 1086
708 17
741 1726
1106 1270
222 349
1570 1374
1728 1457
43 284
24 182
893 1245
1622 911
1321 210
156 994
644 565
1112 612
969 1077
117 1393
217 184
1747 1338
26 875
831 117
640 50
1284 478
1672 42
60 175
1638 1623
25 1425
1492 880
787 333
1326 983
1340 1658
1505 1304
37 580
28 1653
1172 1571
437 622
1465 372
365 1243
130 538
1370 556
310 700
809 171
29 747
1499 1379
1578 1619
1089 596
1068 1157
177 1495
275 10
1090 631
1484 1164
532 923
670 1709
630 18
1075 1073
30 1719
1547 1315
555 1778
1307 1647
766 1314
927 1704
1366 516
1554 739
1302 630
511 1775
290 473
1674 755
1035 729
31 634
1066 194
1105 81
936 1038
1657 845
894 312
1500 1608
873 668
246 252
1023 1640
1644 939
32 1774
291 883
76 118
780 1645
55 731
586 202
382 488
1426 1357
1776 411
674 754
746 513
238 749
136 1320
702 444
88 696
244 1449
660 1502
1486 1700
1430 1330
845 1789
1646 1336
429 1289
33 643
34 1034
881 168
747 1465
278 1165
1693 1042
461 563
1352 778
1021 328
719 1604
1466 862
629 1550
724 1007
751 293
431 1063
656 863
1205 1497
35 401
36 1662
1715 145
155 385
857 1009
1742 1638
1283 482
1495 1410
624 572
709 188
691 362
1524 126
1034 236
1453 1175
1376 1221
1354 32
908 155
118 459
895 1592
1641 624
1309 1237
1642 309
442 1678
559 661
1226 546
481 723
381 272
377 1235
383 1552
398 419
765 223
1446 230
371 938
38 468
39 854
363 773
502 1793
637 503
1780 167
804 300
583 1349
1141 1048
1061 1474
919 1106
1667 545
1469 657
40 885
1722 1339
973 9
1290 1024
916 1771
835 115
1111 1241
253 1032
1436 398
1384 695
1224 1412
1640 35
1279 1438
1704 793
41 290
210 1394
1378 462
602 485
901 1783
1048 540
346 1570
760 34
100 813
42 1118
911 520
328 671
1551 1657
800 447
1589 1353
335 1710
683 1099
1102 817
1506 966
1394 748
1420 1777
1129 1260
201 760
44 1572
1575 1791
288 1600
1406 816
1008 1100
905 1738
1574 633
941 659
1489 837
406 0
1741 770
284 95
460 698
225 594
45 393
562 218
648 260
526 1626
249 237
1759 1481
47 1672
92 1069
550 1744
1162 1340
482 1248
723 1506
48 1673
344 1595
1516 1613
988 1251
109 955
1313 469
1659 1558
815 19
1407 1376
148 894
1540 1285
576 952
1317 44
49 287
1754 681
558 515
1209 217
912 527
143 1482
420 26
889 678
1507 139
1193 258
50 1143
1072 130
519 256
837 132
1341 380
154 1075
1475 593
1600 1585
978 494
726 480
967 20
1368 1561
456 1087
1438 1692
206 903
910 437
1108 1273
51 238
52 310
859 1427
1262 1792
292 1714
281 299
1275 704
1395 307
1280 313
680 71
53 29
1459 667
1273 90
1005 1601
1145 783
356 288
436 417
1222 943
408 797
153 1352
54 1757
438 870
464 428
725 399
1772 440
352 1148
987 1019
1257 1618
1399 1085
1743 1138
189 1797
923 239
924 1529
1738 1682
1758 571
903 1381
672 23
195 866
1628 465
1604 1676
1679 1471
56 1278
813 1553
650 561
1458 441
686 1389
162 1176
57 392
997 82
829 653
311 1332
1682 1419
272 107
63 1663
167 1051
1294 1680
366 295
1456 306
321 319
1235 1054
522 1496
705 708
375 1363
477 1062
486 1210
817 471
1666 1721
58 1181
968 1173
487 945
538 505
1299 1020
1197 874
1660 1729
731 1168
525 1229
1344 767
378 1092
581 146
499 1712
61 1346
388 453
732 1688
693 1209
339 1562
1760 1543
1095 809
268 271
867 381
1300 846
1078 1361
309 1244
676 921
270 1217
1467 1651
1084 517
1510 555
59 1280
62 752
1333 734
770 38
1714 1344
1689 221
620 830
64 1460
899 1759
675 1279
1581 449
160 1755
1750 1341
65 1052
1200 652
849 648
83 402
1685 1295
183 1614
66 934
1286 1622
298 53
792 83
1018 431
1703 85
802 1447
67 912
239 861
807 1117
1118 795
132 191
507 45
1639 1327
250 361
824 253
1768 1779
108 1201
261 105
127 1347
330 1766
1127 427
976 1635
756 541
692 342
518 36
68 972
69 458
336 1505
479 975
1669 933
1281 404
168 637
1054 196
70 1527
568 600
841 228
1539 1567
821 43
71 1294
1613 1565
533 613
1688 318
1634 560
1289 1130
72 709
654 320
1781 224
193 1287
958 1652
1203 640
404 1004
565 205
1079 727
103 1350
320 25
325 67
1103 918
73 283
589 204
1579 37
1256 1368
1519 390
1699 1134
1006 64
111 949
259 1037
277 1325
74 395
305 164
368 510
516 737
1401 1274
1073 1693
1668 119
707 102
1412 759
1116 1375
75 971
942 702
1771 789
662 141
996 454
199 792
241 254
797 1031
1015 1556
1480 382
1038 456
947 1337
1146 199
1582 701
316 143
77 1119
990 588
1534 412
1388 270
1535 1596
125 47
1608 645
1083 1749
1474 1612
78 1773
337 240
981 1182
1234 1621
993 1504
625 853
944 355
79 12
306 368
1473 1494
1254 1736
1052 1436
1514 474
269 137
585 1459
1520 1331
730 311
874 989
129 1192
950 710
439 891
440 1112
913 1249
264 177
483 421
1357 162
530 997
1415 536
1278 512
81 614
82 776
1168 890
714 467
838 452
588 1021
681 1694
396 174
240 730
419 1329
631 481
832 1411
505 1598
547 1246
208 557
435 353
1282 836
84 30
1636 476
1167 153
577 1649
1496 1401
1766 1185
820 87
688 323
85 301
445 664
953 929
1123 1684
1647 1730
1133 1036
1493 1068
808 154
1405 1059
1410 352
86 947
1115 259
355 881
952 639
887 285
412 1388
1408 315
544 1147
980 807
1331 445
1156 537
1270 642
687 148
1594 1222
1039 357
1627 189
87 418
89 1137
727 373
245 433
1249 1067
512 343
191 798
590 887
611 907
384 108
1670 1066
370 564
158 1293
1392 967
1334 1188
90 961
91 1187
123 1788
138 1670
1251 867
186 765
1755 122
1236 824
1431 79
1409 1624
1543 1430
513 1296
326 1544
1161 1179
854 848
462 1464
1097 900
801 638
1752 677
682 100
93 337
236 581
1630 157
1004 552
754 823
979 1796
315 1547
1777 851
94 1154
1724 576
1491 1116
1216 1271
1223 910
1319 1446
165 570
1237 1512
1041 751
95 523
972 387
1110 1385
1610 566
400 407
1135 1215
1661 611
96 1351
457 138
1240 620
1390 466
1614 757
97 786
488 1654
1448 1142
542 1689
594 1715
1155 1039
534 1254
929 1359
1587 321
1533 1195
98 1035
340 1479
1063 1756
1218 1326
788 376
1518 703
706 583
221 632
883 1707
99 1646
713 76
977 1476
772 872
276 926
1542 635
101 1258
742 1334
785 424
1220 716
1452 1469
1014 1443
673 1017
1552 1101
1740 1238
1397 578
185 842
1478 625
399 1597
1250 1761
159 901
1087 276
1194 852
758 790
1020 598
1462 1000
1221 91
1272 658
1556 1523
733 436
102 1696
104 1333
312 607
529 835
1470 1514
1449 150
226 1247
989 279
105 1720
1076 558
1548 916
1253 1169
1706 604
605 948
215 388
1736 992
1468 1089
1049 22
360 1525
107 443
207 78
1509 587
748 711
1690 354
256 1665
545 511
1314 339
490 665
1513 103
1160 234
531 832
784 1367
872 109
614 724
1364 54
1291 895
1104 690
493 52
643 1269
110 834
212 1306
1147 1151
501 1795
430 801
376 273
1359 304
413 208
1230 1424
632 1312
112 766
1343 1754
1210 1160
774 629
1308 262
1153 330
1698 1591
262 1603
1351 1105
628 679
1687 1415
826 1428
1708 220
188 28
1515 769
1107 849
1080 1750
920 1661
1185 1223
1178 347
653 803
639 1224
937 802
257 173
995 806
115 1537
116 1586
1583 508
389 1648
634 192
599 338
1691 1444
1427 980
1757 1740
1450 1628
466 736
308 250
1655 460
1617 367
1140 61
447 1102
432 1003
1263 1569
1126 1632
119 575
1464 919
120 99
560 416
1295 1216
1057 775
539 486
1260 1475
943 176
1733 13
184 209
121 450
449 530
203 1655
144 1545
994 655
453 1526
1252 384
359 39
1204 1391
1268 1023
739 242
405 27
567 1070
1677 161
961 434
921 1485
459 999
685 1161
1082 1717
1723 922
1485 831
1144 810
124 1131
814 529
695 1507
1479 712
403 1455
448 1259
492 1196
906 346
1387 1218
1238 370
1719 951
1088 1013
1051 1708
827 1115
126 1781
877 336
1437 879
1196 742
157 1784
1784 674
1114 374
1497 1422
128 207
933 1441
152 1072
580 1549
1182 1664
1350 920
1017 774
213 1171
665 1061
1036 1057
1786 1528
1241 1135
1380 1546
885 654
658 325
1361 104
557 1500
131 251
600 92
783 225
1454 1277
1731 216
1266 1580
1624 1390
749 868
1338 1435
1310 1753
133 1108
1024 1083
379 1046
1727 1253
781 844
1044 567
1696 3
1494 1727
1276 1785
1487 1111
1393 267
263 979
844 1290
1029 777
856 16
134 1088
135 1226
604 1417
1580 713
497 360
1753 897
1572 791
1373 364
549 993
556 531
776 113
1120 963
1173 1434
999 247
812 1468
1101 179
1130 1563
1358 1006
273 1578
1381 827
1563 762
494 579
659 1044
1391 1079
140 1477
1656 917
1737 758
141 1242
1176 212
1277 280
357 502
142 1050
1329 1113
1713 322
1315 6
876 1752
1592 69
697 70
1287 229
1577 772
1229 286
592 1701
896 728
1653 1328
331 106
617 1636
1259 89
1601 197
1360 131
146 326
1498 662
939 1574
302 1239
1056 1399
839 644
1377 964
147 97
649 649
720 232
661 1299
465 676
452 201
149 592
1225 1762
1030 509
417 805
1217 1370
757 559
1512 112
170 1461
963 335
597 1152
514 1732
150 646
151 833
407 976
1710 278
214 233
1000 745
233 1309
1598 133
1139 477
863 414
1157 489
703 1275
535 1467
1045 1103
878 200
761 94
1517 1763
1631 1794
1271 1177
960 1486
1213 415
1536 350
1663 1198
506 787
566 1639
1678 1466
503 1097
1363 1159
1705 1737
242 1178
433 1197
1460 699
722 1342
1025 163
1735 1671
768 1581
1339 291
1502 1593
1124 514
1637 1573
1650 1234
161 1322
646 782
710 636
1374 183
1227 550
1439 1047
1292 1300
1327 308
1007 1194
626 1313
163 409
1258 1093
361 1698
1684 1265
1195 426
1232 1120
338 904
1060 1643
1303 363
882 956
1305 815
1774 187
271 1380
619 1122
1625 1765
345 1392
1463 764
166 1107
587 1695
397 1156
1215 985
1537 1406
1421 327
1128 936
869 1452
1716 843
164 128
394 98
1058 1010
1371 33
1027 84
1725 1324
1379 406
169 539
1782 169
938 1742
930 597
231 1683
451 455
171 1517
421 808
668 1133
553 266
946 1520
258 1227
970 1609
254 1782
852 1167
1545 1186
1138 1199
172 889
173 1587
1623 1383
243 1711
1654 1225
694 1365
266 58
443 1001
1451 1180
180 965
771 1252
1064 1298
517 609
633 1594
401 1204
1694 160
1434 1426
1626 978
176 1257
1783 386
1662 623
362 1420
667 526
1573 15
1189 1
1419 1706
1099 1317
1769 771
179 1780
1202 670
909 1040
684 261
307 884
181 1770
1461 451
182 1764
762 1064
991 1724
358 1267
458 1058
601 4
196 492
385 277
1645 722
1031 120
615 334
1664 1396
343 689
1413 1659
410 1366
1730 1484
1455 55
606 268
1635 303
971 714
571 1128
603 1767
763 48
543 72
1166 408
1562 1515
1164 1288
1416 551
1375 788
187 924
324 829
294 1739
332 1503
966 246
1065 1220
743 1311
1643 1439
779 804
1207 1532
1590 1291
1557 818
219 144
1651 946
1332 1440
322 753
1550 1462
795 213
441 666
934 935
871 857
190 569
1422 814
635 1456
192 692
1011 1080
657 1641
956 761
1385 1155
1324 1281
825 1261
1208 391
218 496
1482 1163
1615 356
197 915
1546 1499
296 828
651 859
1700 1149
715 297
983 211
582 549
198 1378
1414 1018
1026 1611
1323 1284
992 166
434 359
1037 1091
729 686
200 1560
540 535
546 855
712 1360
202 1377
1330 244
964 1656
528 1214
1440 123
204 195
349 275
1508 1501
1609 1463
1219 65
1396 1136
353 794
205 274
954 962
846 178
1349 114
1093 31
552 603
472 1690
1109 898
1348 864
935 1090
209 215
1658 1026
1770 1231
314 1354
1611 621
1148 984
698 1431
925 40
387 1397
1442 396
301 435
317 616
718 1356
211 506
1183 190
422 562
1199 165
1119 1268
1152 438
563 292
1726 1200
1261 151
1002 718
1154 1316
898 909
1566 606
304 688
1411 203
216 429
265 682
313 1413
1629 590
811 826
790 860
1028 744
984 925
1488 1697
609 1071
955 186
220 858
303 544
636 491
409 1539
347 1041
957 77
1593 1445
223 617
1767 733
224 1713
819 68
1304 1219
425 1699
234 1478
1086 463
468 198
716 51
1764 982
810 865
228 1416
229 1745
463 1150
880 599
915 927
235 495
847 850
1435 1432
230 1140
1191 500
1429 446
918 302
1071 1590
1245 332
1149 1205
1665 601
610 1521
1012 1098
806 159
267 430
1151 245
237 1404
1560 1372
427 1060
495 937
1117 1615
1362 743
744 871
864 340
1538 1348
1171 420
1214 1437
1504 953
279 1011
1423 1407
1523 379
886 1343
1081 66
1621 248
299 501
1265 255
1433 316
247 1575
1180 1355
1242 1232
888 1371
584 1472
380 958
248 1557
1567 719
1009 1104
1267 142
423 1748
796 136
1673 568
251 1607
1055 1686
1511 1450
1212 1045
426 507
1553 57
1184 878
521 1387
931 149
791 595
1559 483
1047 1473
444 8
255 1172
1085 981
504 1255
663 341
1050 423
671 697
286 180
998 282
1734 56
1745 472
578 970
551 1395
548 942
1248 1559
1748 1564
803 1522
1527 499
717 369
932 1483
1418 80
1398 707
1607 1025
1686 988
769 741
618 1799
850 1667
879 331
1322 839
1544 957
736 389
805 1030
828 305
1775 249
1137 768
1596 257
638 1617
616 59
274 1129
1457 608
1316 1014
1077 1189
470 121
1521 1398
285 1078
474 1533
1444 1633
642 1335
283 1043
975 1576
1053 998
1697 1669
1353 1747
1525 298
1618 1583
280 1065
364 1610
738 1373
711 1510
853 264
282 1666
1100 156
1355 394
794 243
1383 461
527 400
1648 75
369 269
569 405
851 1509
350 1599
348 656
834 812
287 589
750 882
289 519
1142 134
745 905
1016 941
890 1146
701 170
843 1076
1228 1480
1701 1511
737 1319
1181 586
293 1028
740 554
728 365
1447 1728
295 1126
1652 1772
986 746
484 1731
473 219
1751 366
1591 1703
446 1629
1074 1162
300 954
1558 1276
1532 1240
1424 231
900 1555
1709 1681
1297 1302
520 1022
424 1262
689 577
842 1318
1680 914
1337 314
1325 1403
951 93
1132 673
329 876
799 800
454 651
945 543
333 888
508 439
1177 1536
836 1123
318 1029
450 615
1059 838
1187 73
1174 602
1481 619
1301 683
323 1263
677 125
1318 413
1285 1310
752 1002
327 1758
897 740
753 1114
1312 425
1744 1236
870 691
1765 986
1186 944
1239 650
1718 185
491 371
1471 680
334 358
1564 1458
1042 129
666 351
1749 432
342 705
341 840
1033 521
1602 1579
1293 1454
928 1588
1192 899
884 1408
411 378
1555 329
1274 1082
351 1634
354 547
1526 1725
1013 641
1531 193
1483 1534
1619 1674
523 294
537 1110
1549 1650
782 11
866 475
949 693
1342 1256
536 1660
485 618
515 1584
721 1414
948 542
875 548
1595 977
1773 222
373 1228
1091 950
755 289
374 375
860 1705
1632 821
647 1490
564 1345
471 1631
816 735
1584 763
818 5
778 1125
1443 1016
798 1402
1094 152
386 1448
1201 116
575 738
390 987
469 1538
595 732
1122 62
391 591
1702 265
1069 610
392 1145
393 553
1530 1606
1612 856
1121 1548
415 1589
696 534
402 1551
1503 14
1369 348
1019 1677
623 490
777 1266
1576 1081
1633 663
416 717
1681 317
1712 892
1761 1722
959 1566
1746 442
1320 1096
734 1124
1477 1305
1762 1516
861 959
500 1790
1367 1084
541 226
1143 1554
775 974
645 1530
786 628
1165 796
1428 1272
1695 518
1445 1679
1565 893
1490 410
1311 1691
1417 487
1599 1577
1671 1637
862 908
622 1453
1345 1207
467 1358
985 96
1472 1323
1159 1798
1255 847
554 750
1328 1094
1389 525
1568 1282
1247 24
907 960
475 1286
1441 1741
476 1139
1163 1183
478 448
570 1787
830 1074
480 1053
855 1768
914 422
1501 672
593 756
598 1627
641 1191
1022 991
1211 533
1336 1027
1298 877
1335 344
1010 1208
498 1283
735 726
1231 1409
509 694
579 49
1763 1382
607 1531
510 574
1404 1492
1169 1005
572 497
1244 528
1720 1095
1528 969
822 822
868 584
1676 1049
1683 504
793 1364
700 1519
865 1513
1043 1386
922 1568
1092 1668
1403 1141
1134 931
965 1308
1597 1121
1001 780
1365 1429
574 684
1721 1193
974 21
1432 930
1675 1769
823 675
1779 1718
1288 996
764 1605
902 627
591 1489
1067 2
596 63
678 1213
767 1166
891 990
679 464
1425 715
1175 493
917 819
892 1184
1372 46
1233 88
904 906
664 1301
1588 1190
669 1264
1778 913
982 227
1346 1400
1046 1675
1529 324
1179 1033
1616 869
1386 573
1541 721
1206 896
773 902
1692 626
1605 811
1040 1423
1382 1012
1522 1751
