0 318
2 137
1698 1269
4 1304
1696 1248
7 852
8 172
10 781
1690 1588
12 1536
78 133
865 1008
372 88
457 316
1 1034
1697 630
1693 538
1565 1346
134 608
176 532
6 1326
1695 1258
1692 239
1691 487
14 819
329 568
1607 1027
3 602
5 668
279 1644
1149 452
420 1074
365 1395
498 5
1487 1611
693 381
1578 938
743 752
1694 860
15 357
1338 713
1609 1635
898 1229
925 439
1204 1559
16 1387
17 747
50 1344
1380 343
687 886
519 1482
1418 519
1184 156
1680 1514
9 355
479 1486
109 243
11 1524
18 885
319 1645
500 1052
548 1247
1340 1642
738 1435
1171 334
19 510
369 1477
1085 672
613 209
923 1406
1372 1393
542 1273
893 1562
1573 34
76 913
1023 525
695 1655
21 729
1095 54
1040 350
13 990
20 1531
22 790
23 351
688 629
997 864
783 898
123 1223
813 287
1499 420
1320 1584
253 916
857 364
1459 649
1576 417
26 635
866 1569
1564 58
515 460
52 1122
529 1193
1456 1504
472 1284
355 693
1157 379
685 1416
1098 999
25 361
291 548
286 691
758 770
1299 715
27 410
28 366
43 654
214 1159
927 536
689 867
648 353
1410 1362
439 1186
29 404
30 206
881 1002
698 1157
507 657
1687 760
1473 560
24 46
683 660
964 70
350 792
75 1349
739 509
1476 148
1350 624
33 1004
557 521
1051 1014
1605 1089
67 471
650 1151
31 740
32 216
1641 574
621 549
399 1196
34 493
35 705
1294 718
436 1017
241 1066
1622 134
801 337
1625 977
691 159
1205 746
791 1341
906 1120
686 1102
37 168
38 122
768 759
720 411
1540 369
1148 1472
416 1205
521 994
1185 238
1629 224
1631 1436
39 738
1575 202
1530 1233
268 423
465 1305
596 1441
41 464
676 750
1333 943
36 995
1178 311
671 121
1048 303
121 1177
145 636
966 1501
727 669
42 1264
654 173
1315 1006
1454 48
44 909
827 767
1458 57
1394 1508
1327 712
384 935
607 211
1443 1083
257 277
1067 214
45 671
47 457
491 1652
637 641
46 443
670 769
218 918
48 1153
852 1659
919 1175
473 163
1408 1010
697 570
153 1476
40 744
936 611
1406 347
820 372
352 1068
632 1656
1465 113
571 1697
1291 1420
1103 1498
49 800
51 840
188 125
452 839
874 1093
1201 1173
991 665
419 964
53 1646
54 1638
55 683
690 1547
1517 843
478 1669
761 1117
694 331
1599 175
968 878
56 1327
1044 1099
1363 126
1289 844
1216 1356
995 1096
1276 527
1270 1495
379 33
160 49
1180 419
1660 772
860 69
1341 86
1440 47
1529 63
630 1685
660 285
749 631
1021 386
593 358
900 1308
305 1163
1413 1140
645 1070
1451 1578
57 1054
59 704
1200 1245
310 418
1474 271
276 71
58 815
235 875
916 127
1301 232
60 793
61 1029
1203 1576
1515 1169
826 446
64 445
236 454
413 555
921 38
62 829
107 1172
212 848
1285 462
391 1397
333 971
1590 833
1422 923
63 1021
66 491
563 926
766 1087
556 35
506 1411
336 1033
69 436
1123 695
65 808
68 1629
560 1481
71 94
1411 1139
609 145
901 1235
917 19
72 1561
1403 851
792 957
566 763
70 425
990 1568
238 632
1076 39
1527 1380
74 375
1325 387
655 1183
367 1135
1248 674
1568 666
348 882
196 1012
1377 661
375 245
200 247
1477 1056
853 1319
1169 1266
1138 979
944 1255
1359 1037
1466 461
275 1292
598 592
669 7
79 317
1334 143
888 1127
1019 965
1636 1425
494 1410
1317 934
470 1353
905 458
597 1043
77 490
1136 780
1388 1462
363 1391
1286 267
73 915
81 652
82 711
889 543
911 719
639 809
459 1617
684 1500
424 1400
80 533
157 341
1426 115
545 75
762 1287
83 893
408 1624
528 292
710 1025
84 225
447 1688
231 927
322 932
1462 186
1424 659
85 240
86 290
87 1302
1386 1428
996 408
88 1389
1060 551
215 1575
1313 1055
345 276
283 845
1012 658
1493 956
89 204
508 1213
401 1145
1090 1092
335 42
373 745
242 1277
705 1203
90 1484
776 1492
1642 470
91 68
280 1592
284 87
608 1463
626 688
1167 1636
1494 842
265 1412
92 320
967 1347
1351 1533
1279 751
1150 650
483 280
781 871
1045 1363
912 31
390 1549
1198 326
1534 582
386 227
95 1548
713 65
692 945
1645 526
93 154
94 304
96 72
633 1532
1231 888
1264 1427
1251 1677
1409 1564
1677 1679
97 506
98 403
1306 1376
799 1374
100 925
1253 515
497 374
99 644
404 1125
173 985
161 783
851 997
1323 187
124 302
256 1388
158 1625
1163 1276
387 455
601 1602
1586 388
1262 1526
575 1627
101 131
102 517
1064 564
364 595
1166 236
341 702
103 1673
541 1651
150 1373
1043 1309
779 305
1500 1051
323 1323
1113 1596
368 1332
784 1015
1543 395
721 1551
590 16
104 1003
780 970
765 778
731 1440
210 550
1670 1160
106 170
108 1452
1343 468
897 1622
1337 272
1212 259
1537 758
1144 1475
155 773
1115 1071
1379 1522
187 1220
709 584
1661 266
858 1528
105 108
110 791
112 1222
988 1366
1571 1310
1039 528
495 1059
612 1444
1562 720
462 345
246 1339
111 814
114 858
604 1164
282 986
987 1545
1111 498
1558 482
113 737
115 393
278 690
555 894
1117 26
933 907
116 1105
117 1095
118 1104
539 1075
810 282
119 804
998 1577
1318 208
1522 40
1689 679
855 771
1511 623
230 710
1263 444
786 1142
1581 503
503 897
1404 165
1176 905
148 1272
125 822
1364 1478
169 723
665 269
359 1234
475 1419
1083 1460
1624 620
120 1469
127 176
1447 946
126 273
128 336
1513 414
724 983
129 284
486 1246
269 99
1329 1352
122 664
1082 1445
130 621
131 1046
1032 676
899 754
717 799
456 861
1058 1699
132 1007
1405 1557
1267 764
1552 289
1142 761
135 505
136 20
909 244
261 1474
133 576
137 429
1546 479
403 481
1324 807
1488 141
725 966
961 980
217 1351
139 1085
170 1546
805 1330
138 1650
1460 433
1246 625
141 1628
549 847
1218 435
1089 41
619 1386
299 912
754 619
1217 135
1050 53
1503 281
140 531
142 142
1135 1214
1232 1038
156 278
308 588
143 1143
144 424
1211 92
1094 1415
1031 95
147 23
1579 922
1510 1662
883 1672
1046 1470
1069 748
149 1506
208 810
1455 257
1078 321
985 1485
151 1313
702 613
666 1378
146 627
152 6
1682 210
1397 1301
1331 698
370 118
892 883
1153 577
1582 188
1168 1338
1469 501
469 565
778 1149
750 222
1354 1009
1432 1049
1009 1467
1177 566
476 1211
159 1113
1536 603
869 1030
681 1101
1679 10
700 727
1106 1005
817 628
1024 262
201 961
342 796
928 89
1512 60
592 891
162 248
163 1044
599 1035
620 951
532 1081
1239 1147
164 1574
1574 963
708 1661
577 1274
785 1674
1087 511
410 1519
154 1134
166 709
232 1270
266 149
875 1518
165 158
1141 307
1119 607
167 1442
168 472
254 583
907 734
1042 297
255 62
267 803
1088 1204
1577 874
1328 473
1172 1566
219 890
957 24
443 562
1395 1589
993 854
1485 836
171 333
628 573
1016 823
172 1271
835 1182
951 678
1283 1385
707 1579
1241 1001
1655 794
1054 917
1133 325
1014 1671
437 288
180 707
174 887
175 1109
1030 265
756 777
178 1115
712 1108
1027 766
1156 1455
179 1219
1585 1210
622 1295
177 974
1508 83
1001 563
946 959
769 1666
181 1543
273 775
1034 596
581 291
182 600
543 798
371 144
1634 1121
1434 552
183 1000
1481 382
1437 904
1428 104
1151 958
677 130
1199 681
340 1190
1097 889
184 56
477 1279
1092 1413
1468 286
1516 1090
337 1345
586 13
796 1112
953 12
383 179
734 544
1307 1146
706 1106
772 616
189 1260
929 1315
1491 762
185 968
186 975
190 1318
1225 1612
975 27
963 1067
511 1215
311 1168
191 1288
1587 1540
1649 862
1453 612
1295 1571
1557 184
1005 1634
1280 428
1471 1152
492 1123
1290 1558
802 377
442 1539
1374 743
192 618
193 1020
194 955
195 1061
1015 1438
1292 167
1062 192
814 1231
197 117
199 79
1049 1320
1392 784
744 367
877 1340
433 11
327 1131
550 634
198 1285
809 191
1238 547
1501 371
435 811
1654 575
1193 996
767 1658
992 1695
1520 1126
1610 1582
250 378
202 1171
203 1230
1109 171
617 1515
757 1316
1657 218
1033 43
732 30
937 264
204 610
205 234
206 178
1535 1184
1006 1355
856 241
569 1450
1305 1609
722 1238
908 231
1442 1613
209 546
1244 1678
263 300
207 1403
1296 190
1182 1016
211 1567
1188 640
334 1091
682 724
1630 1581
956 1594
300 1280
1684 504
1505 820
1160 1648
518 732
558 1208
216 1424
1261 440
1608 1603
1277 1261
870 489
213 212
999 1237
415 1097
1055 981
220 1513
887 1032
222 198
1597 637
223 1368
339 597
1074 1334
982 412
221 614
224 1593
1269 1516
954 910
226 585
458 1191
429 508
405 308
969 1610
499 295
777 1696
228 1691
1080 556
751 1369
227 181
229 66
1478 687
789 310
1666 841
1189 1587
1243 1657
1191 1278
233 512
1616 1621
537 147
1588 722
764 3
1507 1022
225 330
234 1073
1378 617
237 1563
418 1552
544 465
239 1541
1316 1082
973 950
240 434
344 199
1423 416
538 80
1159 101
520 940
496 1471
516 1188
1249 1311
504 1505
294 1042
1415 64
258 1383
1004 9
1566 689
243 908
245 998
868 1530
244 881
679 270
248 1433
1068 1554
249 78
302 1585
461 786
247 478
346 1364
1154 768
1643 1493
1077 1490
1346 441
1421 1453
1234 976
1671 978
295 837
1310 324
252 571
578 37
1284 1538
306 529
1594 306
1194 1483
1678 1328
1303 594
894 756
251 342
259 869
546 726
377 354
374 805
260 944
262 157
584 1329
1237 1335
324 1639
1598 1534
264 1641
983 1473
510 725
815 0
1391 586
675 797
1235 1632
1170 1394
1570 1040
301 1421
1326 103
649 1343
938 742
1480 1253
638 1377
640 1256
380 469
1519 989
270 283
445 1158
752 235
277 1128
274 253
1390 1631
1674 1200
271 518
272 1023
540 816
356 1325
1209 1414
1210 876
393 1535
1091 166
534 213
1548 109
1219 1224
1446 123
1041 162
1611 25
281 982
1580 1390
1147 1689
285 55
422 1283
1427 1379
287 667
787 1417
288 1367
740 363
1417 1451
289 638
980 1262
1603 675
1532 76
1079 319
480 90
533 1337
1070 899
290 1072
1278 581
293 1187
292 865
313 51
843 1348
714 1607
1186 686
1207 116
918 1599
296 1156
1287 1314
297 480
298 221
1672 541
1396 542
407 795
1368 960
1638 392
1063 112
1656 919
487 884
392 1614
389 1031
1224 703
314 426
1226 246
1441 77
304 930
770 1670
747 789
839 197
760 911
1100 1375
605 1556
972 870
1628 466
307 484
1213 1580
303 1312
309 826
950 459
1663 1623
1669 1598
1531 1026
1358 948
742 835
636 1664
1613 223
1121 1595
565 254
1349 859
312 853
527 1174
965 45
316 1290
1398 579
591 1303
360 1491
315 1676
1600 991
1254 201
1230 850
1553 275
1604 237
1449 1180
932 1663
651 1365
816 22
318 1600
320 785
321 708
730 1560
317 151
325 928
378 1162
1509 409
1275 447
354 189
653 673
807 29
1589 605
952 1342
830 1064
1591 1028
976 1683
614 520
1105 920
611 1525
326 255
328 516
505 988
330 936
331 1060
1206 1198
1222 1370
610 1407
1584 348
943 494
1614 1692
1401 1487
624 250
1448 1426
1563 413
332 1048
1252 463
1066 119
414 1240
1497 1107
1008 438
343 182
1132 1665
736 8
1551 1154
1052 136
1214 1509
1104 1507
797 821
1382 782
338 639
347 44
847 1178
580 697
1688 731
349 741
1084 1354
931 1382
351 432
729 1286
1463 128
1420 967
825 1597
1618 1124
1651 502
353 1225
1623 692
1353 497
1257 1456
1242 1619
358 670
1197 492
357 834
1134 328
878 921
1472 806
1525 263
1419 1086
425 1423
1161 1242
1266 1647
838 1321
913 1392
361 260
644 1667
362 1322
1196 160
460 1502
366 249
562 256
955 1511
1673 339
631 645
1526 315
1518 1307
850 1176
994 1114
1676 939
1029 648
945 1494
1236 962
981 268
1273 831
1221 335
464 449
1223 1459
924 406
530 1041
829 609
1486 987
1122 642
910 801
382 736
485 496
559 1118
1056 1306
376 1165
381 1398
1308 1439
922 1063
659 1226
1181 1103
388 1079
583 453
385 1241
427 633
602 1333
635 903
394 1132
395 1039
821 365
790 561
941 535
396 1694
1227 14
397 279
1556 1443
1071 941
398 205
616 1116
823 662
400 36
402 203
1572 1268
771 593
1606 1687
873 1496
455 180
1496 1590
451 193
1479 476
1523 817
1013 1544
745 685
406 651
1617 1019
409 183
412 1249
1414 1150
658 242
1431 495
1114 1358
803 846
1116 924
417 394
1155 599
576 344
940 1201
1352 622
1647 385
1342 993
421 220
411 735
423 1300
1640 755
1644 812
1330 1133
1288 507
450 1119
426 1521
818 359
428 1437
501 1050
430 828
431 407
432 327
643 313
434 1263
1260 1267
471 195
641 1057
884 430
836 401
438 1633
1450 1464
441 398
1057 1499
833 228
753 1454
1490 1195
1365 849
481 1675
444 1243
1256 947
440 389
812 1479
1107 1572
449 1216
1129 376
1102 1259
1187 1372
1554 1062
1369 1630
1542 219
446 1384
448 1228
1635 1448
1195 954
454 1640
1255 873
984 1431
662 185
1165 448
489 84
453 578
668 1239
1146 1155
463 684
1402 380
517 558
1245 111
467 699
879 682
466 523
468 1217
1073 200
726 696
1393 1401
657 349
474 863
1145 486
699 1523
1065 694
1061 207
1665 293
1383 1361
680 1465
482 169
1668 514
1357 1550
837 229
488 591
484 933
490 100
1436 360
1125 1077
960 1100
512 1053
1038 892
930 1069
493 1
1653 1148
588 1094
1438 1192
1081 1207
1347 362
1110 647
1183 1409
1461 1542
1311 1197
502 776
1007 139
1361 656
1152 1202
848 368
547 615
509 1615
1482 329
1259 1488
514 1275
1550 82
513 739
1096 2
849 391
522 1396
524 314
523 1653
525 499
526 972
831 261
926 1317
1429 653
902 226
1593 1189
1544 1144
535 196
536 1680
846 802
594 1236
1017 973
531 106
1433 929
1143 942
1059 1130
1282 1404
1685 1294
600 604
551 969
642 1606
553 1199
1345 1446
552 1537
554 370
647 102
704 32
696 580
561 1161
673 1517
564 340
1020 217
1583 1078
1430 294
1037 937
1498 1360
1475 1289
793 422
568 456
570 332
567 85
585 1209
1367 1138
573 1359
572 299
574 309
579 992
1662 1218
587 572
606 1434
1620 153
882 488
1538 1185
582 557
1650 537
1452 1045
948 352
589 1570
949 1013
1202 124
1612 1111
711 1668
1484 1136
1072 1129
595 274
806 1468
864 1618
788 716
715 1297
1416 1458
1632 1637
854 373
1381 1512
603 728
970 896
1300 984
1545 1011
1567 177
1504 442
1686 714
1435 1527
741 450
845 1227
615 1583
618 1682
1093 1449
1173 164
623 540
1569 1181
629 1432
627 717
1140 901
678 1497
625 655
634 1616
1467 1232
728 1684
861 1480
1506 474
1174 93
1321 1194
1112 1461
1139 437
1376 1529
646 1510
1639 97
1652 194
1521 61
667 91
652 559
656 98
663 146
1667 1298
1627 233
661 601
1192 857
1319 606
971 1058
904 1170
840 1250
664 105
1240 1141
672 323
674 868
1298 1447
1489 700
737 931
1492 914
824 129
733 140
1524 384
1120 402
701 677
798 1591
703 1565
1592 880
1047 590
795 132
1699 150
716 1686
1659 1281
1309 431
718 383
719 788
1389 1649
723 1350
1164 1047
1118 152
1615 733
1601 1586
735 730
1131 475
1179 1336
1274 895
1602 1254
1400 1457
1281 396
1086 1690
746 21
979 701
748 18
1483 251
1370 953
1596 405
885 663
1339 390
755 1282
1053 721
1026 155
939 1137
935 680
759 1429
763 1167
1035 1257
1272 813
1022 356
773 1520
1348 74
1385 706
842 1076
1619 500
1000 1489
1126 258
774 856
775 301
1304 554
867 949
782 1381
1297 1402
1387 1555
794 1422
1373 1065
1229 59
800 17
1158 952
915 1252
989 81
947 1693
1265 1212
804 1654
808 827
811 1293
890 415
819 567
822 877
1595 230
828 1251
1332 67
832 427
834 1080
841 1166
1360 296
1560 830
844 900
1495 749
895 451
1356 787
859 477
863 643
1314 4
862 513
872 824
1366 779
1355 1024
876 1605
871 1553
880 114
1208 598
1539 312
886 467
1010 346
891 1418
1444 1179
1162 646
1371 539
896 879
903 96
977 855
978 1088
914 522
1637 485
1247 120
1514 1084
920 252
942 73
1664 421
1099 1660
1457 215
1268 174
1412 838
1541 545
934 1626
1108 872
1559 1036
1384 906
959 626
958 534
962 753
974 765
1335 399
1502 1430
986 757
1002 589
1003 1244
1362 1405
1464 569
1130 1399
1549 1324
1011 107
1018 1620
1683 1608
1025 1018
1028 1408
1445 524
1036 530
1233 322
1293 52
1675 825
1075 1221
1101 110
1190 1265
1124 138
1127 1681
1128 15
1137 1466
1470 1698
1561 161
1271 1604
1175 397
1547 1503
1215 483
1375 818
1425 1296
1220 1110
1555 587
1228 1299
1344 1291
1312 1643
1407 774
1250 1573
1258 50
1528 1331
1633 28
1302 866
1322 400
1336 832
1533 338
1399 1098
1439 1371
1646 298
1658 1206
1681 1357
1621 553
1626 902
1648 1601
