70_79_83 7_32 0.093508208032157
11 68_86 0.134147834644541
30 21_26_51_60 0.0055825578685874
78 42 0.011910176448362
77 29_36_52_63 0.0037893861796401
75 23_69_73 0.0098220704641164
2_12_19 56 0.0655887524891441
01 10_27 0.0093466162725872
90 75 0.401334199303551
3_6_14_18 56 0.0176339644648341
85 29_36_52_63 0.0847955475847759
35 66 0.0044610785604506
23_69_73 65 0.0306423361549055
2_12_19 8_44 0.0252401571080638
31 68_86 0.0052462443320919
84 74 0.0304920726058461
77 2_12_19 0.108201979512223
78 35 -0.025135298005114
47 53 0.0087462807366103
42 3_6_14_18 0.0618602926569446
01 29_36_52_63 0.0186307864289689
84 89 0.0316727886218387
22_39_58 8_44 0.0480228013149041
15_57 10_27 0.0241288529035535
91 24 0.0150079923422665
42 87 0.003037087165891
7_32 82 0.0281781932122571
21_26_51_60 47 0.0930474989131934
70_79_83 8_44 -0.0222145007326536
40 42 0.0958456360698786
15_57 33 0.179343074286116
3_6_14_18 24 0.0897009550920481
23_69_73 8_44 0.0305642312784644
66 8_44 0.0354080660674773
34 31 0.0663055428604697
87 35 0.073814462459781
21_26_51_60 65 0.109356401478247
61 74 0.14187160331634
40 23_69_73 0.020694107145365
13_43 68_86 -0.008989785159133
21_26_51_60 24 0.0303103665031155
78 54 0.107127660342416
40 88 0.0195469200355806
30 47 0.00948627786674
7_32 56 0.0191394619374719
67 16_25_49 0.0970223589644383
22_39_58 2_12_19 0.0422937851635503
42 24 0.0328058194717616
84 01 0.0896258073470589
87 24 0.0805434307242476
7_32 54 0.0843405259986842
17 85 0.0224849799551996
75 72_81 -0.0215901394426617
3_6_14_18 62 0.0579589737955361
76 3_6_14_18 -0.0053635689138485
88 89 0.0017132596094234
17 8_44 0.010112178475893
30 10_27 5.06325794766407e-07
23_69_73 47 0.0324596508768456
21_26_51_60 53 0.0080748592546368
4_5_28_38_46 18 0.0135011696149462
76 11 0.0276461155674546
84 23_69_73 0.027243481319907
54 24 0.0473096867812511
42 22_39_58 0.0174405752302478
30 65 0.015478815737163
47 2_12_19 0.0155682145114488
70_79_83 62 0.203101542093405
67 84 -0.041915454443297
80 4_5_28_38_46 0.0176163119159581
77 40 0.1210130215696
20 56 0.006104892497377
30 62 0.0315502233000503
64 74 0.0569981134519313
37 53 0.0127730248410722
47 10_27 0.0351126271038248
84 29_36_52_63 0.0467117160387563
35 3_6_14_18 0.0742214600475671
42 15_57 0.0450523208268638
90 65 0.002788358211764
78 75 -0.0398992082717668
31 13_43 0.0121069176177053
64 33 0.179967100481012
80 91 0.13712049437007
70_79_83 30 0.315297683043771
34 50 0.135058530387363
2_12_19 20 0.181663986848116
37 66 0.0039956841971863
74 33 0.005045914996377
7_32 3_6_14_18 0.0262969892732606
42 74 0.0298488087258814
77 01 0.0245633485811745
37 54 0.0984737842745134
2_12_19 74 0.0385933655170369
90 23_69_73 0.195201781911534
77 13_43 0.0043377798238704
37 24 0.0407388121615156
67 54 0.129182777563228
84 2_12_19 0.0146470774198549
42 54 0.0516019099920885
77 16_25_49 0.0123417007595894
50 31 0.43606523663635
80 31 0.164843279650793
42 23_69_73 0.0217079051575251
66 24 0.0440450844323146
31 54 -0.003687883254744
23_69_73 2_12_19 0.0682026332501001
13_43 29_36_52_63 0.0021826880610081
10_27 8_44 0.0049310128902416
17 16_25_49 0.0132303964166458
76 01 0.0426006148867846
90 74 0.0190679497315285
01 13_43 0.0911210824307737
29_36_52_63 65 0.0376056606365875
47 64 0.0097049544794014
47 33 0.034691353176608
35 47 0.0206784067585235
3_6_14_18 15_57 0.0141207337502725
20 29_36_52_63 0.282021357394182
17 10_27 0.216938236675875
40 37 0.176954314563719
76 4_5_28_38_46 0.16847252095176
88 62 0.0245142788335831
34 91 0.0074825985320631
23_69_73 33 0.0159879645563426
8_44 29_36_52_63 0.192149797329562
87 89 0.207992128841502
74 65 0.0368236994056925
82 8_44 0.09158579953483
22_39_58 56 0.143823239427447
61 8_44 0.009259559590599
34 82 0.0123743915512316
77 22_39_58 0.0155362217385898
76 85 0.0108345676901834
61 23_69_73 0.0367220275068988
42 89 0.158249475779044
40 18 0.0169902987757534
13_43 64 0.0228700000227444
37 84 0.0385604454805138
41 53 0.0382431792963586
3_6_14_18 72_81 -0.0088441823290293
77 30 0.0322609007940943
74 15_57 0.0135294622355258
68_86 29_36_52_63 0.0263988061962595
16_25_49 33 0.0221205784502074
