0 370
2 1182
3 1449
1897 630
4 1758
1896 486
5 976
6 1499
1894 1450
7 1271
9 1484
1891 1251
1889 1469
1888 1405
178 1008
374 1732
1640 1717
737 1152
622 1497
1348 1419
1267 1562
1596 1680
1147 789
110 1300
1786 407
436 54
529 651
1 1430
1899 108
1898 386
1895 981
1893 1468
10 1273
1890 1569
13 315
1597 1636
1014 1889
885 325
1178 1462
1875 1899
8 150
12 1148
1892 1784
1717 1183
1407 1223
168 1554
1170 192
1286 195
710 1787
920 785
603 1874
1000 1493
11 1593
14 1012
15 1776
1137 1602
783 1571
1290 81
1087 1871
1790 1411
1701 1135
923 1858
381 1058
16 134
1098 787
837 1716
1839 1832
896 902
1026 1728
1880 1515
1615 1081
1712 425
627 1532
67 1006
1467 918
17 732
1594 1705
908 1318
1089 748
255 681
845 851
677 266
1261 1628
1765 866
515 1587
18 1010
106 692
1289 115
363 1030
1476 1328
341 540
748 742
389 640
1759 614
19 414
256 1793
69 413
1788 606
1167 1383
20 1313
376 819
1410 1189
1661 698
703 1293
1515 430
235 359
358 457
367 1017
1781 1745
780 568
1012 27
21 664
344 1839
865 1573
650 952
1523 126
757 758
92 1310
1513 858
766 327
22 391
1855 702
534 973
570 958
1114 75
838 1288
1546 832
548 1241
1586 927
1029 1457
24 772
1223 1044
1503 624
942 676
448 708
829 836
843 404
1150 1220
526 1099
960 452
23 403
1203 1187
1008 398
1056 464
1762 198
1365 314
1228 999
25 557
26 272
1768 1330
825 1806
1653 16
1079 243
1671 1508
1618 1530
1436 203
432 1605
754 1229
76 1724
518 675
1181 335
1687 701
1237 377
1294 1526
900 963
562 95
1327 1380
1654 1161
1683 835
1073 433
1744 589
1804 1736
28 1848
291 17
1347 798
427 753
1883 1596
1398 125
1852 833
814 1678
1319 1558
173 766
27 1446
30 551
1856 1579
709 1352
1774 1090
618 103
271 1020
134 179
1560 1828
1646 440
1772 222
29 1749
1866 1614
1295 1059
1200 465
1312 826
1534 821
331 309
1047 603
31 1092
32 411
449 1597
954 1522
617 726
758 459
1667 1475
1350 856
1871 1154
1415 680
786 769
541 1436
354 729
690 1466
1734 1098
33 654
34 52
459 1886
57 1332
148 703
1524 1235
775 852
1533 621
955 1525
1846 159
624 1483
1655 1676
387 25
96 1155
1494 854
782 1070
1641 970
906 593
281 1523
314 805
161 282
1453 1657
643 1118
918 1721
863 794
1296 1474
35 1819
877 1146
423 1193
914 276
208 1257
1588 1892
36 881
37 22
38 1580
212 96
1844 1893
450 311
163 879
1798 284
1017 1813
39 1616
728 810
665 1266
1806 1654
902 1116
40 175
683 1487
343 1501
721 1838
1330 809
822 923
689 1455
1281 1317
1036 525
841 78
1725 1437
272 1112
666 280
1553 1856
1828 660
1241 47
566 1626
1412 262
695 1825
305 1503
1109 1029
652 107
1505 1710
1441 461
316 15
483 149
41 844
308 409
1887 1390
1685 1603
1095 1094
42 1009
43 1027
44 1794
1854 1036
258 145
506 445
45 622
89 1464
262 768
1439 501
312 1326
798 432
1585 277
1462 1820
230 206
836 1699
1716 1144
832 1674
351 639
298 77
472 1482
103 352
1141 1415
1424 1844
1555 258
162 1527
409 220
630 56
267 39
1242 1284
633 749
349 1577
1157 991
451 1896
46 1134
47 498
48 969
346 250
834 317
1823 1297
941 1835
174 627
49 989
866 1432
928 264
1770 1551
105 1016
873 1827
1139 1888
50 774
768 471
594 162
735 185
1666 592
1028 1086
1518 1543
337 347
186 448
1530 582
420 1138
392 204
485 572
1510 374
452 303
52 1230
1544 767
191 241
463 68
1366 830
213 679
894 24
458 566
1196 1882
51 1245
53 37
1858 713
1766 1173
310 1200
1122 1176
554 1115
806 1024
54 1442
612 924
1642 232
1617 843
1084 906
55 1043
997 508
1379 64
150 1329
270 449
457 1103
795 1488
957 383
940 1535
232 714
1763 1311
550 1767
1697 128
1463 727
1358 1807
1886 375
231 1773
600 1424
1007 1427
1684 812
1520 1014
1572 1663
1502 1102
739 1847
1732 1022
827 396
193 63
264 1881
466 1379
286 1566
1034 1239
56 292
58 231
874 0
968 1647
1057 322
1870 1662
1426 1491
801 1675
662 482
59 380
117 831
1257 1517
1703 560
124 995
1423 19
1306 1816
1041 959
1705 1425
219 1168
61 1618
93 1789
595 1169
228 719
1173 1687
1054 293
1025 46
1549 415
60 646
62 1509
246 1553
1102 1622
429 143
1800 1001
395 55
1694 1746
156 1880
210 905
899 683
1177 954
63 1133
64 1195
1656 1823
1816 1719
522 853
1285 439
1272 26
65 1791
253 650
508 825
1361 1080
300 1594
1435 595
1367 1260
471 61
1845 862
66 1808
1081 1073
247 151
809 1612
948 1083
1323 144
961 709
574 1495
1408 837
653 761
1747 1780
1496 1837
1396 1741
1065 800
553 574
109 106
130 18
361 1797
68 859
1876 930
790 1219
993 1327
724 378
1477 1524
1482 1804
217 946
70 710
419 605
1236 60
803 1263
1206 1788
1416 122
71 1172
589 711
1807 1434
116 291
1339 945
99 238
966 137
1023 299
239 373
1735 234
864 510
1711 816
72 174
240 912
523 559
605 599
1055 1589
1374 760
1851 1601
261 1244
962 326
73 1304
1303 97
1071 607
1650 94
732 469
74 79
1508 544
1116 517
1769 1201
770 253
1278 706
1727 1863
1853 28
903 1771
176 209
75 1274
990 747
377 301
1276 1574
1038 795
996 733
1113 757
850 699
1785 671
743 1796
77 1561
1409 1536
1814 88
78 1088
1838 1362
494 988
746 857
79 1653
967 1669
1521 697
1030 543
128 271
1336 1343
1647 1109
275 653
1820 470
332 869
1547 623
1288 230
1171 1740
1879 121
81 165
1092 515
1099 1518
80 569
82 199
1636 1537
883 1448
1480 1203
545 286
1078 523
842 208
520 696
580 784
779 612
1321 994
323 926
889 1557
417 792
970 1067
1331 119
984 1666
414 1234
83 1180
85 1439
333 1429
254 167
912 648
86 1259
1264 1167
1215 190
1662 1130
1709 1664
1302 1093
84 1246
727 38
1357 1604
1719 1351
1682 339
1848 1237
1240 1637
87 1291
88 1262
1681 295
1582 316
1608 1584
519 454
138 392
243 577
1388 1400
1663 323
607 526
1832 522
1775 1592
658 442
1104 168
764 1485
90 1221
1097 743
693 728
1283 1037
1882 484
279 1445
1145 669
1680 1079
763 85
421 340
94 1117
321 1107
616 953
973 328
802 754
1867 1650
242 855
352 1691
500 385
462 1294
152 1463
510 509
1013 1652
1548 99
327 476
91 1504
1015 1481
315 1890
1076 1799
422 1821
639 245
568 1143
290 1357
1771 911
1614 1453
95 932
740 1395
930 91
1021 256
1630 1864
615 1212
405 1121
507 1533
1305 1089
477 1066
564 1438
97 962
713 1004
599 223
1194 1670
470 112
1205 33
393 1358
98 288
769 84
252 397
644 1642
722 1350
559 1625
413 184
184 70
1568 1688
425 420
1220 521
408 437
1420 1199
1403 1413
100 488
1743 528
326 868
1490 1005
1183 1353
1387 1422
609 1015
670 446
645 1348
1631 984
447 644
835 1631
1075 1050
159 1356
165 312
1313 561
101 548
102 1034
1082 934
584 1177
353 147
1380 207
558 1538
368 1447
250 936
216 1365
1243 426
104 1341
1422 1852
123 1013
1674 1801
334 1207
160 1694
1105 210
293 512
1271 1349
1120 610
706 613
442 400
1121 1321
555 1256
324 863
214 237
1812 677
909 616
1297 1308
107 666
108 1805
1657 1007
840 1137
1429 617
696 1085
155 113
1292 1774
1623 330
980 801
807 1387
1077 896
111 83
190 297
1478 925
1353 1440
112 818
236 1046
215 552
956 1345
113 218
307 1539
530 1111
461 907
917 1623
540 1398
1207 957
1782 1420
1027 982
799 124
1465 1240
851 889
1418 281
731 1064
115 502
691 138
1218 127
1210 964
1514 74
953 1205
1132 285
1830 1222
1172 886
1326 53
593 1870
285 189
686 219
1392 1765
490 211
929 401
1101 1299
1341 1003
1501 319
114 1803
119 1068
157 408
1216 296
771 903
1809 1047
1863 1391
1660 1511
120 1697
278 1026
131 652
1612 647
681 1452
1570 1267
528 584
1333 993
118 1412
121 1114
891 1727
204 1283
1606 1253
122 495
921 387
1090 8
1659 394
741 390
1498 1346
1273 567
1551 1895
1136 170
1001 935
1525 1153
453 1062
473 1451
1006 1555
791 658
1773 1496
1456 1233
340 289
1713 1575
642 6
127 618
125 632
1620 1718
1460 1766
1300 86
1224 491
297 600
1143 695
1304 668
336 260
158 503
1123 914
1279 487
126 141
606 1708
932 527
1386 233
166 1344
129 102
1629 364
525 104
1391 1339
348 1128
1537 1254
846 287
140 1563
1024 849
1558 586
468 712
206 116
482 212
1726 670
132 1145
1487 741
1345 1754
1164 65
561 366
1665 1534
698 1275
133 1661
135 1181
1864 1394
388 1529
266 308
1044 1158
136 1407
556 1494
412 541
646 92
1377 876
1840 1586
852 1857
137 641
1815 587
738 368
303 1185
1511 678
815 43
590 1316
971 1639
404 313
931 1471
139 353
141 1381
403 438
533 1097
1601 1433
750 1729
1016 472
1472 1101
142 1700
143 1862
1690 860
1166 1371
688 1644
144 216
1381 1506
180 1142
549 1590
289 1057
1395 183
538 71
1587 1777
1235 89
719 763
145 1704
146 1369
147 951
649 1489
1833 806
1433 45
1135 944
1375 1268
205 847
1486 1868
576 663
402 553
667 227
729 1883
659 1781
596 474
149 382
969 356
1849 1775
1829 1677
1204 1226
1245 1247
151 1733
582 1295
1649 361
557 1645
994 82
641 424
153 740
1689 759
514 371
536 213
777 423
1043 662
1693 822
280 780
1789 1520
1118 1289
1860 596
154 1713
1485 1110
934 1174
1009 845
1884 797
1263 7
882 324
1394 872
1479 1581
1571 804
438 1630
179 229
1158 762
867 1560
1819 554
692 1123
1639 877
833 949
1872 990
1180 1417
963 133
949 344
697 549
1265 31
287 1406
610 777
1188 1548
1035 571
661 1053
1144 900
1088 1609
227 240
1707 864
360 1377
1625 307
320 807
1722 1204
1803 656
164 813
1064 1585
952 1071
1500 1149
503 511
1174 249
1112 225
167 885
1795 431
1834 895
1033 263
430 1141
1328 718
1318 1743
1184 1660
1652 1549
1062 1778
1611 700
1552 402
1067 1278
1805 594
1607 341
359 1163
1115 1065
169 451
1199 381
1440 1290
1399 535
1346 734
170 1095
1574 686
1262 1227
1741 980
907 1209
1004 1367
171 940
943 581
1260 1668
1117 898
1475 1878
1590 1082
443 1156
1509 1849
1309 965
1239 534
172 1414
175 1042
631 625
911 11
608 1865
386 12
1301 1498
318 1197
1543 1359
705 1686
177 1132
370 1018
712 1651
1232 1568
1686 114
1233 57
484 1753
1217 1620
1291 611
1757 1751
1211 1877
792 579
1052 1685
1362 601
1468 1547
1506 883
1670 1659
1648 1692
181 735
736 1885
1310 1334
1794 273
1050 565
183 4
685 1722
1746 110
182 840
1360 506
185 1643
1634 920
543 1693
847 636
925 1392
676 406
1473 90
322 1279
778 1
872 427
1405 441
486 164
1060 80
1528 1364
755 118
1595 1752
1638 348
188 257
189 1441
1810 1702
187 1473
197 570
1130 302
715 9
317 214
373 1785
192 494
1373 1370
1338 929
1397 1393
1821 602
1466 1802
194 1250
1324 376
241 1305
979 447
299 1720
364 1265
479 1120
1458 1709
707 1770
855 1238
1626 1041
1032 1762
905 1325
248 1782
1873 1052
1526 255
292 948
195 217
704 834
1142 1301
586 1706
196 496
198 428
1414 1032
435 1744
1254 1725
1841 1726
199 1373
200 1355
756 349
714 1179
1343 783
910 1376
1791 720
1152 367
1583 1276
1378 161
203 901
1371 399
901 1281
491 360
330 1435
202 1467
655 1790
1529 827
1455 419
1340 1480
201 274
1175 155
1421 1627
1824 1891
207 1191
870 1655
1783 634
1191 1632
619 529
848 518
1385 770
991 35
1020 555
209 1818
773 943
478 1397
965 1840
1125 1323
623 1712
1796 978
1692 1384
1048 1444
211 239
572 786
1094 1190
1459 1360
1444 1363
265 764
812 998
1376 1542
1447 687
1755 1055
1591 485
1307 1048
1710 1372
733 724
749 750
976 1333
859 894
1221 196
1384 516
587 283
1010 1665
218 892
366 1723
1752 1607
1011 1045
1645 635
702 1505
1470 1072
858 1196
220 1214
489 1872
1198 513
999 1069
378 558
222 808
223 556
1677 1673
221 1490
224 1826
225 49
226 1541
469 32
328 1216
295 1756
1539 882
1598 1210
339 1842
1628 1641
547 507
1714 1255
950 1139
1776 538
1192 870
1432 163
1445 182
229 788
497 1261
919 1638
861 722
1249 252
789 1567
1176 321
1599 248
233 1431
1080 1783
916 477
1516 987
481 1269
1532 1084
1162 691
379 1389
1085 1855
234 181
884 1843
1443 66
1159 975
1792 1225
1393 1764
565 1375
441 811
830 259
1784 609
964 1486
237 1735
1461 34
1679 950
1103 1763
581 1306
495 505
682 1404
1230 48
238 337
1363 1147
621 13
311 791
1186 310
862 1591
313 483
992 30
680 1277
245 176
347 467
444 672
527 1385
244 796
742 1307
1464 1292
1831 480
1540 201
546 5
1556 1689
383 417
1754 194
249 180
433 674
1877 629
319 1859
711 458
1484 1772
1111 173
1197 690
926 790
251 306
426 1076
1605 202
1678 1545
439 1544
1589 332
1635 1426
844 136
1495 1315
577 839
673 1830
1214 93
398 899
487 1410
1154 532
1454 1667
257 157
504 1519
635 1873
1550 41
1457 416
259 166
1051 499
382 1833
418 478
391 1600
1564 913
465 891
260 867
380 823
1672 1202
578 583
276 450
1337 1731
369 1649
1857 1272
263 996
1110 412
1138 689
1072 1595
1229 1550
1270 1418
1255 1814
1413 1258
1730 1738
411 1002
995 1513
583 983
268 968
1720 1100
1127 1347
269 1610
1438 1572
723 628
282 1759
1317 1019
375 1552
1745 351
1182 73
1474 752
273 1671
1535 1378
1042 205
362 1779
1728 395
274 355
1156 1060
1419 1836
1576 1232
868 1211
730 1846
1325 171
1724 684
1600 1243
385 1025
1332 814
277 1108
1431 1583
1622 1711
629 10
1736 897
1107 365
592 1178
1512 1786
1086 1898
283 331
751 497
1531 1224
1837 1335
1688 418
1274 1282
1202 1319
284 1456
817 546
1742 765
288 343
752 1546
1244 716
647 160
716 44
800 120
1022 290
818 615
787 986
1425 235
1019 715
492 1679
1434 1028
1269 111
1778 576
1179 59
294 739
946 72
983 878
1061 1634
335 578
394 1748
1335 489
296 1192
1581 1194
1750 649
1334 782
1165 1812
937 547
1843 101
808 388
679 1129
301 915
302 1564
828 1280
1715 1049
1212 123
1850 838
304 100
575 1559
516 967
656 1478
390 1582
1368 1091
1761 177
1869 921
1797 1309
725 850
977 1635
762 779
424 131
309 493
938 1831
1063 1684
796 1314
805 717
767 1599
539 573
493 1476
306 304
944 931
1100 1646
588 1817
1053 1248
788 434
1189 875
1644 142
793 657
601 1287
1133 1217
744 1443
1234 481
628 36
816 226
694 1382
1259 1750
1627 1615
511 1570
1563 140
797 1075
959 1322
355 887
1708 1841
1817 1815
1058 992
1161 379
915 1461
1282 1514
671 977
1593 504
579 1617
684 154
1573 393
1284 682
1277 51
1579 320
325 132
1637 1374
356 1320
1040 846
350 475
1231 1681
625 941
1225 820
1669 435
464 1175
329 597
853 1879
1320 1159
1400 1296
1446 129
480 443
1702 1861
1248 1850
1554 775
1577 746
857 1507
614 357
602 533
1835 1528
338 1769
772 156
1862 755
1578 536
1811 1648
406 620
1801 152
342 279
1676 178
475 562
826 1104
1126 871
718 460
1329 828
794 1231
345 631
455 1755
1517 384
1602 246
573 1454
1624 1125
1428 193
1813 1215
1364 725
1354 638
813 1698
454 1396
1696 985
879 1695
1493 436
1382 254
1507 1324
357 1366
1609 942
1442 2
434 42
1787 705
998 1757
1604 362
700 971
881 345
428 736
1610 1331
1881 186
781 979
1504 738
1868 1472
986 1206
365 346
524 14
1861 1613
1748 771
371 1011
1093 146
372 744
502 1477
886 1218
678 824
1760 972
892 350
1691 1402
1258 1401
1767 539
1280 1409
1488 1768
474 261
1718 590
1149 1162
734 215
1148 1611
1226 803
981 462
384 1845
531 1056
820 1340
897 1459
1389 643
551 956
895 1264
985 421
1731 667
1491 1460
726 524
1208 604
753 1588
1522 169
396 1078
397 200
1390 270
1070 1033
399 928
1316 105
400 87
922 685
1756 453
401 1682
1298 575
1349 1077
560 1734
1299 1624
1499 723
876 598
1802 1683
784 1150
407 688
669 1703
1069 148
1411 1035
1351 1792
410 1285
1417 1303
1287 1127
1469 922
869 1510
1293 673
415 1500
416 917
1721 848
1616 904
1448 1106
1580 1866
1193 1119
1185 1502
1859 564
924 1621
537 1074
1005 1051
1481 776
1018 909
1039 1809
904 172
1562 1242
1049 372
1740 444
1561 861
1450 1165
431 242
1308 197
1059 98
437 1795
1664 1598
982 422
591 545
440 298
637 910
1565 1157
1163 1166
1451 1388
1621 468
951 1707
446 1270
1541 228
1566 455
913 1884
445 730
1046 334
651 537
760 665
839 1428
563 693
1238 429
456 278
1559 305
544 466
674 224
1739 1800
1037 802
823 745
1675 1690
1246 1361
460 389
1699 1761
638 1739
821 842
1483 1188
1187 1124
1538 966
467 1403
831 1747
893 781
632 1829
745 275
1247 1021
1311 1824
1355 890
1777 1171
1695 519
854 1312
898 1516
1427 236
774 707
1542 737
1527 974
476 130
947 520
933 961
1749 694
1253 1822
512 933
1536 1540
663 1465
785 588
1437 490
488 829
988 1126
1779 1867
1275 1811
1359 893
1753 300
1129 1338
535 1521
1878 1096
496 585
1885 188
498 1342
1822 919
499 1894
501 908
1372 342
1068 1087
1250 1479
505 799
1471 815
1002 329
509 1423
878 492
620 109
513 1416
552 1565
1738 1131
1557 268
880 817
517 874
1168 773
521 363
1128 1834
1584 456
935 473
634 633
1195 731
569 267
532 1701
1723 338
804 659
1404 336
1643 661
1401 1061
824 1063
1651 793
1106 1672
1190 1658
542 1854
1842 1730
1497 841
1449 1170
664 479
626 756
1706 463
987 563
1140 1640
759 1236
849 1136
1808 29
1209 1160
1452 591
567 135
1567 1715
571 1606
1673 1113
1091 62
1592 23
1096 1714
1519 139
636 247
604 608
720 1458
1251 721
1825 40
585 884
1213 1399
1826 530
597 1556
1818 1897
871 1512
598 1578
1793 1039
1219 1408
1865 405
1369 960
1668 1810
974 1851
611 50
613 778
1356 1337
1619 1140
1169 153
888 1000
1227 1696
1874 1040
1836 1853
657 1619
1074 369
1108 1054
640 1038
1252 645
890 751
1119 221
648 1336
810 1421
811 1860
972 191
654 1186
660 1798
668 888
1342 550
765 1105
1751 265
1780 1122
672 1492
687 1298
675 1151
1322 76
1155 1213
1268 58
761 1184
1799 251
1489 1876
1383 1228
1733 880
860 1252
958 937
939 642
699 938
701 1386
708 580
717 158
1402 1031
1737 947
1134 333
776 1887
1545 1869
1764 1164
1704 637
975 354
1370 1531
1151 1198
747 997
1160 20
875 619
1153 1470
1575 1023
1847 531
1315 1302
1083 1633
1827 1875
1131 873
1003 3
1146 1656
978 1737
819 939
1201 187
927 1249
936 1608
1406 117
856 244
1344 1629
1603 1576
1658 1368
887 21
1758 955
1045 514
1222 1760
1124 67
1430 1286
945 500
1314 865
989 69
1729 542
1700 916
1632 1208
1352 655
1031 358
1698 410
1266 318
1066 626
1256 704
1633 269
1569 294
1492 1742
1613 1354
