0 1255
2 808
3 1865
4 484
1896 1729
5 1796
1895 886
6 898
1894 467
7 1498
1893 787
1892 1749
1891 1157
10 848
178 76
374 102
1640 1008
67 339
620 868
1345 1576
710 1587
1266 1082
1594 255
108 145
1 1434
1899 58
1898 488
8 1492
9 324
1597 1707
1014 432
885 1529
455 1017
1871 1754
1790 104
1701 90
11 1891
12 1365
1717 48
1407 9
168 1429
1170 1275
1286 1810
1008 113
1712 1362
919 430
783 1708
1290 788
1085 558
845 1142
920 761
1897 398
13 1048
14 20
1098 677
837 1329
1839 370
896 279
1026 906
1137 454
1880 428
1614 970
1089 361
625 1846
367 1234
1464 733
1326 1417
1445 1462
909 861
341 1027
252 1116
1167 1782
15 1672
106 142
1289 819
364 83
1476 993
746 322
780 1513
671 303
16 1435
690 688
256 986
1788 52
92 1722
17 1665
376 1686
69 912
1661 87
1523 1473
701 836
1513 1325
233 1174
356 1467
1150 564
1779 1632
570 1218
18 1862
19 765
344 144
865 899
1410 1493
1265 735
755 1034
1027 185
1855 1128
650 59
1618 696
532 1840
526 553
20 541
21 1190
838 1326
1546 365
1687 181
546 1245
22 387
1223 1421
1503 245
942 1072
448 1755
827 545
841 216
1073 1344
1436 1719
23 1013
1203 1662
1079 227
1054 913
1760 817
1398 577
1362 1479
1237 652
24 1783
1499 1794
923 592
826 1639
1652 1463
1669 1184
1683 598
431 1262
752 774
76 1077
1768 890
519 853
1181 343
1654 1083
1883 1257
1852 766
814 174
25 308
900 625
939 426
562 1848
1327 548
271 950
758 1600
134 745
27 661
291 1608
1781 1577
1889 786
1347 1175
427 220
331 1208
84 1066
1316 457
28 781
1856 285
709 1419
1775 1285
618 1065
1533 159
1667 364
1558 1122
26 440
1866 1266
1295 205
1091 1050
1198 383
1309 1043
1531 942
541 776
354 982
29 1519
449 1875
954 533
775 187
1759 234
1846 1291
30 1242
617 947
1415 1860
784 529
96 1647
31 908
32 1019
459 385
57 509
148 1676
1522 920
952 1867
33 981
624 1701
1320 1644
1655 1833
387 877
34 193
1641 1455
906 1737
281 1205
314 1172
161 271
297 1199
1453 1010
450 367
641 697
35 1682
877 61
421 304
666 755
911 1500
36 1104
212 1438
1843 750
1330 1033
652 1003
1795 1631
37 1883
1482 1602
1805 1168
272 1699
901 1111
1887 266
728 546
343 1483
719 937
1044 121
258 173
819 1673
1505 895
316 828
687 175
1278 1469
38 460
39 816
1036 1416
683 1286
1725 1714
305 448
917 1753
40 1482
1828 885
1241 1317
566 1881
1412 1370
696 1390
1107 456
1439 958
41 1187
308 28
1462 658
42 979
1854 1789
70 1864
351 1009
174 771
298 1614
505 659
89 1780
262 616
1440 608
312 1179
766 1884
798 559
1584 29
1242 1634
227 1617
833 741
633 1769
349 680
43 1237
44 1760
1716 1525
470 862
45 424
162 1098
409 534
268 1431
1823 554
105 1449
392 1225
46 311
1379 712
346 1494
630 199
834 262
213 1611
47 726
866 620
928 1041
1769 150
420 1461
871 561
1122 758
1138 807
48 1663
768 151
592 1723
733 325
1662 1612
894 1121
1516 138
49 74
187 250
1530 281
1366 1828
310 213
1363 764
554 1556
484 508
1508 1107
50 1859
1544 241
191 1774
997 1671
463 5
1348 1146
1617 1451
51 1573
1858 1570
1766 811
1517 921
1642 1226
1007 15
805 1308
52 1454
612 60
940 1470
133 207
264 1514
53 10
1380 1658
150 72
740 1363
458 991
795 593
957 1101
1873 435
1886 270
229 1499
548 705
1695 292
466 590
54 888
1358 374
598 1730
1682 375
801 1596
1518 1697
55 75
56 1270
739 1260
1732 1398
1804 833
1102 99
874 938
1029 305
970 1680
1058 790
1870 32
1423 504
1055 446
1424 777
58 402
117 1247
1258 156
1704 826
125 1887
1304 443
522 71
1040 236
1429 1425
1703 624
59 995
93 1562
595 273
1171 1715
156 547
1022 516
246 1619
228 88
395 95
1272 1092
61 400
1200 237
429 1366
1692 521
1361 239
1367 11
62 1387
1800 419
1816 1603
102 1879
1396 716
1284 1196
60 1228
63 1040
253 1148
1656 329
508 378
1323 1200
1433 0
1636 693
1842 1201
64 406
1141 1844
186 973
247 557
809 288
948 880
1416 391
65 563
574 576
1408 1150
1081 240
1496 725
993 511
724 721
66 1327
1062 1307
551 1322
1876 960
790 1889
803 961
1023 1348
1475 1554
1480 179
1735 1458
68 1584
419 760
1236 503
1339 1690
1204 1304
1337 203
589 341
98 999
964 1854
1650 1320
1196 1382
236 1841
732 1517
240 599
1807 1767
605 1060
1853 1852
1372 225
1849 1687
71 25
1303 257
523 1476
1727 551
1069 192
72 66
1313 1664
1509 1599
1116 709
1770 1355
771 738
1785 1539
73 1645
990 449
377 989
1276 1464
850 929
1814 1134
996 1052
1113 855
494 1086
413 377
372 376
128 17
1336 337
75 742
1409 300
1838 648
1711 1316
1030 433
1547 911
74 618
77 1571
1099 1085
1521 478
347 1480
78 1543
275 18
967 139
330 1535
1285 731
1092 1212
1820 1667
883 1850
915 1126
1071 1155
79 290
80 1591
194 1660
1763 160
984 1296
543 1007
1075 1018
81 350
478 110
779 277
254 931
1318 1035
889 646
417 1209
1331 1376
1261 1353
1845 708
82 556
83 490
1114 352
1848 1028
658 875
1264 1151
1215 1849
333 119
763 645
85 1533
727 1657
1357 565
1719 744
1502 1375
1175 1447
1681 1821
1832 93
835 436
1579 22
1605 1726
267 1504
1705 1653
138 471
243 567
1388 249
608 736
1009 1580
242 535
1771 381
352 900
1103 502
86 306
87 1385
88 1759
1097 1404
693 44
1283 850
1663 215
1145 1238
1678 1677
1013 768
320 1306
802 1025
279 656
1867 92
1184 1873
665 604
498 328
90 994
1520 644
1015 752
315 253
1076 81
703 1036
930 1006
112 1750
1630 117
91 170
660 757
639 634
1305 1791
1111 232
769 158
1812 795
564 434
189 1746
485 420
568 1549
1152 847
1018 1827
408 550
94 19
615 1300
406 1459
507 1542
475 1185
670 1251
95 917
713 1802
599 903
1192 1590
159 1347
1302 1748
1553 200
249 1267
642 1635
720 162
184 1808
1568 1756
1012 466
426 1233
1220 474
1387 660
708 1669
1417 1807
97 1874
1743 386
326 919
1490 317
1183 1468
607 1705
643 1439
1426 499
99 198
447 575
100 1389
1082 939
584 485
1377 549
556 1324
101 767
1545 129
216 1149
1422 134
123 82
1674 489
250 512
1271 1526
332 427
103 395
160 1589
1105 872
294 915
1072 527
1292 797
1119 1474
104 1871
706 1160
442 1581
1121 1728
553 1135
214 713
1657 195
1647 1044
1066 969
153 1328
300 1292
107 1779
1624 1485
918 635
980 891
1786 212
109 780
190 1592
1478 1582
1353 417
1680 941
110 1136
843 1371
215 640
956 641
530 1272
799 481
1172 670
111 1281
307 1258
462 1641
350 1144
1218 540
540 1099
1207 1124
1782 1695
1463 573
520 1598
691 500
804 1173
1830 793
1392 137
1209 1761
1512 893
113 949
114 152
1510 1119
953 1806
1132 1345
528 1812
594 307
285 528
461 1824
1033 1342
656 871
144 1744
684 1079
1809 1656
1863 1217
115 1650
116 163
457 916
1341 544
1216 1125
1570 946
1609 1181
157 1724
204 259
152 1091
278 1105
1612 1538
681 126
1177 1337
1659 98
961 1762
1498 651
118 1349
119 662
386 1702
891 91
131 1312
1047 1505
1090 1399
1604 690
120 1545
921 1710
1525 798
324 318
121 1692
1273 837
1549 1655
1006 284
791 1620
1133 954
122 1776
1001 186
1108 114
451 1445
473 189
1300 146
1713 870
949 371
640 959
525 985
614 849
124 756
1620 1067
340 1319
336 813
424 1623
1221 122
836 1295
126 595
1460 691
1494 1059
468 574
606 1302
1435 639
932 728
1384 844
912 416
846 1012
127 1235
1629 263
206 1114
129 956
1391 130
348 1031
1535 924
561 1029
266 64
130 209
1024 724
1487 1788
1162 342
132 873
698 839
259 1574
1864 465
1359 1515
158 1628
1585 520
412 842
388 727
1188 1522
645 211
135 692
404 228
136 909
1815 1716
738 323
303 935
1752 710
137 115
815 1711
971 633
1025 1436
389 763
590 1426
1049 1733
139 723
403 37
533 168
1601 1127
1294 944
140 1646
1017 1764
1470 1014
141 1338
1690 1118
750 869
1166 1403
289 664
142 310
1381 1743
237 996
143 1340
549 722
596 867
537 6
1235 775
205 552
717 672
1486 1058
145 408
649 1588
146 429
1135 349
1376 1068
147 1787
667 863
1268 39
657 1263
1245 695
1862 397
969 1534
1551 1129
1829 934
422 1809
945 218
616 204
211 883
280 1532
994 223
582 1214
536 881
777 1282
1043 221
149 379
151 1820
557 40
514 953
580 100
1789 1294
756 1156
1693 1372
1744 244
1689 57
735 1651
1115 1265
154 1781
1485 405
1333 1772
688 1823
1479 1231
933 1712
155 1805
1394 161
179 1223
1232 718
438 1054
1104 812
1155 1117
182 679
1817 1216
1730 1471
692 1583
1872 346
1180 1011
963 1159
1639 269
1016 1798
610 116
695 358
1262 515
1541 607
1035 1834
287 1643
207 49
414 698
1488 1112
503 384
411 854
1088 1432
166 821
1645 1609
358 201
1625 1675
1096 299
722 1842
1328 248
1064 330
1722 585
1500 928
960 584
1611 974
1109 762
163 785
164 1153
165 1424
1834 866
428 972
1691 1224
167 464
261 1386
1607 1401
968 413
357 1310
1199 1866
1397 532
169 1668
534 603
1573 581
1564 97
1738 1878
943 1250
938 1243
1355 1053
705 31
1239 1336
1257 319
170 498
1117 704
176 153
506 1369
965 1448
171 739
172 38
443 247
609 298
559 526
1307 1367
173 69
631 169
1301 596
317 1734
1217 486
712 16
363 359
1543 7
1038 1047
405 619
180 1037
370 1685
515 1624
1291 1495
1231 1321
1757 30
175 1055
1686 1268
1159 1278
1050 822
177 1502
1746 1559
1208 1115
822 838
306 1096
1360 952
1214 1293
1349 172
1465 294
1506 1288
792 1472
325 331
736 629
1310 1075
1147 1763
1792 1232
1144 340
685 1108
1063 943
1515 729
925 1819
844 1138
181 1845
183 1561
863 1572
486 1466
1884 654
847 12
482 472
675 1481
1511 1778
185 1530
1473 747
322 1392
778 135
872 1475
1403 1280
1057 1813
1593 968
232 333
318 740
196 701
1128 510
446 494
188 463
500 1089
371 896
1374 1437
1646 1194
1338 46
1821 1024
1267 1274
855 1001
1623 1721
941 1069
1450 1171
1373 583
192 892
1324 622
193 1249
299 1863
479 302
1458 1564
492 887
329 841
1032 469
979 1210
669 373
195 13
905 955
1707 1170
702 140
1414 1332
435 1130
1548 773
197 1391
1255 632
379 1402
1378 1207
773 1359
1340 421
198 1560
962 717
200 668
425 734
910 1501
1791 1552
491 392
1580 879
1529 1678
201 1520
1371 1601
676 1100
902 458
655 1836
1421 626
199 1254
1824 415
248 1896
202 1063
203 108
360 1273
1191 47
991 1527
1095 845
1385 609
464 988
870 1487
1783 753
1638 1183
1201 657
1569 8
619 26
848 1229
1796 925
538 665
476 423
1123 971
621 1831
208 280
1045 1195
209 45
210 749
572 1638
1094 1073
1459 1700
1444 1893
811 1090
1591 267
1708 242
1139 831
852 132
976 1110
1581 382
1010 452
587 1709
366 865
1697 109
1637 594
290 1615
218 1360
647 118
217 507
518 940
489 1885
741 1496
1441 519
999 1869
1164 1460
219 491
220 671
378 1785
788 77
914 1766
1675 702
221 1626
222 663
853 407
469 1441
1688 1775
223 312
224 514
328 1139
737 517
295 191
547 579
1404 1839
1536 859
225 627
339 1618
1566 1681
1627 719
950 226
1432 445
226 89
1588 1792
1776 1727
495 1289
410 1137
1772 1396
659 1521
230 1015
555 1731
936 791
231 806
1080 1892
916 830
1606 1795
1666 636
830 1555
884 1898
477 291
1443 1215
1671 687
234 131
565 810
441 1373
393 976
887 438
235 73
1677 1167
1653 1222
1100 1540
369 992
342 80
888 314
311 1211
238 1191
992 282
977 1490
239 1299
859 754
1125 882
313 779
1350 54
1186 369
862 987
436 1030
241 287
886 815
742 1732
1468 222
1540 602
679 1706
1665 1689
1067 1046
244 1825
1831 196
711 1002
319 700
545 470
1694 1176
245 1102
1556 751
1888 177
444 560
1083 453
433 1341
1860 1005
1136 155
1878 1356
1484 1512
1197 638
654 805
927 483
490 33
1149 412
1635 1343
1319 1038
439 1629
1590 998
986 901
1430 1786
1154 293
251 53
677 1064
796 1606
1454 566
575 360
1495 1882
653 256
487 208
951 462
1457 111
255 613
504 101
1747 1164
1129 1477
257 1666
1051 190
380 600
782 345
1672 125
418 846
1297 1279
284 827
1660 902
260 480
578 1509
858 1758
274 368
1110 1206
415 1691
1229 878
1270 283
1810 1510
263 261
1399 194
1633 35
265 251
995 1022
583 1081
723 1140
1178 1213
375 51
1126 1886
282 1594
1438 1790
1317 1381
531 1870
1664 1350
269 409
1745 354
1205 524
1728 1357
270 513
1528 1244
1534 1443
362 824
1325 1186
1041 1133
1078 840
1364 555
334 1895
1446 506
273 1305
1156 587
1466 1625
1419 497
1501 1622
465 1346
731 1804
787 1415
813 1531
1332 1453
757 1838
276 571
1724 706
1600 495
383 926
1060 801
277 1145
1799 1141
1431 933
989 1120
1233 1497
864 348
751 1062
1077 964
1263 1410
1737 1240
1383 34
1195 1585
1837 623
700 219
1684 268
817 820
283 1829
1742 730
603 165
286 393
1755 1405
714 689
1019 389
1787 1757
288 501
800 309
597 1084
816 1241
1803 1857
493 1239
812 1853
1778 835
1734 1394
292 505
1176 621
745 1684
327 932
293 1388
1173 678
335 1452
981 770
576 1503
1084 1277
1131 1636
1615 1736
1335 1558
1020 673
1582 62
296 699
937 356
1780 1563
400 1593
1840 894
808 1331
828 1811
1254 562
1715 1627
1210 167
301 832
861 1204
1731 1868
302 538
1576 1610
1368 1378
1761 910
496 1330
1869 1450
661 682
1405 157
1526 1023
304 1198
807 851
1477 1566
760 984
1622 455
1065 539
767 1649
593 1717
1158 1
1101 1597
1706 148
1189 653
586 649
1052 321
1124 286
744 1061
309 1309
1370 143
1428 334
1765 1565
481 70
1811 1203
646 628
323 1177
628 630
1086 404
1879 214
959 918
1234 1287
511 1855
1563 1444
1070 265
1212 957
345 473
1280 1607
579 809
1784 1816
1571 543
1277 1793
1269 1095
1577 597
1127 1616
321 1888
842 796
1037 843
1230 164
626 272
1567 1604
1773 1430
480 684
1005 1333
1260 1106
1447 1334
1700 714
1413 904
857 1021
635 278
1835 23
1575 1830
1595 1679
602 1103
729 1713
944 720
1861 1507
983 197
772 403
337 492
338 1605
1395 1799
1321 1630
704 1815
1676 1586
907 1078
591 1361
824 1718
1483 1042
1596 1747
694 390
1586 1523
571 1575
972 1016
1736 617
1352 1351
1472 1143
1882 1298
1493 860
821 1488
353 1093
879 1739
1382 962
1246 578
434 782
699 1725
1296 927
355 399
550 1230
806 252
1572 1752
881 536
359 461
725 748
1868 1393
397 224
1351 182
361 1745
781 1297
1334 1633
1061 206
1504 1395
1048 1837
1552 1704
682 1301
365 530
1859 1178
524 874
1519 685
1365 580
1748 254
581 1227
1420 582
1851 601
1202 642
373 1642
368 1169
502 1688
890 936
1256 1314
1767 802
1227 858
474 316
776 422
840 479
749 1193
1143 1835
430 36
1774 1771
381 922
1467 401
382 1541
1226 476
975 1264
577 589
384 1123
818 171
1696 676
753 759
1538 103
897 447
1631 178
601 84
385 326
1456 1427
747 1720
1425 1413
895 1202
1406 669
1491 313
391 611
1329 68
390 1383
1252 235
394 1284
1390 615
423 338
1248 542
1819 1801
1756 1113
396 437
1881 1161
398 1899
399 1152
922 366
401 56
629 24
402 2
1298 1379
558 1548
1299 425
1802 301
1813 963
1714 1406
407 655
673 769
1228 229
1670 1637
797 1817
1386 414
1287 275
1649 1858
1847 14
1193 1648
1616 388
1448 711
1185 1109
1259 1246
416 1547
924 127
1583 1442
1039 1537
1046 1851
512 1524
678 1826
1619 694
904 243
1562 814
1668 889
672 1180
1561 418
1194 614
1275 1057
1250 78
432 332
611 1313
1877 1768
1169 230
539 238
1279 258
982 124
1481 94
437 1377
1857 357
1844 1486
1833 1847
1163 789
440 683
1644 188
716 1076
1281 737
1449 1703
1699 1511
445 612
1011 133
1702 1553
966 202
1343 1166
873 1192
1418 1595
651 451
563 450
839 1252
898 296
718 1004
452 1856
1750 1652
1434 166
1389 65
453 666
454 1506
903 274
674 605
1559 1261
1739 1335
1157 966
1238 1358
1034 864
1554 183
820 1221
1673 477
456 1777
644 588
1753 96
460 686
1471 1800
1346 1478
1247 794
829 1550
893 1742
1474 978
632 120
1311 1188
1777 1032
1587 50
1021 1259
1306 1528
471 951
467 1567
472 1674
1710 1094
908 799
1598 482
1542 439
1059 442
1741 315
947 1516
1253 1536
1411 997
510 1088
664 1220
794 149
785 1147
1806 327
483 1876
1148 1491
689 363
726 496
985 681
488 829
931 41
1497 394
1056 643
1885 1236
1000 136
1679 43
1028 63
497 1197
1400 1339
499 1422
501 1557
973 411
1251 1303
1720 233
1723 983
542 1400
509 703
1003 1465
774 1698
544 1071
513 804
880 1814
1797 1670
552 1738
1557 1283
1243 107
516 1080
517 1489
585 320
1161 1568
1168 459
622 380
521 525
1658 518
754 67
764 1315
527 128
715 930
1621 990
529 355
1733 823
1762 1621
567 1364
1401 606
1142 1352
1179 1162
793 923
535 1456
832 123
1651 1696
1130 1797
1560 523
1106 852
1437 86
1249 1087
663 1074
1836 1045
1451 743
823 487
730 1894
1461 746
987 897
1628 1026
1709 180
1140 468
1798 1872
770 1256
1589 1408
1793 1070
759 372
560 967
849 1411
1452 1182
634 1131
569 1428
875 1433
721 441
573 1661
1532 675
1808 1000
1118 289
636 1544
1841 1384
604 1508
1240 1880
1825 975
1685 1397
1213 147
1527 792
1826 1269
1442 591
1402 353
588 800
1211 1822
1818 834
998 335
868 1440
1865 783
1190 647
1219 295
1626 55
600 1056
1890 1640
1369 347
1282 141
1599 784
1721 1740
935 1741
1764 154
613 857
1288 1049
1356 1579
1507 1735
1874 431
1087 1154
623 610
988 1770
789 905
627 217
1749 351
680 42
1074 260
637 1374
638 336
1314 1446
810 4
1427 1158
1004 818
1632 1311
648 1276
955 980
762 1683
892 210
1315 1318
668 1380
662 1569
1342 1803
707 1890
1322 176
1165 1897
1274 396
761 1420
1610 85
1093 707
1550 493
851 803
1174 1832
876 1132
1489 1189
686 1484
1827 1097
958 231
878 631
1537 1518
697 531
1634 1412
1068 1165
743 246
1565 1659
734 977
1134 1423
1244 1613
882 1418
1608 825
748 27
1602 637
1224 1323
929 778
1160 276
1153 1409
765 1654
1053 569
854 876
1344 1773
856 537
1726 907
786 1551
1794 112
1042 667
1524 1578
1354 715
1146 568
978 105
926 772
1206 1693
974 1253
1758 297
831 586
825 444
1375 522
1740 344
860 884
869 1694
867 79
1603 1877
1120 475
1539 1751
1514 1407
1182 264
1574 3
1469 732
1222 1354
899 856
1151 572
913 1457
946 184
1293 948
1455 362
934 945
1225 1368
1822 1861
1393 21
1729 1843
1002 965
1031 1039
1698 106
1492 1290
1850 1271
1718 1546
1308 570
1643 1818
1112 1051
1555 1163
1875 410
1578 650
1801 674
1187 1414
1592 1219
1312 914
1751 1020
1754 1784
1613 1765
1648 1248
