0 169
2 635
3 1002
1897 262
4 927
1896 712
5 201
6 1767
1894 1411
7 670
9 565
1891 1106
1889 897
1888 370
178 448
374 1084
1640 8
737 1373
622 1471
1348 465
1267 400
1596 1719
1147 366
110 1570
1786 1718
436 420
529 1448
1 1603
1899 584
1898 1328
1895 434
1893 907
10 1341
11 1633
1890 90
13 413
1597 1889
1014 944
885 41
455 1899
1178 191
1875 1609
1495 295
8 1305
12 1114
1892 511
1717 1670
1407 486
168 1835
1170 823
1286 720
710 1702
920 938
603 1515
1000 749
14 1231
15 667
1137 1113
783 1534
1290 1148
1008 1511
1087 1028
1790 725
1701 814
923 1156
381 1685
16 85
1098 36
837 382
1839 1167
896 1102
1026 1771
1880 489
1615 1216
1712 1655
627 71
67 827
1467 1819
1327 106
17 1210
1594 840
1445 1304
908 1591
1089 1424
255 1377
845 870
677 969
1261 155
1765 1278
515 867
18 1812
106 1080
1289 1836
363 959
1476 1820
341 1140
748 639
389 921
1759 1119
19 98
690 875
256 301
69 1460
1788 1389
1167 1158
20 182
376 463
1410 877
1661 504
703 1882
1515 291
235 509
358 16
367 767
1781 1009
780 122
1012 1091
21 1475
344 209
865 658
650 1464
1265 991
1523 1681
757 811
92 1711
1513 1276
766 1095
22 785
1855 1575
534 347
570 1058
1114 336
838 1734
1546 318
1027 1342
548 1887
1586 1024
1029 1614
24 1785
1223 49
1503 1726
942 437
448 1186
829 793
843 1595
1150 955
526 623
960 688
23 1482
1203 450
1056 1588
1762 1701
1365 970
1498 1807
1228 346
25 1821
26 1461
1499 1083
1768 276
825 1227
1653 1332
1079 1031
1671 240
1618 872
1436 1245
432 763
754 184
76 977
518 470
1181 884
1687 1408
1237 1255
1294 842
900 627
939 1422
562 1868
1654 1596
1683 131
1073 1829
1744 1679
1804 1006
28 865
291 816
1347 700
427 306
1883 1314
1398 1392
1852 1854
86 196
814 729
1319 647
173 407
27 1692
30 456
1856 1680
709 560
1774 1540
618 1284
271 1308
134 294
1560 1286
1646 850
1772 439
29 13
1866 986
1295 781
1091 1667
1200 1803
1312 1131
1534 313
331 1022
1047 315
31 25
32 1049
449 1794
954 923
617 1369
758 866
1667 310
1885 1857
1350 1788
1871 1840
1415 166
786 1404
541 114
354 393
1734 1059
33 684
34 960
459 657
57 1566
148 1748
1524 1336
775 112
1533 780
955 335
1846 1154
624 353
1320 146
1655 985
387 1637
96 951
1494 149
782 1160
1641 726
906 433
281 1684
314 1495
161 1578
297 650
1453 1491
643 459
918 1893
863 229
1296 480
35 1317
877 464
423 532
914 598
208 1632
1588 76
36 116
37 1112
38 1713
212 540
1844 732
450 1800
163 1087
1798 1458
1017 1454
39 1551
728 1650
665 1675
1482 1394
1806 719
902 427
647 1668
785 836
40 925
683 1505
343 1190
721 838
1330 534
822 1082
689 655
1281 324
1036 1000
841 533
1725 682
272 89
666 1861
1553 978
1828 1791
1241 1135
566 107
1412 1590
695 39
305 137
1044 1721
1109 622
652 916
1505 633
1441 1777
316 1353
1422 26
483 263
41 75
308 1773
1887 1450
1685 514
1095 326
42 1283
43 73
44 1845
1854 138
70 331
258 918
506 305
45 760
89 773
262 940
1439 423
312 539
798 1455
1585 1563
1462 586
917 1896
230 1322
836 1247
1716 1601
832 1220
351 1468
298 102
472 1708
103 1880
1141 1758
1424 976
1555 270
162 1611
409 1164
630 975
267 1888
1242 1046
633 60
349 45
1157 175
451 1730
46 583
47 1062
48 936
1379 1027
346 1690
834 1197
1823 593
941 910
174 374
49 1391
866 1776
928 394
1770 685
105 253
873 328
1139 1383
50 570
768 40
594 84
735 1472
1666 297
1028 152
1518 1034
337 1774
186 1752
1530 287
311 1108
420 614
392 1522
485 458
1510 1586
452 775
1088 1587
52 228
1544 1306
191 325
997 29
463 1628
1366 1493
213 379
894 1457
458 715
1196 1451
51 1696
53 1727
1858 883
1766 546
310 257
1122 1809
554 258
806 445
54 203
612 1597
740 984
1642 1426
1617 1764
1084 1728
55 365
150 1423
270 1801
457 1544
795 1293
957 503
940 1405
232 1122
1763 0
550 903
1697 1543
1463 80
1358 1881
1886 1562
231 1456
600 1556
1007 591
1684 350
1520 1691
1572 1589
1502 1476
739 1431
1732 1761
827 1419
193 663
264 1228
466 145
286 1519
1269 852
1034 1079
56 609
58 230
874 551
968 606
1057 952
1870 902
1426 1229
801 698
662 479
1361 1088
59 1239
117 1839
1257 1473
1703 38
124 1866
1423 828
1306 654
1041 298
1431 545
1705 744
219 1103
61 23
93 192
595 1781
228 1056
1173 702
1054 67
1025 286
1549 320
60 264
62 919
246 880
1102 1181
429 143
1800 1218
395 1704
1694 1864
156 1883
210 1230
899 381
1177 640
63 1619
64 269
1656 360
1816 362
522 210
1285 677
1272 845
65 1425
253 1175
508 94
300 849
1435 754
1367 1796
471 1871
1845 1237
66 1724
1081 168
247 993
809 968
948 205
1323 389
961 1033
574 1478
1408 1393
546 730
653 900
1747 1658
68 1192
1496 129
1396 1066
1065 1506
553 222
109 607
130 1352
361 103
1876 1879
790 660
993 510
724 581
1477 1580
217 1487
419 1474
1236 405
803 386
1206 462
1416 414
1340 1240
71 1444
589 1116
1807 1005
116 1536
1339 1153
99 595
966 1631
1023 1418
239 1294
1735 1145
864 198
1711 723
72 708
240 1531
523 227
605 1366
1055 1529
1374 1012
1851 668
261 309
962 200
73 401
1303 674
1071 779
1650 536
732 1741
74 1246
1508 797
1116 1762
1769 1644
770 1649
1278 911
1727 86
1853 317
903 1330
176 1177
75 1548
990 1538
377 199
1276 308
1038 1756
996 1172
1113 1072
850 255
1785 47
743 1865
77 187
413 1525
1409 1731
1814 942
78 795
1099 790
1838 281
494 368
746 474
79 392
967 1381
1521 1784
1030 1780
128 1574
1336 1180
1647 1782
275 451
1820 1212
332 1204
1547 1441
1288 558
1171 1479
1879 871
81 575
1092 1759
542 334
80 1159
82 876
1636 1517
478 1740
883 1453
1480 772
545 1226
1078 1755
842 1671
520 1100
580 1399
779 1707
1321 812
323 1036
83 988
889 1400
417 1823
970 238
1331 628
984 1521
414 24
85 1705
333 569
254 447
912 1892
1264 1833
1215 1421
1662 962
1709 914
1302 1039
84 1199
727 859
1357 1149
1719 1365
1682 1547
1848 1660
1240 1722
87 1413
88 1077
1681 265
1582 1499
1608 1340
519 847
138 1354
243 369
1388 1618
1663 1858
607 1527
1832 692
1775 68
658 839
1104 1676
764 1390
90 11
1097 1252
693 1310
1283 789
1882 121
279 1480
1145 1795
1680 624
763 1090
421 412
94 1104
321 341
616 1224
973 1202
802 835
1867 786
242 1327
352 1698
500 398
462 1236
152 1096
510 1048
1013 171
1548 293
327 617
91 1766
1015 1745
315 478
1076 524
1184 485
422 1312
660 280
639 568
568 1081
290 1438
1771 834
1614 1437
95 1299
930 416
1021 1605
1630 460
615 953
405 380
507 397
1305 1105
477 100
564 764
97 1469
713 1348
599 275
1194 1184
470 599
1205 443
393 1592
1072 316
98 125
769 22
252 957
644 1433
722 124
559 738
184 248
1568 1664
425 901
1220 1847
408 1150
1420 237
1403 461
100 1073
1743 1832
326 1593
1490 909
1183 59
1387 1257
609 544
670 892
645 641
1631 1673
447 1037
835 967
1075 1266
159 387
165 1598
1313 1445
101 88
102 1349
1082 1806
584 963
353 806
1380 14
558 1295
368 378
1545 442
250 1398
216 241
1243 1886
104 477
123 1098
1674 332
334 1333
160 1301
1105 1488
293 274
1271 1616
1120 1749
706 642
442 1783
1121 1376
555 441
324 1625
214 216
1812 1683
909 213
1297 930
107 1802
108 1572
1657 520
840 1030
1429 1533
696 934
155 573
1292 417
1623 278
980 1539
807 589
1077 327
111 236
190 1406
1478 1624
1353 1666
112 1463
236 1757
215 193
956 1089
113 1343
307 678
530 1258
461 747
540 1792
1207 1860
1782 854
799 95
1465 805
851 1735
1558 1560
1418 1136
731 348
115 53
691 837
804 822
1218 1535
1210 521
1514 1267
953 722
1132 1435
1830 683
1172 92
1326 1023
593 1302
285 1559
1033 1714
686 34
1392 1178
490 1799
929 1244
1101 661
1341 1128
1611 1895
1501 1144
479 1779
114 1737
119 1639
157 410
1216 506
771 254
1809 64
1863 1115
1660 556
118 1134
120 6
278 1852
131 637
1612 1382
681 1518
1570 81
528 1324
1333 554
121 343
386 974
891 787
204 1263
144 906
1606 862
122 482
921 1869
1090 1599
1659 1645
741 1003
430 252
1273 1360
1551 1403
1136 1747
1001 488
1525 189
453 994
473 390
1108 1557
1006 1528
791 1805
1773 653
1456 643
126 97
340 1357
1713 929
642 1085
127 93
125 1191
1620 271
1460 638
949 69
1300 1653
1224 576
1143 364
1304 272
336 659
158 12
1123 57
1279 31
606 21
932 1280
1386 1855
166 711
129 180
1629 207
525 425
1391 1208
348 1428
1537 566
846 1093
140 1849
1024 861
468 774
206 559
482 388
1726 1268
132 1662
1487 1188
1345 1222
1164 44
561 530
1665 945
698 1161
1359 810
133 1466
135 808
1864 408
388 1004
266 1315
136 164
556 1697
412 1509
646 574
1377 446
1840 652
852 1682
137 1045
1815 1209
738 1287
303 890
1754 311
1188 1109
1511 1750
815 1074
590 608
971 475
404 1739
931 522
139 777
1049 1654
141 1661
403 821
533 244
1601 588
142 333
750 1138
1016 1442
1472 1163
143 648
1690 709
1166 65
688 1385
1381 77
180 1179
549 421
751 517
289 345
1395 1139
538 1641
1587 231
1235 163
719 703
145 612
146 1261
147 403
649 118
1833 1111
1433 882
1135 1594
1375 1368
205 7
1486 159
576 177
402 629
667 535
1268 616
729 1221
659 1434
596 1319
149 1530
969 144
1849 782
1829 582
151 72
1204 384
1245 949
582 358
1649 136
557 1646
994 1827
641 538
153 1775
154 935
1689 937
514 1436
536 857
777 1876
1043 109
1693 932
280 1121
1789 104
1118 1016
1860 752
1485 1825
934 483
1009 1416
1884 1507
1263 656
882 234
1394 1094
1479 1014
1571 1298
438 881
179 1484
1158 70
867 1579
1819 615
1733 731
692 874
1639 1325
833 1862
1872 931
1180 966
963 349
697 18
182 1351
287 1816
610 917
416 1790
1488 1137
1035 831
661 357
1144 1828
227 215
1707 604
360 1243
1625 1168
1096 1549
1133 894
411 547
320 1452
1722 913
1803 893
164 644
1064 391
952 142
1500 1254
503 1523
1174 1638
1112 259
167 1189
1795 920
1834 1808
1328 1875
1318 1101
1652 830
1062 1483
1552 359
1067 111
169 1070
1805 501
1607 290
359 1207
1115 1885
1199 1187
1440 1612
1399 571
1346 1356
170 1443
1574 1063
1262 1553
1741 302
907 377
1004 1409
171 490
943 756
1260 1157
1117 745
1475 1107
1590 1550
443 226
1509 4
1309 1118
1239 110
687 1380
172 1044
175 498
631 1170
911 1235
608 1401
1301 956
318 671
1564 1215
1543 1606
705 1
177 562
370 469
712 1485
1232 743
1686 329
1233 1830
484 619
1217 1001
1291 886
1757 1281
1211 1259
792 1564
1052 757
1159 1837
1362 9
1468 165
1506 261
1670 74
1648 958
181 307
736 225
1310 355
1794 776
1050 898
183 690
685 242
1746 1194
1066 577
1360 557
185 645
1634 82
543 162
847 1859
925 1732
676 843
1473 578
322 1297
778 1262
872 17
1405 395
486 66
1060 351
1315 1318
1528 620
755 632
1595 1811
1638 676
188 1687
189 665
1810 126
187 1648
197 1621
1130 1585
715 759
317 15
373 1371
192 1651
1373 1410
1338 523
1397 1846
1821 194
1466 371
194 1017
1324 1693
241 1025
979 1712
299 1290
364 55
1458 247
707 1814
855 418
1626 1545
1032 516
905 1891
248 292
1873 33
1526 1275
292 1700
195 529
704 825
1142 99
586 1494
196 1075
198 626
1414 411
435 736
1254 1386
1841 1694
199 1026
200 1146
756 1824
714 1583
1343 1065
910 1047
1791 1068
1152 172
1583 1432
1378 1264
203 338
1371 651
901 888
491 724
330 941
202 714
655 1695
1529 1367
1455 1345
201 1132
1175 50
1421 755
1824 288
207 268
870 1620
1783 1364
1191 1129
619 697
848 1344
1385 680
991 689
1020 926
209 594
773 621
965 151
1125 933
623 734
1796 1568
1692 283
1048 1123
1138 634
211 507
572 1449
1094 1141
1459 869
1444 1772
265 1465
812 502
1376 1486
1447 980
1755 505
1591 1524
1307 1867
1710 426
733 267
749 646
1778 1873
976 1296
859 687
1221 1843
1384 908
587 1217
1010 422
218 1076
366 1584
1752 87
1011 322
1645 1110
702 1526
1470 352
858 513
220 813
489 452
1198 1292
999 1604
378 1265
222 1260
223 1086
1677 246
221 860
224 1370
225 1489
226 815
469 1793
328 444
295 564
1539 971
1598 553
339 758
1567 733
1628 1196
547 739
1714 1427
950 1878
1776 1716
1192 48
1432 1147
1404 1890
229 771
497 337
919 330
861 841
1249 1347
1022 493
789 864
936 982
1176 1169
1599 1142
233 1061
1080 202
916 250
1516 694
481 855
1532 5
1162 751
379 128
1085 1050
234 266
884 1481
1443 1270
1792 753
1393 768
565 27
441 28
830 449
1784 300
964 1581
237 1097
1461 979
1679 761
1103 928
581 990
495 1358
682 158
1230 1430
238 1193
1363 190
621 466
1186 1703
862 256
313 1753
992 1200
886 799
273 1643
680 778
245 1725
347 895
444 741
527 1355
244 1754
742 435
1464 1337
1831 415
1540 1326
787 596
1556 904
383 282
249 1635
433 863
1877 1610
319 1166
711 61
1484 1055
1111 1279
1197 1798
926 484
1083 245
251 1429
426 1071
1605 454
1678 1253
439 1542
1589 344
1635 1600
844 550
577 1334
673 939
1214 406
398 740
487 1850
1154 363
1454 1576
257 1872
504 42
635 803
951 1182
1550 1498
1457 1397
259 590
1051 1699
382 1361
418 496
391 1232
465 1251
260 1607
380 170
1672 354
578 1133
276 796
1337 1420
369 58
1857 1744
263 1826
1110 1338
1229 130
1270 10
1255 998
1413 1126
1730 885
995 1786
583 1898
268 134
1720 1384
1127 528
269 1622
1438 742
723 424
282 1804
1317 1863
375 1532
531 613
1745 212
1182 766
1474 1042
1535 1183
1042 1412
362 115
1728 279
274 973
1156 826
1419 20
1576 1362
868 1567
730 46
813 1674
1325 404
759 600
277 1617
1724 361
1600 476
385 631
1332 249
1799 794
1622 965
805 1778
629 1013
1736 303
1107 148
592 1313
1512 1307
1086 769
283 1143
1383 467
1531 762
1837 1831
1688 879
1274 922
1202 1743
284 1513
817 1630
1742 537
288 1769
752 160
1244 323
716 1195
800 1067
818 686
1425 1500
1019 1851
492 495
1434 79
1179 804
294 296
946 1516
983 54
1061 887
335 1751
394 1011
1335 625
296 515
1581 817
1750 468
1334 173
1165 1797
937 1627
1843 602
301 1402
808 1665
679 585
302 820
828 1440
1715 1677
1212 220
1850 161
1352 1459
304 1248
575 1736
516 896
656 1514
390 473
1368 1205
1761 1874
496 1201
1869 1810
1797 1629
725 1249
977 999
762 339
424 807
309 492
938 273
1063 1510
796 649
767 91
539 950
493 735
306 1789
944 340
1100 1477
588 1234
1053 453
788 1573
1124 1321
1189 472
1370 1787
1644 188
793 1626
601 664
744 996
1234 221
628 96
816 430
694 1064
1259 1329
1627 284
511 1415
1563 1508
797 1554
959 1577
355 132
1708 1686
1817 1339
1058 117
1161 1233
915 1395
1282 943
671 947
1593 1663
579 727
684 178
1573 432
1284 912
1277 1706
1579 1561
325 1688
1637 1124
356 167
1040 491
350 552
1231 1870
625 992
1225 1841
1669 150
464 542
329 1019
853 431
1825 1729
1400 1656
1446 428
480 1541
1702 436
1248 1171
1554 183
1577 873
857 1546
614 2
602 1241
1835 1552
338 1346
772 1051
1862 140
1578 356
1811 1117
406 1647
1801 1379
342 1746
1676 525
475 561
826 1323
1126 832
718 603
1329 1613
794 851
345 848
1517 1815
1602 1715
573 471
1624 1623
1428 499
1813 1219
1364 788
1354 672
454 1822
1696 1335
879 1303
1493 1203
821 419
1382 846
1507 1198
357 1120
1609 833
1442 948
434 1388
552 62
699 829
1787 707
998 1152
1604 1320
700 706
881 1092
428 1848
1610 139
1881 681
781 718
1504 824
1868 314
986 610
365 1099
524 197
1861 997
1748 179
371 1555
1093 409
1037 580
372 1309
502 119
678 1078
1760 1742
892 123
1691 954
1258 1225
1767 487
1280 987
776 518
474 1029
1718 135
1149 1520
734 1350
1148 154
1226 224
981 219
384 1206
820 673
897 372
1538 174
1389 1363
551 1884
895 214
985 704
532 1316
1731 1372
1491 1856
726 1818
1208 1642
753 500
1522 1417
396 1213
397 527
1390 1155
1070 101
399 1558
1316 1174
400 312
922 1602
1756 1176
401 1010
1411 592
1298 519
1349 1052
560 1015
1299 1571
876 1447
1802 693
784 78
407 43
669 373
1069 1462
1351 133
410 1331
1417 791
1287 1043
1469 251
869 1269
1293 1040
415 1375
1721 1672
1616 1490
1448 396
1580 208
1193 1669
1185 1709
1859 801
924 691
537 721
1005 457
1481 572
1018 662
1039 1582
904 1565
1562 1359
1740 1173
1561 1289
1450 800
431 1018
1308 1838
1059 153
437 856
1664 1496
982 1021
591 63
440 342
637 750
1565 176
1163 321
1451 905
1621 597
446 1038
1541 889
1566 618
913 858
445 1271
1046 543
651 737
760 567
839 1272
563 494
1238 156
456 304
1559 1311
544 1238
674 481
1739 1657
823 1165
1675 113
460 548
1246 1277
1699 1608
638 1282
1483 440
1187 1054
467 181
831 770
893 1723
632 1842
745 1291
1247 611
1311 587
1355 1894
1777 1467
1695 579
854 783
898 402
1427 108
774 1537
1542 601
1527 1502
476 868
947 1285
933 961
1749 1069
1253 1151
1780 844
512 375
1536 1763
663 1414
1437 1765
488 438
988 924
1779 157
1275 798
654 696
1865 1439
1753 1008
1129 1817
535 141
1878 891
498 1689
1822 385
499 983
501 679
1372 383
1068 819
1250 695
505 1678
1471 728
1002 1717
509 185
878 1130
620 105
513 1185
1738 1640
517 809
1557 1501
880 30
1168 717
521 784
1128 1300
1584 1274
935 285
634 1374
1195 1057
569 1503
1723 1710
1643 206
1401 429
824 1834
1651 1634
1106 1844
1190 37
1842 223
1497 1035
1449 555
664 1162
626 1897
1706 995
987 915
1140 399
849 899
1808 802
1209 1223
1452 1211
567 217
571 1242
1673 705
1592 1877
765 1738
1519 549
636 710
604 1446
720 1053
1251 239
585 765
1213 319
1826 56
1836 605
1492 713
597 1720
1818 211
871 1853
598 1032
1793 147
1219 1770
1369 497
1668 35
974 636
611 51
613 1387
1356 1378
1619 186
1169 1569
888 1760
1227 701
1874 1768
657 1497
1074 232
640 1733
1252 964
890 508
1119 526
648 512
810 1492
811 1512
972 120
668 946
1031 1659
1342 746
1751 204
672 989
675 563
1322 1288
1155 666
761 818
1489 127
1045 669
860 32
958 1127
701 1125
708 52
717 19
1402 195
1737 1020
1134 1396
1764 699
1430 1636
1704 1256
975 455
1151 630
747 3
1160 1041
1146 675
875 972
1153 792
1575 218
1847 83
1827 1007
1131 233
1003 1273
978 260
819 716
1201 235
927 541
1344 289
1406 1813
856 1615
1603 1407
1658 243
887 367
1758 748
1222 1250
945 1470
1700 1504
1314 299
989 376
1729 981
1632 1652
1698 878
1266 1060
1256 1214
1633 277
1569 531
1613 853
