0 327
1848 1756
3 134
4 1304
7 1838
8 317
1842 1045
1841 629
10 991
1840 59
1839 1632
12 1558
1838 1608
13 618
1837 73
14 1426
15 284
178 691
968 1403
1754 517
1364 185
707 1077
898 422
1619 887
1574 1600
466 1122
1116 844
820 467
629 657
1 511
2 436
5 371
1847 256
6 586
1846 37
1845 425
1844 1832
16 1012
1836 1816
1589 1452
921 1404
540 1614
433 219
253 611
1002 1354
135 1097
589 141
11 1565
1843 980
1717 1534
208 92
1205 1372
513 1475
1235 343
445 1786
658 1658
1525 457
1230 659
1246 1593
1785 338
1526 320
9 1109
17 982
1484 216
837 60
1448 703
1321 653
630 159
1270 1429
765 830
809 1562
19 260
1098 557
858 1531
24 950
1104 1159
379 211
142 1321
539 1770
860 695
335 878
1736 1044
408 271
1634 1830
103 1039
1559 442
965 520
53 706
18 1115
872 957
1522 75
878 930
1024 377
1550 1226
190 1202
532 1132
1641 1073
1351 173
291 106
939 590
842 763
646 689
1271 990
21 866
106 415
1699 594
1068 1213
483 1194
1633 485
942 648
1395 799
322 122
1849 1539
22 444
690 362
384 1130
1820 414
1161 1302
51 82
1612 709
1644 769
870 464
1435 372
1110 1335
20 188
23 360
374 479
940 1484
899 559
1706 1244
472 96
594 534
1021 264
238 458
38 1120
824 1392
944 1716
1147 637
246 1696
1833 1443
25 554
893 1212
479 900
811 1166
1494 48
345 888
1512 565
1196 1790
26 892
834 340
1185 420
1015 518
849 1297
903 1783
795 1164
1088 789
27 699
1495 1327
127 547
612 132
1062 1622
1076 1508
451 1124
1029 606
654 1701
1086 234
1502 1276
1249 70
102 1446
1636 208
1687 1530
1649 1262
58 1431
255 762
1411 1693
28 862
29 218
1499 1377
1579 1528
1810 490
299 667
967 1088
173 121
748 679
1387 1233
1103 386
523 452
30 21
468 34
637 104
1727 1347
1123 465
438 290
1712 1462
31 1303
1831 1196
979 1613
1018 175
725 846
1485 156
1326 384
1209 1252
407 1464
848 1290
1055 1629
32 349
1816 279
151 1791
591 1037
211 712
1160 536
1821 917
403 433
1661 1683
1331 1644
33 938
43 5
705 1418
1534 1013
1394 1366
960 1397
1492 937
294 1249
969 1028
1043 1385
1679 639
34 685
881 1375
61 1788
1431 1845
1665 242
1584 666
1802 1293
163 1232
1236 9
695 52
1008 1488
78 688
180 970
342 1548
1768 1610
149 850
609 1010
1734 975
305 118
1572 1129
1019 1400
1543 702
715 1387
35 576
36 661
624 1014
1715 876
931 867
1412 1241
341 1000
37 1706
1312 722
1647 447
1168 445
362 1248
458 1710
67 758
971 69
448 1121
897 455
1622 1200
319 1799
325 427
461 1486
1610 1764
1263 968
1334 981
876 321
1803 764
494 1702
1244 27
862 1609
645 1322
39 1155
932 1533
933 410
1148 1564
663 856
622 697
1709 413
571 1160
1261 1715
905 801
41 727
210 1312
310 416
1050 896
148 1561
633 1219
76 1382
519 1742
284 704
1729 1752
531 376
1439 411
219 553
40 1787
1639 1265
256 1454
111 1026
1212 1151
1625 13
321 499
376 954
1166 656
767 598
1357 1313
817 1189
1454 38
302 953
507 1796
500 480
917 996
1097 14
1129 922
1038 838
1624 788
1568 1094
183 527
42 472
44 645
1828 385
490 400
336 35
1587 791
1033 195
1114 979
1458 189
1660 1740
1748 1733
1756 288
923 807
46 1267
1670 944
347 163
1544 1755
110 55
1418 1379
822 674
861 848
296 740
45 509
129 1697
300 949
138 1228
1742 1763
1111 391
548 1515
1204 318
1601 528
48 507
949 286
1478 1844
827 474
487 1444
1521 1835
439 1682
1592 1066
47 592
50 394
1724 1442
390 865
727 790
1095 0
170 908
370 537
49 409
1371 1425
1755 607
431 140
1224 215
312 739
821 329
1745 190
356 168
1014 928
52 508
1090 795
75 437
1106 270
502 1076
857 693
271 1828
213 672
1819 563
1306 963
545 494
1700 1390
791 388
866 680
497 541
1338 765
623 935
761 971
1283 1055
1287 144
309 1666
511 1114
1557 1540
1363 729
801 1684
1817 26
1490 1726
1237 1214
55 1185
847 295
1542 379
1152 840
1126 1218
1576 1636
1590 184
54 351
56 283
826 1103
1491 1127
474 1448
1675 1017
1119 1128
1285 1654
375 997
57 920
1073 965
1506 1559
1045 1546
1415 426
234 205
393 1502
577 833
1243 1492
1118 1649
214 1092
1451 1843
326 1594
906 1451
59 1603
1407 1351
533 724
749 417
169 199
154 1430
307 255
1795 924
642 1108
833 1577
141 1299
1289 1016
69 297
735 81
652 1198
430 1660
671 1075
333 1310
1594 1281
1718 342
1006 573
1084 346
1173 1395
132 1167
66 1210
217 339
1366 1333
1732 608
60 1680
63 108
157 8
1007 577
1293 1203
123 303
1778 736
247 1199
1004 1318
1737 1612
193 1469
1174 793
1571 397
62 402
133 915
385 162
1052 253
951 823
512 378
64 1537
65 333
1200 125
201 1635
1474 1046
383 1436
1423 570
124 1809
398 1353
1180 1023
1286 1725
1430 1288
1436 387
1280 58
481 1104
248 257
560 348
1618 1021
239 1417
1663 1098
632 1284
1599 477
250 1003
1708 911
1509 1216
536 192
841 128
787 1106
331 1690
1332 1820
68 1051
503 1206
1329 181
486 1036
794 1406
1226 1573
1719 927
1203 989
1304 1138
1728 146
919 1316
268 1201
1078 1450
71 1743
619 468
1339 292
908 1148
785 1778
1791 877
72 1825
720 818
686 1625
1784 1072
1789 677
1580 224
641 103
464 129
454 1827
1217 1389
685 1582
70 1136
1498 893
1142 1490
1564 1509
1437 1019
324 1782
73 1674
218 431
1349 1279
215 1780
301 1135
1159 514
568 987
516 296
1245 182
1628 1320
907 40
1382 1231
1124 369
520 711
74 276
889 291
1232 432
1398 1760
1605 1346
1476 1685
308 492
1386 36
1305 93
241 1457
1295 580
1381 451
1264 263
760 595
1566 1480
990 571
449 1071
1348 1547
672 548
1178 204
631 1325
1266 1264
77 246
338 735
1781 584
109 135
1419 1527
823 665
79 139
459 1647
1031 1456
1442 999
1672 538
1609 718
814 849
388 631
726 476
610 510
557 1054
549 101
710 1495
287 794
80 1692
100 891
924 635
1067 1029
1613 545
81 620
877 682
1158 248
585 1344
1359 1583
1489 1378
1193 6
1153 1738
83 1341
272 1221
96 107
1631 1672
1731 399
444 78
84 742
130 1047
400 532
1408 1463
395 1176
371 969
1234 539
89 273
85 1470
1539 68
316 1815
934 469
105 1567
1054 43
1352 1700
1154 1345
480 1031
82 567
86 1224
1036 676
984 1089
941 1215
1215 1474
290 1586
87 1111
415 569
900 498
838 137
783 304
1738 1107
747 1030
473 147
337 1296
1048 886
1777 1585
262 86
1207 1082
1140 1754
1783 1348
1760 873
739 120
1722 1639
896 1505
88 940
90 1237
955 344
1030 642
1472 544
1832 776
1773 1250
1583 602
93 678
1210 345
99 1824
850 782
1585 1579
696 1766
1113 902
863 1677
976 169
91 307
92 797
282 956
1120 636
158 972
196 1294
153 1381
1274 1638
1089 1768
1413 643
1558 1736
698 395
411 419
1194 1803
1354 136
126 1338
1668 658
119 32
588 332
1483 1091
981 523
855 579
1057 54
1046 158
94 630
95 1178
668 237
436 489
298 556
712 1596
1298 1473
660 752
460 404
1010 605
447 1223
966 1499
1074 502
391 1113
846 1481
462 1119
1083 726
97 760
491 1236
627 1519
1066 832
413 100
417 235
1346 1556
233 1719
665 88
547 998
1422 1479
904 390
703 1576
98 779
1254 1506
713 1634
525 1427
1302 368
1277 1532
782 1721
1425 985
777 564
1455 421
804 696
101 171
1358 619
596 1326
565 1181
529 775
920 1306
1071 1270
753 946
224 229
1570 1471
1689 1364
1782 588
165 512
884 39
677 20
1053 1078
806 272
1307 684
363 1260
1658 61
1678 921
174 244
987 617
414 1514
1026 2
1733 578
435 708
552 1758
1079 574
913 692
792 500
104 585
205 1004
1621 812
476 1620
750 770
1292 1841
429 30
1749 644
144 575
1356 1095
613 1781
366 143
1143 497
107 932
108 1035
1695 808
416 604
1187 1572
274 853
1297 265
1445 683
742 741
401 805
527 212
910 1668
212 1826
1141 668
1291 481
1707 1553
1582 558
528 875
380 1730
922 1337
807 352
112 1280
1343 624
683 153
732 1731
1181 1291
1169 1428
1586 671
113 412
1688 725
175 943
1443 1271
245 1062
1694 694
168 1615
1711 41
188 1273
1710 1002
469 1665
772 403
114 1161
115 912
879 899
1092 209
237 599
425 813
816 1057
1405 1433
1698 1393
488 633
575 993
1632 810
116 1081
691 1637
1669 1501
1655 364
1341 1153
1167 1195
117 1197
1462 817
1322 792
1772 1823
1157 1369
118 1529
377 167
1131 94
1501 1511
1518 1664
1231 152
470 1126
757 1798
954 1286
1447 1240
958 1439
793 84
815 728
625 1516
854 1069
276 1401
874 1371
962 531
873 562
1310 405
1523 670
1739 1174
120 662
121 29
278 1633
328 929
1648 1818
1752 1158
155 389
505 1535
1267 361
184 198
701 1831
122 133
314 1360
843 889
1367 717
988 783
970 1020
1208 439
1602 305
228 56
1743 319
1400 942
974 761
746 53
1505 113
544 798
566 441
125 335
991 640
1603 1840
1480 1083
145 1424
1428 1087
176 473
1162 543
1273 995
808 1727
1477 49
334 115
714 1734
925 1134
948 785
259 1793
1620 470
230 1849
1629 746
1826 1209
875 936
1834 1154
453 1063
1468 1383
1533 654
927 1380
662 1708
1497 632
1013 874
1567 1358
128 1254
131 1468
1340 243
396 1041
1432 111
856 486
1094 1659
1578 1317
441 1171
1115 1797
369 16
786 1757
716 614
1716 1434
518 231
134 1342
1487 91
409 1356
1735 214
378 1242
561 1630
1682 948
514 268
136 822
1758 1522
315 1703
1540 193
1788 44
137 17
556 1230
734 1170
617 781
578 1050
485 435
437 759
1466 98
1223 1750
1815 1173
615 857
961 1627
1517 707
752 225
140 456
1766 1352
179 843
926 890
1233 837
1025 1751
1137 119
946 663
1720 1365
676 591
559 1834
1520 1308
1214 690
865 1435
1333 638
143 1150
1545 277
172 266
1186 1074
399 513
776 495
277 1015
1804 882
1132 540
1664 1707
687 1745
583 150
937 281
553 914
1767 650
231 302
1327 1678
1671 1483
1666 1774
352 1275
1070 958
608 99
1799 1245
139 641
146 1188
650 1621
812 446
446 1394
836 755
649 245
595 1420
1830 1493
147 1611
1135 800
1227 310
989 1642
952 516
1511 1398
1465 1141
150 1704
1812 861
1000 751
358 526
427 1374
1753 731
1656 7
152 1137
202 1619
829 233
1426 1729
892 647
768 1717
604 1578
405 1278
465 552
463 1575
586 1193
1222 879
484 820
1424 28
1569 471
422 1720
1365 74
729 551
1369 274
236 207
1747 116
1806 506
779 1709
456 381
419 1110
1072 478
582 1839
156 97
1705 1580
831 1498
467 223
1626 913
956 1640
953 1524
679 1059
1353 1746
1188 842
159 262
160 1413
1299 1032
998 1466
1508 966
1595 79
901 46
600 572
864 57
1179 1494
220 1096
1577 753
655 1569
780 860
161 63
162 201
1440 1033
1028 1753
1337 1022
930 1034
1538 737
819 1687
1686 1334
457 1772
751 1538
285 1399
164 183
693 1080
550 1525
728 756
1044 483
166 72
267 1008
743 1192
167 895
1192 461
957 926
579 1084
1714 24
1058 1785
1615 1557
303 383
1457 1605
766 428
666 1422
1397 1591
1117 12
1701 504
171 881
359 1808
504 493
232 1116
349 612
392 919
681 609
724 462
1417 651
1650 649
558 1686
1308 962
546 157
365 19
674 521
1704 423
320 1133
1427 239
996 1821
443 839
1673 831
1133 249
1493 1489
1588 1257
1510 1645
1315 1651
754 841
177 1204
722 1779
1165 64
1112 314
1335 1187
947 1592
802 1117
1459 1617
813 852
684 1518
404 275
869 1060
1744 1767
317 1258
355 1805
1600 622
455 1396
740 50
830 1268
181 734
639 669
1614 773
501 855
182 1829
1623 625
389 1555
915 282
1593 1239
1657 1748
1421 1604
1807 407
1429 1292
657 311
682 1735
1276 1307
580 1184
661 1802
1284 1777
1751 1350
185 1544
606 566
1690 1165
1265 1412
187 1705
543 252
1399 408
894 1179
789 1773
611 1472
186 496
835 1408
264 1714
1532 221
442 1112
1823 1207
890 1598
1800 1238
1552 821
1659 1053
1093 738
332 870
360 1747
1034 859
496 217
1597 1056
1546 1183
1640 784
871 1477
1269 1616
367 1814
189 196
191 714
643 1663
192 705
592 367
1105 213
803 375
530 774
1253 909
1702 336
1108 300
194 898
1347 1846
348 732
1324 170
1409 1421
1416 1261
618 748
851 825
1438 1339
195 357
1091 1191
673 1459
1323 721
828 1807
197 904
1360 1765
756 1510
198 1842
564 1340
1573 1566
567 285
1171 974
1414 1667
1027 1125
985 986
199 47
888 438
200 967
281 1331
1279 951
1290 628
1824 984
688 443
203 555
1684 1478
351 568
313 1590
1486 815
1809 1251
204 1001
1009 174
1268 1415
1813 1795
853 646
1528 1563
1776 151
206 750
1282 1319
1149 1058
758 905
1017 1102
1814 1405
1296 994
982 1162
207 1744
1109 1771
478 515
1176 1445
636 315
702 1652
1461 1272
1611 1156
1385 931
1320 1049
1069 1497
209 430
1775 686
798 854
1796 325
1396 864
1391 165
1350 1217
708 1449
1184 1467
1805 269
1662 51
1156 1336
626 1152
1032 581
1642 1411
257 382
1470 1283
406 254
1464 1550
1482 1811
943 583
1536 767
1016 503
279 226
1374 903
883 365
597 334
769 1792
1713 749
868 664
1530 1595
1130 1504
304 768
972 484
1764 1679
1096 836
1064 1643
1771 95
635 1118
1441 1810
216 1099
221 546
1228 1599
778 1847
242 977
744 293
1190 1836
1138 1574
222 1
852 1485
410 1105
223 1711
1012 1691
1638 1482
1127 1328
1272 299
225 1169
736 1282
227 1384
1345 448
226 374
339 1163
229 660
621 76
963 613
1606 87
1596 337
704 719
508 1699
1811 1440
1336 1027
1288 45
1238 525
1242 925
1080 826
1379 309
1654 250
1449 1626
918 597
235 1011
1691 186
1551 191
880 1722
364 176
526 1584
1082 491
731 871
859 126
240 1447
1496 973
1392 723
1770 1536
1051 730
1377 1653
886 298
1383 23
628 976
1651 350
1617 1437
243 1277
244 710
593 542
975 829
555 910
260 952
551 1789
522 1775
995 1295
717 1143
796 280
1763 1776
1393 623
721 1101
882 992
249 194
603 1300
280 872
1368 155
251 1123
574 258
252 424
426 634
1189 988
1275 1146
1460 916
1042 463
1653 1323
983 1416
254 715
1311 1093
387 1247
329 603
1591 809
1607 1695
1100 1655
1145 698
928 959
323 1040
1144 232
258 1523
1206 313
1221 1438
450 1414
261 363
1023 1144
1780 626
800 312
1355 716
554 90
605 200
825 1724
590 1025
1330 1157
263 787
1199 1085
265 1669
275 1646
1225 549
266 1458
1183 601
616 359
602 1315
269 1560
270 907
745 828
1325 149
775 1698
1765 1227
381 1761
1081 983
1475 294
1121 1142
273 1005
659 373
1524 701
1313 901
1060 1728
318 154
1692 600
1519 1432
1683 236
1575 885
902 105
1779 1631
1303 1837
1646 1086
1318 1359
1150 1410
1342 354
1759 1460
1259 1812
1797 1657
283 440
653 906
1300 1662
1375 355
1376 1363
286 1419
664 323
1761 1676
1041 978
1547 1737
759 1229
1786 1507
1213 466
1247 77
1005 164
373 1521
1380 238
288 1848
289 148
541 202
1257 1222
945 227
771 1648
737 1806
382 449
1220 138
292 550
648 1739
599 1367
1301 398
293 1587
1693 1235
1011 429
420 187
1549 145
295 616
832 65
1075 806
418 434
1453 535
297 1259
891 1541
1139 845
1643 1355
730 454
1801 834
929 1332
340 328
386 851
781 1455
680 687
1535 124
1281 934
440 66
1835 811
601 1588
977 501
738 180
1404 804
614 109
1229 130
1049 259
1361 1694
493 1723
1039 1543
1637 1671
534 308
741 392
499 1090
1677 1186
895 923
993 1670
306 610
1548 582
311 112
368 814
1370 1311
489 713
911 33
1328 418
598 222
1191 1177
1059 102
1674 1147
1726 228
718 1675
773 960
790 961
1164 197
978 652
1793 1329
482 744
1825 1601
1241 1391
1195 1520
1102 529
477 802
432 330
818 1061
938 31
1216 1175
1513 1287
986 1140
576 1794
428 1256
327 406
1378 964
1774 627
1155 1749
330 1465
1562 1624
1294 306
1456 1009
1260 530
1741 1368
1757 85
1122 161
1450 955
1316 1545
1818 1597
1481 941
1471 1476
1790 1357
1514 1650
1473 42
1703 1602
692 1067
1769 117
343 179
1553 1064
1604 393
694 1549
515 1487
1740 1606
344 1298
346 1168
1479 1453
1598 83
572 1407
1389 366
350 933
402 1817
1667 1552
1676 533
788 1234
1652 675
912 1208
353 1718
354 1024
1680 1100
1515 1386
935 615
799 1255
1250 560
357 863
1608 247
1463 1361
573 453
675 301
361 747
1681 177
810 524
1388 1628
1065 80
763 1018
1198 1409
1556 777
372 743
1645 178
1077 733
1344 62
521 1305
797 1007
1085 745
1627 1172
506 206
670 1689
700 1330
570 1079
587 824
719 1301
1792 89
1630 771
755 1006
973 819
1170 324
471 1182
423 1309
999 220
1262 1500
1172 803
994 10
764 142
394 1220
421 1246
1746 561
774 1570
397 278
1001 1376
620 1285
839 593
885 1571
669 1180
1507 1065
1467 1362
1125 778
1829 240
1635 1542
412 869
569 18
667 172
1107 587
1554 1343
1808 1568
1390 884
1827 1038
1563 1526
424 289
1134 230
909 772
647 1517
845 796
434 261
699 1225
1061 883
1317 1314
1197 519
452 1441
844 1263
1372 589
805 166
1561 681
1022 487
537 700
1146 15
1020 1423
1730 380
1218 1712
1750 1211
840 1681
1047 757
1202 1042
1063 401
1555 1784
542 326
584 25
1182 1269
1319 505
1278 1732
475 358
1697 267
1248 897
1565 67
1309 673
1037 1070
1239 596
1560 1149
651 4
1410 918
1177 945
492 353
887 123
495 1048
1516 1833
498 655
733 331
1420 110
914 160
1488 1713
1762 131
1035 1205
509 1801
510 1759
1504 71
1373 868
1099 1243
517 720
1529 1274
524 1551
1175 1800
711 1349
709 754
1616 786
535 827
538 203
1452 341
1500 1819
1384 460
1685 1623
1128 370
1201 1402
644 1741
689 1581
959 127
562 847
563 1804
1136 1461
1401 1052
706 1512
1723 475
581 251
980 1688
723 450
997 816
1219 241
992 114
1541 1503
607 1554
1444 1266
964 210
640 1145
784 1131
1240 1388
1056 1661
1087 880
1581 835
1003 356
1211 939
634 947
638 894
770 1618
916 482
1251 459
656 1822
1151 1589
1362 347
1721 3
867 1289
1696 780
1527 1253
678 287
936 1491
697 1813
762 488
1163 621
1314 1607
1040 322
950 1043
1258 396
1252 1370
1255 858
1403 11
1537 316
1101 22
1787 1641
1725 1762
1531 1324
1433 1513
1469 1673
1503 1068
1794 1769
1798 1656
1256 1373
1406 766
1822 1190
1434 522
1402 1496
1446 1139
