0 1342
1698 322
3 536
1696 1550
1695 1067
6 739
1694 359
7 1413
8 1009
1692 799
9 1191
1691 217
10 1396
1690 877
11 1558
12 768
178 201
1509 167
404 1529
78 575
779 982
865 1010
372 1106
457 929
1 1282
2 1381
5 244
1697 1398
1693 309
1565 1674
1661 35
778 1508
1274 136
134 1693
1139 819
1470 248
1152 576
750 1156
176 37
13 1425
14 58
329 1008
1308 573
1554 1023
56 1376
1472 523
424 191
528 1080
561 1483
4 1123
1699 816
279 1699
420 776
269 1182
230 1171
365 1183
498 1574
1487 804
693 1298
1578 255
743 847
317 1521
15 59
16 382
433 940
271 1054
1209 845
1338 1093
639 1391
837 1605
1050 303
1609 1159
898 1325
925 253
1204 1495
17 952
106 1622
50 351
1380 954
1364 825
687 46
756 1316
1418 1346
175 1597
1184 1502
1680 1676
690 1308
479 496
98 183
851 778
109 682
410 268
1556 585
153 1407
1197 640
1647 368
1427 397
18 1000
319 237
500 962
548 133
1340 910
738 219
1171 1470
19 686
369 981
305 1232
1085 1229
1493 317
1652 26
613 1489
1220 464
1343 541
481 296
923 785
1372 342
542 1429
893 979
1573 429
76 703
1023 586
1073 826
695 403
20 667
21 19
22 1441
278 477
1095 1315
346 992
1040 720
23 281
825 517
688 611
1498 1559
331 1334
753 300
246 1239
997 1003
783 187
1104 508
123 730
813 140
1421 1140
912 649
24 530
1499 1012
1320 1378
253 985
161 1660
857 489
1459 863
796 514
1218 404
1576 131
25 652
26 1415
1236 484
866 38
1299 642
583 287
1564 323
767 519
515 1438
52 277
529 1209
1456 229
706 1236
1003 1165
472 1477
355 1046
1157 1618
685 16
1098 1405
27 723
28 272
291 1490
1653 1392
286 892
1213 409
1252 1494
758 1039
266 148
43 214
75 1280
214 1677
927 1292
1222 163
689 740
648 62
785 236
1410 1488
1074 32
616 231
439 1655
30 1185
881 114
698 612
507 588
1687 141
1473 905
1351 177
294 1372
683 43
746 1690
964 794
350 446
992 210
1548 987
29 1671
32 94
739 984
495 915
1188 1586
1476 948
1350 1623
33 331
557 876
1051 209
1605 220
1162 10
67 166
650 260
436 85
621 12
31 773
34 941
1641 564
110 1020
399 1167
35 193
1294 394
1620 635
710 90
1284 23
486 1018
954 186
1649 1040
241 1572
801 505
821 224
955 1510
388 822
1625 442
691 1365
427 698
1205 1569
49 895
791 1583
906 567
1039 1158
1670 480
745 1128
686 246
684 1641
559 1284
36 1511
37 44
38 761
293 746
651 386
768 1563
720 371
607 544
1651 1451
1540 1664
1269 1068
1148 63
966 1435
416 290
732 1152
1185 1115
510 1551
1631 1174
714 869
39 969
1575 1482
1000 546
1530 1043
268 1388
812 574
465 353
1037 679
596 1197
40 852
1154 1431
894 1027
1560 843
676 1377
1293 767
1333 474
41 780
42 1604
949 1450
1178 468
671 428
1150 800
378 837
386 1651
1048 964
121 1417
145 1175
727 161
638 124
1277 261
44 1459
232 106
654 1271
1406 355
1315 1468
1482 1474
124 421
45 927
827 437
251 271
1577 1539
1458 1635
517 338
1394 622
281 1189
46 47
1477 650
1327 685
1306 561
907 670
384 64
1443 1600
257 705
1067 788
47 1679
491 1419
637 1276
48 1330
670 708
218 875
845 426
223 1086
852 537
919 1194
473 828
1408 625
1571 614
976 129
697 387
740 6
807 205
1601 1642
936 1323
1543 744
820 947
352 76
632 1112
1268 297
51 1606
1465 563
678 1062
1126 589
466 55
571 1100
1221 721
1291 531
103 803
1103 631
188 116
452 603
274 132
1621 1598
874 766
1119 482
53 716
1201 1422
968 1555
737 688
451 383
991 898
1141 81
1099 795
419 701
643 159
951 415
370 542
54 357
55 1581
1375 680
1517 1161
761 340
944 1127
694 933
1599 1141
1396 668
1044 1249
1363 1098
1289 525
1216 1575
995 922
1276 1170
1270 487
385 1546
675 1005
379 770
160 921
1180 648
630 872
540 1224
1660 596
225 1518
1192 629
59 1268
117 1406
1341 1369
1440 944
1529 339
1688 1184
660 820
749 547
1021 861
593 1610
60 1463
376 1002
900 1234
1395 813
617 1341
1413 711
408 49
1437 1421
659 1457
645 1244
1026 425
1451 1682
57 1053
58 654
1200 344
255 830
501 150
1474 311
276 1577
122 185
792 936
62 1434
1286 235
107 18
235 665
1272 638
916 104
1301 848
61 126
1203 1554
1515 319
789 173
1290 764
826 475
236 1045
413 690
1635 1680
1124 566
283 1052
99 466
883 25
63 1670
64 259
247 1383
212 249
1285 239
704 423
228 406
89 1063
1587 580
585 1592
1590 1560
1422 1534
970 1387
1058 458
66 926
563 1118
993 1148
766 783
65 1124
68 1607
1102 553
556 724
506 252
336 1261
902 1472
69 840
589 1223
1210 1231
301 293
1060 634
70 601
560 1313
478 1640
71 314
463 1218
609 179
901 171
917 613
72 1420
1403 1619
155 295
1257 996
566 808
641 835
839 284
1442 1541
990 478
238 866
887 1367
1611 1335
1527 1088
308 1099
73 624
74 1202
1325 52
1450 1216
1645 494
655 595
367 1442
1248 1245
497 904
1568 829
348 134
334 1430
85 1057
1555 769
196 241
1377 211
1510 1647
375 784
200 908
853 1380
1169 958
1138 1615
250 497
77 594
195 1331
736 483
996 557
1359 577
1466 615
1181 454
275 419
280 1065
598 1561
669 787
787 463
931 516
79 51
1334 1311
1167 1314
1019 974
1636 1146
90 889
1317 254
470 1666
905 1061
81 1084
1136 633
1388 78
503 282
895 809
197 1277
363 627
700 174
1650 1440
82 147
889 1290
911 1195
519 432
80 798
83 1499
406 93
157 1213
1426 1090
545 61
1076 462
762 1275
1264 777
1059 144
381 1177
84 1151
1561 955
447 1449
1433 756
231 165
86 39
1191 285
322 1109
1462 365
104 562
1424 1131
1390 1318
87 1222
1386 1567
1070 376
88 1338
1313 1462
345 1254
518 1025
1061 1266
147 618
1318 1295
1012 636
975 899
508 286
299 694
401 1437
1090 299
1480 447
335 486
373 581
242 1614
444 444
705 1608
1401 1349
776 196
1584 965
1642 867
599 1119
91 593
198 431
608 57
626 175
1250 871
265 360
92 189
93 1648
967 488
998 1120
483 250
699 1351
781 203
1045 897
1198 1289
1534 639
1679 310
95 1686
713 779
692 1060
468 812
298 21
628 1169
1612 92
94 1637
96 399
1302 14
633 1345
1113 814
1231 1661
409 1094
97 1409
1251 1627
1409 1496
1677 1394
1227 91
1415 68
799 522
100 988
1253 735
665 7
1260 689
661 395
256 1079
158 1613
815 1386
101 873
1163 385
233 465
387 1659
170 1087
1586 1205
1262 903
1084 1537
575 316
102 543
222 364
364 512
1066 839
1637 1145
341 1491
1175 1643
541 313
150 834
844 641
574 745
284 998
1043 886
516 883
445 1557
1500 1687
1616 1400
323 738
1668 672
784 377
208 734
430 1333
721 1393
590 56
1331 1294
105 1188
780 164
765 1279
338 346
210 418
136 1535
108 1580
897 366
1337 671
1079 1242
1212 578
359 920
1196 330
1537 402
1144 1385
797 1250
980 604
1622 959
1115 251
1379 757
187 1042
709 1547
858 797
112 1211
442 1526
988 1021
1326 702
440 155
612 719
244 145
1562 699
838 1034
824 946
374 1624
111 1389
114 991
604 121
282 888
987 1153
1111 506
809 1259
1558 1653
113 1493
115 1166
116 1129
321 599
555 653
1117 1506
1675 509
1468 1566
1028 833
933 69
140 656
118 83
539 1253
1071 1133
1588 188
810 427
119 900
921 966
154 1652
288 160
131 1497
1319 687
873 1617
1522 1692
120 838
377 938
1689 1672
855 661
1511 1656
1278 1041
1263 1410
786 451
240 691
1581 1176
455 736
1404 1673
1176 1343
512 294
1643 1658
148 1302
125 836
909 529
169 864
1083 74
1624 1527
144 810
395 555
1531 1361
127 1484
1447 232
1411 334
662 1016
1305 1538
126 750
128 393
1147 600
1475 320
1513 1339
724 1265
129 1616
1024 128
595 792
526 853
1329 807
1627 109
130 556
876 257
1082 15
1266 1487
1516 657
634 771
755 949
132 125
1032 932
163 321
899 733
717 704
133 1599
1655 1130
456 865
267 1137
1092 96
751 1657
1405 433
1267 435
1526 1337
1552 40
1142 859
135 29
261 923
137 695
934 1241
1546 805
138 681
403 440
1324 420
1488 1492
961 796
849 1208
1490 329
139 1032
1455 370
1400 264
1391 172
1460 443
1514 142
1246 1458
731 455
330 1212
141 1486
549 646
940 273
396 700
570 669
487 347
142 1531
143 592
1596 1162
601 1336
1089 137
619 1630
649 1375
754 663
1217 677
1224 754
1503 1309
1135 42
1232 1283
156 1588
525 538
146 363
1211 157
1094 755
1644 350
499 772
1031 1465
1508 1601
1478 1056
891 722
1046 1206
536 288
1069 1004
149 1353
1606 1469
1109 675
1078 1584
392 1092
151 1444
702 1695
666 457
152 727
1234 292
1682 1111
1397 1048
974 4
841 714
1153 696
1582 909
1168 135
1469 1097
469 312
1354 1233
1432 626
1009 139
1177 1697
476 725
159 521
681 1226
310 1552
1536 1505
869 84
938 291
1106 1412
859 80
817 449
1161 1446
945 1329
973 706
201 53
342 228
1685 1519
928 127
1512 549
790 361
592 1596
162 208
431 894
620 972
1239 230
164 893
1574 1455
708 195
258 27
165 20
577 712
1087 333
166 1629
1047 9
1052 824
614 598
875 821
605 1019
1348 515
1149 1270
1553 422
167 1256
168 1083
254 306
1042 1467
1444 1414
1088 707
1328 621
1172 1564
219 1108
957 548
347 957
994 1360
443 105
775 943
211 1326
1485 101
171 100
172 524
1016 204
173 345
1255 473
1613 1201
835 911
1283 664
707 658
411 1026
1241 24
174 1095
1054 87
546 0
1100 1319
1014 568
437 1110
1096 881
180 1364
1237 168
982 970
1407 71
576 1015
1030 1515
831 48
646 490
1355 1113
313 1544
712 995
1027 1593
1156 1530
177 842
358 410
1585 1157
1491 1631
969 1089
179 17
1594 1373
307 384
1001 1235
946 1662
769 1324
273 844
216 1135
1053 498
1034 511
182 479
606 170
819 1085
581 1478
181 1585
543 1359
371 1649
1634 1144
1434 1257
183 412
1481 1428
1547 572
1140 571
1428 732
1151 831
1567 1285
677 1014
185 1204
1545 1578
1199 225
716 609
290 1426
340 1448
1097 113
184 1626
795 1691
942 110
505 1022
337 5
586 583
1347 200
1671 1625
953 1562
383 587
734 1199
1307 891
189 1058
1164 1609
1013 1072
772 565
186 1225
190 887
260 495
929 389
1225 879
963 608
511 1187
192 1091
1646 1645
1392 678
311 862
1489 70
191 841
193 526
477 452
1453 806
884 315
194 1503
1295 533
1557 742
1005 181
1280 1332
492 1154
449 1621
802 405
224 411
1316 1038
1374 913
1015 1196
1292 623
264 499
653 741
814 1668
611 793
199 223
480 1523
744 683
877 1411
1258 1525
327 775
550 786
914 1011
1238 710
202 815
435 818
850 976
1654 1536
1193 559
357 802
1520 1454
1373 1418
1342 1238
1610 341
203 1066
1036 1639
205 1198
757 1163
1657 860
1033 983
937 951
204 1278
206 441
1131 1073
1535 884
1006 270
207 1587
856 823
306 1681
722 1685
908 956
209 1384
1244 430
263 1512
1449 1611
521 1051
822 1044
1296 645
1367 551
805 1321
682 491
1494 352
879 372
1230 1139
300 751
1684 968
1505 676
213 75
215 1368
514 77
627 434
1160 390
217 602
1483 115
558 760
1125 1694
1261 1348
847 1433
1608 1033
958 476
568 1077
1358 748
870 274
220 616
636 266
999 1350
415 301
1665 1186
221 97
1155 1358
1597 1219
351 1221
339 197
773 60
1436 1644
226 1399
458 1471
429 1404
405 1200
297 789
1344 1340
227 1049
1664 1548
1528 1447
1425 647
834 263
1365 1293
229 1461
1384 1514
1666 1357
1189 973
1243 227
537 939
234 989
1495 130
1229 1255
764 502
1507 1533
1378 684
237 1035
296 1047
418 99
320 1181
1387 1031
544 416
239 914
886 1689
818 79
1165 935
1011 930
679 1573
344 749
1423 1667
538 28
1159 1591
520 1180
892 1603
496 153
243 324
504 606
474 45
1183 1568
962 1479
1004 1576
1566 1125
245 928
868 885
426 1301
398 918
248 1258
1068 1549
871 190
680 1646
1669 34
249 1545
672 1287
302 980
461 122
1398 1252
368 1416
1017 558
252 308
1077 1274
1346 552
1247 1240
1452 176
380 1
1190 1565
315 1473
295 1247
1310 138
1656 728
578 1207
471 758
1121 1267
485 1439
615 1540
1678 278
1303 513
259 858
513 1150
262 1147
584 1227
978 256
1055 610
872 369
324 1520
1598 1543
983 1675
1056 790
1235 1395
1170 540
1570 73
935 1374
1393 332
728 243
640 1017
674 1262
285 945
1519 1620
1195 374
939 302
270 108
752 146
277 726
272 924
467 1075
1674 289
1254 1379
836 22
356 1500
1091 1114
534 1317
1361 1028
1345 335
1402 759
971 1013
1219 1516
1370 942
1446 280
1041 381
730 1513
446 1228
389 1402
366 379
602 896
1208 811
1256 1310
1228 851
800 666
960 1074
422 832
1454 326
562 1602
1065 1168
490 1215
663 963
289 584
390 485
1603 906
1532 398
287 554
1626 1050
1629 1024
292 570
977 765
1431 763
448 1304
1008 1684
832 1069
843 467
828 1303
459 1570
1207 240
918 448
1309 643
1287 1172
309 102
1672 674
1368 874
1638 1355
1063 619
1174 655
591 1312
1122 396
533 1589
314 1480
1226 218
524 1214
303 1230
1441 1665
304 569
770 82
1312 978
747 388
1339 1246
760 184
972 318
1628 436
1430 1636
846 673
950 1382
1414 1397
1352 327
742 375
1062 1203
1618 550
475 1553
565 1453
312 493
1349 1612
862 967
985 11
527 1456
965 198
1265 450
316 1347
1463 1507
1107 1132
1600 107
854 977
361 1528
1471 1192
777 88
318 1501
1484 1366
1604 1102
932 391
1559 532
816 2
554 1390
673 937
1382 1103
325 1498
1158 1698
326 1178
354 1164
453 192
1589 527
952 151
830 194
1591 86
1417 632
1105 206
328 149
1206 1582
610 72
1240 637
1429 269
332 662
943 1423
863 817
1614 560
333 1263
867 1179
624 1143
417 931
1563 857
1166 1248
1249 392
1479 1678
414 539
1497 182
1506 917
343 628
1132 89
1551 912
1214 999
552 1243
441 801
580 1071
600 1070
349 781
729 162
625 934
941 1081
1420 791
353 1634
1381 1076
1623 213
400 1517
1353 1001
572 919
1242 1408
1464 401
530 492
1525 456
360 975
1134 1464
362 1117
1288 33
1419 1352
1108 472
425 997
1025 1432
1640 408
913 67
644 180
460 1055
1366 283
1673 348
631 846
1518 1126
1448 1532
1592 358
1461 154
1676 226
1029 1064
464 1632
981 30
1110 1504
1580 630
1273 233
522 407
1223 715
924 459
829 880
1486 111
910 1305
1322 337
382 1306
1186 356
922 380
391 349
393 692
394 1193
635 222
454 1594
397 1669
1502 1251
1686 545
1435 827
402 1160
618 1443
771 1354
1496 1401
407 143
462 1030
1120 304
1523 501
989 994
1617 854
421 709
848 651
1281 265
658 1272
794 1475
1114 1037
412 117
803 868
1501 916
1116 95
502 438
423 469
1330 247
450 1556
1086 362
428 762
833 1096
1020 1356
432 990
434 445
1093 65
788 258
438 503
579 1260
1057 1155
629 1300
878 1650
582 242
804 507
642 1121
1101 118
1129 856
1187 1509
1369 882
1542 902
1072 1264
1275 66
1064 1322
984 1445
1118 971
489 120
603 1029
668 169
1146 753
1245 1542
885 713
532 582
1371 212
726 1036
657 470
1663 986
1145 774
1383 202
482 1173
1445 1452
1357 8
484 50
1194 1101
488 693
1360 1485
551 1522
1607 1078
1298 1116
494 659
1075 417
493 336
1038 1403
930 782
588 1628
1438 1105
622 660
903 1344
1311 98
725 307
1619 267
1022 907
1385 855
547 1327
1049 743
509 579
1137 620
1579 961
1259 1237
1550 343
979 460
748 1273
1632 1638
523 890
959 378
926 747
573 510
564 424
1593 1006
531 215
1544 103
1215 178
535 901
594 717
1271 439
733 1633
1279 156
1282 400
1314 1082
741 275
759 1286
553 123
1595 461
647 152
696 1590
1081 953
1639 207
1583 1269
1128 607
774 262
567 1481
793 119
569 1370
587 1696
864 325
1007 878
1335 993
1492 158
1662 1104
711 850
882 367
1630 697
1538 199
1123 591
948 605
1659 279
1202 1663
860 1281
597 1138
715 1122
1416 276
652 1466
1467 590
1300 354
1504 245
1521 1136
1182 221
956 1328
1179 1291
623 752
1569 36
1173 1363
1439 112
861 234
1412 737
1112 1297
719 1007
1376 718
763 1299
888 1688
656 216
1667 960
1389 1210
664 1320
1035 729
904 1142
667 644
840 1460
703 1059
811 849
1143 1362
1457 1424
880 41
1524 1288
1681 1217
701 1524
823 1476
798 453
718 504
723 54
1633 500
1602 1436
1615 520
735 238
1133 535
1399 518
1323 1683
842 13
782 1571
1648 3
1539 413
920 1654
915 1190
1572 373
1658 617
806 534
947 731
808 1107
890 1134
1304 1220
1080 31
1332 1149
1321 1579
1356 925
1010 528
1541 298
896 481
1127 1427
1533 471
986 1595
1002 870
1362 305
1549 597
1018 1307
1130 1296
1683 950
1233 414
1297 328
1336 1371
