0 993
1849 1828
1848 1477
3 248
4 1838
7 1099
8 847
1841 820
10 962
1840 1119
1839 922
12 1472
1838 1769
13 789
1837 1691
14 553
15 41
178 112
968 1537
1754 475
1364 1315
707 350
898 650
1619 537
76 504
1574 1726
466 774
1116 150
820 996
629 502
1 282
2 924
5 284
1847 352
6 715
1846 1291
1845 900
1844 1385
1842 1209
16 887
1836 382
1589 724
921 1050
540 1459
201 93
433 767
253 1415
1002 1061
135 538
589 1661
11 1783
1843 397
1717 1591
208 938
1205 1325
513 904
1235 456
445 1100
658 365
1525 889
1230 550
1246 569
1785 828
9 1775
17 307
1484 1057
837 1445
1448 152
1321 1427
630 392
765 911
260 1345
809 990
19 1252
1098 867
858 908
24 1055
975 837
1104 1138
379 1665
142 53
1772 467
539 49
860 559
335 293
1736 1744
408 464
1634 1251
103 836
1559 1188
965 1095
53 1369
971 245
18 1436
872 1635
1522 556
878 55
1024 1579
1550 939
190 1424
532 346
1641 510
1351 516
291 821
939 395
842 940
646 775
1271 1583
20 1497
106 1575
1699 1514
1068 1501
483 877
1633 557
942 624
1395 207
322 1254
22 436
690 272
384 1239
1820 1762
1161 486
51 572
1612 1457
1644 1297
870 639
1435 1147
1110 9
21 409
23 461
374 498
940 420
899 404
1706 1229
472 739
594 1190
1021 1273
238 1103
38 1087
824 107
944 717
216 531
1147 371
1293 784
1833 1418
25 367
479 391
811 1825
45 1767
1494 759
1512 1150
1196 808
26 806
834 1005
1185 1835
1015 947
849 994
903 1815
795 981
1088 1407
27 1647
1495 925
127 1580
612 754
1062 655
1076 1152
451 1673
1029 1203
654 1434
1086 11
1502 982
1249 1388
102 1043
1636 656
1687 1646
1649 1610
58 71
255 852
1411 618
28 1097
29 1565
1499 1015
1579 1167
1810 1442
299 786
967 1213
173 1746
748 291
1387 1492
1103 1455
523 1265
30 1671
468 400
637 1586
1727 1780
270 811
1123 1781
438 1143
1712 698
31 952
1831 1395
979 678
1018 1528
725 192
1485 314
1326 1028
1209 758
407 1509
848 1197
1055 158
32 512
1816 1166
151 921
591 450
211 1820
1160 1039
1821 2
403 1490
1661 746
1331 169
33 1179
43 485
705 1029
1534 422
1394 1027
960 258
1492 1719
294 1225
969 1834
1043 1846
1679 1391
34 864
881 141
61 685
1431 1246
1665 390
1584 535
1802 1105
1748 757
163 1453
1236 67
695 337
1008 1089
78 226
180 1443
342 1357
1768 815
149 1573
609 299
1734 1199
1715 1493
305 1724
1572 319
1019 640
1072 1404
1543 1186
715 23
35 1058
36 1413
37 1205
624 536
1229 1429
931 195
1412 393
341 1607
1312 232
1647 66
1168 1766
362 776
458 1108
67 636
897 968
1622 1113
319 219
1830 763
325 1751
461 849
1610 1381
1263 113
1334 1370
876 1602
1803 1662
494 919
1244 1603
862 1011
345 236
645 32
39 1572
932 213
933 1204
1148 35
663 884
622 1036
1709 620
571 1384
1261 1789
905 347
41 1016
210 1322
310 40
1102 1773
1050 437
148 1163
519 722
284 1212
1729 713
531 607
1439 13
219 1549
40 114
784 1541
1639 929
256 928
111 235
1212 472
1625 358
321 200
376 83
1166 1044
767 14
1357 104
817 1234
1454 1260
1258 1480
302 174
507 374
500 1263
917 1718
1097 287
1129 1734
1038 312
1624 264
1568 1123
183 1657
42 428
44 525
1828 1121
490 205
336 377
1587 1021
1033 61
1114 827
1458 1700
1490 702
814 693
1660 725
1756 349
923 542
46 434
1670 822
1747 1796
347 1596
1544 1558
1757 1471
47 1144
110 913
1418 321
822 1183
861 1845
296 1557
606 1201
129 541
300 1620
1474 126
138 682
1742 583
1111 241
548 561
1204 368
1601 0
96 250
48 1786
949 714
1478 1298
827 1402
487 1094
1521 1339
439 480
641 1392
1592 872
50 416
1724 628
390 1516
727 1185
1095 1013
1268 1042
170 1495
370 1705
49 917
1371 907
1755 517
431 427
1224 325
1174 1630
312 760
821 373
1745 273
356 630
1014 1790
52 1412
1090 1485
75 920
1106 961
502 1568
857 875
271 446
213 530
1819 45
1306 680
545 378
1700 1512
791 1759
866 24
497 1444
1338 1507
623 1086
761 1131
1283 1253
1287 1829
309 967
511 1032
1557 1484
1363 1091
801 1420
1817 868
1237 1500
54 462
55 408
189 1736
847 1555
1542 918
1152 804
1126 451
1576 1617
1590 43
56 1249
826 1141
1491 135
474 1451
1675 1491
1119 873
1285 1024
1637 1538
375 1668
57 1269
997 1778
1073 1636
1506 1266
1045 185
1617 586
1415 829
234 1149
393 1375
577 109
1243 1479
198 42
1118 1797
214 691
1451 289
509 163
326 343
906 788
59 1699
1407 1181
533 747
749 1482
169 1682
154 140
307 1481
1795 1782
642 7
833 1576
141 481
1289 1595
69 406
415 882
60 554
735 384
652 1101
430 237
671 1645
1613 1562
1594 546
1718 1569
1107 540
1006 1476
1084 259
1173 936
132 214
66 874
217 670
1366 863
1732 247
585 935
63 194
157 1753
1007 1047
123 1040
1778 883
247 859
1498 102
1004 858
1737 1009
193 187
1571 899
62 819
64 809
133 1588
385 1049
1799 1723
1052 1801
951 306
512 657
65 544
1200 1268
383 177
1423 322
124 222
398 1547
1180 681
1286 1731
1430 1794
1436 332
1280 228
481 972
248 1184
560 926
1618 790
239 914
1663 773
632 793
1599 1387
324 1519
250 494
1708 69
1509 611
841 738
787 493
331 1439
1332 246
68 1346
1109 491
1329 335
486 46
794 755
1226 1155
1719 1079
1203 1529
1304 216
1728 1306
919 951
268 1768
1078 413
1691 781
71 487
619 243
1339 551
220 1678
908 762
785 1510
72 1756
720 1650
686 448
1784 148
1789 188
1580 176
464 1037
454 1698
1217 1550
685 1361
70 1172
1142 119
1564 733
1437 1022
1681 1715
73 1738
218 901
1349 1133
215 127
301 721
1159 676
568 1310
516 645
1245 1083
1628 745
907 1757
1382 1347
1124 983
520 301
74 38
889 577
1232 1563
1398 433
1605 1211
1476 1483
308 179
1386 36
1305 598
241 810
1295 492
1381 1535
1264 26
760 1124
1566 1358
77 584
990 1489
449 447
1348 903
672 1430
1178 1206
631 1376
1266 1069
338 612
1781 1224
109 1344
611 443
1419 1737
823 402
79 783
459 1548
1031 1847
1672 82
1609 732
388 593
498 1689
726 1295
610 315
557 1802
549 363
710 412
287 1522
80 503
100 756
924 1534
1067 1104
81 1187
275 1813
877 124
1158 1340
280 742
1359 1505
1489 1821
1193 1174
1153 1281
83 1305
272 360
1631 1521
1731 1487
444 955
84 130
130 1366
400 144
1408 1544
395 570
371 1730
1234 453
89 478
82 587
85 290
1539 1520
316 1323
934 410
105 1048
1054 1631
1352 1441
1154 1754
1005 1628
1172 1632
480 1341
86 519
1036 625
984 1110
941 545
1215 327
290 1045
87 854
900 1540
838 1703
783 1275
1738 634
747 25
473 592
337 712
1048 1411
1777 441
116 261
262 295
1207 57
1140 1073
1783 1676
1760 1000
739 564
1722 1176
896 1328
88 215
90 626
955 1236
1030 1807
1472 1772
1832 100
1773 989
1583 1830
93 230
1210 356
99 513
850 1326
1585 181
696 1532
1113 173
613 159
1798 1283
863 1722
976 1448
91 1382
92 1546
282 730
1120 1468
158 1125
196 1195
153 603
1274 1117
1089 796
1413 131
1470 255
729 170
1558 116
698 1793
1034 801
411 1566
638 1159
1194 1431
1354 1221
126 1259
236 631
1668 304
119 1598
588 1280
1483 984
981 1426
1003 1378
855 548
1057 623
1046 1135
94 189
95 860
668 728
436 1139
298 869
712 964
1298 871
660 1093
460 1198
1010 1777
447 780
966 1599
1074 1831
391 429
846 254
462 431
1083 1321
97 518
491 1741
627 482
1066 1364
413 1585
417 1084
945 1334
1346 1644
233 1663
665 388
547 1397
1422 1191
904 969
703 1836
98 225
1510 927
1254 1241
713 1
525 662
1302 1824
1277 1629
782 1654
1425 477
777 376
1455 823
804 60
101 1025
1358 701
596 723
288 1841
565 748
529 1488
920 380
1071 1601
753 1232
224 974
1570 1745
1689 876
1782 1063
165 328
884 231
677 342
1053 1416
806 249
1307 750
363 895
1658 1001
174 414
987 99
414 843
1026 92
435 1004
552 1216
1079 457
913 1367
792 669
104 1365
205 1517
1621 1498
476 305
750 88
160 610
429 435
1749 1739
144 1118
1383 700
1356 1712
1143 206
107 1351
108 27
1695 986
416 1508
274 933
1297 278
1429 201
742 1679
401 151
527 22
910 1450
212 21
1141 199
1546 902
1291 666
1707 1798
1526 1403
1582 704
528 571
380 1075
922 515
807 329
112 1693
1343 168
683 1771
732 1672
1181 718
1169 421
1586 111
113 777
1688 317
175 147
1443 1697
245 679
1694 976
168 1333
1711 734
188 1132
1710 1338
772 1531
114 123
879 562
1092 1102
237 549
425 831
816 1020
1405 985
1698 524
488 1478
575 310
1632 1373
691 1327
1669 354
1655 430
1341 1743
1167 58
115 20
117 1041
1462 1164
1322 1419
1157 1308
118 1380
377 1604
1131 1659
818 270
1501 1594
1518 1552
1578 1217
1231 963
470 89
757 891
954 300
1447 180
958 1287
793 1168
815 106
563 52
1677 1634
625 1383
854 888
276 1428
874 142
962 689
873 1840
1310 411
1523 139
1739 1401
120 1539
121 1112
278 621
328 523
1648 949
1752 910
155 78
505 471
1267 1708
184 567
701 1710
122 483
314 1677
843 979
1367 770
988 1153
970 1808
1208 223
1602 1062
228 1475
1743 1052
1400 133
746 488
1505 966
544 94
566 1208
916 1272
125 269
991 1729
1603 1286
1480 740
145 394
1428 496
836 1330
176 1844
1242 1674
1162 1220
1273 1256
808 1223
1477 825
334 1140
714 1071
948 826
259 769
128 357
1620 1267
762 239
230 814
1629 965
1826 1504
875 652
1834 500
453 1785
1468 445
1533 573
927 1247
662 622
1497 1302
1013 1683
1567 1046
131 1175
1340 59
396 370
1432 912
856 707
603 257
1094 1227
441 1193
1115 1578
369 355
786 17
716 340
1716 850
518 1244
134 812
1487 848
409 988
1735 751
378 942
561 51
1682 980
974 605
514 1788
136 252
1758 729
315 1717
1540 1146
1788 1196
137 1811
556 1589
734 552
617 1592
578 1545
485 643
437 840
1466 1233
1223 1625
1815 703
615 696
961 311
1517 283
752 1092
140 473
1766 720
179 1329
926 1656
1233 101
1025 1137
1137 1331
946 1608
1720 108
676 1750
559 1255
1520 1414
1678 522
1214 663
972 204
865 72
1333 70
143 1026
1545 771
172 1660
1186 419
399 635
776 1017
277 221
1804 4
1132 1716
687 1619
937 588
553 210
1767 999
1410 589
231 145
1327 909
1671 1277
1666 1473
352 1031
1070 212
608 1116
139 1649
146 675
650 134
812 454
446 339
147 1053
649 197
595 807
1664 353
1135 345
1227 387
989 1612
246 1360
240 1839
952 638
1511 1109
1465 1304
150 1156
1812 1425
1000 1623
358 1145
1442 386
1753 1556
1656 532
152 1054
202 1030
829 1809
1426 1567
925 1470
892 308
768 336
604 1774
405 54
465 1833
463 1461
586 97
1222 146
699 379
484 1795
1569 217
333 1624
422 277
1365 839
1369 1614
744 1060
1806 1502
779 1622
456 1688
419 744
582 1335
156 302
1705 1713
1467 1235
831 1554
467 1271
1626 841
956 1584
953 1353
679 832
1353 458
1188 369
159 906
1299 1098
998 1525
1508 857
1595 1732
901 1142
600 499
864 1003
1179 1770
1577 12
655 162
780 294
161 1792
162 1301
1440 466
1028 1088
1337 1618
930 1008
1538 1034
819 1372
1686 1720
457 779
751 575
285 642
164 260
693 1667
771 361
550 167
728 62
1044 1816
166 1515
267 1465
167 1336
1255 459
743 659
1192 1389
957 1638
579 65
1714 47
1058 1023
1615 1173
303 1518
1457 677
1787 1474
366 1577
766 1127
666 1805
1397 1711
1117 1368
1701 323
171 1466
1099 1696
359 203
504 862
232 281
349 1742
392 1324
681 1533
258 797
724 440
1417 613
1650 506
558 816
1308 1390
546 1760
365 452
674 44
1704 1513
320 1018
1427 288
996 297
443 948
1673 547
1133 688
1493 881
1588 105
340 1290
1315 1114
754 276
177 1615
722 1072
1165 1511
1112 1449
1335 539
667 465
947 838
1459 87
813 501
684 80
404 1299
869 798
1744 303
317 1352
355 633
1600 597
455 641
740 233
830 737
181 1161
639 595
1614 1228
501 749
182 1136
1555 426
1623 959
389 1648
915 651
1593 673
1657 896
1421 155
1807 64
657 403
682 1593
1276 1371
580 1237
661 372
1284 423
1751 1129
185 1670
1690 898
1265 6
187 160
543 96
1399 1704
894 39
789 1810
186 1763
835 324
264 692
1532 1616
442 766
1823 508
890 320
1800 855
1552 1311
1554 1192
1659 8
1093 916
332 568
360 582
496 563
1597 1294
1640 1627
871 741
1269 138
367 468
191 1499
643 211
243 1006
192 1012
592 444
1105 166
803 227
530 861
1253 785
1702 761
1108 425
194 992
1347 1077
348 98
1324 1542
1409 1506
1416 1641
618 973
851 407
1438 596
1314 1134
469 998
195 932
1091 614
673 1526
1323 1065
828 121
197 171
569 1320
1360 576
756 1307
564 1826
1573 1122
1171 1642
1414 313
1027 1019
448 648
985 1400
199 198
1503 331
888 1405
200 362
281 405
1279 417
1290 1226
1824 1530
688 845
203 1460
351 690
313 1374
1486 497
1809 709
204 1687
1009 318
1813 1090
853 1082
1528 18
1776 279
206 578
1282 1639
1149 398
758 1464
1017 834
1725 164
1814 1752
1762 1250
1446 375
1296 616
982 892
207 1182
478 1410
1176 608
636 960
1461 946
1611 286
1320 91
1069 56
209 28
1775 1278
798 285
1796 385
1396 5
1391 802
1350 1303
708 1842
1184 76
1292 629
1805 31
1662 1276
1156 274
1385 1764
626 1776
1032 1560
1642 29
257 1749
406 1314
1270 495
1281 341
1464 1435
1482 1151
1741 153
943 1261
427 753
1536 1408
1125 316
1016 1218
1516 842
279 333
1374 1640
883 923
597 668
769 505
1713 309
702 1106
868 1799
1530 1812
1130 1814
304 1318
1764 813
1096 1421
1064 86
1771 120
635 34
1441 1194
221 389
1228 1210
778 879
242 1463
1190 1452
1138 1282
222 664
852 364
410 1120
223 870
1012 1207
1638 330
1127 268
1272 298
225 1348
736 1827
226 937
227 987
1345 865
339 68
229 1503
621 1349
963 1570
1606 1238
1596 851
704 1014
508 697
1811 1685
1336 1690
1288 265
1238 1559
1080 1157
1379 30
1654 244
1449 1170
918 1240
235 470
283 885
1551 1219
880 1666
364 1823
526 894
1082 609
731 830
859 1765
1392 1288
1770 765
1051 165
1377 683
886 1832
628 1684
1651 1721
1355 1440
244 1669
1547 1702
593 835
555 1597
574 1422
1047 1355
551 1486
522 439
995 1162
717 941
796 191
1763 1111
1424 716
1393 175
721 1200
882 1652
249 1343
1368 800
251 449
252 183
426 1257
1189 161
1275 957
1460 844
1042 1784
1653 890
983 695
254 1582
1311 1214
387 602
329 526
1591 705
1607 1728
1187 381
1100 1081
1145 818
928 768
323 560
1144 997
1206 604
1221 991
450 649
1473 521
261 1359
1023 726
1780 1837
800 1076
554 79
605 805
825 1818
263 1551
590 172
1330 674
1829 1791
1445 1675
265 351
1225 359
266 271
1183 1605
616 1651
602 1456
269 601
745 735
1683 292
1325 1085
775 1574
1765 74
381 156
1081 129
1475 1706
1121 1849
1496 1709
273 687
659 1070
1524 1270
1313 1462
1060 1664
318 1245
1692 1747
1519 1467
1575 1655
902 1231
1779 157
1303 1038
1646 208
1318 565
1150 1165
1342 1523
1759 1189
1259 132
1797 665
653 647
1300 1177
1375 590
1376 1128
893 1262
286 995
664 794
1761 1494
1041 1423
759 117
1213 186
1247 460
373 617
1380 63
289 280
1791 533
541 1293
1257 743
802 1417
737 1748
382 1010
1220 1398
292 710
648 184
599 1695
1301 711
293 149
1693 615
420 1437
895 1337
1549 727
295 1758
832 490
1075 1587
418 77
1453 240
297 1621
1139 1264
1643 731
730 95
1801 1160
1560 653
929 1292
1616 1561
386 654
781 238
680 958
1535 1363
440 33
368 1432
1835 1800
601 1243
567 1180
977 1350
738 110
1404 1279
718 1735
614 846
1049 366
1361 489
493 764
1039 1727
306 1309
534 75
741 1154
1199 1433
499 1469
993 853
1548 644
311 1354
1370 529
489 143
911 1454
1328 418
598 348
1191 661
1059 1080
1674 275
1726 484
773 1215
790 514
1164 182
1793 84
482 1564
1825 256
1241 1686
1195 507
1504 1447
477 338
432 1169
938 1115
1216 1611
1513 1126
986 1342
576 334
428 1536
327 196
788 37
1378 1300
633 1609
1774 1285
1155 224
330 1803
1562 1819
1294 455
1456 1637
1260 1067
1122 1553
1450 954
1316 509
1818 971
1481 1377
1471 1681
1790 396
1514 1527
1703 193
692 262
1769 415
503 599
343 970
1553 220
1604 85
694 1714
515 1248
1740 686
344 1178
346 438
1479 1399
1598 660
572 953
1389 178
350 1035
402 1613
1667 73
1676 833
1652 1653
912 1581
353 1438
354 1066
1680 1393
935 782
799 594
1218 1779
1250 81
357 1313
1608 326
1463 1806
573 1078
675 424
361 1317
810 463
1388 1733
1581 580
1065 10
763 975
583 1692
1198 658
1556 128
372 627
1645 115
1077 266
1344 1817
1515 736
521 671
797 1007
1085 344
845 1056
1627 1396
506 778
670 866
700 1701
570 103
1565 136
587 799
719 476
1792 1258
1630 945
755 817
973 1230
1170 1496
471 122
423 401
999 856
1262 1606
647 574
994 251
764 1725
394 1362
421 905
1746 209
774 897
397 253
1001 1626
620 930
839 606
1786 1680
885 15
891 585
669 792
1507 637
1175 581
1444 694
412 772
1635 880
1808 1658
1390 1332
1827 474
1563 944
424 915
1134 118
909 154
950 399
434 956
536 1312
1061 931
1317 442
1197 752
452 1074
844 469
1372 3
805 1130
1561 1524
1022 1316
537 1289
1146 934
1020 824
1730 1222
1035 383
1750 1458
840 202
535 1446
1202 566
1063 1843
542 1761
584 263
1182 632
1319 1296
1278 1590
475 787
1697 90
1248 1096
1309 1600
1037 619
1239 579
651 1242
1177 296
492 803
887 1543
1733 1755
495 1274
733 558
1420 48
914 1406
1488 1059
510 706
1684 795
1373 791
517 137
1529 1171
524 1107
1251 479
711 950
709 1379
538 1356
1452 555
1500 1707
1384 218
1685 527
1128 1822
1402 719
1201 520
644 1148
689 886
959 1694
562 1740
1136 591
1401 1064
706 684
1723 50
581 190
1240 1787
980 667
723 1571
1219 977
992 1386
1541 978
607 16
1056 1033
964 1848
640 234
1087 699
1211 1284
634 672
770 511
1011 1409
656 528
1151 943
1362 1051
1721 1068
867 1394
1696 125
678 1643
1527 19
1537 1002
936 1158
697 1633
1163 878
1040 1202
1252 543
1403 534
1101 267
1822 646
1433 432
1531 1804
1469 1319
1794 600
978 708
1256 229
1406 242
1434 893
