0 560
1699 554
2 1599
1698 1624
1697 1575
1696 1361
1695 496
1693 1254
8 543
9 1612
1691 1076
1690 1567
11 1142
1689 749
12 1027
13 807
1687 1237
14 816
1686 725
15 1030
178 1621
420 1595
1364 1464
397 1344
756 1300
1050 271
64 269
766 194
515 632
1583 1418
354 1396
439 442
418 239
1 515
3 139
4 192
5 383
1694 138
1692 1622
1688 870
16 188
1563 1279
1658 379
774 118
109 594
1338 984
519 953
1127 1251
685 979
736 1130
616 1121
378 616
6 990
7 569
17 1659
78 1080
839 359
327 565
1305 1367
1340 448
1299 1283
410 1255
512 1566
545 290
112 796
1560 1517
10 1453
1146 1600
1652 781
225 1048
1459 426
355 1493
992 787
678 1202
1548 932
299 1281
1057 578
19 1014
433 33
268 1490
1206 1088
1335 1444
633 618
1573 177
1601 972
1473 1603
885 1658
1351 1186
910 1644
1185 439
419 309
106 943
319 438
1085 769
47 313
1377 1222
681 1226
1157 706
1404 1545
350 1436
436 1248
157 1413
1165 649
1659 4
894 1174
597 672
1272 611
627 1204
1304 410
18 105
20 532
690 366
305 1634
848 1166
1498 1681
404 921
1552 591
1407 829
336 852
1557 1028
118 144
904 1521
22 273
498 588
783 894
542 550
760 1604
650 809
892 1000
21 603
369 135
1490 1230
688 1096
1509 243
604 69
1213 1167
1357 174
1205 1419
23 1056
893 72
1175 363
997 1586
1649 718
791 738
559 800
677 692
804 184
1202 652
25 917
278 596
1093 988
246 1183
472 1686
1564 967
1680 1542
105 1494
1021 721
169 344
1288 715
1108 1090
24 661
26 182
823 703
866 1095
758 10
315 1013
1631 1021
1419 1420
1003 480
689 187
1099 1240
89 545
110 321
99 567
113 989
1410 527
94 150
27 878
28 81
1499 620
589 87
286 615
1317 813
248 1149
813 663
156 158
486 599
521 872
1296 963
1681 58
175 1178
29 1454
1653 155
1233 558
927 463
577 508
241 1066
812 353
38 635
1016 853
514 564
1655 404
440 1317
30 1689
1209 522
507 402
1000 745
739 626
1333 548
1454 417
1361 1500
31 822
291 1399
1210 1070
1249 1307
1605 604
1162 102
261 861
1048 1543
810 11
939 330
386 1242
43 585
75 13
211 622
1219 446
642 1120
779 1223
638 333
1396 152
1443 1629
1060 918
421 901
1148 369
32 882
33 163
881 21
696 1025
557 836
1051 1168
625 1326
1584 1602
34 91
294 303
801 241
1284 451
461 1321
949 1116
845 640
87 1591
35 159
607 613
1174 1357
1461 642
1417 1148
36 95
1622 673
344 1580
727 30
57 40
807 880
603 263
856 805
37 453
1641 1647
966 1334
720 301
612 1672
1315 1432
385 5
463 90
497 510
1189 226
259 1073
1618 763
906 208
706 228
651 682
943 905
820 536
168 312
811 1280
1526 47
293 1047
434 1143
815 137
950 562
676 130
382 26
1617 1078
384 662
680 544
352 778
413 945
643 1104
1502 215
39 225
40 37
1036 1209
671 1133
1231 1645
1293 25
637 762
1221 1337
673 1093
1291 1057
370 1572
669 689
809 1628
208 260
762 570
1150 156
874 1039
592 1560
1635 1675
1525 475
1230 1084
1250 551
135 908
1088 1458
480 386
42 89
1145 685
726 450
494 1678
1614 1504
41 1370
1575 653
1458 1098
995 1049
1406 666
254 317
450 1092
1023 1004
1453 857
579 1449
1047 1506
44 398
121 1353
1151 396
654 968
571 101
540 406
872 1696
45 1267
819 375
73 903
907 869
376 860
46 1557
827 466
142 1053
1327 115
1107 955
961 1158
1141 624
1263 1437
1012 262
1320 86
1477 1214
230 930
1408 388
976 1398
1468 502
122 103
683 877
48 207
491 1314
249 146
415 1256
1574 780
743 688
511 1298
1038 992
267 470
1301 1217
1290 1282
1368 1440
49 1347
1303 1552
697 164
1437 1663
659 1144
1324 1170
1580 601
50 782
936 1197
755 267
1142 441
391 707
1349 110
876 709
51 906
1348 1412
666 201
1201 210
737 282
916 1236
1058 1611
205 699
786 1296
274 1589
850 1063
917 1526
1465 580
1294 326
1566 142
691 669
991 1103
143 50
725 1207
1581 1601
1646 376
1083 1640
925 717
52 185
53 481
1401 744
1539 530
923 997
617 991
1254 1001
1225 461
675 1649
462 1376
1089 1132
368 834
453 116
55 140
188 370
457 332
448 1496
970 1247
260 1533
1607 1635
1100 1485
1375 73
963 1243
445 405
1625 1157
405 381
425 637
54 467
56 648
1044 1654
946 774
160 1404
107 701
1153 752
1521 1040
58 1245
1514 885
475 1473
941 922
1594 1638
959 1263
1382 1680
301 35
1678 814
308 454
1358 790
1275 1061
124 849
60 684
529 705
1474 1386
438 1402
1262 950
1256 799
940 605
61 765
195 1429
955 619
1172 720
207 23
1173 941
119 656
272 1674
59 100
858 937
310 1075
235 1338
114 1661
624 490
1416 79
1515 727
1372 1115
645 933
734 912
1007 1524
250 664
576 472
180 1192
63 132
276 20
898 1228
1392 362
302 1457
614 68
922 584
283 1032
630 447
1181 698
931 1007
1456 169
62 1355
1200 647
253 964
499 1301
1422 919
609 768
787 866
778 51
1623 348
65 222
1286 1181
1169 1131
1138 547
1019 621
1071 1
958 1191
585 867
780 891
1606 696
130 1218
1326 1377
476 602
67 229
236 433
993 716
1119 1339
704 1138
868 1352
1452 1462
66 1642
68 1162
247 1562
104 318
556 1482
209 1290
1123 1227
1278 1062
693 897
897 576
888 851
213 1327
69 1363
333 517
1102 131
98 600
901 1466
1451 469
1585 358
853 775
470 1677
93 197
905 15
710 399
1321 1045
198 1221
1137 983
70 746
563 143
566 1608
1466 1153
231 346
182 1180
731 1064
1411 677
684 77
493 28
424 634
320 1044
468 1265
443 324
553 1656
71 298
349 117
1101 145
1062 625
608 757
1129 1335
155 217
887 1618
1076 202
554 986
1555 78
467 1660
1081 712
1633 1535
74 486
655 549
460 1401
606 1146
912 1555
1389 1569
975 695
775 173
1608 1235
1535 708
692 1610
1159 416
72 27
944 936
1252 675
634 944
628 608
1313 32
1390 1596
1427 1438
1034 1034
1370 1269
1082 694
990 1606
238 296
375 258
200 491
171 52
1513 1546
279 55
574 1573
1306 395
1260 631
76 1676
77 1536
1323 1455
1447 533
1642 704
996 514
364 165
1245 408
334 876
799 1652
1098 555
82 1287
1433 178
242 1372
945 820
1318 783
1424 993
488 76
417 500
879 638
732 16
197 854
127 1077
79 354
81 148
275 1388
280 1042
1388 300
663 1250
459 171
1494 119
1612 524
1136 1310
639 863
381 1693
528 521
373 665
1155 335
80 1487
83 655
1636 1385
911 737
88 168
406 700
1309 884
1399 1284
1534 1469
1677 830
1030 1234
1271 1582
1508 84
84 1522
1059 630
500 365
890 479
1645 288
1634 1114
1247 1134
889 283
536 607
447 1447
682 186
851 1382
1632 218
506 38
427 593
661 1165
482 826
602 504
1208 1229
85 1617
86 1520
1561 109
1462 1443
1421 291
662 126
1409 821
1084 892
745 1626
239 969
1264 788
408 1332
1483 643
335 393
1253 1308
496 1179
1005 1685
830 1319
1609 1094
1163 1306
1113 297
578 846
90 592
1383 962
1056 1369
323 1529
982 1163
1331 1571
91 147
1310 925
342 835
357 302
1066 977
269 1231
1022 996
1637 526
1478 956
590 307
92 1559
508 1038
297 671
399 534
626 1627
1087 858
1045 464
1027 94
430 1304
837 1507
1398 329
372 200
767 938
1570 1544
1616 1592
1628 795
1285 818
1197 114
1586 484
1196 1411
266 639
1212 1122
240 976
730 801
660 1539
699 612
1164 18
96 205
967 1480
452 1206
1385 1069
1266 9
1590 1637
504 1112
1597 339
256 373
95 798
97 1576
483 175
380 511
1184 294
1663 411
1679 66
713 714
411 305
1522 1655
288 1431
615 732
1302 206
629 758
1277 412
170 609
307 253
298 730
665 767
1246 1079
455 306
987 1291
1558 958
311 595
179 724
1654 1694
1220 292
586 915
928 1547
196 1495
100 1017
101 427
343 1220
222 1375
909 236
1109 45
1042 419
838 59
102 41
541 512
173 327
153 338
1115 948
219 352
103 1302
1578 538
599 372
416 1664
1043 124
1248 755
558 895
1381 420
361 994
136 879
1161 1491
321 112
325 817
147 1483
841 293
1015 1020
568 1333
1337 1498
374 22
1067 1405
282 340
1670 751
273 357
513 6
1178 792
1486 246
1484 1350
527 1563
108 1578
1666 1303
593 1177
781 1024
1540 456
203 980
873 1525
423 1679
1685 1253
635 287
761 985
796 1470
322 70
1270 693
210 1523
980 1246
1374 753
495 810
933 1312
1343 374
824 1650
738 659
1643 1668
331 394
1063 1643
1531 478
341 680
611 1259
1194 240
709 1423
840 1137
1571 493
148 219
487 507
111 1106
797 1107
442 819
802 1550
191 1111
187 1391
1599 96
367 1008
444 920
115 1446
986 916
1503 238
281 136
244 1445
835 1697
1588 397
1516 1293
530 1481
116 1087
537 1036
131 736
1426 259
1627 400
806 629
539 568
1446 1510
1097 546
794 1541
1029 574
543 108
117 766
855 582
1440 1105
751 954
555 841
477 575
1073 1101
1112 1410
1464 1330
1020 731
125 1261
1170 212
1068 1109
1475 1631
1237 249
921 60
154 204
1684 455
120 761
123 1346
753 495
777 1208
1546 815
1460 844
174 17
126 1407
359 1666
1092 1452
552 99
217 498
1562 1648
884 485
330 518
1620 1691
1638 1478
968 1278
1004 1051
862 1102
128 823
598 1201
1400 951
816 886
129 170
469 1492
1369 1471
1445 1379
964 772
1403 75
1472 24
649 833
525 436
1523 525
1439 345
456 1421
1139 1430
1218 342
770 1636
132 1136
1024 520
595 1577
701 1389
133 121
1487 415
1032 231
1259 686
772 1011
134 368
1405 559
746 650
1517 74
228 0
262 452
1046 1002
1039 390
1553 577
1619 268
842 129
1621 940
769 250
383 1041
1488 160
1311 254
985 1434
1467 127
1114 387
1648 1348
137 610
138 651
564 573
1395 106
883 1099
479 1189
763 1343
1192 299
141 1052
403 494
719 1505
956 657
891 513
1470 889
740 341
140 839
526 1055
1441 1351
702 1309
139 627
1596 802
1203 883
1582 247
263 881
754 1609
1243 614
1644 1613
1031 151
1529 1615
718 1012
151 385
145 1311
549 1275
394 1046
1485 1548
561 1340
1682 1465
146 180
1432 424
601 284
1510 430
1328 220
1217 1690
1489 779
836 644
741 64
144 1108
1135 67
548 34
1579 1022
1298 1086
1229 1682
149 191
1676 61
828 355
1091 1224
1106 531
163 489
1598 62
1242 31
1344 1126
489 172
974 279
1055 351
1463 1276
1006 1623
150 961
1533 474
532 645
953 1426
152 909
1604 1468
277 808
1147 847
583 1531
708 458
218 234
1236 1203
1149 1124
789 434
1261 683
1512 902
1168 134
1444 747
356 978
1041 1005
158 473
1177 111
938 981
1077 482
1096 1035
764 579
159 1195
869 440
749 1558
1026 711
581 1139
1511 380
161 1198
162 421
679 83
817 371
431 571
1669 477
687 1417
164 1512
776 216
1052 633
560 162
185 890
165 1059
785 409
1267 334
962 911
1491 831
1329 914
167 49
1577 97
1241 1549
712 904
969 1147
658 722
166 1474
347 1072
1492 1354
1111 154
229 1442
861 181
1132 85
957 120
757 1200
1105 261
1602 391
251 1089
1355 1397
340 1518
309 995
620 46
172 1364
255 3
1167 1161
214 1574
575 676
1356 248
952 1665
1183 868
983 1479
1239 1415
1567 1160
979 837
1671 924
1274 1695
1075 128
1283 1129
1269 1329
716 855
1002 1519
429 926
176 122
1543 1653
1610 286
437 1249
1347 1515
723 1556
1476 275
224 429
177 1428
1014 1320
1207 198
622 53
407 487
1639 1156
765 773
852 713
902 457
1053 107
1128 157
471 825
1647 739
1380 987
870 864
1134 957
303 382
1013 422
181 203
358 636
908 1475
1182 471
1506 803
492 304
932 838
1204 133
752 316
183 1152
184 1461
1545 674
1166 1620
1626 959
1547 556
605 797
805 1315
1061 161
186 1597
371 213
1420 742
1198 859
1280 336
332 1083
942 1065
1423 113
1493 392
189 786
878 900
1186 1085
1258 1336
1193 702
1078 1150
1080 1019
1436 965
1008 1564
795 1274
929 1684
190 1215
857 56
1587 1366
192 1026
1334 1373
395 1598
1144 1006
748 1219
790 561
826 1257
1362 1113
193 1100
194 1499
1222 1187
264 1671
937 499
1519 418
618 265
1295 401
435 1692
449 756
871 1583
847 1016
1457 1295
1414 1670
798 1033
1308 505
1244 589
1360 325
875 1371
318 1641
1651 760
199 1289
814 982
1289 1502
1238 586
270 459
501 1155
1297 1497
1589 597
1336 776
877 907
914 1616
1550 123
1505 923
201 850
1325 1422
742 356
1520 1074
1033 1258
313 264
535 1534
202 1068
204 1060
346 590
803 1362
722 1264
750 840
1095 337
989 843
1037 896
1418 223
1569 1383
206 542
1140 506
1276 1530
784 1451
1079 1285
854 1313
1673 771
623 1091
1428 153
646 1489
212 1123
1576 349
363 196
402 1425
1126 1673
1332 1058
1160 1322
1350 1110
886 1414
1425 1185
215 1588
1188 29
951 221
216 295
1660 1394
1227 539
1434 1435
1668 974
223 270
1415 875
900 845
670 1587
1090 735
220 1459
518 343
1481 1270
1117 1409
1143 587
1593 1365
1279 214
221 367
562 1037
1353 199
1528 1325
505 1184
1366 1593
478 1368
1257 1472
632 1271
339 535
1665 48
227 1467
705 824
226 65
1190 252
516 322
458 1171
664 628
954 1023
520 971
426 255
550 723
1378 999
1611 566
252 501
1387 1584
1495 873
924 1328
844 314
1345 43
1191 98
232 641
233 245
1379 537
973 581
234 476
1158 946
1240 1511
1040 1400
531 277
546 1667
694 488
474 1323
652 12
377 315
296 1513
1017 1551
1234 1135
481 183
237 1199
1504 1625
1316 1117
1346 1380
773 1294
1656 606
314 1527
306 1448
544 272
538 1118
243 1216
1121 1050
735 1633
641 167
245 1408
728 1509
1591 1699
295 413
899 828
832 1463
1171 377
1281 244
1496 583
392 887
1133 827
503 1241
257 444
1391 806
1497 898
401 1406
591 7
1074 311
1430 942
988 125
1438 734
485 483
258 668
919 935
1393 888
880 278
1507 1169
707 281
965 1651
1359 266
1480 1441
1544 276
1501 1424
1199 529
510 791
971 437
265 1182
1549 557
1386 1212
915 460
389 364
1010 777
396 1067
446 913
1228 949
312 754
271 468
1307 1356
285 1324
920 719
1615 44
393 1151
1341 1252
800 789
711 1381
631 1159
1683 1341
1450 1570
947 1605
1049 973
833 1003
834 1205
695 1029
1524 1225
978 939
1273 1619
1176 1297
1448 1594
714 1071
388 232
580 1141
284 670
1402 1395
422 1164
1603 1639
1232 1211
366 667
672 927
390 1565
788 274
1018 88
524 759
490 432
843 1528
621 509
287 92
1413 179
289 741
290 1145
1556 1140
1412 449
1118 389
292 242
1629 687
918 1508
1482 141
1226 748
972 280
1287 320
1672 874
1319 1239
1235 1614
948 794
300 1082
759 1374
1265 1488
533 1378
1195 970
304 1439
1069 1316
570 323
648 57
729 1260
1011 425
522 928
1530 811
1613 691
930 190
1527 54
1662 82
316 1009
849 1097
317 308
1551 319
1449 1450
1104 443
818 1553
1223 1125
1180 931
1479 1632
1600 1173
653 552
1009 710
1630 528
867 224
326 733
360 563
1054 1427
565 812
715 1360
328 1196
329 347
351 14
1103 1384
793 235
1224 553
324 195
1211 289
1500 572
619 623
596 1590
502 1232
441 1277
600 1213
1131 793
1215 1433
1216 1054
414 1358
337 785
338 1585
934 865
365 1537
454 679
1314 1568
572 435
636 8
721 19
398 328
1455 1305
345 770
1397 1266
656 1503
1367 1662
348 462
896 1393
1667 310
747 1392
859 1268
353 1345
703 503
551 1646
1469 1128
1363 910
582 403
362 361
644 726
1094 256
1640 42
825 1299
1592 1630
994 1460
428 1486
464 842
1624 1501
829 1176
926 1018
667 227
984 998
846 39
1429 1387
379 497
1120 519
610 658
1214 952
387 230
1435 1687
1554 63
1352 1043
1572 1233
1664 523
821 1194
1300 285
517 541
981 209
771 445
1674 1175
1292 193
864 1516
400 1262
913 1579
409 166
1116 966
613 856
1537 1238
640 1031
1035 660
999 646
1086 1698
412 728
1342 360
647 1172
792 80
657 893
1001 431
1384 1286
1650 540
724 764
1130 1190
1070 862
700 378
768 934
831 729
465 1119
432 516
1187 1607
1542 104
1471 1561
733 899
1565 929
1255 93
569 1476
1442 1403
668 1477
473 750
451 36
1568 1349
1371 1331
717 492
1330 743
466 1532
977 1342
594 960
587 1288
534 1581
484 740
1065 1188
1559 1416
686 804
674 1010
547 1015
588 1273
1661 1540
1028 71
1110 1484
935 1657
1376 1081
509 384
1154 947
1354 331
1282 1154
1072 1210
1064 832
960 1193
567 697
523 350
1394 407
1339 189
863 1456
1122 1554
1156 975
903 1538
573 1688
1268 654
1536 2
1675 1514
1179 1669
822 871
1025 1390
1431 617
808 784
860 423
584 237
998 1683
1365 690
1251 211
1124 598
1518 428
1125 678
1595 1127
698 1318
1322 848
782 681
1152 1244
865 1292
744 176
1657 1272
1373 465
882 149
895 251
1538 233
1541 1359
1532 257
1312 414
