964 1410
623 796
1160 922
89 700
1689 9
1248 170
376 310
12 1388
728 1627
160 278
1255 1389
1220 295
481 422
1585 6
341 965
1135 500
1075 1668
1631 1587
1051 282
337 139
1413 572
264 209
226 520
562 566
216 1661
686 1523
66 1213
56 27
842 1064
1150 1307
132 92
801 319
1189 697
523 1642
723 1632
361 671
1213 644
1229 171
1063 146
1047 1104
187 951
1162 1337
819 1689
536 1508
1200 1260
1218 667
871 258
1295 634
1281 1181
871 184
687 1389
811 3
1366 596
1060 494
1584 860
1083 1342
99 761
226 943
1562 525
886 475
1255 672
461 222
555 1262
606 47
815 1553
671 1615
636 1256
497 1061
1304 857
88 229
358 1176
751 1063
769 1425
518 623
730 1646
16 1039
528 948
1178 389
1429 796
678 1067
281 261
44 564
1533 1355
471 11
42 1003
1238 401
1513 1659
1416 340
1671 1086
1026 236
743 1033
794 30
823 820
76 746
404 1292
1304 1271
484 328
792 376
1436 126
1268 752
359 451
255 148
776 775
709 177
1112 645
664 589
435 564
1080 1692
1220 329
233 16
1588 311
300 1696
603 1442
1633 1342
1175 1529
273 1534
240 1047
730 1463
1272 775
330 1670
17 579
127 1431
1352 445
1647 1051
1170 1473
152 1231
1677 629
33 1213
1129 24
1231 870
652 1240
1684 1358
1023 299
553 301
599 1151
1241 103
1312 1460
1522 860
626 969
879 445
1593 1228
1101 253
1208 155
1299 484
1022 723
822 953
569 1136
265 365
824 1604
1436 1285
447 542
974 1510
143 1012
1167 1175
1324 353
392 506
1473 249
1546 1126
400 396
753 1620
1665 916
707 603
356 890
634 937
1569 873
77 845
1532 274
184 648
920 165
66 582
1078 1109
699 1310
880 1141
1069 1138
286 1346
35 822
1030 1039
391 1194
905 1181
1483 749
665 874
82 365
476 1551
232 131
243 694
1513 1524
436 545
92 1227
1328 1462
779 1333
361 1619
1639 1619
1470 966
891 472
1114 1362
281 406
1217 60
1348 956
594 1083
770 78
559 1412
871 138
243 747
1341 65
929 133
327 1375
448 131
757 1189
1026 1019
477 1382
935 1082
451 1167
525 138
1317 286
1557 1494
1187 928
611 829
1406 1226
1584 1436
1487 568
835 1233
315 1173
1174 1515
333 1650
1561 211
1101 1317
844 128
1257 51
150 768
1119 1099
1171 308
294 1018
1072 514
1438 911
1333 133
770 1345
323 547
1459 1536
1565 1175
688 1037
854 59
705 368
985 1580
953 1326
341 316
483 1386
596 1059
52 829
1534 530
246 40
1064 1448
965 881
1630 957
1614 1201
1634 961
1682 63
301 1525
544 985
1554 728
1167 1451
449 486
1479 1167
936 994
771 737
857 1356
1579 404
1497 1333
1532 813
1464 194
219 1178
181 314
718 340
78 959
1624 408
993 1047
606 1199
125 878
185 1663
79 1147
284 1051
1044 947
1301 1306
1064 105
1086 456
302 1406
446 297
912 1350
1348 760
618 30
617 964
574 1003
629 1004
670 1339
648 646
220 1547
1399 1648
1413 271
1263 491
333 194
68 1441
1325 177
523 963
544 357
1550 404
1204 804
678 59
1215 1052
193 1693
680 651
594 508
76 1296
867 397
707 1591
1346 1234
868 1618
1288 926
340 1252
597 814
896 1472
1516 122
552 787
124 1241
442 1488
946 390
275 4
601 880
509 1374
722 584
378 672
1314 366
528 1102
268 1442
953 1340
237 620
990 367
871 1100
1289 1594
57 706
839 12
1648 1486
596 544
952 345
1197 1660
1628 1340
1252 894
472 921
736 1166
1421 262
632 281
1458 477
1591 1569
1253 1182
695 65
1292 854
330 1227
561 142
701 1429
1518 1427
493 1308
367 583
651 749
761 879
868 907
1264 1193
888 939
1189 444
986 1124
1272 115
219 642
569 648
151 1194
1356 1057
1217 863
1201 1394
1341 1298
163 410
1120 1613
1138 586
973 731
775 1312
592 1050
140 691
551 636
1426 1304
573 1220
890 685
880 38
512 1461
1409 312
738 691
174 1359
1031 744
786 1008
469 478
847 761
94 209
238 580
355 269
1017 1305
1001 435
1548 408
34 821
282 364
1204 1590
1174 1684
177 1615
1209 912
1496 1263
799 1236
1232 1375
387 1006
1195 1067
1690 1492
1575 1527
308 277
1561 405
1225 894
461 577
1106 1449
1391 1227
923 610
1586 482
235 784
1191 1116
1493 873
639 349
973 273
954 1387
418 395
427 548
49 343
800 88
712 355
993 741
556 573
1601 747
543 630
1403 857
489 39
1457 1232
1598 71
767 1542
367 831
521 1692
9 833
322 209
291 1402
1215 351
521 499
510 1373
751 296
411 714
343 804
673 1345
15 1089
1654 780
865 613
120 1177
56 823
1073 223
1405 697
457 472
953 842
79 678
921 110
1580 318
13 1211
354 462
440 724
587 1364
434 632
1609 1365
133 1316
889 1506
856 706
839 617
1168 1537
691 643
375 103
1687 578
1657 580
721 1560
80 1107
962 348
1395 909
370 1655
638 356
656 601
1052 1222
826 289
664 922
572 80
392 785
1512 655
726 223
447 294
1041 117
985 870
1248 1315
100 887
1353 708
755 1615
468 45
1380 197
355 86
592 945
527 288
734 707
308 1362
1063 338
409 1355
1130 275
196 664
244 175
608 310
171 1050
843 1192
270 970
1035 1301
1472 143
997 670
323 1672
1671 1516
1125 1258
1182 918
354 420
1122 671
611 1660
554 1548
138 1131
1186 417
1043 1234
757 660
1617 454
1016 1684
1519 799
695 203
1479 967
324 419
532 1212
1660 1682
969 1543
981 1321
120 763
1326 1479
1288 747
1503 1220
152 692
1185 459
1306 1132
36 987
1594 80
398 846
1179 1434
1127 1562
933 1261
1173 547
1242 821
132 1068
688 1496
1133 926
1529 1405
44 1453
1629 53
453 661
568 214
516 214
1544 872
1386 245
1286 75
729 1255
140 638
803 504
721 513
1075 879
259 971
1435 1514
1600 1027
1172 1167
809 659
140 1454
1401 227
1169 1522
1634 975
885 937
287 960
1306 494
1149 810
1403 1382
439 1158
1668 561
647 446
1595 262
1575 1428
385 1017
1152 1169
965 123
1637 1583
35 1506
1612 1578
1551 419
955 135
1448 1008
989 1330
35 1460
740 564
532 927
1163 346
1004 210
1318 1359
822 1576
782 690
1014 983
381 423
76 1610
1612 256
1462 1306
109 589
74 962
248 1293
57 1524
882 697
961 128
811 1085
1558 664
1007 1099
1462 860
490 810
530 487
1101 1580
775 421
259 110
46 1464
252 1621
1613 508
794 1067
69 1598
1308 696
1240 808
1209 589
1177 766
585 504
8 1382
1626 1203
1085 1528
985 1464
532 874
1363 1320
951 701
565 392
1463 1527
310 679
734 1539
1336 1671
1566 714
650 1183
129 346
1485 384
1568 1600
191 1223
476 1581
788 100
525 1552
430 554
104 948
764 1506
432 868
1149 1402
1131 171
1102 778
1669 1120
1310 1084
379 1576
978 1568
1396 1319
1399 890
1169 1273
354 1666
907 1459
407 606
725 851
13 312
1254 52
423 1597
1433 1181
1387 1300
1666 420
3 713
874 119
1296 645
1583 1245
153 1089
704 1385
1608 1132
664 1209
1089 895
168 1585
36 25
185 660
1030 717
858 993
1048 1685
1015 1108
1166 1103
585 33
675 771
1472 88
792 644
1545 90
545 391
876 421
791 523
1009 1387
616 337
1031 1092
410 1099
667 1613
1173 507
1049 1666
1110 1526
1075 59
946 357
502 1331
745 1085
830 29
1660 934
12 686
1332 541
686 383
128 1427
967 1233
562 1391
1412 929
380 1093
1307 71
511 1248
416 1142
794 1501
1551 1441
1342 1366
1233 389
811 1170
457 1048
894 793
30 324
1169 1499
62 259
1310 1246
1355 1699
82 1146
50 738
859 148
581 1526
640 1386
1268 491
1048 82
311 168
1108 1365
1106 29
1333 627
1336 1688
461 973
827 1103
710 65
1498 1501
525 887
561 1374
195 1149
213 1088
371 1559
1341 847
137 425
330 1520
1274 1670
991 881
1570 1009
1563 1365
394 1050
58 924
154 79
441 1531
244 1241
109 1512
1213 1255
390 1643
716 424
595 1394
903 1195
936 1601
235 1621
116 796
18 1586
144 1042
1386 59
417 334
171 1474
14 756
1412 1395
779 531
1684 383
293 1592
269 313
1698 1243
201 1459
1338 1283
1452 1347
579 620
1063 1275
1114 1072
174 1608
232 866
184 118
27 1300
225 921
822 1588
713 1528
1472 81
1072 1417
40 784
742 852
704 829
39 824
1103 1027
724 72
291 179
123 868
662 749
1406 1643
1062 1308
1641 867
392 1454
863 1331
1596 549
639 1643
568 709
786 690
979 388
624 470
246 1287
1394 1384
167 687
700 170
1349 1327
687 1275
1660 572
1603 1563
1132 134
305 500
850 812
1603 1102
261 1159
414 698
1254 958
699 158
1106 884
133 322
66 876
1098 1405
1022 158
326 172
1177 870
1494 793
577 325
596 1254
614 708
1057 936
1579 516
765 0
1600 130
332 851
1581 803
1044 301
55 1438
1342 729
1101 1621
985 206
804 1443
1333 1232
144 1635
769 731
387 716
673 1307
788 1538
938 670
509 564
234 1499
759 768
851 25
1520 202
225 1246
893 918
1004 39
928 1543
1627 599
215 1453
1084 608
1446 159
943 1295
1410 1011
225 150
240 993
1416 894
65 1271
689 711
393 957
1166 1500
1578 1447
101 1582
97 610
630 517
493 320
789 853
1084 915
1354 536
318 118
243 1691
1072 344
452 441
1004 1547
742 1678
284 10
293 1374
346 862
1069 430
1602 330
1667 966
708 1017
1195 1419
958 370
165 1604
1697 951
602 723
332 1258
1459 843
99 853
905 934
962 730
401 1666
1456 296
1458 221
1235 969
1135 1288
94 1281
678 1409
584 868
1065 874
338 745
511 906
874 67
1451 1154
633 190
1420 1198
631 1103
1361 579
439 250
572 1384
735 91
847 79
95 1060
1076 1677
591 917
970 495
1456 213
131 38
1202 419
1273 1536
1560 1668
943 807
1086 1457
1541 769
865 485
992 845
1280 808
1551 311
1415 974
741 1283
1582 200
1129 362
1483 1427
460 476
579 1429
515 907
72 1363
1668 272
1131 905
600 1612
591 676
363 1317
412 1168
813 1537
1656 1685
795 784
494 483
1675 603
99 24
1284 1021
1623 1580
1248 866
1622 599
1459 938
825 1271
1631 1195
1486 1462
460 956
949 839
1089 948
1356 1108
761 1221
917 1439
751 88
1285 1433
1673 572
397 1119
673 1249
1343 602
169 1056
183 872
62 156
174 1531
1617 56
526 1209
1089 1158
881 123
1694 1479
634 885
1017 1640
98 835
1461 1604
629 489
1577 171
1649 331
1349 1100
156 750
1003 1367
916 882
798 769
789 300
871 870
1316 1421
1490 160
1292 1117
1142 1427
798 1125
1013 1535
1361 43
1635 1009
1090 1379
19 421
900 27
620 665
1390 1199
36 390
311 1213
412 1373
364 281
1478 1350
1078 313
677 1121
1136 1677
697 684
1316 974
383 799
818 1655
1515 1054
1484 669
821 1460
225 927
772 185
1060 1051
1371 451
1693 158
10 1050
766 316
782 805
803 528
825 373
195 382
874 256
1371 1508
454 109
158 454
488 134
858 1368
962 1448
797 823
266 1319
604 1347
559 688
239 1289
1094 1559
623 52
202 1110
1139 710
981 261
881 1376
803 66
1184 704
846 454
1212 620
1152 1648
26 196
896 1672
1467 1158
502 1365
381 95
105 1514
723 536
624 257
1494 862
449 957
1078 212
159 1528
931 684
1258 1452
707 295
900 1057
1669 104
1577 818
860 373
630 1159
1208 1165
1022 1137
143 1579
99 879
1127 989
543 72
383 1438
297 82
406 899
1693 1137
1331 1199
1060 777
144 1006
161 213
738 184
501 348
488 816
514 595
784 329
975 633
132 431
804 1056
1311 1387
177 655
1620 948
111 1065
771 685
1424 724
1266 1469
971 1442
257 1489
787 1667
433 180
1104 408
601 1059
495 548
761 1066
847 1655
625 374
1238 1552
1010 538
993 1118
163 802
23 59
890 686
1612 1523
1116 969
1229 162
1276 80
1280 1039
1338 1513
579 1599
761 810
1410 1014
506 575
1090 813
208 1442
438 1223
1068 425
912 810
645 229
1688 1185
593 1355
1058 281
0 462
231 702
217 126
422 428
1511 113
1086 575
1494 1553
954 881
859 1600
424 1383
1540 1026
1215 682
449 432
1079 986
267 1442
1644 1033
493 1151
291 747
559 1529
480 472
1582 1209
157 1699
71 701
561 272
483 537
984 4
995 805
289 473
211 1646
1289 1380
1451 1224
1054 1066
715 471
1320 491
1661 774
1595 697
1217 1222
592 162
1598 116
1330 629
330 346
920 1433
514 875
525 819
384 526
186 787
1549 230
523 1419
754 847
172 1425
922 374
6 462
1624 73
92 387
200 1691
557 497
588 355
7 802
1090 409
764 387
247 743
1270 887
427 375
345 190
1213 876
515 1618
904 496
168 1044
1503 811
1157 118
1374 1116
1124 108
1683 890
33 1251
1497 637
1518 362
712 794
75 1020
1206 1621
1401 1591
454 797
1616 820
1456 1566
560 1329
803 688
1520 583
98 1466
659 1260
778 208
524 932
443 1177
117 530
1155 1412
1044 1629
159 782
1634 811
316 1010
1343 311
336 1206
78 1008
1162 1180
328 1078
99 1335
384 910
1361 38
602 1355
1083 585
1430 176
1623 823
235 651
359 360
521 480
935 1270
425 387
41 1532
1054 1592
65 621
1193 1438
142 546
299 246
493 1320
1219 237
755 290
896 1024
938 605
417 1386
728 436
972 930
769 615
1001 1547
5 1548
786 154
1047 688
614 1513
921 1246
1629 398
736 953
324 74
168 62
326 20
1137 158
805 1604
1002 1446
670 1199
1341 1173
985 46
940 1696
566 1298
687 302
1173 210
98 48
693 1565
741 1190
873 1664
1046 83
273 117
1441 65
915 159
1609 1680
359 539
201 1157
1197 1281
353 1202
810 1353
296 1503
736 868
1545 592
358 1553
178 608
952 238
1672 1113
538 1107
720 88
862 1242
1450 1523
427 525
325 611
1508 883
138 207
1525 1447
376 1416
1386 1018
253 686
585 398
686 853
560 1409
1533 172
1334 1053
1008 348
1357 1623
1092 419
577 1120
1238 477
609 1584
513 976
77 276
658 80
1004 1091
797 666
144 110
324 86
506 731
523 644
1189 857
631 1344
1564 167
336 826
252 1593
1687 441
410 830
1564 687
253 1527
417 1157
752 215
242 297
442 1240
302 639
592 832
135 491
620 1699
1172 169
353 693
299 364
467 987
630 35
156 939
797 625
400 1312
422 1172
361 947
1388 1308
142 63
715 158
1236 1428
923 903
187 296
295 678
44 755
1497 929
704 143
988 654
908 1336
207 828
741 1412
560 234
995 1003
1525 1578
85 915
438 407
645 861
1688 289
1483 1674
506 1105
429 1260
1221 202
1449 1332
572 319
1386 142
525 164
1429 125
60 318
596 894
1434 345
1478 1372
676 1387
258 1027
1052 407
456 1556
217 293
1665 447
1373 896
275 1555
254 1051
1321 969
526 1305
1449 1433
738 674
47 1679
892 678
301 1542
1562 1293
191 210
1062 315
435 1318
412 1332
177 357
225 110
149 727
871 1417
759 219
80 965
754 1335
1415 746
1215 573
85 1138
1411 664
1460 156
450 742
1499 1659
427 999
690 1350
1060 1284
26 780
1210 1686
20 1636
969 1532
1221 551
538 1034
1131 617
614 1384
916 96
205 552
1526 255
1334 1607
379 531
247 468
1503 1696
1118 61
687 808
1140 1307
941 869
209 668
871 701
1076 629
109 490
46 377
1682 710
506 216
1005 817
1528 1263
602 323
468 996
636 657
804 777
1147 239
713 1326
1400 1344
1459 1582
1329 1584
893 1245
541 1057
1645 840
1507 454
993 1028
62 1393
66 64
1465 83
731 1502
900 123
207 611
725 283
725 564
520 477
169 49
332 827
1526 148
778 1591
1287 784
809 827
261 925
735 1079
606 1157
173 584
816 677
1362 756
1264 1475
1459 1523
1114 1151
623 1113
778 291
1176 144
1199 1339
101 926
1288 694
829 1452
1358 119
896 1666
73 364
921 768
1374 1645
979 708
1493 1101
499 1186
377 57
870 295
942 1381
681 985
1058 452
478 96
1323 710
706 738
935 526
1214 1380
1024 1583
1056 1338
212 47
1015 601
1645 1614
79 666
611 582
3 249
1485 905
76 1616
511 216
91 417
23 643
1554 39
1633 1657
1171 1216
1133 1095
1656 433
1087 127
430 1058
1628 793
1464 1067
1008 51
1662 21
774 314
412 1017
434 1333
456 1005
1377 241
1435 420
157 1163
256 704
306 433
338 1170
994 1601
1221 606
1678 638
324 1202
826 1466
1448 856
1069 979
744 957
1305 1621
144 1175
779 1455
554 1236
1675 16
238 498
534 779
1116 1517
1622 307
1019 736
979 1344
310 676
222 1316
553 1153
1455 1435
1089 126
566 1076
598 518
1466 1519
687 1223
1048 315
1455 105
1191 848
1388 1373
192 1183
1229 1474
162 385
476 843
872 300
1254 110
1345 1039
1304 400
841 1186
352 1572
1266 1123
1093 1451
253 1378
1242 775
1655 1003
929 753
1079 230
197 1537
1560 561
718 638
1140 1077
0 75
1391 1251
461 467
471 710
1145 661
764 1417
571 67
1352 279
457 1285
672 715
1653 2
1210 1288
195 900
765 89
354 497
419 1253
1405 680
952 1530
809 405
1608 686
586 437
823 1490
1084 1063
1565 500
1410 522
76 1415
1486 1522
14 444
414 1355
679 1419
1344 1653
978 976
1607 1094
1331 318
578 800
1666 1356
964 100
149 1598
1126 1217
1313 1143
1342 1230
1069 676
1359 189
1532 103
1473 3
926 1691
816 134
980 407
1319 471
754 976
1071 163
1266 1637
199 1463
1427 722
371 363
1134 156
666 258
589 1613
883 2
1169 1584
343 1590
1291 1430
1455 515
111 85
1173 548
781 553
704 1260
992 148
1665 440
1126 1254
1097 1315
734 846
85 1212
33 36
499 146
1502 870
1250 994
662 321
1137 99
1034 173
1075 561
29 109
1685 1116
1485 340
1525 1506
540 1139
1672 1418
1555 204
397 1049
921 661
1388 1333
1084 354
906 184
983 125
532 168
770 820
334 38
1113 1175
1015 0
580 663
1416 1225
1235 607
384 630
571 381
247 1600
1420 1611
1006 1222
17 769
1031 1396
304 641
19 33
1323 740
812 1241
1439 1154
89 355
271 1130
406 697
629 1547
1281 934
924 463
209 1625
920 284
1153 931
1080 1509
884 466
193 1154
1331 301
1010 1329
295 1103
1553 1302
884 1366
1321 617
1156 1360
1531 679
1462 1322
1346 134
228 235
1143 205
1571 901
1171 1421
92 59
43 142
203 56
457 1509
240 1314
905 40
468 138
784 44
751 573
1187 103
1602 109
17 1105
658 1053
707 194
517 243
37 1651
531 449
813 416
1263 394
1020 76
1596 1552
805 466
892 293
1545 162
549 1643
1558 1248
1021 1381
1241 1541
270 869
9 1615
322 1216
752 429
290 789
1106 284
632 929
1570 1148
952 289
399 1269
564 1615
416 1096
245 286
344 138
51 142
1308 172
1657 1468
1385 73
291 1484
1219 1502
196 101
324 1035
775 1475
568 317
1086 1016
1436 1247
808 1345
490 912
17 1344
568 329
905 1573
129 196
702 522
1188 363
1527 1378
35 147
115 1204
1182 232
1338 1155
426 417
1557 1689
5 885
1325 564
1646 428
1451 180
66 151
540 427
208 268
1342 576
1278 286
1211 881
833 18
1680 545
1541 1481
785 210
1237 1373
752 703
191 39
881 1440
1623 1013
1045 1140
501 1514
814 1015
53 153
706 1538
1153 1352
474 806
269 415
992 1434
401 1435
1136 785
544 793
1079 858
1125 85
175 263
1003 59
46 1580
1488 70
1607 1650
1533 254
1338 1368
1287 1583
376 462
491 1229
1270 42
525 1072
1239 1065
1146 1290
983 475
529 1631
972 1660
68 971
1221 648
1643 1385
1678 1009
5 807
491 592
1343 1445
252 1382
284 789
252 186
1593 1640
314 653
376 415
939 1387
1644 892
437 1534
1496 1567
1014 474
150 574
255 1539
1369 463
594 687
164 1278
1388 1585
1556 1476
875 828
323 296
826 58
1297 653
907 201
1447 1458
223 720
1436 1038
873 914
1677 547
1581 85
226 1542
348 322
148 1229
888 1669
150 1529
250 32
386 1699
244 789
762 550
1119 549
1560 1055
516 899
434 327
1487 1381
1094 1325
45 1443
537 142
1045 1071
1053 994
307 249
882 262
1181 50
990 286
803 263
1506 389
69 112
1092 259
1461 1028
1138 1199
137 1407
1065 1212
114 1076
420 105
1606 598
1292 810
734 603
1249 1039
999 263
929 1333
967 864
1217 1157
279 902
1279 458
786 557
324 924
1545 1178
540 1114
1125 682
1484 787
422 1493
1464 1050
227 896
360 1146
1538 1437
516 1282
1103 59
1428 951
264 1557
551 1340
240 895
1152 1358
485 86
157 1611
611 470
108 802
915 3
741 1484
745 713
466 1523
1509 1048
606 670
1419 1293
1046 609
923 1074
1282 1049
387 456
333 1043
1375 1298
363 494
463 906
779 1205
191 1547
158 4
1550 1179
1601 927
115 774
124 999
1433 1497
909 670
186 1206
790 1145
609 1329
549 704
96 651
604 1113
1121 1196
815 908
1514 658
632 507
670 318
1025 1095
1088 1617
370 212
819 330
675 455
84 633
241 916
1091 368
377 634
515 112
653 403
1554 1592
1567 1044
585 803
1491 1501
539 1479
243 1621
1304 7
391 622
1349 867
1207 278
1544 300
785 1004
1074 668
676 719
727 116
590 1553
774 129
497 1262
755 789
1239 237
584 1159
1108 545
1627 330
378 762
39 898
654 292
556 1590
792 656
1311 1035
255 1214
1424 6
1684 593
1416 718
397 956
77 494
989 458
1400 731
1195 1587
1691 1209
806 204
1652 528
1388 201
1034 1537
309 393
1336 239
1215 481
541 1472
1051 98
1179 877
248 1242
1021 21
1460 135
1494 1410
117 1592
1683 1048
615 406
1141 628
1290 188
103 834
69 1520
1213 1399
527 844
1310 573
237 1074
285 1642
1005 1404
1136 489
438 85
82 110
245 233
646 1423
332 510
900 1256
1191 539
1668 1614
1696 631
392 287
1032 1151
575 1684
577 264
38 1607
1337 102
1327 1201
1515 36
1659 1105
458 1235
1173 1332
935 1394
1146 415
1431 528
532 1219
1561 915
1465 1260
264 1298
12 168
313 1489
215 1616
1363 1413
75 1009
77 1016
945 530
1015 340
1368 951
1624 1233
31 1312
1222 318
1454 23
1591 509
1485 243
1584 1009
814 600
561 243
11 908
1272 1204
1457 753
656 409
674 32
272 1374
867 543
457 465
1124 1346
46 1610
1075 126
925 1356
1543 1483
591 59
462 1108
628 1662
362 1317
62 288
1010 1047
1401 291
761 902
332 1426
731 615
437 143
1666 462
1226 105
45 585
378 348
1130 984
1091 1317
1589 696
1521 1151
276 1255
578 492
926 218
68 1562
1358 1486
1094 44
781 524
1625 695
1085 842
430 1443
1642 685
1678 535
360 379
259 509
1516 511
851 827
351 362
1551 487
1641 1485
1581 739
1476 965
1131 795
1085 249
1519 685
828 1018
1380 1276
191 314
1375 975
636 975
1007 1612
1015 1043
1082 1270
369 424
1590 858
1243 530
1433 390
672 571
57 131
160 714
1032 674
1012 619
667 935
117 680
1085 1689
421 1243
232 470
443 105
772 501
1172 98
1114 1363
672 1341
1450 533
739 1430
132 842
287 1432
505 744
827 523
1165 1241
720 479
1185 1498
1665 558
1567 259
976 966
1341 402
1097 562
1389 767
819 358
829 944
522 79
1626 1204
115 758
874 463
779 71
1117 354
88 927
1387 1039
480 982
566 1316
1351 245
900 1490
183 887
1175 225
293 848
1244 341
235 1635
1359 1555
511 575
1126 555
815 285
1373 1500
1477 1191
790 1242
1625 1153
159 433
753 577
1517 382
198 682
1446 1575
1254 403
1581 608
56 382
1518 193
1305 2
906 1085
476 819
325 616
257 1599
825 169
639 1223
344 1495
1575 493
503 180
1087 886
735 927
1334 735
1067 1307
122 252
1496 1044
233 1030
119 806
1182 470
614 1104
310 103
50 272
1335 445
695 96
1223 1406
110 54
1267 1409
1029 27
481 825
1164 1559
635 345
1388 1554
303 1696
1431 1076
534 637
1430 1399
865 772
875 543
1377 393
205 736
263 901
507 987
515 1637
1361 1184
993 1513
1197 337
243 849
1070 345
129 1494
595 1553
599 1041
768 752
1100 828
697 277
804 1234
1185 1133
1675 398
736 1134
211 1081
1522 175
673 1382
260 796
32 1679
1594 991
279 265
604 1254
1448 211
1035 141
1092 715
1383 883
1364 941
1104 741
320 509
48 1405
1349 1398
1234 997
1014 475
1137 499
104 557
236 517
423 1187
957 1555
1110 731
107 1381
313 87
53 232
550 756
973 837
212 411
1237 412
1064 209
352 1279
689 739
996 533
1697 411
1472 1500
71 1429
1298 389
1458 913
1139 553
1543 1090
1413 1082
1472 116
36 1530
886 1096
84 255
1088 1356
524 444
1354 818
1488 1489
1567 1102
781 711
1054 143
1696 154
191 1449
378 15
572 43
1659 1150
187 118
1198 1001
192 558
751 605
428 1290
1633 803
210 1318
366 1120
74 732
153 573
955 10
1384 103
1213 791
1605 897
609 424
1392 1681
1109 1192
215 1437
1062 426
1283 248
58 1459
1545 1564
1049 401
596 56
1484 331
244 1165
484 313
581 975
1302 553
1430 187
1488 1491
1257 43
264 611
170 657
837 1498
182 1461
1124 554
573 1089
1174 352
1103 239
500 634
1513 1155
54 429
1482 675
796 474
557 373
26 1133
724 64
1213 1657
786 1448
1492 78
618 353
588 1475
1147 678
1605 1518
1549 104
479 1405
850 1339
915 1193
136 1285
1333 810
284 1050
337 998
783 1288
832 1527
924 1207
1458 767
190 883
1208 840
953 1690
1251 47
1698 205
1374 1656
1494 69
1250 1053
1135 1376
1127 764
579 766
943 5
506 1248
1538 429
1011 911
1239 1219
1037 259
1294 1267
942 135
1522 136
900 382
1188 1164
1134 808
463 970
1514 1108
1551 1083
503 1498
952 1300
185 1667
1260 1359
71 1555
1590 1470
83 174
95 744
1671 387
70 1512
934 1075
50 1096
701 726
566 231
493 89
1158 1045
385 536
1695 90
989 562
847 1115
1319 267
240 550
252 1549
508 669
1211 80
402 80
230 1506
606 318
618 697
1138 141
596 1403
1105 1176
66 1040
1520 1570
1565 225
826 1068
897 245
1677 1390
463 230
907 442
1324 644
1305 1640
490 802
324 814
879 382
652 432
1277 1528
886 362
1070 8
884 1030
649 103
708 1206
730 1638
743 1594
1408 1071
1676 872
800 227
410 1468
1631 1150
993 1601
1551 1567
744 1055
859 1487
1095 677
995 637
550 1006
1021 1347
1016 513
370 1275
154 1410
683 866
834 154
695 1617
498 1107
167 959
825 292
405 1540
642 681
190 1692
330 101
7 349
675 439
93 1652
1162 1210
1163 302
570 1632
1517 369
338 70
1061 890
1281 888
1165 147
1301 339
164 277
1056 858
2 685
571 339
87 1498
1048 465
221 913
241 1098
1139 346
579 531
280 469
673 247
206 76
1515 851
1496 448
81 1511
1227 180
990 370
333 596
105 147
1348 822
256 1223
826 132
1402 1613
187 505
1434 509
650 774
73 1021
1521 618
30 910
1309 1535
980 251
255 844
274 1109
761 1504
613 1479
1436 1080
925 1376
1461 465
689 185
412 1472
770 1574
1680 1053
1153 279
949 1413
188 251
571 298
1696 820
733 1157
139 257
430 1054
947 1054
39 165
1585 1433
223 1362
576 596
453 923
1256 656
818 199
1394 872
1203 1331
562 1639
154 1156
994 391
1225 544
1533 702
264 1660
1151 789
92 474
469 404
1401 523
973 1058
143 261
850 1040
590 1518
1492 91
1511 71
50 1668
445 1543
178 328
1580 1464
1689 1429
1412 1603
377 448
1473 713
11 721
1187 778
873 219
172 42
1584 1294
498 1039
1032 310
439 68
318 1157
632 979
923 661
1489 517
421 1264
1357 881
905 977
1668 702
330 1302
348 791
774 1375
1479 591
325 94
1566 1444
707 208
1106 805
749 444
827 1025
267 55
482 1400
1456 1210
116 1429
91 1315
268 1502
198 1164
1259 1247
569 1643
248 1536
700 353
1460 1243
33 276
886 1418
851 1478
1079 614
502 808
254 1334
719 1443
1046 234
325 1053
639 98
1473 1200
804 614
138 1271
1493 689
475 1098
709 329
823 750
1037 1
642 985
1155 688
713 74
565 1464
40 1094
772 380
739 538
877 842
1255 885
727 260
1499 306
584 907
1354 1211
749 550
1536 918
50 1374
483 474
230 966
1343 1432
100 728
963 820
88 1595
748 954
730 847
333 642
1671 1218
783 196
265 644
509 1666
638 23
1114 526
1348 735
1045 1389
275 1096
1464 746
895 488
21 1372
73 837
1448 1585
894 1403
560 1328
117 109
696 124
450 50
397 1338
45 439
1540 127
1239 665
1241 1066
357 1207
1528 786
1595 277
1151 618
1270 286
91 635
1585 1097
855 996
292 1116
1393 1563
1335 446
111 766
177 290
668 1067
427 1122
1338 278
463 1502
315 1308
1502 1592
177 18
515 685
1121 1307
1118 1037
469 214
1576 1208
70 1531
947 928
1616 631
1654 491
1158 1690
933 108
930 1281
222 1375
734 161
535 643
1177 1525
1418 1658
399 386
1398 1402
1448 1253
1596 1497
862 583
1521 700
1541 973
667 1376
1065 620
828 460
1282 1593
14 550
1232 325
227 1583
1590 1338
1377 116
709 740
1340 1088
1333 577
1400 437
1407 90
462 628
24 483
1515 280
749 1362
202 646
405 309
1569 179
541 1500
519 1631
122 1146
97 4
1204 186
44 833
309 1598
487 1282
554 1296
1216 666
529 975
90 79
1288 243
89 1572
1641 1327
958 1292
690 421
242 581
1402 65
276 876
116 701
907 771
454 195
1244 1508
418 1576
176 60
1286 524
816 1512
228 257
1417 315
886 1026
677 1234
1019 612
1204 773
1693 836
1309 131
630 779
544 1020
1473 785
535 23
552 749
851 1156
958 768
846 1569
386 540
493 259
537 1201
1313 1026
665 1464
1279 1230
510 541
370 752
1018 262
1193 955
826 1336
705 963
1109 1552
784 709
359 242
519 668
711 775
1559 1317
1030 1574
529 483
1381 1597
1146 1366
216 813
1541 586
999 1138
1632 323
1647 1275
1616 103
1286 739
748 1477
401 239
700 618
1591 291
828 504
1214 128
1284 1624
1363 152
1180 1192
635 1547
1553 367
242 644
1492 244
1411 922
199 1378
1675 208
1665 1576
897 546
817 984
1105 1666
797 607
701 113
334 814
139 1601
374 912
165 1454
760 101
28 1580
590 424
1282 1455
748 747
90 646
715 1434
824 946
416 1203
514 253
1318 284
1518 1189
1442 130
758 1479
1287 1487
1160 1588
432 1502
1674 1659
290 567
349 771
1692 821
732 841
1002 439
1426 1011
211 730
1512 1234
496 313
1178 472
797 56
485 812
802 979
966 1359
125 1297
1169 1486
1461 538
583 99
1253 1055
133 606
1412 1037
747 1691
1649 873
885 714
318 47
1431 365
896 358
987 56
1183 1320
1392 533
865 203
793 1423
522 373
1584 442
1108 1609
207 1029
420 502
696 186
502 658
327 691
1539 1145
807 408
385 945
1577 145
1181 1560
1255 1228
991 538
544 704
1535 228
643 271
1466 40
772 1276
892 1032
1368 1233
1157 1199
92 1566
671 1177
907 893
932 1320
175 1400
1070 255
1631 149
413 460
508 912
326 984
181 806
968 219
825 1333
1534 1066
1274 350
635 61
1045 4
560 609
199 695
355 353
433 691
1628 11
1427 518
1026 980
397 480
801 1512
394 709
280 1121
532 835
321 638
142 245
1657 729
126 1668
423 826
1127 535
238 822
1421 1058
470 1440
1546 787
75 1145
349 373
259 1675
344 1485
620 1279
861 134
97 477
480 1604
35 982
73 1287
311 77
1321 380
689 187
421 1392
910 120
1017 1593
317 329
653 1405
1178 184
1445 717
543 786
531 1154
849 373
176 548
732 1008
880 1483
1211 1276
1691 189
1048 172
1424 1107
1135 517
216 725
1688 1068
1594 1074
694 664
576 1274
267 826
891 1422
1618 1273
817 4
657 1405
602 322
315 20
1430 711
191 696
1572 849
733 606
975 148
1601 977
285 622
1255 1092
436 1411
1622 89
1168 482
165 484
1015 1387
351 463
982 797
1318 881
289 1671
205 1652
1261 1344
982 522
1188 1129
640 1201
1340 200
191 368
689 1404
178 1194
370 574
550 909
1524 866
1582 1691
259 1563
20 1691
561 1685
923 655
1626 569
1361 924
1393 1102
953 1064
1075 293
1048 53
798 343
630 905
1477 433
1577 1229
757 1152
233 717
233 1300
871 491
228 1524
1317 43
416 1674
1175 167
1533 205
1341 1198
785 625
27 710
464 368
46 1013
1354 1216
347 1193
1173 705
1202 1492
525 335
1378 156
526 1554
392 1444
1031 762
1263 994
675 386
68 1075
1263 592
986 240
1299 496
1298 611
607 1543
471 1265
1338 555
12 788
769 371
981 810
927 882
599 37
1119 639
617 1630
353 419
1315 566
1380 1211
413 509
500 1295
929 1045
1453 1027
652 1320
435 1449
425 134
1153 1029
1544 1382
4 1389
186 1228
320 655
1086 216
68 525
749 1395
282 720
1025 1143
180 1400
397 1051
43 546
452 319
800 1267
384 413
1382 5
1364 169
499 1362
583 108
1416 1015
1297 48
1180 1408
1161 1051
1352 1617
708 2
1016 1237
1230 1658
903 997
98 1385
1659 693
590 465
1289 312
1441 19
1151 353
1413 402
1234 519
921 1042
1281 998
547 1547
706 674
1291 655
1622 139
554 799
1563 1389
1267 1123
94 752
1329 1522
135 81
552 799
1462 304
1314 555
732 67
1031 1354
207 1131
1563 398
1686 513
322 972
541 358
794 346
1212 1219
844 838
1202 17
155 1267
763 838
1509 1308
57 257
1074 1377
1219 879
366 201
1410 1103
1078 1552
1349 1485
1351 309
443 579
1213 729
1154 1267
184 202
496 1192
1358 1329
1391 771
741 222
852 1382
1630 1175
875 620
603 179
1066 1012
153 1145
894 1101
143 530
480 320
830 173
1281 622
1268 1577
1442 44
47 1447
238 1345
1067 309
1636 42
523 792
55 469
1674 449
124 482
788 43
615 117
993 1338
795 1597
653 1595
757 1320
1414 174
426 416
1177 620
599 89
971 846
781 1430
1168 819
1653 252
860 1391
1205 1589
999 24
1019 554
770 1486
367 943
1517 1576
264 972
15 909
1000 173
1646 1181
958 950
1554 615
821 1475
968 759
24 537
176 733
1397 1564
339 24
124 175
172 1636
1488 87
451 61
835 1347
207 877
1095 218
1579 619
812 1321
156 382
325 264
19 1342
381 1173
758 418
1484 1584
1177 579
672 266
266 1188
634 676
1320 1486
1313 157
1416 889
1320 1358
969 1595
1249 949
1516 1112
517 780
207 897
143 1066
96 684
580 409
1470 1260
280 661
125 204
792 814
501 1543
765 1162
446 1112
383 5
1475 942
1496 1412
817 1594
1065 665
903 655
1515 1661
131 1042
1266 227
667 1388
1411 589
566 1341
590 484
286 63
866 1180
182 1080
1449 884
409 813
819 1553
1354 762
536 203
758 1093
835 1423
52 1491
1222 301
741 1155
1271 409
1573 822
622 1642
545 722
853 383
644 365
1533 177
96 697
249 975
409 1376
1071 1389
105 1609
1286 1404
1235 1681
1369 270
325 322
164 1691
1406 1284
1190 1543
1554 1379
169 343
473 1671
697 444
165 390
1453 936
107 246
347 1243
164 711
680 64
1093 1687
1565 235
436 649
696 789
397 905
768 54
682 1257
1193 135
622 694
481 222
963 698
930 1054
1644 439
358 371
827 1087
27 948
1164 1673
1207 807
157 1126
940 152
137 1057
1363 1658
1146 814
638 271
72 1156
552 192
824 1433
955 1263
1292 6
875 832
539 1093
0 1252
700 355
854 420
626 607
1378 119
22 1335
119 605
1331 606
1667 492
715 410
526 1282
1561 332
1657 663
323 163
367 1520
1603 1393
1054 1250
1535 1243
400 1392
874 1629
730 102
220 1232
66 1657
83 373
17 1258
341 787
1077 1275
1199 32
1218 1238
528 730
1655 1437
620 670
182 1457
1520 1352
1395 733
1107 965
79 1103
659 726
387 625
1100 207
1074 1419
426 1506
21 1035
1323 626
1013 416
167 1077
127 1539
703 978
1125 658
819 1094
560 1358
471 721
1558 576
789 482
237 1369
109 922
1349 875
1020 1610
283 509
155 150
1496 1287
1554 1627
1685 366
1678 1289
205 1176
1616 152
1635 1638
317 44
1241 1566
1498 459
851 1540
908 579
1317 1351
675 468
1680 702
1127 335
994 178
660 1663
1625 408
1118 1496
1036 290
1334 1315
488 1531
213 975
33 1322
1582 926
1641 51
361 1002
492 1359
1644 1103
379 395
118 1679
648 1510
1663 1358
1530 1087
1205 1325
1274 1255
1092 1498
1544 963
1563 1001
276 580
1149 224
1373 1123
368 920
1535 257
1180 1545
1543 274
1590 1184
890 1251
302 256
102 352
364 1299
1392 135
41 1261
1421 1502
886 182
1153 761
1477 1656
56 625
997 1377
297 792
1436 304
761 951
1081 692
1609 1662
1097 1680
55 1014
814 251
791 730
819 1163
534 1227
1648 368
1499 795
72 949
859 1246
965 1425
859 659
951 411
1225 1101
1120 1139
1441 87
513 1600
1480 1588
775 1159
1104 1283
1504 1578
1150 309
63 152
743 1550
343 1133
675 1002
352 989
456 1238
598 604
975 1539
967 1659
855 1293
621 416
625 900
998 1135
1541 278
406 530
1480 1441
151 977
431 1438
23 246
1693 53
896 983
1411 241
129 229
846 268
1648 452
810 1611
1135 1133
955 491
1059 1572
390 434
1635 921
303 564
1410 1147
803 1342
766 1065
996 1568
599 1210
770 869
1649 363
1099 639
323 751
919 1129
290 180
1034 123
408 233
292 774
1064 67
1284 1023
356 1519
801 134
1179 1259
1093 1167
971 1401
915 1170
326 1495
493 83
425 1218
603 859
718 1252
1057 545
762 47
949 604
653 927
6 1514
1337 978
1417 207
488 70
351 559
26 278
1245 1488
954 777
676 1009
67 1438
1408 1119
379 967
152 820
600 1366
266 1434
374 108
1010 1215
1045 959
947 1102
851 1490
985 28
1230 1198
1466 1423
1241 175
411 801
566 1136
1661 39
1181 1541
1533 1471
638 9
881 686
1610 1278
1516 1126
1504 1366
817 401
1447 221
661 1074
879 265
348 994
1460 704
581 520
120 798
529 1148
902 792
724 812
100 1030
1310 424
960 1025
138 931
377 1535
555 741
440 991
511 432
172 1689
1335 279
714 1030
444 733
1430 1186
666 1289
813 1141
10 394
118 389
735 1167
159 454
1674 1606
700 1324
1264 1556
945 1478
1062 601
520 1382
700 739
303 740
1255 1447
1395 944
986 16
1361 1177
194 1325
31 1505
1427 1699
649 700
1352 1335
498 399
1460 1264
37 355
684 733
286 1676
1219 403
276 663
311 1108
858 1104
1028 326
779 327
439 764
1543 880
975 190
1320 150
991 1034
419 798
1203 1699
14 749
194 624
799 67
1286 1643
48 927
1673 24
586 1421
1371 368
1028 420
742 1188
1397 573
809 1219
1308 545
772 970
323 1593
64 444
657 680
214 619
764 1072
538 7
854 679
1642 1035
903 679
267 908
174 356
1035 1196
1670 1235
259 1564
934 1237
68 928
1295 1207
1685 758
990 1198
1440 584
893 1459
941 774
1558 1342
1212 1194
1496 383
608 977
478 403
574 1437
633 1470
454 773
1441 362
520 8
1029 1352
1220 159
654 941
1029 931
1630 1082
970 1172
1403 1020
249 1064
839 20
1500 388
503 751
1091 210
330 372
1124 508
961 400
1081 686
1393 708
618 120
1599 1545
31 1175
1196 1419
848 1309
1391 1341
759 1021
129 1410
815 721
1660 139
536 156
1012 214
744 6
1317 897
1562 342
33 249
68 764
1304 61
1523 1018
419 542
1005 689
716 805
797 1640
333 544
113 726
516 404
651 1362
138 867
322 1421
315 1055
1441 1457
74 231
599 278
1462 1080
1141 1639
1013 1278
1246 752
914 412
1402 118
1469 541
413 1291
1568 638
373 174
77 125
287 472
1328 1436
1474 1372
1581 1342
103 820
1275 1007
1522 1000
234 965
901 1594
344 1435
1452 1544
833 567
396 1263
1602 1163
981 943
180 1241
1422 1017
395 1208
1254 1175
458 474
1555 223
626 1543
537 1297
523 334
1340 1110
1329 1140
1094 310
417 823
101 109
1318 1201
209 1240
1664 1380
952 1574
798 532
126 320
1557 365
384 220
1666 105
1182 131
247 644
776 821
1107 197
1225 682
990 1634
831 22
1480 117
799 653
872 714
790 844
643 97
997 1067
1335 1161
1082 1388
941 735
395 864
896 1557
41 890
748 1267
1510 1088
996 698
1188 7
1594 1107
860 1436
210 824
122 1248
993 119
1245 496
294 596
1501 1293
1623 746
711 678
780 218
1543 680
1085 1326
1351 1676
1210 37
805 1433
1479 1150
1390 889
1375 1435
1308 1022
102 217
1692 1156
366 1669
1364 759
1556 491
782 370
421 542
1278 258
1144 1615
340 333
1203 174
800 1051
1528 362
1636 1440
587 422
327 264
1558 25
1134 440
730 1097
977 141
910 274
1165 1481
922 108
35 485
457 1028
573 1029
1176 784
1252 231
503 1023
1411 1209
307 1521
1629 778
1441 1083
74 108
1675 321
206 1623
58 1361
1675 1293
939 714
108 1353
113 1014
374 810
296 906
1034 197
382 1419
513 530
1476 1000
37 794
1663 1486
1162 1521
1434 11
1505 1181
748 1650
481 1172
1245 328
883 1620
1547 1318
190 564
991 197
362 43
1331 250
46 194
291 1493
41 703
171 536
209 139
54 574
1118 732
362 142
315 193
1358 548
887 493
62 1675
263 1138
1489 697
576 1031
34 1264
1127 671
1657 504
475 314
695 1527
364 795
11 55
1513 842
798 1065
1238 1256
1100 1502
235 144
484 496
982 438
1353 1508
1552 913
855 1073
1013 604
1081 684
1029 1115
1265 1582
407 817
1423 568
639 704
255 1531
198 1372
959 1389
1153 647
983 314
842 1366
1614 1116
49 556
33 737
111 907
788 887
1491 459
1593 1206
542 1655
551 1240
1566 769
1166 1672
831 1148
1430 660
618 910
838 979
360 591
639 954
294 1424
1590 1426
834 1011
575 725
976 140
276 688
1200 327
1146 951
1284 73
168 947
908 888
248 844
1107 1128
1623 1610
960 827
336 118
1135 1265
247 91
57 228
177 833
748 1041
1209 913
852 913
1060 98
1335 523
12 1082
928 601
82 1504
518 1216
743 34
336 1011
164 1230
695 1175
288 199
1482 30
1439 861
1216 1195
941 169
759 622
831 515
891 1221
221 767
1497 632
173 29
274 449
1123 1077
1535 273
1249 1227
1198 933
151 310
1563 534
1157 301
445 334
414 173
1032 1560
1108 1662
992 381
682 537
1188 24
274 608
928 373
374 1350
1196 997
662 140
1431 316
1641 1100
217 283
700 726
156 1483
1548 939
259 1102
412 286
441 1234
1685 903
1019 1134
42 1408
329 737
1476 664
258 1380
492 1262
87 1376
1673 1306
802 634
827 127
826 92
188 1607
48 88
1435 105
1093 246
536 1463
979 1196
1171 235
517 783
1000 1537
1037 376
503 834
1605 41
435 39
386 1127
579 1520
1353 1247
690 548
162 1474
1409 727
42 1693
1152 560
1369 196
389 8
207 1476
1603 259
660 560
1 1493
1012 1639
1686 71
865 981
1097 508
565 556
1090 1159
1373 819
380 1630
1402 1235
1156 698
806 1297
1386 286
1642 1194
1388 1627
1689 1418
1429 181
324 1409
1221 416
1035 371
1661 1025
632 243
354 926
502 1609
1684 1398
671 1114
511 287
1183 1256
206 746
1087 373
1661 827
847 879
1255 1022
632 327
658 391
1033 1122
972 1197
1321 72
1661 1540
361 1605
1519 1236
1501 26
1300 808
15 1210
424 578
245 342
85 657
1356 1609
1055 1666
750 843
794 1614
984 687
155 510
970 1435
249 953
152 963
730 1186
794 350
1334 294
26 760
1080 1285
1477 1290
1204 1079
1122 68
347 1475
1648 1320
538 881
524 711
329 740
241 657
1342 400
1122 1562
1552 1265
769 430
91 458
1517 80
1006 909
1314 1047
88 697
1416 7
294 1683
1693 222
1411 816
875 947
352 91
1560 978
1286 219
130 271
895 70
1632 573
563 245
1375 337
598 1273
580 1646
1027 1344
1350 1383
1679 221
177 755
162 945
714 1445
838 883
447 919
1283 1037
1086 1238
955 1382
957 113
109 1691
1125 1239
1214 961
1082 1279
1029 1502
1166 1472
758 591
859 268
102 1333
89 409
770 808
505 486
173 515
1531 655
1564 1045
952 403
1302 754
344 1198
754 1066
1268 1432
1656 1669
42 1208
889 1578
121 1320
861 801
1025 1101
183 1622
1590 609
1462 1522
620 351
1118 1412
320 1635
1272 774
288 253
1191 1656
1338 600
343 843
303 177
1205 329
573 146
568 1205
877 429
126 396
41 602
50 768
1010 1285
1198 616
744 1299
180 482
570 717
675 540
247 1430
1431 1232
1600 1454
985 1013
98 1452
1569 759
840 1154
932 277
905 1508
261 1066
970 835
1196 655
139 261
724 772
523 373
1479 938
227 1332
1158 159
459 26
1071 1275
442 328
626 737
622 21
1005 219
329 1273
272 1191
353 58
100 1627
4 959
568 204
1463 1378
1402 928
217 50
69 1148
11 95
342 852
875 1485
1183 1103
913 943
480 1187
1007 1223
1140 1389
321 513
1699 1105
1689 1139
554 1251
631 1360
595 828
1367 742
762 150
1148 1014
1481 853
1320 1384
940 834
1145 262
1425 515
179 763
621 1090
62 1
1604 534
1456 774
952 1249
638 980
1060 1385
1453 1311
1002 427
72 839
189 737
333 610
853 1236
19 616
1623 76
1028 167
1156 1410
466 534
745 1165
840 914
1623 857
60 1331
1136 629
738 845
1046 1663
171 1463
98 1023
1403 1101
804 1126
258 1276
1210 712
1696 870
1485 828
407 275
153 813
1208 669
649 1521
948 408
156 655
1485 413
505 84
985 773
1258 200
1321 501
532 437
1326 966
1634 294
127 1027
502 1108
147 1124
567 175
827 1102
684 160
620 1571
481 1362
1334 741
1250 391
906 283
35 1412
218 1124
1654 1344
351 587
297 496
1031 1179
1369 837
1286 781
892 633
654 825
112 1240
1045 260
940 1616
1013 448
344 1687
444 1395
532 161
1120 418
199 203
721 1336
797 750
1493 796
828 630
454 7
1248 1561
823 176
541 1602
1596 1336
574 1367
965 189
701 796
1613 1293
322 520
1283 1028
1259 708
264 1669
1358 496
1068 102
1 208
472 383
1555 314
1310 1089
1549 1228
773 382
1443 1387
1446 493
368 125
1067 1598
164 243
1322 1461
1131 220
1211 402
1249 1300
1342 1288
438 227
1520 1148
21 371
944 1222
1311 1642
1561 1530
374 802
1240 484
260 1429
623 1254
19 337
334 600
625 224
551 1110
1610 746
312 1211
1157 1390
20 172
574 321
242 902
701 983
970 1626
1649 968
333 900
1595 308
1284 1347
1414 492
780 926
1430 121
1479 1036
662 978
794 218
37 1018
833 1640
923 679
43 1300
377 228
798 579
1032 1490
1001 767
1370 662
1566 1400
95 1336
501 1361
1596 908
842 909
293 1121
816 1121
699 1257
1179 715
1394 1676
1637 708
1543 709
1606 693
1407 674
129 1347
1390 1578
1497 290
102 155
952 138
477 1207
45 1576
1687 1294
1158 831
850 1456
1160 594
1546 136
1169 431
902 1504
802 1261
173 108
1357 1560
350 1519
1100 1102
836 48
1369 351
202 161
38 317
299 1381
899 744
1610 1309
528 300
63 872
553 1598
1084 906
412 227
1567 947
1378 625
1219 620
208 164
513 756
1557 1418
451 71
1062 20
1547 898
1537 109
327 325
249 74
712 324
286 152
1491 1135
1323 969
283 1075
1005 1276
1465 492
419 1125
1399 1486
1040 72
400 124
725 1561
211 102
790 248
908 721
1284 1383
1556 1654
1025 87
1059 123
964 758
1128 1039
130 23
1262 1132
224 693
1334 192
1301 147
563 650
516 469
1401 1569
1569 1119
16 1280
497 356
101 218
710 1543
839 380
1379 1203
1592 548
110 752
1671 591
1537 123
925 628
71 796
578 592
705 898
166 399
48 916
232 1390
406 1012
1690 690
577 586
254 27
694 109
607 601
9 357
283 126
875 703
1007 1406
42 991
126 1385
1302 583
316 654
532 237
155 557
161 1679
1302 831
750 27
55 754
135 394
186 1549
697 262
461 767
127 1143
1533 776
558 440
910 17
1420 1004
1176 1254
544 1216
1177 798
570 53
881 1000
1674 432
440 772
434 461
1671 456
1267 412
1699 1566
1346 1121
1694 256
684 444
699 503
1267 510
1215 970
834 631
1567 1330
931 1287
443 1145
864 18
698 79
380 964
1544 1616
1653 1017
1186 1097
446 523
965 29
652 205
900 1421
195 27
1472 14
1404 757
326 315
1332 354
83 492
259 749
1016 1298
1323 65
504 1550
1106 466
744 401
1145 708
1391 1330
409 1674
1172 1101
1563 1175
464 786
1000 61
1479 263
737 1523
1646 1186
1394 1616
1519 67
718 642
298 635
999 1400
1632 1503
896 819
1047 1379
1394 375
93 548
970 825
1686 1568
576 670
1073 236
512 1028
347 1664
733 1217
1611 838
1244 1065
1367 950
247 1345
161 974
351 437
1697 319
1127 1072
1036 696
1244 798
450 42
956 438
282 1347
594 1073
1408 1468
1650 303
13 1276
1688 1477
138 1461
852 520
813 1674
642 1020
697 14
146 1524
1095 664
1205 517
1401 1410
282 299
1080 136
1370 1327
406 1639
458 569
366 202
699 883
1393 1097
1407 1523
54 1538
1197 582
779 1331
916 88
341 1010
1174 643
1690 1229
783 780
765 261
961 821
465 188
1043 75
217 1639
868 442
1101 793
1315 210
550 944
1335 931
1349 595
247 1524
802 1383
1637 1240
664 1613
1466 246
728 887
1391 635
692 737
225 768
181 720
1380 80
1488 1192
719 1387
588 998
69 24
1515 613
125 806
191 302
1694 500
232 1654
1573 1086
1587 1598
1422 202
925 1609
164 1430
1068 122
850 497
1271 882
738 1221
1231 698
1560 748
1678 1600
510 356
1103 1501
1338 1105
1448 841
1052 1096
578 1439
78 1448
1002 68
1413 426
63 375
64 550
584 112
1048 1495
1580 377
1068 1671
1474 695
22 472
1423 795
823 1398
451 189
862 69
603 1649
665 1576
501 1363
839 1008
208 291
489 364
286 787
1562 877
67 1018
956 230
1276 1034
603 902
335 138
750 197
1353 1259
558 1389
1258 1239
251 1408
1530 827
251 959
1281 852
736 942
1394 63
866 260
476 996
821 400
738 1262
1667 1414
747 1209
1652 1559
17 443
362 51
1097 568
1127 1570
645 452
685 853
1008 214
1070 1526
213 1476
889 389
1670 1416
340 226
509 561
1330 720
75 1306
1065 1154
1253 1186
1397 1028
809 986
1192 87
757 1648
127 1056
1467 822
869 1301
493 590
1144 234
1210 256
359 142
1632 1439
1432 795
1393 259
228 1055
341 532
183 188
1024 330
481 869
1359 1132
719 233
1131 128
121 234
524 1046
1469 1123
1215 516
803 1657
169 1099
1521 925
1332 328
458 1173
1159 83
162 1463
172 1542
745 159
1495 718
1104 1155
1403 206
1482 399
642 1101
1181 1075
1388 1128
1567 666
331 739
807 937
390 6
1619 1117
843 1491
409 449
1614 1477
1562 1603
465 1207
512 1683
1622 1575
1409 1380
1402 1142
914 1469
1064 984
205 1471
528 989
567 1346
961 1538
1575 700
447 152
1129 1559
997 149
269 1252
1042 494
1214 775
237 351
164 1432
962 1337
594 454
105 1108
1193 145
1225 793
483 362
1476 1425
162 199
980 188
1036 833
532 988
1122 192
530 469
1674 486
918 233
171 203
907 1159
793 651
1057 286
699 915
931 523
862 529
1585 1297
927 680
1308 142
1373 235
541 1689
679 1293
274 416
581 345
1411 1124
763 1350
480 996
331 1597
401 462
1613 374
567 1586
334 87
1596 36
1096 251
1441 1558
553 754
1043 151
1483 1142
159 1170
73 1466
710 969
1249 95
877 771
1514 231
833 290
1392 1271
431 1296
1647 1322
89 532
906 745
221 226
391 1642
1684 509
1236 1438
1617 156
1260 1262
220 480
409 1141
353 86
1035 1673
168 1603
415 1225
1591 1509
670 1390
272 1685
561 644
1222 250
773 625
947 915
1670 862
1045 1069
604 235
65 601
1022 1295
229 697
861 452
1563 1675
1575 89
232 257
209 998
847 446
630 465
1306 452
613 31
864 155
1293 1587
1213 663
174 189
1461 646
1010 934
1025 1011
250 301
44 9
1348 1230
899 619
321 916
973 1421
1266 541
1444 615
1126 1155
1469 1166
836 251
219 1404
1610 976
1047 1155
1 707
577 221
68 837
290 973
1342 580
1660 930
1155 1283
1266 412
1492 1008
284 946
798 445
814 376
431 119
536 695
1590 298
1554 1459
637 929
1194 1372
1332 1469
892 1553
136 1683
1185 1376
1652 1334
758 598
25 1296
716 617
545 936
1683 365
325 1298
981 1424
722 515
1009 233
983 944
52 1306
1102 1423
1081 1061
849 356
689 164
1454 643
1159 1240
641 326
193 723
841 674
974 1192
832 199
331 106
1691 922
1467 1160
1536 520
1582 218
665 1369
1529 370
919 1040
4 1077
1123 1024
1646 346
1267 135
1669 1017
39 686
252 1640
1086 251
863 1199
1309 1165
460 1160
488 923
510 412
95 289
954 98
343 1314
858 555
90 472
1337 730
2 1549
1430 932
892 626
911 938
1300 1039
1248 216
1379 1142
1515 712
395 866
93 1533
1620 1549
201 1536
1392 1556
599 1271
942 1268
1461 1366
936 1311
877 815
784 1597
155 914
1549 1621
1155 1037
437 615
316 437
1030 1300
1591 1697
460 855
327 1367
987 395
1184 1047
254 552
1417 1607
1434 815
140 107
387 1516
690 1448
1347 1537
277 684
1522 1436
338 3
319 70
1115 1664
674 161
560 713
531 578
445 1211
1499 1170
1257 1429
811 249
577 133
779 507
266 15
549 1012
579 1477
165 466
1537 722
814 718
721 92
1077 256
19 1633
1038 1461
1180 1407
501 1154
1397 840
826 742
761 279
1125 1065
473 1175
434 929
686 670
1614 451
1405 882
671 1357
1562 908
774 1204
1130 4
491 1121
790 44
509 373
643 1096
375 1231
892 791
723 503
52 110
276 453
1362 944
1694 1658
92 1625
1690 414
1248 36
684 1362
1054 530
358 218
968 1005
6 1435
582 1505
1127 1693
610 5
624 1182
166 1033
602 53
1175 1246
996 1441
36 128
1667 1293
1268 592
317 1589
779 627
1438 951
715 824
506 1016
327 222
1397 1170
446 1157
427 671
1468 1119
588 1463
1694 1167
572 799
238 1644
1591 1442
1090 1532
1203 787
823 1552
332 1303
209 582
588 808
1292 1055
499 691
142 286
712 350
1350 1353
1612 308
633 248
1603 1
1085 782
1671 316
1554 1618
1144 810
1315 431
1026 1431
641 465
1139 610
381 11
170 1035
844 1692
1182 57
109 909
116 983
611 209
1083 1062
100 892
1644 1002
1384 1103
1513 688
1241 1481
783 1095
6 420
928 969
281 1592
513 1454
37 1689
606 1390
422 1427
1366 432
429 612
716 140
172 435
900 1235
1698 1652
662 1568
230 1414
422 1307
1396 1144
1699 604
1134 1609
215 1367
689 1041
485 724
1325 1036
908 1572
141 339
268 1484
571 1319
110 1529
105 1680
1518 602
136 304
1518 1636
339 1613
1061 533
1174 788
1334 1665
927 96
670 1525
805 946
145 10
866 1407
427 224
1321 806
1659 432
359 1154
1640 787
204 653
1118 1567
1343 585
1662 994
937 1030
473 1604
48 479
987 627
814 365
1171 1105
596 67
117 1012
551 161
32 305
518 604
284 130
1151 1451
1354 1144
1374 1278
1438 938
767 1382
195 1060
23 275
1540 1150
112 508
1274 393
321 1356
1090 416
1223 1051
298 1104
323 909
1529 1592
292 1172
1507 1460
852 767
1517 1694
879 297
116 726
704 1039
36 809
597 98
893 442
1565 144
153 1165
1196 1195
1440 1637
1478 773
724 380
1020 46
1092 1179
1340 1654
1186 848
1030 1128
948 557
1115 746
673 717
1699 1171
473 716
1614 1656
1479 379
1504 1290
280 1530
1151 324
416 1205
219 1430
1606 432
57 232
1337 428
667 1082
1348 585
1056 614
1601 849
597 269
598 1176
1521 794
629 705
663 1415
106 759
1510 695
978 1600
294 130
1044 734
619 1679
1462 1142
1456 839
1176 1284
817 167
1609 1459
1328 395
1606 518
1184 245
136 1476
1096 1386
382 1235
486 1035
468 439
1385 1624
288 695
1249 383
1452 1466
323 499
85 341
248 857
1607 1156
881 29
425 716
1131 828
184 1323
1025 161
1103 147
1647 1012
1027 312
1199 47
1550 1574
726 720
238 808
599 607
247 399
1310 296
864 578
821 347
730 1355
1147 147
900 1682
1599 1524
1257 142
115 701
1056 121
466 677
749 756
31 1387
918 328
689 415
1161 1284
377 881
526 964
1489 236
983 806
1529 54
916 229
797 773
1575 649
1621 948
1324 1187
985 1415
635 566
189 686
550 717
1319 1472
859 1080
1227 789
96 14
1148 22
429 978
1095 200
1625 454
179 219
1598 1429
1510 156
735 986
1665 850
1341 1527
1581 77
1438 119
1352 313
22 879
93 533
1104 559
166 675
1608 1081
844 961
1444 1041
1265 243
783 1582
663 708
729 1354
1329 1499
16 808
1645 1656
500 1207
525 209
732 1223
57 1599
1492 841
1524 1545
1637 112
1230 547
1501 1133
586 1444
463 1571
1304 775
679 1074
535 1165
688 168
712 1577
1214 1692
1240 1245
1002 993
97 959
370 1003
228 1180
855 438
430 861
628 545
1114 319
811 713
486 88
751 1654
1126 1169
1388 1622
1 1675
860 763
1500 313
109 1209
343 1079
353 547
1507 1322
322 1660
788 728
770 399
468 420
979 668
1378 900
1352 389
425 1167
125 720
1145 34
350 1361
558 99
529 1115
1656 1195
405 886
1385 1023
37 353
822 315
523 313
603 268
587 941
643 836
501 72
1446 1202
1531 661
756 1222
1586 180
1461 1048
1037 1140
856 882
674 747
333 75
899 214
225 370
1480 31
1523 383
181 204
947 1004
1480 1343
206 46
122 1218
1266 459
1657 1578
825 636
192 1105
1124 374
1159 893
1438 1638
167 437
1308 221
78 348
455 1127
1357 1
855 205
93 184
1340 1526
722 907
1588 803
867 1131
400 554
1141 593
1327 397
990 650
959 1119
900 1402
1451 1225
1638 938
804 858
1670 831
1336 92
594 313
773 195
607 1271
1630 887
460 1640
975 255
1502 273
1109 1135
1142 1611
1259 1508
114 569
326 450
1237 1267
1255 30
1417 1100
1079 326
1122 764
343 1362
683 1345
1695 184
1361 1244
1597 9
843 1109
848 1517
539 1355
1142 854
1183 1503
415 1416
1180 845
657 927
1645 306
69 1297
468 594
1482 1022
1570 754
581 1379
1306 572
972 94
220 378
716 1248
1441 1652
948 1414
811 69
305 8
70 1346
803 276
207 384
965 830
666 13
936 151
1675 859
1538 321
1622 649
363 483
430 437
422 941
532 1141
468 1366
905 901
1396 909
729 788
123 1637
290 124
1078 496
820 870
355 618
1550 1664
393 1014
1669 369
1199 889
1023 854
273 51
1256 290
1458 226
347 1460
1418 367
946 612
1110 882
945 454
380 1046
365 269
1183 850
58 1282
1599 1695
1633 614
1333 467
1547 224
479 927
1090 557
688 62
412 680
845 202
807 634
327 1668
671 1072
578 645
1633 77
330 69
878 916
1570 680
279 597
521 959
809 332
761 938
1132 737
662 976
911 645
1584 1063
138 41
651 64
170 141
570 1262
50 1498
667 1630
1684 1197
1399 1320
1110 662
467 393
829 1051
746 1535
660 1648
26 1265
92 539
1063 915
1561 25
1371 401
301 1443
956 1380
53 1089
385 1615
1685 451
1360 1011
1456 1321
909 733
244 482
436 765
489 210
455 379
1169 1282
212 895
1044 1393
1028 1062
113 125
34 123
159 1263
1666 123
1584 484
1559 682
774 1056
1229 288
311 1062
132 1336
1376 517
867 220
407 1130
221 500
196 243
337 1505
514 1619
84 148
1511 278
1370 1090
25 482
366 1479
74 1611
778 1401
200 1017
552 558
203 1478
25 886
174 1061
849 403
392 725
57 1050
1598 113
23 1052
923 1121
806 1098
1429 113
904 843
1158 338
1505 1560
454 900
750 612
1491 278
531 161
859 1101
139 116
270 495
315 997
803 275
593 1142
585 946
1048 1003
621 1532
1473 74
876 513
345 1539
1287 568
1550 672
1603 707
1204 1691
25 1219
190 1189
42 752
272 1614
600 269
1082 887
468 850
259 778
1162 712
792 365
1011 59
689 10
486 432
248 776
1657 402
1404 1046
868 1159
229 1405
36 827
1020 977
665 1010
1207 160
1400 430
341 1220
1073 425
1353 1653
1164 1465
366 1517
661 655
1270 1013
357 244
930 998
1126 298
240 1126
1436 275
21 245
339 494
500 610
332 280
533 1251
1505 126
1397 465
1584 1322
399 1056
1258 579
1433 645
611 1281
1050 922
218 1411
1446 307
558 939
308 550
3 821
242 608
1615 357
1682 1402
1193 1654
485 1445
647 792
1324 755
1656 539
1639 404
585 77
876 378
438 1633
1636 1506
1500 1024
745 915
323 763
370 1538
208 603
1373 1024
507 627
1192 1489
1263 1229
55 92
1663 1647
208 533
61 1159
783 659
1417 1624
663 266
628 912
261 1579
1100 734
573 230
932 121
723 751
1126 1368
1592 1639
1272 169
1427 1171
712 1121
772 1456
1076 705
183 1280
1172 49
1335 242
376 718
351 866
1143 407
151 170
1020 1415
1495 193
229 1595
671 764
737 1519
253 203
738 1559
941 1626
1156 48
93 652
542 942
1144 811
1630 398
121 146
190 79
661 1234
720 653
470 1178
304 1252
495 422
312 1387
637 779
922 508
1548 634
1404 711
1549 1572
1365 1057
672 223
996 1551
754 1635
1251 1236
156 823
223 48
391 285
1554 1575
194 693
815 95
1478 1331
426 1217
910 1251
416 1481
800 520
217 1059
1170 52
543 276
166 361
1386 897
632 607
1056 1126
1208 1620
971 208
667 847
1122 1072
249 1690
117 516
1509 890
283 1140
1013 482
679 1195
588 683
943 1207
238 1167
574 429
639 1060
1672 1557
1303 1341
1535 448
1370 1698
699 499
1062 116
352 562
1583 459
1229 1049
1527 454
914 241
462 925
1432 162
1265 101
730 628
613 391
1363 338
91 1217
1068 92
1164 371
1558 526
970 1457
476 30
888 126
402 991
1267 907
1224 1154
1526 1000
1437 703
937 233
1552 1135
470 1531
1490 258
1545 1695
540 1562
157 990
1019 1153
202 648
1571 691
594 19
179 185
1639 487
1047 741
945 1617
902 644
387 1086
616 322
1692 1454
60 863
1132 554
205 726
869 49
909 548
740 1227
1632 153
1002 540
1114 1105
652 157
1316 972
610 807
1284 835
1622 1162
141 494
1082 1554
1157 889
127 157
1336 658
1401 304
338 1130
210 165
1599 1180
1372 371
214 1055
1007 704
1458 1382
1463 695
19 1384
878 720
908 132
1605 569
465 1308
1010 270
1584 1462
549 639
761 854
1182 257
207 1611
1392 329
474 314
674 472
866 845
207 875
752 1447
568 1650
1472 843
1227 1241
882 651
614 682
194 228
434 1463
650 558
1252 1650
853 554
971 306
208 1227
438 966
1094 1589
268 527
204 314
452 801
818 175
1579 1289
1432 1481
1148 847
1522 1080
1503 146
1083 1633
1367 285
1644 642
952 1588
610 634
1512 479
1031 1550
1524 1222
1585 428
759 1291
1352 1034
162 1050
87 912
1203 655
1342 1213
1573 1203
369 1498
1430 1152
101 243
1156 1011
300 870
205 990
1355 1216
1500 1658
267 721
963 870
75 206
1495 172
426 52
743 1039
1 718
53 144
1656 848
156 1066
1107 1345
809 980
254 1634
453 1121
683 1310
291 873
911 895
327 372
608 737
245 1307
775 821
1294 510
298 1496
1159 1273
1697 452
350 419
382 1402
1671 274
825 115
1522 1642
415 1159
236 1376
918 517
743 399
693 1568
1556 10
616 1298
1121 519
283 320
1222 1390
1192 1135
1563 778
539 363
1090 1094
1285 1062
1415 1182
1628 423
792 1146
1374 306
1519 431
522 1147
1650 1036
1315 250
186 1640
669 1350
1511 957
1090 1483
1683 286
1099 112
1172 211
1133 780
1055 6
577 616
67 212
1646 703
1684 623
1456 72
1018 1296
652 1019
460 521
99 1193
1099 301
624 131
801 453
1133 200
573 1541
155 1203
1476 197
920 995
1138 1289
1492 271
220 1348
850 1424
548 606
418 541
625 1149
375 1544
1588 1630
570 699
179 1285
1208 1687
1484 1286
747 694
1569 1484
963 631
1500 1557
974 10
1646 1279
1121 655
1339 47
631 515
504 1086
1025 1026
1404 194
1232 577
947 1156
1524 1178
559 1138
13 508
1532 229
1130 1045
692 686
1230 626
1081 189
1505 1075
1239 1295
768 1383
1138 1006
1599 866
1464 1309
1001 368
940 1231
1111 13
676 714
1596 826
164 911
68 742
1619 1282
954 1284
543 24
321 978
986 1595
1457 1333
1045 163
741 512
932 234
1503 1400
1383 708
1633 575
1150 1587
870 1011
603 976
456 1355
159 1473
1437 1686
1297 927
512 590
1026 76
794 1202
530 1012
596 793
194 1278
866 1548
422 1231
399 675
1191 360
652 1420
1635 958
384 397
779 577
455 1305
1503 906
537 43
296 1063
1220 152
1594 5
1420 1677
97 1564
1499 1436
989 408
1099 1609
573 1111
1582 411
234 1328
561 306
1242 838
791 346
1660 1181
829 1624
1021 537
600 1290
731 437
1583 1240
457 590
807 939
589 490
1258 85
1059 1637
985 1193
260 1511
541 1672
1020 1623
120 1125
1010 73
445 143
784 1325
12 526
1169 1498
1576 252
1211 965
352 1315
1249 559
574 215
1354 1030
49 746
1047 1283
336 92
201 484
1359 1450
1251 1296
187 1164
1623 1385
630 480
1117 420
164 187
1573 521
1486 1499
47 1458
74 842
1404 164
1516 506
542 396
368 90
365 421
101 116
887 1575
118 1447
455 439
896 1500
1672 358
1343 1109
414 1545
768 370
1523 1251
1528 953
40 1487
1648 609
425 456
869 169
910 924
781 930
238 1482
1634 447
753 987
802 1611
1009 1280
1536 843
201 1159
826 1318
207 413
1497 390
121 1663
581 633
1449 244
385 1612
1475 1532
1363 1239
1610 364
769 1444
537 897
631 295
383 1296
582 1075
1683 928
1557 1163
1556 1263
766 696
311 580
824 1228
1467 1480
1524 891
0 13
1238 739
1589 740
868 1637
1559 483
1370 512
1536 1078
423 428
178 1642
769 936
56 677
1561 827
440 613
1668 383
1258 1406
945 1378
482 769
724 501
944 1458
814 891
248 966
337 930
1567 922
1485 1573
1449 913
888 1240
297 1146
1050 1117
102 91
345 790
802 1350
491 823
1473 953
348 211
472 1110
584 61
555 1104
1423 1287
930 173
61 112
1088 148
450 602
235 151
1033 20
682 1425
89 1648
1298 829
189 1132
1325 696
1319 1392
1093 424
1353 1344
100 947
831 328
504 1092
596 449
451 366
1326 1064
1212 1215
1444 1058
467 1129
387 392
827 1532
1647 1350
728 700
582 1113
1458 305
1629 1197
1541 1566
656 151
267 1359
235 52
1375 550
596 1043
1669 360
1165 1390
1677 692
1040 1424
1475 135
1693 503
1001 823
1615 1061
562 154
1542 885
1469 1373
265 65
964 81
391 310
239 258
613 772
1574 1300
776 34
423 1336
53 323
1381 1205
1104 823
1205 740
1433 946
1618 1159
332 1025
569 418
1201 546
904 918
274 1483
700 712
1530 25
569 383
1253 417
57 470
489 1091
719 1030
414 730
873 1410
1577 1261
1632 503
1545 891
571 1434
452 816
1617 797
1064 1492
1053 622
770 174
1210 298
658 994
666 1380
675 427
1152 1457
86 443
368 898
842 799
1602 1658
1335 902
305 1382
334 269
527 345
1049 1055
1571 882
1140 410
1162 1371
781 660
928 388
716 456
263 731
1200 464
424 967
441 1512
73 281
801 488
605 895
760 533
336 1688
459 1288
1672 129
297 597
533 685
563 231
960 25
294 558
1277 525
438 1484
358 129
43 1351
889 305
1016 1248
1658 9
1425 584
614 228
856 1592
1427 1659
547 505
237 665
940 872
387 565
120 1038
1462 269
857 421
551 1107
256 1161
451 1517
328 16
1305 1620
97 704
1233 40
597 376
1636 1022
932 126
981 72
794 225
579 31
630 460
1248 1149
1152 40
1368 1513
994 285
962 1253
671 1184
1396 877
1507 1499
765 1521
1032 355
1259 676
307 1414
230 878
840 1128
338 1196
1219 174
1586 1241
1595 64
860 1099
228 131
1661 1228
1328 610
857 961
998 283
1513 1190
77 1657
1009 16
831 1153
1196 1631
115 49
1007 926
1480 594
1235 1306
199 1541
990 192
2 104
1270 1627
1534 328
1646 1355
757 121
1589 290
1098 88
903 1631
207 1656
775 945
690 864
312 1107
1397 943
1415 624
1330 963
590 326
668 1587
1010 1571
515 802
643 188
1333 325
77 1085
563 552
822 1039
1637 907
548 944
445 644
265 600
1467 1283
102 1189
735 1432
781 164
1096 1564
283 135
729 1028
1563 1
222 94
456 765
1369 472
139 1181
525 58
918 1488
7 796
597 365
1002 764
569 901
553 656
791 141
1038 304
20 1502
333 453
121 754
158 1089
718 1088
316 433
809 25
1169 1647
8 943
1620 787
10 288
1643 829
845 1221
682 572
1114 68
209 1181
899 1619
193 297
1114 335
1100 875
1073 1504
563 254
423 450
623 1635
507 467
1175 958
569 1001
656 928
1682 65
661 679
1365 1053
1079 1056
1588 1343
623 225
1329 644
65 1090
15 209
694 218
882 277
1226 420
187 590
472 974
466 945
871 1193
770 1420
806 878
1692 1443
869 870
451 418
1265 783
812 901
1254 1651
1028 623
98 550
1661 1087
1462 1495
358 687
1516 1016
965 1537
771 686
1658 529
1571 481
1070 1050
1501 459
369 917
307 649
812 667
297 814
610 160
1249 683
955 1613
1088 975
1038 1398
887 599
1658 69
1019 913
404 1664
20 117
66 580
934 320
737 431
990 1317
817 178
876 1031
848 366
578 1267
207 881
514 1100
1272 596
167 410
64 1395
19 585
79 1111
1330 1173
181 1297
860 136
982 528
409 1483
694 1124
1561 1661
497 1608
1590 1047
1310 797
350 1202
1103 717
708 252
122 456
803 1580
19 1201
514 344
654 134
334 692
954 1624
83 1359
508 1611
1402 691
628 1108
225 1529
607 235
1146 365
126 1560
1324 794
1694 1576
593 1642
555 559
619 1664
425 1671
41 1340
1244 1125
1296 1438
1027 1409
19 787
182 1505
440 895
986 858
450 1636
946 1658
26 243
617 1323
1409 1594
488 441
840 1267
1654 818
334 1146
816 149
851 1313
667 100
1358 1205
583 1115
1119 302
163 1275
402 830
1545 430
994 1194
652 783
1439 510
1610 1464
1516 456
1085 713
1435 925
182 1038
1243 608
1342 66
837 1058
1645 433
87 236
942 1556
1400 1138
586 769
804 1590
713 1624
296 745
170 1301
1277 1123
95 1688
1459 918
471 955
822 1480
1184 555
1543 1379
91 959
1176 1544
905 982
1555 726
310 71
560 1507
576 55
20 0
831 163
1041 281
634 719
1365 702
1469 1024
1177 16
1697 938
453 1128
688 1044
794 1187
650 130
298 352
731 1058
1424 536
1049 1455
1170 3
1060 954
481 735
1165 999
121 1545
822 581
435 1123
1600 271
832 1121
1626 343
189 533
1516 178
903 1196
1495 1545
748 561
146 1635
552 13
1446 1627
1504 63
977 1372
1293 309
1354 678
247 498
618 86
1546 91
1493 1291
579 1065
1229 1050
338 1085
172 570
132 1671
876 1354
1324 1604
551 586
399 1644
1636 197
1545 687
333 319
898 920
498 1296
883 708
265 597
153 849
548 1217
86 971
1110 1510
604 1619
1306 640
862 1625
611 1472
494 43
1189 1216
1270 1554
273 281
40 404
1197 934
1691 490
252 1206
588 166
85 664
864 1154
446 265
1223 954
494 651
1144 877
389 852
1238 36
593 943
479 653
392 59
1338 767
1479 424
1581 1139
213 1051
809 1661
620 988
1213 1536
157 1646
243 200
495 1626
262 756
527 248
1397 1308
1272 39
434 753
1158 722
1274 1092
869 997
1151 37
1515 618
1593 903
1351 375
933 802
846 273
1294 1373
721 1098
3 1112
1363 1167
1670 346
45 46
483 640
35 1314
1220 864
27 1402
778 603
800 174
591 1247
578 155
736 192
108 1350
247 353
672 293
552 432
510 1332
110 150
654 849
158 1632
1445 808
1017 1549
127 93
107 38
710 626
608 170
1148 1153
1608 1387
1210 651
532 1369
21 1129
1413 788
821 421
1154 1672
753 1232
1543 1059
1338 1618
39 737
615 281
766 532
1026 205
1119 256
887 1446
452 1512
795 1260
1223 829
1689 262
494 51
897 375
1143 736
1503 472
265 1273
988 1364
1552 1376
1347 40
863 118
1174 287
899 487
875 1501
543 1355
1572 1465
1275 1223
280 1540
320 306
1130 658
1376 760
1340 974
1398 1256
910 443
758 1120
1652 563
925 502
705 1091
1155 1496
514 1234
1688 137
1593 1549
546 63
1287 1613
74 1064
979 883
652 1471
1325 1589
99 931
1129 483
168 1037
388 1620
418 424
455 604
265 334
279 38
1680 1057
114 917
67 1697
624 448
1690 1288
1068 621
486 518
1654 490
1647 1507
955 810
1456 194
1637 893
972 1021
55 336
347 1264
366 578
860 658
1380 312
439 179
1235 710
742 760
166 174
336 132
1608 692
413 607
944 318
1176 1175
1676 152
910 1361
912 108
1391 1230
724 949
540 671
400 1475
1175 768
479 1595
1449 466
884 1604
785 382
38 784
1513 950
1036 442
137 714
11 826
220 630
1334 264
1584 182
153 369
1463 454
413 1348
695 150
1146 1416
187 601
1077 1099
1640 104
996 782
504 610
1152 1663
470 1545
1348 254
2 1621
307 1575
920 222
1616 834
492 189
1604 1464
917 864
187 1046
1501 1288
363 1306
261 653
413 397
1456 1027
448 228
1014 223
383 1018
1455 925
282 1466
1354 716
1256 224
1663 1320
669 838
1544 1384
1215 1571
1469 1672
493 700
1068 473
1093 150
230 174
894 28
1530 1698
281 1579
44 631
407 836
1329 727
1580 243
628 1667
347 1392
999 1566
1370 733
567 1443
1104 1593
1166 1578
575 1425
1296 938
1140 349
1264 955
396 1193
791 352
521 476
317 142
723 1003
546 300
1443 1300
1179 381
154 295
438 353
1344 388
159 953
1649 106
148 1426
398 1687
842 1492
1082 183
1267 823
106 1286
898 213
510 227
137 473
144 1027
1224 1237
875 345
1461 459
1666 628
826 961
1681 1165
562 929
780 243
1126 1682
199 1617
64 684
1508 1653
91 562
157 1324
1686 976
990 447
1533 1652
160 939
134 661
1583 112
927 697
770 1128
558 1268
1502 281
1184 1104
405 93
1391 1315
499 1089
727 71
519 997
704 1161
1579 899
1508 1247
1167 1687
540 764
1073 41
595 516
1479 395
385 1527
356 853
1431 1134
1573 1160
348 102
839 526
867 828
311 1300
616 1316
791 197
1661 1225
1575 599
1017 1206
1464 927
1550 762
656 1543
1595 96
328 313
1246 655
128 244
568 1147
543 558
646 1088
1134 552
1686 535
1019 1268
1119 1223
1368 1412
1404 185
1191 1093
375 1192
953 199
858 76
591 967
933 1112
404 401
349 838
1645 1458
1681 880
1467 800
516 204
1148 937
1686 1609
1566 925
648 213
1049 1435
1109 1501
188 1377
1267 938
370 429
390 1333
1292 1226
1269 1527
48 653
1424 362
479 478
284 591
930 891
1699 1549
485 501
1455 1666
1410 1360
689 496
1179 1477
605 488
509 306
200 1613
429 321
1280 717
1380 109
519 1196
171 832
1567 308
38 1597
754 761
337 382
1571 327
70 816
244 999
1181 748
811 260
569 818
1619 1292
1615 789
946 929
1063 811
504 1289
623 938
1319 1269
359 177
475 1447
1042 1664
38 1094
1534 1054
1087 93
1571 825
1025 80
1001 898
422 1364
138 543
380 179
906 1170
1181 126
304 1445
880 692
335 1041
513 980
1496 611
1251 913
1461 1683
887 1622
835 282
1578 305
1061 771
1375 264
1379 593
1116 1166
1334 1266
556 1056
590 1639
1343 1633
1433 807
242 597
1598 749
576 1006
159 713
253 1617
52 999
1688 1029
1390 1506
1490 639
565 1516
1187 733
750 900
530 899
212 645
1381 795
1173 917
588 308
317 861
179 304
146 906
1477 1458
872 1696
553 1589
286 940
51 708
588 1300
1524 674
1584 1328
851 1025
120 304
1671 506
836 372
1328 1522
1647 1462
1376 459
124 180
115 343
1301 1673
1130 836
481 495
1480 392
170 912
271 817
995 1604
1187 419
960 1087
1352 647
1056 1395
1107 123
1430 185
1125 950
547 785
1070 527
704 777
33 796
903 1074
347 714
89 780
1169 1507
1457 577
424 242
1142 1203
1244 608
1587 727
999 175
1641 976
782 1064
331 689
798 1239
857 1398
1066 1639
974 633
580 762
10 818
1212 730
1 714
1530 405
1259 883
343 257
1259 1344
389 221
170 371
614 1126
1380 1251
872 1616
971 420
1379 112
511 1238
1615 1227
204 1297
684 939
25 1018
1050 1527
381 908
1396 122
891 674
1628 336
268 1493
1366 1225
832 477
1096 1408
672 799
284 880
956 1467
468 591
540 444
960 280
741 551
1515 332
1077 302
686 1506
455 361
267 102
1401 1442
329 303
1106 1433
1626 1079
1612 997
544 226
98 1350
1153 1335
94 582
5 278
620 1215
1499 542
512 494
949 617
1321 667
197 584
1447 389
1059 1532
625 750
81 1390
759 1432
1527 625
379 1451
289 387
1650 1589
1138 430
1562 1357
1285 590
1310 1220
384 1331
976 950
919 485
1418 862
1585 102
1320 479
1177 1125
1547 284
960 1475
1189 421
874 587
846 859
637 1333
842 1557
1543 813
1058 143
1348 855
1332 1672
422 1526
1536 484
499 1662
506 1364
1537 173
133 1161
465 172
1670 553
735 115
1565 1395
599 700
930 523
452 134
475 806
1003 1686
82 1039
908 336
1414 1608
197 1425
790 1304
152 631
960 357
592 1474
1369 1078
939 937
949 593
1584 1176
266 1396
280 106
365 160
1184 927
1291 689
29 722
765 745
1597 1325
1123 462
1371 712
179 873
935 1437
122 506
994 1311
370 1612
1630 1620
1687 687
30 120
1574 1039
1381 568
213 974
1126 1047
908 1535
447 246
1679 913
741 1567
1172 853
647 242
805 1443
44 740
645 1293
516 1555
1183 485
1161 1385
1239 995
1116 758
1439 870
1644 386
860 304
142 1394
1653 70
296 1158
1020 262
1470 174
842 666
39 284
1321 839
828 413
1611 1344
1305 1593
1326 786
1454 833
1025 652
1144 992
947 1603
240 365
527 1539
107 299
900 787
1245 904
1084 146
1647 881
1509 841
1501 783
723 1137
52 1529
53 1310
789 1165
1091 976
1673 1129
1246 1529
933 763
1225 1043
555 1298
1515 1297
1268 1295
1269 267
9 290
1341 936
1641 828
39 920
547 1001
949 403
987 891
1311 198
292 49
767 520
250 1506
950 130
998 698
1675 1401
1471 1634
10 1229
258 901
1196 943
427 764
706 845
988 971
824 1497
1306 1317
1093 1576
833 696
989 566
1372 1301
183 436
133 987
823 1149
1479 1093
1134 1050
760 747
1357 138
781 1111
1264 1615
1492 791
570 1406
1591 1484
434 779
988 243
941 292
930 139
1555 181
718 544
394 1508
1392 942
1357 637
375 872
1442 331
958 1655
299 1423
1581 972
262 548
164 932
1469 1472
1446 1297
526 1270
287 1538
1494 1139
984 1071
598 1012
474 125
69 308
1176 1666
166 468
1481 1444
1681 1090
1647 1455
1359 692
1456 1413
157 1471
364 1487
275 1045
735 676
5 676
61 1288
481 1595
1281 217
1258 1637
1104 584
419 1177
1579 469
1089 966
205 70
1325 261
845 161
768 1655
1678 643
906 915
679 1150
654 1528
1289 402
1363 935
262 550
87 1491
1218 1570
1071 533
789 1293
802 349
1198 520
816 453
1343 619
1588 1272
1596 1688
86 1178
517 181
579 237
605 801
613 724
753 133
1384 834
963 669
1222 670
301 118
1075 1560
599 1521
1557 330
1630 964
293 126
1325 303
426 723
52 1651
343 556
557 966
713 782
1587 1511
352 1186
859 1591
685 383
1083 1213
728 765
1499 1601
860 1038
1275 1406
22 1352
1267 1266
482 1541
724 2
1043 206
1234 668
744 1226
768 215
1392 1058
1115 647
147 1027
558 981
673 687
1038 641
1112 1428
1370 1521
1660 31
342 1676
476 1253
1633 161
471 1596
1535 57
443 1258
1337 1221
543 384
1530 1325
388 252
1221 687
486 598
832 695
521 1139
1230 1420
1218 1248
1620 1621
1297 478
1141 1017
1527 1617
999 1069
34 70
1618 442
461 1232
811 997
1018 1419
1232 616
516 1664
241 927
1663 1583
1083 1558
595 1676
456 392
826 18
894 75
1298 792
1163 1418
982 594
1344 883
1256 65
379 424
1563 971
790 1692
211 1097
402 1107
1202 131
1188 1301
1375 972
501 617
1233 1534
276 833
385 1378
670 118
1663 1329
772 62
201 1240
29 1583
1307 957
253 823
0 1403
1249 1128
145 171
1618 1245
1409 1289
361 531
384 460
1428 1638
415 793
284 884
1302 1625
1042 370
301 47
1664 1619
436 307
1634 558
85 316
1683 1689
423 1365
1062 217
700 1204
785 1568
612 1289
382 224
1076 664
1507 1038
20 450
1102 734
458 1108
933 374
546 1384
901 1380
799 160
1303 566
160 1548
90 184
919 1085
698 295
448 1524
567 999
710 928
377 950
811 13
614 760
1116 412
178 1601
997 1293
771 890
492 497
608 657
1090 1141
1212 237
402 965
250 1525
428 1186
792 646
384 446
1403 46
226 610
295 239
1166 819
1442 356
664 508
403 308
1580 1610
1592 261
328 1109
1604 836
1429 726
133 627
405 1025
508 810
1680 1365
514 138
725 1515
231 1201
1102 1675
1535 131
1040 704
673 166
929 76
764 1357
200 218
1491 1489
53 751
812 717
1563 1102
1181 888
1444 731
869 735
1120 379
1346 1531
321 976
143 406
1687 542
1336 473
478 1405
309 116
1533 1431
673 1280
1303 458
1601 310
1603 1675
236 1185
526 1239
376 1015
1481 731
464 1064
358 1494
935 824
948 1293
594 1563
417 1042
756 733
1603 98
888 917
87 1039
681 943
1499 1381
1122 1277
985 76
1180 251
1414 1262
1286 185
415 333
1161 1409
1399 1173
1155 1422
1225 642
217 1560
271 1564
1336 1068
466 1512
445 1284
298 1368
39 832
342 1544
1530 431
573 1440
809 1397
464 578
1161 1511
1007 1643
336 83
1351 1394
1214 1304
1347 1121
1302 27
804 197
1418 194
466 434
1383 1508
1137 403
852 226
279 82
1424 1345
468 293
1440 515
863 670
1215 861
1554 885
131 856
1218 610
312 538
1379 958
865 500
281 117
743 532
180 889
1319 992
926 1411
1453 1250
298 1513
884 1497
1012 1619
1105 1113
1408 410
556 616
1216 623
74 572
683 808
931 152
309 1511
877 1077
1266 1332
1452 483
14 1006
257 1524
1032 700
759 1286
791 1186
1651 1538
932 686
1077 1007
477 500
446 843
1033 45
102 591
661 903
491 162
195 750
525 290
856 261
923 677
934 586
1051 177
389 520
647 297
1177 1258
1092 1396
743 386
1135 749
879 523
988 270
679 149
90 551
823 958
1574 717
1034 500
283 1645
973 469
43 897
657 653
560 1169
763 349
930 1620
1038 1509
806 48
250 118
545 1053
239 1261
425 392
312 1276
1137 573
711 660
992 1628
1078 236
419 924
1548 885
123 1618
235 1297
1040 1363
593 1300
678 258
349 1508
90 430
787 948
3 1528
1093 967
86 242
705 263
88 478
1528 435
1437 978
1450 1132
1286 1514
984 1140
1608 1061
52 976
718 1043
588 399
1482 455
1183 458
598 497
980 817
15 471
193 41
378 1396
536 201
448 9
800 1469
1583 893
1206 849
1365 658
1385 1466
321 950
1682 626
423 149
812 496
235 1299
797 1149
1384 300
290 357
1021 40
1694 418
558 1101
1190 1645
770 238
1070 1216
910 419
891 1695
980 1245
871 1570
1388 1220
700 731
1632 446
1332 1166
1602 346
628 1365
1315 598
1049 295
903 1150
932 1152
1173 581
912 349
1264 396
1205 1597
527 1400
479 916
1536 313
133 1298
1588 561
1581 861
1322 304
709 564
422 869
944 1157
1284 801
138 1327
1698 652
1343 766
1431 119
1445 1280
1134 990
468 1679
1102 971
388 1640
1418 1553
1105 1635
1154 914
1279 635
764 1201
1372 24
156 626
828 1354
1102 208
524 1430
613 485
652 841
884 995
1232 987
780 200
694 1236
1053 1311
763 802
1215 619
636 997
1407 1257
309 71
1203 1171
976 214
435 1635
845 551
977 371
687 163
894 1514
1502 374
1269 471
1326 1379
1242 961
1238 575
976 1454
746 624
890 554
1046 750
76 1309
1056 1132
1510 505
552 375
108 1611
1431 1652
1313 457
1569 106
1408 1077
1260 714
146 3
1542 1295
1281 651
1641 209
1472 358
96 262
396 1432
1341 1230
851 365
75 124
923 1234
494 388
710 607
1573 667
251 97
1092 877
789 180
1255 762
755 833
663 1274
952 1030
1236 119
1576 1167
580 1252
1262 771
1623 979
1562 1669
961 1460
886 443
1137 323
654 422
1317 1201
888 509
342 940
1024 959
538 393
1528 842
1590 1126
1135 780
795 1607
554 67
1003 321
55 289
481 572
499 1246
221 1542
284 466
50 1645
609 756
1422 213
1107 1034
1401 268
491 773
375 300
451 1444
423 575
658 1305
911 913
1190 1393
304 760
1401 945
1374 1191
302 1275
102 54
1131 379
863 606
747 1124
1321 1363
780 760
1 778
618 1187
1287 1607
92 565
1100 867
1465 659
1149 656
1244 1407
1298 930
1033 1127
474 475
503 1220
789 7
683 403
37 1332
643 502
1076 547
1383 1247
782 232
498 484
1203 598
751 499
199 1527
1090 274
374 669
519 679
2 186
156 181
961 775
424 1451
100 183
187 1532
331 1625
1374 1477
236 783
400 542
1158 906
615 143
355 1275
1205 966
124 789
346 475
1693 431
1658 1302
260 113
1171 1618
192 913
836 1045
828 1305
653 1339
204 878
534 1457
183 493
1567 1037
1221 1422
677 661
435 1106
2 1572
1043 1020
899 1676
637 1457
1208 928
1216 604
901 1476
1133 101
35 393
194 432
1279 562
658 801
496 236
1311 1601
123 720
1316 611
549 1051
616 611
1511 796
185 1385
338 713
1144 129
1396 450
376 241
721 1688
1341 1049
490 108
203 195
1423 1381
1105 1254
335 595
411 816
354 1508
1494 59
532 1155
111 1258
376 0
1314 1338
456 216
1093 1387
847 1386
644 1146
131 1099
1246 215
1020 1464
1406 843
1311 151
1123 358
1193 1556
657 479
1370 1640
846 96
1333 979
688 1603
158 53
1239 316
729 1550
599 649
1089 1606
593 449
369 967
1538 612
1208 864
1393 734
706 866
1147 13
563 1334
329 564
1388 436
1291 1404
632 1333
876 1421
987 1298
1628 679
653 916
1019 1676
703 1525
1 1401
1537 515
214 1292
1043 681
54 612
906 1226
1322 182
827 1514
75 1403
470 706
13 1594
6 354
103 1231
1617 1199
1187 1262
162 171
46 1309
1473 1394
1567 907
1396 15
842 786
357 118
1546 1184
1294 470
1217 1390
887 307
920 980
61 783
650 294
1517 379
401 1226
609 234
1518 570
1316 1197
974 84
732 740
895 452
1593 1419
914 800
1139 1039
227 1373
1567 1392
311 803
469 619
1596 132
959 302
1691 374
681 46
834 295
506 725
263 236
615 81
518 1565
1433 534
332 797
651 684
604 52
361 1126
1391 1420
911 1638
1117 6
1131 413
26 783
1111 1409
1375 1668
809 380
1695 648
715 877
1200 842
1371 371
878 657
119 411
42 1256
979 1508
215 612
1186 458
1095 1582
136 1669
149 767
1516 1527
603 61
131 738
1002 1122
1485 220
15 992
392 575
392 549
1253 34
1328 1038
1581 1633
360 418
549 829
1655 752
983 474
143 81
986 1590
633 598
1634 173
396 1654
1069 731
1529 1616
295 522
128 1460
1270 1388
1476 32
1136 705
1057 658
812 428
1599 1407
969 1681
654 29
1018 1428
1342 1234
988 1199
1517 1167
683 399
751 1275
722 1583
1510 633
1114 957
562 458
1200 214
782 1690
1374 1400
1423 784
237 988
1258 1212
635 1173
1220 1555
432 693
10 171
13 1027
1657 1602
146 644
841 102
948 230
942 1654
1679 389
1588 1633
458 1233
446 557
126 748
252 787
418 967
1255 1179
825 1094
805 534
884 1074
1220 745
1422 161
115 1511
1250 1300
215 1205
1568 1454
930 217
580 378
1072 335
1496 168
596 1225
1402 626
469 1619
980 643
352 1391
1699 372
878 1098
1130 1459
1181 631
1185 1135
322 94
459 760
875 397
359 366
1163 1670
518 1254
1575 209
63 103
724 1363
280 1026
477 160
972 31
1419 260
1402 710
1001 346
845 472
456 742
652 1652
1453 622
1 702
1488 328
56 1490
660 1399
842 1136
193 602
750 1149
883 1017
920 1106
1618 328
340 88
627 1375
976 638
1370 746
598 1565
1389 1077
663 1031
1699 198
1381 263
1612 1041
236 459
481 1364
346 6
1626 330
597 1146
1553 274
238 1210
238 997
996 559
864 692
652 1164
471 239
380 935
1694 591
1487 1607
1560 320
1254 225
414 129
1417 875
1609 545
1314 1368
359 1520
113 983
778 1344
110 1246
292 1259
401 354
330 1658
1451 864
642 1623
1289 697
137 92
725 1133
318 301
1364 1172
40 1650
778 1103
370 1437
1313 652
1633 280
804 1314
1495 82
81 406
744 1435
1528 74
1163 1494
496 843
631 698
322 967
1510 1070
529 1287
1052 1453
977 849
1522 1051
1033 583
1384 1247
1496 62
159 1200
226 477
1271 1059
1174 640
761 523
1509 1062
1337 841
1299 1459
1279 1341
542 1392
922 7
871 514
982 866
1455 236
1363 839
386 854
328 843
1550 266
1062 1495
897 940
52 370
1549 1428
144 225
682 1489
1634 193
1504 554
1239 79
1687 155
1244 989
894 1043
742 140
1026 1351
715 370
1063 906
1102 846
47 389
104 1667
303 696
1360 79
1082 1446
61 1583
1254 921
559 1037
996 438
167 163
1064 1385
835 1466
822 776
448 1599
1393 345
1142 486
293 1099
321 742
237 1642
1148 21
560 1647
289 565
917 155
398 268
751 1310
582 1297
938 895
350 910
1125 1113
272 1656
761 931
891 845
309 1429
1210 618
64 756
1362 909
373 1470
95 132
1416 333
1174 1333
675 905
1569 1286
636 1543
827 1540
1137 751
1661 886
1417 867
1630 1270
62 1629
11 815
171 288
477 1295
964 1082
407 251
1450 685
1342 1689
1141 1307
1326 1242
43 252
1497 779
1209 374
1029 647
830 197
1073 517
701 181
1294 1469
489 368
753 467
320 748
293 50
512 457
161 581
700 37
1136 174
1240 1299
617 1082
524 757
1267 1168
353 837
748 1668
741 1057
602 635
117 899
877 267
80 1000
1442 1484
637 507
872 152
1194 977
171 199
1550 715
727 1598
582 1379
1641 1435
1382 1548
1684 960
1478 173
1593 1621
78 1337
777 1452
1241 1247
1431 1471
1190 947
386 1002
188 97
1545 1221
1449 1604
441 453
1592 1012
1539 1304
249 687
515 1159
49 230
998 1505
1020 985
1658 838
838 1259
1149 833
1200 1064
1669 1694
1391 178
377 821
381 1596
56 1398
1225 1275
1212 988
700 109
1175 921
1370 614
138 1167
996 1590
719 16
1478 56
503 1366
1497 753
811 807
18 244
662 742
1231 295
956 996
1024 358
1255 1003
893 484
1303 1391
646 134
1207 1548
187 1663
1294 1216
181 125
1403 408
654 806
1136 733
128 1312
655 1293
476 1343
28 1415
685 554
1339 1679
600 1655
732 78
458 403
50 561
760 200
699 39
652 555
932 1599
503 499
1562 949
197 1440
93 1632
1426 857
1461 641
103 1696
1412 1386
1361 1125
49 1056
1118 168
336 495
983 181
48 1098
958 402
1072 871
1317 1386
1123 290
564 357
1383 1017
1375 1660
1675 707
1093 880
974 1616
506 1238
357 308
1583 1299
817 251
504 663
874 270
491 1061
832 203
831 529
1455 354
1647 1584
991 1107
529 847
565 1016
267 192
1264 1392
1222 60
1500 1602
1026 652
1492 677
1453 890
1255 1303
287 1515
1460 1556
905 1279
795 568
336 573
1413 935
1379 1483
837 1196
1408 163
268 179
1034 29
172 1693
185 757
944 606
1258 532
1481 1390
1003 1597
1269 721
449 1606
833 244
111 532
348 1227
462 105
280 1025
1214 34
788 988
1144 1261
1509 465
1571 1682
1323 1095
1510 1526
1414 1359
1082 728
350 305
1263 145
315 748
1089 1063
1662 936
66 504
325 1124
1133 1288
994 622
734 1443
220 521
1007 256
418 400
171 695
819 1602
1587 1067
384 114
753 1395
360 415
288 900
1146 376
1072 963
1671 1312
838 1353
614 555
1097 417
286 1511
1602 1115
470 190
2 948
947 388
1084 159
703 976
125 1098
203 1378
1496 1393
1610 1013
1318 1142
619 1049
1183 600
435 1547
786 348
447 981
1058 1054
835 364
1252 75
654 495
622 1311
251 4
483 43
1309 377
1444 437
273 319
1142 1355
20 1022
375 152
1235 601
1137 843
725 332
20 426
224 969
613 1424
1691 664
1492 348
374 349
498 1132
1154 28
1194 1188
1456 1304
1121 1150
538 965
576 898
610 939
862 262
1 971
1617 773
1550 717
790 321
919 1685
487 1680
361 248
935 97
1276 1107
366 1608
406 1592
1567 1587
699 153
1404 257
666 901
1473 1528
1075 320
86 316
990 722
1010 1341
1570 583
893 997
1629 1
227 593
1526 84
869 196
1614 130
771 533
1159 1536
609 1507
1252 596
1244 85
913 500
126 1374
1072 870
299 1438
875 1327
427 1114
843 1185
1558 585
473 1218
526 840
99 847
1427 1355
612 742
942 52
359 1685
883 1653
1137 153
66 648
658 1662
671 713
1677 435
95 826
1126 195
1478 1051
353 635
378 1416
942 10
1190 1412
318 1390
1075 272
1144 1319
1397 590
288 385
1673 363
149 1377
1141 1659
1440 1061
332 84
733 60
592 199
228 232
739 164
393 113
416 486
1396 381
3 1447
1671 937
613 1639
1477 692
1490 1235
525 848
1508 1377
1092 571
1159 1245
836 1564
1083 1642
1010 1415
542 229
857 400
1252 1403
604 958
1315 458
545 994
565 806
161 1240
455 386
652 704
122 1406
396 1556
80 1425
179 968
1284 1452
1330 1198
774 343
419 10
1193 1577
828 241
589 933
956 982
826 1226
1513 1059
1408 1389
1016 113
32 389
1111 901
1184 614
1239 1553
865 440
706 1178
498 1571
1686 687
1063 159
1165 263
834 1410
879 902
1358 1403
703 662
1264 1654
254 919
1283 1555
1173 632
355 357
1573 576
796 1555
25 405
220 460
1201 342
1326 1312
1173 1136
1068 1211
1492 108
1437 612
873 739
893 1299
1297 479
1224 1266
1252 71
116 474
828 380
67 911
339 885
632 396
1408 9
1115 242
569 885
1671 948
640 1257
28 1610
1569 346
369 1392
764 1562
1168 838
1692 775
1027 1289
240 1590
1591 1490
1294 820
587 825
1515 474
1028 260
570 1679
1204 1502
454 156
649 1371
1210 61
397 35
867 1016
850 440
31 101
848 451
1089 906
424 1229
146 746
1610 194
1667 230
1433 637
1239 163
1499 304
274 810
1626 1233
347 1659
1640 849
294 819
1544 927
1101 1623
539 1694
837 1360
471 1484
29 1440
680 96
306 1656
160 885
166 1447
434 853
208 1211
43 286
919 34
126 1645
1172 6
1400 1444
1105 1565
1233 107
655 1074
1375 529
800 1332
777 303
294 621
367 69
1063 756
313 1501
825 49
365 376
907 1299
892 1378
533 1234
674 1422
795 233
584 1637
1513 168
18 1288
1030 808
1112 1296
1624 1347
858 1338
1525 389
211 1236
475 241
1192 236
1659 1030
282 1423
138 875
1633 1213
565 731
939 719
323 503
1676 940
373 309
161 1510
1048 1062
1136 944
766 249
488 1346
585 757
173 1637
1087 652
1028 590
1599 364
1474 203
1073 1633
1183 365
987 972
729 378
129 1658
410 302
1653 1247
473 565
876 729
561 819
1320 310
1661 1406
1002 1277
1147 258
51 1386
968 331
1391 458
1059 813
1543 621
1186 91
518 1113
1669 549
1482 312
23 1096
1045 167
1372 339
1040 812
417 437
1197 283
551 974
1281 582
660 932
0 1101
920 884
1649 1323
1066 469
1436 1461
1478 195
776 256
4 1408
139 293
1157 1525
1597 709
529 1055
1663 560
1593 104
1460 955
1544 103
1356 502
187 1281
825 869
681 1580
909 60
1016 575
1424 799
193 912
489 191
1225 475
750 1398
1512 1531
1086 1663
1591 1096
1517 1093
1577 1331
1657 1241
1042 768
239 1111
1070 975
1191 1185
128 821
674 167
1477 1685
723 1057
161 1110
475 1297
210 681
110 742
1626 1192
1384 160
1243 1193
42 1064
932 1399
1201 1386
584 1583
952 683
1551 1581
144 150
346 537
1457 1116
854 105
1333 175
534 929
439 1114
521 431
260 223
1313 814
1561 1412
168 259
552 924
340 567
379 1384
882 96
885 676
1684 1676
399 1119
1312 1193
1343 1558
216 829
627 616
1167 1208
158 1310
220 956
851 1536
1634 919
146 1237
1443 16
518 1176
588 1559
269 718
615 1054
1038 1115
1482 1128
761 545
310 1301
740 9
868 1247
1407 1422
383 1236
933 810
762 1396
303 9
112 1299
502 702
1046 1385
141 24
1085 464
508 349
611 128
289 1516
1552 459
1342 276
1696 1360
767 477
342 286
350 120
1176 589
300 767
56 900
447 1183
1690 962
1444 430
1237 227
419 913
1006 733
716 1210
1389 1099
83 1470
513 125
310 371
1499 1522
1369 587
995 1251
1478 1077
720 916
446 597
894 1447
272 359
902 1146
806 720
361 1122
1303 145
613 1077
1162 700
1173 470
1135 459
604 225
1290 1013
809 1536
133 616
1428 212
555 852
228 856
466 1497
1354 1360
499 1220
313 1109
845 789
1699 693
414 149
1236 212
881 1537
814 1662
728 493
455 1002
1295 5
28 1217
1115 879
1134 192
556 179
1014 806
1052 188
468 1002
996 664
133 194
1482 704
879 1544
1670 69
16 1128
1277 335
1486 1344
645 605
1309 1182
271 97
649 1201
605 806
1194 21
1483 769
1023 951
1665 674
1165 1619
706 1407
1390 1525
581 317
1365 545
935 163
530 1639
100 1182
995 918
1185 783
1233 1081
447 485
192 900
316 988
254 1665
1643 954
145 491
635 1330
2 787
332 644
342 63
372 1613
188 1045
1421 281
453 1196
1262 863
824 534
1211 1240
368 39
600 1416
1232 467
219 781
497 1359
638 1222
413 745
522 147
815 969
1528 782
1372 363
192 1404
1101 76
22 1029
1255 1354
1235 928
1516 716
1695 551
576 580
1098 479
1125 579
1207 676
351 481
19 881
1113 59
317 303
849 1414
234 1507
1441 77
388 186
68 1357
1471 1352
28 206
1534 655
1398 1323
1593 787
120 250
1539 1692
1026 1143
964 1270
1689 1670
1520 99
1238 809
1257 1386
936 622
1092 644
315 726
181 475
59 258
1557 1339
967 1687
294 613
1278 470
1538 703
17 846
1162 1226
1451 1307
856 520
1211 515
690 362
120 874
416 1141
1487 317
987 1375
695 156
574 662
770 1482
824 916
1489 1376
1100 1485
216 667
283 522
532 469
1370 138
89 1210
999 482
49 986
321 1488
652 356
55 137
764 1681
156 1490
657 229
660 1320
1091 1449
481 783
880 1379
510 1469
673 588
163 256
571 11
371 1306
290 490
1495 426
1464 377
1269 95
131 866
948 1572
612 513
1454 1052
871 1013
1464 1013
416 449
919 224
905 155
268 1649
1597 1589
467 678
1220 811
1603 23
389 767
23 407
172 602
326 1308
1407 845
1435 502
1214 452
1070 1088
990 985
1031 378
941 1566
1 846
1176 310
775 1392
831 754
1262 1608
35 460
934 888
591 1093
53 296
614 1390
1363 12
296 915
786 1666
1336 1145
1036 357
41 370
1623 1415
1612 1643
1024 1494
754 1231
1098 229
929 779
1414 497
301 1578
674 821
725 1661
745 885
320 1668
1528 690
48 1280
139 1560
183 728
1068 565
1573 956
1632 296
640 245
181 223
251 1045
978 1678
888 201
62 371
805 390
1317 51
689 1500
1008 958
290 5
849 1667
862 188
698 1011
1609 1250
507 577
1536 904
449 598
1664 1282
1076 785
1121 679
209 217
1010 351
1451 1437
587 292
403 697
1158 170
610 278
1684 797
913 1542
386 427
222 1166
1173 780
1049 6
319 1531
1699 1147
735 235
1555 475
1296 1697
1064 1000
423 132
1627 1622
601 274
279 523
371 682
232 706
467 264
409 593
1669 758
1675 971
552 1634
1540 1313
1020 206
294 865
477 610
710 1094
1453 1053
545 178
220 1636
872 834
660 609
561 1645
1116 451
1038 136
1055 1455
582 802
1152 1399
1103 843
270 422
1342 504
1100 1327
865 968
1365 936
1526 300
820 109
1249 840
630 594
541 1196
383 67
1356 628
485 1040
1355 836
345 255
1010 970
753 214
1229 536
1215 382
626 1549
717 808
216 809
390 632
1152 1320
844 1304
1182 856
248 1189
1436 1683
1681 601
863 301
1559 966
102 1340
96 64
1033 1029
361 427
248 833
752 612
836 167
129 1670
836 4
393 1429
1617 1132
1172 1096
314 657
269 596
267 1135
101 694
542 955
1688 425
702 820
272 755
1186 1420
1346 903
73 1447
781 1678
134 1121
530 516
1533 1036
274 593
198 141
883 1305
1185 517
712 1187
528 990
1449 1117
1152 536
1258 1271
805 637
75 46
344 304
1301 24
60 1199
810 1344
8 1295
55 473
1406 1390
856 470
214 1049
1417 138
1677 553
320 1468
155 1294
395 1132
1619 1226
543 397
1080 641
1602 1553
464 1492
252 1305
1471 1665
1369 1478
452 70
517 760
1078 1489
157 528
153 1457
1373 1168
1538 662
588 1039
961 1312
194 377
392 1290
348 347
324 1267
165 995
222 1425
1618 113
911 903
944 1217
1116 1164
984 73
265 82
489 69
1521 355
1337 783
1516 971
1186 1315
543 1573
17 1365
964 259
1275 1612
1337 1242
968 1286
478 882
85 784
400 347
82 644
973 615
294 1183
21 1259
1215 327
919 214
1231 1696
278 719
315 708
1067 116
841 1585
1432 592
924 53
1457 461
1314 993
166 455
946 779
1034 515
919 1183
813 1427
706 65
145 818
1160 1073
1148 1625
620 1010
1370 618
213 1510
865 1456
456 701
1477 1116
593 1606
886 426
246 784
1082 100
1246 123
1226 354
860 842
1507 1436
988 866
763 1470
1481 310
1237 156
852 8
1597 303
1580 1415
736 1158
1405 308
1448 791
106 689
492 1608
1249 1345
889 221
585 66
748 313
398 1401
1682 1323
1332 1373
699 53
28 76
243 1009
825 1689
1297 916
760 60
753 461
1625 1029
966 497
1033 1277
218 490
569 1076
363 572
1229 945
1140 1275
1643 1051
1653 186
1043 1101
1604 1457
579 1219
1058 81
42 811
1129 363
738 901
936 391
1057 994
1169 22
1033 1244
1005 1286
1161 835
757 752
107 795
1529 1655
988 314
572 1257
812 501
1052 836
1525 1679
253 156
1114 514
491 1050
18 124
1187 158
360 837
1004 191
1213 504
180 999
1004 733
876 486
41 699
4 167
1561 851
922 912
1249 1673
394 1165
348 730
1442 759
1489 1498
1029 279
1123 1500
1455 1697
1295 939
386 1194
1179 992
1688 565
1584 1014
1565 1254
1011 79
1295 278
482 175
770 1073
1382 807
238 1039
1070 633
1646 1303
398 778
1439 1266
1326 845
766 620
85 444
1623 194
289 302
308 651
415 718
1593 948
1006 548
1582 694
1221 944
1614 848
1322 1436
1228 373
1352 242
878 1297
1449 945
94 1618
125 48
841 352
1552 1498
1409 991
705 210
369 1451
928 1681
996 558
629 1091
1599 706
1562 335
355 1687
687 1007
214 1282
128 542
786 962
816 1346
1279 114
262 684
991 965
623 235
700 1151
983 204
1434 969
212 801
1062 1257
458 1198
954 1452
162 288
45 1260
147 1111
215 978
617 1598
1277 567
884 202
1217 606
324 1412
679 653
1495 899
1069 973
327 133
484 843
926 109
786 732
923 1339
1448 348
459 196
371 149
524 187
495 1376
850 303
1446 599
311 1372
102 1053
1150 1293
1073 711
267 336
621 880
522 223
1392 430
