0 340
1699 975
2 1020
1698 1300
1697 579
1696 810
1695 357
1693 368
8 330
9 88
1691 1389
1690 471
11 1348
1689 969
12 967
13 612
1687 1369
1686 1517
15 53
178 851
279 1203
1364 724
397 598
756 1177
1050 412
64 580
766 1570
515 1550
850 1240
1583 1668
354 557
439 477
1 1056
3 850
4 1298
5 199
1694 1494
14 718
1688 37
1563 878
1658 260
774 924
109 771
1338 22
519 849
685 841
736 159
616 698
378 1647
6 1232
10 1393
1692 10
16 76
17 587
78 597
839 798
327 1218
1305 338
1340 428
1299 1100
410 303
512 594
545 1083
112 570
1560 1341
7 719
1146 540
1652 441
225 442
1459 638
355 237
678 1295
1548 1138
299 1564
1057 1442
19 1199
433 508
268 1166
1206 294
1335 688
633 1575
1573 1052
1601 1520
1473 1545
885 1527
1351 392
910 109
1350 449
1185 163
419 439
106 1476
319 815
1085 1015
1377 1582
681 1332
1157 1505
1404 930
350 293
436 1649
157 1308
1165 761
1659 1195
894 842
597 5
627 57
1304 1319
18 1446
20 929
690 512
305 823
95 749
848 1672
1498 85
404 192
1552 514
1407 129
336 1289
1557 390
118 186
904 573
22 218
783 1413
542 611
1102 1385
760 627
650 1504
892 1026
21 1250
23 1162
369 1315
1490 1642
688 494
1509 1491
604 367
1213 853
1357 622
1205 456
893 113
997 626
791 74
559 221
677 1663
1202 1344
25 131
278 788
246 1370
472 857
1564 1281
1680 725
105 1367
1021 446
169 177
1108 15
24 170
26 1223
823 911
866 1640
758 1641
315 934
1631 520
1419 408
1003 468
689 926
1099 216
89 1146
110 1193
99 866
113 194
1410 1458
27 1464
28 1591
589 112
286 1374
1317 863
248 1660
486 148
521 1291
1296 435
1681 639
175 224
29 1622
1653 909
1233 577
927 1669
577 83
253 165
241 423
812 46
38 56
514 1382
1655 709
440 1048
30 460
702 796
507 651
1000 1212
739 372
498 829
1333 115
1454 1137
1361 151
31 1407
291 1233
1210 1689
1249 326
1605 562
1162 90
261 660
232 1149
1048 280
810 1397
939 1365
386 889
43 1093
75 284
211 1213
1219 1486
642 1269
638 1506
1396 11
1443 1487
1060 158
421 236
813 13
1148 606
32 1176
33 1674
881 619
696 470
557 161
1051 522
1569 1530
625 710
1584 1490
34 895
294 356
801 369
1284 1251
461 583
733 776
845 868
87 1610
35 1027
1670 1258
607 739
1174 1438
1461 231
1417 1130
36 1497
1622 1359
344 167
727 1327
57 1205
807 33
603 1584
856 311
37 592
1641 391
966 1210
720 669
612 920
1315 1091
385 790
497 448
1189 1423
259 814
1292 59
1618 1662
906 1331
706 1694
651 297
943 1450
820 474
168 862
811 1485
1526 135
293 956
434 662
815 566
950 1061
676 388
382 958
1617 681
384 872
680 1387
352 1529
413 1191
643 704
1144 1003
1502 1457
39 1163
1036 485
671 1019
1231 79
1293 1211
637 632
673 1459
669 497
809 1249
40 510
208 1208
762 1680
1150 1088
874 1643
592 1021
1635 433
1525 640
1230 27
1250 483
135 445
1088 653
480 253
41 740
42 7
1145 860
726 1678
494 578
1614 667
1642 1611
1575 1047
1458 1060
995 589
1406 378
254 654
450 60
1023 257
1453 1306
579 600
1047 732
44 290
121 205
1151 793
654 770
571 132
540 318
767 324
872 1008
45 825
819 233
1175 1273
73 772
907 1337
376 1634
46 1696
827 1167
142 1323
1107 1025
961 712
1141 1120
1263 904
1012 1661
1320 1280
47 1475
1477 207
230 999
1408 1372
976 936
1468 891
122 1005
683 400
48 328
491 1482
249 1590
415 348
1574 203
743 210
511 119
1038 524
267 1006
1301 195
1290 993
1368 1509
49 1261
473 1548
1303 70
697 1604
1437 523
659 1638
1324 1204
50 336
1209 757
936 928
755 270
1142 526
391 532
1349 1127
876 1184
94 1303
1348 1667
666 393
1201 286
737 794
916 1526
1058 729
205 1576
786 281
274 1531
917 431
1465 1346
1294 629
1566 38
691 1673
143 806
725 1617
1581 1226
1646 1216
1083 1320
925 1230
51 636
52 1349
53 1626
1401 885
1539 1141
923 387
617 547
1254 309
1225 1133
675 1373
1121 753
462 677
1089 51
368 804
453 1461
54 1202
55 1537
188 716
457 1412
448 377
970 144
260 1525
1607 937
1100 258
963 86
445 869
1625 1145
405 1055
425 1107
56 1493
1044 160
946 350
160 1399
107 1150
1153 1608
1521 1009
58 361
1514 1338
475 436
941 564
1594 1392
1413 899
1382 488
301 910
1678 1351
308 1456
1358 215
1275 976
124 26
59 344
60 1140
529 362
1474 1297
438 826
1262 1103
1256 71
940 694
1565 834
1015 1248
61 413
195 879
955 748
1272 805
1172 981
207 656
1173 1292
119 997
272 308
858 994
310 657
235 568
114 1325
624 1134
1416 685
1515 1354
1372 300
645 1136
734 966
1007 781
250 530
576 634
180 292
63 1017
276 1108
898 561
302 1114
614 95
922 1448
283 1481
630 346
931 693
1456 1352
62 883
499 1421
1422 1355
271 180
609 758
787 1347
778 1542
1623 1553
65 697
1286 1147
1169 984
1138 1099
1019 916
585 464
1200 1067
780 1422
1606 859
130 1154
1326 533
476 3
67 538
236 1221
993 1328
1119 1284
704 985
868 1157
1452 335
1536 1283
66 1206
68 181
247 1268
104 130
556 613
1123 1609
1278 945
693 1219
897 701
888 1462
213 1613
663 1437
69 705
333 467
98 901
901 276
1451 1409
1585 47
853 379
470 1342
93 1546
905 747
710 424
1321 674
198 1080
1137 1390
70 447
563 147
566 178
1466 730
231 96
182 874
731 1053
1411 403
684 52
493 1427
424 1594
320 886
468 596
443 1339
553 246
71 82
349 1681
1101 375
1062 58
608 1104
1129 1455
155 1074
887 1115
554 125
1555 489
467 845
1633 176
655 1573
460 1588
912 811
1389 1024
975 1237
775 839
1608 227
1535 983
692 1034
1159 241
72 150
944 675
1252 1652
634 775
628 1415
1313 1118
1390 527
1427 317
1034 679
1370 492
1082 1685
74 1296
990 876
238 54
375 990
200 1633
171 34
1513 1229
599 1228
574 574
1306 1013
1260 1016
76 1119
77 329
1323 1307
1510 1038
1447 1254
996 1523
364 970
1245 1473
334 1238
799 1018
1098 156
82 808
1433 1533
242 818
945 104
1318 1361
1424 620
488 982
417 737
879 225
732 968
197 1259
1375 279
127 1007
79 950
80 760
81 68
275 1098
280 482
1388 696
459 1658
147 518
1612 962
1136 354
639 855
381 373
528 513
373 1551
83 1614
1636 1447
911 858
88 1265
406 430
1309 1675
1399 1693
1534 812
1677 219
1030 1310
1271 1164
84 72
1059 298
500 274
1645 676
1634 451
1247 133
889 1174
536 846
447 269
851 295
1632 149
506 427
427 343
661 499
482 582
602 394
1208 222
85 1644
86 1186
1561 62
1061 727
1421 242
662 1362
1409 124
1084 817
745 1333
239 797
408 894
1483 1336
335 455
1253 1512
496 1502
1005 1126
830 519
1609 1051
1264 386
1163 1139
1113 590
578 23
90 1334
1056 1239
323 948
982 505
91 1293
1310 366
342 722
357 584
1066 444
269 316
1022 1214
1637 334
92 240
508 463
297 42
399 214
626 1478
1087 1242
1045 1637
1418 543
1027 933
430 617
837 120
1398 630
372 1028
1570 208
1616 1318
1285 1135
1197 601
1586 541
266 949
1212 473
240 40
730 935
660 174
699 114
96 821
967 521
452 690
1266 1615
1590 454
504 1510
1597 1267
256 711
97 896
483 1360
380 1500
1184 1515
1663 1181
713 553
411 1309
1522 1179
288 249
615 607
1302 1121
629 1618
1277 305
890 1294
170 800
307 633
298 1600
665 9
1246 1285
455 128
987 1040
1558 1677
311 255
179 1279
1654 1655
1220 49
586 1670
928 101
196 1278
100 918
101 1498
343 31
222 1124
909 459
1109 900
1042 89
838 1035
102 1169
541 1623
1115 615
219 1597
103 220
1578 988
416 1635
1043 67
558 138
1381 668
361 14
136 1071
1161 695
321 395
325 1656
568 252
1337 239
374 136
1067 425
282 66
273 827
513 106
1178 235
1486 1453
1484 545
527 1305
593 1469
781 1429
1540 671
203 1109
873 919
423 504
1685 418
635 1262
761 94
796 1538
322 1364
1270 1572
108 1388
980 575
1374 1560
495 861
933 91
1343 384
824 1400
738 232
1643 1552
331 542
1063 141
1531 723
341 140
611 1398
1194 16
709 1471
840 169
1571 223
148 774
487 873
111 50
797 785
442 1648
802 1488
191 244
187 726
1599 196
444 342
115 304
986 1217
1341 1489
779 1411
1503 98
281 769
244 103
835 649
1516 1396
530 1312
116 331
537 569
131 755
1426 1190
1627 974
806 1426
117 1158
539 1036
1446 479
1097 288
794 618
1029 731
543 349
855 1540
1440 1605
751 1444
555 1477
477 142
1073 1428
1112 1075
1464 1549
1020 890
1170 1679
1068 422
1475 1092
1237 917
921 77
154 108
1684 1046
120 1697
123 756
370 762
753 1378
377 699
777 809
1546 6
1460 168
174 1001
126 1042
359 738
1092 953
552 672
1562 1541
884 1245
330 487
125 515
1620 864
1638 1543
140 1234
968 1343
1004 765
862 1555
128 486
598 588
1400 443
816 959
526 1593
469 273
217 99
1369 267
129 1256
1445 1160
964 1578
1403 986
1472 401
649 1516
525 1253
1523 352
1439 1676
456 78
1139 1557
1218 111
770 1123
595 1317
1588 1102
701 1031
133 312
1487 550
1032 1691
215 1197
772 333
132 733
134 93
1405 689
153 786
746 1072
1517 478
228 102
674 1274
1478 466
1046 641
1553 763
1619 813
137 1419
842 1556
1621 1165
769 1621
383 1592
1488 1264
1311 396
985 837
1467 1059
1114 406
1648 481
138 952
564 628
1395 819
1164 1301
883 320
479 700
763 867
1192 457
141 278
403 21
719 1159
956 0
891 307
1470 358
740 1235
1441 1000
139 1335
1596 228
1203 955
1582 63
1494 185
263 475
754 1151
1217 226
1243 1612
1644 913
1031 1058
1529 714
718 434
151 1431
145 319
549 28
394 820
1485 116
561 19
1682 251
146 450
1432 646
601 1414
1328 1194
1489 1561
836 539
144 327
1135 741
548 1350
1579 1247
1298 20
1229 1073
828 549
149 897
1091 801
1106 1022
1493 931
163 1054
1598 1499
1242 1603
1344 1468
1499 706
489 754
150 438
974 1470
1055 1057
1463 1299
484 1581
1006 898
1331 1101
532 407
953 452
152 426
1604 1690
277 881
583 610
708 766
218 1631
1236 1536
1149 35
789 1616
1261 432
1512 484
1383 1112
156 1272
1287 678
1168 398
1444 832
356 938
1041 787
158 939
1177 1528
938 1014
1077 364
741 1314
1096 1090
764 585
1291 230
869 1171
749 250
159 1460
161 282
1026 415
581 1518
1511 204
162 117
679 296
817 728
431 828
1669 1322
687 680
959 743
164 1198
776 1192
1052 992
560 1629
185 1066
165 1081
785 751
1267 647
962 1483
1491 831
1329 767
167 1180
712 291
969 1043
658 287
166 1311
347 1220
1492 1222
1111 625
229 84
861 193
1132 907
1345 1004
957 603
757 164
1602 1665
251 1601
340 1111
309 602
620 661
172 1650
1167 417
214 500
575 1568
173 991
1356 1324
952 179
1183 833
983 783
1239 1511
1567 1188
979 1565
1671 1394
1274 1532
1075 1445
1283 534
1269 1078
716 496
429 1403
176 778
1543 642
1610 666
437 188
1347 1288
723 1152
1476 44
224 1263
1014 397
1207 4
622 980
1639 1290
765 643
852 927
902 531
177 556
1053 502
1128 458
471 1366
1647 1266
1380 314
870 1695
1134 1405
303 655
1013 173
181 1620
358 742
908 517
1182 1574
1506 30
492 1653
932 75
1204 734
752 648
183 381
184 908
1545 1196
1166 122
1626 182
606 1225
1547 1440
605 822
805 591
186 100
1198 1607
1280 941
332 1659
942 1554
1423 261
189 416
878 1156
1186 429
1258 1144
1193 972
1078 191
1080 1094
1611 217
1436 942
1008 1425
795 1479
1442 1178
929 1395
1392 1105
190 1657
857 807
1649 1376
192 1032
1334 1275
395 213
748 555
790 906
826 1492
1362 987
193 1585
194 402
1222 1580
958 118
937 923
1519 1002
618 248
1295 264
1508 1566
435 664
449 1377
871 623
847 1579
1457 480
798 1326
1308 371
1679 24
1360 870
682 964
875 353
318 1521
1651 234
199 658
814 882
1238 1041
270 764
501 32
1297 1463
1336 306
877 92
914 405
1550 175
1505 1330
201 1380
1325 65
742 1
1520 1049
1033 915
313 1688
535 1050
202 1583
204 1454
346 1033
803 341
255 212
722 973
750 29
1095 495
1241 686
1462 1189
1037 892
206 1276
1140 1045
1276 637
784 1161
209 1636
1079 1030
854 1386
1673 1304
623 1602
210 961
991 97
1428 1472
646 462
1576 143
363 1286
402 560
1126 1010
212 871
1332 201
1435 536
1024 469
1160 1569
886 1586
1425 877
1188 323
951 1029
216 551
1660 389
1227 1624
1668 516
1415 399
900 650
670 745
1090 360
1420 1321
220 380
518 171
1155 792
1117 1168
1196 593
1143 277
1593 69
1279 554
221 325
562 1257
1528 1155
505 1465
1366 744
223 1282
478 803
1257 419
632 123
339 440
1072 844
1665 1480
227 903
705 359
226 409
1190 1077
516 209
458 1241
664 36
954 1651
520 880
426 355
550 374
1378 1503
1666 1113
1387 1110
1495 1595
924 1639
844 1170
1191 1227
233 206
1379 363
973 586
234 1495
1158 659
306 137
1240 1632
1040 1435
531 511
546 1243
694 537
474 1200
1587 773
652 779
296 262
1017 200
1234 571
481 947
237 1207
1504 752
1316 465
1346 493
773 1079
1011 87
1656 187
314 152
1676 1430
544 421
538 905
243 1507
735 707
641 777
245 166
728 1452
999 1514
1591 347
899 746
832 581
672 509
1016 275
1171 1433
1281 12
1496 110
329 996
252 1224
295 1236
1133 190
503 1683
257 946
1391 1666
401 189
591 1646
1074 1252
1430 715
988 1076
485 310
919 843
367 1353
1393 64
880 692
1507 1356
707 491
965 604
1359 1699
1480 1231
1544 1287
1501 1096
262 1496
1199 1684
258 162
264 912
510 1012
971 1183
265 1068
1549 126
1386 922
915 121
1289 17
1010 558
396 1519
446 816
1228 576
312 1654
1307 1065
1147 1064
285 1451
920 105
1615 1606
393 154
371 1037
1244 411
800 548
711 614
631 81
1683 940
1450 25
947 932
1049 1436
833 461
834 1522
695 944
1524 1424
978 525
1273 1063
1176 1384
1448 1417
388 1106
580 608
284 852
1402 1142
422 1432
1603 45
366 1175
1577 238
788 687
287 322
1018 1082
490 1577
621 256
289 211
290 245
1556 1410
1412 893
1118 884
292 453
1629 1443
1589 139
1628 854
1076 1358
918 476
1482 243
1226 1408
407 954
1248 145
972 1277
392 605
565 345
1672 1039
1319 507
1235 977
948 691
759 1645
1265 1449
300 717
389 1379
533 960
304 266
1195 1381
1069 708
570 1406
648 670
729 535
843 1524
1071 127
522 957
1530 506
1613 1682
930 501
1527 528
1259 1062
1662 41
316 1128
317 1023
1429 1562
1551 1260
1449 835
1104 263
818 1316
1180 963
1479 383
1600 1391
653 1087
1009 720
1630 799
867 107
326 321
360 382
1054 925
328 875
715 1153
351 197
1105 1131
1103 552
793 529
1224 1085
324 621
1211 1129
1500 1441
619 865
596 271
502 1084
441 272
600 595
1131 1466
1215 1534
1221 184
1216 1070
414 684
337 599
338 498
934 1095
365 713
454 1671
1314 1686
636 1255
721 1416
398 155
1455 1172
345 1069
1397 644
656 1117
1367 1246
348 565
1667 838
747 1357
859 721
353 1375
1353 337
703 1474
551 172
1469 198
1363 782
582 768
362 229
524 1559
644 313
1094 8
1640 268
825 365
1533 1340
1592 1467
1288 665
994 921
428 351
464 55
1624 285
509 624
992 283
1580 572
829 544
926 971
667 1539
846 332
379 1185
864 146
1481 1270
610 254
1214 1558
387 995
1554 410
896 1215
1572 1439
1664 840
821 1596
1300 631
390 1628
517 759
1039 546
841 1125
463 673
981 1011
771 943
1674 736
714 1567
400 902
913 48
409 1687
1116 302
613 635
640 702
418 1122
590 1097
412 1402
1342 1484
647 663
792 1044
657 559
420 914
1156 370
1001 61
1384 789
1650 979
1130 259
1327 385
768 784
1497 1598
831 1302
465 1143
432 1698
1035 965
1187 414
1542 1173
1471 1271
1414 791
804 1132
1255 780
569 376
668 1329
1232 1587
1093 134
451 1692
984 1363
1568 1630
1371 247
717 652
1330 1625
1223 888
466 830
1070 1544
977 682
594 563
587 183
534 1619
1065 683
1081 951
1438 856
1559 1201
686 1418
547 795
588 1368
1661 1434
1028 1187
849 1086
1110 315
935 1401
1181 836
1002 339
949 645
700 472
1376 978
1154 824
1385 1589
1354 802
573 887
1282 1571
1064 989
1537 1535
960 39
567 289
1532 1627
523 567
1394 43
1339 1501
1086 847
863 1209
1122 157
903 1547
1268 1508
1675 609
1179 1116
822 1313
1025 998
1431 1563
572 73
808 2
860 301
584 1345
1365 202
1251 1513
1124 1089
1518 1420
1120 1599
1352 503
1125 490
1595 848
698 1148
1322 153
1152 1664
865 299
724 616
1355 80
744 404
1127 1404
1657 750
782 420
1373 1182
989 18
882 1371
895 1383
1538 437
998 735
1541 1244
1434 265
1312 703
