0 957
2 879
3 1268
1747 108
1746 335
1744 563
7 1613
1743 1398
9 1376
1741 846
1740 1681
11 1479
1739 1195
1540 291
234 984
206 1561
339 347
459 455
142 1553
498 1392
1235 1739
1 1728
6 874
1742 318
12 209
457 245
1285 1128
699 292
900 950
5 1194
1748 824
13 1595
1717 1606
1375 314
290 1691
1395 656
159 522
4 1059
14 1364
1072 475
1055 841
77 1000
747 1564
279 863
1170 1350
1609 187
370 369
8 1324
1749 154
10 483
1098 550
435 417
190 1508
1259 270
340 596
965 1034
461 86
578 1501
750 131
16 1522
17 346
1675 299
1262 623
1679 255
1226 281
204 1134
341 278
690 701
195 830
1516 1206
381 1369
1229 1569
923 304
15 1532
19 908
310 317
981 663
1008 1591
107 684
1408 181
20 900
893 1723
83 907
1409 380
1384 706
586 821
1667 697
990 1047
22 1416
940 256
429 1460
1460 251
18 193
21 590
23 214
25 228
589 437
45 158
1662 1290
476 827
1159 1310
1180 1348
378 1098
1254 1054
522 506
941 646
115 612
1445 491
26 1507
1102 1065
897 1286
882 852
1172 62
1420 1388
359 1468
606 313
28 1300
133 717
582 972
664 1596
24 1254
27 51
155 860
478 398
644 595
30 1030
31 67
1603 742
1177 447
144 1221
1527 719
62 1431
624 606
541 709
163 581
32 1380
33 1153
779 387
72 652
631 1157
667 747
34 24
397 13
1161 382
1131 638
790 188
182 758
335 1191
36 344
539 679
91 845
499 1395
1738 994
1631 170
35 1181
209 1675
53 458
431 944
722 1083
584 1549
1288 873
815 1555
37 1614
39 1573
557 1185
1094 211
1223 90
836 757
1331 144
52 260
627 869
29 721
1575 1012
911 890
42 1494
1643 1412
1363 1373
670 768
1472 1306
38 233
43 456
801 1192
706 1046
913 185
193 247
1537 432
40 1148
44 1727
212 1336
957 1518
996 529
1111 484
1106 194
1704 1474
1187 448
613 142
46 153
41 399
1357 207
236 58
1387 836
918 485
253 763
69 452
668 386
1413 738
1614 1060
199 1175
373 1587
448 1073
120 1487
1205 341
1344 203
407 53
1096 388
554 298
1619 1664
1484 834
738 955
1678 257
47 1679
50 1343
189 1724
576 1242
205 1081
1405 120
245 511
49 1598
48 686
51 605
1690 555
805 360
54 1113
1485 895
307 97
821 488
528 694
1441 1189
1108 364
1455 755
405 687
408 691
55 419
56 481
208 630
688 1307
797 98
898 1027
125 60
912 1035
57 319
728 389
170 178
939 880
1322 100
365 1713
292 492
382 799
655 1188
354 1540
58 838
60 1428
377 1644
239 440
1365 551
1712 156
492 163
802 1499
1386 438
1069 332
278 1304
660 206
61 514
216 540
938 467
1454 899
467 1527
346 99
1286 810
1043 912
545 302
565 1433
371 46
59 764
64 769
237 1236
566 682
720 33
1703 1485
63 224
248 196
929 1451
87 69
1651 183
1179 1391
65 297
334 1129
183 1711
1297 1608
200 1029
1562 781
66 1124
883 1602
1497 159
178 450
1672 583
489 1397
1709 533
67 1671
270 773
605 741
1568 0
1225 151
685 1414
70 1118
71 1040
709 1358
933 1208
484 23
251 1037
1573 969
1141 1294
1115 35
1174 862
68 116
355 815
1450 262
318 1633
185 1241
1534 854
1677 166
1239 145
73 1669
1418 1516
542 239
243 668
1129 602
1328 73
1155 1666
1710 547
962 36
510 1552
914 1308
196 91
138 736
74 981
78 842
1520 52
464 1611
1670 423
76 85
79 1537
275 751
288 204
220 322
901 586
869 1196
1195 620
1078 817
1125 525
81 50
730 29
390 844
1359 1749
269 349
462 1693
710 885
75 831
1685 1545
561 1683
480 892
615 366
930 1007
320 287
1267 1538
442 542
411 1020
666 232
80 343
410 1574
776 748
1206 1086
680 897
1264 1151
85 1588
503 507
1612 961
82 385
86 1280
88 1302
161 1744
176 168
157 1038
692 162
260 639
267 1313
970 664
1145 734
338 1215
84 254
89 1156
531 1593
1296 1283
90 345
1001 250
1660 1697
92 1466
286 1036
392 1049
847 1694
679 308
992 598
93 1541
94 657
967 1411
968 310
102 1446
95 1452
1150 624
374 311
1269 923
437 1116
553 724
770 1104
1222 948
786 444
1701 922
1666 823
96 650
97 951
1088 28
485 676
1621 512
98 1137
858 1649
172 400
1477 819
100 1403
1220 1005
924 603
99 1267
101 1041
348 995
564 1575
337 548
1559 1454
1066 1702
966 1650
1716 1563
103 1731
824 1514
368 148
721 1521
226 212
104 92
160 1554
479 113
151 371
1451 543
1135 954
1547 870
1425 79
1607 1709
1689 1203
105 919
559 503
686 1382
1674 1384
211 464
654 998
393 174
106 1010
108 753
1099 745
154 1076
1200 34
808 392
1352 1023
109 797
110 397
857 149
1464 896
111 1015
844 442
1277 466
1247 489
1734 759
517 608
112 600
423 1536
715 70
1581 1605
375 78
395 991
305 1462
771 103
648 45
453 324
113 494
116 883
1616 1458
117 678
1168 712
956 279
785 1366
1557 1662
1316 814
490 532
839 1440
875 1367
118 1419
322 1667
834 1509
1512 1362
114 1018
921 57
1234 1427
124 1584
446 884
515 244
121 1048
1127 566
1446 978
1482 621
450 1314
1431 1321
119 1706
123 72
274 226
1068 865
1592 1609
1542 828
672 1510
449 655
569 1379
1000 1539
427 635
126 818
306 1738
1732 171
122 513
665 696
1171 1544
1379 431
127 1127
1410 1339
1081 579
1724 500
1417 39
1024 157
1358 772
1183 501
130 1168
388 726
1313 379
1495 791
1479 1375
265 1243
1283 575
1097 752
604 1167
129 1441
134 173
556 1461
810 25
1189 645
417 283
128 107
296 1232
131 1556
132 124
135 1182
137 1186
328 396
689 1619
1346 309
642 1067
1407 1517
1245 411
400 1696
136 293
139 403
403 1581
217 636
1149 275
890 1355
1594 1202
156 261
412 1219
140 1101
1280 1105
1483 1639
143 1492
1349 1052
1474 1576
141 498
649 1149
532 1103
506 1207
1382 1497
145 402
1064 1603
1307 847
591 527
570 1716
1428 577
1327 704
1144 960
1449 790
146 780
523 1472
188 518
659 337
1203 1066
284 761
1156 1372
1401 1604
1091 878
1404 1212
147 1700
1079 409
422 405
1687 1293
1070 893
319 276
150 938
289 974
823 1121
1383 965
1132 1338
149 1469
152 756
153 40
262 1626
1295 95
1620 690
1275 1594
814 1160
1019 1390
1317 1601
1463 1566
756 394
916 1653
653 825
1310 670
518 1612
1192 770
148 591
979 136
671 307
602 902
1236 681
358 523
831 167
1509 573
1046 1482
1110 806
158 1551
1378 75
1496 968
1368 1003
906 96
1439 1409
1210 1058
877 1695
544 463
780 1529
573 737
1536 778
1688 524
396 1542
687 1387
1565 833
1353 1199
347 176
1249 195
1007 231
164 743
1036 1235
1466 1734
166 1043
1503 644
1241 1068
1364 1070
291 947
995 48
1140 1055
1491 640
784 881
799 1748
1009 326
168 357
169 1488
241 1360
1579 933
1708 1091
162 808
165 242
171 1699
443 1123
324 1743
167 44
1048 470
744 219
421 561
932 1483
174 1017
1659 970
752 545
1637 925
983 1303
1194 688
1600 1548
434 454
1021 963
173 1389
175 1635
899 445
942 421
702 1299
179 1021
833 117
947 1585
177 731
580 549
313 537
600 1319
936 1616
643 728
1022 1579
848 289
872 1342
636 479
402 1502
1027 1357
543 1684
614 378
881 1312
645 1381
180 1506
184 63
187 1473
1309 1170
508 1690
186 1344
795 601
1017 740
1515 1177
1294 1173
1185 1442
1256 983
850 1233
1142 1476
1084 1179
1647 1013
191 1525
1569 361
1169 622
1657 853
181 210
192 422
1151 1377
294 1638
1077 685
1510 1627
1567 585
439 300
1414 1600
1016 1448
1213 1193
1489 967
861 1071
1462 453
1424 1599
695 1562
635 1383
194 295
1362 1274
577 733
1165 1042
198 320
1138 200
202 1028
1054 891
1507 1090
563 110
1618 1498
197 1363
915 26
980 1136
1255 352
812 1401
470 330
1095 1333
1273 1443
235 376
301 613
684 111
452 1423
1109 296
1499 1311
926 1110
971 1301
740 390
201 208
757 1150
1578 802
203 1102
813 84
207 990
1493 20
494 1396
1705 1741
1040 643
1381 496
1570 800
210 1496
972 415
619 1211
487 996
213 930
760 56
512 625
1176 569
214 1622
1320 1172
1238 918
215 1251
1494 653
1571 1444
315 989
955 557
855 796
1498 118
733 490
219 1647
572 508
363 534
1038 1530
316 1672
218 121
853 351
583 794
993 1504
221 4
222 866
223 597
1076 739
224 698
1519 1725
860 784
477 1095
832 1477
1029 274
974 138
617 429
227 109
389 1450
353 1262
225 578
228 1583
229 1250
910 87
1366 1165
333 1216
233 1309
825 1715
1406 1607
232 82
1166 637
1478 1
332 705
792 1500
273 916
1610 1673
871 1226
873 1051
230 932
231 59
540 909
953 373
851 571
1308 359
773 155
888 1100
1341 240
268 708
880 580
238 190
336 904
240 499
1196 1257
1402 77
1693 1705
1158 410
1684 1154
1486 1315
451 285
1207 1435
1640 71
849 1424
840 1659
1544 1130
1319 1002
1646 1478
919 1503
994 129
1720 1171
1447 658
1435 1618
242 1719
1719 1678
1539 1730
426 1571
244 1533
1244 680
1393 516
1105 1718
1343 871
1580 229
383 1265
246 929
249 1720
1508 1589
1582 1084
1209 1415
1214 604
1448 132
250 1493
1338 1413
1154 793
252 288
1538 74
254 1475
255 1292
256 964
982 1657
1367 1558
257 1745
247 264
258 1145
1721 284
1586 1722
530 213
481 568
548 1209
1535 1746
1669 1742
1318 66
501 502
536 614
259 1297
261 10
803 1535
1268 216
675 868
964 198
263 215
264 303
266 1050
1250 1335
302 1079
902 316
878 699
1531 732
444 362
708 1374
625 1320
361 367
1062 1039
1700 1245
496 1643
317 1318
1039 1120
1045 1014
909 128
369 787
1057 1298
894 971
420 1223
590 1685
841 1689
1292 632
271 197
272 1519
1475 729
647 227
595 169
1003 237
1500 1543
1412 340
601 133
1426 218
922 449
892 911
276 478
309 692
404 1056
997 1617
1260 1287
1083 1740
963 1022
991 665
280 1455
281 1417
1584 37
505 267
277 822
1041 703
1103 202
282 859
585 988
511 1347
973 959
283 576
1312 1288
777 1480
1649 762
658 1159
1071 803
908 1210
285 165
287 406
741 1045
952 177
1623 141
1037 1155
959 677
1049 1701
1100 1131
856 430
293 192
312 1408
676 654
384 715
409 1239
1305 835
1553 1459
1590 627
731 61
1202 353
416 1074
732 68
1006 1641
837 461
295 629
299 1445
1682 427
297 528
298 876
300 607
1246 1069
879 272
1470 1425
1714 19
845 16
1506 1001
1030 375
304 135
819 1082
303 180
1735 1107
1270 11
1061 519
524 49
736 1197
519 1526
308 1285
1370 584
1389 123
903 55
1325 936
311 1184
707 1623
571 230
463 393
870 1229
533 725
793 807
314 428
1654 1557
1304 1205
364 471
419 1325
987 789
651 147
1707 558
1152 1332
321 887
673 1512
1681 220
618 1523
323 517
425 1158
483 926
616 1359
807 943
1442 1044
1458 333
394 593
1436 521
326 282
1598 1524
360 64
1284 1546
535 462
1350 441
327 1062
885 782
550 1329
325 1637
905 1421
329 273
330 1399
768 1009
1047 1231
1504 243
331 754
1114 253
984 980
1473 610
549 263
1630 1489
1427 917
1221 54
1390 1439
1051 1227
1023 510
1668 1447
1713 1322
693 903
415 1340
342 83
1228 321
343 164
978 1249
975 1467
344 152
345 331
1438 877
1550 927
1633 1511
349 80
351 1016
1595 592
1469 27
350 1270
413 816
1467 559
352 1162
1453 509
1351 1085
356 1580
1698 1471
1291 1011
357 241
1423 246
1293 1316
362 1484
920 88
1400 786
1429 1117
1186 809
458 1534
366 1670
1394 6
1147 290
1525 760
1656 480
367 720
1373 913
630 504
575 672
895 1597
694 1625
682 1429
372 1323
896 184
1624 1528
859 1351
376 7
1501 1721
945 139
629 1284
380 1646
1718 934
737 641
745 269
1034 1106
1653 801
1315 1096
1157 1247
379 1572
385 979
724 350
386 474
1561 1078
1733 1097
1137 102
456 792
1729 1164
1321 718
387 695
465 1088
1490 966
1548 1180
1065 798
1608 199
729 915
650 1326
765 1114
986 1703
1160 1282
391 221
1639 1178
742 1393
398 1147
399 1053
401 669
1604 201
1232 1531
1258 1087
1122 1092
596 939
455 1680
1279 982
1173 160
739 306
555 1610
1505 1386
683 1152
472 1567
1371 1410
1118 1337
917 788
1080 582
759 94
406 1665
414 42
1033 560
928 89
491 713
574 21
418 1198
1696 277
1191 1568
1726 446
985 594
1004 1631
1031 1550
608 383
1372 949
1411 564
1082 946
428 987
827 1112
1635 1682
1133 1714
424 1405
430 952
568 1146
1053 434
1661 172
1134 38
432 977
1627 1438
1086 839
934 1717
433 1655
513 1276
1644 14
436 12
440 5
1044 236
438 1505
611 855
441 469
1663 497
1092 43
705 1176
1281 1615
609 1365
594 31
1652 1645
445 702
1645 65
691 1273
1052 358
806 1368
1215 1263
1554 941
1198 616
447 424
1541 1520
1511 795
1642 249
1641 374
663 1296
1336 875
1337 707
1694 1430
526 465
454 1279
800 1688
1691 1244
460 805
950 848
1376 1258
816 744
1421 1166
727 766
1605 495
1272 587
1153 628
1012 175
989 30
1572 1491
468 937
943 1183
534 1515
640 1144
471 1237
466 837
474 813
475 312
864 122
469 526
1211 1407
473 301
1422 1634
1625 1281
1476 338
1323 1692
1257 1063
1208 1080
1502 1089
1026 940
1167 238
1665 1111
1632 493
1340 552
1596 1163
1324 451
634 889
876 1246
482 985
486 928
713 125
999 391
488 1143
1107 381
1617 1109
502 832
1396 443
969 1736
946 1437
1522 693
493 953
1361 436
1388 418
495 1133
497 861
551 1272
1261 666
1146 259
976 1565
500 1661
504 710
1300 647
1601 225
884 114
1558 714
1398 477
593 774
1593 1327
1374 1418
509 843
1563 1668
1289 356
507 1628
862 556
1356 1004
546 408
514 222
1528 856
1543 746
846 189
1306 1024
1513 1629
520 1334
1347 1402
516 651
521 119
854 1559
1626 1707
525 530
758 1735
1050 775
527 1463
1523 150
529 234
1230 1094
1101 1404
1722 1093
1725 700
537 1305
538 945
547 829
1602 924
767 727
1664 1656
718 1660
1116 1349
746 1126
1530 1204
621 1352
1216 599
1658 716
1252 457
1143 140
1629 535
1334 730
796 541
769 2
552 1651
723 1006
558 1470
1702 1361
830 268
1224 1061
560 217
1552 76
1175 327
1271 851
562 1486
567 771
1276 1677
612 1259
1430 1255
1468 1733
1521 426
681 112
1560 1213
1240 804
1551 1354
579 1248
1089 1456
587 127
1391 539
1136 1234
1731 1341
581 574
1686 850
620 505
1333 305
1492 1317
829 105
958 1161
843 1453
1655 372
592 1108
1199 1142
597 143
599 1132
588 1582
598 315
1526 1481
1380 898
1339 973
603 328
1074 342
764 1264
891 1260
607 1328
1013 1710
1212 570
852 1370
610 619
1695 1064
1514 1224
828 186
948 554
1011 999
1480 1331
1015 779
622 840
818 553
1329 47
623 894
626 1031
1204 104
1622 515
628 482
954 901
632 460
1005 1426
633 1169
637 1400
638 811
1298 820
1392 1187
639 1253
1233 531
641 544
1488 662
1348 1385
887 468
791 1075
1130 872
863 812
1139 384
838 1115
703 611
735 472
1190 1658
866 1275
646 425
711 1353
652 404
1287 401
1576 671
783 137
656 1225
951 975
1566 355
657 849
661 659
662 617
907 271
1634 1026
754 1621
1345 661
669 675
1440 976
674 942
678 354
1360 1345
1119 1687
677 101
1611 235
937 565
944 286
1727 986
1126 348
697 1295
1087 1676
698 1640
1018 1135
700 18
701 562
696 689
1606 1057
1059 1577
704 956
826 1140
734 1200
1597 826
1314 252
1676 265
1443 1378
712 1291
714 1432
1599 134
716 146
719 41
1650 1033
1113 1256
717 329
935 459
781 1032
726 1464
725 1346
761 106
1680 588
1546 1217
1067 609
1090 1077
1335 1686
1377 1138
1219 32
743 783
949 1620
1549 1190
749 1547
766 1436
1583 130
753 867
748 931
751 673
755 1025
1217 683
1178 9
763 1008
1457 711
778 750
762 266
1117 294
961 888
1282 633
772 1222
774 1230
775 857
782 648
788 1201
1002 634
787 1513
1330 93
789 1394
1355 22
794 997
1303 487
1197 1174
1181 439
998 1141
798 17
811 1139
1452 1214
809 572
817 420
1648 767
804 1240
1397 958
820 864
1193 1266
1638 334
822 1632
1613 660
1518 370
1302 325
960 1228
835 81
889 339
1301 395
1342 1570
842 1704
1715 1465
1182 1406
1745 723
1444 1578
1218 1732
1237 1220
865 667
867 1122
1326 336
868 1674
1481 1590
1128 905
1487 1712
1532 377
931 1726
874 777
1231 191
1628 1652
1184 1747
886 1289
1697 735
1399 1218
1545 1099
904 906
1274 631
1073 618
1032 921
1533 914
1058 1654
1311 473
1121 258
925 435
927 1119
1673 626
1112 1592
1385 1422
977 858
1711 126
988 1708
1432 1356
1253 765
1416 1495
1120 1698
1471 536
1354 1125
1723 433
1555 365
1025 161
1615 179
1010 1624
1014 615
1242 1737
1683 1330
1020 1278
1736 722
1028 992
1574 280
1035 1642
1042 1277
1589 182
1564 1252
1299 1238
1056 1560
1148 993
1060 642
1063 363
1248 1434
1243 412
1075 248
1263 567
1085 910
1093 886
1162 407
1706 546
1278 1490
1104 776
1465 476
1163 920
1124 1729
1123 785
1730 749
1164 649
1556 1636
1188 1072
1201 962
1529 3
1433 368
1671 323
1227 1371
1588 1449
1251 1269
1461 1663
1585 223
1265 1261
1266 1271
1437 882
1290 205
1524 1586
1332 935
1577 15
1728 8
1369 1019
1692 1420
1403 589
1415 414
1419 1457
1459 413
1434 115
1456 1648
1517 416
1699 1630
1636 486
1587 538
1737 520
1591 674
