0 735
1898 1698
3 667
1897 1462
5 731
6 991
7 722
8 1304
9 1823
10 1002
1889 210
1888 873
13 598
1886 922
15 742
1885 934
178 452
374 515
1407 1750
1137 396
1633 1539
614 1024
1338 195
1254 1567
94 1504
260 1391
1744 872
421 1151
1804 1833
152 536
1 1786
2 1195
1899 160
4 1851
1895 1614
1894 1276
1891 13
12 1512
1890 39
1887 1804
16 1363
1595 1260
884 363
452 1663
1523 1654
1865 1522
1150 164
878 169
814 812
173 1351
1321 1275
112 1604
1746 1458
1896 740
11 432
1892 808
14 710
1717 1785
837 1776
166 338
1168 386
1265 46
908 1466
134 1169
1765 497
1452 415
17 1269
18 1498
1594 715
1281 21
1079 595
1618 889
905 1443
1047 1096
1578 1555
1893 1081
19 181
1098 631
1835 256
893 1429
1023 307
69 1011
1873 1646
1607 335
1027 1783
620 188
1687 388
1457 961
1314 461
549 815
1388 807
256 1146
1442 1549
1410 694
1073 1116
245 1166
1436 1303
354 1218
1247 1563
1749 703
1734 761
499 263
364 297
1368 693
21 142
106 1287
1288 826
650 1751
357 339
1468 342
740 1755
1398 632
1237 17
1846 471
657 389
1743 111
1775 775
20 610
22 290
690 79
344 1375
871 1624
1546 1820
1781 773
96 1339
1494 1807
782 174
23 272
376 686
1071 1383
1181 824
1654 1078
695 419
228 1583
351 1767
1852 895
1766 1197
918 417
1296 637
184 1428
24 1509
862 985
742 704
1683 854
758 180
208 57
752 1490
99 437
776 906
1279 779
25 1869
1855 134
942 764
1768 993
1347 1409
1883 1566
526 778
331 489
1100 935
1038 1046
679 972
838 887
1203 1647
76 506
618 404
271 275
1533 1495
532 797
647 89
100 594
569 1416
1805 1694
1223 1521
1502 1893
1091 849
440 684
822 614
836 439
1453 1529
470 472
28 113
1048 690
1755 1226
1355 1461
1553 1061
1214 1692
1185 1417
1435 1791
1636 1784
1169 133
1499 1516
819 356
1645 1187
1664 1513
422 83
316 352
738 741
1422 708
483 1190
1831 1810
475 1321
1837 323
29 1210
30 1894
512 480
148 626
775 554
1095 1144
605 701
1776 1431
1158 1191
26 504
27 1883
31 1792
954 1174
897 1765
936 580
617 466
554 1177
1318 383
1491 1368
496 949
291 609
1778 1779
1871 1065
1882 159
419 998
77 661
1301 99
1359 720
1686 1390
32 329
1856 125
709 706
449 1743
57 1728
1771 946
459 381
666 1475
1555 911
1739 1130
1164 1733
1250 511
1493 754
34 1602
1866 1393
450 1501
1192 884
652 1204
1302 344
1524 1225
349 1359
1157 2
451 859
1460 1249
1544 243
1751 1220
33 1562
314 1826
1753 989
1869 532
1498 988
1354 1035
1180 1773
1406 281
1330 1879
779 224
258 1265
1505 1473
676 1719
1642 1478
35 1171
36 1069
906 1486
1725 1508
305 1553
1516 1589
272 1474
917 1564
945 1445
534 498
938 695
1721 1071
535 324
37 1632
624 1806
1319 11
1653 734
877 1591
384 1836
728 1209
1044 1031
1677 762
1088 1587
743 98
377 1104
38 1642
1641 278
279 1601
683 1407
289 538
1445 783
1413 1380
458 1292
849 526
318 1080
39 315
40 1621
895 1724
415 398
174 519
1788 1682
298 95
896 176
1791 1880
41 1158
212 1157
1284 1641
566 1613
1836 828
1462 1762
633 33
147 1527
1782 902
1334 1492
1003 207
42 6
659 1369
1474 1580
1798 1543
890 930
1874 1062
771 959
43 714
1241 905
766 1571
335 699
713 1764
1242 1701
813 482
673 1482
1463 1886
44 924
783 542
312 566
213 944
1572 332
45 238
1828 1135
1854 203
1716 351
1409 992
689 1696
105 1542
1101 292
1122 1885
1428 118
466 328
1034 1042
1709 553
409 1729
630 976
768 583
300 1181
894 917
801 967
1070 127
229 1302
46 798
47 191
68 738
1530 1353
420 1245
219 1364
1391 1306
48 973
162 1408
87 1766
463 709
1577 516
220 1138
827 146
1363 810
49 30
826 1163
1007 933
456 702
1127 688
1408 262
121 1248
261 860
940 800
1617 1030
264 1043
1177 1052
1551 1107
1708 212
1860 588
1378 1337
1295 1891
997 1506
343 1510
795 1004
934 1651
1272 1232
1736 1358
1764 306
50 827
866 1761
919 557
1762 1094
1126 1551
1669 0
832 1727
163 158
51 74
52 1274
53 567
1565 285
727 221
1015 382
1501 611
320 334
581 308
974 1073
54 395
1858 1205
181 1802
1357 1681
1102 1347
1497 1620
435 748
763 145
191 838
612 601
1342 659
640 603
455 1570
531 1234
302 305
1510 1599
522 453
794 287
1652 1577
55 1133
126 1281
1054 167
568 1180
1759 512
1358 1332
146 1419
948 771
395 1480
1868 780
957 1117
222 776
1735 943
1747 657
1138 25
1819 1294
56 19
58 435
59 1789
542 1102
156 201
546 759
595 100
1816 348
224 1066
593 892
1396 476
1670 1214
732 366
1503 1452
851 1859
1282 560
1487 1476
1400 280
223 644
1395 732
61 1687
392 620
739 1704
1729 1056
246 1270
508 977
1323 1533
1361 1160
186 496
176 1805
110 772
60 814
874 724
1026 455
1800 525
962 354
1051 1863
247 235
1416 510
1043 1635
648 1502
1446 1227
62 1414
63 1036
115 1033
1255 1534
427 965
1700 984
1656 1060
120 1241
1496 1322
1298 770
724 970
1028 337
1418 1537
1689 1123
64 319
429 540
91 340
345 1424
1165 1099
1500 1844
1081 1267
803 293
993 1748
988 1309
746 681
1842 1747
705 1305
1876 608
65 1223
1200 81
1236 621
1339 362
1336 1140
1647 947
194 1437
885 1007
1629 1787
66 1775
67 1726
1286 622
460 370
95 1797
1196 401
1547 831
1171 495
1879 607
253 1045
1055 1433
293 1855
1426 817
1630 1049
461 1488
800 1636
939 172
1727 1721
1650 851
315 1758
70 406
574 394
1807 40
1853 1667
1489 1370
1785 1283
323 1027
637 1828
1731 966
71 171
1276 1456
850 517
1814 862
537 866
114 1298
592 450
72 1297
494 1796
1464 48
1469 1083
912 211
200 1626
700 414
125 602
1449 103
240 1572
1116 995
1793 576
1089 1413
128 484
1845 1556
1322 545
444 664
122 1247
73 1884
74 1325
589 1770
130 1699
1711 558
1030 1524
958 493
1480 1439
1695 430
1521 1203
1366 787
636 153
831 232
75 1519
1300 1319
448 1545
1063 696
1769 105
764 1039
1310 1606
1506 912
1099 1296
1269 1868
883 1760
1705 670
616 1865
1676 151
1376 346
78 460
990 314
341 1315
967 937
1367 347
239 467
1024 942
462 1089
1715 1528
1844 528
994 1125
1111 378
1820 1307
93 331
254 1500
1548 1612
1880 1881
446 1586
563 76
410 1617
984 1293
367 1381
1261 62
79 784
478 804
658 765
1614 4
575 1312
82 1558
1682 1394
342 1536
80 958
81 150
83 459
275 1640
564 923
1270 478
1259 245
481 1317
84 1106
1090 1097
1114 1778
333 1835
1832 1430
267 1257
1424 429
798 170
970 1568
187 154
1758 97
1068 936
830 264
559 244
504 1711
85 555
86 162
1145 605
770 641
1303 820
820 60
1627 492
889 689
417 604
1867 353
242 143
1184 1432
1631 488
397 629
540 233
88 1176
1663 524
1520 92
1013 658
1839 400
165 1137
571 240
479 86
89 571
1264 1346
159 1644
1283 458
703 1341
90 23
802 919
1350 1110
1712 1759
769 737
1495 551
1222 379
1678 1132
930 1680
408 208
829 955
1598 1403
92 1453
1838 367
519 880
136 1077
241 55
1385 1054
601 1290
1002 1780
507 1554
1305 1167
670 1136
1097 1469
692 1402
639 1739
1673 1421
413 69
311 1111
959 1878
324 1725
1833 1690
381 1860
656 1892
484 148
1297 756
135 284
1387 1185
585 1511
597 53
485 1520
1183 18
405 1793
1884 1467
385 1278
524 833
97 1427
660 428
615 1374
1012 712
284 606
1105 1622
1763 1109
1806 777
175 585
807 836
1077 456
550 242
98 434
1352 581
326 1366
307 200
399 449
216 140
961 1834
835 1769
591 313
1271 655
1186 803
378 1068
1058 101
584 1344
235 1244
1292 229
706 51
101 864
102 1357
182 1607
250 1193
1121 1737
1211 729
1403 980
281 882
117 1454
103 1179
1740 1867
643 1134
1483 1200
1657 475
608 1059
520 691
1752 940
104 1594
226 535
1066 1730
1429 875
1014 1633
629 1712
1299 1323
1815 945
1370 96
368 1876
1542 341
1235 869
1863 572
1660 1301
1417 16
635 251
107 1560
1671 674
160 1086
1701 1
1812 283
287 441
1065 1258
956 402
530 1231
1096 1284
1172 1705
1107 1487
1268 721
1528 1484
790 1754
109 8
313 1435
439 1818
1326 1741
539 47
1567 444
1020 932
1467 1708
1536 534
340 730
108 533
214 295
799 1866
1392 387
111 119
1218 270
1640 760
1848 1335
1720 1316
1518 802
1219 845
1478 1598
1059 1446
1809 1870
1456 185
230 1372
1450 464
1364 1582
113 1649
236 1514
1621 648
285 349
971 1839
144 239
1773 107
712 858
190 1735
1341 952
1216 483
297 1643
1850 364
1143 679
1317 996
842 1115
1011 384
1078 274
116 1523
1592 1686
457 27
1570 20
445 1444
903 376
609 1608
1036 750
204 789
1349 1678
118 979
691 1008
1659 743
1675 857
791 1384
1197 373
846 1471
719 769
119 1665
1509 132
131 78
1123 1440
206 1569
482 896
255 1211
587 1861
453 1756
1108 1829
1525 1050
678 578
476 408
1665 1067
1006 1684
1597 418
1484 163
923 1559
157 247
1783 999
949 289
145 462
278 1507
672 1161
737 361
336 1685
1377 219
1440 683
386 1465
473 809
888 503
1229 1131
468 1813
252 1395
1228 1230
1792 822
124 357
921 1575
734 781
1543 981
1118 883
931 189
123 321
127 1085
348 1233
992 316
266 739
437 1821
1083 71
750 628
1596 564
868 1434
841 529
129 768
1706 34
516 1565
600 258
1508 1468
1620 1295
1475 1457
1579 921
847 790
151 805
1110 596
1587 1023
665 269
525 10
1345 639
996 963
155 1550
710 1702
132 481
133 248
274 625
231 1499
511 420
388 799
1384 1493
1529 1710
1188 1336
576 1811
404 1850
1710 1237
1049 1597
1156 1837
1372 913
1554 1706
137 1261
697 1588
138 380
398 618
495 1313
1230 1496
556 1700
411 445
641 1105
1064 485
1019 123
1454 561
139 975
140 318
389 1165
1009 1573
295 1447
596 1470
1486 1082
1556 12
1423 1243
1124 1801
141 1875
142 41
815 590
631 397
1025 520
1381 640
402 1141
1581 1401
711 252
602 705
1690 312
205 1388
1287 358
1245 223
1864 42
143 908
833 1717
1213 1481
674 1251
283 1677
1437 102
232 1103
280 597
777 840
170 59
663 1127
745 570
1789 1517
528 816
1144 1405
418 1350
149 490
1234 1118
953 925
557 1546
514 1291
1035 1001
1084 1425
150 1746
649 1128
536 1595
1817 1671
393 870
1135 1343
1373 1479
1320 1058
735 1655
1514 1585
227 1627
1479 117
721 1318
937 407
1803 1326
153 527
1638 1139
834 209
414 619
179 1044
607 1849
1195 574
1067 850
154 635
1333 1360
1552 213
1252 412
610 1194
1104 1153
1346 199
1559 5
438 1019
1133 1254
747 656
907 279
944 1389
1639 173
1488 600
503 541
1278 182
1583 1411
477 1376
158 1392
642 421
963 440
922 1032
991 139
424 1731
876 1840
1328 1815
1590 500
1041 1809
161 215
864 624
1611 1178
855 477
1239 1781
1325 951
1872 1889
1062 1673
1534 1286
164 253
960 623
1830 1121
1262 1610
1558 288
1174 1688
1841 843
1093 1734
553 333
225 479
1033 1189
845 1156
1697 507
1757 589
1625 1242
1612 634
1564 1858
1221 758
167 1584
168 550
717 179
506 893
1094 593
169 110
423 1874
1684 1817
1649 1162
1217 662
180 582
1291 1221
1772 569
185 36
755 971
171 960
599 390
823 1334
262 653
172 14
1198 1526
943 806
515 650
1386 194
753 1771
1566 1331
1050 1794
1331 676
932 411
1511 58
733 1578
548 166
1115 1272
1473 874
1159 1814
950 726
1076 135
177 1628
443 1888
551 469
671 77
861 1662
469 856
910 1744
792 1038
1515 1842
207 1250
1784 692
621 509
1742 745
685 1262
925 903
365 1396
394 1618
370 1485
1360 964
1253 301
1193 1255
292 26
762 651
486 907
301 1175
1207 1676
1337 303
1526 442
1132 1862
183 1028
1574 1101
1142 1253
1632 416
1787 1361
902 206
722 1299
1056 300
346 1217
964 844
789 237
188 1216
606 915
952 1238
500 205
502 1365
1821 1441
1624 37
1877 518
290 801
828 1285
360 1188
543 431
1490 928
1160 1222
1187 1593
1568 1592
189 1152
1472 88
863 1679
1082 766
1397 1017
1267 29
1307 643
1519 1561
1622 1345
330 1271
430 757
1646 1856
1340 1114
1379 1412
941 1463
432 157
654 671
699 1460
347 747
248 277
192 1873
193 1041
1623 1145
309 85
195 1057
1353 994
1371 168
1335 552
1294 861
1707 1832
202 736
196 1154
1443 463
197 835
1324 350
756 871
965 1552
1847 304
198 546
299 793
491 986
1610 1075
199 473
1032 1240
976 218
363 1013
655 1229
1421 427
1824 617
669 941
1163 121
570 54
572 1718
646 839
328 1798
1414 1854
1175 1338
1779 1895
859 1172
325 68
201 1574
373 1653
425 1355
1191 1021
1394 1236
203 1538
707 899
760 1515
909 1541
1146 1142
538 1387
1415 1022
1112 950
675 7
1459 868
702 700
858 1841
1470 1006
594 901
209 474
882 898
510 894
210 1645
1109 1048
870 954
211 508
1010 682
955 575
778 733
472 1327
1117 1034
337 70
1477 52
1591 116
366 1308
1039 1148
1120 584
1285 1497
704 568
387 499
1431 1843
716 1095
215 1740
1703 1246
1441 717
774 877
1383 1713
218 1720
914 1420
781 1377
217 685
1375 927
403 1208
741 368
533 231
221 1202
1147 1016
1018 916
1393 451
547 1199
1404 266
1608 222
1875 1629
805 457
1696 1505
518 1590
489 774
852 399
1412 1547
1432 1277
565 825
1210 1616
308 22
916 487
1029 832
1189 577
426 1091
359 310
1257 997
1674 904
946 1410
1719 249
1052 711
339 1788
1698 91
1733 613
1153 1768
688 753
1001 888
436 1329
715 1652
726 867
490 424
396 891
1399 227
233 834
234 1882
1584 663
935 276
927 829
1586 1342
383 470
1080 1273
552 1386
1599 1656
474 1899
1694 322
1125 1092
332 1890
1263 94
238 152
237 1831
881 192
1540 1020
1476 433
492 217
362 273
1016 28
243 1268
1362 675
1182 1053
244 1406
613 782
319 886
1730 241
886 377
644 1752
1651 80
1427 84
497 900
1802 106
249 1872
677 669
1635 45
1154 405
1141 468
653 727
1072 795
772 120
487 1661
1738 1639
972 1018
251 788
433 360
1134 654
1550 187
265 336
1194 32
920 413
1212 1340
304 90
1593 842
583 544
947 282
951 403
1603 1448
1348 879
1106 1838
978 1494
1215 1631
968 1149
844 1426
561 385
1560 1300
668 505
257 1320
369 1660
1704 953
259 67
1795 1477
625 1464
628 226
1810 723
1745 1415
1672 1378
1541 1693
1728 1382
1042 1371
375 1173
723 549
682 1215
1465 846
577 819
1790 1600
380 286
277 1455
263 1074
578 587
1438 1691
1849 1668
1332 1803
751 198
995 196
904 652
1060 1397
268 1119
664 265
1628 1079
1447 1014
464 1450
269 1264
1205 1825
867 1356
270 755
1600 204
1466 425
797 1324
282 1824
273 1186
622 1795
1458 1703
619 87
276 847
471 830
1527 646
1021 1070
1061 1064
1512 144
787 1418
981 1113
573 230
465 294
327 75
1425 43
986 317
817 1772
854 1076
1799 1129
780 1489
1113 299
1606 1164
1226 1518
1022 149
1178 1289
286 978
1522 291
1492 1055
1433 586
694 1615
288 131
714 876
848 746
824 126
1756 1328
372 129
1774 1333
1411 523
880 410
1170 1367
661 15
294 271
708 616
627 1557
590 929
810 1603
1130 327
796 1084
1535 183
611 1637
808 302
1173 716
749 365
296 1736
1220 73
1840 259
687 1224
975 1266
696 1400
562 1155
1249 391
1604 260
1119 1845
586 1093
1615 630
1313 228
1306 1898
1455 1088
812 1373
303 1638
493 436
1401 791
1204 796
582 1252
310 1449
306 1716
355 225
804 1349
1131 255
900 962
1092 890
744 1896
1289 1206
788 1483
529 502
1699 672
1040 751
1834 186
1244 591
1008 454
786 987
915 465
1881 1619
1277 1857
860 375
1448 1196
933 1279
1575 64
1741 1675
1573 197
1251 615
1260 1581
321 1800
1786 563
1637 156
1722 1683
317 1159
322 486
350 666
1461 1012
1801 122
1155 1715
1199 1228
1274 539
626 744
579 767
684 1192
480 1864
1232 114
555 599
1209 49
329 141
1794 713
857 813
1136 636
645 438
1561 956
1737 1695
853 968
1780 1183
334 897
729 749
1304 1674
1444 865
1688 647
1796 918
1504 678
467 320
928 1491
338 697
1439 491
982 957
1811 345
1668 426
598 645
406 1122
693 1120
603 1009
1713 175
911 792
1562 1723
517 1732
1225 422
1602 1451
979 343
898 267
973 1280
447 680
1176 914
765 1576
1655 311
821 1657
1723 514
1539 147
879 1040
1667 707
1797 1623
1823 920
1243 1548
1878 1239
352 559
353 1423
1770 330
434 82
1000 537
356 298
725 1198
1609 1003
358 1525
1231 1310
1280 236
361 556
400 852
1017 763
1761 1535
1208 665
1601 234
428 136
872 447
1537 1753
1148 296
983 990
634 522
1037 104
1149 938
1748 50
901 863
371 794
1315 93
1202 969
567 1108
558 1819
929 1442
1724 257
1224 371
1190 592
998 137
985 811
379 63
1538 1184
382 1282
1648 355
1818 931
969 1650
1085 1259
1248 443
390 818
999 1853
391 1063
1390 1422
816 202
588 660
924 1625
442 374
1613 521
784 392
718 72
1201 1670
1513 268
869 1005
1290 1201
401 1112
1813 326
1351 1790
1069 250
488 1852
1045 627
1329 254
1643 1774
1343 1648
407 56
544 1830
1481 1630
1405 785
662 1808
412 161
1580 1605
1005 193
1420 9
1380 1098
416 1170
1179 837
843 155
1718 1352
1471 1659
1616 1799
1293 974
1661 677
523 61
431 1051
1374 1609
825 1634
1626 1029
638 1362
1309 1669
1681 1742
604 1314
1870 1124
1545 1037
441 530
1662 1782
1419 216
966 633
1843 1168
1238 848
1702 124
839 108
1389 138
1857 1738
454 1672
1585 1438
1732 1147
651 1777
513 38
757 565
1750 35
667 1150
632 1697
698 823
1162 409
736 983
1822 178
1434 1026
1582 1812
759 1664
840 1256
875 1000
1086 1143
1057 1348
1588 1235
1152 66
505 531
1760 24
785 1379
1246 719
541 1816
767 649
806 1757
873 1330
498 1354
1808 1847
501 1213
1679 1763
1129 1459
509 1897
1557 1263
865 372
1166 821
977 1503
1128 1090
1161 184
1517 1611
521 1689
527 44
1167 642
1644 547
1087 1822
748 1596
1311 112
1103 562
1275 573
891 65
1691 1087
680 1404
1273 612
1549 885
1827 165
818 881
1451 1472
545 939
1826 177
1240 1579
987 1709
580 325
1589 1544
730 1311
1605 261
1053 1385
1139 1207
560 1530
899 1532
1862 853
1046 1714
1825 1100
720 501
809 1126
1859 1025
1312 1010
1685 246
1563 752
1233 638
1829 1827
773 1212
1531 109
1726 1745
887 1848
1767 494
1382 214
1619 926
1666 718
1369 128
1576 728
1327 369
1075 190
1507 725
793 31
623 1540
1714 543
1140 220
1256 1749
1074 910
1258 1877
1754 115
1004 1722
1308 130
892 1658
1482 1887
1634 673
980 3
754 948
1485 1666
761 1531
681 855
686 309
1680 448
913 1015
701 909
1316 1219
1031 1399
1777 668
1356 1398
731 1871
1365 841
1344 786
811 1047
1151 878
1227 446
1693 1846
1571 1436
1569 513
1861 1707
856 579
1692 548
926 1288
1266 982
989 393
1430 698
1402 423
1658 359
1851 1072
1532 1182
1206 687
