0 1117
2 276
3 1168
1897 1716
4 1603
5 1794
6 1796
1894 551
7 1417
9 353
1891 1652
1889 1606
1888 1306
178 1310
374 843
1640 1697
737 8
622 1526
1348 880
1267 1255
1596 669
1147 138
110 224
1786 741
436 532
529 1366
1 1562
1899 1758
1898 160
1896 907
1895 365
1893 1301
10 120
11 1633
1890 94
13 128
1597 1888
1014 816
885 70
455 1898
1178 1766
1875 1868
1495 861
8 98
12 1546
1892 684
1717 1473
1407 1397
168 345
1170 831
710 597
920 1676
603 1370
1000 367
14 489
15 614
1137 1649
783 746
1290 32
1008 726
1087 750
1790 1088
1701 588
923 30
381 805
16 45
1098 727
837 163
1839 1110
896 1410
1026 522
1880 564
1615 339
1712 528
627 1641
67 72
1467 1057
1327 1144
17 1289
1594 929
1445 112
908 1391
1089 702
255 46
845 971
677 211
1261 1689
1765 956
515 850
18 1035
106 807
1289 1784
363 1219
341 1277
748 478
389 571
1759 507
19 1006
690 1031
256 1420
1788 1827
1167 1761
20 1386
376 1390
1410 1488
1661 320
703 1122
1515 37
235 578
358 802
367 1398
1781 521
780 1098
1012 744
21 1639
344 1108
865 331
650 712
1265 1447
1523 1680
757 1197
92 812
1513 1775
766 672
22 1071
1855 1099
534 89
570 1281
69 978
1114 319
838 1040
1546 348
1027 57
548 1362
1586 1155
1029 506
24 1359
1223 97
1503 967
942 1666
448 388
829 1566
843 1831
1150 1708
526 241
960 387
23 1710
1203 147
1056 721
1762 1806
1365 450
1498 923
1228 1662
25 523
26 1139
1499 197
1768 886
825 487
1653 1720
1079 1119
1671 1274
1618 675
1436 732
432 1373
754 280
76 500
518 609
1181 1053
1687 1568
1237 682
1294 790
900 531
939 93
562 67
1683 44
1744 1258
1804 1147
28 921
291 777
1347 273
427 949
1883 1523
1398 1282
1852 1037
86 628
814 989
1319 1809
173 798
27 901
30 994
1856 689
709 1616
1774 749
618 638
271 352
134 1469
1560 1083
1646 1825
1772 446
29 808
1866 710
1295 79
1091 635
1200 13
1312 1767
1534 892
331 1415
1047 1805
31 1201
32 787
449 1443
954 930
617 1499
758 1381
1667 486
1885 381
1350 1169
1871 1028
1415 150
786 1438
541 376
354 404
1734 482
33 1532
34 681
459 1220
57 1541
148 329
1524 1203
775 810
1533 674
955 1718
624 80
1320 851
1655 344
387 1715
96 465
1494 1105
782 729
1641 1316
906 1702
281 1337
314 154
161 1575
297 401
1453 439
643 286
918 1495
863 1624
35 757
877 1756
423 775
914 1893
208 1162
1588 342
36 868
37 772
38 400
212 613
1844 1632
450 1181
163 605
1798 1346
39 158
728 1210
665 990
1806 1272
902 1790
647 1254
785 260
40 1713
683 75
343 893
721 697
1330 667
822 86
689 888
1281 162
1036 1130
841 1095
1725 1706
272 1027
666 1114
1553 334
1828 965
566 1623
1412 14
695 751
305 444
1044 836
1109 474
652 1344
1505 870
1441 1849
316 190
1422 1232
483 40
41 139
308 1039
1887 1348
1685 964
1095 941
42 947
43 1465
44 1768
1854 723
70 1409
258 1224
506 1451
45 882
89 1313
262 973
1439 1853
312 68
798 90
1585 449
1462 914
917 41
230 1157
836 1755
1716 1684
832 38
351 1234
298 623
472 1573
1141 1371
1424 5
1555 860
162 1542
409 289
630 1631
267 676
1242 1674
633 1637
349 1615
451 1180
46 999
47 1886
48 278
1379 412
346 1146
834 178
1823 823
941 1656
174 230
49 1757
866 1182
928 1535
1770 171
105 1393
873 1586
1139 145
50 1214
768 119
594 207
735 1640
1666 1345
1028 916
1518 1212
337 1528
186 961
1530 919
311 1425
420 838
392 1036
485 1582
1510 1235
452 35
1088 660
52 58
1544 1560
191 225
997 1722
463 1460
1366 1329
213 1349
894 612
458 24
1196 1320
51 576
53 1694
1858 1549
1766 480
310 1200
1122 1176
554 428
806 1103
54 1328
612 1032
740 1238
1642 700
1617 1785
1084 889
55 993
150 380
270 121
457 1462
795 1554
957 848
940 1597
232 1302
1763 1041
550 1151
1697 1799
1463 1280
1358 1025
1886 1364
231 1858
600 1481
1007 1440
1684 1338
1520 270
1572 0
1296 77
1502 1506
739 779
1732 1760
827 637
193 1143
264 426
466 1046
286 857
1269 1538
1034 951
56 748
874 62
968 493
1057 629
1870 1129
1426 26
801 1268
662 1826
1361 931
58 1618
59 584
117 1555
1257 1070
1703 1024
124 1115
1423 822
1041 1317
1431 1840
1705 1612
219 51
61 484
595 896
228 317
1173 39
1054 1312
1025 1797
1549 501
60 1242
62 970
246 1058
1102 680
429 1056
1800 1873
395 21
1694 1365
156 328
210 1467
63 662
64 1067
1656 1426
1816 1085
103 569
522 1237
1285 719
1272 490
65 1160
253 738
508 814
300 527
1435 16
1367 972
471 640
1845 274
66 1795
1081 1332
247 300
809 1261
948 677
1323 1334
961 514
574 152
1408 1592
546 518
653 733
1747 354
68 900
1496 1531
1396 168
1065 1807
553 1703
109 151
130 19
361 1216
1876 799
790 1363
993 592
724 562
1477 950
1482 1516
217 1726
419 1595
1236 1286
803 533
1206 1882
1416 424
1340 349
71 842
589 405
1807 639
116 245
1339 1740
99 136
966 277
1023 393
239 1136
1735 422
864 84
1711 1663
72 1010
240 1038
523 437
605 1753
1055 1131
1374 395
1851 558
261 593
962 939
73 242
1303 491
1071 1419
1650 1764
732 1019
74 1112
1508 554
1116 1125
1769 865
770 1322
1278 1189
1727 201
1853 410
903 1413
176 85
75 1394
990 608
377 745
1276 1284
1038 1498
996 355
1113 1118
850 792
1785 27
743 905
77 666
413 1367
1409 290
1814 397
78 1455
1099 258
1838 1351
494 479
746 408
79 845
967 1770
1521 1372
1030 707
128 125
1336 922
275 829
1820 600
332 589
1547 643
1288 1120
1171 985
1879 213
81 649
1092 862
542 654
1846 631
80 1096
82 953
1636 866
478 977
883 1693
1480 42
545 1271
1078 182
842 611
1073 938
520 690
580 909
779 847
1321 1293
323 357
83 1565
889 877
417 1602
970 1208
1331 1645
93 1436
984 694
414 687
85 167
333 366
254 1412
912 498
1264 406
1215 768
1662 244
1709 915
1302 1092
84 1503
727 246
1357 1190
1719 368
1682 1892
1848 149
1240 1692
87 1727
88 212
1681 591
1582 1309
1608 378
519 1731
138 1228
243 1480
1388 891
1663 169
607 1745
1832 540
1775 218
658 825
1104 1711
764 187
90 998
1097 269
693 432
1283 1084
1882 663
279 1707
1145 1482
1680 460
763 454
421 876
94 11
321 1403
616 1405
973 1792
802 1551
1867 417
242 1262
352 1494
500 791
462 815
152 763
510 389
1013 1629
1548 294
327 1545
91 33
1015 17
1076 1698
1184 418
422 1023
660 1318
639 1778
568 1564
290 108
1771 1350
1614 55
95 1325
930 83
1021 776
1630 894
615 31
405 179
507 1305
1305 1396
477 1156
564 50
97 535
713 869
599 164
1194 257
470 632
1205 1341
393 995
1072 1299
98 107
769 159
252 421
644 537
722 1267
559 1636
184 1630
1568 559
425 177
1220 585
408 43
1420 606
100 570
1743 1007
326 969
1490 1054
1183 141
609 1343
670 913
645 991
1631 1673
447 960
835 992
1075 1218
159 291
165 279
1313 1669
101 1077
102 61
1082 228
584 1187
353 897
1380 934
558 1251
368 1148
1545 81
250 1266
216 906
1243 1022
104 908
123 1832
1674 1287
334 1330
160 1133
1105 795
293 15
1271 1534
1120 547
706 696
442 1319
1121 196
555 827
324 769
214 837
1812 883
909 1273
1297 1159
107 1064
108 1622
1657 904
840 1779
1429 1123
696 572
155 1752
1292 621
1623 1834
980 1121
807 28
1077 806
111 599
190 415
1478 1034
1353 984
112 542
236 1655
215 692
956 1442
113 1215
307 122
530 1249
461 240
540 1771
1207 1558
1782 1658
799 434
1465 452
851 739
1558 1360
1418 1870
731 255
115 1824
691 384
804 1389
1218 1153
1210 238
1514 1819
953 1749
1132 713
1830 817
1172 73
1326 1866
593 642
285 1387
1033 1617
686 1839
1392 1553
490 1600
929 1643
1101 1596
1341 1490
1611 546
1501 841
479 22
114 261
119 1681
157 1483
1216 233
771 1524
1809 1178
1863 1202
1660 1335
118 503
120 1401
278 1895
131 1174
1612 1822
681 736
1177 1647
1570 1185
528 917
1333 1719
121 1845
386 1509
891 1511
204 975
144 1894
122 173
921 760
1090 1881
1659 52
741 1073
430 586
1273 457
1551 1725
1136 1227
1001 251
1525 1872
453 1453
473 1540
1108 1864
1006 944
791 441
1773 469
1456 927
126 1743
340 1638
1713 1075
642 1477
127 1878
125 364
1620 1485
1476 767
1460 899
949 194
1300 1475
1224 724
1143 423
1304 644
336 519
158 1660
1123 581
1279 1800
606 1094
932 1772
1386 1311
166 20
129 1671
1629 1245
525 435
1391 1044
348 641
1537 12
846 1533
140 617
1024 650
468 601
206 69
482 844
1726 1833
132 1138
1487 645
1345 1411
1387 552
561 316
1665 734
698 536
1359 234
133 512
135 1183
1864 303
388 557
266 87
136 142
556 945
412 312
646 804
1377 1700
1840 350
852 1751
137 704
1815 496
738 447
303 318
1754 1466
1188 1607
1511 1502
815 1686
590 1876
971 1559
404 1685
931 243
139 717
1049 1519
141 924
403 668
1601 463
142 1887
750 575
1016 811
1472 1052
143 1696
1690 467
1166 247
688 1479
1381 1804
180 235
549 1610
751 1484
289 1259
1395 1357
538 976
1587 986
1235 563
719 1342
145 134
146 1323
147 265
649 1030
1833 301
1433 462
1135 1195
1375 1724
205 311
1486 297
576 193
402 902
667 358
1268 940
729 1765
659 549
596 204
149 673
969 963
1849 1445
1829 539
151 9
1204 216
1245 1648
582 1742
1649 505
557 1013
994 222
641 1843
153 1856
154 997
1689 453
536 161
777 1789
1043 1650
1693 1522
280 166
1789 780
1118 1188
1860 1295
1485 819
934 1486
1009 1145
1884 824
1263 390
882 754
1394 718
1479 71
1571 1206
438 468
179 155
1158 324
867 1587
1819 394
1733 1811
692 1854
1639 864
833 781
1872 796
963 495
697 1384
182 1014
287 1672
610 372
416 577
1488 1585
1035 1446
1144 1205
227 285
1707 1257
1647 1086
360 573
1625 1166
1096 1851
1133 174
411 106
320 1193
1722 1081
1803 1424
164 1701
1064 783
952 854
503 1504
1174 1505
1112 1418
167 1492
1795 555
1834 1723
1318 64
1062 54
1552 1599
1067 636
169 1739
1805 898
1607 326
359 1270
1115 1395
1199 655
1440 1513
1399 979
1346 1857
1574 797
1262 603
1741 765
907 1875
1004 118
170 1186
171 1355
943 443
1260 1207
1117 1802
1475 620
1590 477
443 1514
1509 786
1309 1777
1239 1090
687 720
172 1074
175 1230
631 1644
911 652
608 661
1301 78
318 1336
1564 1863
1543 1175
705 49
370 774
712 752
1232 369
177 229
1686 4
1233 867
484 1786
1217 293
1291 308
1757 1002
1211 1170
792 402
1052 1449
1159 731
1362 1225
1468 1240
1506 473
1670 1899
1648 1744
1310 497
1794 1733
1050 1521
181 1862
183 1501
685 1459
1746 127
1066 383
1360 566
185 1593
1634 1468
543 766
847 492
925 1891
676 1243
1286 1278
1473 377
322 1737
778 691
872 1404
1405 325
486 895
1060 1253
1315 1788
1528 1015
755 184
1595 259
1638 1860
188 1380
189 1321
1810 48
187 431
1130 968
715 526
317 268
373 111
192 911
1373 1594
1338 65
1397 1496
1821 267
1466 1004
194 1584
1324 1427
241 1428
979 715
299 1294
364 343
1458 1304
707 322
855 456
1626 472
1032 283
905 1137
248 1385
1873 626
1526 1515
292 74
195 96
197 1142
704 1149
1142 785
586 438
196 63
198 627
1414 1008
435 1463
1254 1065
1841 275
199 1229
200 706
756 1063
714 1889
1343 1152
910 148
1791 499
1152 1314
1583 1
1378 1079
203 1374
1371 314
901 250
491 1209
330 1552
202 872
655 206
1529 253
1455 1880
201 1847
1175 1048
1421 1191
1824 1236
207 954
870 1738
1783 1291
1191 481
619 1848
848 1517
1385 1675
991 890
1020 116
209 594
773 1421
965 933
1125 653
623 556
1796 1611
514 420
1692 1324
1048 335
1138 1042
211 932
572 1787
1094 1250
1459 411
1444 875
265 433
812 1828
1376 398
1447 485
1755 1464
1591 1043
1307 988
1710 1491
733 670
749 818
1778 846
976 1651
859 1072
1221 849
1384 451
587 1005
1010 1091
218 1830
366 981
1752 1204
1011 530
1645 1557
702 624
1470 91
858 1454
220 834
489 590
1198 910
999 1588
378 1217
222 1368
223 1089
1677 1746
1164 615
221 1021
224 1579
225 607
226 373
469 282
328 1791
295 1076
1539 935
1598 1512
339 1196
1567 113
1628 371
547 92
533 705
1714 800
1776 103
1192 1402
1432 959
1404 708
229 1016
497 1356
919 711
861 252
1249 143
1022 803
789 1871
936 220
1176 740
1599 874
233 1780
1080 1471
916 409
1516 105
481 110
1532 1890
1162 1333
379 1544
1085 209
234 695
884 1852
1443 315
1792 1303
1393 445
565 1252
441 203
830 828
1784 773
964 442
237 671
1461 199
1654 6
1679 1135
1103 1846
581 1060
495 1754
682 1664
1230 375
238 1298
1363 392
1652 1774
621 1883
1186 1667
862 1408
313 304
992 321
886 198
273 701
680 1518
245 1814
347 1732
444 1537
527 747
244 1561
742 1782
1464 801
1831 1173
1540 1167
787 1068
1556 1047
383 1132
249 1497
433 192
1877 305
319 399
711 1456
1017 476
1484 1601
1111 202
1197 1127
926 1018
1083 114
251 153
426 440
1605 1576
1678 1550
439 208
1589 678
1635 146
844 429
577 1116
673 140
1214 647
398 685
487 1877
1154 236
1454 176
257 1604
504 1275
635 1536
951 1265
1550 1837
1457 1296
259 516
1051 1683
382 1813
418 232
391 762
465 341
260 1736
380 1625
578 262
276 239
1337 759
369 25
1328 195
1857 1472
263 1247
1110 219
1229 306
1270 1050
1255 1818
1730 1590
995 175
583 459
268 1062
1720 793
1127 835
269 117
1438 1347
723 1793
282 292
1317 1416
375 10
531 1093
1745 1493
1182 885
1474 436
1535 1896
1042 29
362 223
1728 430
274 284
1156 1111
1419 1124
1576 427
868 386
730 1654
813 657
1325 728
759 534
277 385
1600 102
385 1422
1332 1033
1799 1867
1622 1548
805 879
629 1661
1736 925
1107 936
592 928
1512 1812
1086 1690
283 264
1383 550
1531 1340
1837 1437
1688 1211
1274 1678
1202 1507
284 1591
817 1198
1742 568
288 403
752 955
1244 104
716 1470
800 100
818 525
1425 1695
1019 788
492 926
1434 881
1179 1069
294 165
946 1855
983 470
1061 1059
335 996
394 1297
1335 254
296 1106
1581 1260
1750 771
1334 1199
1165 770
937 347
1843 1879
301 1392
808 1352
679 237
302 957
828 1222
1715 761
1212 226
1850 602
1352 18
304 983
575 133
516 709
656 1100
390 579
1368 794
1761 1704
496 1377
1869 871
661 396
1797 1239
725 1776
977 1598
762 863
424 587
309 475
938 288
1063 1026
796 1101
767 1476
539 425
493 648
306 856
944 1458
1100 132
588 884
1053 1628
788 789
1124 461
1189 937
1370 249
1644 458
793 596
744 1614
1234 1080
315 1510
628 1158
816 336
694 1339
1259 1161
1627 1620
511 853
1563 333
797 633
959 1748
355 299
1708 200
1817 1808
1058 494
1161 1192
915 281
1282 126
671 359
1593 1382
579 946
684 1734
1573 1276
1284 826
1277 1126
325 266
1637 181
356 1055
1040 595
350 183
1231 205
625 1543
1225 488
1669 1283
464 1608
329 374
853 76
1825 1682
1400 1452
1446 1163
480 1434
1702 1563
1248 1574
1577 1020
857 524
614 1423
602 1556
1835 1529
338 1358
772 580
1862 1165
1578 1621
1811 1003
406 66
1801 502
342 544
1676 529
475 1078
826 1315
1126 1530
718 548
1329 2
794 1441
345 943
1517 172
1602 263
573 698
1624 1248
1428 370
1813 82
1364 873
1354 755
454 1487
1696 646
879 130
1493 630
821 1000
1382 1613
1507 1172
1724 1444
357 1049
1609 725
1442 1747
434 307
552 878
699 1619
1787 511
998 1489
1604 509
700 1850
881 903
428 1762
1610 966
1881 1665
781 1567
1504 840
1868 360
986 109
365 693
524 1816
1861 1150
1748 1841
1093 1783
371 782
1037 1429
372 520
502 1388
678 688
1760 1659
892 821
1691 664
1258 918
1767 1803
1280 332
776 855
474 310
1718 416
1149 47
734 1379
1148 414
1226 1233
981 1177
384 1331
820 1061
897 214
1538 1885
1389 1835
551 391
601 567
895 1687
985 1223
532 1815
1731 1269
1491 541
726 1884
1208 1432
753 1102
1522 1735
396 1051
1306 1226
397 735
1390 742
1070 833
399 980
1316 1378
400 407
922 513
1756 271
401 974
1411 1763
1298 1184
1349 1859
560 598
1299 1017
876 958
1802 123
784 1326
407 1399
669 351
1069 1609
1351 565
410 1164
1417 1244
1672 764
1287 543
1469 95
869 287
1293 1011
415 616
1721 1820
1616 1439
1448 248
1580 1141
1193 137
1185 1709
1859 1300
924 1571
537 1154
1005 1361
1481 1577
1018 1829
1039 583
904 101
1562 560
1740 1844
1561 338
1450 88
431 1431
1308 686
1059 272
437 231
1664 1221
982 1705
591 658
440 839
637 852
1565 156
1163 363
1451 1581
1621 982
446 1547
1541 1009
1566 887
913 217
445 1194
1046 471
651 1354
760 538
839 413
563 510
1238 714
456 1668
1559 1838
544 1264
674 1646
1739 1539
1554 1657
823 1810
1675 622
1157 604
460 948
1246 1288
1699 508
638 309
1483 1527
1187 1699
1413 1461
467 1353
831 656
893 115
632 1029
745 1400
1247 1104
1311 625
1355 651
1777 210
1695 778
854 1113
898 1842
1427 987
774 1066
1542 1874
1527 1677
476 7
947 1327
933 464
1749 1290
1253 582
1780 1478
512 561
1536 1817
663 56
1437 1107
488 809
988 361
1779 1580
1275 1241
654 1457
1865 730
1753 1572
1129 330
535 515
1878 610
498 1308
1822 1570
499 298
501 215
1372 832
1068 1087
1250 356
505 180
1471 1001
1002 1263
509 1688
878 302
620 1869
513 1605
1738 1406
517 483
1557 504
880 683
1168 1717
521 188
1128 1626
1584 186
935 1450
634 737
1195 553
899 131
569 618
1723 1430
1643 1721
1401 129
1579 1179
824 157
1651 1769
1106 124
1190 448
1842 858
1497 135
1449 1285
664 1741
626 189
1606 665
1706 1798
987 1714
1140 952
849 1292
1808 1679
1209 1897
1452 1474
567 1231
571 784
1592 1435
765 327
1519 942
636 185
604 99
720 1823
1251 1670
585 1589
1213 634
1826 1433
1836 920
1492 1801
597 1627
1818 962
871 1213
598 1635
1793 59
1219 1508
1369 722
1668 362
974 859
611 743
613 756
1356 659
1619 337
1169 379
888 36
1227 1836
1874 1642
657 1082
1074 619
640 191
1252 1569
890 820
1119 1134
648 1653
810 1140
811 1520
972 227
1403 313
668 574
1031 23
1342 1865
1751 1369
672 716
1500 144
1322 679
675 1773
1155 1171
761 1525
1489 1729
1045 1246
860 545
958 1109
701 1750
708 1279
717 1448
1402 758
1737 1728
1134 1307
1764 53
1430 256
1704 1583
736 1376
975 419
1151 1861
747 323
1160 1256
1146 455
1241 346
1153 3
1575 60
1847 1045
1827 1500
1131 1634
978 221
1673 912
819 466
1201 830
927 340
1344 1730
1406 296
856 1781
1603 34
875 1375
1658 699
887 1712
1758 1407
950 1097
1222 1012
1180 1759
945 517
1700 295
1314 1691
989 1414
1729 703
1003 753
1632 170
1698 1128
1266 1821
1256 382
1633 1383
1569 813
1613 1578
