0 1133
1848 1209
3 926
4 1142
1845 1839
6 1640
1844 1200
1843 5
9 1380
1841 256
1840 133
11 1492
1839 1767
12 1059
178 1431
1032 1337
1760 1129
1240 736
1398 887
1715 1114
917 572
1596 1071
1207 639
486 833
841 1725
1 875
2 1035
1849 1181
5 1171
1846 1110
8 1483
1842 1012
13 508
1591 179
923 310
1194 1638
542 1387
1173 285
1813 1796
271 1652
455 1714
1847 1472
14 955
1717 1270
968 1426
210 1096
18 250
1815 1595
1254 1018
1308 1730
7 945
1456 646
1713 1249
1081 871
1338 756
778 1299
1289 956
786 1020
1192 1642
10 95
15 894
16 776
1098 793
513 751
26 68
978 613
1107 551
1056 890
1058 1391
148 209
1780 534
877 1605
1757 516
1656 986
445 1740
1526 120
1030 1580
1170 1107
196 577
739 1265
385 488
552 1411
799 483
1662 174
1443 1600
313 544
961 1584
17 1801
106 514
858 193
1701 56
488 1162
1364 194
1641 77
954 1552
690 1511
386 1379
872 29
1235 374
57 309
1635 1067
1631 671
300 1738
19 390
374 627
1484 824
707 581
909 149
1721 943
638 1527
610 442
349 146
1257 94
259 733
952 1395
20 1199
947 237
379 188
611 567
1168 1372
759 605
21 81
22 1022
893 1782
940 1169
878 1486
658 539
830 513
1126 1062
23 216
834 600
824 367
1068 248
1550 1643
1618 1046
876 1565
922 1217
24 424
1497 784
479 603
1820 737
617 1824
539 1066
1079 1160
1093 1709
1614 805
648 1588
1185 1692
1089 1561
1161 1213
1262 1139
117 1450
540 1677
1655 598
308 1084
896 218
1675 535
1499 249
127 1147
1005 885
948 362
1818 1575
119 1609
797 1438
770 1429
1410 487
1122 851
795 1442
25 1817
27 7
654 489
470 907
641 321
28 811
1833 1412
1579 1770
982 417
1021 1651
730 1406
1493 1755
201 840
1832 896
29 1804
291 546
1015 399
157 706
596 553
1525 19
1253 474
424 753
1679 1764
343 976
30 96
43 958
705 993
1502 1185
972 718
991 128
881 828
1449 1306
433 20
1823 1822
1534 1221
363 1346
1116 974
880 287
1796 1218
32 333
33 1457
1580 929
1036 1545
76 347
31 14
34 761
624 759
1236 587
695 1842
299 1076
1730 1094
335 439
1247 1029
951 703
35 795
1314 822
1649 1238
305 918
474 1158
85 1548
1002 687
321 1194
330 574
466 1414
630 1357
103 83
515 16
1265 336
260 1164
36 1127
934 1428
1024 541
631 1454
408 1611
1280 987
37 620
155 485
1625 82
1750 381
1464 1336
39 1015
933 392
788 1188
1647 758
118 818
870 1524
1187 810
40 1467
310 23
512 1409
927 1074
1115 1338
1395 622
1643 130
38 1572
41 1430
1828 1657
1830 979
362 220
1644 1606
1136 511
817 262
1454 573
1494 1398
1148 288
818 138
898 499
1359 1712
216 1675
1770 430
45 136
42 526
1749 1787
1102 1653
477 1436
719 856
164 1057
44 1789
1458 1036
112 118
1263 1491
173 1478
849 512
1670 1356
302 924
1476 555
1258 1762
663 726
527 52
1129 1121
1228 649
451 395
46 165
955 1739
1050 1155
846 1427
508 1191
1542 716
1824 1256
47 12
138 1294
395 139
1160 1201
1687 1507
1373 319
500 1702
1191 1618
1727 901
862 1106
1724 254
347 1276
1096 1032
82 988
1123 397
1665 1586
1471 404
1331 1292
407 834
235 45
50 589
1755 93
801 933
941 58
458 1554
53 972
64 1793
1821 524
1362 864
1209 1327
294 1445
783 1208
48 922
49 103
1544 582
314 1065
1076 416
520 1180
1571 363
1334 569
823 694
1748 585
855 725
51 785
52 1834
189 1798
545 482
1418 547
1556 970
1709 862
725 1413
1597 542
1283 1568
1287 714
1683 356
633 276
1246 1576
594 225
1143 1245
54 1131
997 446
1478 1300
1531 0
55 601
1417 1239
236 297
398 414
582 1250
204 1055
1124 1672
727 272
229 348
529 954
1700 461
758 839
336 1667
176 308
56 865
1014 1549
1797 1818
1660 191
483 50
850 1794
1803 1468
971 1215
163 1359
1743 774
58 88
390 1463
735 1719
826 148
847 1042
571 41
86 1116
692 1624
1720 1629
1110 53
1090 170
1179 1508
1491 243
1587 1089
1389 965
1754 749
1065 1262
531 780
60 1030
837 1731
159 623
1295 27
1783 1685
252 425
1512 1581
1375 157
1759 1376
1568 978
61 884
1594 869
135 800
387 697
1243 565
1379 961
1390 313
1200 339
123 653
487 1779
533 1122
1073 65
1033 951
406 470
59 132
62 1254
63 1663
1286 62
256 1812
102 872
1224 200
615 110
1301 238
239 1623
1006 28
637 90
312 230
65 1661
250 579
1710 1145
1430 365
1729 432
642 1684
809 1821
352 1288
66 228
1663 628
977 1024
652 1275
548 677
861 610
885 453
1152 1358
1746 1365
439 368
1100 1146
68 1808
942 122
503 6
866 1073
1357 215
821 195
807 522
67 843
1203 905
108 1168
983 1174
1811 279
502 777
1745 1489
664 212
589 1165
1509 1717
1455 984
69 156
70 888
71 66
220 848
244 505
1639 337
1172 1363
536 1583
1266 820
261 465
72 1698
773 980
1623 1646
1363 1837
340 641
329 1526
73 1329
241 493
1385 1068
1277 752
1451 1757
661 771
1637 423
74 796
990 1728
1350 1070
1545 264
939 476
1196 1014
75 214
338 947
629 1186
619 420
1439 1184
449 298
1498 1577
77 1281
889 152
215 441
1142 1689
626 1622
217 412
459 1806
1232 1198
169 1695
814 1253
388 1075
601 477
1557 807
333 659
78 506
79 763
80 47
906 606
672 114
584 1366
1650 1443
81 1748
1636 517
1128 1444
1158 125
1442 1248
1781 617
405 1389
1436 1350
1211 1750
1004 1328
1431 1520
417 204
394 1744
1672 1598
1304 1099
120 1045
1370 377
1178 1334
966 1482
1027 480
919 1050
726 1766
1609 1052
1584 640
1681 1137
1474 1235
83 755
84 494
415 1408
1539 1011
686 1222
447 788
860 100
1264 296
1564 263
1241 119
203 844
1599 1626
87 650
1738 1458
1838 835
472 999
1794 545
1305 1335
1602 1210
953 203
1140 1497
95 1729
1212 612
101 210
1761 1206
984 1383
1593 484
760 927
324 1159
1131 764
219 1321
430 373
268 540
88 1602
89 205
1097 1469
516 418
180 782
284 1499
1130 1498
568 680
171 685
90 1118
731 797
718 163
432 495
659 289
91 73
158 532
124 668
747 400
900 1591
597 530
1003 134
874 1220
600 121
1470 219
473 1421
733 36
1628 181
92 1415
93 690
660 444
460 1388
1012 1314
1157 196
411 497
868 257
94 629
967 1521
491 1487
1785 1705
418 695
422 1743
211 1317
254 324
567 364
1150 1124
298 413
1051 207
1271 557
557 1639
96 588
713 189
627 509
1066 964
397 175
1668 1691
530 1177
729 1648
1302 1543
767 448
1558 286
109 1736
710 1150
1519 1432
98 1715
598 472
494 762
272 144
899 846
924 1771
97 830
99 1754
226 1751
1648 312
550 1674
1387 167
1578 1233
668 311
100 1316
1358 1614
1510 242
1611 1435
1736 730
816 1353
1259 1778
1054 402
270 1301
1242 1006
945 772
326 1690
1046 829
1078 625
561 1802
519 1241
932 350
207 631
481 724
1492 552
160 460
165 1686
149 898
1426 380
104 826
105 778
1697 880
421 853
1193 233
288 596
281 937
1310 252
337 1078
1452 1056
429 1305
403 1716
1483 375
696 456
929 1503
107 1814
436 269
213 208
987 307
1074 162
290 1021
401 1797
1798 1259
828 1104
1343 1594
1214 89
1141 1599
734 515
1546 440
1576 930
1789 171
110 1339
1408 1326
177 889
1383 97
1147 1573
944 468
1034 997
613 1295
266 182
1175 1390
111 1662
1711 657
188 1570
683 794
1435 1101
414 1654
1688 1551
1095 1553
1291 816
782 197
651 814
691 433
1588 1342
549 1516
565 971
835 1058
1298 1060
1366 274
113 591
1423 917
1328 421
528 69
1831 42
114 940
115 1232
116 874
1504 1567
1462 1293
1299 1002
665 455
563 1325
377 1671
237 655
716 8
864 790
151 332
981 190
278 295
1307 950
1669 1724
753 158
1779 1203
510 525
205 463
921 757
1733 1843
914 1525
1344 1765
1624 1405
384 1531
973 1212
126 1117
1658 735
121 1749
122 1522
1447 1634
1356 852
768 1625
1355 1734
1677 1601
166 678
181 1555
827 1402
1292 1620
357 105
1620 464
328 403
1566 329
251 1485
125 673
970 153
892 558
988 232
1445 766
575 340
750 1647
678 519
1515 473
1342 1566
566 935
588 352
410 636
1707 881
128 578
603 300
1400 948
1592 1630
461 1381
1694 173
1169 150
130 968
1487 330
1312 31
1737 379
129 895
131 1126
132 1392
1716 346
1638 1777
1533 1310
409 1251
1768 293
469 1258
1405 1590
133 781
556 722
736 700
315 1735
457 1087
134 597
453 911
792 538
958 500
136 1669
137 1530
815 1827
485 667
194 674
1025 1452
1735 1134
1367 258
1766 802
140 159
147 1819
139 773
141 732
1772 46
279 1628
1138 1324
1678 607
143 845
1137 1382
1333 398
1773 451
762 975
228 1788
1473 580
1091 1811
144 154
1804 982
1612 1721
142 1267
145 1562
649 91
1237 1501
1026 378
1208 1706
1685 1441
1603 1502
146 664
1135 1693
1229 1474
1422 842
969 1668
1428 1077
1273 633
396 155
595 1512
1695 1644
381 638
246 571
283 17
1771 410
1674 253
183 1505
848 385
1380 1481
1812 1841
650 1214
1434 1574
935 1085
342 1302
1013 635
150 292
1634 1679
1120 236
1682 129
376 37
1371 593
812 1557
1007 684
463 140
1613 1257
974 283
464 1823
153 1500
1000 211
789 1063
791 962
1787 770
152 1111
154 990
478 661
1094 1333
1705 651
476 1175
1540 791
1479 775
681 1069
419 1542
856 449
404 221
1268 1475
1505 1190
514 1617
1052 1173
903 1708
1747 1156
1217 1514
1450 1726
926 1378
518 1242
297 384
946 59
156 1529
688 471
276 812
1045 459
380 520
190 1701
632 1800
170 983
687 235
175 1098
456 786
1619 1419
1671 1756
790 302
943 151
865 1384
161 266
162 562
1521 861
831 1660
172 1374
1064 1596
269 1446
1055 389
1353 422
647 1229
583 1279
399 26
1666 704
1278 1697
1060 719
1621 560
413 33
1062 1000
1466 199
749 952
446 22
368 1319
1117 325
728 168
682 1223
1132 401
1421 1713
167 1477
168 117
1732 393
1511 1847
258 251
454 529
1216 669
703 240
1739 1320
699 1019
1726 1727
249 665
443 1193
1629 428
766 1664
303 1772
1146 1510
1606 966
484 1650
1622 186
1019 510
525 1154
1154 335
345 475
462 1400
1626 891
174 1610
1543 1825
1099 738
1440 1670
441 928
543 1178
1134 84
370 328
669 1274
949 1571
1467 670
359 371
511 634
740 1829
1119 1845
802 1278
1589 486
334 177
1337 1228
1561 1037
537 1308
852 1268
1788 1244
976 981
1633 322
179 900
676 131
1673 1849
1574 1579
358 1226
639 1621
560 1681
1508 925
1827 1355
819 426
304 556
702 1205
182 44
389 1167
1686 893
606 1048
693 1840
1306 1141
184 584
1315 1781
1181 1082
185 1307
1690 592
901 711
546 1480
465 1348
186 1635
890 710
331 481
579 1460
1573 161
1575 290
187 1593
779 783
1040 1535
915 1243
1776 1093
317 265
1661 1298
1632 358
467 739
1369 942
1165 244
504 458
822 740
232 1835
1162 222
643 1195
1105 654
355 1148
956 137
670 643
316 1297
787 1331
191 803
192 1289
1324 247
1411 909
1420 78
1518 260
989 754
674 369
754 817
193 583
937 548
320 445
1799 10
1381 1090
195 1172
296 415
957 1399
1414 944
1029 351
1061 11
1429 198
197 85
1347 920
198 366
618 2
287 1005
1807 217
437 1280
200 1343
752 859
523 462
673 355
199 1773
318 503
202 877
1180 1285
1274 743
894 1023
657 1277
1276 76
1284 616
1151 1315
1023 1560
1610 747
1009 1234
1784 1341
1465 450
1109 939
1088 1418
1409 1125
1182 70
206 1135
1782 768
1532 1246
1742 1061
1345 1791
1777 327
1567 1367
208 498
886 1361
1323 699
1640 910
1836 916
1725 164
979 1680
569 1143
209 621
1184 1619
918 992
1472 1569
1805 281
1482 1608
496 1678
1501 1723
212 326
1642 1166
1043 1362
1149 1786
798 1534
1391 1733
1171 1645
289 946
851 1504
263 1047
1188 630
771 109
704 1230
572 1544
1438 183
214 1182
1427 1187
1092 184
635 1189
1297 799
1758 1776
218 1578
1270 550
1261 224
1433 660
248 320
794 507
544 206
1530 1519
1279 1072
998 712
391 229
221 115
1506 614
853 21
1486 304
222 1490
224 1746
223 1616
339 838
592 873
1008 1120
1296 644
227 832
1793 561
1461 376
724 1451
264 299
225 227
675 850
341 387
1313 490
1309 1404
1712 801
230 855
1041 1207
1764 923
493 1515
1403 55
1696 1149
1080 112
1059 291
1523 995
231 388
1554 1272
233 1113
912 1345
1816 1722
1016 798
234 1034
1693 1437
247 1784
1441 1844
1551 1479
1281 87
364 316
1190 246
1774 1513
1547 1083
1654 1769
238 594
805 30
435 1832
240 624
1744 1455
1346 602
242 1051
1127 1284
576 882
243 1597
425 1370
438 1783
262 1138
820 1517
1335 867
1718 563
621 123
1017 637
1734 1631
1406 1255
741 32
245 921
963 1538
360 1799
1572 1263
884 813
832 409
448 1112
793 1013
426 1323
776 1352
1048 960
1388 166
829 632
1336 431
985 679
1825 255
1238 870
480 1585
845 478
1392 809
1809 80
253 143
1106 1136
1680 915
765 528
1230 1128
332 280
1047 501
916 769
559 611
255 277
1607 837
1460 689
928 1833
1329 1377
257 86
1741 1537
1221 1641
1495 1496
578 1216
554 1687
1145 619
1218 1826
634 1655
599 202
570 1682
605 1163
608 615
959 344
489 187
1199 1039
1691 537
625 1673
573 305
265 345
1330 1044
1352 429
1118 406
717 1493
751 1393
507 318
785 1637
590 13
574 863
1459 1676
267 1813
1689 841
1183 1846
327 1449
1653 675
1082 1694
285 701
350 1495
1376 1303
679 201
1446 566
522 963
273 1332
1317 1828
1826 658
1365 1103
274 436
748 663
1215 973
275 713
1503 767
1121 1252
1667 1484
1496 504
277 1547
1646 823
712 1711
1529 1371
803 1375
416 1720
800 74
280 185
1318 570
1339 1790
701 1261
1354 1461
879 899
1087 342
371 466
1432 734
1829 1008
1490 104
282 141
908 1536
1565 1425
577 554
1186 1627
1651 1424
286 696
962 878
602 270
450 897
1791 1211
775 683
1325 284
1010 1753
620 334
882 357
1605 543
925 672
883 1809
292 1564
842 1658
1028 1659
1834 741
293 847
1722 904
393 709
1560 1041
1615 744
1659 858
902 1237
666 343
295 996
1189 936
653 1176
1702 969
1664 1582
361 854
1031 1633
1424 1816
1322 1080
1537 39
1795 1506
1837 656
348 1615
351 1780
301 1447
609 457
1368 160
839 857
1752 1227
836 618
996 1473
420 438
1220 231
306 1774
1108 1462
1698 836
1598 1607
738 727
383 1747
737 99
307 435
995 54
309 1666
1049 815
844 1196
843 1204
1601 315
498 323
372 180
1223 64
838 1394
1386 1347
311 1465
769 604
1549 919
1231 1016
1210 408
1516 1768
1437 1440
1167 1340
722 1322
1249 35
1657 405
497 1311
1020 1703
711 1603
319 779
1361 626
547 239
680 1040
440 419
761 819
322 742
1778 1785
1125 1470
993 178
323 1410
905 124
325 723
1378 521
746 361
1053 949
1617 1043
1581 354
551 1286
744 559
1548 1836
1282 1179
1413 1761
344 1752
1340 427
1069 382
999 108
1384 1396
756 913
581 1
656 1140
1311 787
1703 1683
1111 1550
1327 1848
698 1476
1719 1589
1234 676
1144 273
708 145
1195 702
1377 1838
564 51
1075 192
1527 1091
346 1422
804 261
1676 941
1412 1081
1790 914
1139 1092
492 1434
780 1386
930 71
1288 116
1260 715
1269 1407
365 1053
685 721
353 994
1044 383
1627 1636
1360 1161
1267 338
1213 142
706 1523
1756 1095
1463 454
378 1266
628 491
354 1152
356 1079
1394 1009
863 1805
614 934
1714 1291
1156 101
1396 92
1585 1007
1416 1592
366 1563
1600 1464
700 443
367 686
1555 1807
1294 176
402 1132
369 294
1590 48
1541 1097
541 693
1645 575
1570 268
1604 1795
375 111
1728 1236
1303 1260
1507 1183
1113 806
1480 25
1520 24
965 595
373 61
1569 1247
1300 172
1084 234
382 642
684 1439
931 1459
506 1556
810 765
911 1466
813 549
423 1742
755 1349
763 662
587 705
1070 808
720 692
1769 98
392 1453
1399 1448
1133 1741
400 1290
428 1546
526 1344
1349 370
534 1665
1802 1541
1159 1718
1293 1313
1001 902
1708 868
875 1369
1198 226
412 728
1562 223
1104 1271
591 1539
1692 1373
655 523
1814 407
1800 396
950 731
645 792
871 647
1485 1330
1786 533
1630 492
960 518
524 275
1751 107
677 1115
468 1269
1072 1003
1535 102
1444 126
897 1102
1489 1587
1513 391
427 1224
1586 1157
431 1699
895 1273
434 977
521 1364
1808 609
482 447
1042 831
442 1038
1233 241
1272 1054
1767 67
444 1416
1275 789
1699 1304
1706 729
1202 1088
781 1219
1528 1027
452 568
1067 991
1684 1696
1326 1688
1022 989
1341 1240
1071 1197
532 1745
1285 860
772 866
1204 1231
1374 1792
1205 245
580 1423
1488 1049
1583 278
1704 876
1252 804
1163 411
471 708
475 652
1536 1105
1419 1004
1226 1559
743 1810
764 317
907 1153
1792 341
1112 9
499 1170
1245 564
1553 1192
1348 688
490 113
777 1612
867 1282
495 135
616 1010
742 502
992 72
913 452
501 938
1083 590
1608 282
505 60
636 886
509 106
840 682
1177 1704
1775 750
920 1471
774 1831
517 1123
1255 15
936 698
593 1613
1404 1312
1037 1064
994 1028
715 1108
535 372
662 599
1475 825
538 527
553 717
1035 1494
646 18
1402 1420
555 437
1835 1287
1239 1488
1582 1760
1077 536
558 892
623 43
562 1086
1731 1202
1415 147
1552 1031
1063 827
1723 906
1753 63
612 1820
1559 1296
1538 1026
1244 1100
586 359
585 1518
622 1830
1595 38
1810 912
1457 303
1166 691
604 360
859 4
723 1318
806 1144
1222 434
833 821
1477 1558
607 479
964 1632
1197 75
891 314
1320 331
1164 608
1401 1540
1522 1456
694 1360
1469 746
1039 169
745 959
1393 1033
1114 79
667 932
1219 1354
808 998
640 394
1372 1109
644 903
1407 1283
1321 576
1652 40
1153 1803
1332 213
1011 496
869 1417
1806 1397
1765 1001
671 1351
857 127
975 531
1468 1732
1248 985
1382 1509
1801 648
1563 586
689 666
1018 1707
1425 306
697 1533
1762 1264
709 1737
721 1763
1250 1775
714 953
1290 849
1481 1368
873 1025
732 1528
1616 34
1085 879
1351 1433
796 1700
1086 57
1176 1532
1319 1758
757 1385
854 931
1517 760
1201 1225
1256 271
938 49
1101 3
1524 1710
784 467
1206 1309
1316 1130
1500 1759
1057 1017
811 469
1103 748
825 301
1227 349
1740 1649
910 681
1822 1604
1038 1656
887 1815
888 967
904 259
1155 386
980 1401
986 1403
1251 720
1174 1151
1763 707
1453 645
1819 1119
1448 745
1577 957
1225 267
1514 883
1397 908
1817 353
