0 814
2 1433
1698 1217
3 771
4 257
1696 1476
1695 1668
6 376
1694 666
8 1302
1692 447
9 1550
1691 478
10 1280
1690 187
11 232
12 469
178 532
1509 860
404 1260
779 1613
865 1002
1598 1153
372 942
457 1441
1 624
5 1212
1697 496
1693 1065
1565 286
1661 1284
778 1596
1274 1043
134 1693
1139 358
1470 818
750 615
176 1133
13 293
14 1358
78 659
329 1256
1308 1259
1554 20
1607 1112
56 509
1472 189
424 1541
528 209
561 882
1699 1618
279 1699
1149 1090
420 1686
269 369
230 764
365 817
1487 1644
693 482
743 1026
317 1449
7 1504
16 225
433 1673
271 403
1209 506
1338 1350
837 794
1609 1405
70 436
898 1431
925 1666
1204 1611
15 1576
17 1155
106 1254
50 780
1380 1505
1364 801
687 246
756 281
519 1646
1418 474
175 300
1184 1273
1680 1525
690 1308
479 537
109 307
1556 778
153 1506
1197 465
1647 212
1427 835
18 1656
319 243
500 981
548 268
1340 1436
738 1507
773 1147
1171 460
19 410
369 1470
1085 36
1493 362
1652 330
1513 1597
613 7
1343 767
481 1307
923 878
1372 1163
542 226
893 439
1573 1354
76 1559
1023 1022
1073 558
695 840
20 1547
21 1203
22 163
278 1035
1095 1085
346 448
1040 1013
23 1454
688 32
331 607
753 1394
246 1458
783 194
1104 1216
123 931
813 1131
1421 1106
912 1098
24 338
1499 345
253 1519
161 244
857 946
1459 1455
505 1551
796 215
1218 1087
1576 524
25 630
26 1057
1236 673
866 306
1299 1509
583 987
1564 1371
767 96
515 1245
52 651
529 450
1456 1041
589 222
706 1650
1003 1075
472 513
355 1338
1157 636
685 515
1098 1528
27 46
28 754
291 1174
1653 433
1213 526
1252 1047
758 262
266 267
43 383
75 1243
214 692
927 937
1222 498
689 119
648 785
89 1225
785 1612
1102 1489
1410 1305
1074 1408
616 501
439 1515
30 717
881 1188
698 1561
507 1475
1687 510
1473 1144
1351 1079
715 1298
294 1546
683 494
746 1100
964 1573
350 648
992 10
1548 1435
29 1195
32 574
739 980
495 1428
1188 390
1476 438
33 915
557 1253
1051 1538
1605 1448
1162 123
67 1083
650 1373
436 379
621 1691
31 342
34 795
1641 1248
110 11
399 514
35 863
1294 979
1620 1281
710 79
1284 1164
486 1461
954 1676
1649 1019
241 753
1622 1336
801 340
821 331
955 1658
388 184
1625 192
691 334
427 1036
1205 136
49 220
791 1351
906 623
1039 81
1670 759
745 1595
498 1265
686 1557
684 551
36 1421
37 1294
38 241
208 555
293 1406
651 54
768 992
720 145
232 1089
607 969
1651 777
1269 408
1148 958
966 1165
416 1635
732 1223
521 1540
1185 750
510 765
1629 1105
1631 1603
714 1331
1575 1237
1000 39
268 775
812 1586
465 905
1037 601
596 867
40 834
41 18
1154 1107
894 602
1560 546
676 1399
1293 348
1333 706
42 1229
949 541
671 742
1150 1527
378 483
386 421
1048 836
121 70
145 1269
727 1548
638 1471
1277 101
1016 25
44 45
654 1266
1406 1236
1315 50
1482 564
124 28
1454 440
39 57
45 635
827 1102
251 171
417 1209
1577 1297
819 1290
1458 844
517 493
1394 1055
281 1067
46 34
1477 1653
1327 528
1306 637
907 1124
384 760
1443 299
257 1114
1067 265
1344 600
47 1044
491 1523
637 1161
48 592
1350 239
670 1617
1107 221
218 885
845 1432
223 943
852 790
919 512
473 799
1408 1696
976 1334
697 373
1038 762
740 1005
807 808
1601 695
936 1412
1543 1261
820 1503
352 65
632 1063
1268 556
51 951
1465 211
1126 341
466 1632
571 618
1221 1353
1291 112
103 629
1103 1447
188 1346
452 1590
274 603
1621 606
874 704
1119 497
997 783
1201 1567
968 1204
737 1317
451 1634
991 1681
1141 1682
1099 1630
419 76
643 1062
951 140
370 679
53 156
54 581
55 1130
1375 113
1517 737
478 582
761 453
944 1213
694 549
1599 1000
1396 1518
1044 1671
1289 725
995 755
1276 929
1270 832
385 114
675 616
160 1077
1180 1460
630 41
540 572
1660 1563
225 1543
1192 124
58 1020
59 55
860 213
117 1184
1341 807
1440 1533
1529 678
1688 611
660 747
749 1683
1021 1508
593 161
60 58
376 864
900 1039
1395 857
305 1457
617 565
1413 729
408 1478
1437 712
659 1482
645 1365
1026 854
1451 233
57 734
1200 1577
310 1053
255 1038
501 1594
1474 122
276 548
122 1231
792 44
62 85
1286 454
107 786
1272 1554
916 1340
1301 1042
61 351
1203 591
1515 626
789 690
1290 1680
826 917
64 1512
236 51
413 1564
1635 686
1124 249
1416 489
921 1423
99 1080
883 1496
1142 911
63 289
247 1240
212 1464
1285 676
704 1494
228 297
1587 1160
391 1579
65 579
585 416
1590 24
1422 826
970 1383
1058 1271
66 1176
563 504
993 263
766 56
68 904
556 1025
703 713
336 768
902 1531
69 1490
98 87
1210 941
301 292
1076 1299
1060 235
560 168
71 481
1411 1614
463 1438
609 354
901 195
917 890
72 219
1403 170
1628 1010
155 1210
1257 52
566 1657
641 774
839 258
1442 451
990 1158
238 948
1611 472
1527 1599
308 1445
73 148
74 1628
1325 642
1450 664
1645 913
655 134
367 309
1248 418
497 646
1568 955
348 1348
334 319
1555 1166
196 1520
1377 1364
1510 928
375 1633
200 1450
1169 573
250 1578
77 284
195 67
736 973
996 871
1359 464
1466 991
1181 1345
275 1059
280 598
598 1076
669 1262
787 820
931 588
79 1544
1167 1046
888 804
1019 363
1636 164
90 415
494 935
1317 173
470 1679
905 404
597 797
81 1379
1136 654
1388 722
503 443
895 59
197 1070
363 61
700 485
1650 412
82 798
889 796
911 91
639 214
459 1061
80 107
83 559
406 432
157 950
1426 1522
545 152
1264 181
1059 691
381 1610
84 519
1561 945
536 1575
447 471
1433 1135
231 230
85 1361
86 1238
1191 88
322 1410
104 273
1424 749
1390 837
87 231
1483 978
1386 625
935 144
1070 829
88 190
215 1367
1313 126
345 75
518 1375
283 1395
1061 518
147 381
1318 1622
1012 1585
975 853
508 508
299 822
401 1572
1090 1568
335 770
373 1172
242 274
444 1688
705 869
1401 1437
776 175
1584 1011
1642 552
599 1545
91 1648
1202 726
198 1186
284 200
92 746
608 199
626 445
1250 694
1494 1609
265 974
93 522
998 779
1279 902
483 1037
699 1095
781 1510
1045 599
390 158
1198 710
1534 78
1679 1170
95 884
713 1661
692 570
468 628
298 169
628 1322
1612 517
94 444
96 970
1302 425
633 108
1113 1602
1231 6
1462 1074
409 120
97 1616
1251 1088
1409 104
1677 809
1227 995
1415 596
799 1123
100 201
1253 906
665 930
173 784
1260 1312
851 1491
661 1323
1323 1071
256 1403
158 1118
815 180
101 1588
1163 174
233 870
387 72
601 684
170 198
1586 227
1262 413
1084 260
575 294
1064 133
222 19
364 538
1166 116
1066 677
1637 42
341 295
102 1607
1578 486
1175 557
541 859
150 531
844 688
574 458
1043 202
516 1419
445 270
1500 386
1616 343
323 426
1668 920
368 137
784 924
430 903
721 1584
590 1109
780 1137
765 417
731 480
338 1574
1552 1001
105 721
210 396
136 1627
108 1529
897 1094
1337 609
1079 1321
1212 1277
359 92
1196 1027
842 831
1537 873
1178 656
1144 968
1109 638
797 1376
980 149
1115 563
1379 1152
187 43
709 613
858 326
112 428
442 242
988 1453
1571 1591
1326 1311
440 237
612 848
113 68
244 763
1562 889
462 1113
838 1615
824 1291
374 791
111 1021
114 732
604 1343
282 385
987 830
1111 756
809 394
1558 8
115 1196
116 892
1480 490
321 409
555 868
1117 285
1675 30
1468 1201
1028 49
140 539
856 77
118 400
539 1372
1071 964
1588 1129
119 1534
154 872
288 355
131 1583
1319 238
873 839
1522 374
120 988
377 1056
1689 1352
855 1315
1511 367
1278 357
1263 711
786 176
240 1592
1581 1429
455 429
1404 918
1176 587
512 1064
1643 240
148 255
125 1377
909 976
169 153
475 66
1083 1443
1624 16
144 1487
395 1072
1531 910
127 1150
1447 154
662 657
1305 442
126 1593
128 883
1147 1517
1475 1207
724 865
129 1007
1024 1198
595 744
526 271
1329 1374
1627 1500
130 1154
1498 1582
1082 495
1266 893
1516 22
634 994
755 1033
132 1397
163 1337
899 1149
717 567
1655 866
456 272
267 329
1092 662
751 419
133 193
1405 254
1267 875
1526 961
135 819
261 856
137 323
1546 644
138 411
403 1355
1324 503
1488 280
725 1052
961 377
849 681
217 621
1490 1434
139 1516
805 1662
1455 370
1400 971
1391 216
1460 1400
1514 287
1246 671
330 167
141 824
549 1384
940 1388
396 639
570 127
487 29
142 290
143 352
1596 697
619 1247
649 1193
754 1604
1217 282
1224 1378
1050 414
1503 985
1135 1276
1232 335
146 1024
1211 708
1094 4
499 372
1031 1016
1508 389
1478 1115
891 727
1046 561
1069 714
149 1282
1328 288
1078 1082
985 543
392 314
151 1320
702 776
666 1092
152 1697
1234 1486
1682 203
1397 525
974 130
841 1006
1331 1264
892 266
1153 861
1582 82
880 511
156 674
1168 909
1469 685
469 1621
1354 1142
1009 1121
1177 1689
476 138
159 1430
681 217
1536 1066
869 1560
938 1309
1106 269
859 1023
817 751
1161 250
1096 1252
945 278
973 1054
201 1382
342 446
1685 1692
1512 842
790 275
592 1625
162 1167
431 1003
620 1289
810 1091
532 467
1239 1319
164 1654
1574 652
708 1368
258 957
165 110
577 589
410 349
166 773
1052 166
614 1145
875 1175
605 554
1348 897
1553 1677
168 633
254 977
357 550
1042 1483
1444 845
1088 874
219 700
167 1667
957 1502
347 1413
994 505
443 23
506 322
775 0
211 1111
1485 325
171 1288
172 1473
757 687
1255 1239
1613 228
835 301
615 311
1283 916
707 491
411 1402
1241 95
174 523
1054 1396
546 748
1133 812
1100 1304
1014 1197
437 291
180 1631
1237 139
235 106
982 653
1407 907
1030 1452
831 793
646 899
1355 387
313 1246
712 365
1027 586
1156 479
177 100
358 1513
1585 619
622 437
1491 736
969 821
179 430
1594 901
307 402
967 769
1001 1497
946 1465
769 1185
181 707
273 99
216 1485
1053 17
1034 743
182 540
606 1060
1540 459
581 1242
543 709
371 730
1634 9
183 1620
184 1081
1481 5
1547 1456
1140 196
1428 1205
1151 359
1567 1639
677 182
185 649
1545 1587
1199 925
716 1093
290 1122
340 477
1097 566
795 33
942 939
477 204
337 1401
586 833
1347 324
953 308
383 632
734 1226
1307 69
189 1069
1164 125
1013 103
772 947
405 303
186 1514
190 1626
260 1638
929 622
1225 934
963 894
511 188
191 1125
192 347
1646 1360
1392 825
311 368
1489 1179
193 142
1453 1215
884 364
194 647
1295 670
1557 922
1005 350
1280 1511
492 1214
1414 605
449 1468
802 1425
224 1649
1316 1409
1374 1664
1015 919
1292 841
933 38
1062 191
264 534
653 1418
814 224
611 815
199 256
1049 741
1334 1250
480 1227
744 1659
877 701
1258 1099
550 1117
914 610
1238 21
202 405
1501 1678
435 247
850 1120
1654 896
1193 1009
1520 1521
1373 999
565 1637
1342 476
1610 641
203 650
1036 761
205 617
1657 1330
1033 1032
1506 1344
937 1601
204 1598
206 1139
1131 595
1535 1119
1006 1293
207 89
569 1417
306 1169
722 658
908 1219
1550 277
209 858
1580 296
1244 1695
263 431
1449 84
822 877
928 1234
325 1303
1296 1385
1182 1103
379 698
1367 689
682 1605
1630 336
879 631
1230 468
956 1296
300 728
1505 1126
213 1136
514 660
1332 487
627 735
1160 846
558 118
1125 645
1261 1301
847 1171
1608 1110
958 739
568 855
1358 1143
870 1342
220 1333
636 530
999 1526
415 1146
1055 1469
1665 1608
221 1194
887 393
1155 475
1597 1444
351 1138
339 1549
1087 37
1436 1389
226 1685
458 236
429 1359
297 143
777 521
1080 802
227 1480
1664 787
1528 315
1425 488
834 1073
1365 1440
229 667
1384 758
1666 361
1189 675
1243 1370
537 1427
234 1029
1495 177
1229 827
764 1645
1507 1589
1378 583
237 1244
1387 1177
544 1101
239 1286
886 422
818 492
1165 1190
1011 1097
679 953
344 35
1423 1034
538 562
1159 590
520 310
496 927
243 806
1249 1580
504 1442
1303 1274
474 1206
1183 932
962 13
1004 457
1566 1565
303 683
354 1183
245 132
868 1310
426 960
398 1222
248 1329
1068 1439
871 1148
680 1040
1669 672
249 105
672 1048
302 1581
461 94
1017 97
252 320
1077 1493
1029 264
1346 740
701 1326
1247 159
1452 593
1671 1180
380 990
315 1392
295 816
1310 234
1656 1249
578 665
471 1168
1121 954
485 1537
1194 1159
1678 516
259 940
513 1220
262 1640
584 1357
286 1463
978 731
872 346
965 575
324 823
983 1636
1056 612
1170 1318
1570 535
1393 716
728 395
640 183
674 1181
285 545
1519 1404
1195 1674
939 1570
270 1270
277 1362
272 811
467 245
1674 1556
836 499
356 881
1091 1228
534 316
1361 723
1345 1078
1402 959
971 337
1463 461
1219 1068
1370 745
1446 886
1041 312
730 898
446 1643
389 1488
366 150
602 719
1208 1356
1256 1535
1228 1224
1399 584
1432 1669
800 380
960 1028
422 1208
287 1141
562 577
1065 851
490 578
1417 452
663 1241
289 805
1603 73
1532 843
533 1324
1626 1600
292 147
525 48
977 328
1431 206
448 879
1008 696
832 197
843 1017
828 427
918 135
296 371
1309 1663
1287 1641
309 888
1672 1349
407 862
1368 891
1235 1414
1638 1555
1063 1272
1174 449
591 810
1122 772
314 484
1572 1045
1226 1202
524 1690
304 1157
770 705
587 989
1312 1140
747 339
1339 1539
760 276
972 366
1430 568
846 1660
950 1390
1663 1116
1352 1623
742 1058
657 1363
1216 1187
1618 1
312 1191
1349 1258
862 1221
527 1104
1265 2
316 378
1398 1199
360 1347
1600 304
1254 1211
854 186
361 536
1471 936
318 914
1484 1050
1604 1328
320 1411
932 47
1559 420
816 1278
554 229
673 880
853 98
1382 1675
1172 1173
1158 1492
1275 669
1089 26
326 1325
453 146
1589 680
952 462
830 1156
1591 71
327 781
1539 63
1105 1459
328 682
1206 1665
610 388
1240 838
1429 1424
332 608
333 1536
943 634
863 1314
1614 1670
867 179
624 83
1448 207
1479 53
414 1030
1497 218
343 223
1132 283
1551 963
1214 724
552 1313
441 1132
1684 1571
580 1162
600 1235
349 27
729 912
625 702
941 900
825 31
353 757
1381 252
1623 64
400 655
1353 1672
572 1268
1242 1446
1464 1014
530 604
1525 627
1134 788
878 547
362 1687
1288 1300
1419 160
1108 1415
425 382
1025 594
1640 800
913 1420
644 1178
460 1263
1366 1481
1673 1327
631 965
1518 1004
1363 332
1592 1279
1461 933
1676 661
464 982
981 344
1273 298
522 80
1223 251
924 908
829 384
910 151
1322 401
382 849
559 1283
1186 1008
922 1451
393 614
394 972
635 1552
454 720
397 1642
1502 792
1435 455
823 40
402 1192
618 544
1116 62
1606 93
1138 803
1496 392
1523 1416
989 1647
1617 1684
421 406
848 172
1281 986
412 155
658 1084
794 1422
1114 1096
803 597
576 1462
418 956
1563 1467
502 895
423 975
1644 715
450 248
1086 1562
428 850
833 178
1020 1335
434 766
1093 157
432 391
788 1366
438 668
579 1393
1057 115
629 1134
582 131
804 813
642 434
1101 998
1187 423
1369 921
1220 1049
1072 90
984 1018
1118 553
489 1316
603 1569
668 962
1146 1694
1245 1380
885 1086
726 693
1145 1553
1330 1558
1383 1232
482 1606
1445 305
1357 1275
484 993
1360 463
488 782
1298 1287
1075 318
493 1341
930 847
588 109
1486 1407
1438 129
1081 1306
903 321
1533 1477
1110 317
1311 576
1007 938
1619 1655
1152 1255
771 327
1022 1381
1385 1108
547 663
509 876
1137 121
1579 828
1259 1629
979 1472
748 1501
1632 569
523 571
959 12
926 560
573 128
564 507
1593 718
531 141
1441 1479
1544 1624
1215 1466
535 1474
1271 253
733 520
1143 1031
1282 1285
1314 1151
741 435
759 966
551 1651
553 302
1595 967
647 111
696 640
1639 3
1583 527
1128 502
774 585
567 1251
793 1499
864 1015
1335 74
1662 473
711 1295
882 1532
1538 162
1123 279
948 984
1659 397
752 375
594 533
806 1200
1371 996
652 102
1467 1398
1300 1387
1504 470
1686 1230
1521 165
1173 466
1179 259
623 208
1569 944
1439 210
678 887
861 997
1412 1542
1321 1128
1112 1530
719 529
1376 117
763 313
667 356
656 703
1667 1218
1389 333
664 1498
1035 353
904 1267
840 1426
811 456
1492 1233
1457 86
1420 949
1524 580
896 1391
1681 1524
1120 1051
798 360
1530 1495
1047 643
718 738
723 1332
1633 1189
1602 1257
1615 926
735 1386
762 1127
1304 14
782 852
1648 1698
1297 789
920 1292
915 1566
1658 1012
1129 60
947 983
808 261
890 1339
876 441
1356 923
1541 399
934 620
1032 1619
986 15
1002 424
1010 699
1362 542
1130 500
1549 398
1018 733
1683 1182
1233 1652
1190 752
1336 185
1207 205
1127 407
1320 952
1542 1484
1434 1369
