0 208
2 450
3 29
1997 1202
1996 668
1995 1525
1994 1881
7 1934
1993 1408
8 1688
9 1581
1991 1498
10 1115
1988 1459
13 48
1986 1900
1985 103
178 738
375 1356
565 1494
107 1738
850 1640
27 923
580 922
1331 1275
1569 1125
693 1824
1127 1933
353 1328
1745 695
1 700
1999 1207
4 1668
1998 541
5 87
1992 753
11 1156
12 112
14 10
1987 174
16 1146
1603 1795
1237 930
800 556
288 1319
821 1246
1167 905
1375 1216
1082 626
1086 1212
42 1761
6 321
15 1763
1422 511
79 1825
1089 1807
28 49
232 1240
300 1135
1712 1977
1235 800
18 689
35 285
1667 980
173 460
955 1670
576 1532
970 858
144 439
1514 808
1608 342
1049 172
1741 1524
388 39
1664 490
17 129
1990 846
19 1298
1098 1474
1765 844
732 834
863 1374
1289 1406
896 100
113 992
874 333
641 173
1938 534
1181 762
1877 351
292 1815
1216 365
1756 1899
20 1896
1812 1229
1281 960
653 358
25 1680
1656 312
1194 559
398 307
903 1428
1559 893
1342 1006
1151 1144
21 797
106 1962
1294 163
1900 390
43 578
99 353
233 1758
1145 630
328 1707
301 1658
814 997
94 698
318 1222
690 1310
257 986
949 1226
1542 1095
384 1917
1007 1386
236 1130
1847 1239
377 1698
725 1729
1719 88
1099 1199
1687 649
170 1151
23 643
1478 632
1646 442
702 1715
1673 32
90 1732
22 1423
24 1706
1855 984
941 1786
1334 480
1939 1622
841 34
1431 1487
1768 1528
1959 298
1344 1627
1464 1812
362 520
132 563
1223 1743
1510 1403
540 696
740 619
316 1784
330 634
1068 278
60 214
1150 514
667 1244
1069 531
26 86
845 1433
1345 740
1169 990
773 128
411 99
280 1060
424 1820
625 1757
826 1484
1550 1152
1499 230
1989 206
760 1282
570 1952
1327 126
1254 42
907 775
703 1111
1743 1333
1973 179
1791 771
1277 1596
895 614
1198 402
1107 1392
29 137
30 644
494 170
1501 1276
681 1334
1969 254
31 576
736 1172
776 1555
221 537
993 1200
906 1508
888 1154
1302 1022
1482 624
32 1352
291 1588
1707 1895
436 1911
1644 1015
86 546
1419 145
470 948
1395 1753
234 1056
497 74
1856 641
711 1781
320 289
1609 1836
704 95
346 685
685 1711
1522 880
1590 1606
1936 1263
827 716
64 104
152 374
33 517
34 422
1866 885
818 733
722 301
1037 647
1915 1886
689 1248
684 344
720 1020
940 829
960 1342
509 803
1371 654
1011 1258
1203 1332
403 1667
853 1358
36 1305
1418 848
1948 1954
272 1116
672 1901
1823 1609
927 1897
835 355
1694 1539
37 1816
1781 1316
1104 116
363 850
1614 799
1680 1766
1486 1046
640 1612
1924 1025
1243 257
38 1434
624 1413
1326 17
1661 994
219 1237
1509 1145
1186 1827
543 61
1622 708
807 64
1944 324
192 544
1820 1028
1956 593
1121 299
781 754
914 1903
279 558
752 492
1238 1992
1390 1486
712 1519
1123 475
130 1970
40 368
1217 609
1427 143
1019 1587
41 638
212 665
795 1344
82 1047
1521 1087
242 418
188 1092
1385 1963
1022 1814
486 1959
67 1604
762 902
1527 183
48 814
1483 405
214 1520
1612 1938
1115 76
1919 617
1582 193
843 1225
39 949
1649 483
1629 1500
953 1999
1179 897
198 785
1908 1747
502 954
1163 366
44 882
1094 773
93 0
1276 1782
1494 84
1758 1649
1735 241
45 190
1828 1623
1247 123
438 1848
598 18
1085 1466
848 192
271 951
46 1032
1637 1530
1967 729
1278 239
1178 1397
1001 1791
57 550
303 764
47 877
1980 1681
1817 1291
200 23
92 1099
1258 1806
1631 836
244 750
1317 1075
1139 114
190 79
49 1341
1158 476
577 1384
1231 1174
51 1537
277 78
561 623
1013 1762
455 1404
1752 452
1891 404
1601 817
613 1190
50 1509
177 1370
619 1424
429 276
726 375
52 435
869 1001
591 75
1446 1665
361 1974
1879 119
452 872
1606 207
822 315
1816 584
389 1675
745 1968
176 890
315 354
1164 316
340 1421
1876 393
1380 1767
1960 1704
1433 314
1316 1118
533 1693
1922 198
1892 1908
946 971
998 308
1796 1465
1583 1419
1747 927
1884 1521
1557 680
53 1057
54 1526
55 1457
1544 1104
885 1808
931 138
332 1790
1260 1964
1337 417
56 726
1690 1995
957 917
1731 1430
1189 1114
1516 343
1715 1274
217 1628
136 334
1548 1805
1598 1741
58 1937
997 1476
1301 1607
193 1591
1691 139
1696 749
620 1925
1459 1988
1633 1461
1511 337
59 1601
75 540
1830 1179
1916 1412
1025 1887
1686 412
196 1534
1849 1091
1000 1108
743 1646
1043 920
1913 657
348 1242
556 1905
393 1561
742 1485
1658 1986
317 1080
1677 1442
1377 1033
406 1567
1859 125
61 1600
62 1552
878 265
866 1687
1573 1956
715 991
805 1124
1624 1653
368 666
741 272
581 1081
255 1072
63 736
1744 581
1538 1083
1860 1335
1898 508
746 1788
929 1206
258 686
754 1673
1052 1037
246 589
687 1467
1968 523
1229 296
721 1482
881 1822
758 250
65 1031
66 648
1200 1205
1030 98
1338 545
618 1875
932 142
1286 506
379 1679
127 83
1684 1411
88 883
253 1629
477 432
1813 761
1307 11
1138 547
189 91
1070 1563
601 756
505 1443
216 53
1585 1176
789 1803
68 140
469 959
611 1290
1515 469
637 1709
159 1837
1292 933
70 133
575 1793
1977 650
1779 1863
877 1972
596 1545
1698 583
733 715
802 1368
491 667
71 1724
471 1215
1773 564
69 1944
72 361
1848 1618
1378 1514
626 1924
1234 1247
793 147
1597 823
1721 362
73 1142
1180 1990
642 1696
695 349
85 1717
169 1259
74 280
589 767
1961 474
1852 1277
547 955
1475 936
180 1538
1640 874
1408 441
1894 1932
1604 1273
763 1169
1807 592
1009 253
1783 625
1152 1029
1309 1082
1401 141
1815 1885
1212 25
76 852
1088 1456
652 783
1767 1550
1802 165
1951 440
77 1834
1232 1185
1432 97
772 598
515 1955
1379 1339
943 247
713 1044
311 688
1748 1308
534 801
186 372
796 1250
990 757
341 1318
1451 1740
1288 1329
184 1159
140 615
656 251
952 840
913 1023
1095 916
1580 1859
1034 857
105 456
871 428
1340 608
78 1147
80 826
756 1978
245 1383
1926 1733
1693 282
81 1350
1184 958
1676 1739
1592 1050
1078 718
991 389
1160 187
1952 94
1805 443
1834 215
1404 886
966 447
1872 891
275 585
1642 1113
1703 1201
1513 394
1626 1035
83 1097
1010 1312
263 132
1895 171
1627 1381
326 1326
142 1107
1136 1444
985 1048
84 279
1636 1898
1929 370
459 420
1125 286
1348 1483
484 595
154 387
514 204
1564 113
1625 1817
443 466
925 182
1818 131
797 225
532 941
1228 55
87 68
418 36
747 1798
1428 604
1457 52
1097 652
137 536
1881 1927
1551 1366
485 71
1323 510
1284 867
1391 47
1965 1842
89 1064
1264 1455
548 486
917 252
299 12
1018 1227
1537 849
727 1656
1638 1575
1109 1669
1473 861
290 871
912 1862
461 357
1411 1435
91 548
1962 697
1841 672
1172 338
183 175
1562 1776
988 1069
1014 1780
512 794
1838 222
520 218
347 712
1274 692
1546 325
408 244
416 229
944 1502
1718 713
879 22
1263 317
1005 1947
1825 977
1842 1473
1403 821
1632 1062
108 1689
1271 642
645 363
1672 122
1732 468
707 1556
1971 1764
442 1223
1978 1451
1720 935
1554 964
1083 1407
1983 1128
95 1480
1506 790
851 330
96 1779
464 751
1465 1193
956 1074
1786 26
1330 1380
97 1076
660 1586
1912 1307
1129 1868
191 224
602 1923
1222 1998
1413 809
858 1871
1530 1389
1734 1523
1840 974
98 1340
967 1445
1067 720
1529 1639
546 488
1472 925
281 1281
162 158
1044 1873
473 1157
141 1750
897 779
1425 1590
1495 1098
728 1054
100 904
847 1292
101 1573
247 1771
1727 386
813 518
1526 542
124 711
1653 1960
1941 661
273 105
1015 345
155 869
759 1644
102 1105
414 1165
1402 1338
798 293
1079 1631
880 1831
195 1846
445 677
923 1840
1091 1266
1871 1654
1242 1620
634 1155
1930 926
1066 691
860 938
1460 1710
563 1818
103 842
359 565
1917 1002
739 796
1775 912
319 1718
873 590
365 961
1935 67
1399 815
788 725
1778 464
1532 1544
1381 1839
1568 348
1128 168
1531 499
1746 1981
1623 1726
1161 784
585 1845
1749 1431
104 1512
160 937
1710 1327
1353 1564
1652 264
1610 399
432 947
1628 1000
364 1043
621 999
1156 924
146 1330
1170 403
456 884
599 810
1795 210
109 943
1954 582
1073 509
213 1364
123 813
986 863
110 985
111 1662
836 807
1055 57
421 1922
1339 102
1556 1089
963 291
327 1362
112 1705
1224 1547
435 895
1600 889
753 957
1931 1546
268 970
1918 341
1799 856
643 1262
1106 232
1774 976
1873 1851
194 1595
356 1491
1705 395
1057 1912
900 538
351 421
114 150
115 1529
706 1373
984 570
947 745
1889 988
116 1112
425 136
218 245
1383 311
295 465
842 1915
1251 1527
1681 437
1784 1078
1966 1616
1084 1420
117 1697
958 596
1536 407
791 727
1704 673
523 1589
737 220
1255 1716
1165 876
119 1891
1517 56
360 730
227 1301
1685 896
120 1804
567 1267
333 621
696 1426
240 995
937 1437
153 302
492 709
121 1888
724 1562
433 1325
1314 69
118 906
157 1800
1793 458
1555 1876
1175 144
440 752
122 1447
278 507
981 107
1365 1133
405 1149
1367 645
344 758
1279 1121
387 236
987 1367
710 1365
1386 471
922 1626
1173 1943
1140 373
921 524
226 33
1484 16
1041 892
938 1106
479 755
125 149
126 135
1110 1
1651 1019
1132 1565
694 651
357 1349
1363 899
1591 1110
664 953
1444 966
948 929
501 674
1678 1337
1772 1441
978 7
1722 1198
1467 1566
1176 261
908 287
1837 613
1836 656
182 1359
1168 533
297 781
1844 662
1808 30
1620 1577
1221 853
1911 1188
269 1409
632 1355
1921 875
129 1153
1552 1869
1643 108
1869 888
1230 1554
1800 1813
1943 573
131 1945
665 1042
607 433
1023 274
595 1209
1565 1363
654 335
503 1946
128 477
133 1823
605 416
1162 263
1982 1652
1491 670
293 406
815 1058
1143 221
1117 164
1250 1844
682 1559
1253 1685
135 1150
1024 1045
1199 1785
1392 40
1660 1906
476 288
1771 1866
1062 1395
1215 318
1702 1910
806 1719
134 1096
1487 495
298 256
916 1643
352 1971
1028 655
458 676
1166 212
1481 482
261 1134
1092 1203
950 504
1790 1641
1561 1672
1021 498
1421 1821
1389 1703
1103 188
138 1493
139 843
324 1460
649 1036
1706 501
1298 769
1081 1347
1958 521
968 1811
147 1874
1310 622
488 560
475 1684
1017 1385
1424 1470
1004 496
849 855
1723 636
708 429
1880 380
207 1492
444 1914
510 639
329 1052
837 549
143 760
1220 323
1376 934
1602 493
1753 1313
705 31
771 1436
1910 277
764 1731
1398 43
1886 946
1857 1073
646 732
564 982
830 8
1045 1682
1821 485
163 1324
145 1378
305 1625
423 996
1490 845
1201 828
549 789
496 505
1827 1536
383 847
803 1472
1351 694
367 336
1846 1666
148 629
1239 586
1113 1838
204 1935
1586 59
1674 292
307 371
1553 35
149 862
150 1137
1670 176
972 1038
1387 1602
487 562
671 816
1197 1295
151 1271
1135 259
1297 1651
1027 748
1287 384
954 167
1854 235
1806 1090
1445 15
1981 1410
1737 1603
587 1610
1120 1540
1318 1463
933 1708
1182 195
1293 526
1946 1012
369 1841
1708 359
674 704
410 833
451 110
868 782
936 1245
926 1760
942 1372
241 1427
478 1920
376 1783
1811 1802
1157 1353
164 1655
969 303
1350 780
647 1742
156 679
857 928
560 1996
1504 1253
1618 580
1102 1734
1225 242
1177 1093
571 1086
1456 908
1492 1269
557 1930
1508 1053
230 1642
322 1224
391 1127
489 1989
856 824
158 1024
259 1088
1146 1754
1650 1746
161 1171
542 1774
780 223
962 1390
901 1634
1026 1674
462 489
1882 1007
1144 1183
675 9
1792 1129
1124 1180
527 1961
1725 1369
1789 860
809 203
434 1833
1587 909
1904 1579
554 398
1500 1965
1321 879
1352 1949
1695 503
165 956
166 1580
1461 46
1206 1695
751 777
396 58
167 841
1452 211
1116 1063
168 124
1885 830
1414 1765
209 255
1252 1030
582 1828
1803 329
335 1736
761 231
314 678
1366 942
171 424
1630 543
1072 115
172 1737
345 1003
1054 1094
631 1683
1697 434
1048 28
1819 1893
1955 1878
174 1294
1488 1234
965 684
374 481
521 1518
481 219
883 1117
889 866
1621 1664
1835 1712
1785 1884
1299 618
175 1951
1945 1630
891 683
1733 967
1770 1396
545 1991
482 1040
774 152
1549 735
553 454
179 693
1543 60
875 491
417 1011
370 660
911 865
1671 968
1864 1120
181 791
995 63
286 1049
1458 569
1655 1907
206 910
1119 1070
854 470
1975 864
1332 367
467 266
870 275
1547 1950
1893 457
811 284
1574 611
1810 1317
185 166
1964 294
187 65
861 153
1240 1531
606 561
817 156
1907 1439
197 1850
1388 425
395 283
1058 1858
919 919
898 950
1436 859
308 1218
310 1238
964 339
354 455
1469 1497
1480 607
614 723
535 409
750 707
1589 309
465 1084
1657 574
779 347
894 669
1668 1085
1761 832
1572 1302
350 1775
1909 606
1394 1471
1356 269
1006 310
700 798
1776 945
980 722
1711 1391
1295 1713
1174 1278
1149 981
951 675
1476 1694
304 1351
1324 1979
1003 1289
1275 1197
312 461
1210 290
1214 202
971 1136
394 478
1105 1192
939 1792
1036 89
816 812
610 378
1305 1446
199 414
1207 1249
228 1542
1133 423
1449 1265
202 1624
934 1336
201 568
203 1953
983 1173
824 633
1659 1505
1114 408
1423 921
1364 601
205 320
825 553
994 1164
831 1598
1619 1701
252 820
1033 1735
1202 200
511 768
266 27
1047 5
1578 1210
977 599
450 50
1208 209
504 1123
992 1973
208 1285
1272 72
1370 1942
1256 566
1751 1789
1970 1867
1507 1252
210 1067
1313 1883
211 901
1782 1994
1442 1772
680 1748
313 1182
692 1175
544 385
1415 530
302 1584
872 1013
799 1501
538 703
1576 497
536 881
249 1755
1512 532
769 1650
1032 427
584 1158
1524 1009
215 1690
287 1966
1244 610
630 699
229 415
790 313
1567 445
1599 1691
422 1913
1188 903
1051 579
525 436
1594 739
531 1261
1218 376
1596 130
785 516
1382 268
1346 1861
220 710
1312 554
222 238
1183 1560
223 1594
224 1161
518 1230
490 551
225 1615
852 1008
738 835
463 792
644 664
1096 1377
1147 1597
1862 117
731 1661
339 671
231 1449
1196 155
1440 169
573 1315
945 1700
1155 1571
1863 690
628 1728
1927 1260
1429 552
1503 1499
834 1870
904 998
1248 979
1520 20
638 1211
658 1481
392 1919
767 70
915 701
262 1510
1283 391
235 1140
1080 1400
920 1849
1570 1213
237 972
594 1039
657 705
306 646
1468 827
1063 1958
974 1890
238 1720
1195 1511
1454 1254
1903 539
1192 322
1384 216
1296 4
239 1233
1407 839
1887 14
1035 1331
1829 1745
1850 993
282 911
1369 1055
1153 1071
248 983
243 1832
1615 907
528 109
1932 1909
566 1059
583 1270
603 1243
701 377
801 1645
1447 851
1645 795
407 1399
886 747
976 1323
1675 1320
1545 21
472 1854
1728 1388
783 1980
378 162
1897 226
1683 1189
250 1583
592 1585
251 1417
1315 148
1713 1440
1040 825
892 766
1071 1488
1406 1543
1902 1018
1826 987
887 1306
254 1477
1742 818
1060 191
1211 472
426 243
1325 774
1611 1632
309 1251
1874 1268
256 381
924 1659
1738 572
439 1647
844 1983
1412 1847
1755 512
284 719
1439 1475
1797 473
755 1184
864 1794
260 1376
778 160
499 1004
1754 73
1141 1214
1906 1379
495 1778
558 1361
714 1572
676 1892
1867 838
1798 616
1322 1458
1416 1976
1361 1877
679 262
380 120
267 494
1865 1663
578 400
1979 1438
1496 717
265 724
1265 1611
1219 734
264 1405
1397 1398
1647 1574
342 1975
979 1948
270 1299
1282 1077
1008 628
1396 1608
1577 1568
274 356
982 1005
529 1853
1213 786
428 1102
1663 737
1187 535
1245 870
381 197
1832 1079
276 1468
448 228
1372 591
1890 297
285 1638
1171 898
1191 1752
1046 682
474 706
1780 1515
1311 529
1717 1122
1581 612
1839 194
283 588
846 81
663 438
568 1928
1262 1504
651 1026
1571 500
1466 1401
1122 1810
1502 1371
867 1918
1016 1017
1634 1236
400 915
289 1522
1724 1852
1933 1759
1665 1479
1833 240
1118 1387
1858 802
1801 743
1593 487
636 1722
336 305
1053 1148
399 154
294 1010
1814 13
588 1345
296 1872
787 270
1497 600
1090 663
1699 1360
1639 658
1477 887
373 1880
1766 1414
1226 744
1108 1916
1976 199
1463 1321
415 1557
1341 913
1762 306
1236 1241
431 1809
1984 258
1588 659
1064 401
1474 1569
1077 184
1759 1293
1479 51
828 1478
1788 2
1438 41
1368 1220
1950 1857
1760 1415
718 227
1029 1322
1769 1490
1870 186
959 92
506 369
430 1255
639 121
1320 379
839 45
1519 1422
823 1303
766 319
1154 631
905 1279
1750 528
437 66
876 1402
1730 1593
1613 765
1716 1535
1777 1061
635 1826
1193 1533
321 1541
530 1296
572 85
1031 1464
323 159
673 360
910 467
862 1495
325 1984
1020 1166
493 1286
1963 484
331 805
1563 1939
627 962
1233 396
1249 940
893 728
1065 952
659 326
792 1041
334 111
1362 448
454 1605
1899 1418
1409 1021
337 1232
338 1177
1525 822
1111 134
1518 271
1134 1637
555 1926
757 383
1471 146
1426 80
884 1283
666 281
650 1856
552 267
686 1507
343 1204
909 411
604 90
608 157
1764 217
804 346
1126 1162
446 804
1333 185
1809 1677
1455 575
1405 1256
349 1730
1430 787
420 1139
1002 939
1443 1660
516 1727
1075 1725
1616 449
1050 1393
1617 1969
355 597
655 1796
1584 1264
358 1453
524 989
730 201
1923 1489
483 1617
526 602
1669 873
449 1723
1957 1163
1285 1191
1566 1657
882 1864
1949 1429
1666 459
775 1287
1709 1109
1359 1702
366 1770
1450 1228
507 77
1757 1582
372 557
1595 93
371 118
899 1160
1453 900
698 1143
716 1578
832 620
1822 1416
1560 1221
902 249
1851 1506
678 1769
688 1614
1373 1865
812 1513
777 1686
382 788
719 914
615 54
385 1835
1241 196
1304 1636
551 770
386 1314
1100 62
1360 1756
1270 237
629 1065
890 1957
1896 1432
1355 605
517 1714
1726 1138
1942 1014
390 746
1901 1187
559 1132
770 763
397 1551
1662 1882
1319 1343
930 1309
401 1592
402 776
1448 854
537 1425
794 868
1635 178
404 1300
1868 687
569 772
999 1744
661 603
498 1843
409 446
648 397
1804 350
1349 273
412 1829
513 1066
1654 702
413 714
1400 1929
427 778
810 555
833 878
1268 587
1679 180
1142 1940
419 519
622 151
668 1354
1843 1671
1861 1993
1974 19
612 1141
1888 300
1579 1921
1701 1941
1641 1517
1056 426
1076 1548
1417 463
1148 246
723 127
1740 635
1700 918
1523 1272
1505 1382
840 332
1914 1904
1692 1181
441 806
1928 627
1528 1170
1831 1692
819 44
447 759
466 502
579 1235
709 1797
1934 479
453 963
973 1982
1541 1196
765 1454
457 1635
928 248
1393 205
683 1357
1493 82
729 1208
1824 1186
460 1167
468 410
1266 571
1736 1231
744 331
734 1985
1335 932
1209 364
1101 681
1137 1257
480 1613
1575 295
1259 1101
1306 392
996 1749
574 1721
1794 1830
1947 1855
1940 1549
1261 567
1269 741
1605 444
1878 451
1358 38
1291 640
519 811
1131 1103
669 101
500 1394
865 1997
600 1599
1558 260
1061 430
1273 1860
1410 1284
1435 24
508 1297
1300 637
782 1178
522 1553
1038 831
697 1100
935 1678
662 6
1012 1219
670 1902
1039 1773
617 513
989 1619
1093 973
539 1633
541 793
1347 944
1343 1051
597 1621
1227 1894
1682 462
633 1168
1535 577
1539 1469
550 37
1329 413
1354 340
1059 96
562 1452
1462 177
691 1280
586 1699
1205 975
1853 1068
1485 1448
590 931
593 352
1087 304
855 721
808 1768
1112 1450
784 419
1920 1503
609 213
1074 1195
1534 1931
1434 515
616 327
1533 1648
1925 1462
1159 1126
1246 1288
1489 1217
623 594
1953 1889
1328 1777
1336 234
1204 1558
1875 525
975 965
1308 1131
1739 1879
1257 1194
677 522
717 527
1470 1819
1441 189
1883 1016
699 1034
1688 1787
749 1987
918 1967
1437 3
1130 742
820 453
735 819
1763 1027
748 181
1845 1676
1042 1516
768 894
1420 1799
1540 1576
1357 1570
786 233
1498 1936
859 978
1972 1311
1714 388
1729 1375
829 1348
838 328
1937 653
1689 382
1267 1119
1607 1801
1374 161
1648 106
1190 431
961 837
1290 1304
1185 969
1787 1751
1905 731
1280 1346
1303 1496
