3_6_14_18 74 0.0309894145560116
85 3_6_14_18 0.150120735888417
89 21_26_51_60 0.202422935082006
29_36_52_63 15_57 -0.0069192890730927
3_6_14_18 34 0.0897009550920481
62 78 0.0138087677315423
66 56 0.129182777563228
9_45_55_59 87 0.0132303964166458
72_81 31 0.129922391214214
62 74 0.0800512821537809
53 29_36_52_63 0.401334199303551
17 22_39_58 -0.017308112311551
89 50 0.0220998413095194
35 17 0.0217244336441236
77 15_57 0.0274466076831253
85 61 0.0293620841314174
9_45_55_59 15_57 0.0224849799551996
74 65 0.0080748592546368
53 01 0.0190679497315285
47 74 0.0337404259477405
20 85 0.207992128841502
21_26_51_60 11 0.0246725280733865
85 74 0.0646080097693192
90 01 0.0360011337669251
7_32 91 0.0536961907468975
72_81 23_69_73 0.181663986848116
91 2_12_19 0.0124532803226452
68_86 22_39_58 -0.0620699221321517
62 72_81 0.0146470774198549
47 9_45_55_59 0.0073664739701929
41 13_43 0.0958456360698786
13_43 34 0.0328058194717616
71 16_25_49 0.0559684167815627
68_86 50 0.0282984304814403
37 21_26_51_60 0.0766869748668459
64 56 0.042376255652137
47 41 0.1210130215696
66 21_26_51_60 0.0994040918817008
40 37 0.090574387715646
35 65 0.0119846524349986
3_6_14_18 61 0.0141207337502725
42 4_5_28_38_46 -0.0358286611077888
53 21_26_51_60 0.002788358211764
88 50 0.0214831440149212
85 34 0.0591222592392747
2_12_19 61 0.0654274726265675
41 84 0.0493143075912745
42 2_12_19 -0.0095154545502165
40 35 0.031499062824274
65 50 0.0072276023125307
29_36_52_63 4_5_28_38_46 -0.0152384700179242
62 35 0.027243481319907
87 65 0.124440022065647
47 01 0.0542773001910762
24 76 0.154965512305656
42 90 0.0426006148867846
8_44 77 0.0939419871682317
85 84 0.0596838129235043
47 75 0.0410328756787391
47 80 0.0322609007940943
7_32 20 0.0665211891407408
77 61 0.042133635904661
33 56 -0.003687883254744
41 20 0.0403456165117762
84 18 0.0292941993867115
68_86 23_69_73 0.057402890073141
76 2_12_19 0.29045109652278
82 18 0.0191394619374719
72_81 16_25_49 0.0018014145500236
41 40 0.176954314563719
70_79_83 13_43 0.011910176448362
85 2_12_19 0.0033208303716649
80 4_5_28_38_46 5.06325794766407e-07
61 4_5_28_38_46 0.0241288529035535
9_45_55_59 4_5_28_38_46 0.216938236675875
84 56 0.0538732220425277
30 2_12_19 0.0074825985320631
62 15_57 0.0032640346543122
15_57 65 0.0372222203377217
62 34 0.0381519302801774
70_79_83 89 -0.0089644767146042
87 74 0.073679085485217
84 89 0.0256173297624851
13_43 68_86 0.0174405752302478
24 77 0.0501410297021273
76 85 0.0017132596094234
30 76 0.0183515249621903
30 42 -0.0060654130538238
13_43 18 0.0248409728439701
62 80 0.128615097976815
33 61 0.0277281221612413
47 68_86 0.0155362217385898
20 84 0.073814462459781
88 20 0.130637339189776
35 9_45_55_59 0.0234353111821093
53 37 0.0104169725621476
65 01 0.0032659445143405
13_43 71 0.0268339350488443
41 76 0.0195469200355806
47 62 0.0832450968308132
72_81 37 0.0252401571080638
42 15_57 0.0108345676901834
40 65 0.0127730248410722
88 84 0.173178593738023
54 74 0.0968355180860353
7_32 76 0.0328741331640422
77 91 0.0843537916552969
71 15_57 0.0393846502910225
62 85 0.0316727886218387
78 4_5_28_38_46 0.0351126271038248
22_39_58 89 0.147887416509065
66 3_6_14_18 0.0245506903175836
40 66 0.0436214842868661
30 91 0.137372841529445
33 71 0.0308603968176911
31 34 0.0058805250754105
42 17 0.371604339015379
47 33 0.0010579175227854
70_79_83 29_36_52_63 -0.0398992082717668
88 76 0.0111894711254643
13_43 3_6_14_18 0.0618602926569446
3_6_14_18 10_27 0.0272877507214983
01 21_26_51_60 0.0368236994056925
47 72_81 0.108201979512223
7_32 33 0.164843279650793
77 71 0.0365096918912879
66 87 0.0970223589644383
40 18 0.0064578827007133
47 87 0.0123417007595894
88 34 0.0580318550083095
7_32 84 0.0481932397046288
41 88 0.0517999650020428
42 22_39_58 -0.0503472431033736
61 11 0.179343074286116
68_86 72_81 0.0422937851635503
76 22_39_58 0.0534544412685146
64 89 0.203101542093405
75 01 0.0569981134519313
40 62 0.0385604454805138
82 3_6_14_18 0.0262969892732606
37 34 0.0222574262476825
47 35 0.0472824465954356
30 20 0.0284489840960341
3_6_14_18 17 -0.0088441823290293
70_79_83 11 0.0298548420323113
66 62 -0.041915454443297
29_36_52_63 75 -0.0241821098204699
88 18 0.0255982025622434
70_79_83 9_45_55_59 0.291928975093368
40 34 0.0407388121615156
84 34 0.0786112292514454
91 71 0.115473424189847
22_39_58 23_69_73 -0.0398107333175368
40 13_43 0.0970254414296079
41 78 0.0554632064159324
40 74 0.210551590489159
88 37 0.09158579953483
70_79_83 17 0.0081679480299397
70_79_83 75 0.0075593072441386
84 78 0.0206784067585235
24 41 0.0361707542523603
31 21_26_51_60 0.0376056606365875
64 72_81 -0.0995606646360501
75 4_5_28_38_46 0.0969002192305687
8_44 15_57 0.0794978515606475
67 68_86 0.0422057705468737
72_81 18 0.0655887524891441
76 21_26_51_60 0.0054844989918485
33 91 0.0121069176177053
91 61 0.0354609034002568
53 8_44 0.0149669742738921
18 34 0.0733832658565732
40 56 0.0984737842745134
01 61 0.0135294622355258
90 17 0.0625725566932376
85 91 0.0575842246063912
54 4_5_28_38_46 0.0430013159100032
35 74 0.0082158468856225
67 78 0.0315765691243377
13_43 20 0.003037087165891
17 21_26_51_60 0.0266800996200941
20 34 0.0805434307242476
90 91 0.0911210824307737
24 71 0.050728104871925
47 67 0.0250197320164478
47 90 0.0245633485811745
4_5_28_38_46 11 0.116802922424556
42 75 -0.0095257582664727
35 84 0.0428787529370317
56 34 0.0473096867812511
90 67 0.0861520503947661
53 22_39_58 -0.012963871633975
8_44 90 0.0273764007562863
47 54 0.197791978829859
35 11 0.0159879645563426
88 72_81 0.0165975883205852
87 16_25_49 0.0116633016768375
66 34 0.0396515638490995
35 78 0.0324596508768456
54 37 0.009259559590599
78 15_57 0.19802176839846
20 2_12_19 0.0479447878997423
40 50 0.0039956841971863
7_32 77 0.03299327849617
54 9_45_55_59 0.0011576980725617
82 68_86 0.160744699614452
16_25_49 23_69_73 0.0403973783562113
50 34 0.0440450844323146
62 91 0.0092858919424714
91 4_5_28_38_46 0.033925523942363
70_79_83 56 0.107127660342416
78 75 0.0097049544794014
72_81 10_27 0.137824913719147
17 15_57 0.0836841532893518
40 72_81 0.0462716563585201
71 61 0.063209874226677
15_57 37 0.0205888880871856
4_5_28_38_46 37 0.0049310128902416
13_43 72_81 0.049435560539002
80 89 0.0315502233000503
37 31 0.192149797329562
88 74 0.0005897098571766
3_6_14_18 89 0.0579589737955361
54 35 0.0367220275068988
54 31 0.0264406644225356
9_45_55_59 37 0.010112178475893
77 33 0.43606523663635
10_27 34 0.028596015939348
75 11 0.179967100481012
35 72_81 0.0682026332501001
41 37 0.0922024644096126
20 31 0.0001321630222784
7_32 85 0.0820069689959764
80 35 0.0207507960612014
62 90 0.0896258073470589
85 71 0.0154459645342733
23_69_73 37 0.0371271502531368
76 3_6_14_18 0.0363504909583231
80 74 0.0055825578685874
24 8_44 0.0492414580263985
78 11 0.034691353176608
13_43 85 0.158249475779044
54 80 0.219595330229073
82 50 0.141509762822293
24 2_12_19 0.340142799863107
82 88 0.0281781932122571
35 18 0.0015968854583169
68_86 31 0.0034337493184392
3_6_14_18 22_39_58 0.0350644144863235
68_86 18 0.143823239427447
42 3_6_14_18 -0.0053635689138485
65 23_69_73 0.0528710979024373
84 3_6_14_18 0.0742214600475671
41 10_27 0.0169902987757534
90 31 0.0186307864289689
80 87 0.115090601101475
67 22_39_58 -0.0420664640215952
33 67 0.0052462443320919
71 89 -0.0173011370631694
74 78 0.0930474989131934
87 68_86 0.0875149811038559
68_86 37 0.0480228013149041
88 78 0.0127949618755667
13_43 56 0.0516019099920885
7_32 71 0.0176163119159581
47 15_57 0.0368365156256636
22_39_58 65 -0.0754803165306283
65 75 0.125228927555788
8_44 9_45_55_59 0.0875188585603425
20 3_6_14_18 0.152603307385329
53 54 0.0029576959922199
7_32 2_12_19 0.13712049437007
41 85 0.170990173568133
87 17 0.0684726783214556
88 35 0.0312316069586715
29_36_52_63 78 -0.0075427444588686
64 87 0.0282080489803072
54 75 0.0028239477211087
87 4_5_28_38_46 0.0022843073988302
41 74 0.0074718089671275
87 56 0.007701669209634
68_86 78 0.0461097853927009
24 7_32 0.149537379207738
64 82 0.093508208032157
40 68_86 0.0672102096649154
54 90 0.122473132626167
42 91 -0.0726954314703535
35 68_86 0.0220371905999672
82 87 0.135122135853925
40 10_27 0.028384457771692
47 88 0.0018572378665257
29_36_52_63 17 -0.0215901394426617
35 37 0.0305642312784644
42 8_44 0.0276461155674546
64 66 0.0413277002860891
2_12_19 34 0.0150079923422665
17 50 0.0080227460864709
85 72_81 0.0202268492863677
71 87 0.0305127325028045
74 31 0.0083160498461086
18 56 0.137897521005715
82 10_27 0.0218629247078903
13_43 74 0.0143644437363551
54 34 0.0786098950437001
8_44 17 0.0156045480611237
30 33 0.0663055428604697
41 9_45_55_59 0.010486133880366
50 37 0.0354080660674773
91 75 0.0228700000227444
41 77 0.0169157406481733
30 77 0.135058530387363
42 71 0.16847252095176
67 15_57 0.104746860971457
50 56 0.0035285555176351
23_69_73 31 0.282021357394182
47 24 0.0174639588182349
80 9_45_55_59 0.0313417877535066
80 78 0.00948627786674
47 31 0.0037893861796401
54 62 0.193199938202021
71 67 0.122348118385104
87 11 0.0221205784502074
67 31 0.0263988061962595
20 50 0.0074302072685424
13_43 10_27 0.0038471961865683
