0 292
2 688
1998 1112
3 599
1997 1654
4 1575
1996 1104
1995 1336
6 95
1994 1525
7 631
1993 1185
8 1974
1992 948
1991 938
10 25
1990 978
178 1652
375 1168
952 1656
859 663
37 299
767 328
1045 702
1344 1008
1582 109
1 1845
5 440
9 1207
1603 1236
1237 1902
800 315
289 1258
1049 748
1384 502
174 873
11 216
1717 148
1422 8
79 1312
245 1305
750 916
1999 803
12 246
13 1658
49 834
960 541
157 1103
1527 1172
14 890
1098 264
1766 456
734 986
865 1964
1466 238
1294 1539
252 1400
123 1716
886 1507
411 1417
654 12
15 34
1812 1726
1286 282
565 1099
658 1713
107 475
1088 726
1242 1460
1665 1391
232 385
16 1459
106 1016
104 52
821 1311
1150 1563
335 402
470 190
1437 1634
17 1077
690 1407
257 1191
1900 1901
1547 1487
28 288
1137 161
377 565
949 359
35 885
1667 1492
290 1408
1103 1706
1728 940
1852 1348
410 1981
1712 679
1111 544
464 1363
18 956
1478 1938
703 686
188 1457
1913 1906
19 705
20 399
1855 110
236 117
1646 933
25 1187
1167 510
1948 9
21 80
841 306
941 1126
43 1184
233 72
1783 1394
1972 1023
1223 872
1510 1318
540 572
112 1381
384 1782
342 1946
893 1291
22 340
23 1627
847 1198
725 368
1353 1397
896 1889
970 20
784 954
24 995
1499 1688
1989 1323
762 1961
575 1591
1332 1372
1757 1785
1082 1886
1987 1920
262 931
1334 1385
26 1932
738 559
778 1890
226 1032
998 1055
301 410
27 846
291 1345
1708 740
1509 121
1649 645
1409 1200
552 857
1856 136
711 165
1615 1975
353 273
691 1644
1863 1950
1866 1007
818 1849
722 1409
320 442
698 915
731 1948
953 357
1194 1614
29 609
30 1144
1791 1955
494 926
1431 1611
1183 1003
1215 912
31 1497
1371 1098
1087 1927
906 1277
740 1238
284 1038
1836 354
32 1737
436 1869
1689 946
1419 898
1112 113
373 1750
1693 970
33 1085
624 262
1326 1841
1661 107
220 269
704 164
907 1502
1195 1219
1169 1476
1641 652
192 1596
1825 93
1961 927
1037 1669
1126 435
139 558
923 1367
1007 895
1251 1587
811 1653
1011 1073
1226 1290
1068 967
36 377
212 1944
795 1715
1418 545
888 138
1398 1034
1034 1681
48 1306
1156 1876
1488 921
1781 535
1522 1931
227 900
1127 566
1932 438
1629 573
308 1735
1915 43
1922 796
514 1958
34 397
38 261
39 1518
525 1415
679 19
684 1767
1771 1988
1828 57
1094 1721
1252 1286
443 689
607 1362
769 96
672 1298
40 274
41 1281
1638 1418
82 348
1013 1911
42 1606
1980 63
1944 1216
1831 1554
92 37
173 945
1363 1542
1263 1865
781 1690
1640 341
254 1510
44 819
93 600
242 1150
279 1041
1244 1999
45 841
455 824
807 1379
1385 195
1752 1522
441 1732
543 1108
1614 1202
46 1410
869 338
596 1511
1451 1440
1179 1350
465 1625
1622 174
1619 1263
47 1331
389 313
181 294
1276 1010
1173 1896
198 197
752 1382
533 1777
741 1801
1928 998
1158 787
1897 1093
1494 962
1810 1683
838 973
1596 833
50 226
1544 692
885 539
1891 1564
938 233
1278 433
1975 1817
1690 949
1974 1084
619 1807
1612 1433
51 222
52 540
1720 530
53 467
997 800
1302 1199
1696 856
1701 627
625 484
745 1406
1467 1293
1895 698
1642 0
1085 1550
1656 813
80 1720
137 1355
1178 1516
1025 1982
848 145
55 91
1687 15
1724 794
96 543
1973 994
1243 325
1012 1574
755 1664
54 757
56 382
393 1836
742 1923
1659 1909
196 917
957 462
1731 928
1686 784
1317 1353
57 1300
878 200
868 546
721 1736
810 557
1516 1466
1400 427
753 1380
58 334
77 1441
894 701
1877 1745
366 1592
758 1797
59 214
258 611
1744 1435
760 1978
259 1692
60 45
1879 597
1200 1824
1035 394
317 375
1285 1951
850 393
1351 1052
61 412
1573 1489
132 1854
611 1456
1876 951
62 936
63 1965
253 363
379 1802
1898 1411
936 1279
1147 552
199 516
477 1152
474 1546
616 1674
1849 988
1216 685
64 1871
65 1696
66 1701
481 276
1788 1395
1271 1221
67 1251
627 82
1247 1897
805 937
1180 1057
1378 1175
1813 793
1830 1831
573 1555
68 1572
69 186
589 1754
1962 891
1858 317
1685 4
1515 567
554 1814
191 1213
1009 523
1323 387
1377 1739
70 1361
71 1790
1776 106
86 1091
72 270
1233 1190
1433 1338
1610 1786
520 1756
1234 1124
948 1992
1307 1272
88 633
321 760
1052 1649
73 1302
990 361
341 666
642 786
881 1359
1490 476
74 422
913 1499
1977 327
75 1867
1095 1748
246 1621
1152 817
1868 961
1184 10
756 754
1597 918
76 1607
1805 346
772 1491
1379 1228
713 504
1843 901
1413 896
78 46
275 1189
1779 1218
521 613
1010 1941
1703 40
1749 1296
1580 1369
336 220
424 1749
877 1474
1148 1438
1636 724
943 587
1934 662
1356 1892
1511 762
167 1922
81 879
1676 223
1802 1026
1981 498
889 1825
1000 1593
1401 386
83 1874
1264 773
1219 777
548 561
263 1477
85 882
727 1648
1113 1245
459 768
1125 858
924 585
368 972
473 53
84 1239
1842 594
1521 11
1078 146
256 116
1001 461
1027 103
1838 500
154 1180
1145 1402
352 1015
1283 1940
418 1427
429 1405
1288 418
87 522
1097 172
608 647
1834 1562
1513 163
1417 1273
1738 1154
917 1042
1976 347
1627 344
1735 275
1926 1257
90 691
1506 1887
1672 1389
966 1936
1472 441
89 1573
91 788
736 1665
1172 1640
183 848
1818 1153
1524 1468
660 27
1917 1921
1919 335
1193 520
1236 1908
142 1121
1426 1601
967 953
879 1115
551 1787
141 32
146 658
707 1741
1971 877
299 1137
95 974
1044 343
692 1742
747 320
1539 855
94 473
1662 29
1955 1123
1428 1527
414 1024
1408 1206
890 464
1084 482
1129 272
207 1501
1546 1791
839 1080
1881 1256
97 105
98 1957
1670 126
1067 1687
1246 583
1529 675
640 486
1005 1386
1943 1376
99 899
359 1309
570 670
744 182
442 1209
1229 210
1086 1882
101 1764
1727 1578
1940 1493
799 349
1793 632
100 863
1381 185
944 772
102 852
1623 143
798 392
880 1259
1745 511
1240 30
103 981
160 780
1710 1396
1871 337
1657 490
445 194
364 1660
621 1165
147 930
1189 253
897 378
912 1783
1790 296
105 1775
214 1702
1954 1004
1399 1420
469 728
836 958
1128 980
428 1663
1254 1561
858 860
1569 491
1224 291
435 1155
1055 1017
1161 242
1648 1419
1549 479
1600 239
813 1179
1118 1636
1425 1966
108 519
109 250
1799 1278
1046 635
853 350
273 792
425 28
218 1731
296 1357
985 826
1066 1655
110 766
111 1987
1383 1813
502 1283
962 607
1541 1519
1457 739
793 1285
860 207
113 409
1104 580
536 309
749 1506
114 1796
244 775
1517 196
360 1755
801 804
733 495
1778 50
567 1723
338 1717
125 1120
701 862
1107 18
1637 682
115 782
1691 1054
842 798
1339 602
939 493
585 717
116 1778
117 1873
791 41
269 668
1564 783
118 268
278 1863
776 1090
1370 612
345 1759
846 542
119 47
387 1463
729 1864
991 868
715 1079
1705 404
934 1005
120 1332
921 756
1404 989
238 843
1755 1691
121 49
1114 512
1140 1320
369 1193
892 92
122 592
1591 667
155 1588
669 487
1688 1708
981 1086
706 1707
124 637
1474 588
1217 564
138 676
1851 867
1537 1856
1620 1738
1483 318
1221 454
814 1469
1920 1866
1784 474
126 629
1225 532
1651 1521
448 789
127 720
665 509
1023 1049
600 1526
726 1432
1574 189
605 1163
1774 1447
561 880
1758 1423
128 39
129 419
895 193
1930 985
1176 1712
1250 1584
1386 444
130 1589
1024 1947
1199 1918
815 1156
303 1437
1523 1903
1487 322
1773 608
1552 78
486 1445
751 555
694 1924
1175 224
131 212
613 616
1444 591
1496 1623
1367 1429
133 850
316 923
1162 1531
1570 488
134 263
556 816
324 878
1306 1316
908 1109
135 1071
328 1774
476 1330
1432 840
1748 370
136 914
1815 992
851 854
1967 168
298 501
1345 1066
978 1149
1880 952
1782 984
1390 744
403 1339
922 934
649 1373
1706 1347
716 1544
140 285
1910 847
770 1483
475 1830
1017 864
1699 1095
564 1821
1850 996
835 211
1982 1292
305 1677
728 1500
1504 738
1931 1768
549 975
501 31
1832 425
277 1822
1935 586
1239 243
1739 74
1753 1977
1081 590
216 524
1249 1784
1062 1252
143 785
144 1548
916 1341
1135 640
1298 1358
1083 684
1021 1475
145 694
1318 257
423 1600
331 1848
200 1752
1421 742
151 65
675 1162
1588 1294
1942 1037
968 1064
148 153
149 1047
1951 436
1228 1684
873 1515
150 729
1324 1088
1939 1229
1287 471
954 1105
169 123
420 1280
444 1210
152 697
1186 911
153 267
1057 1651
383 310
1492 151
557 1916
1102 129
1586 808
1886 1215
243 379
260 278
1554 1208
156 70
542 160
780 1943
1157 503
1149 514
969 1891
462 1222
857 147
1872 529
1860 1076
1682 1503
194 1976
1453 1131
963 1107
1674 457
1026 601
1484 1337
1794 453
488 1986
1854 1744
159 1858
1806 1039
478 1233
376 1547
1458 1295
158 1289
161 1081
645 1565
1760 1743
975 1019
1595 828
1625 1446
560 618
1465 118
162 1117
221 1472
1177 1169
1763 1697
163 187
164 477
1532 1242
1256 465
592 950
165 527
1803 859
875 579
433 979
166 892
261 1401
1795 869
350 893
1058 166
636 875
1946 1672
702 1254
1203 175
1820 450
1811 1014
1885 1127
1144 245
1598 1075
168 169
406 497
1491 280
1497 1912
977 1237
528 752
1321 314
547 674
493 1130
171 1666
1338 977
1036 997
479 1954
1653 1934
1840 1188
1792 1962
202 1053
170 1995
1945 1689
223 1746
1402 628
837 1878
172 259
545 799
826 935
971 64
1543 596
271 1134
1555 373
370 517
374 443
558 883
176 472
995 562
761 677
1563 1859
504 1823
177 1140
1823 1641
1630 124
1697 1842
175 673
1655 1761
1801 1313
827 162
863 735
635 1599
314 171
1988 329
179 1260
915 84
1562 1638
180 715
1893 1224
1136 277
911 1650
816 1805
285 1870
286 907
1299 219
182 271
1473 1913
606 376
1912 353
1141 1033
1397 1558
898 1276
1800 449
1380 13
1445 1629
512 1011
1389 1972
1480 610
615 725
1301 1613
559 1164
1032 1508
185 177
1968 669
1202 582
187 832
779 741
861 1719
628 1725
1683 1094
184 1262
186 1804
817 122
355 593
516 651
189 1128
1006 1810
1572 699
1786 51
1732 298
1889 626
1785 1840
190 408
1296 1571
700 468
1857 790
1153 1069
872 1159
193 215
313 924
1214 838
1824 1392
204 983
862 1416
1833 648
195 1035
1559 1837
951 1205
201 656
1796 1029
1780 167
1031 203
197 1183
919 1730
759 281
1110 708
1073 295
576 1661
354 1984
610 1877
1909 554
1827 1167
1958 481
825 1083
905 690
1936 390
365 1994
1033 1576
651 749
933 1212
1587 736
1352 218
505 822
1633 818
980 1769
203 352
983 1838
824 1453
671 1773
1767 1930
1960 547
205 415
1109 1227
1220 1414
340 1568
958 345
792 716
532 321
763 290
686 1680
206 1812
280 460
1916 1462
1713 1898
208 987
623 1110
209 764
1485 1590
1970 356
1581 369
1507 225
1609 528
371 1605
300 384
484 234
538 398
1300 1495
1423 734
211 1643
287 750
1442 1935
639 1018
210 849
647 213
577 908
499 1583
1260 1310
831 791
213 1880
1188 888
1056 1146
1602 423
641 1969
1741 1789
992 437
531 1089
1355 198
217 1265
395 1662
790 839
1589 1832
219 1325
518 1659
490 947
796 887
1952 1959
852 1139
215 1997
1096 606
788 1045
1268 605
222 1494
534 829
1030 14
272 837
1205 732
1449 1815
1476 1679
926 836
574 149
229 5
339 1431
471 693
1584 1141
225 1129
1305 526
964 835
1048 1698
224 420
947 312
1862 1619
1174 743
1303 763
845 339
228 342
399 311
1253 7
1461 448
1218 1919
982 551
1647 617
1772 1967
1526 1122
1388 1364
1382 1171
925 620
230 703
467 360
247 120
927 1604
231 179
1080 814
920 944
1272 1243
662 231
318 1343
463 86
234 26
1454 1201
274 1267
1821 131
1206 365
235 17
1119 1580
1412 548
1358 1025
1015 1780
329 1166
594 659
988 634
309 531
1155 1194
237 807
1369 1102
1459 287
1429 367
1903 1895
638 1204
1503 1388
239 252
240 302
583 1434
1312 1646
241 183
1645 38
900 1275
468 1579
1275 1244
972 1299
1684 1413
1530 821
903 411
1558 1247
1762 85
783 1881
1761 237
1420 657
1396 1758
866 1668
1477 1993
1719 1566
976 227
1907 1853
248 871
1038 1
400 1615
677 90
891 1828
1966 1225
1639 1308
1816 1857
249 639
1694 963
1743 336
250 16
426 1282
1325 1315
1611 1481
351 1001
251 811
737 417
1721 205
844 712
1826 469
1047 1770
302 655
1829 362
297 429
407 721
255 920
1754 730
378 83
1054 1595
1716 1850
719 366
1978 1952
1315 1439
595 1624
380 156
267 1319
1870 413
1040 1040
578 184
1984 1884
1395 1043
999 1622
637 1403
1279 59
993 1835
676 827
1869 1328
1322 820
546 155
601 1266
503 1860
1486 1839
1918 119
1844 695
1258 1724
264 537
265 192
388 403
266 719
307 1022
1168 176
705 999
1902 556
268 513
282 1915
1681 1517
356 1733
1441 54
979 1803
994 1253
270 42
1963 1960
1212 709
367 1900
1008 1970
956 939
603 842
1455 1577
276 1549
1663 217
1531 1540
1340 1461
626 801
1590 584
1798 802
1362 61
746 1570
315 765
1718 112
579 505
480 1983
1577 521
281 1673
876 1448
1122 1536
1196 1203
693 1608
1436 1632
1213 991
1372 1811
1475 1027
1533 795
283 248
1041 1147
1933 1776
1551 1482
1723 1393
1607 137
599 1686
1964 1700
712 767
787 1384
644 603
843 144
688 60
1065 1119
1262 389
288 284
292 563
1671 89
597 1617
1424 1711
571 1772
294 1450
293 1412
1341 128
295 955
1201 1174
1550 1996
918 202
937 99
1297 577
1463 1532
1108 680
1626 553
828 1904
1456 758
945 33
310 906
323 1068
409 1000
1368 1929
1768 111
408 964
325 1535
1965 753
1016 94
1775 1685
1878 1872
1644 1798
306 1899
1079 1142
867 1297
346 135
304 1610
438 75
883 188
431 646
1512 139
506 1390
1950 1160
1043 395
1737 181
856 1133
1333 1324
496 1269
1337 636
491 230
1759 1628
311 1553
312 506
720 305
1924 1630
1311 1354
766 1722
482 1360
1652 1013
1704 466
1750 1036
1613 76
511 1524
602 1682
1197 279
1403 1485
659 480
1534 133
319 1426
673 1092
513 1520
914 569
1154 1223
326 1734
580 589
1894 483
1020 494
1407 439
322 1788
397 1556
1817 1852
1777 358
451 861
1956 619
1115 1834
723 681
1261 1509
1074 229
398 1820
754 1545
327 1490
630 391
330 208
1101 1883
1867 576
332 905
1051 1781
1267 700
1447 1905
1628 706
333 88
929 1371
1440 1170
1540 574
334 154
1231 289
757 1274
588 714
666 1422
1561 1344
1471 1603
1624 1195
337 1639
617 1421
1859 909
446 1196
650 1270
1722 1087
581 1135
343 266
1711 1304
344 1765
1479 254
681 23
1309 1567
950 1537
1567 1928
1131 140
1702 1541
1280 114
363 812
347 1855
1464 538
1734 380
1501 957
802 1250
348 1885
1204 191
386 67
855 1145
349 1635
1092 1220
1733 319
1566 283
1075 447
909 241
1901 400
381 125
1616 1058
959 683
1841 421
887 308
357 127
358 1464
1846 650
1117 976
1211 1114
1266 969
1069 1751
1508 823
524 1436
663 622
1460 1342
1077 1217
361 22
1929 1370
362 550
1439 707
598 130
497 445
417 1560
1452 759
1443 549
996 204
526 1917
643 1455
449 1529
1164 770
1350 507
1949 265
832 66
1450 1235
1519 1248
1847 426
372 1747
507 1667
1959 1261
1837 1458
932 1693
1106 1241
510 405
709 434
508 1631
901 1465
1983 1211
1528 1695
1822 1050
382 1827
1342 297
385 737
1556 672
1366 1762
1003 430
1360 326
1668 232
517 1699
735 1186
390 1404
830 1914
391 1861
392 1268
1241 1484
1100 1322
1789 1826
823 595
1270 324
394 1051
396 1718
1089 1351
1905 1543
1726 1637
1698 578
1808 258
1865 1473
1787 1586
1090 1288
401 830
1121 1255
631 664
864 152
1319 1181
402 1657
1138 55
1448 653
1105 1096
674 1303
569 696
794 414
1255 407
404 1771
775 1939
1985 1214
743 687
405 723
1715 48
1887 141
440 1514
412 432
1364 1760
685 623
413 1926
1349 913
1374 209
648 1945
415 1352
1679 1430
586 853
730 1569
833 1991
1181 722
498 1399
416 1366
1835 874
1495 1138
1979 568
419 451
421 959
450 1559
1542 235
572 1375
422 990
1747 746
849 247
1142 805
427 100
1797 332
687 1335
1678 1585
1387 1356
1669 1594
804 806
1634 1582
430 1727
1514 499
432 894
1769 24
587 2
434 533
1257 919
1770 825
437 1626
930 478
1123 1847
809 1633
439 570
1427 1317
1245 831
870 1794
1029 560
812 459
714 1178
1331 865
1468 1937
447 922
652 638
541 1795
1947 581
1222 1264
1986 134
1070 1374
452 1875
453 1116
1498 1557
1192 1616
454 1714
456 1538
553 1231
622 142
1874 301
1730 1097
457 1806
1481 844
460 303
1864 1387
1518 779
708 1113
973 1046
458 1779
461 1334
485 1862
1274 463
765 525
1906 1523
884 1793
1594 1161
466 1598
1361 331
1064 396
871 1470
940 769
472 355
633 98
668 534
1575 62
1277 1301
1579 1973
1725 1012
661 1710
1209 671
1022 1249
1565 1240
785 1074
1941 1176
1273 36
483 932
1892 293
523 1002
1171 731
739 575
1259 1763
487 1377
489 1398
1284 1893
492 489
1238 255
1585 1597
495 1513
1050 1424
1908 1070
1814 416
519 810
984 1340
500 1800
1133 751
1736 1647
529 1061
1165 1327
1232 1326
1911 797
582 1271
1904 733
544 1505
1014 965
1039 876
509 1819
530 1232
1583 665
782 649
1061 1833
515 745
563 1808
1746 1486
1293 249
1604 1894
1227 108
1927 300
522 115
935 1480
1406 866
1063 1383
527 97
609 1612
670 1449
697 1642
1680 1177
1666 897
1505 383
1394 286
535 644
537 1234
1593 372
1553 374
539 1368
1210 1851
634 809
1376 173
808 1106
584 428
1343 642
1329 1910
550 1451
1493 1378
680 903
1335 881
1143 1118
1354 1365
555 221
1059 713
568 1728
1765 330
1414 884
1411 515
1348 1670
562 180
566 1060
1292 1078
1617 776
1187 943
1281 1100
1938 1321
1365 747
1675 536
1848 228
1658 1809
803 1428
806 621
946 704
942 251
1502 815
612 641
1151 178
1435 1925
789 1676
1282 1067
590 424
591 1479
593 904
820 492
773 1675
1295 388
1130 1496
786 1471
604 851
840 1989
1182 1949
1545 1425
1535 1443
1548 661
1146 1843
1751 1442
768 1971
1921 774
614 1346
1159 1581
1654 1230
904 1816
1269 6
1489 470
664 643
618 886
620 761
1482 1444
1804 159
1290 1846
629 71
1635 1704
1430 81
1328 1125
1882 1192
1520 1740
1163 1671
1632 1333
632 69
656 925
1953 35
974 615
653 485
1890 1062
1316 1953
1888 1467
1004 316
1357 625
646 654
1446 598
1336 406
710 1942
1028 1136
1538 1534
1875 929
655 1151
1139 446
1327 1533
657 1072
699 1158
1664 1065
1845 455
1099 960
667 1056
1330 1030
1166 77
1375 458
1695 1990
1438 727
1599 1753
678 624
1462 902
931 452
682 1157
1601 678
683 1956
822 1504
1839 660
1560 73
989 1082
774 1907
1160 158
732 1703
1470 201
1434 1602
689 44
928 781
1346 1829
718 1006
695 1552
696 307
1308 3
874 304
1314 1452
1557 870
1742 1148
1643 244
717 1757
724 1609
1925 87
1969 56
910 206
987 1933
1873 1059
1707 1792
1134 1766
1310 1528
1650 381
1883 966
1807 604
965 1551
829 1028
1170 1307
748 1818
1571 1705
1809 431
797 1530
1120 1044
1576 845
1608 971
1116 58
1606 993
1923 1980
1764 1182
1230 199
1304 1620
764 1454
771 1879
854 1729
1568 1979
777 1132
1914 711
961 942
1373 68
1410 1968
1093 1963
1416 889
1391 778
1208 1063
1677 614
1265 1020
1896 1021
1469 333
1359 150
819 1246
1248 968
1714 1709
1124 771
1578 1284
834 101
1819 1173
1592 1101
1536 260
1207 1498
1673 1226
1002 1314
882 1512
1132 1645
899 718
1660 132
902 1478
1071 910
1631 982
1392 240
1053 256
955 1985
1899 102
1525 1618
1756 79
1740 755
1019 1998
1291 1868
1393 710
1853 1888
986 371
1605 1694
1500 364
1313 1009
1700 1844
1076 1287
1018 323
1072 630
1861 21
1185 1488
1884 170
1042 401
1060 104
1198 157
1415 1799
1235 941
1091 1111
1320 1329
1289 351
1190 1349
1191 1048
1709 236
1692 1678
1347 1031
1405 1143
1957 518
1618 571
1621 1197
1729 496
1937 508
