9952 10596
10713 11252
10036 10908
11427 10331
10450 9816
9859 11099
10449 11058
9966 10649
11208 11354
10287 10500
9718 10128
10178 10527
11138 10909
10812 9850
11074 9735
10261 10767
10314 10977
9915 11070
10897 10304
10300 10982
11061 11464
10179 9837
10244 10207
10354 10006
11173 10677
10221 10025
10031 10827
10440 11103
10006 9827
9858 10275
10034 9861
9861 10439
10660 9955
10057 11243
10452 10268
11263 10410
9995 9768
11516 11511
11227 10079
10024 10913
11007 10812
10288 11479
10439 10515
10913 9721
11268 9868
11485 10065
11303 10936
9799 9960
11008 10385
10264 10103
10168 10228
10742 10625
10064 11211
10698 10778
9947 9995
11228 9812
10744 10678
10482 10114
10796 10290
10884 9736
9964 11197
11174 10255
11337 9786
10109 10426
10126 10070
10077 10871
10066 11522
10414 10784
11366 11222
11508 11206
10822 10263
11060 10533
11036 11138
11191 11136
11247 10136
11406 11257
10110 10959
9923 10655
9840 10318
10804 10709
10015 10333
10753 10733
10005 10805
10447 11402
10331 11283
10950 10457
10410 10570
11052 10159
11356 9951
10949 9834
11147 11432
9975 10732
10820 9971
10634 11263
11079 11331
9879 10280
11382 10738
10866 10147
10865 11127
11033 10409
10446 10866
10964 11373
11395 10481
10724 10740
9746 11322
10801 11240
10418 11485
10201 10704
10202 10396
11439 10465
9887 10540
11141 9813
10174 10751
10770 11096
9992 11294
10475 10020
9938 9980
9830 9911
10370 10380
10384 9902
10377 11454
10187 10158
10863 10633
10198 9994
11167 10789
11160 10365
10914 10042
9903 9872
11314 10415
10789 11384
10993 10175
10195 10837
10149 9859
9991 10711
10885 11095
11415 10950
11123 10958
11536 9762
10827 10400
10402 10722
9771 11482
10607 11241
10361 10137
11359 9931
11417 10130
10890 10777
9962 11261
11028 10535
10694 11148
11433 10286
10732 10018
9965 10885
11131 10251
11471 11421
9872 11397
10130 10851
10304 11190
10674 11316
11129 10302
10004 10962
11010 11174
10763 10948
10766 10039
10958 10855
10134 9814
11457 10497
10379 10940
10309 10890
10867 11123
10194 10384
10840 10848
10155 9716
10436 10836
9757 10307
11101 11087
10324 9942
10362 10657
11152 10730
10936 10581
11233 9892
10094 11036
10323 10066
10578 9969
10421 10639
10617 10753
10599 10377
9910 9973
10320 10897
11241 11196
10853 10607
9922 9860
10545 11358
11496 10404
10565 10887
10073 11425
10216 9910
10065 10763
11014 10980
11015 10414
10605 10490
10903 11017
10966 10846
11410 10526
10977 10808
10039 11508
10495 10372
10887 11018
10090 10617
10554 10926
10070 10033
9955 10155
11121 10192
9724 10499
10242 11152
10478 11372
10241 10093
10988 10881
10474 11203
10114 10309
9835 10725
11391 11114
11384 10984
10471 10780
11308 11221
10171 10865
10197 11463
10984 9840
10783 10839
11336 10493
10678 10502
10076 11350
10084 11326
9798 10071
11335 10326
10451 10038
11418 10724
10366 11493
11376 9918
10590 10295
10236 10012
10071 11032
10566 11533
10550 10447
11489 10752
9838 10043
10975 10329
11051 11063
11494 10787
10060 10875
10307 9856
10810 10427
11523 11355
10948 10562
10693 10345
11392 9826
9767 10436
10728 11128
10251 10300
11532 11352
11158 11366
10268 10769
11207 9833
10739 11134
10780 10719
11470 10979
10703 10893
10295 10102
10567 9809
10602 10810
10957 11336
10280 10776
9907 9879
9895 11180
10456 10690
10585 11149
10385 10062
10206 10900
11224 11090
10062 11512
11511 10775
10945 10250
10237 11153
11463 11089
10632 10085
10445 11139
10729 10945
11269 10298
10476 11256
11092 10844
10212 10975
9723 9983
10873 11145
10444 10152
9848 10261
11323 9756
9968 11434
10096 10645
10870 11368
10968 9888
11105 11398
10256 10631
11357 11383
10886 10032
10152 10578
10275 10813
11041 10417
10372 11192
11316 10641
10589 10097
9837 9829
9960 10283
10857 10924
9945 10347
9755 10212
10033 10355
9810 11268
9812 10894
10113 10546
10909 10854
10730 11314
11243 10505
10319 9846
10646 11015
11000 11524
10443 10232
10276 9815
10768 10053
11145 11273
11190 10682
10303 9819
11189 10862
11466 10987
11432 10416
9765 11440
10711 10816
10453 10757
10805 10376
11124 10903
11305 11475
10665 10819
10289 10686
11239 11266
9769 10168
11234 9748
11215 11340
10021 9866
11358 11446
9770 11105
10032 11523
11347 10165
11130 10202
11266 10477
10093 9917
11426 9746
11500 9780
11122 9919
10596 10621
10030 10494
10923 10008
10618 10040
10279 11178
10072 10670
10144 9838
11083 11334
10849 11439
11502 10016
10461 9755
11464 10144
9999 9937
10360 10658
10888 10287
10135 10424
11300 10907
11192 10674
9738 11028
9911 10348
10355 10077
10330 9922
10976 11300
10637 10397
9877 11489
9850 9993
10306 10681
10422 9966
10085 9842
9993 10174
9752 10781
10522 10195
10095 11323
10917 11198
11504 10134
10963 11332
10115 10336
9855 11171
10175 10891
11477 11418
9809 11041
10864 10584
9899 10398
9815 10832
10700 10115
9987 11394
10479 11516
10430 11167
10594 10247
11084 10243
10025 10669
11177 9978
11260 10362
10704 9730
10363 9889
10325 10961
10391 10520
11170 9832
11029 11215
10544 11147
10022 10095
10397 10768
11265 11337
10214 10482
10746 11007
11180 10859
10466 10444
11013 10567
10613 9946
11078 10731
9925 11346
10778 10522
10894 10190
10752 10179
11126 10382
11372 10993
9873 11501
10380 9887
11057 10735
10116 10057
10686 9779
10581 11248
10574 11228
9982 10554
9931 11265
10387 10564
9774 9992
11461 10069
10670 10435
10902 11260
10473 10715
11185 10798
10546 9724
10020 10064
11001 10788
11296 9965
10844 10156
10527 10288
10892 10256
11220 11244
9829 10296
11063 9865
10400 10599
11143 10308
10779 9810
10593 11207
10494 10826
11362 10496
11416 9985
9941 11034
10722 10194
10708 9997
9897 10684
11048 11311
9928 10585
10876 11071
11071 9818
11072 10183
10799 10234
9898 10113
11397 9970
11287 10080
10079 10052
10067 10017
11161 9954
10673 10035
10750 11254
10927 10873
9839 10111
11049 10615
10207 11186
9853 11270
10705 11008
10373 10028
10847 10555
11149 10389
9920 11420
10828 9734
10915 9934
10003 10021
9963 10755
10891 11168
10063 10002
10839 11051
9788 9727
10526 11217
11128 11264
11277 11409
9751 11395
10193 10182
11481 10589
10555 10547
10603 10356
10721 10450
11096 10576
10677 9949
11294 11357
11455 10968
10809 11491
9924 10456
10946 10560
10570 10938
10772 10538
10786 10419
10651 9743
10487 11442
11075 10794
10907 10324
11354 10125
10564 11419
10204 10379
11360 9999
10250 11362
11168 11258
10460 10729
11255 10189
10695 9947
10528 9830
11031 9760
11030 9757
10954 10198
11378 10312
10108 9718
10795 10236
9852 10766
10111 11477
9813 10272
11261 10896
9981 10463
9740 11387
11311 10446
10657 9802
9865 11005
9778 11305
11089 10360
10150 10712
10557 9900
10192 9925
10225 11417
11165 10277
9816 10575
9841 11182
10826 10216
10597 10804
11512 11048
11425 10847
11509 10692
11520 10600
9985 10529
10505 11082
10312 9855
10481 10922
9734 11267
10725 9975
10365 10840
11140 9895
11299 11406
10055 9750
10717 10443
10332 11179
10606 10045
11293 10744
11117 11429
10016 11052
10052 10201
9906 10954
10784 10366
11150 10063
11483 9731
10881 10390
11352 10412
10053 10030
10292 10957
9921 10593
10490 11247
9736 10884
10282 10986
11232 10561
10147 9920
10631 11140
10420 9725
10102 9958
9973 11515
9731 11118
11222 11518
10563 10178
10641 11301
11264 10783
11162 11286
11156 11329
10019 10031
11042 10743
10749 10630
10265 9776
11171 10550
11479 10123
10601 10253
9918 10371
10533 10167
10308 10648
11244 10637
11409 10864
10000 10301
11088 9901
10615 10831
9854 10904
10905 10193
11343 10177
11373 11039
11157 9867
11393 11379
10904 10316
11217 11088
10205 10868
9934 11426
10532 10118
9729 10067
9730 10654
10947 11455
11144 10750
10364 10604
9842 11500
10736 10694
11146 11412
10983 9853
11038 10653
9954 11083
9983 9775
10831 10930
9846 10758
11186 9909
10427 10524
11487 11012
9732 11376
11252 10394
11178 10257
10105 11478
10448 11502
11034 11038
10037 11037
9868 10662
10690 10151
10941 9854
10477 9773
10889 10999
9932 11053
10334 10472
10859 10074
11290 9972
10845 10453
11153 9871
10664 9989
9888 11410
10146 10076
9909 9811
11355 10685
10208 9798
10619 10334
10871 11538
10441 11239
11454 10149
11403 11107
10819 11234
10798 10487
11283 11392
9926 10531
11248 10632
10348 10920
9750 10005
10735 10126
10761 11403
9796 10217
9826 10321
11429 10532
10560 11401
10687 10075
11127 9801
9979 11067
11256 11290
11097 10939
10211 10048
10347 10976
10604 9976
11166 10187
10345 11187
10038 11050
10013 9928
10181 9847
10321 9941
11334 11013
9917 10835
10738 9864
10961 9738
11332 9979
10765 11449
10272 10258
11058 10327
9828 10927
9942 11481
9743 10474
9781 11422
11539 10917
10266 10765
10663 11276
11468 11078
10415 10091
10080 10306
9980 10303
10542 11347
10026 11030
9804 9926
10409 10199
10316 10244
10959 11539
10508 10452
10349 10206
10733 10803
10217 10441
9834 10888
10170 10004
11091 10476
10376 10421
10416 9759
9721 10695
9956 10344
10669 10342
10190 10455
10829 10112
11246 10467
11370 11010
9760 9843
10688 9729
10621 9797
10277 9903
11282 10449
11281 9906
10511 10015
10658 10320
10842 11289
10811 11288
10336 10849
11133 10544
10540 10592
10645 11496
10970 11031
10926 10323
10791 10478
11315 11049
9902 10229
10431 11487
10378 10863
10239 10923
11404 10597
11229 11156
11524 10022
10981 10542
10854 10213
9866 11117
11517 11386
10472 10445
10648 10013
11387 10534
11182 10842
11350 10270
11368 9784
10470 10664
10600 11466
10979 11517
10151 10953
11419 10448
10633 11185
10128 10687
10588 10964
10692 10473
11452 10469
10793 10623
10769 10090
9735 9804
10358 11111
9805 11079
10010 11126
10709 10656
9843 11363
10480 11404
10326 10571
10220 9745
11288 9777
10584 9943
11492 10671
10671 10026
10727 10220
11322 10361
10160 10047
10001 10373
9953 10367
10837 11055
10493 11492
10017 10659
10980 10246
10240 11176
10496 10037
10199 10693
10044 10001
10399 11195
10916 10108
10965 10602
11478 10109
10850 11237
10367 10829
11482 10431
10504 9740
11491 11447
10685 10598
11114 10647
11137 10370
10630 11360
10925 11330
10435 10225
10356 11170
9802 11472
10591 11101
10023 10672
11344 10700
11187 10191
10848 10906
11195 11220
10832 11075
10785 10634
10562 9788
10741 10411
11456 10857
11025 10369
9780 10772
9864 11155
9727 11471
10516 9938
11306 11255
10389 9897
9972 10869
11537 11461
9958 11109
10623 11526
10159 10388
9957 10354
11111 10588
10684 10034
10172 10197
10575 9952
10375 11483
11412 9820
10047 9828
10556 10116
10767 10852
10800 11343
10908 10154
9801 10475
10002 10965
11383 10603
11289 10660
10816 11131
10417 10374
10731 10235
11050 11227
9756 11173
11313 9858
9822 11344
11422 10605
11420 10495
10510 10925
11505 11230
10992 10990
11257 11506
10978 11016
10392 10094
10814 10850
11172 11532
11019 10157
9889 10363
9776 11470
11155 10914
10081 10706
10518 10663
11291 10916
10489 9968
11519 11045
11006 11172
9797 11245
9775 10358
11211 10105
10177 11345
10592 10889
11230 10814
9971 10519
10672 10129
10893 10754
10775 10801
10411 11060
9967 11393
11330 10451
11271 9770
10463 11370
11179 10214
10515 10479
10999 10934
10457 10651
9773 10721
10253 10058
11447 10264
10861 10720
9784 9752
11521 10886
11363 10322
10990 11233
10781 10966
11276 10146
10100 11271
10571 11367
11401 11390
11258 10084
10740 10508
10369 11001
10154 11065
11421 11351
9847 10181
10054 10800
10662 11250
11510 9953
10124 10110
11136 10825
11434 10870
10182 10375
10924 10223
10896 11002
11206 11291
11399 9781
10901 11160
10229 9796
10654 11380
10930 10150
10790 10688
10998 11325
10012 11042
9946 10970
11441 9758
11134 11061
10008 10160
9943 10543
10263 9852
10939 10998
10922 11224
10040 11293
10953 10010
10329 10612
10398 10728
10813 10211
11087 9899
10467 10393
11018 10260
11039 11121
10561 11269
10612 10949
10337 10594
11200 10978
11377 9956
11472 10545
10868 9793
10653 10239
11310 10430
10920 10929
10535 9933
11279 10518
10213 10799
10529 10491
9762 11022
10538 10440
11002 11308
10185 10988
10906 10060
10655 10853
10290 10335
9856 10963
10807 11091
11110 10822
10640 10480
10048 11306
10404 11166
10103 10104
11498 10528
11109 9836
10382 10227
10078 10629
10136 11342
9793 11313
9814 11025
10808 10132
9818 9835
10825 11335
9787 10170
11016 10981
10803 11029
11086 11092
10058 10330
11198 10901
10035 10458
9951 10208
9976 10083
9759 10461
10235 11279
9949 9957
9997 10809
11340 10516
10524 10492
10243 10019
11442 9765
11116 11520
9811 10566
10301 10741
11070 11116
11100 10991
10018 10471
9880 9778
9994 11202
10680 11019
11012 10204
10165 10902
10088 10124
10938 10627
10530 10983
9820 11157
11329 11074
10492 11457
10158 10000
9978 10841
11273 9880
9832 9977
10042 9982
10270 11084
11164 11232
10991 10568
9748 11304
10426 11287
11032 10792
10137 11098
10497 10221
10335 9921
11202 10072
11067 9991
10317 10713
10929 9848
9716 10530
10519 11164
10852 10992
10210 10317
10129 11150
11197 11130
9819 9822
11506 10081
10754 10003
10374 11189
10500 10698
10322 11452
10851 9967
10043 10705
11301 11229
10582 10145
11342 9863
10223 9981
10788 11433
11221 10946
10757 11505
11515 11281
10755 10078
9786 10915
10815 11146
9977 11416
10082 11359
10278 10590
10818 10511
9937 10282
10792 10205
11394 10861
10777 11137
10455 10027
10132 11494
10408 9787
11045 10055
11501 10422
11139 10640
10412 11124
11326 10665
10465 11162
10371 10210
11475 10044
10502 10563
9722 11246
10608 10241
10262 10867
10112 11536
10625 11006
10302 10466
11053 11391
10458 11200
11304 10892
11522 10786
10327 11122
10424 10185
10838 11133
10189 10737
10719 10073
11367 9987
9777 10845
10982 9824
11237 10782
10629 10349
9833 10793
10737 11100
10097 10646
10248 10364
10247 10818
9989 10619
11285 10807
9768 9732
10639 11299
11493 9945
10794 11285
10156 10276
10855 11519
11254 10601
9824 11537
11386 11310
9871 9873
11324 10790
10715 10266
10647 11158
11325 10905
9900 10387
10394 9805
10931 10237
11004 11177
10568 9774
10547 10947
10659 10626
10706 10489
11400 11143
10841 10820
10419 10717
10986 10337
10255 9927
10286 11277
10879 10761
10576 9898
10862 10100
10626 9841
10681 10941
11118 11004
11331 11509
11098 10265
11351 11014
11245 11282
9725 10262
10118 9915
11250 10299
10652 10673
9901 10332
11037 10876
9919 11315
10257 10470
9933 11415
10869 11144
10183 10779
10743 10408
10258 10557
9860 10815
11095 9761
10543 11208
10167 9923
10028 10796
9867 11441
11005 10791
11176 10510
10234 10613
10627 11161
10934 9963
10598 10050
10539 10391
10342 10879
11196 11356
11518 11110
10405 10399
11286 11000
10069 10378
11022 10319
11526 9964
11090 11521
10273 10591
10469 11377
10987 10096
11440 9907
10531 11303
10333 9722
10091 10248
11082 10279
10491 10314
11345 10828
10499 10240
9779 10565
11408 10874
11240 10556
10900 10727
10074 10795
9758 10574
11017 9771
11346 11408
10246 10392
11390 10708
10027 10680
11309 10608
11099 10703
10396 10739
10656 11086
10720 10811
10123 11427
9728 11072
10962 9932
10045 10402
10649 10082
10299 9924
9970 9769
11055 10582
10296 10054
10298 10742
10388 10460
11065 11057
10846 11378
9892 11097
11270 10273
9969 11165
11380 10931
10758 11399
10145 10618
11533 9767
9761 11504
10157 11468
10751 10652
10125 10135
9827 11194
10104 11129
10520 10325
10344 11498
10191 9839
10712 9962
11538 10504
10075 10785
11446 10606
10260 10023
9863 9744
10390 10292
10782 9723
11103 10172
10835 10242
11194 10405
10127 9877
10874 11033
11402 11400
10682 10539
10283 9751
10534 10420
11267 10024
10050 10289
10875 10036
11449 11296
10083 10278
10836 11309
11398 10749
10776 10746
10232 10127
10227 11456
9836 11141
10228 10171
11203 11510
9927 11191
11379 9799
10787 10736
10393 10770
10940 11382
11107 9728
11148 11324
9744 10418
10318 10088
9745 10838
